TIME,TEMP,HUM,BATT,LIGHT,NOISE_A,PRESS,CCS811_VOCS,CCS811_ECO2,PM_1,PM_25,PM_10
ISO 8601,C,%,%,Lux,dBA,kPa,ppb,ppm,ug/m3,ug/m3,ug/m3
Time,Temperature,Humidity,Battery,Light,Noise dBA,Barometric pressure,VOC Gas CCS811,eCO2 Gas CCS811,PM 1.0,PM 2.5,PM 10.0
,55,56,10,14,53,58,113,112,89,87,88
2023-09-15T00:00:07Z,23.94,60.85,99,0,31.01,101.71,181.00,1515.00,12,12,12
2023-09-15T00:01:07Z,23.97,60.86,99,0,30.70,101.70,184.00,1519.00,null,null,null
2023-09-15T00:02:07Z,23.96,60.77,99,0,30.08,101.70,184.00,1519.00,null,null,null
2023-09-15T00:03:07Z,23.96,60.79,99,0,30.47,101.70,187.00,1523.00,null,null,null
2023-09-15T00:04:07Z,23.96,60.83,99,0,30.91,101.70,184.00,1519.00,null,null,null
2023-09-15T00:05:07Z,23.94,60.85,99,0,29.63,101.70,190.00,1527.00,13,14,14
2023-09-15T00:06:07Z,23.94,60.89,99,0,30.18,101.70,190.00,1527.00,null,null,null
2023-09-15T00:07:07Z,23.99,60.80,99,0,29.35,101.70,190.00,1527.00,null,null,null
2023-09-15T00:08:07Z,23.96,60.86,99,0,29.38,101.69,190.00,1527.00,null,null,null
2023-09-15T00:09:07Z,23.96,60.89,99,0,29.94,101.69,193.00,1531.00,null,null,null
2023-09-15T00:10:07Z,23.94,60.90,99,0,29.86,101.69,193.00,1531.00,6,6,6
2023-09-15T00:11:07Z,23.96,60.91,99,0,31.28,101.69,196.00,1536.00,null,null,null
2023-09-15T00:12:07Z,23.96,60.90,99,0,30.74,101.69,196.00,1536.00,null,null,null
2023-09-15T00:13:07Z,23.96,60.87,99,0,29.61,101.69,196.00,1536.00,null,null,null
2023-09-15T00:14:07Z,23.94,60.94,99,0,30.80,101.69,196.00,1536.00,null,null,null
2023-09-15T00:15:07Z,23.93,61.01,99,0,30.66,101.69,196.00,1536.00,10,14,14
2023-09-15T00:16:07Z,23.96,61.01,99,0,31.62,101.69,199.00,1540.00,null,null,null
2023-09-15T00:17:07Z,23.97,60.96,99,0,33.16,101.68,199.00,1540.00,null,null,null
2023-09-15T00:18:07Z,23.96,60.97,99,0,29.97,101.68,203.00,1544.00,null,null,null
2023-09-15T00:19:07Z,23.94,60.98,99,0,30.49,101.68,203.00,1544.00,null,null,null
2023-09-15T00:20:07Z,23.94,61.01,99,0,30.65,101.68,203.00,1544.00,11,15,15
2023-09-15T00:21:07Z,23.96,61.04,99,0,29.82,101.68,203.00,1544.00,null,null,null
2023-09-15T00:22:07Z,23.96,61.01,99,0,30.05,101.68,206.00,1548.00,null,null,null
2023-09-15T00:23:07Z,23.96,61.01,99,0,29.92,101.68,210.00,1556.00,null,null,null
2023-09-15T00:24:07Z,23.93,61.02,99,0,28.95,101.68,210.00,1556.00,null,null,null
2023-09-15T00:25:07Z,23.94,61.07,99,0,30.27,101.68,214.00,1560.00,11,14,14
2023-09-15T00:26:07Z,23.92,61.04,99,0,30.33,101.67,210.00,1556.00,null,null,null
2023-09-15T00:27:07Z,23.96,61.06,99,0,30.50,101.68,210.00,1556.00,null,null,null
2023-09-15T00:28:07Z,23.97,61.06,99,0,30.02,101.68,214.00,1560.00,null,null,null
2023-09-15T00:29:07Z,23.93,61.09,99,0,29.87,101.68,217.00,1563.00,null,null,null
2023-09-15T00:30:07Z,23.94,61.09,99,0,30.09,101.68,217.00,1563.00,8,10,10
2023-09-15T00:31:07Z,23.93,61.11,99,0,30.55,101.68,217.00,1563.00,null,null,null
2023-09-15T00:32:07Z,23.96,61.07,99,0,31.84,101.67,221.00,1569.00,null,null,null
2023-09-15T00:33:07Z,23.96,61.09,99,0,29.42,101.68,221.00,1569.00,null,null,null
2023-09-15T00:34:07Z,23.93,61.09,99,0,30.11,101.68,225.00,1573.00,null,null,null
2023-09-15T00:35:07Z,23.94,61.09,99,0,29.60,101.67,225.00,1573.00,18,21,21
2023-09-15T00:36:07Z,23.93,61.08,99,0,30.33,101.68,221.00,1569.00,null,null,null
2023-09-15T00:37:07Z,23.94,61.11,99,0,29.62,101.67,225.00,1573.00,null,null,null
2023-09-15T00:38:07Z,23.96,61.06,99,0,29.63,101.67,228.00,1579.00,null,null,null
2023-09-15T00:39:07Z,23.94,61.14,99,0,32.78,101.67,228.00,1579.00,null,null,null
2023-09-15T00:40:07Z,23.94,61.14,99,0,30.59,101.67,225.00,1573.00,8,10,21
2023-09-15T00:41:07Z,23.97,61.22,99,0,30.76,101.67,231.00,1583.00,null,null,null
2023-09-15T00:42:07Z,23.94,61.17,99,0,31.69,101.67,231.00,1583.00,null,null,null
2023-09-15T00:43:07Z,23.96,61.20,99,0,30.10,101.66,231.00,1583.00,null,null,null
2023-09-15T00:44:07Z,23.92,61.22,99,0,30.31,101.67,236.00,1591.00,null,null,null
2023-09-15T00:45:07Z,23.93,61.24,99,0,30.42,101.66,236.00,1591.00,6,7,14
2023-09-15T00:46:07Z,23.93,61.29,99,0,30.18,101.67,236.00,1591.00,null,null,null
2023-09-15T00:47:07Z,23.94,61.17,99,0,30.33,101.66,233.00,1586.00,null,null,null
2023-09-15T00:48:07Z,23.94,61.20,99,0,30.81,101.67,240.00,1595.00,null,null,null
2023-09-15T00:49:07Z,23.93,61.22,99,0,30.11,101.66,240.00,1595.00,null,null,null
2023-09-15T00:50:07Z,23.94,61.28,99,0,29.61,101.66,240.00,1595.00,10,11,11
2023-09-15T00:51:07Z,23.94,61.26,99,0,30.98,101.66,240.00,1595.00,null,null,null
2023-09-15T00:52:07Z,23.93,61.23,99,0,30.24,101.66,240.00,1595.00,null,null,null
2023-09-15T00:53:07Z,23.94,61.22,99,0,31.16,101.66,248.00,1603.00,null,null,null
2023-09-15T00:54:07Z,23.96,61.26,99,0,29.79,101.66,243.00,1598.00,null,null,null
2023-09-15T00:55:07Z,23.93,61.30,99,0,30.46,101.65,244.00,1598.00,12,15,15
2023-09-15T00:56:07Z,23.94,61.26,99,0,30.80,101.66,244.00,1598.00,null,null,null
2023-09-15T00:57:07Z,23.94,61.29,99,0,29.63,101.66,248.00,1603.00,null,null,null
2023-09-15T00:58:07Z,23.92,61.26,99,0,30.59,101.66,248.00,1603.00,null,null,null
2023-09-15T00:59:07Z,23.92,61.35,99,0,31.13,101.65,248.00,1603.00,null,null,null
2023-09-15T01:00:07Z,23.93,61.37,99,0,29.94,101.65,254.00,1608.00,10,15,15
2023-09-15T01:01:07Z,23.96,61.39,99,0,29.26,101.65,254.00,1608.00,null,null,null
2023-09-15T01:02:07Z,23.94,61.46,99,0,30.91,101.65,254.00,1608.00,null,null,null
2023-09-15T01:03:07Z,23.93,61.38,99,0,29.38,101.65,254.00,1608.00,null,null,null
2023-09-15T01:04:07Z,23.92,61.40,99,0,29.97,101.65,257.00,1612.00,null,null,null
2023-09-15T01:05:07Z,23.89,61.41,99,0,29.33,101.65,257.00,1612.00,11,16,16
2023-09-15T01:06:07Z,23.93,61.42,99,0,29.92,101.65,257.00,1612.00,null,null,null
2023-09-15T01:07:07Z,23.94,61.44,99,0,28.85,101.65,263.00,1619.00,null,null,null
2023-09-15T01:08:07Z,23.93,61.50,99,0,32.88,101.65,254.00,1608.00,null,null,null
2023-09-15T01:09:07Z,23.89,61.51,99,0,33.43,101.64,254.00,1608.00,null,null,null
2023-09-15T01:10:07Z,23.90,61.52,99,0,29.11,101.64,263.00,1619.00,11,14,14
2023-09-15T01:11:07Z,23.92,61.48,99,0,30.90,101.64,263.00,1619.00,null,null,null
2023-09-15T01:12:07Z,23.94,61.49,99,0,29.33,101.65,263.00,1619.00,null,null,null
2023-09-15T01:13:07Z,23.93,61.54,99,0,30.55,101.65,266.00,1624.00,null,null,null
2023-09-15T01:14:07Z,23.93,61.57,99,0,29.32,101.64,271.00,1628.00,null,null,null
2023-09-15T01:15:07Z,23.92,61.57,99,0,30.23,101.64,271.00,1628.00,10,11,11
2023-09-15T01:16:07Z,23.93,61.56,99,0,30.60,101.64,263.00,1619.00,null,null,null
2023-09-15T01:17:07Z,23.93,61.56,99,0,30.30,101.64,271.00,1628.00,null,null,null
2023-09-15T01:18:07Z,23.93,61.53,99,0,29.67,101.63,271.00,1628.00,null,null,null
2023-09-15T01:19:07Z,23.92,61.58,99,0,32.51,101.64,276.00,1633.00,null,null,null
2023-09-15T01:20:07Z,23.92,61.53,99,0,30.40,101.63,276.00,1633.00,9,10,10
2023-09-15T01:21:07Z,23.90,61.65,99,0,31.28,101.63,271.00,1628.00,null,null,null
2023-09-15T01:22:07Z,23.92,61.59,99,0,29.71,101.63,276.00,1633.00,null,null,null
2023-09-15T01:23:07Z,23.93,61.59,99,0,29.97,101.63,280.00,1638.00,null,null,null
2023-09-15T01:24:07Z,23.90,61.59,99,0,30.46,101.63,280.00,1638.00,null,null,null
2023-09-15T01:25:07Z,23.92,61.66,99,0,30.38,101.63,280.00,1638.00,15,18,33
2023-09-15T01:26:07Z,23.92,61.63,99,0,29.92,101.63,280.00,1638.00,null,null,null
2023-09-15T01:27:07Z,23.93,61.65,99,0,30.30,101.63,280.00,1638.00,null,null,null
2023-09-15T01:28:07Z,23.92,61.64,99,0,30.03,101.63,280.00,1638.00,null,null,null
2023-09-15T01:29:07Z,23.92,61.70,99,0,29.53,101.63,284.00,1642.00,null,null,null
2023-09-15T01:30:07Z,23.93,61.68,99,0,30.05,101.63,284.00,1642.00,12,18,18
2023-09-15T01:31:07Z,23.89,61.72,99,0,30.18,101.63,284.00,1642.00,null,null,null
2023-09-15T01:32:07Z,23.92,61.64,99,0,30.60,101.63,284.00,1642.00,null,null,null
2023-09-15T01:33:07Z,23.93,61.71,99,0,28.78,101.63,284.00,1642.00,null,null,null
2023-09-15T01:34:07Z,23.90,61.72,99,0,29.94,101.63,290.00,1651.00,null,null,null
2023-09-15T01:35:07Z,23.89,61.78,99,0,30.04,101.63,290.00,1651.00,7,7,7
2023-09-15T01:36:07Z,23.90,61.77,99,0,29.89,101.64,287.00,1647.00,null,null,null
2023-09-15T01:37:07Z,23.92,61.87,99,0,29.91,101.63,287.00,1647.00,null,null,null
2023-09-15T01:38:07Z,23.94,61.88,99,0,30.34,101.63,292.00,1652.00,null,null,null
2023-09-15T01:39:07Z,23.89,61.91,99,0,29.65,101.63,292.00,1652.00,null,null,null
2023-09-15T01:40:07Z,23.86,61.94,99,0,30.25,101.63,292.00,1652.00,7,9,9
2023-09-15T01:41:07Z,23.90,62.04,99,0,29.89,101.63,287.00,1647.00,null,null,null
2023-09-15T01:42:07Z,23.90,61.94,99,0,30.01,101.62,296.00,1657.00,null,null,null
2023-09-15T01:43:07Z,23.90,61.95,99,0,30.06,101.62,296.00,1657.00,null,null,null
2023-09-15T01:44:07Z,23.92,61.95,99,0,29.47,101.63,296.00,1657.00,null,null,null
2023-09-15T01:45:07Z,23.90,62.01,99,0,30.11,101.62,296.00,1657.00,8,9,9
2023-09-15T01:46:07Z,23.90,62.05,99,0,29.38,101.62,296.00,1657.00,null,null,null
2023-09-15T01:47:07Z,23.93,62.02,99,0,30.37,101.62,300.00,1661.00,null,null,null
2023-09-15T01:48:07Z,23.89,62.06,99,0,29.43,101.63,300.00,1661.00,null,null,null
2023-09-15T01:49:07Z,23.90,62.02,99,0,29.11,101.62,300.00,1661.00,null,null,null
2023-09-15T01:50:07Z,23.89,62.00,99,0,30.32,101.62,307.00,1668.00,7,10,10
2023-09-15T01:51:07Z,23.90,62.09,99,0,30.05,101.62,307.00,1668.00,null,null,null
2023-09-15T01:52:07Z,23.90,62.07,99,0,29.70,101.62,307.00,1668.00,null,null,null
2023-09-15T01:53:07Z,23.89,62.02,99,0,30.28,101.62,307.00,1668.00,null,null,null
2023-09-15T01:54:07Z,23.87,62.05,99,0,29.61,101.62,312.00,1673.00,null,null,null
2023-09-15T01:55:07Z,23.86,62.09,99,0,29.69,101.62,312.00,1673.00,9,9,9
2023-09-15T01:56:07Z,23.86,62.08,99,0,30.68,101.62,312.00,1673.00,null,null,null
2023-09-15T01:57:07Z,23.87,62.10,99,0,31.09,101.62,312.00,1673.00,null,null,null
2023-09-15T01:58:07Z,23.89,62.03,99,0,29.84,101.62,312.00,1673.00,null,null,null
2023-09-15T01:59:07Z,23.89,62.05,99,0,31.04,101.62,312.00,1673.00,null,null,null
2023-09-15T02:00:07Z,23.87,62.10,99,0,33.00,101.62,312.00,1673.00,8,12,12
2023-09-15T02:01:07Z,23.90,62.04,99,0,29.98,101.62,312.00,1673.00,null,null,null
2023-09-15T02:02:07Z,23.90,62.11,99,0,29.92,101.61,323.00,1685.00,null,null,null
2023-09-15T02:03:07Z,23.90,62.09,99,0,30.54,101.62,316.00,1677.00,null,null,null
2023-09-15T02:04:07Z,23.89,62.10,99,0,29.44,101.61,323.00,1685.00,null,null,null
2023-09-15T02:05:07Z,23.86,62.10,99,0,30.62,101.61,323.00,1685.00,0,1,1
2023-09-15T02:06:07Z,23.86,62.06,99,0,30.60,101.62,323.00,1685.00,null,null,null
2023-09-15T02:07:07Z,23.89,62.06,99,0,30.10,101.62,327.00,1689.00,null,null,null
2023-09-15T02:08:07Z,23.87,62.05,99,0,30.78,101.61,334.00,1695.00,null,null,null
2023-09-15T02:09:07Z,23.86,62.06,99,0,30.78,101.62,334.00,1695.00,null,null,null
2023-09-15T02:10:07Z,23.86,62.07,99,0,31.21,101.61,334.00,1695.00,10,10,10
2023-09-15T02:11:07Z,23.87,62.13,99,0,30.57,101.61,334.00,1695.00,null,null,null
2023-09-15T02:12:07Z,23.87,62.11,99,0,30.20,101.61,340.00,1701.00,null,null,null
2023-09-15T02:13:07Z,23.89,62.05,99,0,29.41,101.61,340.00,1701.00,null,null,null
2023-09-15T02:14:07Z,23.86,62.12,99,0,30.46,101.61,345.00,1705.00,null,null,null
2023-09-15T02:15:07Z,23.87,62.12,99,0,29.98,101.62,345.00,1705.00,4,7,7
2023-09-15T02:16:07Z,23.87,62.12,99,0,29.92,101.61,351.00,1712.00,null,null,null
2023-09-15T02:17:07Z,23.90,62.08,99,0,30.06,101.61,351.00,1712.00,null,null,null
2023-09-15T02:18:07Z,23.89,62.13,99,0,31.97,101.61,355.00,1717.00,null,null,null
2023-09-15T02:19:07Z,23.89,62.17,99,0,30.07,101.61,355.00,1717.00,null,null,null
2023-09-15T02:20:07Z,23.86,62.10,99,0,30.57,101.61,355.00,1717.00,8,14,14
2023-09-15T02:21:07Z,23.86,62.12,99,0,30.43,101.61,363.00,1725.00,null,null,null
2023-09-15T02:22:07Z,23.86,62.21,99,0,30.73,101.61,363.00,1725.00,null,null,null
2023-09-15T02:23:07Z,23.87,62.14,99,0,30.48,101.62,369.00,1731.00,null,null,null
2023-09-15T02:24:07Z,23.87,62.19,99,0,30.08,101.62,369.00,1731.00,null,null,null
2023-09-15T02:25:07Z,23.86,62.25,99,0,30.39,101.62,369.00,1731.00,6,6,6
2023-09-15T02:26:07Z,23.84,62.23,99,0,30.53,101.62,370.00,1733.00,null,null,null
2023-09-15T02:27:07Z,23.89,62.20,99,0,29.95,101.62,374.00,1736.00,null,null,null
2023-09-15T02:28:07Z,23.87,62.24,99,0,29.94,101.61,384.00,1743.00,null,null,null
2023-09-15T02:29:07Z,23.86,62.22,99,0,30.01,101.61,384.00,1743.00,null,null,null
2023-09-15T02:30:07Z,23.83,62.26,99,0,43.37,101.61,389.00,1748.00,12,14,14
2023-09-15T02:31:07Z,23.86,62.21,99,0,29.98,101.61,385.00,1744.00,null,null,null
2023-09-15T02:32:07Z,23.87,62.21,99,0,29.70,101.61,389.00,1748.00,null,null,null
2023-09-15T02:33:07Z,23.87,62.23,99,0,30.67,101.61,395.00,1754.00,null,null,null
2023-09-15T02:34:07Z,23.84,62.20,99,0,29.08,101.61,389.00,1748.00,null,null,null
2023-09-15T02:35:07Z,23.84,62.26,99,0,30.74,101.61,395.00,1754.00,9,20,35
2023-09-15T02:36:07Z,23.86,62.24,99,0,30.11,101.61,391.00,1751.00,null,null,null
2023-09-15T02:37:07Z,23.89,62.23,99,0,30.32,101.61,395.00,1754.00,null,null,null
2023-09-15T02:38:07Z,23.86,62.26,99,0,30.61,101.61,402.00,1759.00,null,null,null
2023-09-15T02:39:07Z,23.83,62.19,99,0,29.09,101.61,405.00,1762.00,null,null,null
2023-09-15T02:40:07Z,23.83,62.21,99,0,30.78,101.61,410.00,1766.00,0,2,13
2023-09-15T02:41:07Z,23.84,62.24,99,0,30.43,101.61,410.00,1766.00,null,null,null
2023-09-15T02:42:07Z,23.86,62.21,99,0,29.50,101.61,410.00,1766.00,null,null,null
2023-09-15T02:43:07Z,23.87,62.21,99,0,30.01,101.61,410.00,1766.00,null,null,null
2023-09-15T02:44:07Z,23.86,62.26,99,0,30.23,101.61,415.00,1771.00,null,null,null
2023-09-15T02:45:07Z,23.82,62.26,99,0,31.20,101.60,411.00,1767.00,6,12,12
2023-09-15T02:46:07Z,23.83,62.26,99,0,29.58,101.61,411.00,1767.00,null,null,null
2023-09-15T02:47:07Z,23.84,62.23,99,0,29.51,101.60,411.00,1767.00,null,null,null
2023-09-15T02:48:07Z,23.84,62.23,99,0,29.56,101.60,415.00,1771.00,null,null,null
2023-09-15T02:49:07Z,23.82,62.26,99,0,30.30,101.60,424.00,1777.00,null,null,null
2023-09-15T02:50:07Z,23.83,62.25,99,0,29.93,101.60,420.00,1775.00,8,12,12
2023-09-15T02:51:07Z,23.82,62.28,99,0,33.60,101.60,420.00,1775.00,null,null,null
2023-09-15T02:52:07Z,23.84,62.26,99,0,31.31,101.60,425.00,1778.00,null,null,null
2023-09-15T02:53:07Z,23.84,62.27,99,0,30.81,101.60,420.00,1775.00,null,null,null
2023-09-15T02:54:07Z,23.83,62.24,99,0,30.46,101.60,425.00,1778.00,null,null,null
2023-09-15T02:55:07Z,23.80,62.26,99,0,29.42,101.60,429.00,1782.00,5,9,9
2023-09-15T02:56:07Z,23.86,62.30,99,0,29.86,101.60,420.00,1775.00,null,null,null
2023-09-15T02:57:07Z,23.83,62.24,99,0,30.30,101.60,434.00,1785.00,null,null,null
2023-09-15T02:58:07Z,23.82,62.25,99,0,33.20,101.59,438.00,1789.00,null,null,null
2023-09-15T02:59:07Z,23.83,62.27,99,0,30.97,101.59,434.00,1785.00,null,null,null
