TIME,TEMP,HUM,BATT,LIGHT,NOISE_A,PRESS,CCS811_VOCS,CCS811_ECO2,PM_1,PM_25,PM_10
ISO 8601,C,%,%,Lux,dBA,kPa,ppb,ppm,ug/m3,ug/m3,ug/m3
Time,Temperature,Humidity,Battery,Light,Noise dBA,Barometric pressure,VOC Gas CCS811,eCO2 Gas CCS811,PM 1.0,PM 2.5,PM 10.0
,55,56,10,14,53,58,113,112,89,87,88
2023-09-01T00:00:06Z,20.72,68.00,99,0,31.29,100.79,870.00,2074.00,0,0,0
2023-09-01T00:01:06Z,20.74,67.98,99,0,32.33,100.79,901.00,2090.00,null,null,null
2023-09-01T00:02:06Z,20.74,67.96,99,0,32.07,100.79,911.00,2094.00,null,null,null
2023-09-01T00:03:06Z,20.74,67.94,99,0,30.51,100.78,911.00,2094.00,null,null,null
2023-09-01T00:04:06Z,20.75,67.90,99,0,31.15,100.78,922.00,2100.00,null,null,null
2023-09-01T00:05:06Z,20.75,67.85,99,0,30.81,100.78,948.00,2114.00,3,4,4
2023-09-01T00:06:06Z,20.76,67.97,99,0,30.98,100.78,963.00,2120.00,null,null,null
2023-09-01T00:07:06Z,20.75,67.88,99,0,30.20,100.77,963.00,2120.00,null,null,null
2023-09-01T00:08:06Z,20.78,67.92,99,0,32.08,100.78,963.00,2120.00,null,null,null
2023-09-01T00:09:06Z,20.75,67.94,99,0,34.60,100.77,976.00,2126.00,null,null,null
2023-09-01T00:10:06Z,20.74,67.94,99,0,30.47,100.78,976.00,2126.00,1,1,1
2023-09-01T00:11:06Z,20.74,67.95,99,0,30.48,100.78,984.00,2130.00,null,null,null
2023-09-01T00:12:06Z,20.76,67.90,99,0,30.90,100.78,998.00,2136.00,null,null,null
2023-09-01T00:13:06Z,20.75,67.96,99,0,30.88,100.78,1023.00,2148.00,null,null,null
2023-09-01T00:14:06Z,20.72,67.96,99,0,31.34,100.78,1023.00,2148.00,null,null,null
2023-09-01T00:15:06Z,20.72,67.95,99,0,31.54,100.78,1035.00,2152.00,4,4,4
2023-09-01T00:16:06Z,20.75,67.91,99,0,37.56,100.78,1018.00,2144.00,null,null,null
2023-09-01T00:17:06Z,20.76,67.86,99,0,31.18,100.78,1048.00,2158.00,null,null,null
2023-09-01T00:18:06Z,20.78,67.71,99,0,31.43,100.78,1048.00,2158.00,null,null,null
2023-09-01T00:19:06Z,20.76,68.02,99,0,31.63,100.78,1057.00,2162.00,null,null,null
2023-09-01T00:20:06Z,20.76,67.96,99,0,32.82,100.78,1048.00,2158.00,3,3,3
2023-09-01T00:21:06Z,20.76,68.07,99,0,33.48,100.78,1048.00,2158.00,null,null,null
2023-09-01T00:22:06Z,20.74,67.87,99,0,30.75,100.78,1048.00,2158.00,null,null,null
2023-09-01T00:23:06Z,20.74,67.85,99,0,31.51,100.78,1057.00,2162.00,null,null,null
2023-09-01T00:24:06Z,20.78,68.14,99,0,31.59,100.78,1058.00,2164.00,null,null,null
2023-09-01T00:25:06Z,20.74,68.13,99,0,31.54,100.78,1071.00,2170.00,2,3,3
2023-09-01T00:26:06Z,20.75,68.04,99,0,33.02,100.78,1048.00,2158.00,null,null,null
2023-09-01T00:27:06Z,20.75,68.07,99,0,31.62,100.77,1088.00,2178.00,null,null,null
2023-09-01T00:28:06Z,20.75,67.98,99,0,32.29,100.77,1088.00,2178.00,null,null,null
2023-09-01T00:29:06Z,20.75,68.09,99,0,30.55,100.77,1088.00,2178.00,null,null,null
2023-09-01T00:30:06Z,20.75,68.09,99,0,32.25,100.77,1088.00,2178.00,1,1,1
2023-09-01T00:31:06Z,20.76,68.19,99,0,31.63,100.76,1088.00,2178.00,null,null,null
2023-09-01T00:32:06Z,20.79,68.00,99,0,31.35,100.76,1111.00,2185.00,null,null,null
2023-09-01T00:33:06Z,20.76,67.97,99,0,30.57,100.76,1088.00,2178.00,null,null,null
2023-09-01T00:34:06Z,20.79,68.06,99,0,30.82,100.76,1111.00,2185.00,null,null,null
2023-09-01T00:35:06Z,20.76,68.07,99,0,30.50,100.76,1111.00,2185.00,2,2,13
2023-09-01T00:36:06Z,20.78,68.11,99,0,31.62,100.76,1124.00,2191.00,null,null,null
2023-09-01T00:37:06Z,20.76,68.11,99,0,29.98,100.76,1124.00,2191.00,null,null,null
2023-09-01T00:38:06Z,20.76,68.14,99,0,31.48,100.76,1124.00,2191.00,null,null,null
2023-09-01T00:39:06Z,20.75,68.14,99,0,31.01,100.76,1124.00,2191.00,null,null,null
2023-09-01T00:40:06Z,20.76,67.93,99,0,31.27,100.75,1124.00,2191.00,4,4,4
2023-09-01T00:41:06Z,20.76,68.08,99,0,30.40,100.76,1142.00,2201.00,null,null,null
2023-09-01T00:42:06Z,20.81,68.03,99,0,32.77,100.76,1142.00,2201.00,null,null,null
2023-09-01T00:43:06Z,20.78,68.00,99,0,31.84,100.76,1142.00,2201.00,null,null,null
2023-09-01T00:44:06Z,20.76,67.96,99,0,31.92,100.75,1142.00,2201.00,null,null,null
2023-09-01T00:45:06Z,20.79,67.99,99,0,31.74,100.75,1142.00,2201.00,1,1,1
2023-09-01T00:46:06Z,20.78,68.14,99,0,30.73,100.75,1152.00,2207.00,null,null,null
2023-09-01T00:47:06Z,20.79,68.03,99,0,33.08,100.75,1142.00,2201.00,null,null,null
2023-09-01T00:48:06Z,20.78,68.06,99,0,31.30,100.75,1142.00,2201.00,null,null,null
2023-09-01T00:49:06Z,20.76,67.98,99,0,32.02,100.75,1152.00,2207.00,null,null,null
2023-09-01T00:50:06Z,20.76,68.13,99,0,31.71,100.75,1142.00,2201.00,4,4,4
2023-09-01T00:51:06Z,20.76,68.05,99,0,31.55,100.75,1152.00,2207.00,null,null,null
2023-09-01T00:52:06Z,20.81,68.08,99,0,31.41,100.75,1152.00,2207.00,null,null,null
2023-09-01T00:53:06Z,20.78,67.99,99,0,31.20,100.75,1152.00,2207.00,null,null,null
2023-09-01T00:54:06Z,20.79,68.03,99,0,31.84,100.75,1152.00,2207.00,null,null,null
2023-09-01T00:55:06Z,20.76,68.06,99,0,33.31,100.75,1174.00,2214.00,0,0,0
2023-09-01T00:56:06Z,20.78,68.12,99,0,30.99,100.75,1152.00,2207.00,null,null,null
2023-09-01T00:57:06Z,20.79,67.96,99,0,34.74,100.76,1174.00,2214.00,null,null,null
2023-09-01T00:58:06Z,20.79,68.03,99,0,32.21,100.75,1152.00,2207.00,null,null,null
2023-09-01T00:59:06Z,20.78,68.03,99,0,34.32,100.75,1152.00,2207.00,null,null,null
2023-09-01T01:00:06Z,20.79,68.13,99,0,32.25,100.75,1152.00,2207.00,1,1,1
2023-09-01T01:01:06Z,20.82,67.98,99,0,32.56,100.75,1174.00,2214.00,null,null,null
2023-09-01T01:02:06Z,20.79,67.95,99,0,34.29,100.75,1174.00,2214.00,null,null,null
2023-09-01T01:03:06Z,20.81,67.96,99,0,33.04,100.74,1174.00,2214.00,null,null,null
2023-09-01T01:04:06Z,20.78,68.05,99,0,32.55,100.74,1184.00,2218.00,null,null,null
2023-09-01T01:05:06Z,20.78,67.98,99,0,33.38,100.74,1184.00,2218.00,0,2,2
2023-09-01T01:06:06Z,20.82,68.00,99,0,32.03,100.74,1174.00,2214.00,null,null,null
2023-09-01T01:07:06Z,20.81,67.99,99,0,30.53,100.75,1184.00,2218.00,null,null,null
2023-09-01T01:08:06Z,20.82,67.90,99,0,30.64,100.75,1184.00,2218.00,null,null,null
2023-09-01T01:09:06Z,20.81,67.92,99,0,31.54,100.75,1184.00,2218.00,null,null,null
2023-09-01T01:10:06Z,20.78,67.92,99,0,31.72,100.74,1184.00,2218.00,2,4,4
2023-09-01T01:11:06Z,20.79,68.05,99,0,30.81,100.75,1184.00,2218.00,null,null,null
2023-09-01T01:12:06Z,20.79,67.97,99,0,30.55,100.75,1184.00,2218.00,null,null,null
2023-09-01T01:13:06Z,20.81,67.90,99,0,31.38,100.74,1184.00,2218.00,null,null,null
2023-09-01T01:14:06Z,20.78,67.90,99,0,33.81,100.74,1201.00,2226.00,null,null,null
2023-09-01T01:15:06Z,20.78,67.96,99,0,30.74,100.74,1201.00,2226.00,0,0,0
2023-09-01T01:16:06Z,20.81,67.92,99,0,31.35,100.73,1184.00,2218.00,null,null,null
2023-09-01T01:17:06Z,20.81,67.93,99,0,30.99,100.73,1201.00,2226.00,null,null,null
2023-09-01T01:18:06Z,20.81,67.91,99,0,32.37,100.73,1201.00,2226.00,null,null,null
2023-09-01T01:19:06Z,20.81,67.92,99,0,31.25,100.73,1201.00,2226.00,null,null,null
2023-09-01T01:20:06Z,20.82,67.96,99,0,33.50,100.73,1184.00,2218.00,0,0,0
2023-09-01T01:21:06Z,20.81,67.96,99,0,31.16,100.73,1201.00,2226.00,null,null,null
2023-09-01T01:22:06Z,20.82,67.88,99,0,31.50,100.73,1201.00,2226.00,null,null,null
2023-09-01T01:23:06Z,20.81,67.88,99,0,31.70,100.73,1201.00,2226.00,null,null,null
2023-09-01T01:24:06Z,20.79,67.86,99,0,31.50,100.73,1201.00,2226.00,null,null,null
2023-09-01T01:25:06Z,20.79,67.97,99,0,31.46,100.73,1201.00,2226.00,1,1,8
2023-09-01T01:26:06Z,20.79,68.02,99,0,30.68,100.73,1211.00,2234.00,null,null,null
2023-09-01T01:27:06Z,20.78,67.88,99,0,31.86,100.73,1211.00,2234.00,null,null,null
2023-09-01T01:28:06Z,20.79,67.87,99,0,31.48,100.73,1201.00,2226.00,null,null,null
2023-09-01T01:29:06Z,20.79,67.87,99,0,31.50,100.72,1201.00,2226.00,null,null,null
2023-09-01T01:30:06Z,20.78,67.85,99,0,31.28,100.72,1201.00,2226.00,1,1,8
2023-09-01T01:31:06Z,20.82,67.89,99,0,30.99,100.72,1211.00,2234.00,null,null,null
2023-09-01T01:32:06Z,20.81,67.90,99,0,31.81,100.72,1211.00,2234.00,null,null,null
2023-09-01T01:33:06Z,20.79,67.92,99,0,31.88,100.72,1211.00,2234.00,null,null,null
2023-09-01T01:34:06Z,20.78,67.85,99,0,31.18,100.72,1211.00,2234.00,null,null,null
2023-09-01T01:35:06Z,20.81,67.84,99,0,32.45,100.71,1211.00,2234.00,0,0,0
2023-09-01T01:36:06Z,20.81,67.92,99,0,31.34,100.71,1211.00,2234.00,null,null,null
2023-09-01T01:37:06Z,20.81,67.84,99,0,31.51,100.71,1211.00,2234.00,null,null,null
2023-09-01T01:38:06Z,20.82,67.91,99,0,31.02,100.71,1211.00,2234.00,null,null,null
2023-09-01T01:39:06Z,20.79,67.88,99,0,31.34,100.71,1211.00,2234.00,null,null,null
2023-09-01T01:40:06Z,20.76,67.88,99,0,33.23,100.71,1201.00,2226.00,1,1,16
2023-09-01T01:41:06Z,20.78,67.96,99,0,31.43,100.71,1201.00,2226.00,null,null,null
2023-09-01T01:42:06Z,20.82,67.89,99,0,33.39,100.71,1211.00,2234.00,null,null,null
2023-09-01T01:43:06Z,20.81,67.95,99,0,31.12,100.71,1211.00,2234.00,null,null,null
2023-09-01T01:44:06Z,20.79,67.93,99,0,31.39,100.71,1211.00,2234.00,null,null,null
2023-09-01T01:45:06Z,20.79,67.90,99,0,32.27,100.71,1211.00,2234.00,3,3,3
2023-09-01T01:46:06Z,20.82,68.00,99,0,30.91,100.72,1211.00,2234.00,null,null,null
2023-09-01T01:47:06Z,20.81,67.93,99,0,31.25,100.72,1225.00,2242.00,null,null,null
2023-09-01T01:48:06Z,20.78,67.81,99,0,31.31,100.71,1225.00,2242.00,null,null,null
2023-09-01T01:49:06Z,20.82,67.92,99,0,30.48,100.71,1225.00,2242.00,null,null,null
2023-09-01T01:50:06Z,20.81,67.92,99,0,30.47,100.71,1225.00,2242.00,1,1,1
2023-09-01T01:51:06Z,20.83,67.99,99,0,31.54,100.72,1211.00,2234.00,null,null,null
2023-09-01T01:52:06Z,20.81,67.89,99,0,30.78,100.72,1225.00,2242.00,null,null,null
2023-09-01T01:53:06Z,20.81,67.89,99,0,30.69,100.72,1225.00,2242.00,null,null,null
2023-09-01T01:54:06Z,20.79,67.98,99,0,30.84,100.72,1252.00,2253.00,null,null,null
2023-09-01T01:55:06Z,20.81,67.93,99,0,32.16,100.71,1225.00,2242.00,3,3,3
2023-09-01T01:56:06Z,20.82,67.89,99,0,30.95,100.72,1225.00,2242.00,null,null,null
2023-09-01T01:57:06Z,20.81,67.81,99,0,31.40,100.71,1252.00,2253.00,null,null,null
2023-09-01T01:58:06Z,20.81,67.87,99,0,30.22,100.71,1225.00,2242.00,null,null,null
2023-09-01T01:59:06Z,20.79,67.92,99,0,31.16,100.72,1252.00,2253.00,null,null,null
2023-09-01T02:00:06Z,20.79,67.82,99,0,31.17,100.71,1225.00,2242.00,3,3,3
2023-09-01T02:01:06Z,20.79,67.91,99,0,32.12,100.71,1252.00,2253.00,null,null,null
2023-09-01T02:02:06Z,20.81,67.90,99,0,31.46,100.72,1225.00,2242.00,null,null,null
2023-09-01T02:03:06Z,20.78,67.89,99,0,32.84,100.71,1252.00,2253.00,null,null,null
2023-09-01T02:04:06Z,20.79,67.90,99,0,31.95,100.71,1225.00,2242.00,null,null,null
2023-09-01T02:05:06Z,20.79,67.92,99,0,31.77,100.71,1252.00,2253.00,0,0,0
2023-09-01T02:06:06Z,20.79,67.92,99,0,31.64,100.71,1252.00,2253.00,null,null,null
2023-09-01T02:07:06Z,20.79,67.91,99,0,30.01,100.71,1225.00,2242.00,null,null,null
2023-09-01T02:08:06Z,20.79,67.81,99,0,31.13,100.71,1252.00,2253.00,null,null,null
2023-09-01T02:09:06Z,20.81,67.93,99,0,31.45,100.71,1252.00,2253.00,null,null,null
2023-09-01T02:10:06Z,20.78,67.96,99,0,31.64,100.71,1252.00,2253.00,0,0,0
2023-09-01T02:11:06Z,20.81,67.83,99,0,30.80,100.71,1252.00,2253.00,null,null,null
2023-09-01T02:12:06Z,20.79,67.80,99,0,31.34,100.71,1252.00,2253.00,null,null,null
2023-09-01T02:13:06Z,20.79,67.84,99,0,32.24,100.71,1252.00,2253.00,null,null,null
2023-09-01T02:14:06Z,20.78,67.87,99,0,32.33,100.71,1262.00,2257.00,null,null,null
2023-09-01T02:15:06Z,20.76,67.87,99,0,30.62,100.71,1252.00,2253.00,5,5,5
2023-09-01T02:16:06Z,20.79,67.91,99,0,31.48,100.71,1252.00,2253.00,null,null,null
2023-09-01T02:17:06Z,20.81,67.88,99,0,32.33,100.71,1252.00,2253.00,null,null,null
2023-09-01T02:18:06Z,20.78,67.92,99,0,31.54,100.71,1262.00,2257.00,null,null,null
2023-09-01T02:19:06Z,20.78,67.98,99,0,31.36,100.71,1252.00,2253.00,null,null,null
2023-09-01T02:20:06Z,20.78,68.03,99,0,31.88,100.71,1361.00,2300.00,0,0,0
2023-09-01T02:21:06Z,20.78,67.99,99,0,31.43,100.71,1372.00,2307.00,null,null,null
2023-09-01T02:22:06Z,20.79,67.96,99,0,31.82,100.71,1424.00,2334.00,null,null,null
2023-09-01T02:23:06Z,20.79,67.98,99,0,33.13,100.71,1424.00,2334.00,null,null,null
2023-09-01T02:24:06Z,20.79,68.06,99,0,30.77,100.71,1477.00,2359.00,null,null,null
2023-09-01T02:25:06Z,20.78,68.12,99,0,30.57,100.70,1496.00,2367.00,0,0,0
2023-09-01T02:26:06Z,20.78,68.02,99,0,31.28,100.70,1519.00,2378.00,null,null,null
2023-09-01T02:27:06Z,20.81,68.03,99,0,31.01,100.70,1552.00,2392.00,null,null,null
2023-09-01T02:28:06Z,20.78,68.04,99,0,30.69,100.70,1573.00,2404.00,null,null,null
2023-09-01T02:29:06Z,20.78,68.08,99,0,31.83,100.71,1593.00,2411.00,null,null,null
2023-09-01T02:30:06Z,20.78,68.02,99,0,31.00,100.70,1618.00,2423.00,2,2,2
2023-09-01T02:31:06Z,20.76,68.02,99,0,33.43,100.70,1618.00,2423.00,null,null,null
2023-09-01T02:32:06Z,20.79,68.02,99,0,31.35,100.70,1648.00,2440.00,null,null,null
2023-09-01T02:33:06Z,20.79,67.99,99,0,31.45,100.70,1648.00,2440.00,null,null,null
2023-09-01T02:34:06Z,20.79,67.96,99,0,37.42,100.70,1673.00,2452.00,null,null,null
2023-09-01T02:35:06Z,20.76,68.00,99,0,30.93,100.70,1673.00,2452.00,0,0,7
2023-09-01T02:36:06Z,20.76,68.08,99,0,31.92,100.70,1688.00,2461.00,null,null,null
2023-09-01T02:37:06Z,20.81,67.95,99,0,null,100.70,1688.00,2461.00,null,null,null
2023-09-01T02:38:06Z,20.81,67.95,99,0,31.70,100.70,1713.00,2469.00,null,null,null
2023-09-01T02:39:06Z,20.79,67.98,99,0,31.18,100.69,1713.00,2469.00,null,null,null
2023-09-01T02:40:06Z,20.79,67.99,99,0,32.87,100.69,1713.00,2469.00,0,0,0
2023-09-01T02:41:06Z,20.79,67.98,99,0,31.82,100.70,1713.00,2469.00,null,null,null
2023-09-01T02:42:06Z,20.78,68.05,99,0,30.78,100.70,1743.00,2483.00,null,null,null
2023-09-01T02:43:06Z,20.79,68.00,99,0,31.13,100.70,1713.00,2469.00,null,null,null
2023-09-01T02:44:06Z,20.78,68.03,99,0,31.69,100.70,1743.00,2483.00,null,null,null
2023-09-01T02:45:06Z,20.79,68.00,99,0,30.90,100.70,1743.00,2483.00,2,2,2
2023-09-01T02:46:06Z,20.79,67.98,99,0,31.64,100.70,1743.00,2483.00,null,null,null
2023-09-01T02:47:06Z,20.79,68.00,99,0,31.95,100.70,1743.00,2483.00,null,null,null
2023-09-01T02:48:06Z,20.81,67.91,99,0,32.16,100.70,1743.00,2483.00,null,null,null
2023-09-01T02:49:06Z,20.78,67.96,99,0,32.10,100.70,1743.00,2483.00,null,null,null
2023-09-01T02:50:06Z,20.78,67.96,99,0,31.06,100.70,1743.00,2483.00,3,3,3
2023-09-01T02:51:06Z,20.79,67.94,99,0,31.30,100.70,1743.00,2483.00,null,null,null
2023-09-01T02:52:06Z,20.78,67.96,99,0,31.29,100.69,1743.00,2483.00,null,null,null
2023-09-01T02:53:06Z,20.79,67.97,99,0,32.32,100.69,1743.00,2483.00,null,null,null
2023-09-01T02:54:06Z,20.78,68.03,99,0,30.91,100.69,1758.00,2490.00,null,null,null
2023-09-01T02:55:06Z,20.79,67.93,99,0,31.74,100.69,1743.00,2483.00,1,1,1
2023-09-01T02:56:06Z,20.81,67.98,99,0,31.90,100.69,1758.00,2490.00,null,null,null
2023-09-01T02:57:06Z,20.81,68.03,99,0,31.33,100.69,1743.00,2483.00,null,null,null
2023-09-01T02:58:06Z,20.79,68.00,99,0,31.25,100.69,1743.00,2483.00,null,null,null
2023-09-01T02:59:06Z,20.79,67.97,99,0,31.64,100.69,1743.00,2483.00,null,null,null
