TIME,TEMP,HUM,BATT,LIGHT,NOISE_A,PRESS,CCS811_VOCS,CCS811_ECO2,PM_1,PM_25,PM_10
ISO 8601,C,%,%,Lux,dBA,kPa,ppb,ppm,ug/m3,ug/m3,ug/m3
Time,Temperature,Humidity,Battery,Light,Noise dBA,Barometric pressure,VOC Gas CCS811,eCO2 Gas CCS811,PM 1.0,PM 2.5,PM 10.0
,55,56,10,14,53,58,113,112,89,87,88
2023-08-25T00:00:06Z,25.36,64.69,99,0,null,100.87,145.00,1356.00,5,5,5
2023-08-25T00:01:06Z,25.38,64.70,99,0,29.47,100.87,145.00,1356.00,null,null,null
2023-08-25T00:02:06Z,25.41,64.67,99,0,30.78,100.87,148.00,1372.00,null,null,null
2023-08-25T00:03:06Z,25.37,64.70,99,0,30.53,100.87,148.00,1372.00,null,null,null
2023-08-25T00:04:06Z,25.36,64.72,99,0,31.28,100.87,151.00,1397.00,null,null,null
2023-08-25T00:05:06Z,25.36,64.72,99,0,29.89,100.87,151.00,1397.00,4,4,4
2023-08-25T00:06:06Z,25.36,64.74,99,0,29.54,100.87,151.00,1397.00,null,null,null
2023-08-25T00:07:06Z,25.40,64.73,99,0,30.29,100.87,155.00,1420.00,null,null,null
2023-08-25T00:08:06Z,25.40,64.72,99,0,29.94,100.88,155.00,1420.00,null,null,null
2023-08-25T00:09:06Z,25.36,64.75,99,0,29.44,100.87,155.00,1420.00,null,null,null
2023-08-25T00:10:06Z,25.36,64.73,99,0,29.99,100.87,155.00,1420.00,1,1,1
2023-08-25T00:11:06Z,25.37,64.77,99,0,30.50,100.87,157.00,1436.00,null,null,null
2023-08-25T00:12:06Z,25.38,64.71,99,0,30.57,100.87,155.00,1420.00,null,null,null
2023-08-25T00:13:06Z,25.38,64.78,99,0,29.98,100.88,162.00,1465.00,null,null,null
2023-08-25T00:14:06Z,25.36,64.77,99,0,31.72,100.87,159.00,1445.00,null,null,null
2023-08-25T00:15:06Z,25.36,64.73,99,0,30.71,100.87,159.00,1445.00,6,7,7
2023-08-25T00:16:06Z,25.36,64.76,99,0,29.35,100.87,163.00,1474.00,null,null,null
2023-08-25T00:17:06Z,25.37,64.75,99,0,30.32,100.87,161.00,1458.00,null,null,null
2023-08-25T00:18:06Z,25.38,64.77,99,0,30.53,100.87,163.00,1474.00,null,null,null
2023-08-25T00:19:06Z,25.38,64.77,99,0,29.17,100.87,163.00,1474.00,null,null,null
2023-08-25T00:20:06Z,25.36,64.78,99,0,29.49,100.87,163.00,1474.00,4,5,5
2023-08-25T00:21:06Z,25.38,64.78,99,0,29.07,100.87,166.00,1491.00,null,null,null
2023-08-25T00:22:06Z,25.38,64.76,99,0,30.41,100.87,170.00,1497.00,null,null,null
2023-08-25T00:23:06Z,25.40,64.84,99,0,30.02,100.86,166.00,1491.00,null,null,null
2023-08-25T00:24:06Z,25.38,64.79,99,0,30.06,100.86,170.00,1497.00,null,null,null
2023-08-25T00:25:06Z,25.38,64.79,99,0,29.84,100.87,172.00,1501.00,5,5,5
2023-08-25T00:26:06Z,25.38,64.83,99,0,30.35,100.87,172.00,1501.00,null,null,null
2023-08-25T00:27:06Z,25.38,64.82,99,0,29.53,100.86,175.00,1505.00,null,null,null
2023-08-25T00:28:06Z,25.37,64.82,99,0,30.57,100.87,175.00,1505.00,null,null,null
2023-08-25T00:29:06Z,25.38,64.87,99,0,30.46,100.87,175.00,1505.00,null,null,null
2023-08-25T00:30:06Z,25.38,64.85,99,0,30.66,100.87,178.00,1511.00,0,0,0
2023-08-25T00:31:06Z,25.38,64.85,99,0,29.47,100.86,178.00,1511.00,null,null,null
2023-08-25T00:32:06Z,25.37,64.87,99,0,29.61,100.87,181.00,1515.00,null,null,null
2023-08-25T00:33:06Z,25.38,64.84,99,0,29.70,100.86,184.00,1519.00,null,null,null
2023-08-25T00:34:06Z,25.38,64.87,99,0,29.49,100.87,181.00,1515.00,null,null,null
2023-08-25T00:35:06Z,25.38,64.92,99,0,29.77,100.87,184.00,1519.00,2,2,2
2023-08-25T00:36:06Z,25.38,64.86,99,0,29.92,100.87,187.00,1523.00,null,null,null
2023-08-25T00:37:06Z,25.40,64.84,99,0,31.24,100.86,187.00,1523.00,null,null,null
2023-08-25T00:38:06Z,25.38,64.86,99,0,30.94,100.87,187.00,1523.00,null,null,null
2023-08-25T00:39:06Z,25.38,64.86,99,0,30.66,100.87,191.00,1528.00,null,null,null
2023-08-25T00:40:06Z,25.38,64.91,99,0,30.59,100.87,191.00,1528.00,1,2,2
2023-08-25T00:41:06Z,25.40,64.91,99,0,30.03,100.86,191.00,1528.00,null,null,null
2023-08-25T00:42:06Z,25.38,64.87,99,0,35.24,100.87,191.00,1528.00,null,null,null
2023-08-25T00:43:06Z,25.41,64.89,99,0,30.22,100.87,191.00,1528.00,null,null,null
2023-08-25T00:44:06Z,25.37,64.88,99,0,33.39,100.87,193.00,1532.00,null,null,null
2023-08-25T00:45:06Z,25.40,64.90,99,0,33.10,100.86,193.00,1532.00,4,5,5
2023-08-25T00:46:06Z,25.40,64.92,99,0,30.37,100.86,191.00,1528.00,null,null,null
2023-08-25T00:47:06Z,25.38,64.89,99,0,29.48,100.87,196.00,1536.00,null,null,null
2023-08-25T00:48:06Z,25.41,64.89,99,0,29.79,100.86,199.00,1540.00,null,null,null
2023-08-25T00:49:06Z,25.40,64.88,99,0,30.07,100.86,199.00,1540.00,null,null,null
2023-08-25T00:50:06Z,25.38,64.92,99,0,30.56,100.86,202.00,1543.00,2,2,2
2023-08-25T00:51:06Z,25.37,64.93,99,0,28.88,100.87,199.00,1540.00,null,null,null
2023-08-25T00:52:06Z,25.40,64.88,99,0,30.19,100.87,204.00,1547.00,null,null,null
2023-08-25T00:53:06Z,25.40,64.88,99,0,30.82,100.87,202.00,1543.00,null,null,null
2023-08-25T00:54:06Z,25.40,64.90,99,0,32.29,100.87,204.00,1547.00,null,null,null
2023-08-25T00:55:06Z,25.37,64.94,99,0,30.62,100.86,204.00,1547.00,1,1,1
2023-08-25T00:56:06Z,25.38,64.94,99,0,29.73,100.87,204.00,1547.00,null,null,null
2023-08-25T00:57:06Z,25.41,64.88,99,0,29.69,100.87,204.00,1547.00,null,null,null
2023-08-25T00:58:06Z,25.40,64.89,99,0,30.06,100.87,207.00,1551.00,null,null,null
2023-08-25T00:59:06Z,25.38,64.92,99,0,30.09,100.87,210.00,1556.00,null,null,null
2023-08-25T01:00:06Z,25.36,64.90,99,0,30.43,100.87,210.00,1556.00,2,4,4
2023-08-25T01:01:06Z,25.38,64.96,99,0,30.78,100.86,210.00,1556.00,null,null,null
2023-08-25T01:02:06Z,25.40,64.91,99,0,30.14,100.86,215.00,1560.00,null,null,null
2023-08-25T01:03:06Z,25.38,64.97,99,0,33.02,100.87,215.00,1560.00,null,null,null
2023-08-25T01:04:06Z,25.37,64.96,99,0,30.08,100.87,215.00,1560.00,null,null,null
2023-08-25T01:05:06Z,25.37,64.95,99,0,30.52,100.87,218.00,1564.00,1,1,1
2023-08-25T01:06:06Z,25.37,64.98,99,0,30.14,100.87,218.00,1564.00,null,null,null
2023-08-25T01:07:06Z,25.40,64.96,99,0,29.31,100.87,218.00,1564.00,null,null,null
2023-08-25T01:08:06Z,25.40,64.96,99,0,30.73,100.87,221.00,1569.00,null,null,null
2023-08-25T01:09:06Z,25.37,64.97,99,0,29.46,100.87,221.00,1569.00,null,null,null
2023-08-25T01:10:06Z,25.37,65.00,99,0,29.47,100.87,221.00,1569.00,2,3,3
2023-08-25T01:11:06Z,25.38,65.03,99,0,29.89,100.87,221.00,1569.00,null,null,null
2023-08-25T01:12:06Z,25.41,64.98,99,0,31.14,100.87,225.00,1573.00,null,null,null
2023-08-25T01:13:06Z,25.40,65.02,99,0,30.11,100.87,225.00,1573.00,null,null,null
2023-08-25T01:14:06Z,25.38,65.07,99,0,30.80,100.87,225.00,1573.00,null,null,null
2023-08-25T01:15:06Z,25.37,65.06,99,0,30.15,100.87,230.00,1582.00,7,7,7
2023-08-25T01:16:06Z,25.40,65.11,99,0,30.30,100.87,230.00,1582.00,null,null,null
2023-08-25T01:17:06Z,25.38,64.97,99,0,30.17,100.87,230.00,1582.00,null,null,null
2023-08-25T01:18:06Z,25.40,65.05,99,0,30.74,100.87,230.00,1582.00,null,null,null
2023-08-25T01:19:06Z,25.38,65.03,99,0,30.68,100.87,233.00,1586.00,null,null,null
2023-08-25T01:20:06Z,25.34,65.03,99,0,29.84,100.87,233.00,1586.00,3,3,3
2023-08-25T01:21:06Z,25.37,65.04,99,0,30.59,100.87,233.00,1586.00,null,null,null
2023-08-25T01:22:06Z,25.38,64.98,99,0,30.42,100.88,233.00,1586.00,null,null,null
2023-08-25T01:23:06Z,25.40,64.97,99,0,30.53,100.88,236.00,1591.00,null,null,null
2023-08-25T01:24:06Z,25.36,65.08,99,0,30.42,100.88,236.00,1591.00,null,null,null
2023-08-25T01:25:06Z,25.36,65.05,99,0,30.54,100.88,236.00,1591.00,1,1,1
2023-08-25T01:26:06Z,25.38,65.03,99,0,30.83,100.88,236.00,1591.00,null,null,null
2023-08-25T01:27:06Z,25.40,65.04,99,0,30.13,100.88,241.00,1594.00,null,null,null
2023-08-25T01:28:06Z,25.38,65.05,99,0,29.87,100.88,236.00,1591.00,null,null,null
2023-08-25T01:29:06Z,25.36,65.00,99,0,30.95,100.88,241.00,1594.00,null,null,null
2023-08-25T01:30:06Z,25.37,65.04,99,0,29.79,100.89,241.00,1594.00,0,0,0
2023-08-25T01:31:06Z,25.38,65.08,99,0,30.23,100.88,244.00,1598.00,null,null,null
2023-08-25T01:32:06Z,25.38,64.97,99,0,30.79,100.88,244.00,1598.00,null,null,null
2023-08-25T01:33:06Z,25.40,64.99,99,0,30.65,100.88,244.00,1598.00,null,null,null
2023-08-25T01:34:06Z,25.36,64.96,99,0,30.23,100.88,244.00,1598.00,null,null,null
2023-08-25T01:35:06Z,25.36,65.00,99,0,30.41,100.88,244.00,1598.00,2,3,3
2023-08-25T01:36:06Z,25.36,65.05,99,0,30.31,100.88,248.00,1603.00,null,null,null
2023-08-25T01:37:06Z,25.37,64.97,99,0,29.50,100.88,248.00,1603.00,null,null,null
2023-08-25T01:38:06Z,25.40,65.04,99,0,29.67,100.87,248.00,1603.00,null,null,null
2023-08-25T01:39:06Z,25.38,65.06,99,0,29.98,100.87,253.00,1607.00,null,null,null
2023-08-25T01:40:06Z,25.34,65.10,99,0,30.16,100.88,248.00,1603.00,1,1,1
2023-08-25T01:41:06Z,25.38,65.13,99,0,30.32,100.88,253.00,1607.00,null,null,null
2023-08-25T01:42:06Z,25.40,65.05,99,0,30.60,100.87,253.00,1607.00,null,null,null
2023-08-25T01:43:06Z,25.37,65.05,99,0,29.99,100.87,257.00,1612.00,null,null,null
2023-08-25T01:44:06Z,25.36,65.13,99,0,32.68,100.87,257.00,1612.00,null,null,null
2023-08-25T01:45:06Z,25.36,65.13,99,0,31.23,100.87,253.00,1607.00,3,3,3
2023-08-25T01:46:06Z,25.38,65.13,99,0,30.64,100.87,257.00,1612.00,null,null,null
2023-08-25T01:47:06Z,25.38,65.04,99,0,29.80,100.87,261.00,1616.00,null,null,null
2023-08-25T01:48:06Z,25.40,65.09,99,0,28.96,100.87,261.00,1616.00,null,null,null
2023-08-25T01:49:06Z,25.34,65.06,99,0,30.14,100.87,261.00,1616.00,null,null,null
2023-08-25T01:50:06Z,25.36,65.06,99,0,29.89,100.87,265.00,1621.00,0,0,0
2023-08-25T01:51:06Z,25.36,65.09,99,0,30.91,100.87,261.00,1616.00,null,null,null
2023-08-25T01:52:06Z,25.37,65.06,99,0,29.81,100.87,265.00,1621.00,null,null,null
2023-08-25T01:53:06Z,25.36,65.04,99,0,29.94,100.87,265.00,1621.00,null,null,null
2023-08-25T01:54:06Z,25.36,65.07,99,0,29.61,100.87,271.00,1628.00,null,null,null
2023-08-25T01:55:06Z,25.36,65.09,99,0,34.62,100.87,271.00,1628.00,1,1,1
2023-08-25T01:56:06Z,25.36,65.11,99,0,30.54,100.87,265.00,1621.00,null,null,null
2023-08-25T01:57:06Z,25.37,65.06,99,0,29.78,100.87,275.00,1632.00,null,null,null
2023-08-25T01:58:06Z,25.37,65.10,99,0,29.72,100.87,275.00,1632.00,null,null,null
2023-08-25T01:59:06Z,25.36,65.12,99,0,30.75,100.88,275.00,1632.00,null,null,null
2023-08-25T02:00:06Z,25.33,65.13,99,0,29.47,100.88,275.00,1632.00,1,1,1
2023-08-25T02:01:06Z,25.36,65.05,99,0,29.25,100.87,271.00,1628.00,null,null,null
2023-08-25T02:02:06Z,25.37,65.05,99,0,29.51,100.87,279.00,1637.00,null,null,null
2023-08-25T02:03:06Z,25.34,65.06,99,0,30.78,100.87,279.00,1637.00,null,null,null
2023-08-25T02:04:06Z,25.36,65.09,99,0,30.07,100.87,275.00,1632.00,null,null,null
2023-08-25T02:05:06Z,25.33,65.05,99,0,30.31,100.89,279.00,1637.00,5,7,7
2023-08-25T02:06:06Z,25.36,65.03,99,0,30.09,100.88,279.00,1637.00,null,null,null
2023-08-25T02:07:06Z,25.34,64.99,99,0,30.26,100.88,279.00,1637.00,null,null,null
2023-08-25T02:08:06Z,25.34,65.03,99,0,29.99,100.89,283.00,1641.00,null,null,null
2023-08-25T02:09:06Z,25.36,65.06,99,0,30.89,100.88,283.00,1641.00,null,null,null
2023-08-25T02:10:06Z,25.33,65.00,99,0,29.98,100.88,283.00,1641.00,1,3,3
2023-08-25T02:11:06Z,25.36,65.03,99,0,29.23,100.88,283.00,1641.00,null,null,null
2023-08-25T02:12:06Z,25.34,65.03,99,0,28.99,100.88,283.00,1641.00,null,null,null
2023-08-25T02:13:06Z,25.33,65.06,99,0,29.96,100.88,288.00,1648.00,null,null,null
2023-08-25T02:14:06Z,25.36,65.09,99,0,29.77,100.88,288.00,1648.00,null,null,null
2023-08-25T02:15:06Z,25.31,65.09,99,0,29.72,100.88,288.00,1648.00,3,4,4
2023-08-25T02:16:06Z,25.37,65.07,99,0,30.24,100.88,288.00,1648.00,null,null,null
2023-08-25T02:17:06Z,25.36,65.06,99,0,30.15,100.88,294.00,1655.00,null,null,null
2023-08-25T02:18:06Z,25.34,65.07,99,0,29.78,100.88,288.00,1648.00,null,null,null
2023-08-25T02:19:06Z,25.33,65.13,99,0,29.68,100.87,294.00,1655.00,null,null,null
2023-08-25T02:20:06Z,25.31,65.07,99,0,30.43,100.87,294.00,1655.00,1,1,1
2023-08-25T02:21:06Z,25.34,65.10,99,0,30.91,100.88,294.00,1655.00,null,null,null
2023-08-25T02:22:06Z,25.34,65.09,99,0,30.93,100.87,298.00,1660.00,null,null,null
2023-08-25T02:23:06Z,25.33,65.11,99,0,29.57,100.87,298.00,1660.00,null,null,null
2023-08-25T02:24:06Z,25.36,65.09,99,0,29.76,100.87,298.00,1660.00,null,null,null
2023-08-25T02:25:06Z,25.34,65.15,99,0,30.54,100.87,298.00,1660.00,2,2,2
2023-08-25T02:26:06Z,25.34,65.13,99,0,30.28,100.87,303.00,1664.00,null,null,null
2023-08-25T02:27:06Z,25.33,65.09,99,0,29.58,100.87,303.00,1664.00,null,null,null
2023-08-25T02:28:06Z,25.33,65.08,99,0,30.70,100.87,303.00,1664.00,null,null,null
2023-08-25T02:29:06Z,25.31,65.15,99,0,30.99,100.87,307.00,1668.00,null,null,null
2023-08-25T02:30:06Z,25.31,65.13,99,0,29.48,100.87,307.00,1668.00,0,0,0
2023-08-25T02:31:06Z,25.33,65.12,99,0,29.41,100.87,307.00,1668.00,null,null,null
2023-08-25T02:32:06Z,25.34,65.06,99,0,30.22,100.87,307.00,1668.00,null,null,null
2023-08-25T02:33:06Z,25.31,65.12,99,0,29.87,100.87,312.00,1673.00,null,null,null
2023-08-25T02:34:06Z,25.33,65.10,99,0,30.97,100.88,312.00,1673.00,null,null,null
2023-08-25T02:35:06Z,25.31,65.13,99,0,30.86,100.88,312.00,1673.00,3,3,3
2023-08-25T02:36:06Z,25.31,65.14,99,0,30.23,100.87,312.00,1673.00,null,null,null
2023-08-25T02:37:06Z,25.33,65.05,99,0,30.62,100.88,318.00,1678.00,null,null,null
2023-08-25T02:38:06Z,25.33,65.14,99,0,30.71,100.88,324.00,1686.00,null,null,null
2023-08-25T02:39:06Z,25.30,65.10,99,0,30.62,100.88,318.00,1678.00,null,null,null
2023-08-25T02:40:06Z,25.31,65.15,99,0,31.13,100.88,318.00,1678.00,5,5,5
2023-08-25T02:41:06Z,25.30,65.11,99,0,29.83,100.88,324.00,1686.00,null,null,null
2023-08-25T02:42:06Z,25.33,65.09,99,0,30.65,100.88,318.00,1678.00,null,null,null
2023-08-25T02:43:06Z,25.31,65.09,99,0,35.25,100.88,318.00,1678.00,null,null,null
2023-08-25T02:44:06Z,25.29,65.17,99,0,30.63,100.87,318.00,1678.00,null,null,null
2023-08-25T02:45:06Z,25.30,65.14,99,0,30.47,100.88,329.00,1690.00,4,6,6
2023-08-25T02:46:06Z,25.30,65.11,99,0,30.50,100.88,329.00,1690.00,null,null,null
2023-08-25T02:47:06Z,25.31,65.09,99,0,30.85,100.88,329.00,1690.00,null,null,null
2023-08-25T02:48:06Z,25.30,65.13,99,0,29.93,100.88,333.00,1695.00,null,null,null
2023-08-25T02:49:06Z,25.30,65.10,99,0,29.58,100.88,333.00,1695.00,null,null,null
2023-08-25T02:50:06Z,25.27,65.15,99,0,30.06,100.88,338.00,1700.00,2,3,3
2023-08-25T02:51:06Z,25.30,65.15,99,0,30.68,100.89,333.00,1695.00,null,null,null
2023-08-25T02:52:06Z,25.31,65.08,99,0,30.80,100.88,338.00,1700.00,null,null,null
2023-08-25T02:53:06Z,25.31,65.09,99,0,32.58,100.88,345.00,1705.00,null,null,null
2023-08-25T02:54:06Z,25.31,65.03,99,0,29.53,100.88,345.00,1705.00,null,null,null
2023-08-25T02:55:06Z,25.27,65.14,99,0,31.08,100.88,345.00,1705.00,3,3,3
2023-08-25T02:56:06Z,25.31,65.10,99,0,30.03,100.88,338.00,1700.00,null,null,null
2023-08-25T02:57:06Z,25.30,65.08,99,0,29.94,100.88,345.00,1705.00,null,null,null
2023-08-25T02:58:06Z,25.29,65.06,99,0,30.50,100.88,349.00,1710.00,null,null,null
2023-08-25T02:59:06Z,25.29,65.10,99,0,30.19,100.87,345.00,1705.00,null,null,null
