TIME,TEMP,HUM,BATT,LIGHT,NOISE_A,PRESS,CCS811_VOCS,CCS811_ECO2,PM_1,PM_25,PM_10
ISO 8601,C,%,%,Lux,dBA,kPa,ppb,ppm,ug/m3,ug/m3,ug/m3
Time,Temperature,Humidity,Battery,Light,Noise dBA,Barometric pressure,VOC Gas CCS811,eCO2 Gas CCS811,PM 1.0,PM 2.5,PM 10.0
,55,56,10,14,53,58,113,112,89,87,88
2023-08-19T00:00:04Z,23.50,73.97,99,0,39.54,100.96,43.00,683.00,8,17,17
2023-08-19T00:01:04Z,23.53,74.01,99,0,36.28,100.96,43.00,683.00,null,null,null
2023-08-19T00:02:04Z,23.53,73.94,99,0,35.81,100.96,43.00,683.00,null,null,null
2023-08-19T00:03:04Z,23.54,73.88,99,0,35.86,100.97,43.00,683.00,null,null,null
2023-08-19T00:04:04Z,23.53,73.96,99,0,37.02,100.97,43.00,683.00,null,null,null
2023-08-19T00:05:04Z,23.50,73.99,99,0,34.65,100.97,43.00,683.00,4,4,4
2023-08-19T00:06:04Z,23.50,73.98,99,0,36.22,100.97,41.00,675.00,null,null,null
2023-08-19T00:07:04Z,23.53,73.95,99,0,36.12,100.97,41.00,675.00,null,null,null
2023-08-19T00:08:04Z,23.54,73.98,99,0,36.63,100.98,43.00,683.00,null,null,null
2023-08-19T00:09:04Z,23.51,74.05,99,0,33.62,100.99,43.00,683.00,null,null,null
2023-08-19T00:10:04Z,23.53,74.06,99,0,37.71,101.00,43.00,683.00,7,12,12
2023-08-19T00:11:04Z,23.54,74.13,99,0,31.55,101.00,41.00,675.00,null,null,null
2023-08-19T00:12:04Z,23.54,74.06,99,0,35.31,101.01,43.00,683.00,null,null,null
2023-08-19T00:13:04Z,23.53,73.98,99,0,37.76,101.01,43.00,683.00,null,null,null
2023-08-19T00:14:04Z,23.51,74.03,99,0,37.40,101.02,43.00,683.00,null,null,null
2023-08-19T00:15:04Z,23.50,74.08,99,0,36.38,101.01,43.00,683.00,6,10,10
2023-08-19T00:16:04Z,23.53,74.12,99,0,32.29,101.02,43.00,683.00,null,null,null
2023-08-19T00:17:04Z,23.53,73.99,99,0,32.16,101.02,43.00,683.00,null,null,null
2023-08-19T00:18:04Z,23.51,74.02,99,0,32.32,101.02,44.00,692.00,null,null,null
2023-08-19T00:19:04Z,23.51,74.02,99,0,38.40,101.02,43.00,683.00,null,null,null
2023-08-19T00:20:04Z,23.50,74.10,99,0,37.57,101.02,43.00,683.00,9,16,16
2023-08-19T00:21:04Z,23.54,74.17,99,0,37.22,101.02,41.00,675.00,null,null,null
2023-08-19T00:22:04Z,23.53,74.10,99,0,36.21,101.02,44.00,692.00,null,null,null
2023-08-19T00:23:04Z,23.53,74.11,99,0,35.53,101.01,44.00,692.00,null,null,null
2023-08-19T00:24:04Z,23.53,74.13,99,0,38.12,101.01,43.00,683.00,null,null,null
2023-08-19T00:25:04Z,23.51,74.17,99,0,35.30,101.01,44.00,692.00,8,19,19
2023-08-19T00:26:04Z,23.53,74.25,99,0,36.99,101.00,41.00,675.00,null,null,null
2023-08-19T00:27:04Z,23.51,74.21,99,0,37.05,101.00,43.00,686.00,null,null,null
2023-08-19T00:28:04Z,23.53,74.18,99,0,36.69,101.00,44.00,692.00,null,null,null
2023-08-19T00:29:04Z,23.53,74.19,99,0,36.19,101.00,44.00,692.00,null,null,null
2023-08-19T00:30:04Z,23.51,74.17,99,0,37.89,100.98,44.00,692.00,9,18,18
2023-08-19T00:31:04Z,23.51,74.18,99,0,32.01,100.98,43.00,683.00,null,null,null
2023-08-19T00:32:04Z,23.55,74.19,99,0,34.81,100.97,44.00,692.00,null,null,null
2023-08-19T00:33:04Z,23.54,74.21,99,0,35.82,100.97,44.00,692.00,null,null,null
2023-08-19T00:34:04Z,23.53,74.25,99,0,36.46,100.98,44.00,692.00,null,null,null
2023-08-19T00:35:04Z,23.53,74.25,99,0,33.96,100.98,43.00,686.00,9,9,9
2023-08-19T00:36:04Z,23.51,74.29,99,0,37.60,100.97,42.00,678.00,null,null,null
2023-08-19T00:37:04Z,23.50,74.19,99,0,33.38,100.97,43.00,686.00,null,null,null
2023-08-19T00:38:04Z,23.53,74.29,99,0,37.38,100.97,44.00,692.00,null,null,null
2023-08-19T00:39:04Z,23.50,74.26,99,0,37.18,100.96,43.00,686.00,null,null,null
2023-08-19T00:40:04Z,23.50,74.39,99,0,38.59,100.96,43.00,686.00,7,7,7
2023-08-19T00:41:04Z,23.54,74.32,99,0,35.37,100.96,42.00,678.00,null,null,null
2023-08-19T00:42:04Z,23.53,74.29,99,0,33.35,100.96,43.00,686.00,null,null,null
2023-08-19T00:43:04Z,23.50,74.29,99,0,33.18,100.95,43.00,686.00,null,null,null
2023-08-19T00:44:04Z,23.53,74.31,99,0,33.12,100.95,43.00,686.00,null,null,null
2023-08-19T00:45:04Z,23.49,74.36,99,0,33.77,100.94,43.00,686.00,7,10,10
2023-08-19T00:46:04Z,23.51,74.34,99,0,37.01,100.94,42.00,678.00,null,null,null
2023-08-19T00:47:04Z,23.53,74.33,99,0,31.15,100.94,43.00,686.00,null,null,null
2023-08-19T00:48:04Z,23.53,74.30,99,0,37.91,100.94,43.00,686.00,null,null,null
2023-08-19T00:49:04Z,23.53,74.29,99,0,36.98,100.94,43.00,686.00,null,null,null
2023-08-19T00:50:04Z,23.50,74.32,99,0,37.55,100.94,43.00,686.00,6,8,8
2023-08-19T00:51:04Z,23.51,74.35,99,0,36.11,100.94,41.00,671.00,null,null,null
2023-08-19T00:52:04Z,23.53,74.30,99,0,33.11,100.95,43.00,686.00,null,null,null
2023-08-19T00:53:04Z,23.51,74.34,99,0,35.87,100.95,43.00,686.00,null,null,null
2023-08-19T00:54:04Z,23.51,74.35,99,0,35.80,100.95,43.00,686.00,null,null,null
2023-08-19T00:55:04Z,23.47,74.44,99,0,34.40,100.95,46.00,702.00,8,9,9
2023-08-19T00:56:04Z,23.51,74.50,99,0,33.19,100.95,46.00,702.00,null,null,null
2023-08-19T00:57:04Z,23.54,74.41,99,0,33.91,100.96,47.00,710.00,null,null,null
2023-08-19T00:58:04Z,23.51,74.37,99,0,34.53,100.96,47.00,710.00,null,null,null
2023-08-19T00:59:04Z,23.53,74.42,99,0,33.88,100.96,48.00,717.00,null,null,null
2023-08-19T01:00:04Z,23.51,74.42,99,0,36.26,100.96,48.00,717.00,7,12,12
2023-08-19T01:01:04Z,23.53,74.49,99,0,34.79,100.96,47.00,710.00,null,null,null
2023-08-19T01:02:04Z,23.51,74.47,99,0,36.49,100.96,48.00,717.00,null,null,null
2023-08-19T01:03:04Z,23.53,74.46,99,0,37.78,100.97,48.00,717.00,null,null,null
2023-08-19T01:04:04Z,23.50,74.38,99,0,35.84,100.97,48.00,717.00,null,null,null
2023-08-19T01:05:04Z,23.50,74.54,99,0,35.63,100.97,48.00,717.00,6,7,7
2023-08-19T01:06:04Z,23.53,74.61,99,0,38.99,100.96,48.00,717.00,null,null,null
2023-08-19T01:07:04Z,23.51,74.50,99,0,38.47,100.97,50.00,733.00,null,null,null
2023-08-19T01:08:04Z,23.53,74.52,99,0,36.63,100.97,53.00,754.00,null,null,null
2023-08-19T01:09:04Z,23.51,74.52,99,0,36.26,100.97,53.00,749.00,null,null,null
2023-08-19T01:10:04Z,23.49,74.63,99,0,35.14,100.97,56.00,768.00,6,13,13
2023-08-19T01:11:04Z,23.54,74.62,99,0,38.44,100.96,53.00,749.00,null,null,null
2023-08-19T01:12:04Z,23.53,74.60,99,0,36.93,100.95,56.00,768.00,null,null,null
2023-08-19T01:13:04Z,23.54,74.54,99,0,36.09,100.95,53.00,754.00,null,null,null
2023-08-19T01:14:04Z,23.51,74.57,99,0,36.19,100.96,53.00,749.00,null,null,null
2023-08-19T01:15:04Z,23.51,74.66,99,0,34.89,100.96,52.00,742.00,9,11,11
2023-08-19T01:16:04Z,23.51,74.70,99,0,35.29,100.95,52.00,742.00,null,null,null
2023-08-19T01:17:04Z,23.55,74.67,99,0,36.60,100.95,53.00,749.00,null,null,null
2023-08-19T01:18:04Z,23.53,74.69,99,0,37.09,100.96,52.00,742.00,null,null,null
2023-08-19T01:19:04Z,23.53,74.65,99,0,33.59,100.96,52.00,742.00,null,null,null
2023-08-19T01:20:04Z,23.50,74.73,99,0,32.73,100.97,52.00,742.00,6,9,9
2023-08-19T01:21:04Z,23.53,74.78,99,0,34.03,100.97,52.00,742.00,null,null,null
2023-08-19T01:22:04Z,23.55,74.72,99,0,35.23,100.98,51.00,735.00,null,null,null
2023-08-19T01:23:04Z,23.51,74.79,99,0,33.91,100.97,53.00,749.00,null,null,null
2023-08-19T01:24:04Z,23.51,74.79,99,0,35.36,100.97,51.00,735.00,null,null,null
2023-08-19T01:25:04Z,23.47,74.88,99,0,33.43,100.97,51.00,735.00,8,10,10
2023-08-19T01:26:04Z,23.54,74.84,99,0,33.51,100.98,52.00,744.00,null,null,null
2023-08-19T01:27:04Z,23.54,74.77,99,0,34.33,100.97,51.00,735.00,null,null,null
2023-08-19T01:28:04Z,23.53,74.80,99,0,37.45,100.96,51.00,735.00,null,null,null
2023-08-19T01:29:04Z,23.51,74.76,99,0,36.74,100.97,52.00,744.00,null,null,null
2023-08-19T01:30:04Z,23.51,74.82,99,0,37.98,100.97,51.00,735.00,6,6,6
2023-08-19T01:31:04Z,23.53,74.80,99,0,31.28,100.98,51.00,735.00,null,null,null
2023-08-19T01:32:04Z,23.53,74.78,99,0,30.51,100.98,51.00,735.00,null,null,null
2023-08-19T01:33:04Z,23.54,74.72,99,0,33.62,100.98,51.00,735.00,null,null,null
2023-08-19T01:34:04Z,23.54,74.69,99,0,35.43,100.99,52.00,742.00,null,null,null
2023-08-19T01:35:04Z,23.51,74.78,99,0,33.11,100.99,52.00,742.00,9,9,15
2023-08-19T01:36:04Z,23.54,74.83,99,0,34.84,100.99,51.00,735.00,null,null,null
2023-08-19T01:37:04Z,23.54,74.74,99,0,35.81,100.99,51.00,735.00,null,null,null
2023-08-19T01:38:04Z,23.54,74.72,99,0,35.42,100.98,50.00,733.00,null,null,null
2023-08-19T01:39:04Z,23.53,74.78,99,0,32.34,100.97,50.00,733.00,null,null,null
2023-08-19T01:40:04Z,23.54,74.76,99,0,32.14,100.97,49.00,728.00,10,11,11
2023-08-19T01:41:04Z,23.53,74.77,99,0,34.15,100.97,51.00,735.00,null,null,null
2023-08-19T01:42:04Z,23.53,74.69,99,0,32.53,100.97,49.00,728.00,null,null,null
2023-08-19T01:43:04Z,23.53,74.67,99,0,33.54,100.97,50.00,733.00,null,null,null
2023-08-19T01:44:04Z,23.53,74.69,99,0,36.37,100.98,50.00,733.00,null,null,null
2023-08-19T01:45:04Z,23.53,74.73,99,0,37.22,100.97,48.00,717.00,9,11,11
2023-08-19T01:46:04Z,23.53,74.75,99,0,32.94,100.97,50.00,733.00,null,null,null
2023-08-19T01:47:04Z,23.54,74.65,99,0,37.76,100.98,49.00,728.00,null,null,null
2023-08-19T01:48:04Z,23.54,74.67,99,0,32.26,100.97,50.00,733.00,null,null,null
2023-08-19T01:49:04Z,23.51,74.64,99,0,32.87,100.98,50.00,733.00,null,null,null
2023-08-19T01:50:04Z,23.51,74.75,99,0,33.76,100.97,50.00,733.00,9,12,12
2023-08-19T01:51:04Z,23.50,74.68,99,0,35.48,100.97,47.00,712.00,null,null,null
2023-08-19T01:52:04Z,23.53,74.63,99,0,36.09,100.97,48.00,717.00,null,null,null
2023-08-19T01:53:04Z,23.53,74.66,99,0,34.17,100.97,48.00,717.00,null,null,null
2023-08-19T01:54:04Z,23.53,74.69,99,0,35.66,100.97,48.00,717.00,null,null,null
2023-08-19T01:55:04Z,23.51,74.68,99,0,35.95,100.97,48.00,717.00,7,9,9
2023-08-19T01:56:04Z,23.53,74.61,99,0,32.69,100.97,48.00,717.00,null,null,null
2023-08-19T01:57:04Z,23.53,74.57,99,0,37.69,100.97,48.00,717.00,null,null,null
2023-08-19T01:58:04Z,23.55,74.58,99,0,36.26,100.97,48.00,717.00,null,null,null
2023-08-19T01:59:04Z,23.51,74.53,99,0,37.10,100.97,47.00,710.00,null,null,null
2023-08-19T02:00:04Z,23.50,74.61,99,0,36.61,100.97,47.00,710.00,3,3,3
2023-08-19T02:01:04Z,23.53,74.62,99,0,36.58,100.97,47.00,710.00,null,null,null
2023-08-19T02:02:04Z,23.54,74.52,99,0,34.94,100.97,47.00,710.00,null,null,null
2023-08-19T02:03:04Z,23.54,74.49,99,0,37.26,100.96,47.00,710.00,null,null,null
2023-08-19T02:04:04Z,23.54,74.52,99,0,34.10,100.97,47.00,710.00,null,null,null
2023-08-19T02:05:04Z,23.50,74.58,99,0,33.23,100.97,47.00,710.00,6,10,10
2023-08-19T02:06:04Z,23.53,74.57,99,0,31.91,100.97,47.00,710.00,null,null,null
2023-08-19T02:07:04Z,23.51,74.50,99,0,34.33,100.97,47.00,710.00,null,null,null
2023-08-19T02:08:04Z,23.51,74.46,99,0,35.83,100.97,46.00,702.00,null,null,null
2023-08-19T02:09:04Z,23.50,74.43,99,0,36.15,100.98,46.00,702.00,null,null,null
2023-08-19T02:10:04Z,23.51,74.44,99,0,35.08,100.97,46.00,702.00,3,3,3
2023-08-19T02:11:04Z,23.51,74.48,99,0,33.61,100.98,46.00,702.00,null,null,null
2023-08-19T02:12:04Z,23.53,74.47,99,0,33.52,100.98,46.00,702.00,null,null,null
2023-08-19T02:13:04Z,23.51,74.46,99,0,34.77,100.97,46.00,702.00,null,null,null
2023-08-19T02:14:04Z,23.51,74.48,99,0,30.80,100.98,46.00,702.00,null,null,null
2023-08-19T02:15:04Z,23.51,74.51,99,0,32.19,100.97,46.00,702.00,6,7,7
2023-08-19T02:16:04Z,23.53,74.44,99,0,36.09,100.97,46.00,702.00,null,null,null
2023-08-19T02:17:04Z,23.53,74.42,99,0,33.01,100.98,44.00,694.00,null,null,null
2023-08-19T02:18:04Z,23.53,74.41,99,0,35.08,100.97,44.00,694.00,null,null,null
2023-08-19T02:19:04Z,23.51,74.40,99,0,36.73,100.97,44.00,694.00,null,null,null
2023-08-19T02:20:04Z,23.51,74.45,99,0,33.34,100.97,44.00,694.00,2,3,3
2023-08-19T02:21:04Z,23.51,74.35,99,0,35.50,100.97,44.00,694.00,null,null,null
2023-08-19T02:22:04Z,23.53,74.34,99,0,33.87,100.98,44.00,694.00,null,null,null
2023-08-19T02:23:04Z,23.54,74.37,99,0,35.36,100.98,44.00,694.00,null,null,null
2023-08-19T02:24:04Z,23.53,74.41,99,0,35.29,100.97,46.00,702.00,null,null,null
2023-08-19T02:25:04Z,23.53,74.33,99,0,35.74,100.97,44.00,694.00,3,3,3
2023-08-19T02:26:04Z,23.51,74.36,99,0,38.07,100.97,44.00,694.00,null,null,null
2023-08-19T02:27:04Z,23.54,74.33,99,0,31.44,100.97,44.00,694.00,null,null,null
2023-08-19T02:28:04Z,23.54,74.38,99,0,34.44,100.97,44.00,694.00,null,null,null
2023-08-19T02:29:04Z,23.50,74.36,99,0,32.24,100.97,44.00,694.00,null,null,null
2023-08-19T02:30:04Z,23.49,74.33,99,0,34.05,100.97,44.00,694.00,7,11,11
2023-08-19T02:31:04Z,23.50,74.31,99,0,35.38,100.97,44.00,694.00,null,null,null
2023-08-19T02:32:04Z,23.51,74.29,99,0,34.61,100.97,43.00,686.00,null,null,null
2023-08-19T02:33:04Z,23.49,74.33,99,0,34.23,100.97,43.00,686.00,null,null,null
2023-08-19T02:34:04Z,23.50,74.26,99,0,30.92,100.97,43.00,686.00,null,null,null
2023-08-19T02:35:04Z,23.50,74.29,99,0,37.74,100.97,43.00,686.00,7,11,11
2023-08-19T02:36:04Z,23.51,74.29,99,0,36.07,100.97,43.00,686.00,null,null,null
2023-08-19T02:37:04Z,23.50,74.26,99,0,36.31,100.97,42.00,678.00,null,null,null
2023-08-19T02:38:04Z,23.51,74.22,99,0,37.50,100.97,43.00,686.00,null,null,null
2023-08-19T02:39:04Z,23.50,74.25,99,0,37.64,100.97,43.00,683.00,null,null,null
2023-08-19T02:40:04Z,23.50,74.26,99,0,31.01,100.97,42.00,678.00,6,10,10
2023-08-19T02:41:04Z,23.51,74.30,99,0,35.39,100.98,42.00,678.00,null,null,null
2023-08-19T02:42:04Z,23.50,74.22,99,0,33.85,100.98,42.00,678.00,null,null,null
2023-08-19T02:43:04Z,23.50,74.22,99,0,35.94,100.98,43.00,683.00,null,null,null
2023-08-19T02:44:04Z,23.49,74.25,99,0,37.56,100.98,41.00,675.00,null,null,null
2023-08-19T02:45:04Z,23.51,74.26,99,0,38.77,100.98,42.00,678.00,7,15,15
2023-08-19T02:46:04Z,23.49,74.28,99,0,38.45,100.98,41.00,671.00,null,null,null
2023-08-19T02:47:04Z,23.50,74.24,99,0,35.20,100.98,41.00,671.00,null,null,null
2023-08-19T02:48:04Z,23.50,74.25,99,0,32.94,100.98,41.00,675.00,null,null,null
2023-08-19T02:49:04Z,23.49,74.21,99,0,33.75,100.98,41.00,671.00,null,null,null
2023-08-19T02:50:04Z,23.50,74.32,99,0,36.68,100.98,41.00,675.00,4,4,4
2023-08-19T02:51:04Z,23.49,74.24,99,0,36.87,100.97,41.00,671.00,null,null,null
2023-08-19T02:52:04Z,23.50,74.21,99,0,33.71,100.98,41.00,675.00,null,null,null
2023-08-19T02:53:04Z,23.50,74.25,99,0,34.09,100.98,40.00,668.00,null,null,null
2023-08-19T02:54:04Z,23.50,74.26,99,0,30.58,100.98,41.00,671.00,null,null,null
2023-08-19T02:55:04Z,23.50,74.26,99,0,33.60,100.98,41.00,671.00,2,3,3
2023-08-19T02:56:04Z,23.50,74.22,99,0,36.83,100.98,39.00,660.00,null,null,null
2023-08-19T02:57:04Z,23.51,74.22,99,0,36.35,100.99,40.00,668.00,null,null,null
2023-08-19T02:58:04Z,23.47,74.20,99,0,36.88,100.99,40.00,668.00,null,null,null
2023-08-19T02:59:04Z,23.49,74.21,99,0,39.03,100.99,40.00,668.00,null,null,null
