TIME,TEMP,HUM,BATT,LIGHT,NOISE_A,PRESS,CCS811_VOCS,CCS811_ECO2,PM_1,PM_25,PM_10
ISO 8601,C,%,%,Lux,dBA,kPa,ppb,ppm,ug/m3,ug/m3,ug/m3
Time,Temperature,Humidity,Battery,Light,Noise dBA,Barometric pressure,VOC Gas CCS811,eCO2 Gas CCS811,PM 1.0,PM 2.5,PM 10.0
,55,56,10,14,53,58,113,112,89,87,88
2023-09-16T00:00:05Z,24.31,58.90,89,0,27.90,101.06,65.00,827.00,3,6,6
2023-09-16T00:01:05Z,24.32,58.89,89,0,31.08,101.06,66.00,834.00,null,null,null
2023-09-16T00:02:05Z,24.34,58.84,89,0,30.40,101.06,65.00,827.00,null,null,null
2023-09-16T00:03:05Z,24.31,58.91,89,0,31.10,101.06,66.00,834.00,null,null,null
2023-09-16T00:04:05Z,24.32,58.88,89,0,26.80,101.06,66.00,834.00,null,null,null
2023-09-16T00:05:05Z,24.31,58.91,89,0,33.49,101.06,66.00,834.00,2,2,2
2023-09-16T00:06:05Z,24.34,58.92,89,0,29.05,101.06,66.00,834.00,null,null,null
2023-09-16T00:07:05Z,24.34,58.86,89,0,28.06,101.06,66.00,834.00,null,null,null
2023-09-16T00:08:05Z,24.32,58.86,89,0,30.63,101.06,66.00,834.00,null,null,null
2023-09-16T00:09:05Z,24.29,58.92,89,0,32.72,101.06,66.00,834.00,null,null,null
2023-09-16T00:10:05Z,24.29,58.92,89,0,28.39,101.06,66.00,834.00,4,4,4
2023-09-16T00:11:05Z,24.32,58.92,89,0,28.96,101.06,66.00,834.00,null,null,null
2023-09-16T00:12:05Z,24.34,58.91,89,0,30.04,101.06,66.00,834.00,null,null,null
2023-09-16T00:13:05Z,24.31,58.93,89,0,27.18,101.06,66.00,834.00,null,null,null
2023-09-16T00:14:05Z,24.29,58.92,89,0,28.67,101.06,66.00,834.00,null,null,null
2023-09-16T00:15:05Z,24.28,58.93,89,0,32.72,101.06,67.00,846.00,5,5,5
2023-09-16T00:16:05Z,24.32,58.97,89,0,29.53,101.06,69.00,853.00,null,null,null
2023-09-16T00:17:05Z,24.31,58.91,89,0,31.12,101.06,67.00,846.00,null,null,null
2023-09-16T00:18:05Z,24.32,58.94,89,0,30.69,101.06,67.00,846.00,null,null,null
2023-09-16T00:19:05Z,24.32,58.91,89,0,30.18,101.06,69.00,853.00,null,null,null
2023-09-16T00:20:05Z,24.28,58.92,89,0,30.69,101.06,67.00,846.00,6,6,6
2023-09-16T00:21:05Z,24.31,58.96,89,0,30.23,101.06,67.00,846.00,null,null,null
2023-09-16T00:22:05Z,24.27,58.90,89,0,34.49,101.06,69.00,853.00,null,null,null
2023-09-16T00:23:05Z,24.29,58.94,89,0,32.97,101.05,69.00,853.00,null,null,null
2023-09-16T00:24:05Z,24.31,58.95,89,0,29.50,101.06,69.00,853.00,null,null,null
2023-09-16T00:25:05Z,24.28,58.95,89,0,28.45,101.06,69.00,853.00,2,2,2
2023-09-16T00:26:05Z,24.29,58.99,89,0,33.35,101.05,69.00,853.00,null,null,null
2023-09-16T00:27:05Z,24.34,58.93,89,0,30.57,101.05,69.00,853.00,null,null,null
2023-09-16T00:28:05Z,24.32,58.93,89,0,26.73,101.05,69.00,853.00,null,null,null
2023-09-16T00:29:05Z,24.29,58.98,89,0,28.27,101.05,69.00,853.00,null,null,null
2023-09-16T00:30:05Z,24.28,58.98,89,0,31.16,101.05,70.00,865.00,3,4,4
2023-09-16T00:31:05Z,24.29,59.01,89,0,28.57,101.05,70.00,865.00,null,null,null
2023-09-16T00:32:05Z,24.29,58.96,89,0,27.85,101.05,70.00,865.00,null,null,null
2023-09-16T00:33:05Z,24.32,58.96,89,0,30.04,101.05,70.00,865.00,null,null,null
2023-09-16T00:34:05Z,24.28,58.97,89,0,28.15,101.05,70.00,865.00,null,null,null
2023-09-16T00:35:05Z,24.27,59.00,89,0,29.64,101.05,70.00,865.00,5,5,5
2023-09-16T00:36:05Z,24.29,58.99,89,0,30.34,101.05,72.00,874.00,null,null,null
2023-09-16T00:37:05Z,24.28,58.95,89,0,28.14,101.05,72.00,874.00,null,null,null
2023-09-16T00:38:05Z,24.27,58.98,89,0,31.81,101.05,72.00,874.00,null,null,null
2023-09-16T00:39:05Z,24.25,58.94,89,0,31.37,101.05,72.00,874.00,null,null,null
2023-09-16T00:40:05Z,24.25,58.96,89,0,28.07,101.04,72.00,874.00,5,6,6
2023-09-16T00:41:05Z,24.28,58.98,89,0,32.84,101.04,72.00,874.00,null,null,null
2023-09-16T00:42:05Z,24.28,59.00,89,0,28.36,101.04,72.00,874.00,null,null,null
2023-09-16T00:43:05Z,24.31,58.96,89,0,29.53,101.04,72.00,874.00,null,null,null
2023-09-16T00:44:05Z,24.29,59.02,89,0,30.85,101.04,72.00,874.00,null,null,null
2023-09-16T00:45:05Z,24.28,59.00,89,0,32.01,101.04,72.00,874.00,5,5,5
2023-09-16T00:46:05Z,24.28,58.99,88,0,29.78,101.04,72.00,874.00,null,null,null
2023-09-16T00:47:05Z,24.28,58.94,89,0,29.48,101.04,73.00,880.00,null,null,null
2023-09-16T00:48:05Z,24.27,58.97,89,0,28.57,101.04,72.00,874.00,null,null,null
2023-09-16T00:49:05Z,24.27,58.98,89,0,32.19,101.04,72.00,874.00,null,null,null
2023-09-16T00:50:05Z,24.25,59.02,89,0,28.22,101.04,73.00,880.00,5,5,5
2023-09-16T00:51:05Z,24.27,58.98,88,0,29.58,101.04,72.00,874.00,null,null,null
2023-09-16T00:52:05Z,24.27,58.96,88,0,27.16,101.04,73.00,880.00,null,null,null
2023-09-16T00:53:05Z,24.28,58.92,89,0,30.35,101.04,73.00,880.00,null,null,null
2023-09-16T00:54:05Z,24.28,58.98,88,0,27.99,101.04,73.00,880.00,null,null,null
2023-09-16T00:55:05Z,24.25,59.01,88,0,27.82,101.03,73.00,880.00,1,1,1
2023-09-16T00:56:05Z,24.27,59.04,88,0,25.73,101.03,73.00,880.00,null,null,null
2023-09-16T00:57:05Z,24.25,59.01,88,0,28.44,101.03,75.00,895.00,null,null,null
2023-09-16T00:58:05Z,24.25,59.04,89,0,31.09,101.04,73.00,880.00,null,null,null
2023-09-16T00:59:05Z,24.27,59.03,88,0,30.17,101.03,73.00,880.00,null,null,null
2023-09-16T01:00:05Z,24.27,59.09,88,0,32.67,101.03,75.00,895.00,5,5,5
2023-09-16T01:01:05Z,24.28,59.02,88,0,30.53,101.03,73.00,880.00,null,null,null
2023-09-16T01:02:05Z,24.27,59.02,88,0,29.37,101.04,73.00,880.00,null,null,null
2023-09-16T01:03:05Z,24.28,59.05,88,0,28.33,101.04,75.00,895.00,null,null,null
2023-09-16T01:04:05Z,24.27,59.03,88,0,30.75,101.04,75.00,895.00,null,null,null
2023-09-16T01:05:05Z,24.25,59.02,88,0,31.32,101.03,75.00,895.00,4,6,6
2023-09-16T01:06:05Z,24.25,59.06,88,0,33.62,101.03,75.00,895.00,null,null,null
2023-09-16T01:07:05Z,24.28,59.09,88,0,41.26,101.03,73.00,880.00,null,null,null
2023-09-16T01:08:05Z,24.25,59.02,88,0,28.83,101.03,76.00,905.00,null,null,null
2023-09-16T01:09:05Z,24.25,59.05,88,0,28.45,101.03,75.00,895.00,null,null,null
2023-09-16T01:10:05Z,24.25,59.08,88,0,30.64,101.04,76.00,905.00,4,4,4
2023-09-16T01:11:05Z,24.25,59.06,88,0,31.59,101.04,76.00,905.00,null,null,null
2023-09-16T01:12:05Z,24.27,59.07,88,0,38.61,101.04,76.00,905.00,null,null,null
2023-09-16T01:13:05Z,24.23,59.05,88,0,28.42,101.04,76.00,905.00,null,null,null
2023-09-16T01:14:05Z,24.28,59.05,88,0,30.01,101.04,89.00,987.00,null,null,null
2023-09-16T01:15:05Z,24.23,59.03,88,0,32.52,101.04,77.00,909.00,2,2,2
2023-09-16T01:16:05Z,24.27,59.14,88,0,27.55,101.04,89.00,987.00,null,null,null
2023-09-16T01:17:05Z,24.22,59.04,88,0,30.84,101.04,76.00,905.00,null,null,null
2023-09-16T01:18:05Z,24.27,59.06,88,0,29.67,101.04,90.00,992.00,null,null,null
2023-09-16T01:19:05Z,24.25,59.08,88,0,28.91,101.04,77.00,909.00,null,null,null
2023-09-16T01:20:05Z,24.23,59.11,88,0,32.87,101.04,77.00,909.00,2,2,10
2023-09-16T01:21:05Z,24.23,59.15,88,0,32.14,101.04,92.00,1004.00,null,null,null
2023-09-16T01:22:05Z,24.23,59.10,88,0,32.91,101.04,92.00,1004.00,null,null,null
2023-09-16T01:23:05Z,24.27,59.08,88,0,29.15,101.04,92.00,1004.00,null,null,null
2023-09-16T01:24:05Z,24.23,59.10,88,0,31.62,101.03,77.00,909.00,null,null,null
2023-09-16T01:25:05Z,24.19,59.08,88,0,30.20,101.04,92.00,1004.00,2,2,2
2023-09-16T01:26:05Z,24.23,59.13,88,0,32.46,101.03,94.00,1019.00,null,null,null
2023-09-16T01:27:05Z,24.23,59.11,88,0,36.14,101.03,90.00,992.00,null,null,null
2023-09-16T01:28:05Z,24.25,59.09,88,0,31.11,101.03,94.00,1019.00,null,null,null
2023-09-16T01:29:05Z,24.25,59.12,88,0,28.81,101.03,79.00,920.00,null,null,null
2023-09-16T01:30:05Z,24.21,59.11,88,0,29.61,101.03,81.00,935.00,3,3,3
2023-09-16T01:31:05Z,24.25,59.14,88,0,26.21,101.03,92.00,1004.00,null,null,null
2023-09-16T01:32:05Z,24.22,59.13,88,0,28.84,101.02,79.00,920.00,null,null,null
2023-09-16T01:33:05Z,24.23,59.10,88,0,29.56,101.02,92.00,1004.00,null,null,null
2023-09-16T01:34:05Z,24.23,59.15,88,0,29.91,101.02,94.00,1019.00,null,null,null
2023-09-16T01:35:05Z,24.22,59.18,88,0,30.78,101.02,94.00,1019.00,6,7,7
2023-09-16T01:36:05Z,24.23,59.18,88,0,28.93,101.02,96.00,1032.00,null,null,null
2023-09-16T01:37:05Z,24.23,59.12,88,0,28.96,101.02,96.00,1032.00,null,null,null
2023-09-16T01:38:05Z,24.22,59.06,88,0,27.04,101.02,96.00,1032.00,null,null,null
2023-09-16T01:39:05Z,24.21,59.14,88,0,31.13,101.02,96.00,1032.00,null,null,null
2023-09-16T01:40:05Z,24.22,59.19,88,0,28.09,101.02,96.00,1032.00,5,6,6
2023-09-16T01:41:05Z,24.22,59.19,88,0,27.62,101.02,96.00,1032.00,null,null,null
2023-09-16T01:42:05Z,24.21,59.11,88,0,29.62,101.02,96.00,1032.00,null,null,null
2023-09-16T01:43:05Z,24.21,59.18,88,0,29.62,101.01,98.00,1044.00,null,null,null
2023-09-16T01:44:05Z,24.19,59.15,88,0,27.55,101.02,96.00,1032.00,null,null,null
2023-09-16T01:45:05Z,24.21,59.16,88,0,29.18,101.02,98.00,1044.00,3,3,3
2023-09-16T01:46:05Z,24.22,59.16,88,0,30.93,101.02,96.00,1032.00,null,null,null
2023-09-16T01:47:05Z,24.22,59.19,88,0,34.83,101.02,98.00,1044.00,null,null,null
2023-09-16T01:48:05Z,24.21,59.15,88,0,29.08,101.02,96.00,1032.00,null,null,null
2023-09-16T01:49:05Z,24.19,59.21,87,0,25.65,101.02,98.00,1044.00,null,null,null
2023-09-16T01:50:05Z,24.19,59.21,88,0,29.40,101.01,98.00,1044.00,3,3,3
2023-09-16T01:51:05Z,24.18,59.22,88,0,28.80,101.02,96.00,1032.00,null,null,null
2023-09-16T01:52:05Z,24.21,59.18,87,0,30.63,101.01,98.00,1044.00,null,null,null
2023-09-16T01:53:05Z,24.19,59.17,87,0,30.33,101.01,98.00,1044.00,null,null,null
2023-09-16T01:54:05Z,24.21,59.21,88,0,29.01,101.02,99.00,1056.00,null,null,null
2023-09-16T01:55:05Z,24.21,59.22,87,0,27.42,101.02,98.00,1044.00,4,4,4
2023-09-16T01:56:05Z,24.19,59.24,87,0,26.14,101.02,98.00,1044.00,null,null,null
2023-09-16T01:57:05Z,24.22,59.18,87,0,26.03,101.02,99.00,1056.00,null,null,null
2023-09-16T01:58:05Z,24.21,59.25,87,0,29.36,101.02,99.00,1056.00,null,null,null
2023-09-16T01:59:05Z,24.19,59.20,87,0,25.32,101.02,98.00,1044.00,null,null,null
2023-09-16T02:00:05Z,24.16,59.21,87,0,28.61,101.02,98.00,1044.00,3,3,3
2023-09-16T02:01:05Z,24.18,59.22,87,0,28.74,101.02,96.00,1032.00,null,null,null
2023-09-16T02:02:05Z,24.19,59.18,87,0,28.33,101.02,99.00,1056.00,null,null,null
2023-09-16T02:03:05Z,24.19,59.20,87,0,29.15,101.02,102.00,1074.00,null,null,null
2023-09-16T02:04:05Z,24.21,59.19,87,0,30.88,101.02,99.00,1056.00,null,null,null
2023-09-16T02:05:05Z,24.18,59.22,87,0,34.26,101.02,102.00,1074.00,4,4,4
2023-09-16T02:06:05Z,24.22,59.27,87,0,31.28,101.02,99.00,1056.00,null,null,null
2023-09-16T02:07:05Z,24.19,59.23,87,0,27.06,101.03,100.00,1062.00,null,null,null
2023-09-16T02:08:05Z,24.18,59.26,87,0,32.94,101.02,102.00,1074.00,null,null,null
2023-09-16T02:09:05Z,24.19,59.20,87,0,30.32,101.03,100.00,1062.00,null,null,null
2023-09-16T02:10:05Z,24.15,59.22,87,0,27.22,101.03,99.00,1056.00,2,2,2
2023-09-16T02:11:05Z,24.19,59.27,87,0,28.70,101.02,99.00,1056.00,null,null,null
2023-09-16T02:12:05Z,24.21,59.25,87,0,30.17,101.03,100.00,1062.00,null,null,null
2023-09-16T02:13:05Z,24.21,59.22,87,0,27.51,101.03,100.00,1062.00,null,null,null
2023-09-16T02:14:05Z,24.16,59.27,87,0,30.70,101.03,102.00,1074.00,null,null,null
2023-09-16T02:15:05Z,24.18,59.25,87,0,31.37,101.03,100.00,1062.00,4,6,6
2023-09-16T02:16:05Z,24.16,59.28,87,0,29.37,101.03,100.00,1062.00,null,null,null
2023-09-16T02:17:05Z,24.18,59.23,87,0,29.61,101.03,100.00,1062.00,null,null,null
2023-09-16T02:18:05Z,24.16,59.23,87,0,27.14,101.03,102.00,1074.00,null,null,null
2023-09-16T02:19:05Z,24.18,59.23,87,0,32.22,101.03,103.00,1081.00,null,null,null
2023-09-16T02:20:05Z,24.15,59.26,87,0,31.58,101.03,103.00,1081.00,5,6,6
2023-09-16T02:21:05Z,24.18,59.28,87,0,25.03,101.03,100.00,1062.00,null,null,null
2023-09-16T02:22:05Z,24.19,59.26,87,0,25.76,101.03,101.00,1068.00,null,null,null
2023-09-16T02:23:05Z,24.18,59.25,87,0,29.94,101.03,101.00,1068.00,null,null,null
2023-09-16T02:24:05Z,24.18,59.25,87,0,31.56,101.03,101.00,1068.00,null,null,null
2023-09-16T02:25:05Z,24.15,59.28,87,0,31.93,101.03,101.00,1068.00,3,3,3
2023-09-16T02:26:05Z,24.16,59.30,87,0,33.30,101.03,100.00,1062.00,null,null,null
2023-09-16T02:27:05Z,24.19,59.27,87,0,31.28,101.03,101.00,1068.00,null,null,null
2023-09-16T02:28:05Z,24.16,59.30,87,0,25.16,101.03,100.00,1062.00,null,null,null
2023-09-16T02:29:05Z,24.16,59.25,87,0,27.14,101.03,101.00,1068.00,null,null,null
2023-09-16T02:30:05Z,24.16,59.32,87,0,33.42,101.03,101.00,1068.00,3,3,3
2023-09-16T02:31:05Z,24.16,59.30,87,0,28.44,101.03,100.00,1062.00,null,null,null
2023-09-16T02:32:05Z,24.19,59.25,87,0,30.04,101.03,103.00,1081.00,null,null,null
2023-09-16T02:33:05Z,24.16,59.28,87,0,33.47,101.03,101.00,1068.00,null,null,null
2023-09-16T02:34:05Z,24.14,59.32,87,0,31.74,101.03,103.00,1081.00,null,null,null
2023-09-16T02:35:05Z,24.15,59.30,87,0,29.21,101.04,101.00,1068.00,6,6,6
2023-09-16T02:36:05Z,24.18,59.33,87,0,29.78,101.04,101.00,1068.00,null,null,null
2023-09-16T02:37:05Z,24.15,59.28,87,0,28.85,101.04,103.00,1081.00,null,null,null
2023-09-16T02:38:05Z,24.15,59.31,87,0,32.05,101.03,103.00,1081.00,null,null,null
2023-09-16T02:39:05Z,24.16,59.32,87,0,24.86,101.04,103.00,1081.00,null,null,null
2023-09-16T02:40:05Z,24.15,59.34,87,0,27.49,101.04,103.00,1081.00,3,3,3
2023-09-16T02:41:05Z,24.16,59.30,87,0,29.92,101.03,101.00,1068.00,null,null,null
2023-09-16T02:42:05Z,24.16,59.28,87,0,25.79,101.03,103.00,1081.00,null,null,null
2023-09-16T02:43:05Z,24.14,59.33,87,0,27.18,101.03,103.00,1081.00,null,null,null
2023-09-16T02:44:05Z,24.14,59.32,87,0,31.08,101.03,103.00,1081.00,null,null,null
2023-09-16T02:45:05Z,24.15,59.39,87,0,28.06,101.03,103.00,1081.00,3,4,4
2023-09-16T02:46:05Z,24.15,59.29,87,0,28.45,101.02,103.00,1081.00,null,null,null
2023-09-16T02:47:05Z,24.16,59.33,87,0,31.50,101.03,105.00,1093.00,null,null,null
2023-09-16T02:48:05Z,24.16,59.34,87,0,33.08,101.03,105.00,1093.00,null,null,null
2023-09-16T02:49:05Z,24.14,59.35,87,0,28.47,101.02,103.00,1081.00,null,null,null
2023-09-16T02:50:05Z,24.12,59.36,87,0,26.29,101.03,103.00,1081.00,2,4,10
2023-09-16T02:51:05Z,24.14,59.37,87,0,30.97,101.02,101.00,1068.00,null,null,null
2023-09-16T02:52:05Z,24.14,59.37,87,0,30.43,101.02,103.00,1081.00,null,null,null
2023-09-16T02:53:05Z,24.16,59.33,87,0,31.24,101.02,103.00,1081.00,null,null,null
2023-09-16T02:54:05Z,24.15,59.33,87,0,28.57,101.03,103.00,1081.00,null,null,null
2023-09-16T02:55:05Z,24.14,59.34,87,0,30.28,101.03,103.00,1081.00,0,0,0
2023-09-16T02:56:05Z,24.15,59.40,87,0,27.04,101.03,103.00,1081.00,null,null,null
2023-09-16T02:57:05Z,24.15,59.34,87,0,28.12,101.02,103.00,1081.00,null,null,null
2023-09-16T02:58:05Z,24.12,59.34,87,0,28.74,101.02,105.00,1093.00,null,null,null
2023-09-16T02:59:05Z,24.14,59.38,87,0,33.79,101.02,105.00,1093.00,null,null,null
