TIME,TEMP,HUM,BATT,LIGHT,NOISE_A,PRESS,CCS811_VOCS,CCS811_ECO2,PM_1,PM_25,PM_10
ISO 8601,C,%,%,Lux,dBA,kPa,ppb,ppm,ug/m3,ug/m3,ug/m3
Time,Temperature,Humidity,Battery,Light,Noise dBA,Barometric pressure,VOC Gas CCS811,eCO2 Gas CCS811,PM 1.0,PM 2.5,PM 10.0
,55,56,10,14,53,58,113,112,89,87,88
2023-08-12T00:00:04Z,23.44,69.85,99,0,39.39,101.67,17.00,518.00,0,2,8
2023-08-12T00:01:04Z,23.44,69.85,99,0,37.11,101.67,17.00,518.00,null,null,null
2023-08-12T00:02:04Z,23.44,69.82,99,0,38.73,101.67,17.00,518.00,null,null,null
2023-08-12T00:03:04Z,23.46,69.77,99,0,35.50,101.67,17.00,518.00,null,null,null
2023-08-12T00:04:04Z,23.43,69.79,99,0,31.58,101.67,17.00,518.00,null,null,null
2023-08-12T00:05:04Z,23.42,69.86,99,0,35.39,101.66,18.00,523.00,1,2,2
2023-08-12T00:06:04Z,23.44,69.80,99,0,33.71,101.66,18.00,523.00,null,null,null
2023-08-12T00:07:04Z,23.43,69.77,99,0,39.50,101.66,20.00,534.00,null,null,null
2023-08-12T00:08:04Z,23.44,69.80,99,0,44.86,101.67,20.00,534.00,null,null,null
2023-08-12T00:09:04Z,23.43,69.80,99,0,33.11,101.66,20.00,534.00,null,null,null
2023-08-12T00:10:04Z,23.42,69.82,99,0,42.00,101.67,20.00,534.00,1,1,1
2023-08-12T00:11:04Z,23.42,69.84,99,0,32.39,101.67,19.00,529.00,null,null,null
2023-08-12T00:12:04Z,23.43,69.81,99,0,33.89,101.67,20.00,534.00,null,null,null
2023-08-12T00:13:04Z,23.43,69.83,99,0,35.44,101.67,19.00,529.00,null,null,null
2023-08-12T00:14:04Z,23.44,69.77,99,0,33.10,101.67,19.00,529.00,null,null,null
2023-08-12T00:15:04Z,23.40,69.87,99,0,37.45,101.66,19.00,529.00,3,9,9
2023-08-12T00:16:04Z,23.43,69.85,99,0,35.62,101.66,18.00,523.00,null,null,null
2023-08-12T00:17:04Z,23.43,69.76,99,0,34.14,101.65,19.00,529.00,null,null,null
2023-08-12T00:18:04Z,23.44,69.73,99,0,37.67,101.65,18.00,523.00,null,null,null
2023-08-12T00:19:04Z,23.43,69.73,99,0,36.51,101.65,19.00,527.00,null,null,null
2023-08-12T00:20:04Z,23.40,69.75,99,0,36.31,101.66,19.00,527.00,0,1,1
2023-08-12T00:21:04Z,23.43,69.73,99,0,36.08,101.66,18.00,523.00,null,null,null
2023-08-12T00:22:04Z,23.44,69.74,99,0,35.17,101.66,18.00,523.00,null,null,null
2023-08-12T00:23:04Z,23.42,69.74,99,0,35.44,101.66,17.00,517.00,null,null,null
2023-08-12T00:24:04Z,23.43,69.76,99,0,36.43,101.65,18.00,523.00,null,null,null
2023-08-12T00:25:04Z,23.40,69.75,99,0,34.81,101.65,17.00,518.00,0,0,0
2023-08-12T00:26:04Z,23.40,69.82,99,0,37.27,101.65,16.00,508.00,null,null,null
2023-08-12T00:27:04Z,23.44,69.73,99,0,35.54,101.65,16.00,508.00,null,null,null
2023-08-12T00:28:04Z,23.40,69.71,99,0,36.01,101.64,17.00,517.00,null,null,null
2023-08-12T00:29:04Z,23.40,69.76,99,0,35.09,101.65,17.00,517.00,null,null,null
2023-08-12T00:30:04Z,23.38,69.84,99,0,36.07,101.65,15.00,502.00,1,1,1
2023-08-12T00:31:04Z,23.40,69.76,99,0,39.38,101.65,15.00,502.00,null,null,null
2023-08-12T00:32:04Z,23.43,69.70,99,0,37.81,101.65,15.00,502.00,null,null,null
2023-08-12T00:33:04Z,23.43,69.81,99,0,38.88,101.65,16.00,506.00,null,null,null
2023-08-12T00:34:04Z,23.40,69.73,99,0,34.46,101.64,15.00,502.00,null,null,null
2023-08-12T00:35:04Z,23.37,69.80,99,0,32.41,101.64,16.00,506.00,0,0,0
2023-08-12T00:36:04Z,23.40,69.78,99,0,32.12,101.64,15.00,502.00,null,null,null
2023-08-12T00:37:04Z,23.42,69.74,99,0,34.52,101.64,14.00,498.00,null,null,null
2023-08-12T00:38:04Z,23.38,69.79,99,0,33.48,101.64,15.00,502.00,null,null,null
2023-08-12T00:39:04Z,23.40,69.82,99,0,35.64,101.64,14.00,493.00,null,null,null
2023-08-12T00:40:04Z,23.37,69.84,99,0,33.85,101.63,14.00,493.00,1,1,1
2023-08-12T00:41:04Z,23.42,69.85,99,0,34.39,101.64,14.00,493.00,null,null,null
2023-08-12T00:42:04Z,23.40,69.84,99,0,35.59,101.64,14.00,493.00,null,null,null
2023-08-12T00:43:04Z,23.38,69.83,99,0,35.82,101.64,14.00,493.00,null,null,null
2023-08-12T00:44:04Z,23.40,69.90,99,0,33.36,101.64,14.00,493.00,null,null,null
2023-08-12T00:45:04Z,23.36,69.90,99,0,34.75,101.64,14.00,493.00,1,1,1
2023-08-12T00:46:04Z,23.42,69.91,99,0,34.66,101.64,14.00,493.00,null,null,null
2023-08-12T00:47:04Z,23.40,69.92,99,0,34.36,101.64,14.00,493.00,null,null,null
2023-08-12T00:48:04Z,23.43,69.89,99,0,34.88,101.64,13.00,487.00,null,null,null
2023-08-12T00:49:04Z,23.37,69.93,99,0,35.73,101.64,13.00,487.00,null,null,null
2023-08-12T00:50:04Z,23.40,70.00,99,0,36.95,101.64,13.00,487.00,1,1,1
2023-08-12T00:51:04Z,23.38,69.99,99,0,33.23,101.64,13.00,487.00,null,null,null
2023-08-12T00:52:04Z,23.37,69.97,99,0,31.70,101.64,13.00,487.00,null,null,null
2023-08-12T00:53:04Z,23.38,69.97,99,0,33.85,101.63,13.00,487.00,null,null,null
2023-08-12T00:54:04Z,23.38,69.99,99,0,30.54,101.64,13.00,487.00,null,null,null
2023-08-12T00:55:04Z,23.38,69.95,99,0,32.85,101.64,13.00,487.00,0,0,0
2023-08-12T00:56:04Z,23.36,69.99,99,0,31.11,101.64,12.00,482.00,null,null,null
2023-08-12T00:57:04Z,23.38,69.99,99,0,33.69,101.64,13.00,487.00,null,null,null
2023-08-12T00:58:04Z,23.38,70.00,99,0,36.61,101.64,13.00,487.00,null,null,null
2023-08-12T00:59:04Z,23.36,69.97,99,0,31.88,101.64,13.00,487.00,null,null,null
2023-08-12T01:00:04Z,23.33,69.95,99,0,33.51,101.64,12.00,482.00,4,5,5
2023-08-12T01:01:04Z,23.34,70.02,99,0,35.70,101.64,14.00,493.00,null,null,null
2023-08-12T01:02:04Z,23.37,70.01,99,0,30.83,101.63,13.00,487.00,null,null,null
2023-08-12T01:03:04Z,23.36,70.00,99,0,34.06,101.63,12.00,482.00,null,null,null
2023-08-12T01:04:04Z,23.34,69.98,99,0,33.93,101.63,12.00,482.00,null,null,null
2023-08-12T01:05:04Z,23.36,69.97,99,0,35.60,101.63,12.00,482.00,2,3,3
2023-08-12T01:06:04Z,23.36,69.98,99,0,31.54,101.64,13.00,487.00,null,null,null
2023-08-12T01:07:04Z,23.36,69.98,99,0,32.73,101.63,12.00,482.00,null,null,null
2023-08-12T01:08:04Z,23.36,69.97,99,0,35.10,101.63,12.00,482.00,null,null,null
2023-08-12T01:09:04Z,23.36,69.95,99,0,34.19,101.63,13.00,487.00,null,null,null
2023-08-12T01:10:04Z,23.33,70.03,99,0,33.87,101.63,13.00,487.00,2,6,6
2023-08-12T01:11:04Z,23.34,69.94,99,0,29.73,101.64,12.00,482.00,null,null,null
2023-08-12T01:12:04Z,23.36,69.98,99,0,33.61,101.64,13.00,487.00,null,null,null
2023-08-12T01:13:04Z,23.34,69.95,99,0,32.07,101.63,13.00,487.00,null,null,null
2023-08-12T01:14:04Z,23.33,69.94,99,0,33.65,101.63,12.00,482.00,null,null,null
2023-08-12T01:15:04Z,23.33,69.97,99,0,31.23,101.63,12.00,482.00,0,1,1
2023-08-12T01:16:04Z,23.34,69.98,99,0,35.27,101.63,12.00,482.00,null,null,null
2023-08-12T01:17:04Z,23.36,69.95,99,0,35.57,101.63,13.00,487.00,null,null,null
2023-08-12T01:18:04Z,23.31,69.98,99,0,34.71,101.62,13.00,487.00,null,null,null
2023-08-12T01:19:04Z,23.34,69.98,99,0,34.43,101.62,14.00,493.00,null,null,null
2023-08-12T01:20:04Z,23.31,70.04,99,0,34.68,101.62,14.00,493.00,2,2,2
2023-08-12T01:21:04Z,23.33,69.97,99,0,38.21,101.62,14.00,498.00,null,null,null
2023-08-12T01:22:04Z,23.33,69.99,99,0,30.12,101.62,15.00,502.00,null,null,null
2023-08-12T01:23:04Z,23.33,69.98,99,0,34.63,101.63,15.00,502.00,null,null,null
2023-08-12T01:24:04Z,23.34,69.92,99,0,29.92,101.63,15.00,502.00,null,null,null
2023-08-12T01:25:04Z,23.29,69.99,99,0,36.75,101.63,15.00,502.00,1,2,2
2023-08-12T01:26:04Z,23.33,69.99,99,0,33.95,101.63,16.00,508.00,null,null,null
2023-08-12T01:27:04Z,23.30,70.01,99,0,32.08,101.63,17.00,518.00,null,null,null
2023-08-12T01:28:04Z,23.30,69.97,99,0,33.43,101.63,17.00,518.00,null,null,null
2023-08-12T01:29:04Z,23.29,70.05,99,0,34.65,101.63,17.00,518.00,null,null,null
2023-08-12T01:30:04Z,23.26,70.06,99,0,31.07,101.62,18.00,523.00,1,1,1
2023-08-12T01:31:04Z,23.30,70.03,99,0,31.17,101.63,17.00,518.00,null,null,null
2023-08-12T01:32:04Z,23.31,69.98,99,0,30.68,101.62,18.00,523.00,null,null,null
2023-08-12T01:33:04Z,23.31,70.02,99,0,32.72,101.62,18.00,523.00,null,null,null
2023-08-12T01:34:04Z,23.30,70.08,99,0,30.32,101.62,18.00,523.00,null,null,null
2023-08-12T01:35:04Z,23.29,70.07,99,0,35.24,101.62,18.00,523.00,1,2,2
2023-08-12T01:36:04Z,23.29,70.13,99,0,36.93,101.63,18.00,523.00,null,null,null
2023-08-12T01:37:04Z,23.31,70.09,99,0,33.12,101.63,18.00,523.00,null,null,null
2023-08-12T01:38:04Z,23.30,70.07,99,0,33.20,101.63,18.00,523.00,null,null,null
2023-08-12T01:39:04Z,23.29,70.11,99,0,34.49,101.62,18.00,523.00,null,null,null
2023-08-12T01:40:04Z,23.29,70.16,99,0,35.24,101.62,18.00,523.00,2,2,2
2023-08-12T01:41:04Z,23.30,70.19,99,0,36.67,101.62,18.00,523.00,null,null,null
2023-08-12T01:42:04Z,23.29,70.11,99,0,35.02,101.62,18.00,523.00,null,null,null
2023-08-12T01:43:04Z,23.30,70.10,99,0,35.97,101.62,19.00,529.00,null,null,null
2023-08-12T01:44:04Z,23.30,70.04,99,0,34.74,101.62,18.00,523.00,null,null,null
2023-08-12T01:45:04Z,23.24,70.16,99,0,33.65,101.62,17.00,518.00,2,2,2
2023-08-12T01:46:04Z,23.26,70.10,99,0,32.79,101.62,25.00,567.00,null,null,null
2023-08-12T01:47:04Z,23.30,70.13,99,0,33.47,101.61,18.00,523.00,null,null,null
2023-08-12T01:48:04Z,23.30,70.16,99,0,33.86,101.61,18.00,523.00,null,null,null
2023-08-12T01:49:04Z,23.26,70.16,99,0,32.48,101.62,17.00,518.00,null,null,null
2023-08-12T01:50:04Z,23.23,70.19,99,0,31.42,101.62,17.00,518.00,3,4,4
2023-08-12T01:51:04Z,23.26,70.23,99,0,35.47,101.62,25.00,567.00,null,null,null
2023-08-12T01:52:04Z,23.26,70.18,99,0,32.72,101.62,17.00,518.00,null,null,null
2023-08-12T01:53:04Z,23.27,70.21,99,0,32.78,101.62,17.00,518.00,null,null,null
2023-08-12T01:54:04Z,23.24,70.23,99,0,38.19,101.62,17.00,518.00,null,null,null
2023-08-12T01:55:04Z,23.24,70.26,99,0,35.94,101.61,24.00,564.00,0,0,0
2023-08-12T01:56:04Z,23.26,70.25,99,0,31.27,101.62,23.00,556.00,null,null,null
2023-08-12T01:57:04Z,23.26,70.24,99,0,32.00,101.62,17.00,514.00,null,null,null
2023-08-12T01:58:04Z,23.26,70.25,99,0,34.74,101.62,17.00,518.00,null,null,null
2023-08-12T01:59:04Z,23.24,70.28,99,0,30.11,101.62,17.00,514.00,null,null,null
2023-08-12T02:00:04Z,23.24,70.35,99,0,32.26,101.62,23.00,551.00,2,2,2
2023-08-12T02:01:04Z,23.27,70.32,99,0,33.33,101.62,23.00,556.00,null,null,null
2023-08-12T02:02:04Z,23.26,70.29,99,0,32.16,101.62,17.00,514.00,null,null,null
2023-08-12T02:03:04Z,23.24,70.34,99,0,36.60,101.62,15.00,503.00,null,null,null
2023-08-12T02:04:04Z,23.23,70.31,99,0,33.78,101.61,23.00,551.00,null,null,null
2023-08-12T02:05:04Z,23.22,70.32,99,0,31.87,101.61,23.00,556.00,1,1,1
2023-08-12T02:06:04Z,23.24,70.30,99,0,31.55,101.61,23.00,556.00,null,null,null
2023-08-12T02:07:04Z,23.24,70.30,99,0,33.09,101.62,23.00,556.00,null,null,null
2023-08-12T02:08:04Z,23.24,70.31,99,0,32.56,101.62,23.00,556.00,null,null,null
2023-08-12T02:09:04Z,23.24,70.32,99,0,31.61,101.62,24.00,564.00,null,null,null
2023-08-12T02:10:04Z,23.23,70.30,99,0,36.62,101.61,24.00,564.00,0,0,0
2023-08-12T02:11:04Z,23.26,70.31,99,0,34.15,101.61,24.00,564.00,null,null,null
2023-08-12T02:12:04Z,23.24,70.31,99,0,30.82,101.62,17.00,518.00,null,null,null
2023-08-12T02:13:04Z,23.24,70.29,99,0,34.12,101.62,25.00,569.00,null,null,null
2023-08-12T02:14:04Z,23.23,70.29,99,0,32.90,101.61,25.00,569.00,null,null,null
2023-08-12T02:15:04Z,23.23,70.34,99,0,32.75,101.62,24.00,564.00,2,2,2
2023-08-12T02:16:04Z,23.23,70.30,99,0,33.02,101.61,25.00,569.00,null,null,null
2023-08-12T02:17:04Z,23.23,70.29,99,0,34.85,101.61,25.00,569.00,null,null,null
2023-08-12T02:18:04Z,23.22,70.32,99,0,31.94,101.61,25.00,569.00,null,null,null
2023-08-12T02:19:04Z,23.23,70.34,99,0,32.68,101.61,25.00,569.00,null,null,null
2023-08-12T02:20:04Z,23.19,70.37,99,0,35.22,101.61,25.00,569.00,0,0,0
2023-08-12T02:21:04Z,23.22,70.38,99,0,33.86,101.61,26.00,575.00,null,null,null
2023-08-12T02:22:04Z,23.19,70.34,99,0,34.31,101.61,26.00,575.00,null,null,null
2023-08-12T02:23:04Z,23.22,70.36,99,0,34.14,101.61,26.00,575.00,null,null,null
2023-08-12T02:24:04Z,23.20,70.36,99,0,34.63,101.61,27.00,578.00,null,null,null
2023-08-12T02:25:04Z,23.19,70.39,99,0,31.83,101.61,27.00,578.00,0,0,0
2023-08-12T02:26:04Z,23.22,70.37,99,0,34.74,101.61,27.00,578.00,null,null,null
2023-08-12T02:27:04Z,23.20,70.34,99,0,38.71,101.60,27.00,578.00,null,null,null
2023-08-12T02:28:04Z,23.20,70.37,99,0,31.58,101.60,27.00,578.00,null,null,null
2023-08-12T02:29:04Z,23.19,70.36,99,0,30.73,101.60,27.00,578.00,null,null,null
2023-08-12T02:30:04Z,23.16,70.37,99,0,35.61,101.60,27.00,578.00,1,1,1
2023-08-12T02:31:04Z,23.19,70.41,99,0,35.16,101.60,27.00,578.00,null,null,null
2023-08-12T02:32:04Z,23.22,70.31,99,0,31.96,101.60,27.00,578.00,null,null,null
2023-08-12T02:33:04Z,23.19,70.37,99,0,37.78,101.60,27.00,578.00,null,null,null
2023-08-12T02:34:04Z,23.19,70.37,99,0,34.80,101.60,27.00,578.00,null,null,null
2023-08-12T02:35:04Z,23.19,70.43,99,0,32.16,101.60,27.00,578.00,1,1,1
2023-08-12T02:36:04Z,23.17,70.36,99,0,34.29,101.60,27.00,578.00,null,null,null
2023-08-12T02:37:04Z,23.20,70.32,99,0,32.41,101.60,27.00,578.00,null,null,null
2023-08-12T02:38:04Z,23.20,70.33,99,0,31.88,101.60,27.00,578.00,null,null,null
2023-08-12T02:39:04Z,23.17,70.38,99,0,33.29,101.60,27.00,578.00,null,null,null
2023-08-12T02:40:04Z,23.16,70.40,99,0,31.77,101.60,27.00,578.00,0,0,0
2023-08-12T02:41:04Z,23.17,70.33,99,0,33.53,101.60,27.00,578.00,null,null,null
2023-08-12T02:42:04Z,23.17,70.34,99,0,30.70,101.60,27.00,578.00,null,null,null
2023-08-12T02:43:04Z,23.19,70.35,99,0,33.69,101.60,26.00,575.00,null,null,null
2023-08-12T02:44:04Z,23.16,70.33,99,0,32.09,101.60,27.00,578.00,null,null,null
2023-08-12T02:45:04Z,23.14,70.35,99,0,32.28,101.60,26.00,575.00,0,0,0
2023-08-12T02:46:04Z,23.17,70.40,99,0,34.06,101.60,26.00,575.00,null,null,null
2023-08-12T02:47:04Z,23.19,70.36,99,0,32.28,101.60,26.00,575.00,null,null,null
2023-08-12T02:48:04Z,23.19,70.35,99,0,35.84,101.60,26.00,575.00,null,null,null
2023-08-12T02:49:04Z,23.16,70.36,99,0,36.10,101.61,26.00,575.00,null,null,null
2023-08-12T02:50:04Z,23.16,70.37,99,0,33.53,101.61,25.00,569.00,1,1,1
2023-08-12T02:51:04Z,23.17,70.37,99,0,34.14,101.62,25.00,569.00,null,null,null
2023-08-12T02:52:04Z,23.16,70.34,99,0,36.11,101.62,25.00,569.00,null,null,null
2023-08-12T02:53:04Z,23.16,70.32,99,0,34.47,101.62,25.00,569.00,null,null,null
2023-08-12T02:54:04Z,23.14,70.36,99,0,32.12,101.62,25.00,569.00,null,null,null
2023-08-12T02:55:04Z,23.12,70.39,99,0,31.45,101.62,25.00,569.00,1,1,1
2023-08-12T02:56:04Z,23.13,70.35,99,0,32.70,101.62,24.00,564.00,null,null,null
2023-08-12T02:57:04Z,23.14,70.41,99,0,36.21,101.62,25.00,569.00,null,null,null
2023-08-12T02:58:04Z,23.13,70.45,99,0,39.57,101.62,25.00,569.00,null,null,null
2023-08-12T02:59:04Z,23.13,70.41,99,0,35.71,101.62,24.00,564.00,null,null,null
