TIME,TEMP,HUM,BATT,LIGHT,NOISE_A,PRESS,CCS811_VOCS,CCS811_ECO2,PM_1,PM_25,PM_10
ISO 8601,C,%,%,Lux,dBA,kPa,ppb,ppm,ug/m3,ug/m3,ug/m3
Time,Temperature,Humidity,Battery,Light,Noise dBA,Barometric pressure,VOC Gas CCS811,eCO2 Gas CCS811,PM 1.0,PM 2.5,PM 10.0
,55,56,10,14,53,58,113,112,89,87,88
2023-09-02T00:00:04Z,21.78,72.23,99,0,35.37,101.66,30.00,603.00,7,9,9
2023-09-02T00:01:04Z,21.79,72.37,99,0,33.75,101.66,30.00,602.00,null,null,null
2023-09-02T00:02:04Z,21.80,72.22,99,0,33.10,101.66,30.00,597.00,null,null,null
2023-09-02T00:03:04Z,21.76,72.24,99,0,33.59,101.66,30.00,602.00,null,null,null
2023-09-02T00:04:04Z,21.78,72.20,99,0,31.79,101.66,30.00,602.00,null,null,null
2023-09-02T00:05:04Z,21.80,72.24,99,0,35.85,101.66,30.00,602.00,3,4,4
2023-09-02T00:06:04Z,21.78,72.37,99,0,32.38,101.66,30.00,602.00,null,null,null
2023-09-02T00:07:04Z,21.79,72.24,99,0,35.54,101.66,29.00,592.00,null,null,null
2023-09-02T00:08:04Z,21.78,72.24,99,0,34.81,101.67,30.00,602.00,null,null,null
2023-09-02T00:09:04Z,21.78,72.22,99,0,33.54,101.67,30.00,597.00,null,null,null
2023-09-02T00:10:04Z,21.74,72.31,99,0,33.29,101.67,30.00,597.00,2,4,4
2023-09-02T00:11:04Z,21.78,72.37,99,0,33.43,101.67,28.00,586.00,null,null,null
2023-09-02T00:12:04Z,21.78,72.20,99,0,36.88,101.67,29.00,592.00,null,null,null
2023-09-02T00:13:04Z,21.78,72.20,99,0,36.60,101.67,29.00,591.00,null,null,null
2023-09-02T00:14:04Z,21.76,72.20,99,0,36.78,101.67,29.00,591.00,null,null,null
2023-09-02T00:15:04Z,21.74,72.25,99,0,33.16,101.67,29.00,591.00,4,4,4
2023-09-02T00:16:04Z,21.79,72.36,99,0,31.58,101.66,28.00,586.00,null,null,null
2023-09-02T00:17:04Z,21.79,72.26,99,0,33.62,101.67,28.00,586.00,null,null,null
2023-09-02T00:18:04Z,21.79,72.27,99,0,31.65,101.67,28.00,586.00,null,null,null
2023-09-02T00:19:04Z,21.78,72.25,99,0,32.67,101.67,28.00,586.00,null,null,null
2023-09-02T00:20:04Z,21.74,72.22,99,0,31.53,101.67,28.00,586.00,4,7,7
2023-09-02T00:21:04Z,21.78,72.39,99,0,32.36,101.67,27.00,580.00,null,null,null
2023-09-02T00:22:04Z,21.78,72.30,99,0,32.98,101.68,28.00,586.00,null,null,null
2023-09-02T00:23:04Z,21.78,72.29,99,0,32.44,101.68,27.00,581.00,null,null,null
2023-09-02T00:24:04Z,21.78,72.28,99,0,37.08,101.68,27.00,581.00,null,null,null
2023-09-02T00:25:04Z,21.76,72.31,99,0,32.33,101.68,26.00,577.00,4,9,9
2023-09-02T00:26:04Z,21.79,72.42,99,0,32.89,101.68,27.00,581.00,null,null,null
2023-09-02T00:27:04Z,21.78,72.28,99,0,33.26,101.68,27.00,581.00,null,null,null
2023-09-02T00:28:04Z,21.78,72.28,99,0,33.98,101.69,27.00,581.00,null,null,null
2023-09-02T00:29:04Z,21.76,72.32,99,0,35.50,101.69,27.00,581.00,null,null,null
2023-09-02T00:30:04Z,21.74,72.33,99,0,34.44,101.69,27.00,581.00,5,7,7
2023-09-02T00:31:04Z,21.78,72.40,99,0,33.55,101.69,26.00,575.00,null,null,null
2023-09-02T00:32:04Z,21.79,72.30,99,0,34.60,101.69,28.00,586.00,null,null,null
2023-09-02T00:33:04Z,21.78,72.30,99,0,33.02,101.70,27.00,581.00,null,null,null
2023-09-02T00:34:04Z,21.76,72.34,99,0,32.58,101.69,27.00,581.00,null,null,null
2023-09-02T00:35:04Z,21.76,72.36,99,0,32.22,101.69,27.00,581.00,6,9,9
2023-09-02T00:36:04Z,21.76,72.45,99,0,35.33,101.69,28.00,586.00,null,null,null
2023-09-02T00:37:04Z,21.76,72.37,99,0,34.79,101.69,27.00,581.00,null,null,null
2023-09-02T00:38:04Z,21.78,72.31,99,0,32.90,101.69,27.00,581.00,null,null,null
2023-09-02T00:39:04Z,21.74,72.41,99,0,33.55,101.69,27.00,581.00,null,null,null
2023-09-02T00:40:04Z,21.76,72.35,99,0,33.27,101.69,26.00,572.00,6,8,8
2023-09-02T00:41:04Z,21.76,72.52,99,0,31.88,101.69,27.00,581.00,null,null,null
2023-09-02T00:42:04Z,21.78,72.36,99,0,33.79,101.69,26.00,577.00,null,null,null
2023-09-02T00:43:04Z,21.76,72.39,99,0,34.13,101.69,26.00,577.00,null,null,null
2023-09-02T00:44:04Z,21.76,72.37,99,0,35.48,101.70,26.00,577.00,null,null,null
2023-09-02T00:45:04Z,21.74,72.35,99,0,32.63,101.69,26.00,572.00,3,3,3
2023-09-02T00:46:04Z,21.78,72.51,99,0,31.42,101.69,24.00,561.00,null,null,null
2023-09-02T00:47:04Z,21.79,72.39,99,0,34.98,101.69,26.00,572.00,null,null,null
2023-09-02T00:48:04Z,21.74,72.35,99,0,32.99,101.69,25.00,566.00,null,null,null
2023-09-02T00:49:04Z,21.74,72.35,99,0,34.33,101.69,25.00,566.00,null,null,null
2023-09-02T00:50:04Z,21.76,72.42,99,0,35.69,101.69,25.00,566.00,3,4,4
2023-09-02T00:51:04Z,21.74,72.50,99,0,32.47,101.68,26.00,577.00,null,null,null
2023-09-02T00:52:04Z,21.74,72.39,99,0,36.07,101.68,25.00,566.00,null,null,null
2023-09-02T00:53:04Z,21.76,72.43,99,0,31.79,101.68,24.00,561.00,null,null,null
2023-09-02T00:54:04Z,21.76,72.44,99,0,31.99,101.68,26.00,577.00,null,null,null
2023-09-02T00:55:04Z,21.73,72.37,99,0,34.06,101.68,26.00,572.00,8,8,8
2023-09-02T00:56:04Z,21.78,72.53,99,0,32.29,101.68,24.00,561.00,null,null,null
2023-09-02T00:57:04Z,21.78,72.37,99,0,34.02,101.68,26.00,572.00,null,null,null
2023-09-02T00:58:04Z,21.76,72.45,99,0,35.41,101.68,26.00,572.00,null,null,null
2023-09-02T00:59:04Z,21.76,72.41,99,0,33.97,101.68,26.00,572.00,null,null,null
2023-09-02T01:00:04Z,21.74,72.41,99,0,31.54,101.68,25.00,566.00,8,16,16
2023-09-02T01:01:04Z,21.74,72.45,99,0,35.60,101.67,24.00,561.00,null,null,null
2023-09-02T01:02:04Z,21.73,72.38,99,0,33.00,101.67,24.00,561.00,null,null,null
2023-09-02T01:03:04Z,21.78,72.37,99,0,33.46,101.67,25.00,566.00,null,null,null
2023-09-02T01:04:04Z,21.74,72.44,99,0,35.20,101.67,26.00,577.00,null,null,null
2023-09-02T01:05:04Z,21.76,72.47,99,0,34.30,101.66,24.00,561.00,2,8,8
2023-09-02T01:06:04Z,21.76,72.53,99,0,32.43,101.67,26.00,577.00,null,null,null
2023-09-02T01:07:04Z,21.78,72.48,99,0,32.34,101.66,26.00,572.00,null,null,null
2023-09-02T01:08:04Z,21.74,72.44,99,0,32.37,101.66,26.00,572.00,null,null,null
2023-09-02T01:09:04Z,21.73,72.50,99,0,32.63,101.67,25.00,566.00,null,null,null
2023-09-02T01:10:04Z,21.74,72.50,99,0,31.72,101.67,25.00,566.00,8,16,16
2023-09-02T01:11:04Z,21.74,72.63,99,0,36.49,101.67,25.00,566.00,null,null,null
2023-09-02T01:12:04Z,21.74,72.50,99,0,31.82,101.67,25.00,566.00,null,null,null
2023-09-02T01:13:04Z,21.73,72.46,99,0,33.03,101.66,25.00,566.00,null,null,null
2023-09-02T01:14:04Z,21.73,72.48,99,0,32.43,101.67,25.00,566.00,null,null,null
2023-09-02T01:15:04Z,21.74,72.54,99,0,33.42,101.67,24.00,561.00,5,9,9
2023-09-02T01:16:04Z,21.74,72.69,99,0,32.69,101.66,24.00,561.00,null,null,null
2023-09-02T01:17:04Z,21.74,72.57,99,0,34.47,101.66,24.00,561.00,null,null,null
2023-09-02T01:18:04Z,21.74,72.58,99,0,33.77,101.66,24.00,561.00,null,null,null
2023-09-02T01:19:04Z,21.72,72.59,99,0,37.19,101.66,24.00,561.00,null,null,null
2023-09-02T01:20:04Z,21.74,72.59,99,0,33.61,101.67,24.00,561.00,4,5,13
2023-09-02T01:21:04Z,21.78,72.75,99,0,31.41,101.67,23.00,553.00,null,null,null
2023-09-02T01:22:04Z,21.74,72.62,99,0,34.69,101.67,25.00,567.00,null,null,null
2023-09-02T01:23:04Z,21.76,72.62,99,0,35.02,101.67,23.00,553.00,null,null,null
2023-09-02T01:24:04Z,21.74,72.61,99,0,32.92,101.67,25.00,566.00,null,null,null
2023-09-02T01:25:04Z,21.73,72.65,99,0,32.37,101.67,23.00,553.00,2,4,4
2023-09-02T01:26:04Z,21.74,72.76,99,0,35.10,101.67,24.00,561.00,null,null,null
2023-09-02T01:27:04Z,21.76,72.69,99,0,32.07,101.67,22.00,549.00,null,null,null
2023-09-02T01:28:04Z,21.73,72.63,99,0,33.89,101.67,25.00,566.00,null,null,null
2023-09-02T01:29:04Z,21.74,72.66,99,0,31.92,101.67,23.00,553.00,null,null,null
2023-09-02T01:30:04Z,21.74,72.68,99,0,33.00,101.67,23.00,553.00,4,6,11
2023-09-02T01:31:04Z,21.76,72.76,99,0,32.31,101.67,23.00,553.00,null,null,null
2023-09-02T01:32:04Z,21.73,72.68,99,0,34.90,101.67,24.00,561.00,null,null,null
2023-09-02T01:33:04Z,21.74,72.64,99,0,32.34,101.67,22.00,548.00,null,null,null
2023-09-02T01:34:04Z,21.73,72.69,99,0,35.14,101.67,23.00,553.00,null,null,null
2023-09-02T01:35:04Z,21.72,72.68,99,0,33.83,101.67,22.00,548.00,6,9,15
2023-09-02T01:36:04Z,21.74,72.80,99,0,33.74,101.68,23.00,553.00,null,null,null
2023-09-02T01:37:04Z,21.73,72.71,99,0,34.53,101.67,21.00,543.00,null,null,null
2023-09-02T01:38:04Z,21.72,72.71,99,0,33.83,101.68,22.00,548.00,null,null,null
2023-09-02T01:39:04Z,21.74,72.73,99,0,31.28,101.68,22.00,548.00,null,null,null
2023-09-02T01:40:04Z,21.72,72.74,99,0,33.68,101.69,22.00,548.00,3,5,5
2023-09-02T01:41:04Z,21.74,72.84,99,0,32.28,101.69,23.00,553.00,null,null,null
2023-09-02T01:42:04Z,21.76,72.74,99,0,32.44,101.69,22.00,549.00,null,null,null
2023-09-02T01:43:04Z,21.76,72.75,99,0,33.21,101.69,24.00,561.00,null,null,null
2023-09-02T01:44:04Z,21.74,72.74,99,0,33.67,101.70,23.00,555.00,null,null,null
2023-09-02T01:45:04Z,21.73,72.74,99,0,33.08,101.69,22.00,548.00,1,4,4
2023-09-02T01:46:04Z,21.73,72.87,99,0,31.67,101.69,22.00,548.00,null,null,null
2023-09-02T01:47:04Z,21.73,72.78,99,0,35.15,101.70,21.00,543.00,null,null,null
2023-09-02T01:48:04Z,21.73,72.73,99,0,34.38,101.70,20.00,537.00,null,null,null
2023-09-02T01:49:04Z,21.76,72.78,99,0,32.67,101.70,22.00,548.00,null,null,null
2023-09-02T01:50:04Z,21.72,72.83,99,0,32.94,101.70,22.00,548.00,5,6,6
2023-09-02T01:51:04Z,21.74,72.91,99,0,33.46,101.70,20.00,537.00,null,null,null
2023-09-02T01:52:04Z,21.76,72.81,99,0,34.64,101.70,20.00,537.00,null,null,null
2023-09-02T01:53:04Z,21.74,72.84,99,0,32.17,101.70,22.00,548.00,null,null,null
2023-09-02T01:54:04Z,21.73,72.85,99,0,33.72,101.70,20.00,537.00,null,null,null
2023-09-02T01:55:04Z,21.73,72.89,99,0,33.30,101.69,20.00,537.00,3,3,3
2023-09-02T01:56:04Z,21.73,72.95,99,0,31.74,101.70,20.00,537.00,null,null,null
2023-09-02T01:57:04Z,21.76,72.88,99,0,34.19,101.70,20.00,537.00,null,null,null
2023-09-02T01:58:04Z,21.73,72.87,99,0,34.55,101.70,22.00,548.00,null,null,null
2023-09-02T01:59:04Z,21.74,72.90,99,0,32.45,101.70,20.00,537.00,null,null,null
2023-09-02T02:00:04Z,21.72,72.89,99,0,33.74,101.71,20.00,537.00,8,10,10
2023-09-02T02:01:04Z,21.73,73.00,99,0,32.76,101.70,20.00,537.00,null,null,null
2023-09-02T02:02:04Z,21.73,72.88,99,0,32.53,101.70,20.00,537.00,null,null,null
2023-09-02T02:03:04Z,21.73,72.90,99,0,37.51,101.71,20.00,537.00,null,null,null
2023-09-02T02:04:04Z,21.73,72.93,99,0,32.56,101.70,20.00,537.00,null,null,null
2023-09-02T02:05:04Z,21.72,72.88,99,0,31.85,101.71,20.00,537.00,7,11,11
2023-09-02T02:06:04Z,21.70,72.98,99,0,35.51,101.71,20.00,537.00,null,null,null
2023-09-02T02:07:04Z,21.73,72.96,99,0,34.86,101.70,20.00,537.00,null,null,null
2023-09-02T02:08:04Z,21.72,72.88,99,0,32.64,101.71,20.00,537.00,null,null,null
2023-09-02T02:09:04Z,21.72,72.87,99,0,32.45,101.70,20.00,533.00,null,null,null
2023-09-02T02:10:04Z,21.73,72.93,99,0,33.10,101.71,20.00,533.00,2,2,2
2023-09-02T02:11:04Z,21.73,73.02,99,0,34.46,101.71,20.00,533.00,null,null,null
2023-09-02T02:12:04Z,21.72,72.92,99,0,36.03,101.71,20.00,537.00,null,null,null
2023-09-02T02:13:04Z,21.74,72.90,99,0,34.48,101.71,20.00,537.00,null,null,null
2023-09-02T02:14:04Z,21.73,72.93,99,0,35.24,101.71,20.00,537.00,null,null,null
2023-09-02T02:15:04Z,21.70,72.99,99,0,33.76,101.72,20.00,537.00,4,5,5
2023-09-02T02:16:04Z,21.73,73.02,99,0,32.13,101.72,20.00,537.00,null,null,null
2023-09-02T02:17:04Z,21.74,73.00,99,0,33.47,101.72,20.00,537.00,null,null,null
2023-09-02T02:18:04Z,21.73,72.95,99,0,31.33,101.72,20.00,537.00,null,null,null
2023-09-02T02:19:04Z,21.72,73.00,99,0,33.38,101.72,20.00,537.00,null,null,null
2023-09-02T02:20:04Z,21.70,72.98,99,0,31.67,101.72,20.00,537.00,3,10,10
2023-09-02T02:21:04Z,21.72,73.10,99,0,35.63,101.72,20.00,537.00,null,null,null
2023-09-02T02:22:04Z,21.73,73.01,99,0,37.12,101.72,20.00,537.00,null,null,null
2023-09-02T02:23:04Z,21.74,72.96,99,0,30.68,101.73,20.00,537.00,null,null,null
2023-09-02T02:24:04Z,21.73,72.95,99,0,35.17,101.72,20.00,537.00,null,null,null
2023-09-02T02:25:04Z,21.72,72.96,99,0,33.49,101.73,20.00,537.00,3,3,3
2023-09-02T02:26:04Z,21.74,73.09,99,0,31.24,101.73,20.00,537.00,null,null,null
2023-09-02T02:27:04Z,21.74,73.04,99,0,33.09,101.73,20.00,537.00,null,null,null
2023-09-02T02:28:04Z,21.73,73.01,99,0,33.65,101.73,20.00,533.00,null,null,null
2023-09-02T02:29:04Z,21.72,72.98,99,0,36.75,101.73,20.00,533.00,null,null,null
2023-09-02T02:30:04Z,21.73,73.02,99,0,35.46,101.73,20.00,533.00,4,6,6
2023-09-02T02:31:04Z,21.73,73.10,99,0,31.81,101.73,20.00,533.00,null,null,null
2023-09-02T02:32:04Z,21.73,73.00,99,0,36.05,101.74,20.00,533.00,null,null,null
2023-09-02T02:33:04Z,21.72,72.99,99,0,36.15,101.74,20.00,533.00,null,null,null
2023-09-02T02:34:04Z,21.70,72.98,99,0,34.25,101.73,20.00,533.00,null,null,null
2023-09-02T02:35:04Z,21.72,73.04,99,0,31.57,101.74,19.00,527.00,3,6,11
2023-09-02T02:36:04Z,21.72,73.07,99,0,34.40,101.74,19.00,527.00,null,null,null
2023-09-02T02:37:04Z,21.73,72.98,99,0,31.64,101.74,19.00,527.00,null,null,null
2023-09-02T02:38:04Z,21.70,72.96,99,0,37.36,101.74,19.00,527.00,null,null,null
2023-09-02T02:39:04Z,21.72,73.00,99,0,33.10,101.74,20.00,533.00,null,null,null
2023-09-02T02:40:04Z,21.72,73.02,99,0,32.17,101.74,20.00,533.00,2,3,3
2023-09-02T02:41:04Z,21.72,73.12,99,0,31.90,101.74,20.00,533.00,null,null,null
2023-09-02T02:42:04Z,21.70,73.01,99,0,37.49,101.74,20.00,533.00,null,null,null
2023-09-02T02:43:04Z,21.70,73.01,99,0,36.08,101.74,20.00,533.00,null,null,null
2023-09-02T02:44:04Z,21.70,73.03,99,0,36.84,101.74,20.00,533.00,null,null,null
2023-09-02T02:45:04Z,21.72,73.06,99,0,32.62,101.74,20.00,533.00,7,7,7
2023-09-02T02:46:04Z,21.72,73.11,99,0,32.27,101.74,20.00,533.00,null,null,null
2023-09-02T02:47:04Z,21.72,73.03,99,0,35.04,101.73,19.00,527.00,null,null,null
2023-09-02T02:48:04Z,21.72,73.06,99,0,33.76,101.73,20.00,533.00,null,null,null
2023-09-02T02:49:04Z,21.72,73.06,99,0,33.50,101.74,20.00,533.00,null,null,null
2023-09-02T02:50:04Z,21.72,73.10,99,0,36.20,101.73,20.00,533.00,2,2,2
2023-09-02T02:51:04Z,21.72,73.13,99,0,34.60,101.74,20.00,533.00,null,null,null
2023-09-02T02:52:04Z,21.73,73.06,99,0,35.08,101.73,20.00,533.00,null,null,null
2023-09-02T02:53:04Z,21.72,73.00,99,0,33.34,101.73,20.00,533.00,null,null,null
2023-09-02T02:54:04Z,21.72,73.06,99,0,35.26,101.73,19.00,527.00,null,null,null
2023-09-02T02:55:04Z,21.69,73.07,99,0,34.38,101.73,20.00,533.00,4,4,4
2023-09-02T02:56:04Z,21.73,73.16,99,0,33.02,101.73,19.00,527.00,null,null,null
2023-09-02T02:57:04Z,21.73,73.06,99,0,32.24,101.73,19.00,527.00,null,null,null
2023-09-02T02:58:04Z,21.72,73.05,99,0,35.45,101.73,19.00,527.00,null,null,null
2023-09-02T02:59:04Z,21.70,73.11,99,0,34.38,101.73,19.00,527.00,null,null,null
