TIME,TEMP,HUM,BATT,LIGHT,NOISE_A,PRESS,CCS811_VOCS,CCS811_ECO2,PM_1,PM_25,PM_10
ISO 8601,C,%,%,Lux,dBA,kPa,ppb,ppm,ug/m3,ug/m3,ug/m3
Time,Temperature,Humidity,Battery,Light,Noise dBA,Barometric pressure,VOC Gas CCS811,eCO2 Gas CCS811,PM 1.0,PM 2.5,PM 10.0
,55,56,10,14,53,58,113,112,89,87,88
2023-09-09T00:00:04Z,25.52,70.76,99,0,41.25,101.67,25.00,570.00,12,20,20
2023-09-09T00:01:04Z,25.53,70.78,99,0,42.97,101.67,25.00,566.00,null,null,null
2023-09-09T00:02:04Z,25.53,70.74,99,0,42.16,101.67,24.00,560.00,null,null,null
2023-09-09T00:03:04Z,25.53,70.72,99,0,38.58,101.67,25.00,565.00,null,null,null
2023-09-09T00:04:04Z,25.53,70.75,99,0,44.39,101.67,25.00,565.00,null,null,null
2023-09-09T00:05:04Z,25.52,70.76,99,0,40.46,101.68,24.00,560.00,14,27,35
2023-09-09T00:06:04Z,25.52,70.77,99,0,38.14,101.67,24.00,560.00,null,null,null
2023-09-09T00:07:04Z,25.55,70.73,99,0,38.13,101.68,24.00,560.00,null,null,null
2023-09-09T00:08:04Z,25.53,70.69,99,0,41.55,101.68,25.00,565.00,null,null,null
2023-09-09T00:09:04Z,25.52,70.71,99,0,40.69,101.68,25.00,565.00,null,null,null
2023-09-09T00:10:04Z,25.53,70.72,99,0,45.59,101.68,25.00,565.00,12,18,18
2023-09-09T00:11:04Z,25.53,70.74,99,0,41.17,101.67,23.00,556.00,null,null,null
2023-09-09T00:12:04Z,25.52,70.71,99,0,44.07,101.67,23.00,556.00,null,null,null
2023-09-09T00:13:04Z,25.53,70.72,99,0,39.57,101.67,23.00,556.00,null,null,null
2023-09-09T00:14:04Z,25.52,70.74,99,0,43.07,101.67,23.00,556.00,null,null,null
2023-09-09T00:15:04Z,25.55,70.72,99,0,39.66,101.67,23.00,556.00,12,16,16
2023-09-09T00:16:04Z,25.52,70.74,99,0,39.85,101.67,23.00,556.00,null,null,null
2023-09-09T00:17:04Z,25.52,70.73,99,0,44.60,101.67,23.00,556.00,null,null,null
2023-09-09T00:18:04Z,25.52,70.74,99,0,40.28,101.67,23.00,556.00,null,null,null
2023-09-09T00:19:04Z,25.52,70.75,99,0,39.74,101.67,23.00,551.00,null,null,null
2023-09-09T00:20:04Z,25.50,70.73,99,0,41.81,101.66,23.00,552.00,12,12,12
2023-09-09T00:21:04Z,25.53,70.74,99,0,41.90,101.66,23.00,551.00,null,null,null
2023-09-09T00:22:04Z,25.52,70.72,99,0,43.48,101.66,23.00,556.00,null,null,null
2023-09-09T00:23:04Z,25.52,70.72,99,0,40.79,101.66,23.00,551.00,null,null,null
2023-09-09T00:24:04Z,25.50,70.71,99,0,42.48,101.65,23.00,556.00,null,null,null
2023-09-09T00:25:04Z,25.52,70.72,99,0,42.73,101.66,23.00,551.00,16,23,23
2023-09-09T00:26:04Z,25.55,70.74,99,0,41.85,101.66,23.00,551.00,null,null,null
2023-09-09T00:27:04Z,25.55,70.70,99,0,43.16,101.66,23.00,551.00,null,null,null
2023-09-09T00:28:04Z,25.53,70.71,99,0,43.72,101.66,23.00,551.00,null,null,null
2023-09-09T00:29:04Z,25.49,70.69,99,0,41.83,101.66,22.00,545.00,null,null,null
2023-09-09T00:30:04Z,25.52,70.75,99,0,42.44,101.66,23.00,551.00,11,16,22
2023-09-09T00:31:04Z,25.52,70.68,99,0,41.76,101.66,22.00,546.00,null,null,null
2023-09-09T00:32:04Z,25.53,70.70,99,0,44.20,101.66,23.00,551.00,null,null,null
2023-09-09T00:33:04Z,25.53,70.69,99,0,41.51,101.66,22.00,545.00,null,null,null
2023-09-09T00:34:04Z,25.52,70.67,99,0,39.86,101.65,23.00,551.00,null,null,null
2023-09-09T00:35:04Z,25.52,70.70,99,0,41.06,101.65,22.00,545.00,17,22,22
2023-09-09T00:36:04Z,25.50,70.70,99,0,43.14,101.65,22.00,545.00,null,null,null
2023-09-09T00:37:04Z,25.52,70.68,99,0,41.72,101.65,23.00,551.00,null,null,null
2023-09-09T00:38:04Z,25.52,70.69,99,0,41.10,101.65,22.00,545.00,null,null,null
2023-09-09T00:39:04Z,25.52,70.68,99,0,42.90,101.65,22.00,545.00,null,null,null
2023-09-09T00:40:04Z,25.53,70.68,99,0,38.83,101.65,22.00,545.00,17,23,23
2023-09-09T00:41:04Z,25.53,70.72,99,0,41.47,101.65,21.00,539.00,null,null,null
2023-09-09T00:42:04Z,25.53,70.69,99,0,39.61,101.65,22.00,545.00,null,null,null
2023-09-09T00:43:04Z,25.52,70.67,99,0,43.53,101.65,21.00,539.00,null,null,null
2023-09-09T00:44:04Z,25.52,70.66,99,0,39.78,101.65,22.00,545.00,null,null,null
2023-09-09T00:45:04Z,25.53,70.69,99,0,43.57,101.65,21.00,539.00,14,16,16
2023-09-09T00:46:04Z,25.53,70.69,99,0,40.35,101.65,21.00,539.00,null,null,null
2023-09-09T00:47:04Z,25.53,70.62,99,0,42.18,101.65,22.00,545.00,null,null,null
2023-09-09T00:48:04Z,25.52,70.63,99,0,41.68,101.65,20.00,533.00,null,null,null
2023-09-09T00:49:04Z,25.52,70.64,99,0,40.58,101.65,22.00,545.00,null,null,null
2023-09-09T00:50:04Z,25.53,70.65,99,0,42.35,101.65,21.00,539.00,16,20,20
2023-09-09T00:51:04Z,25.55,70.71,99,0,40.73,101.65,20.00,533.00,null,null,null
2023-09-09T00:52:04Z,25.53,70.63,99,0,41.55,101.65,21.00,539.00,null,null,null
2023-09-09T00:53:04Z,25.56,70.67,99,0,42.56,101.64,21.00,539.00,null,null,null
2023-09-09T00:54:04Z,25.52,70.66,99,0,42.20,101.65,22.00,545.00,null,null,null
2023-09-09T00:55:04Z,25.50,70.72,99,0,40.06,101.65,21.00,539.00,13,32,32
2023-09-09T00:56:04Z,25.55,70.67,99,0,40.51,101.65,21.00,539.00,null,null,null
2023-09-09T00:57:04Z,25.55,70.67,99,0,41.14,101.65,22.00,545.00,null,null,null
2023-09-09T00:58:04Z,25.56,70.64,99,0,40.02,101.65,21.00,539.00,null,null,null
2023-09-09T00:59:04Z,25.53,70.67,99,0,41.88,101.65,23.00,551.00,null,null,null
2023-09-09T01:00:04Z,25.52,70.70,99,0,43.13,101.64,22.00,545.00,17,23,23
2023-09-09T01:01:04Z,25.55,70.70,99,0,42.85,101.65,21.00,539.00,null,null,null
2023-09-09T01:02:04Z,25.56,70.65,99,0,45.08,101.65,23.00,551.00,null,null,null
2023-09-09T01:03:04Z,25.59,70.67,99,0,43.61,101.64,23.00,551.00,null,null,null
2023-09-09T01:04:04Z,25.57,70.64,99,0,41.40,101.64,23.00,556.00,null,null,null
2023-09-09T01:05:04Z,25.55,70.68,99,0,41.42,101.64,23.00,556.00,9,9,9
2023-09-09T01:06:04Z,25.55,70.68,99,0,41.10,101.65,23.00,556.00,null,null,null
2023-09-09T01:07:04Z,25.57,70.61,99,0,42.53,101.64,23.00,556.00,null,null,null
2023-09-09T01:08:04Z,25.57,70.62,99,0,39.89,101.64,23.00,556.00,null,null,null
2023-09-09T01:09:04Z,25.57,70.68,99,0,44.57,101.64,25.00,565.00,null,null,null
2023-09-09T01:10:04Z,25.53,70.65,99,0,41.70,101.64,25.00,565.00,13,21,21
2023-09-09T01:11:04Z,25.56,70.69,99,0,42.42,101.64,23.00,556.00,null,null,null
2023-09-09T01:12:04Z,25.57,70.66,99,0,41.18,101.64,25.00,565.00,null,null,null
2023-09-09T01:13:04Z,25.57,70.65,99,0,45.44,101.64,25.00,565.00,null,null,null
2023-09-09T01:14:04Z,25.56,70.65,99,0,43.84,101.64,25.00,565.00,null,null,null
2023-09-09T01:15:04Z,25.53,70.69,99,0,42.57,101.64,25.00,565.00,14,17,17
2023-09-09T01:16:04Z,25.57,70.65,99,0,44.47,101.64,23.00,556.00,null,null,null
2023-09-09T01:17:04Z,25.59,70.66,99,0,41.25,101.64,25.00,565.00,null,null,null
2023-09-09T01:18:04Z,25.59,70.63,99,0,40.82,101.64,25.00,565.00,null,null,null
2023-09-09T01:19:04Z,25.56,70.64,99,0,40.21,101.64,25.00,565.00,null,null,null
2023-09-09T01:20:04Z,25.53,70.68,99,0,41.08,101.64,25.00,565.00,16,31,31
2023-09-09T01:21:04Z,25.57,70.68,99,0,41.66,101.64,23.00,556.00,null,null,null
2023-09-09T01:22:04Z,25.57,70.67,99,0,41.37,101.64,25.00,565.00,null,null,null
2023-09-09T01:23:04Z,25.59,70.65,99,0,42.67,101.64,25.00,565.00,null,null,null
2023-09-09T01:24:04Z,25.56,70.67,99,0,41.37,101.64,25.00,565.00,null,null,null
2023-09-09T01:25:04Z,25.57,70.68,99,0,44.38,101.64,25.00,565.00,15,29,29
2023-09-09T01:26:04Z,25.57,70.69,99,0,43.50,101.64,23.00,556.00,null,null,null
2023-09-09T01:27:04Z,25.59,70.64,99,0,44.99,101.64,25.00,565.00,null,null,null
2023-09-09T01:28:04Z,25.59,70.65,99,0,41.33,101.64,25.00,570.00,null,null,null
2023-09-09T01:29:04Z,25.57,70.66,99,0,43.66,101.64,25.00,565.00,null,null,null
2023-09-09T01:30:04Z,25.57,70.66,99,0,44.22,101.64,25.00,565.00,17,19,19
2023-09-09T01:31:04Z,25.57,70.67,99,0,43.60,101.65,23.00,556.00,null,null,null
2023-09-09T01:32:04Z,25.59,70.65,99,0,38.29,101.64,25.00,565.00,null,null,null
2023-09-09T01:33:04Z,25.57,70.64,99,0,44.90,101.64,23.00,556.00,null,null,null
2023-09-09T01:34:04Z,25.56,70.67,99,0,44.82,101.64,25.00,565.00,null,null,null
2023-09-09T01:35:04Z,25.56,70.72,99,0,42.79,101.64,25.00,570.00,16,18,18
2023-09-09T01:36:04Z,25.59,70.71,99,0,41.66,101.64,25.00,565.00,null,null,null
2023-09-09T01:37:04Z,25.61,70.67,99,0,41.24,101.64,25.00,565.00,null,null,null
2023-09-09T01:38:04Z,25.59,70.63,99,0,44.32,101.64,25.00,570.00,null,null,null
2023-09-09T01:39:04Z,25.57,70.64,99,0,40.35,101.64,25.00,570.00,null,null,null
2023-09-09T01:40:04Z,25.56,70.68,99,0,40.37,101.64,25.00,570.00,17,22,22
2023-09-09T01:41:04Z,25.56,70.69,99,0,41.57,101.64,26.00,577.00,null,null,null
2023-09-09T01:42:04Z,25.59,70.64,99,0,41.73,101.63,25.00,570.00,null,null,null
2023-09-09T01:43:04Z,25.59,70.67,99,0,40.77,101.63,26.00,577.00,null,null,null
2023-09-09T01:44:04Z,25.59,70.72,99,0,42.13,101.63,28.00,584.00,null,null,null
2023-09-09T01:45:04Z,25.56,70.68,99,0,41.43,101.63,29.00,591.00,13,18,18
2023-09-09T01:46:04Z,25.59,70.71,99,0,41.28,101.63,29.00,591.00,null,null,null
2023-09-09T01:47:04Z,25.59,70.67,99,0,40.96,101.63,30.00,599.00,null,null,null
2023-09-09T01:48:04Z,25.59,70.71,99,0,42.43,101.63,31.00,605.00,null,null,null
2023-09-09T01:49:04Z,25.57,70.68,99,0,44.08,101.64,31.00,605.00,null,null,null
2023-09-09T01:50:04Z,25.56,70.71,99,0,36.77,101.63,31.00,605.00,12,21,21
2023-09-09T01:51:04Z,25.59,70.71,99,0,39.69,101.64,32.00,614.00,null,null,null
2023-09-09T01:52:04Z,25.57,70.70,99,0,40.52,101.64,32.00,614.00,null,null,null
2023-09-09T01:53:04Z,25.59,70.70,99,0,45.56,101.64,33.00,620.00,null,null,null
2023-09-09T01:54:04Z,25.57,70.69,99,0,42.92,101.63,33.00,620.00,null,null,null
2023-09-09T01:55:04Z,25.56,70.70,99,0,41.58,101.63,33.00,620.00,16,26,26
2023-09-09T01:56:04Z,25.59,70.72,99,0,44.02,101.64,32.00,614.00,null,null,null
2023-09-09T01:57:04Z,25.56,70.73,99,0,43.90,101.64,33.00,620.00,null,null,null
2023-09-09T01:58:04Z,25.57,70.77,99,0,40.33,101.63,33.00,620.00,null,null,null
2023-09-09T01:59:04Z,25.57,70.76,99,0,38.19,101.63,32.00,615.00,null,null,null
2023-09-09T02:00:04Z,25.56,70.77,99,0,43.03,101.63,32.00,615.00,15,27,27
2023-09-09T02:01:04Z,25.57,70.72,99,0,41.96,101.63,32.00,615.00,null,null,null
2023-09-09T02:02:04Z,25.62,70.68,99,0,43.77,101.63,32.00,614.00,null,null,null
2023-09-09T02:03:04Z,25.59,70.64,99,0,42.58,101.64,32.00,614.00,null,null,null
2023-09-09T02:04:04Z,25.61,70.71,99,0,45.47,101.63,32.00,614.00,null,null,null
2023-09-09T02:05:04Z,25.55,70.74,99,0,44.00,101.63,32.00,614.00,27,35,35
2023-09-09T02:06:04Z,25.56,70.72,99,0,45.00,101.63,31.00,605.00,null,null,null
2023-09-09T02:07:04Z,25.57,70.68,99,0,45.20,101.63,31.00,605.00,null,null,null
2023-09-09T02:08:04Z,25.59,70.65,99,0,46.43,101.64,31.00,605.00,null,null,null
2023-09-09T02:09:04Z,25.57,70.68,99,0,43.34,101.63,31.00,605.00,null,null,null
2023-09-09T02:10:04Z,25.57,70.72,99,0,41.45,101.63,31.00,605.00,19,23,23
2023-09-09T02:11:04Z,25.55,70.71,99,0,44.54,101.64,31.00,605.00,null,null,null
2023-09-09T02:12:04Z,25.59,70.67,99,0,42.87,101.64,31.00,605.00,null,null,null
2023-09-09T02:13:04Z,25.57,70.67,99,0,43.49,101.64,31.00,605.00,null,null,null
2023-09-09T02:14:04Z,25.56,70.70,99,0,42.07,101.64,31.00,605.00,null,null,null
2023-09-09T02:15:04Z,25.56,70.68,99,0,41.30,101.64,30.00,599.00,16,26,26
2023-09-09T02:16:04Z,25.56,70.68,99,0,41.05,101.64,31.00,605.00,null,null,null
2023-09-09T02:17:04Z,25.57,70.68,99,0,42.21,101.64,30.00,599.00,null,null,null
2023-09-09T02:18:04Z,25.56,70.63,99,0,43.03,101.64,30.00,599.00,null,null,null
2023-09-09T02:19:04Z,25.57,70.70,99,0,41.51,101.64,30.00,599.00,null,null,null
2023-09-09T02:20:04Z,25.53,70.70,99,0,47.15,101.63,30.00,599.00,30,37,41
2023-09-09T02:21:04Z,25.55,70.67,99,0,41.81,101.64,30.00,599.00,null,null,null
2023-09-09T02:22:04Z,25.57,70.67,99,0,45.73,101.63,30.00,599.00,null,null,null
2023-09-09T02:23:04Z,25.56,70.68,99,0,42.85,101.63,30.00,599.00,null,null,null
2023-09-09T02:24:04Z,25.55,70.71,99,0,40.44,101.63,30.00,599.00,null,null,null
2023-09-09T02:25:04Z,25.55,70.73,99,0,41.05,101.63,30.00,599.00,20,30,48
2023-09-09T02:26:04Z,25.56,70.72,99,0,41.83,101.64,30.00,599.00,null,null,null
2023-09-09T02:27:04Z,25.56,70.71,99,0,43.35,101.64,30.00,599.00,null,null,null
2023-09-09T02:28:04Z,25.56,70.73,99,0,43.18,101.64,30.00,599.00,null,null,null
2023-09-09T02:29:04Z,25.55,70.67,99,0,40.85,101.63,29.00,591.00,null,null,null
2023-09-09T02:30:04Z,25.52,70.75,99,0,39.62,101.64,31.00,605.00,37,57,63
2023-09-09T02:31:04Z,25.53,70.75,99,0,42.94,101.64,29.00,594.00,null,null,null
2023-09-09T02:32:04Z,25.56,70.68,99,0,43.37,101.64,30.00,600.00,null,null,null
2023-09-09T02:33:04Z,25.55,70.70,99,0,42.23,101.64,30.00,599.00,null,null,null
2023-09-09T02:34:04Z,25.52,70.70,99,0,43.91,101.64,30.00,599.00,null,null,null
2023-09-09T02:35:04Z,25.55,70.70,99,0,41.32,101.63,30.00,599.00,19,42,42
2023-09-09T02:36:04Z,25.53,70.74,99,0,43.35,101.63,30.00,599.00,null,null,null
2023-09-09T02:37:04Z,25.56,70.72,99,0,40.35,101.63,30.00,599.00,null,null,null
2023-09-09T02:38:04Z,25.55,70.73,99,0,42.85,101.63,29.00,591.00,null,null,null
2023-09-09T02:39:04Z,25.55,70.71,99,0,43.63,101.63,31.00,605.00,null,null,null
2023-09-09T02:40:04Z,25.53,70.74,99,0,40.81,101.63,31.00,605.00,31,62,67
2023-09-09T02:41:04Z,25.52,70.78,99,0,43.42,101.63,30.00,599.00,null,null,null
2023-09-09T02:42:04Z,25.53,70.78,99,0,41.69,101.63,30.00,600.00,null,null,null
2023-09-09T02:43:04Z,25.53,70.62,99,0,42.74,101.63,30.00,600.00,null,null,null
2023-09-09T02:44:04Z,25.55,70.65,99,0,43.96,101.63,30.00,599.00,null,null,null
2023-09-09T02:45:04Z,25.52,70.67,99,0,43.16,101.63,30.00,599.00,38,74,80
2023-09-09T02:46:04Z,25.52,70.65,99,0,43.96,101.63,30.00,599.00,null,null,null
2023-09-09T02:47:04Z,25.56,70.69,99,0,40.42,101.63,31.00,605.00,null,null,null
2023-09-09T02:48:04Z,25.53,70.64,99,0,43.70,101.63,30.00,599.00,null,null,null
2023-09-09T02:49:04Z,25.52,70.68,99,0,45.75,101.63,31.00,605.00,null,null,null
2023-09-09T02:50:04Z,25.53,70.72,99,0,40.18,101.63,30.00,599.00,36,56,62
2023-09-09T02:51:04Z,25.52,70.68,99,0,40.07,101.62,31.00,605.00,null,null,null
2023-09-09T02:52:04Z,25.52,70.59,99,0,44.79,101.63,30.00,599.00,null,null,null
2023-09-09T02:53:04Z,25.53,70.59,99,0,41.76,101.63,31.00,605.00,null,null,null
2023-09-09T02:54:04Z,25.55,70.64,99,0,41.32,101.62,31.00,605.00,null,null,null
2023-09-09T02:55:04Z,25.53,70.69,99,0,42.91,101.62,32.00,614.00,32,66,74
2023-09-09T02:56:04Z,25.55,70.70,99,0,42.43,101.62,31.00,605.00,null,null,null
2023-09-09T02:57:04Z,25.55,70.60,99,0,42.64,101.63,31.00,605.00,null,null,null
2023-09-09T02:58:04Z,25.55,70.60,99,0,41.69,101.63,32.00,614.00,null,null,null
2023-09-09T02:59:04Z,25.53,70.59,99,0,40.43,101.62,32.00,614.00,null,null,null
