TIME,TEMP,HUM,BATT,LIGHT,NOISE_A,PRESS,CCS811_VOCS,CCS811_ECO2,PM_1,PM_25,PM_10
ISO 8601,C,%,%,Lux,dBA,kPa,ppb,ppm,ug/m3,ug/m3,ug/m3
Time,Temperature,Humidity,Battery,Light,Noise dBA,Barometric pressure,VOC Gas CCS811,eCO2 Gas CCS811,PM 1.0,PM 2.5,PM 10.0
,55,56,10,14,53,58,113,112,89,87,88
2023-08-05T00:00:20Z,21.52,65.68,99,0,33.55,101.74,30.00,602.00,null,null,null
2023-08-05T00:01:20Z,21.52,65.65,99,0,32.31,101.75,32.00,611.00,null,null,null
2023-08-05T00:02:20Z,21.51,65.67,99,0,34.09,101.75,32.00,611.00,null,null,null
2023-08-05T00:03:20Z,21.51,65.71,99,0,31.92,101.75,32.00,611.00,2,10,10
2023-08-05T00:04:20Z,21.52,65.73,99,0,33.58,101.74,32.00,611.00,null,null,null
2023-08-05T00:05:20Z,21.52,65.73,99,0,30.36,101.74,32.00,611.00,null,null,null
2023-08-05T00:06:20Z,21.51,65.69,99,0,42.40,101.74,32.00,611.00,null,null,null
2023-08-05T00:07:20Z,21.51,65.69,99,0,30.41,101.73,32.00,611.00,null,null,null
2023-08-05T00:08:20Z,21.51,65.73,99,0,33.82,101.74,32.00,611.00,5,5,5
2023-08-05T00:09:20Z,21.51,65.75,99,0,33.41,101.74,32.00,611.00,null,null,null
2023-08-05T00:10:20Z,21.52,65.76,99,0,34.51,101.74,30.00,603.00,null,null,null
2023-08-05T00:11:20Z,21.52,65.71,99,0,33.56,101.74,30.00,603.00,null,null,null
2023-08-05T00:12:20Z,21.48,65.72,99,0,34.54,101.74,32.00,611.00,null,null,null
2023-08-05T00:13:20Z,21.48,65.72,99,0,33.57,101.74,32.00,611.00,8,9,9
2023-08-05T00:14:20Z,21.49,65.73,99,0,31.23,101.74,32.00,611.00,null,null,null
2023-08-05T00:15:20Z,21.52,65.73,99,0,32.77,101.74,30.00,602.00,null,null,null
2023-08-05T00:16:20Z,21.52,65.71,99,0,33.72,101.75,30.00,602.00,null,null,null
2023-08-05T00:17:20Z,21.49,65.75,99,0,37.61,101.75,30.00,602.00,null,null,null
2023-08-05T00:18:20Z,21.48,65.75,99,0,36.04,101.75,30.00,597.00,2,2,2
2023-08-05T00:19:20Z,21.49,65.74,99,0,35.62,101.75,30.00,597.00,null,null,null
2023-08-05T00:20:20Z,21.51,65.73,99,0,33.34,101.74,30.00,602.00,null,null,null
2023-08-05T00:21:20Z,21.49,65.69,99,0,31.43,101.75,30.00,602.00,null,null,null
2023-08-05T00:22:20Z,21.48,65.74,99,0,33.71,101.75,29.00,596.00,null,null,null
2023-08-05T00:23:20Z,21.49,65.72,99,0,34.09,101.75,30.00,602.00,3,3,3
2023-08-05T00:24:20Z,21.49,65.76,99,0,35.78,101.75,29.00,596.00,null,null,null
2023-08-05T00:25:20Z,21.52,65.72,99,0,32.16,101.74,30.00,597.00,null,null,null
2023-08-05T00:26:20Z,21.51,65.71,99,0,36.36,101.74,29.00,596.00,null,null,null
2023-08-05T00:27:20Z,21.46,65.70,99,0,33.20,101.74,29.00,596.00,null,null,null
2023-08-05T00:28:20Z,21.48,65.75,99,0,36.69,101.74,29.00,596.00,1,2,2
2023-08-05T00:29:20Z,21.49,65.74,99,0,33.67,101.74,29.00,591.00,null,null,null
2023-08-05T00:30:20Z,21.49,65.70,99,0,37.04,101.73,28.00,589.00,null,null,null
2023-08-05T00:31:20Z,21.48,65.70,99,0,32.53,101.72,29.00,596.00,null,null,null
2023-08-05T00:32:20Z,21.51,65.78,99,0,29.41,101.72,28.00,589.00,null,null,null
2023-08-05T00:33:20Z,21.46,65.77,99,0,35.93,101.72,28.00,584.00,2,7,7
2023-08-05T00:34:20Z,21.48,65.76,99,0,34.46,101.72,29.00,591.00,null,null,null
2023-08-05T00:35:20Z,21.48,65.73,99,0,34.13,101.71,28.00,584.00,null,null,null
2023-08-05T00:36:20Z,21.51,65.70,99,0,33.12,101.70,28.00,589.00,null,null,null
2023-08-05T00:37:20Z,21.49,65.74,99,0,31.47,101.70,28.00,589.00,null,null,null
2023-08-05T00:38:20Z,21.46,65.80,99,0,36.09,101.70,29.00,596.00,2,2,2
2023-08-05T00:39:20Z,21.48,65.79,99,0,29.21,101.69,29.00,591.00,null,null,null
2023-08-05T00:40:20Z,21.51,65.75,99,0,33.51,101.70,28.00,584.00,null,null,null
2023-08-05T00:41:20Z,21.46,65.78,99,0,34.62,101.69,28.00,584.00,null,null,null
2023-08-05T00:42:20Z,21.48,65.85,99,0,33.05,101.70,28.00,584.00,null,null,null
2023-08-05T00:43:20Z,21.46,65.88,99,0,36.57,101.70,29.00,591.00,4,4,4
2023-08-05T00:44:20Z,21.48,65.88,99,0,32.96,101.70,29.00,591.00,null,null,null
2023-08-05T00:45:20Z,21.46,65.82,99,0,32.84,101.70,29.00,591.00,null,null,null
2023-08-05T00:46:20Z,21.48,65.82,99,0,33.69,101.69,30.00,597.00,null,null,null
2023-08-05T00:47:20Z,21.48,65.84,99,0,35.32,101.69,29.00,591.00,null,null,null
2023-08-05T00:48:20Z,21.46,65.84,99,0,33.37,101.69,29.00,591.00,4,5,5
2023-08-05T00:49:20Z,21.48,65.84,99,0,33.17,101.69,29.00,591.00,null,null,null
2023-08-05T00:50:20Z,21.51,65.82,99,0,33.42,101.69,28.00,584.00,null,null,null
2023-08-05T00:51:20Z,21.48,65.80,99,0,32.91,101.68,29.00,591.00,null,null,null
2023-08-05T00:52:20Z,21.48,65.88,99,0,36.97,101.68,29.00,591.00,null,null,null
2023-08-05T00:53:20Z,21.49,65.86,99,0,33.06,101.68,28.00,584.00,5,6,6
2023-08-05T00:54:20Z,21.46,65.91,99,0,32.86,101.68,29.00,591.00,null,null,null
2023-08-05T00:55:20Z,21.48,65.84,99,0,35.48,101.67,29.00,591.00,null,null,null
2023-08-05T00:56:20Z,21.49,65.86,99,0,33.89,101.67,28.00,584.00,null,null,null
2023-08-05T00:57:20Z,21.46,65.88,99,0,32.56,101.66,29.00,591.00,null,null,null
2023-08-05T00:58:20Z,21.43,65.89,99,0,34.55,101.66,29.00,591.00,3,3,3
2023-08-05T00:59:20Z,21.48,65.96,99,0,30.58,101.66,28.00,584.00,null,null,null
2023-08-05T01:00:20Z,21.48,65.94,99,0,35.24,101.65,29.00,591.00,null,null,null
2023-08-05T01:01:20Z,21.48,65.99,99,0,34.78,101.65,29.00,591.00,null,null,null
2023-08-05T01:02:20Z,21.46,65.95,99,0,36.41,101.65,28.00,584.00,null,null,null
2023-08-05T01:03:20Z,21.46,66.01,99,0,30.99,101.65,29.00,591.00,0,1,1
2023-08-05T01:04:20Z,21.51,66.05,99,0,32.82,101.65,29.00,591.00,null,null,null
2023-08-05T01:05:20Z,21.46,66.00,99,0,36.61,101.64,28.00,584.00,null,null,null
2023-08-05T01:06:20Z,21.46,66.03,99,0,32.57,101.64,29.00,591.00,null,null,null
2023-08-05T01:07:20Z,21.46,66.06,99,0,33.11,101.63,29.00,591.00,null,null,null
2023-08-05T01:08:20Z,21.46,66.13,99,0,35.42,101.63,28.00,584.00,6,8,8
2023-08-05T01:09:20Z,21.45,66.09,99,0,33.48,101.63,29.00,591.00,null,null,null
2023-08-05T01:10:20Z,21.46,66.10,99,0,32.33,101.62,29.00,591.00,null,null,null
2023-08-05T01:11:20Z,21.48,66.09,99,0,33.81,101.62,28.00,584.00,null,null,null
2023-08-05T01:12:20Z,21.46,66.14,99,0,33.02,101.61,29.00,591.00,null,null,null
2023-08-05T01:13:20Z,21.45,66.15,99,0,31.95,101.61,29.00,591.00,1,1,1
2023-08-05T01:14:20Z,21.48,66.18,99,0,31.00,101.60,29.00,591.00,null,null,null
2023-08-05T01:15:20Z,21.46,66.13,99,0,31.07,101.60,30.00,597.00,null,null,null
2023-08-05T01:16:20Z,21.46,66.09,99,0,37.33,101.60,30.00,597.00,null,null,null
2023-08-05T01:17:20Z,21.45,66.11,99,0,35.18,101.59,30.00,597.00,null,null,null
2023-08-05T01:18:20Z,21.45,66.13,99,0,34.47,101.59,29.00,591.00,1,1,1
2023-08-05T01:19:20Z,21.46,66.15,99,0,34.99,101.60,29.00,591.00,null,null,null
2023-08-05T01:20:20Z,21.45,66.16,99,0,35.62,101.59,29.00,591.00,null,null,null
2023-08-05T01:21:20Z,21.46,66.08,99,0,30.74,101.58,28.00,584.00,null,null,null
2023-08-05T01:22:20Z,21.45,66.19,99,0,35.37,101.59,29.00,591.00,null,null,null
2023-08-05T01:23:20Z,21.43,66.16,99,0,36.34,101.58,29.00,591.00,4,4,4
2023-08-05T01:24:20Z,21.45,66.19,99,0,33.73,101.59,28.00,584.00,null,null,null
2023-08-05T01:25:20Z,21.43,66.15,99,0,34.31,101.59,30.00,597.00,null,null,null
2023-08-05T01:26:20Z,21.46,66.09,99,0,35.71,101.58,29.00,591.00,null,null,null
2023-08-05T01:27:20Z,21.43,66.14,99,0,33.85,101.58,29.00,591.00,null,null,null
2023-08-05T01:28:20Z,21.43,66.18,99,0,34.29,101.58,28.00,584.00,0,0,0
2023-08-05T01:29:20Z,21.46,66.15,99,0,37.68,101.58,30.00,597.00,null,null,null
2023-08-05T01:30:20Z,21.45,66.16,99,0,36.06,101.58,29.00,591.00,null,null,null
2023-08-05T01:31:20Z,21.46,66.19,99,0,33.88,101.58,29.00,591.00,null,null,null
2023-08-05T01:32:20Z,21.45,66.19,99,0,34.62,101.58,28.00,584.00,null,null,null
2023-08-05T01:33:20Z,21.43,66.18,99,0,35.63,101.58,29.00,591.00,5,6,6
2023-08-05T01:34:20Z,21.45,66.17,99,0,32.42,101.58,30.00,597.00,null,null,null
2023-08-05T01:35:20Z,21.45,66.17,99,0,36.31,101.58,30.00,597.00,null,null,null
2023-08-05T01:36:20Z,21.43,66.15,99,0,33.67,101.57,30.00,597.00,null,null,null
2023-08-05T01:37:20Z,21.43,66.17,99,0,30.16,101.57,30.00,597.00,null,null,null
2023-08-05T01:38:20Z,21.43,66.11,99,0,35.24,101.57,30.00,597.00,2,4,4
2023-08-05T01:39:20Z,21.42,66.16,99,0,35.69,101.57,30.00,597.00,null,null,null
2023-08-05T01:40:20Z,21.46,66.15,99,0,34.85,101.59,30.00,597.00,null,null,null
2023-08-05T01:41:20Z,21.43,66.11,99,0,33.24,101.59,30.00,597.00,null,null,null
2023-08-05T01:42:20Z,21.43,66.13,99,0,32.66,101.59,30.00,597.00,null,null,null
2023-08-05T01:43:20Z,21.42,66.22,99,0,36.79,101.59,30.00,597.00,1,1,1
2023-08-05T01:44:20Z,21.46,66.20,99,0,34.94,101.58,30.00,597.00,null,null,null
2023-08-05T01:45:20Z,21.48,66.09,99,0,33.07,101.58,30.00,597.00,null,null,null
2023-08-05T01:46:20Z,21.43,66.09,99,0,30.82,101.57,29.00,591.00,null,null,null
2023-08-05T01:47:20Z,21.43,66.09,99,0,33.50,101.57,28.00,584.00,null,null,null
2023-08-05T01:48:20Z,21.43,66.12,99,0,34.85,101.57,29.00,591.00,1,3,3
2023-08-05T01:49:20Z,21.42,66.20,99,0,32.14,101.56,30.00,597.00,null,null,null
2023-08-05T01:50:20Z,21.43,66.15,99,0,32.09,101.56,30.00,597.00,null,null,null
2023-08-05T01:51:20Z,21.43,66.13,99,0,31.54,101.55,30.00,597.00,null,null,null
2023-08-05T01:52:20Z,21.43,66.12,99,0,30.58,101.55,30.00,597.00,null,null,null
2023-08-05T01:53:20Z,21.42,66.12,99,0,31.94,101.54,30.00,597.00,2,3,3
2023-08-05T01:54:20Z,21.42,66.14,99,0,36.14,101.54,30.00,597.00,null,null,null
2023-08-05T01:55:20Z,21.45,66.12,99,0,34.00,101.54,30.00,597.00,null,null,null
2023-08-05T01:56:20Z,21.43,66.08,99,0,33.89,101.53,30.00,603.00,null,null,null
2023-08-05T01:57:20Z,21.43,66.18,99,0,31.11,101.53,30.00,603.00,null,null,null
2023-08-05T01:58:20Z,21.42,66.17,99,0,32.14,101.53,30.00,603.00,3,4,4
2023-08-05T01:59:20Z,21.41,66.19,99,0,35.82,101.53,32.00,612.00,null,null,null
2023-08-05T02:00:20Z,21.42,66.14,99,0,33.71,101.53,30.00,597.00,null,null,null
2023-08-05T02:01:20Z,21.42,66.13,99,0,31.75,101.53,30.00,597.00,null,null,null
2023-08-05T02:02:20Z,21.42,66.19,99,0,33.80,101.52,30.00,597.00,null,null,null
2023-08-05T02:03:20Z,21.39,66.22,99,0,31.71,101.52,30.00,597.00,1,2,2
2023-08-05T02:04:20Z,21.43,66.24,99,0,32.16,101.51,30.00,603.00,null,null,null
2023-08-05T02:05:20Z,21.41,66.19,99,0,32.28,101.51,30.00,603.00,null,null,null
2023-08-05T02:06:20Z,21.43,66.21,99,0,29.77,101.50,30.00,597.00,null,null,null
2023-08-05T02:07:20Z,21.39,66.24,99,0,34.66,101.50,30.00,603.00,null,null,null
2023-08-05T02:08:20Z,21.42,66.24,99,0,33.12,101.50,32.00,612.00,3,6,6
2023-08-05T02:09:20Z,21.42,66.31,99,0,33.67,101.49,32.00,612.00,null,null,null
2023-08-05T02:10:20Z,21.41,66.32,99,0,33.55,101.49,30.00,597.00,null,null,null
2023-08-05T02:11:20Z,21.42,66.27,99,0,38.13,101.49,30.00,597.00,null,null,null
2023-08-05T02:12:20Z,21.41,66.34,99,0,35.91,101.50,30.00,597.00,null,null,null
2023-08-05T02:13:20Z,21.41,66.38,99,0,32.22,101.49,30.00,603.00,6,6,6
2023-08-05T02:14:20Z,21.41,66.43,99,0,32.77,101.49,32.00,614.00,null,null,null
2023-08-05T02:15:20Z,21.42,66.40,99,0,32.64,101.50,32.00,614.00,null,null,null
2023-08-05T02:16:20Z,21.42,66.40,99,0,35.75,101.50,32.00,614.00,null,null,null
2023-08-05T02:17:20Z,21.39,66.43,99,0,36.48,101.50,32.00,614.00,null,null,null
2023-08-05T02:18:20Z,21.42,66.39,99,0,34.69,101.50,32.00,614.00,3,3,3
2023-08-05T02:19:20Z,21.41,66.43,99,0,33.95,101.50,33.00,620.00,null,null,null
2023-08-05T02:20:20Z,21.41,66.46,99,0,31.35,101.50,32.00,614.00,null,null,null
2023-08-05T02:21:20Z,21.41,66.48,99,0,35.34,101.50,33.00,620.00,null,null,null
2023-08-05T02:22:20Z,21.42,66.48,99,0,35.60,101.50,32.00,614.00,null,null,null
2023-08-05T02:23:20Z,21.39,66.57,99,0,35.64,101.50,33.00,620.00,6,10,10
2023-08-05T02:24:20Z,21.39,66.58,99,0,35.37,101.49,33.00,620.00,null,null,null
2023-08-05T02:25:20Z,21.41,66.56,99,0,34.93,101.49,33.00,620.00,null,null,null
2023-08-05T02:26:20Z,21.41,66.55,99,0,35.34,101.49,30.00,603.00,null,null,null
2023-08-05T02:27:20Z,21.39,66.55,99,0,34.97,101.49,30.00,603.00,null,null,null
2023-08-05T02:28:20Z,21.39,66.65,99,0,33.50,101.49,30.00,603.00,2,3,3
2023-08-05T02:29:20Z,21.41,66.62,99,0,36.62,101.49,30.00,603.00,null,null,null
2023-08-05T02:30:20Z,21.41,66.63,99,0,35.94,101.49,32.00,614.00,null,null,null
2023-08-05T02:31:20Z,21.39,66.58,99,0,31.34,101.48,32.00,614.00,null,null,null
2023-08-05T02:32:20Z,21.39,66.55,99,0,32.97,101.48,33.00,620.00,null,null,null
2023-08-05T02:33:20Z,21.41,66.59,99,0,31.99,101.48,33.00,620.00,2,2,10
2023-08-05T02:34:20Z,21.39,66.61,99,0,30.02,101.48,33.00,620.00,null,null,null
2023-08-05T02:35:20Z,21.41,66.58,99,0,34.73,101.48,35.00,634.00,null,null,null
2023-08-05T02:36:20Z,21.41,66.60,99,0,32.47,101.48,34.00,627.00,null,null,null
2023-08-05T02:37:20Z,21.42,66.67,99,0,32.18,101.48,34.00,627.00,null,null,null
2023-08-05T02:38:20Z,21.41,66.72,99,0,33.77,101.48,33.00,620.00,2,2,2
2023-08-05T02:39:20Z,21.42,66.71,99,0,31.41,101.48,34.00,627.00,null,null,null
2023-08-05T02:40:20Z,21.41,66.65,99,0,31.71,101.48,33.00,620.00,null,null,null
2023-08-05T02:41:20Z,21.39,66.69,99,0,30.45,101.48,30.00,602.00,null,null,null
2023-08-05T02:42:20Z,21.41,66.67,99,0,33.99,101.48,30.00,602.00,null,null,null
2023-08-05T02:43:20Z,21.41,66.71,99,0,35.41,101.48,31.00,605.00,4,4,4
2023-08-05T02:44:20Z,21.39,66.71,99,0,35.59,101.48,30.00,602.00,null,null,null
2023-08-05T02:45:20Z,21.41,66.62,99,0,34.63,101.48,31.00,605.00,null,null,null
2023-08-05T02:46:20Z,21.39,66.66,99,0,36.56,101.47,31.00,605.00,null,null,null
2023-08-05T02:47:20Z,21.39,66.62,99,0,32.18,101.48,31.00,605.00,null,null,null
2023-08-05T02:48:20Z,21.39,66.63,99,0,35.81,101.47,31.00,605.00,1,4,4
2023-08-05T02:49:20Z,21.41,66.71,99,0,31.62,101.47,30.00,602.00,null,null,null
2023-08-05T02:50:20Z,21.39,66.64,99,0,34.33,101.47,31.00,605.00,null,null,null
2023-08-05T02:51:20Z,21.41,66.64,99,0,32.01,101.46,31.00,605.00,null,null,null
2023-08-05T02:52:20Z,21.39,66.60,99,0,36.81,101.46,31.00,605.00,null,null,null
2023-08-05T02:53:20Z,21.39,66.63,99,0,32.41,101.46,33.00,617.00,3,3,3
2023-08-05T02:54:20Z,21.39,66.64,99,0,34.52,101.46,30.00,602.00,null,null,null
2023-08-05T02:55:20Z,21.41,66.57,99,0,33.19,101.46,33.00,617.00,null,null,null
2023-08-05T02:56:20Z,21.39,66.58,99,0,32.55,101.45,33.00,617.00,null,null,null
2023-08-05T02:57:20Z,21.39,66.55,99,0,31.25,101.45,33.00,617.00,null,null,null
2023-08-05T02:58:20Z,21.37,66.60,99,0,34.64,101.45,31.00,605.00,2,2,2
2023-08-05T02:59:20Z,21.38,66.59,99,0,32.87,101.44,31.00,605.00,null,null,null
