TIME,TEMP,HUM,BATT,LIGHT,NOISE_A,PRESS,CCS811_VOCS,CCS811_ECO2,PM_1,PM_25,PM_10
ISO 8601,C,%,%,Lux,dBA,kPa,ppb,ppm,ug/m3,ug/m3,ug/m3
Time,Temperature,Humidity,Battery,Light,Noise dBA,Barometric pressure,VOC Gas CCS811,eCO2 Gas CCS811,PM 1.0,PM 2.5,PM 10.0
,55,56,10,14,53,58,113,112,89,87,88
2023-09-13T00:00:03Z,21.93,66.09,99,0,31.70,101.75,22.00,546.00,0,0,0
2023-09-13T00:01:03Z,21.95,65.63,99,0,33.20,101.76,19.00,530.00,null,null,null
2023-09-13T00:02:03Z,21.96,65.45,99,0,45.89,101.75,17.00,514.00,null,null,null
2023-09-13T00:03:03Z,21.93,65.42,99,0,29.31,101.76,14.00,493.00,null,null,null
2023-09-13T00:04:03Z,21.93,65.44,99,0,29.17,101.76,11.00,473.00,null,null,null
2023-09-13T00:05:03Z,21.89,65.39,99,0,44.79,101.76,7.00,450.00,0,0,0
2023-09-13T00:06:03Z,21.92,65.62,99,0,30.57,101.76,9.00,460.00,null,null,null
2023-09-13T00:07:03Z,21.93,65.59,99,0,28.85,101.77,11.00,473.00,null,null,null
2023-09-13T00:08:03Z,21.92,65.47,99,0,33.04,101.76,10.00,466.00,null,null,null
2023-09-13T00:09:03Z,21.91,65.59,99,0,27.55,101.76,11.00,473.00,null,null,null
2023-09-13T00:10:03Z,21.88,65.63,99,0,30.35,101.76,13.00,488.00,0,0,0
2023-09-13T00:11:03Z,21.86,65.84,99,0,27.62,101.76,17.00,517.00,null,null,null
2023-09-13T00:12:03Z,21.92,65.74,99,0,45.16,101.76,18.00,524.00,null,null,null
2023-09-13T00:13:03Z,21.89,65.64,99,0,27.71,101.76,19.00,529.00,null,null,null
2023-09-13T00:14:03Z,21.89,65.74,99,0,42.10,101.76,22.00,545.00,null,null,null
2023-09-13T00:15:03Z,21.89,65.75,99,0,46.34,101.76,22.00,548.00,2,2,2
2023-09-13T00:16:03Z,21.91,65.65,99,0,42.76,101.76,21.00,540.00,null,null,null
2023-09-13T00:17:03Z,21.92,65.34,99,0,30.57,101.76,19.00,529.00,null,null,null
2023-09-13T00:18:03Z,21.92,65.53,99,0,31.82,101.76,21.00,539.00,null,null,null
2023-09-13T00:19:03Z,21.91,65.21,99,0,31.70,101.76,17.00,517.00,null,null,null
2023-09-13T00:20:03Z,21.85,65.13,99,0,35.11,101.76,14.00,497.00,0,0,0
2023-09-13T00:21:03Z,21.89,65.00,99,0,25.95,101.77,9.00,465.00,null,null,null
2023-09-13T00:22:03Z,21.86,65.06,99,0,37.13,101.76,9.00,460.00,null,null,null
2023-09-13T00:23:03Z,21.86,64.99,99,0,25.65,101.76,7.00,450.00,null,null,null
2023-09-13T00:24:03Z,21.85,64.70,99,0,45.61,101.76,4.00,427.00,null,null,null
2023-09-13T00:25:03Z,21.84,65.01,99,0,29.48,101.76,4.00,428.00,0,0,0
2023-09-13T00:26:03Z,21.84,65.24,99,0,32.53,101.77,4.00,427.00,null,null,null
2023-09-13T00:27:03Z,21.84,65.28,99,0,30.53,101.77,4.00,427.00,null,null,null
2023-09-13T00:28:03Z,21.84,65.27,99,0,28.77,101.77,7.00,446.00,null,null,null
2023-09-13T00:29:03Z,21.84,65.38,99,0,27.77,101.76,9.00,460.00,null,null,null
2023-09-13T00:30:03Z,21.81,65.09,99,0,28.85,101.78,10.00,466.00,3,5,5
2023-09-13T00:31:03Z,21.82,64.84,99,0,29.47,101.77,11.00,473.00,null,null,null
2023-09-13T00:32:03Z,21.81,64.74,99,0,30.47,101.78,8.00,454.00,null,null,null
2023-09-13T00:33:03Z,21.81,64.55,99,0,47.71,101.77,5.00,434.00,null,null,null
2023-09-13T00:34:03Z,21.81,64.87,99,0,41.40,101.78,2.00,415.00,null,null,null
2023-09-13T00:35:03Z,21.78,65.12,99,0,32.06,101.78,4.00,432.00,1,1,1
2023-09-13T00:36:03Z,21.79,64.88,99,0,51.35,101.78,7.00,446.00,null,null,null
2023-09-13T00:37:03Z,21.78,64.91,99,0,28.33,101.78,7.00,450.00,null,null,null
2023-09-13T00:38:03Z,21.81,64.60,99,0,24.39,101.79,7.00,446.00,null,null,null
2023-09-13T00:39:03Z,21.78,64.61,99,0,29.77,101.79,3.00,420.00,null,null,null
2023-09-13T00:40:03Z,21.73,64.36,99,0,26.82,101.79,0.00,402.00,0,0,0
2023-09-13T00:41:03Z,21.72,64.52,99,0,28.22,101.79,0.00,400.00,null,null,null
2023-09-13T00:42:03Z,21.72,64.60,99,0,26.50,101.79,0.00,400.00,null,null,null
2023-09-13T00:43:03Z,21.72,64.61,99,0,35.52,101.80,0.00,400.00,null,null,null
2023-09-13T00:44:03Z,21.68,64.38,99,0,25.73,101.79,0.00,400.00,null,null,null
2023-09-13T00:45:03Z,21.66,64.40,99,0,27.02,101.80,0.00,400.00,0,0,0
2023-09-13T00:46:03Z,21.68,63.97,99,0,26.26,101.79,0.00,400.00,null,null,null
2023-09-13T00:47:03Z,21.66,63.56,99,0,26.87,101.80,0.00,400.00,null,null,null
2023-09-13T00:48:03Z,21.64,63.86,99,0,34.48,101.80,0.00,400.00,null,null,null
2023-09-13T00:49:03Z,21.64,63.80,99,0,26.14,101.80,0.00,400.00,null,null,null
2023-09-13T00:50:03Z,21.59,63.85,99,0,28.07,101.79,0.00,400.00,0,0,0
2023-09-13T00:51:03Z,21.59,64.12,99,0,24.65,101.80,0.00,400.00,null,null,null
2023-09-13T00:52:03Z,21.59,63.76,99,0,27.42,101.79,5.00,434.00,null,null,null
2023-09-13T00:53:03Z,21.59,64.00,99,0,29.48,101.80,5.00,436.00,null,null,null
2023-09-13T00:54:03Z,21.58,64.00,99,0,29.00,101.80,5.00,436.00,null,null,null
2023-09-13T00:55:03Z,21.57,64.14,99,0,26.16,101.80,5.00,436.00,0,0,0
2023-09-13T00:56:03Z,21.58,63.95,99,0,22.05,101.80,6.00,445.00,null,null,null
2023-09-13T00:57:03Z,21.58,63.68,99,0,27.90,101.79,8.00,456.00,null,null,null
2023-09-13T00:58:03Z,21.57,63.37,99,0,28.25,101.80,6.00,445.00,null,null,null
2023-09-13T00:59:03Z,21.54,63.31,99,0,29.31,101.80,2.00,417.00,null,null,null
2023-09-13T01:00:03Z,21.51,63.35,99,0,41.35,101.80,0.00,400.00,0,0,0
2023-09-13T01:01:03Z,21.50,63.22,99,0,30.89,101.80,0.00,400.00,null,null,null
2023-09-13T01:02:03Z,21.47,63.22,99,0,26.46,101.80,0.00,400.00,null,null,null
2023-09-13T01:03:03Z,21.48,63.39,99,0,24.46,101.79,0.00,400.00,null,null,null
2023-09-13T01:04:03Z,21.45,63.43,99,0,44.91,101.81,0.00,406.00,null,null,null
2023-09-13T01:05:03Z,21.47,63.49,99,0,27.30,101.80,2.00,416.00,0,0,8
2023-09-13T01:06:03Z,21.45,63.43,99,0,38.70,101.80,3.00,424.00,null,null,null
2023-09-13T01:07:03Z,21.45,63.23,99,0,27.20,101.80,3.00,420.00,null,null,null
2023-09-13T01:08:03Z,21.44,63.36,99,0,27.89,101.81,3.00,421.00,null,null,null
2023-09-13T01:09:03Z,21.40,63.35,99,0,33.48,101.80,1.00,411.00,null,null,null
2023-09-13T01:10:03Z,21.40,63.48,99,0,42.89,101.80,3.00,424.00,5,10,16
2023-09-13T01:11:03Z,21.40,63.37,99,0,24.65,101.80,3.00,424.00,null,null,null
2023-09-13T01:12:03Z,21.41,63.39,99,0,32.19,101.80,3.00,424.00,null,null,null
2023-09-13T01:13:03Z,21.38,63.21,99,0,24.46,101.80,2.00,416.00,null,null,null
2023-09-13T01:14:03Z,21.34,63.11,99,0,23.05,101.81,0.00,400.00,null,null,null
2023-09-13T01:15:03Z,21.34,63.11,99,0,24.58,101.81,0.00,400.00,1,1,1
2023-09-13T01:16:03Z,21.34,63.16,99,0,25.41,101.81,0.00,400.00,null,null,null
2023-09-13T01:17:03Z,21.33,63.23,99,0,45.94,101.80,0.00,400.00,null,null,null
2023-09-13T01:18:03Z,21.34,63.35,99,0,22.05,101.81,0.00,400.00,null,null,null
2023-09-13T01:19:03Z,21.31,63.43,99,0,29.77,101.82,1.00,408.00,null,null,null
2023-09-13T01:20:03Z,21.29,63.51,99,0,37.90,101.83,3.00,421.00,3,7,7
2023-09-13T01:21:03Z,21.29,63.15,99,0,26.00,101.82,2.00,417.00,null,null,null
2023-09-13T01:22:03Z,21.29,63.12,99,0,26.97,101.82,3.00,422.00,null,null,null
2023-09-13T01:23:03Z,21.29,63.42,99,0,25.32,101.83,3.00,422.00,null,null,null
2023-09-13T01:24:03Z,21.26,63.06,99,0,43.08,101.82,3.00,421.00,null,null,null
2023-09-13T01:25:03Z,21.22,63.06,99,0,26.76,101.82,1.00,409.00,0,0,0
2023-09-13T01:26:03Z,21.23,63.05,99,0,40.23,101.82,2.00,414.00,null,null,null
2023-09-13T01:27:03Z,21.20,63.31,99,0,31.70,101.83,2.00,416.00,null,null,null
2023-09-13T01:28:03Z,21.22,63.30,99,0,39.72,101.83,4.00,432.00,null,null,null
2023-09-13T01:29:03Z,21.18,63.48,99,0,25.90,101.83,4.00,432.00,null,null,null
2023-09-13T01:30:03Z,21.18,63.46,99,0,24.86,101.83,5.00,436.00,0,0,0
2023-09-13T01:31:03Z,21.18,63.50,99,0,29.09,101.83,4.00,432.00,null,null,null
2023-09-13T01:32:03Z,21.18,63.41,99,0,40.16,101.83,6.00,445.00,null,null,null
2023-09-13T01:33:03Z,21.17,63.57,99,0,45.07,101.83,6.00,445.00,null,null,null
2023-09-13T01:34:03Z,21.17,63.74,99,0,27.22,101.84,9.00,463.00,null,null,null
2023-09-13T01:35:03Z,21.17,63.84,99,0,39.07,101.84,13.00,488.00,1,1,1
2023-09-13T01:36:03Z,21.17,63.95,99,0,26.48,101.83,19.00,527.00,null,null,null
2023-09-13T01:37:03Z,21.17,63.94,99,0,24.83,101.84,25.00,566.00,null,null,null
2023-09-13T01:38:03Z,21.18,64.04,99,0,43.10,101.84,27.00,578.00,null,null,null
2023-09-13T01:39:03Z,21.18,63.66,99,0,25.35,101.85,29.00,592.00,null,null,null
2023-09-13T01:40:03Z,21.16,63.64,99,0,24.93,101.84,29.00,591.00,4,4,4
2023-09-13T01:41:03Z,21.17,63.43,99,0,28.74,101.85,25.00,570.00,null,null,null
2023-09-13T01:42:03Z,21.14,63.43,99,0,29.40,101.85,22.00,548.00,null,null,null
2023-09-13T01:43:03Z,21.14,63.41,99,0,25.22,101.85,19.00,527.00,null,null,null
2023-09-13T01:44:03Z,21.14,63.48,99,0,26.24,101.85,15.00,505.00,null,null,null
2023-09-13T01:45:03Z,21.11,63.46,99,0,27.47,101.85,14.00,493.00,4,4,4
2023-09-13T01:46:03Z,21.11,63.68,99,0,24.31,101.85,15.00,500.00,null,null,null
2023-09-13T01:47:03Z,21.14,63.83,99,0,26.03,101.85,19.00,527.00,null,null,null
2023-09-13T01:48:03Z,21.13,63.63,99,0,32.33,101.85,21.00,543.00,null,null,null
2023-09-13T01:49:03Z,21.11,63.53,99,0,26.38,101.85,19.00,531.00,null,null,null
2023-09-13T01:50:03Z,21.08,63.77,99,0,27.16,101.85,18.00,519.00,1,1,1
2023-09-13T01:51:03Z,21.10,63.67,99,0,34.82,101.85,18.00,523.00,null,null,null
2023-09-13T01:52:03Z,21.10,63.72,99,0,28.70,101.85,17.00,514.00,null,null,null
2023-09-13T01:53:03Z,21.10,63.74,99,0,27.97,101.85,19.00,531.00,null,null,null
2023-09-13T01:54:03Z,21.08,63.82,99,0,21.85,101.85,20.00,537.00,null,null,null
2023-09-13T01:55:03Z,21.07,64.00,99,0,26.84,101.85,24.00,560.00,5,7,7
2023-09-13T01:56:03Z,21.11,64.06,99,0,29.11,101.85,29.00,592.00,null,null,null
2023-09-13T01:57:03Z,21.13,63.87,99,0,23.81,101.86,32.00,614.00,null,null,null
2023-09-13T01:58:03Z,21.08,64.02,99,0,29.11,101.85,33.00,620.00,null,null,null
2023-09-13T01:59:03Z,21.11,63.84,99,0,25.65,101.86,37.00,649.00,null,null,null
2023-09-13T02:00:03Z,21.07,63.69,99,0,27.16,101.86,33.00,620.00,1,2,2
2023-09-13T02:01:03Z,21.08,63.87,99,0,25.79,101.86,36.00,637.00,null,null,null
2023-09-13T02:02:03Z,21.10,63.90,99,0,27.97,101.86,35.00,634.00,null,null,null
2023-09-13T02:03:03Z,21.11,64.06,99,0,32.98,101.86,37.00,649.00,null,null,null
2023-09-13T02:04:03Z,21.11,64.18,99,0,41.75,101.86,47.00,712.00,null,null,null
2023-09-13T02:05:03Z,21.08,64.07,99,0,26.80,101.86,55.00,763.00,5,5,5
2023-09-13T02:06:03Z,21.14,64.09,99,0,24.58,101.86,53.00,754.00,null,null,null
2023-09-13T02:07:03Z,21.14,64.09,99,0,23.05,101.86,57.00,778.00,null,null,null
2023-09-13T02:08:03Z,21.16,63.95,99,0,26.31,101.86,56.00,770.00,null,null,null
2023-09-13T02:09:03Z,21.10,63.84,99,0,25.62,101.86,52.00,744.00,null,null,null
2023-09-13T02:10:03Z,21.11,64.02,99,0,39.24,101.86,47.00,712.00,1,1,1
2023-09-13T02:11:03Z,21.11,64.11,99,0,27.20,101.86,55.00,763.00,null,null,null
2023-09-13T02:12:03Z,21.16,64.17,99,0,26.71,101.86,59.00,791.00,null,null,null
2023-09-13T02:13:03Z,21.14,64.15,99,0,26.67,101.87,60.00,800.00,null,null,null
2023-09-13T02:14:03Z,21.13,64.22,99,0,25.29,101.87,62.00,808.00,null,null,null
2023-09-13T02:15:03Z,21.17,64.11,99,0,28.45,101.87,63.00,817.00,7,7,7
2023-09-13T02:16:03Z,21.17,64.24,99,0,24.31,101.86,63.00,817.00,null,null,null
2023-09-13T02:17:03Z,21.17,63.93,99,0,42.82,101.87,60.00,800.00,null,null,null
2023-09-13T02:18:03Z,21.14,63.82,99,0,27.57,101.87,56.00,770.00,null,null,null
2023-09-13T02:19:03Z,21.13,63.92,99,0,27.20,101.86,51.00,735.00,null,null,null
2023-09-13T02:20:03Z,21.13,63.86,99,0,26.95,101.87,47.00,712.00,2,2,2
2023-09-13T02:21:03Z,21.14,63.98,99,0,31.05,101.87,46.00,704.00,null,null,null
2023-09-13T02:22:03Z,21.16,63.97,99,0,27.66,101.87,45.00,697.00,null,null,null
2023-09-13T02:23:03Z,21.16,63.89,99,0,24.27,101.87,45.00,697.00,null,null,null
2023-09-13T02:24:03Z,21.11,63.73,99,0,25.65,101.87,40.00,665.00,null,null,null
2023-09-13T02:25:03Z,21.11,64.00,99,0,25.09,101.87,41.00,671.00,2,2,2
2023-09-13T02:26:03Z,21.16,64.18,99,0,30.88,101.88,47.00,712.00,null,null,null
2023-09-13T02:27:03Z,21.17,64.18,99,0,29.98,101.88,51.00,735.00,null,null,null
2023-09-13T02:28:03Z,21.16,63.97,99,0,28.34,101.88,56.00,770.00,null,null,null
2023-09-13T02:29:03Z,21.13,63.75,99,0,30.11,101.88,52.00,744.00,null,null,null
2023-09-13T02:30:03Z,21.11,63.94,99,0,29.42,101.88,44.00,692.00,3,6,12
2023-09-13T02:31:03Z,21.11,63.89,99,0,28.23,101.88,44.00,692.00,null,null,null
2023-09-13T02:32:03Z,21.14,63.84,99,0,37.38,101.88,39.00,656.00,null,null,null
2023-09-13T02:33:03Z,21.11,63.89,99,0,27.18,101.88,40.00,665.00,null,null,null
2023-09-13T02:34:03Z,21.13,63.86,99,0,23.81,101.89,36.00,641.00,null,null,null
2023-09-13T02:35:03Z,21.10,63.93,99,0,29.67,101.89,36.00,641.00,4,5,5
2023-09-13T02:36:03Z,21.11,64.07,99,0,25.98,101.89,39.00,656.00,null,null,null
2023-09-13T02:37:03Z,21.13,64.05,99,0,26.55,101.89,45.00,697.00,null,null,null
2023-09-13T02:38:03Z,21.11,64.11,99,0,29.60,101.89,47.00,712.00,null,null,null
2023-09-13T02:39:03Z,21.10,64.21,99,0,30.16,101.89,51.00,735.00,null,null,null
2023-09-13T02:40:03Z,21.11,64.13,99,0,26.55,101.89,53.00,754.00,6,7,7
2023-09-13T02:41:03Z,21.11,64.30,99,0,27.16,101.89,56.00,770.00,null,null,null
2023-09-13T02:42:03Z,21.13,64.29,99,0,28.19,101.89,62.00,813.00,null,null,null
2023-09-13T02:43:03Z,21.14,64.38,99,0,26.97,101.90,67.00,840.00,null,null,null
2023-09-13T02:44:03Z,21.13,64.49,99,0,29.38,101.90,73.00,885.00,null,null,null
2023-09-13T02:45:03Z,21.11,64.34,99,0,24.39,101.89,75.00,895.00,6,7,7
2023-09-13T02:46:03Z,21.17,64.48,99,0,26.67,101.90,83.00,945.00,null,null,null
2023-09-13T02:47:03Z,21.17,64.45,99,0,29.27,101.90,84.00,956.00,null,null,null
2023-09-13T02:48:03Z,21.16,64.40,99,0,28.60,101.90,87.00,977.00,null,null,null
2023-09-13T02:49:03Z,21.18,64.57,99,0,27.82,101.90,92.00,1004.00,null,null,null
2023-09-13T02:50:03Z,21.17,64.41,99,0,27.55,101.90,92.00,1004.00,5,6,6
2023-09-13T02:51:03Z,21.22,64.38,99,0,24.93,101.90,90.00,992.00,null,null,null
2023-09-13T02:52:03Z,21.20,64.45,99,0,26.76,101.90,90.00,992.00,null,null,null
2023-09-13T02:53:03Z,21.20,64.49,99,0,27.87,101.90,97.00,1041.00,null,null,null
2023-09-13T02:54:03Z,21.20,64.51,99,0,27.78,101.89,97.00,1041.00,null,null,null
2023-09-13T02:55:03Z,21.22,64.39,99,0,28.74,101.89,97.00,1041.00,11,17,17
2023-09-13T02:56:03Z,21.23,64.65,99,0,25.32,101.89,103.00,1077.00,null,null,null
2023-09-13T02:57:03Z,21.24,64.65,99,0,26.93,101.89,111.00,1134.00,null,null,null
2023-09-13T02:58:03Z,21.24,64.67,99,0,23.63,101.89,117.00,1171.00,null,null,null
2023-09-13T02:59:03Z,21.23,64.45,99,0,25.53,101.89,117.00,1171.00,null,null,null
