TIME,TEMP,HUM,BATT,LIGHT,NOISE_A,PRESS,CCS811_VOCS,CCS811_ECO2,PM_1,PM_25,PM_10
ISO 8601,C,%,%,Lux,dBA,kPa,ppb,ppm,ug/m3,ug/m3,ug/m3
Time,Temperature,Humidity,Battery,Light,Noise dBA,Barometric pressure,VOC Gas CCS811,eCO2 Gas CCS811,PM 1.0,PM 2.5,PM 10.0
,55,56,10,14,53,58,113,112,89,87,88
2023-08-16T00:00:15Z,21.52,71.15,98,0,29.44,101.98,105.00,1095.00,null,null,null
2023-08-16T00:01:15Z,21.54,71.43,98,0,30.32,101.98,111.00,1131.00,17,20,20
2023-08-16T00:02:15Z,21.55,71.39,98,0,28.57,101.98,109.00,1118.00,null,null,null
2023-08-16T00:03:15Z,21.54,71.42,99,0,28.42,101.98,115.00,1159.00,null,null,null
2023-08-16T00:04:15Z,21.55,70.97,98,0,28.80,101.98,109.00,1118.00,null,null,null
2023-08-16T00:05:15Z,21.57,71.26,98,0,27.14,101.98,114.00,1150.00,null,null,null
2023-08-16T00:06:15Z,21.52,71.05,99,0,31.16,101.98,109.00,1118.00,10,12,12
2023-08-16T00:07:15Z,21.57,70.72,98,0,28.93,101.98,104.00,1086.00,null,null,null
2023-08-16T00:08:15Z,21.57,70.70,98,0,30.09,101.98,103.00,1077.00,null,null,null
2023-08-16T00:09:15Z,21.55,70.62,99,0,26.03,101.98,96.00,1035.00,null,null,null
2023-08-16T00:10:15Z,21.55,70.48,98,0,33.50,101.98,96.00,1035.00,null,null,null
2023-08-16T00:11:15Z,21.52,70.90,98,0,27.22,101.98,103.00,1077.00,12,21,21
2023-08-16T00:12:15Z,21.55,70.62,98,0,26.95,101.98,94.00,1019.00,null,null,null
2023-08-16T00:13:15Z,21.55,70.54,98,0,25.00,101.98,90.00,992.00,null,null,null
2023-08-16T00:14:15Z,21.55,70.62,98,0,28.09,101.98,93.00,1012.00,null,null,null
2023-08-16T00:15:15Z,21.54,70.61,98,0,27.89,101.98,90.00,992.00,null,null,null
2023-08-16T00:16:15Z,21.55,71.06,98,0,27.99,101.98,103.00,1077.00,11,23,23
2023-08-16T00:17:15Z,21.55,70.76,98,0,26.84,101.97,94.00,1019.00,null,null,null
2023-08-16T00:18:15Z,21.54,70.63,98,0,28.12,101.97,94.00,1019.00,null,null,null
2023-08-16T00:19:15Z,21.57,70.60,99,0,34.44,101.98,93.00,1012.00,null,null,null
2023-08-16T00:20:15Z,21.54,70.83,99,0,29.21,101.97,93.00,1012.00,null,null,null
2023-08-16T00:21:15Z,21.54,70.70,98,0,27.04,101.98,94.00,1019.00,9,11,19
2023-08-16T00:22:15Z,21.54,70.64,98,0,24.11,101.97,87.00,972.00,null,null,null
2023-08-16T00:23:15Z,21.54,70.71,98,0,35.04,101.97,93.00,1012.00,null,null,null
2023-08-16T00:24:15Z,21.58,71.05,98,0,22.78,101.97,96.00,1035.00,null,null,null
2023-08-16T00:25:15Z,21.52,70.71,98,0,33.81,101.97,92.00,1004.00,null,null,null
2023-08-16T00:26:15Z,21.52,70.64,98,0,27.45,101.97,87.00,972.00,8,12,12
2023-08-16T00:27:15Z,21.57,70.77,98,0,25.79,101.97,93.00,1012.00,null,null,null
2023-08-16T00:28:15Z,21.55,70.62,99,0,24.61,101.97,83.00,951.00,null,null,null
2023-08-16T00:29:15Z,21.55,70.65,99,0,28.42,101.97,90.00,992.00,null,null,null
2023-08-16T00:30:15Z,21.54,70.53,98,0,25.26,101.97,85.00,959.00,null,null,null
2023-08-16T00:31:15Z,21.52,70.57,98,0,27.69,101.97,85.00,959.00,10,19,19
2023-08-16T00:32:15Z,21.58,70.50,98,0,27.12,101.97,82.00,940.00,null,null,null
2023-08-16T00:33:15Z,21.57,70.63,98,0,31.25,101.97,85.00,959.00,null,null,null
2023-08-16T00:34:15Z,21.55,70.63,99,0,24.68,101.97,82.00,940.00,null,null,null
2023-08-16T00:35:15Z,21.54,70.50,98,0,30.31,101.96,85.00,959.00,null,null,null
2023-08-16T00:36:15Z,21.54,70.58,98,0,24.27,101.97,85.00,959.00,9,18,18
2023-08-16T00:37:15Z,21.54,70.76,98,0,23.20,101.97,85.00,959.00,null,null,null
2023-08-16T00:38:15Z,21.55,70.63,98,0,29.57,101.96,83.00,951.00,null,null,null
2023-08-16T00:39:15Z,21.55,70.65,98,0,29.58,101.96,85.00,959.00,null,null,null
2023-08-16T00:40:15Z,21.54,70.98,98,0,30.86,101.96,90.00,992.00,null,null,null
2023-08-16T00:41:15Z,21.55,70.96,98,0,25.53,101.96,92.00,1004.00,17,28,28
2023-08-16T00:42:15Z,21.57,71.09,98,0,26.71,101.96,92.00,1004.00,null,null,null
2023-08-16T00:43:15Z,21.55,71.08,98,0,26.55,101.96,98.00,1047.00,null,null,null
2023-08-16T00:44:15Z,21.54,71.05,98,0,26.95,101.96,94.00,1019.00,null,null,null
2023-08-16T00:45:15Z,21.55,71.22,98,0,26.89,101.96,104.00,1086.00,null,null,null
2023-08-16T00:46:15Z,21.57,71.05,99,0,24.31,101.96,101.00,1068.00,7,15,15
2023-08-16T00:47:15Z,21.55,71.26,98,0,38.37,101.96,101.00,1068.00,null,null,null
2023-08-16T00:48:15Z,21.58,71.33,99,0,24.23,101.96,102.00,1074.00,null,null,null
2023-08-16T00:49:15Z,21.57,71.20,99,0,25.47,101.96,105.00,1095.00,null,null,null
2023-08-16T00:50:15Z,21.55,71.04,99,0,23.90,101.96,101.00,1068.00,null,null,null
2023-08-16T00:51:15Z,21.57,71.06,99,0,24.79,101.96,104.00,1086.00,8,16,16
2023-08-16T00:52:15Z,21.59,71.21,98,0,24.61,101.96,107.00,1107.00,null,null,null
2023-08-16T00:53:15Z,21.59,71.01,98,0,24.07,101.96,107.00,1107.00,null,null,null
2023-08-16T00:54:15Z,21.58,70.96,98,0,23.05,101.96,104.00,1086.00,null,null,null
2023-08-16T00:55:15Z,21.57,70.72,98,0,55.31,101.95,101.00,1068.00,null,null,null
2023-08-16T00:56:15Z,21.58,70.97,99,0,24.86,101.96,105.00,1095.00,10,17,17
2023-08-16T00:57:15Z,21.61,71.10,99,0,22.66,101.96,107.00,1107.00,null,null,null
2023-08-16T00:58:15Z,21.59,71.16,98,0,29.47,101.96,114.00,1150.00,null,null,null
2023-08-16T00:59:15Z,21.58,71.23,98,0,26.41,101.96,117.00,1174.00,null,null,null
2023-08-16T01:00:15Z,21.59,71.17,98,0,22.43,101.95,114.00,1150.00,null,null,null
2023-08-16T01:01:15Z,21.59,71.12,98,0,24.72,101.96,117.00,1174.00,5,6,6
2023-08-16T01:02:15Z,21.59,71.08,98,0,28.17,101.96,120.00,1191.00,null,null,null
2023-08-16T01:03:15Z,21.62,70.79,98,0,29.01,101.96,114.00,1150.00,null,null,null
2023-08-16T01:04:15Z,21.59,70.73,98,0,28.11,101.96,111.00,1131.00,null,null,null
2023-08-16T01:05:15Z,21.58,70.91,98,0,26.84,101.96,111.00,1131.00,null,null,null
2023-08-16T01:06:15Z,21.59,70.92,98,0,26.87,101.96,115.00,1159.00,10,14,14
2023-08-16T01:07:15Z,21.59,70.91,98,0,31.34,101.96,114.00,1150.00,null,null,null
2023-08-16T01:08:15Z,21.61,70.87,98,0,28.57,101.96,117.00,1174.00,null,null,null
2023-08-16T01:09:15Z,21.61,70.89,98,0,27.82,101.96,120.00,1191.00,null,null,null
2023-08-16T01:10:15Z,21.61,70.77,98,0,24.35,101.95,120.00,1191.00,null,null,null
2023-08-16T01:11:15Z,21.59,70.82,98,0,26.11,101.95,120.00,1191.00,11,12,12
2023-08-16T01:12:15Z,21.59,70.91,98,0,31.07,101.96,120.00,1191.00,null,null,null
2023-08-16T01:13:15Z,21.61,70.94,98,0,25.82,101.96,120.00,1191.00,null,null,null
2023-08-16T01:14:15Z,21.64,70.82,99,0,23.68,101.95,124.00,1220.00,null,null,null
2023-08-16T01:15:15Z,21.62,70.87,98,0,25.16,101.95,120.00,1191.00,null,null,null
2023-08-16T01:16:15Z,21.59,70.97,98,0,27.75,101.96,114.00,1150.00,3,7,7
2023-08-16T01:17:15Z,21.58,70.53,98,0,31.63,101.96,114.00,1150.00,null,null,null
2023-08-16T01:18:15Z,21.59,70.55,98,0,26.67,101.96,105.00,1095.00,null,null,null
2023-08-16T01:19:15Z,21.59,70.51,98,0,33.10,101.96,103.00,1077.00,null,null,null
2023-08-16T01:20:15Z,21.57,70.40,99,0,32.17,101.96,103.00,1077.00,null,null,null
2023-08-16T01:21:15Z,21.57,70.30,98,0,27.34,101.96,96.00,1035.00,6,7,7
2023-08-16T01:22:15Z,21.58,70.45,99,0,27.14,101.96,96.00,1035.00,null,null,null
2023-08-16T01:23:15Z,21.59,70.46,98,0,30.37,101.96,96.00,1035.00,null,null,null
2023-08-16T01:24:15Z,21.57,70.46,99,0,26.03,101.97,93.00,1012.00,null,null,null
2023-08-16T01:25:15Z,21.57,70.40,98,0,28.88,101.97,90.00,992.00,null,null,null
2023-08-16T01:26:15Z,21.57,70.58,98,0,35.91,101.97,90.00,992.00,8,10,10
2023-08-16T01:27:15Z,21.57,70.56,98,0,25.38,101.97,87.00,972.00,null,null,null
2023-08-16T01:28:15Z,21.57,70.70,98,0,43.16,101.97,93.00,1012.00,null,null,null
2023-08-16T01:29:15Z,21.57,70.94,98,0,30.39,101.97,93.00,1012.00,null,null,null
2023-08-16T01:30:15Z,21.58,71.10,98,0,26.36,101.98,107.00,1107.00,null,null,null
2023-08-16T01:31:15Z,21.55,71.06,99,0,23.20,101.98,111.00,1131.00,7,9,15
2023-08-16T01:32:15Z,21.58,71.21,98,0,25.76,101.98,107.00,1107.00,null,null,null
2023-08-16T01:33:15Z,21.59,71.12,98,0,28.06,101.98,114.00,1150.00,null,null,null
2023-08-16T01:34:15Z,21.61,71.28,98,0,26.43,101.97,117.00,1174.00,null,null,null
2023-08-16T01:35:15Z,21.58,71.22,98,0,27.82,101.97,112.00,1137.00,null,null,null
2023-08-16T01:36:15Z,21.59,71.08,98,0,30.14,101.97,114.00,1150.00,8,10,10
2023-08-16T01:37:15Z,21.59,71.23,99,0,26.21,101.97,117.00,1174.00,null,null,null
2023-08-16T01:38:15Z,21.61,71.35,98,0,25.79,101.97,117.00,1174.00,null,null,null
2023-08-16T01:39:15Z,21.59,71.37,99,0,28.30,101.98,122.00,1204.00,null,null,null
2023-08-16T01:40:15Z,21.59,70.81,98,0,24.19,101.97,115.00,1159.00,null,null,null
2023-08-16T01:41:15Z,21.57,70.88,99,0,24.46,101.97,107.00,1107.00,6,12,17
2023-08-16T01:42:15Z,21.58,70.90,98,0,24.65,101.98,104.00,1086.00,null,null,null
2023-08-16T01:43:15Z,21.62,70.98,98,0,28.34,101.97,101.00,1068.00,null,null,null
2023-08-16T01:44:15Z,21.59,71.17,98,0,29.63,101.98,104.00,1086.00,null,null,null
2023-08-16T01:45:15Z,21.57,71.22,99,0,42.23,101.98,104.00,1086.00,null,null,null
2023-08-16T01:46:15Z,21.59,71.17,99,0,27.82,101.98,107.00,1107.00,0,0,0
2023-08-16T01:47:15Z,21.61,71.40,98,0,24.39,101.98,104.00,1086.00,null,null,null
2023-08-16T01:48:15Z,21.61,71.40,99,0,35.42,101.98,112.00,1137.00,null,null,null
2023-08-16T01:49:15Z,21.61,71.42,98,0,26.21,101.98,112.00,1137.00,null,null,null
2023-08-16T01:50:15Z,21.59,71.43,99,0,28.61,101.98,115.00,1159.00,null,null,null
2023-08-16T01:51:15Z,21.59,71.43,98,0,25.73,101.98,118.00,1178.00,5,5,5
2023-08-16T01:52:15Z,21.61,71.40,98,0,30.08,101.98,118.00,1178.00,null,null,null
2023-08-16T01:53:15Z,21.62,71.39,99,0,26.69,101.98,118.00,1178.00,null,null,null
2023-08-16T01:54:15Z,21.62,71.46,98,0,34.43,101.98,122.00,1204.00,null,null,null
2023-08-16T01:55:15Z,21.61,71.31,99,0,40.61,101.98,122.00,1204.00,null,null,null
2023-08-16T01:56:15Z,21.59,71.17,98,0,26.71,101.98,118.00,1178.00,6,9,9
2023-08-16T01:57:15Z,21.64,71.19,98,0,42.79,101.98,114.00,1150.00,null,null,null
2023-08-16T01:58:15Z,21.61,71.23,98,0,29.70,101.98,111.00,1131.00,null,null,null
2023-08-16T01:59:15Z,21.62,71.30,98,0,44.77,101.99,117.00,1174.00,null,null,null
2023-08-16T02:00:15Z,21.59,71.09,98,0,29.21,101.99,109.00,1118.00,null,null,null
2023-08-16T02:01:15Z,21.59,71.34,98,0,25.62,101.99,107.00,1107.00,5,5,5
2023-08-16T02:02:15Z,21.64,71.26,98,0,26.60,101.98,112.00,1137.00,null,null,null
2023-08-16T02:03:15Z,21.62,71.34,99,0,41.80,101.98,112.00,1137.00,null,null,null
2023-08-16T02:04:15Z,21.61,71.10,98,0,29.99,101.98,109.00,1118.00,null,null,null
2023-08-16T02:05:15Z,21.58,71.23,98,0,38.13,101.99,111.00,1131.00,null,null,null
2023-08-16T02:06:15Z,21.61,71.17,98,0,46.65,101.98,111.00,1131.00,5,5,5
2023-08-16T02:07:15Z,21.62,71.02,98,0,42.31,101.98,107.00,1107.00,null,null,null
2023-08-16T02:08:15Z,21.62,70.97,98,0,24.39,101.98,101.00,1068.00,null,null,null
2023-08-16T02:09:15Z,21.62,70.96,99,0,26.82,101.98,101.00,1068.00,null,null,null
2023-08-16T02:10:15Z,21.58,70.97,99,0,24.93,101.98,98.00,1047.00,null,null,null
2023-08-16T02:11:15Z,21.58,70.95,98,0,23.10,101.98,88.00,983.00,4,5,5
2023-08-16T02:12:15Z,21.58,70.96,99,0,24.76,101.98,85.00,964.00,null,null,null
2023-08-16T02:13:15Z,21.59,70.94,98,0,27.97,101.98,85.00,964.00,null,null,null
2023-08-16T02:14:15Z,21.55,70.91,98,0,25.44,101.98,85.00,964.00,null,null,null
2023-08-16T02:15:15Z,21.57,70.98,98,0,30.46,101.98,85.00,964.00,null,null,null
2023-08-16T02:16:15Z,21.55,71.14,98,0,22.94,101.98,85.00,964.00,4,6,6
2023-08-16T02:17:15Z,21.58,71.11,99,0,29.41,101.98,83.00,951.00,null,null,null
2023-08-16T02:18:15Z,21.55,71.12,99,0,26.43,101.98,83.00,951.00,null,null,null
2023-08-16T02:19:15Z,21.55,71.13,98,0,27.34,101.98,85.00,964.00,null,null,null
2023-08-16T02:20:15Z,21.52,71.16,98,0,25.82,101.98,80.00,930.00,null,null,null
2023-08-16T02:21:15Z,21.54,71.30,98,0,26.00,101.98,85.00,964.00,3,6,6
2023-08-16T02:22:15Z,21.55,71.27,98,0,48.65,101.98,82.00,940.00,null,null,null
2023-08-16T02:23:15Z,21.55,71.20,99,0,26.19,101.98,84.00,954.00,null,null,null
2023-08-16T02:24:15Z,21.54,71.13,98,0,26.89,101.98,85.00,964.00,null,null,null
2023-08-16T02:25:15Z,21.52,71.31,98,0,23.90,101.98,83.00,951.00,null,null,null
2023-08-16T02:26:15Z,21.52,71.52,98,0,41.61,101.98,87.00,972.00,10,10,10
2023-08-16T02:27:15Z,21.54,71.62,98,0,30.02,101.98,92.00,1009.00,null,null,null
2023-08-16T02:28:15Z,21.55,71.69,99,0,28.57,101.98,96.00,1035.00,null,null,null
2023-08-16T02:29:15Z,21.55,71.33,98,0,27.68,101.99,96.00,1035.00,null,null,null
2023-08-16T02:30:15Z,21.54,71.32,98,0,29.38,101.98,92.00,1009.00,null,null,null
2023-08-16T02:31:15Z,21.54,71.52,98,0,29.57,101.98,90.00,992.00,5,5,5
2023-08-16T02:32:15Z,21.54,71.62,98,0,25.95,101.98,90.00,992.00,null,null,null
2023-08-16T02:33:15Z,21.57,71.57,98,0,27.68,101.98,96.00,1035.00,null,null,null
2023-08-16T02:34:15Z,21.55,71.41,98,0,40.24,101.98,96.00,1035.00,null,null,null
2023-08-16T02:35:15Z,21.52,71.15,98,0,26.41,101.98,90.00,992.00,null,null,null
2023-08-16T02:36:15Z,21.52,71.26,99,0,30.91,101.98,85.00,964.00,6,6,6
2023-08-16T02:37:15Z,21.54,71.55,98,0,28.96,101.98,87.00,972.00,null,null,null
2023-08-16T02:38:15Z,21.52,71.55,98,0,28.63,101.98,90.00,992.00,null,null,null
2023-08-16T02:39:15Z,21.54,71.37,99,0,27.59,101.99,84.00,954.00,null,null,null
2023-08-16T02:40:15Z,21.54,71.46,99,0,40.92,101.99,87.00,972.00,null,null,null
2023-08-16T02:41:15Z,21.51,71.58,99,0,26.78,101.99,84.00,954.00,1,1,7
2023-08-16T02:42:15Z,21.52,71.78,98,0,28.14,101.99,92.00,1009.00,null,null,null
2023-08-16T02:43:15Z,21.54,71.90,98,0,28.87,101.99,95.00,1029.00,null,null,null
2023-08-16T02:44:15Z,21.55,71.72,99,0,28.47,101.99,95.00,1029.00,null,null,null
2023-08-16T02:45:15Z,21.52,71.82,99,0,39.11,101.99,99.00,1056.00,null,null,null
2023-08-16T02:46:15Z,21.54,71.93,98,0,41.23,101.99,105.00,1090.00,4,4,4
2023-08-16T02:47:15Z,21.54,71.95,98,0,28.22,101.99,101.00,1068.00,null,null,null
2023-08-16T02:48:15Z,21.54,72.00,98,0,35.41,101.99,108.00,1110.00,null,null,null
2023-08-16T02:49:15Z,21.52,71.68,98,0,26.50,101.99,108.00,1110.00,null,null,null
2023-08-16T02:50:15Z,21.54,71.47,99,0,26.84,102.00,102.00,1074.00,null,null,null
2023-08-16T02:51:15Z,21.52,71.50,98,0,24.76,102.00,99.00,1056.00,4,6,6
2023-08-16T02:52:15Z,21.54,71.71,98,0,25.90,101.99,96.00,1035.00,null,null,null
2023-08-16T02:53:15Z,21.55,71.43,99,0,27.80,102.00,92.00,1009.00,null,null,null
2023-08-16T02:54:15Z,21.52,71.45,98,0,27.12,101.99,87.00,972.00,null,null,null
2023-08-16T02:55:15Z,21.52,71.47,99,0,27.20,101.99,87.00,972.00,null,null,null
2023-08-16T02:56:15Z,21.52,71.48,98,0,24.39,102.00,87.00,972.00,3,3,3
2023-08-16T02:57:15Z,21.52,71.37,99,0,29.05,102.00,82.00,940.00,null,null,null
2023-08-16T02:58:15Z,21.52,71.39,98,0,26.95,102.00,82.00,940.00,null,null,null
2023-08-16T02:59:15Z,21.48,71.48,98,0,31.62,102.00,82.00,940.00,null,null,null
