TIME,TEMP,HUM,BATT,LIGHT,NOISE_A,PRESS,CCS811_VOCS,CCS811_ECO2,PM_1,PM_25,PM_10
ISO 8601,C,%,%,Lux,dBA,kPa,ppb,ppm,ug/m3,ug/m3,ug/m3
Time,Temperature,Humidity,Battery,Light,Noise dBA,Barometric pressure,VOC Gas CCS811,eCO2 Gas CCS811,PM 1.0,PM 2.5,PM 10.0
,55,56,10,14,53,58,113,112,89,87,88
2023-09-20T00:00:03Z,22.50,59.84,21,0,30.09,100.21,7.00,447.00,0,0,0
2023-09-20T00:01:03Z,22.50,59.86,21,0,28.47,100.19,6.00,443.00,null,null,null
2023-09-20T00:02:03Z,22.51,59.81,21,0,27.30,100.20,6.00,443.00,null,null,null
2023-09-20T00:03:03Z,22.53,59.86,21,0,29.69,100.20,6.00,443.00,null,null,null
2023-09-20T00:04:03Z,22.51,59.78,21,0,29.01,100.21,6.00,443.00,null,null,null
2023-09-20T00:05:03Z,22.49,59.87,21,0,25.59,100.20,7.00,447.00,0,0,0
2023-09-20T00:06:03Z,22.47,59.87,21,0,27.40,100.20,5.00,438.00,null,null,null
2023-09-20T00:07:03Z,22.50,59.82,21,0,24.93,100.21,6.00,443.00,null,null,null
2023-09-20T00:08:03Z,22.51,59.85,21,0,29.79,100.20,6.00,443.00,null,null,null
2023-09-20T00:09:03Z,22.49,59.87,21,0,24.07,100.19,6.00,443.00,null,null,null
2023-09-20T00:10:03Z,22.50,59.88,21,0,28.74,100.20,6.00,443.00,0,0,0
2023-09-20T00:11:03Z,22.51,59.90,21,0,30.46,100.21,6.00,443.00,null,null,null
2023-09-20T00:12:03Z,22.53,59.81,21,0,37.94,100.20,5.00,438.00,null,null,null
2023-09-20T00:13:03Z,22.49,59.87,21,0,23.35,100.20,5.00,438.00,null,null,null
2023-09-20T00:14:03Z,22.49,59.89,21,0,23.90,100.19,6.00,443.00,null,null,null
2023-09-20T00:15:03Z,22.49,59.90,21,0,24.50,100.19,6.00,443.00,0,0,0
2023-09-20T00:16:03Z,22.49,59.89,21,0,26.43,100.19,6.00,443.00,null,null,null
2023-09-20T00:17:03Z,22.50,59.85,21,0,27.36,100.19,5.00,438.00,null,null,null
2023-09-20T00:18:03Z,22.50,59.86,21,0,27.36,100.20,5.00,438.00,null,null,null
2023-09-20T00:19:03Z,22.50,59.90,21,0,34.94,100.19,6.00,443.00,null,null,null
2023-09-20T00:20:03Z,22.47,59.87,21,0,26.95,100.20,6.00,443.00,0,0,0
2023-09-20T00:21:03Z,22.49,59.88,21,0,29.64,100.19,5.00,438.00,null,null,null
2023-09-20T00:22:03Z,22.50,59.88,21,0,25.70,100.19,6.00,443.00,null,null,null
2023-09-20T00:23:03Z,22.51,59.90,21,0,24.27,100.19,6.00,443.00,null,null,null
2023-09-20T00:24:03Z,22.51,59.88,21,0,31.48,100.19,6.00,443.00,null,null,null
2023-09-20T00:25:03Z,22.46,59.89,21,0,25.13,100.19,6.00,443.00,0,0,0
2023-09-20T00:26:03Z,22.47,59.88,21,0,25.13,100.19,5.00,438.00,null,null,null
2023-09-20T00:27:03Z,22.47,59.87,21,0,28.17,100.19,5.00,438.00,null,null,null
2023-09-20T00:28:03Z,22.49,59.88,21,0,26.78,100.20,6.00,443.00,null,null,null
2023-09-20T00:29:03Z,22.46,59.90,21,0,31.82,100.19,5.00,438.00,null,null,null
2023-09-20T00:30:03Z,22.49,59.89,21,0,26.55,100.19,5.00,438.00,0,0,0
2023-09-20T00:31:03Z,22.50,59.93,21,0,27.02,100.19,5.00,438.00,null,null,null
2023-09-20T00:32:03Z,22.49,59.91,21,0,29.01,100.19,5.00,438.00,null,null,null
2023-09-20T00:33:03Z,22.47,59.88,21,0,27.30,100.18,5.00,438.00,null,null,null
2023-09-20T00:34:03Z,22.47,59.93,21,0,32.09,100.18,5.00,438.00,null,null,null
2023-09-20T00:35:03Z,22.47,59.92,21,0,28.12,100.19,6.00,443.00,0,0,0
2023-09-20T00:36:03Z,22.47,59.90,21,0,28.71,100.18,5.00,438.00,null,null,null
2023-09-20T00:37:03Z,22.46,59.89,21,0,25.13,100.19,5.00,434.00,null,null,null
2023-09-20T00:38:03Z,22.46,59.92,21,0,25.41,100.18,5.00,438.00,null,null,null
2023-09-20T00:39:03Z,22.47,59.92,21,0,29.91,100.18,5.00,438.00,null,null,null
2023-09-20T00:40:03Z,22.44,59.88,21,0,32.37,100.18,6.00,443.00,0,0,0
2023-09-20T00:41:03Z,22.46,59.95,20,0,25.95,100.18,5.00,438.00,null,null,null
2023-09-20T00:42:03Z,22.46,59.90,21,0,29.91,100.17,5.00,434.00,null,null,null
2023-09-20T00:43:03Z,22.46,59.94,21,0,30.01,100.17,5.00,438.00,null,null,null
2023-09-20T00:44:03Z,22.47,59.96,21,0,24.19,100.18,5.00,438.00,null,null,null
2023-09-20T00:45:03Z,22.43,59.96,21,0,30.38,100.18,5.00,438.00,0,0,0
2023-09-20T00:46:03Z,22.46,59.97,21,0,27.08,100.17,5.00,438.00,null,null,null
2023-09-20T00:47:03Z,22.46,59.94,21,0,28.76,100.18,5.00,438.00,null,null,null
2023-09-20T00:48:03Z,22.46,59.93,21,0,27.57,100.17,5.00,434.00,null,null,null
2023-09-20T00:49:03Z,22.43,59.91,21,0,27.90,100.17,5.00,438.00,null,null,null
2023-09-20T00:50:03Z,22.43,59.93,21,0,30.35,100.17,5.00,438.00,0,0,0
2023-09-20T00:51:03Z,22.47,59.98,21,0,24.19,100.17,5.00,438.00,null,null,null
2023-09-20T00:52:03Z,22.44,59.90,21,0,29.03,100.17,5.00,438.00,null,null,null
2023-09-20T00:53:03Z,22.47,59.94,21,0,26.55,100.17,5.00,438.00,null,null,null
2023-09-20T00:54:03Z,22.46,59.93,21,0,25.03,100.17,5.00,438.00,null,null,null
2023-09-20T00:55:03Z,22.44,60.01,21,0,30.14,100.17,5.00,438.00,0,0,0
2023-09-20T00:56:03Z,22.44,59.95,21,0,26.82,100.16,5.00,438.00,null,null,null
2023-09-20T00:57:03Z,22.46,59.95,20,0,27.89,100.16,5.00,438.00,null,null,null
2023-09-20T00:58:03Z,22.47,59.94,20,0,26.97,100.17,5.00,434.00,null,null,null
2023-09-20T00:59:03Z,22.44,59.94,20,0,29.63,100.16,5.00,438.00,null,null,null
2023-09-20T01:00:03Z,22.43,59.95,20,0,33.39,100.16,5.00,438.00,0,0,0
2023-09-20T01:01:03Z,22.44,59.98,20,0,25.62,100.16,5.00,438.00,null,null,null
2023-09-20T01:02:03Z,22.46,59.95,20,0,25.70,100.16,5.00,438.00,null,null,null
2023-09-20T01:03:03Z,22.44,59.98,20,0,26.16,100.16,5.00,434.00,null,null,null
2023-09-20T01:04:03Z,22.43,59.95,21,0,29.32,100.15,5.00,438.00,null,null,null
2023-09-20T01:05:03Z,22.42,59.99,20,0,28.04,100.16,5.00,438.00,0,0,0
2023-09-20T01:06:03Z,22.43,59.93,20,0,27.34,100.16,5.00,434.00,null,null,null
2023-09-20T01:07:03Z,22.44,59.98,20,0,25.06,100.16,5.00,434.00,null,null,null
2023-09-20T01:08:03Z,22.43,59.96,20,0,33.98,100.15,5.00,438.00,null,null,null
2023-09-20T01:09:03Z,22.44,59.94,21,0,23.25,100.15,5.00,438.00,null,null,null
2023-09-20T01:10:03Z,22.42,59.99,20,0,33.01,100.14,5.00,438.00,0,0,0
2023-09-20T01:11:03Z,22.42,60.02,20,0,27.57,100.15,5.00,434.00,null,null,null
2023-09-20T01:12:03Z,22.44,60.01,20,0,27.53,100.16,5.00,434.00,null,null,null
2023-09-20T01:13:03Z,22.44,59.94,20,0,23.10,100.16,5.00,438.00,null,null,null
2023-09-20T01:14:03Z,22.43,59.97,20,0,26.43,100.16,5.00,438.00,null,null,null
2023-09-20T01:15:03Z,22.42,59.99,21,0,31.75,100.16,5.00,434.00,0,0,0
2023-09-20T01:16:03Z,22.43,59.98,20,0,29.08,100.15,5.00,434.00,null,null,null
2023-09-20T01:17:03Z,22.44,59.98,21,0,29.43,100.15,5.00,438.00,null,null,null
2023-09-20T01:18:03Z,22.43,60.00,20,0,30.17,100.15,5.00,434.00,null,null,null
2023-09-20T01:19:03Z,22.42,59.95,20,0,22.66,100.15,5.00,434.00,null,null,null
2023-09-20T01:20:03Z,22.40,60.02,20,0,30.90,100.15,5.00,438.00,0,0,0
2023-09-20T01:21:03Z,22.44,60.01,20,0,32.30,100.15,5.00,434.00,null,null,null
2023-09-20T01:22:03Z,22.43,59.98,20,0,28.88,100.15,5.00,434.00,null,null,null
2023-09-20T01:23:03Z,22.42,60.02,20,0,28.58,100.15,5.00,434.00,null,null,null
2023-09-20T01:24:03Z,22.42,60.01,20,0,23.77,100.15,5.00,434.00,null,null,null
2023-09-20T01:25:03Z,22.39,60.05,20,0,32.26,100.15,5.00,438.00,0,0,0
2023-09-20T01:26:03Z,22.40,60.05,20,0,29.81,100.15,5.00,434.00,null,null,null
2023-09-20T01:27:03Z,22.42,60.00,20,0,28.47,100.14,5.00,434.00,null,null,null
2023-09-20T01:28:03Z,22.43,59.98,20,0,27.16,100.14,5.00,434.00,null,null,null
2023-09-20T01:29:03Z,22.43,60.00,20,0,26.55,100.14,5.00,434.00,null,null,null
2023-09-20T01:30:03Z,22.39,60.02,20,0,26.21,100.14,5.00,434.00,0,0,0
2023-09-20T01:31:03Z,22.43,60.05,20,0,30.95,100.14,5.00,434.00,null,null,null
2023-09-20T01:32:03Z,22.42,59.99,20,0,28.83,100.15,5.00,434.00,null,null,null
2023-09-20T01:33:03Z,22.43,60.02,20,0,30.97,100.14,4.00,427.00,null,null,null
2023-09-20T01:34:03Z,22.39,59.99,20,0,24.15,100.14,5.00,434.00,null,null,null
2023-09-20T01:35:03Z,22.39,60.05,20,0,33.04,100.13,5.00,434.00,0,0,0
2023-09-20T01:36:03Z,22.40,60.05,20,0,26.71,100.14,5.00,434.00,null,null,null
2023-09-20T01:37:03Z,22.40,59.99,20,0,33.76,100.14,4.00,427.00,null,null,null
2023-09-20T01:38:03Z,22.43,60.02,20,0,29.32,100.13,4.00,427.00,null,null,null
2023-09-20T01:39:03Z,22.40,60.02,20,0,33.02,100.13,5.00,434.00,null,null,null
2023-09-20T01:40:03Z,22.40,60.06,20,0,31.61,100.13,5.00,434.00,0,0,0
2023-09-20T01:41:03Z,22.38,60.06,20,0,31.20,100.13,4.00,427.00,null,null,null
2023-09-20T01:42:03Z,22.42,60.04,20,0,27.92,100.13,4.00,427.00,null,null,null
2023-09-20T01:43:03Z,22.42,60.02,20,0,24.11,100.13,5.00,434.00,null,null,null
2023-09-20T01:44:03Z,22.39,60.04,20,0,21.41,100.12,5.00,434.00,null,null,null
2023-09-20T01:45:03Z,22.38,60.03,20,0,27.57,100.12,5.00,434.00,0,0,0
2023-09-20T01:46:03Z,22.39,60.07,20,0,25.79,100.12,4.00,427.00,null,null,null
2023-09-20T01:47:03Z,22.40,59.99,20,0,28.37,100.12,4.00,427.00,null,null,null
2023-09-20T01:48:03Z,22.40,60.03,20,0,28.09,100.11,4.00,427.00,null,null,null
2023-09-20T01:49:03Z,22.42,60.10,20,0,32.92,100.11,4.00,427.00,null,null,null
2023-09-20T01:50:03Z,22.38,60.06,20,0,34.06,100.11,4.00,427.00,0,0,0
2023-09-20T01:51:03Z,22.36,60.01,20,0,30.77,100.11,4.00,427.00,null,null,null
2023-09-20T01:52:03Z,22.39,60.03,20,0,26.41,100.11,4.00,427.00,null,null,null
2023-09-20T01:53:03Z,22.38,60.05,20,0,30.06,100.10,4.00,427.00,null,null,null
2023-09-20T01:54:03Z,22.38,60.10,20,0,33.76,100.10,5.00,434.00,null,null,null
2023-09-20T01:55:03Z,22.38,60.08,20,0,25.56,100.10,5.00,434.00,0,0,0
2023-09-20T01:56:03Z,22.39,60.08,20,0,26.41,100.10,4.00,427.00,null,null,null
2023-09-20T01:57:03Z,22.40,60.07,20,0,31.42,100.10,4.00,427.00,null,null,null
2023-09-20T01:58:03Z,22.38,60.04,20,0,28.58,100.10,4.00,427.00,null,null,null
2023-09-20T01:59:03Z,22.38,60.03,20,0,32.50,100.10,5.00,434.00,null,null,null
2023-09-20T02:00:03Z,22.36,60.08,20,0,30.50,100.10,5.00,434.00,0,0,0
2023-09-20T02:01:03Z,22.38,60.08,20,0,28.77,100.10,4.00,427.00,null,null,null
2023-09-20T02:02:03Z,22.39,60.08,20,0,29.25,100.10,4.00,427.00,null,null,null
2023-09-20T02:03:03Z,22.36,60.07,20,0,24.39,100.10,4.00,427.00,null,null,null
2023-09-20T02:04:03Z,22.39,60.08,20,0,34.83,100.10,4.00,427.00,null,null,null
2023-09-20T02:05:03Z,22.36,60.13,20,0,29.36,100.10,4.00,427.00,0,0,0
2023-09-20T02:06:03Z,22.38,60.10,19,0,29.47,100.10,4.00,427.00,null,null,null
2023-09-20T02:07:03Z,22.38,60.07,20,0,25.09,100.10,4.00,427.00,null,null,null
2023-09-20T02:08:03Z,22.36,60.07,20,0,28.15,100.11,4.00,427.00,null,null,null
2023-09-20T02:09:03Z,22.35,60.06,20,0,27.97,100.10,4.00,427.00,null,null,null
2023-09-20T02:10:03Z,22.35,60.13,20,0,29.76,100.09,4.00,427.00,0,0,0
2023-09-20T02:11:03Z,22.38,60.10,20,0,26.99,100.08,4.00,427.00,null,null,null
2023-09-20T02:12:03Z,22.36,60.03,20,0,23.10,100.09,4.00,427.00,null,null,null
2023-09-20T02:13:03Z,22.35,60.08,20,0,29.53,100.08,4.00,427.00,null,null,null
2023-09-20T02:14:03Z,22.33,60.09,20,0,26.43,100.09,4.00,427.00,null,null,null
2023-09-20T02:15:03Z,22.35,60.15,20,0,26.48,100.08,4.00,427.00,0,0,0
2023-09-20T02:16:03Z,22.35,60.12,19,0,36.80,100.09,4.00,427.00,null,null,null
2023-09-20T02:17:03Z,22.38,60.13,20,0,23.77,100.08,3.00,425.00,null,null,null
2023-09-20T02:18:03Z,22.36,60.12,19,0,30.99,100.08,4.00,427.00,null,null,null
2023-09-20T02:19:03Z,22.35,60.12,20,0,34.95,100.08,3.00,425.00,null,null,null
2023-09-20T02:20:03Z,22.32,60.11,19,0,26.11,100.08,4.00,427.00,0,0,0
2023-09-20T02:21:03Z,22.33,60.14,19,0,29.90,100.08,3.00,425.00,null,null,null
2023-09-20T02:22:03Z,22.35,60.10,19,0,29.97,100.07,4.00,427.00,null,null,null
2023-09-20T02:23:03Z,22.36,60.11,20,0,30.07,100.07,3.00,425.00,null,null,null
2023-09-20T02:24:03Z,22.33,60.08,19,0,27.66,100.07,4.00,427.00,null,null,null
2023-09-20T02:25:03Z,22.35,60.15,20,0,27.49,100.07,4.00,427.00,0,0,0
2023-09-20T02:26:03Z,22.33,60.17,19,0,33.57,100.06,3.00,422.00,null,null,null
2023-09-20T02:27:03Z,22.35,60.09,19,0,28.28,100.07,3.00,425.00,null,null,null
2023-09-20T02:28:03Z,22.33,60.11,20,0,25.22,100.06,3.00,425.00,null,null,null
2023-09-20T02:29:03Z,22.35,60.17,20,0,26.76,100.06,4.00,427.00,null,null,null
2023-09-20T02:30:03Z,22.33,60.15,20,0,29.65,100.06,4.00,427.00,0,0,0
2023-09-20T02:31:03Z,22.35,60.17,19,0,25.67,100.06,4.00,427.00,null,null,null
2023-09-20T02:32:03Z,22.35,60.13,19,0,29.60,100.06,4.00,427.00,null,null,null
2023-09-20T02:33:03Z,22.35,60.16,19,0,28.73,100.06,4.00,427.00,null,null,null
2023-09-20T02:34:03Z,22.30,60.15,19,0,29.99,100.06,3.00,425.00,null,null,null
2023-09-20T02:35:03Z,22.32,60.15,19,0,30.71,100.05,4.00,427.00,0,0,0
2023-09-20T02:36:03Z,22.32,60.16,19,0,28.88,100.06,3.00,425.00,null,null,null
2023-09-20T02:37:03Z,22.35,60.13,19,0,32.08,100.06,3.00,425.00,null,null,null
2023-09-20T02:38:03Z,22.35,60.14,19,0,31.09,100.05,4.00,427.00,null,null,null
2023-09-20T02:39:03Z,22.32,60.11,20,0,33.17,100.05,3.00,425.00,null,null,null
2023-09-20T02:40:03Z,22.32,60.14,20,0,28.67,100.05,4.00,427.00,0,0,0
2023-09-20T02:41:03Z,22.32,60.16,19,0,26.62,100.05,3.00,425.00,null,null,null
2023-09-20T02:42:03Z,22.33,60.15,19,0,25.29,100.04,3.00,425.00,null,null,null
2023-09-20T02:43:03Z,22.33,60.12,19,0,23.40,100.05,3.00,425.00,null,null,null
2023-09-20T02:44:03Z,22.33,60.14,19,0,29.04,100.05,4.00,427.00,null,null,null
2023-09-20T02:45:03Z,22.33,60.13,19,0,25.67,100.06,3.00,425.00,0,0,0
2023-09-20T02:46:03Z,22.35,60.19,19,0,27.18,100.05,3.00,425.00,null,null,null
2023-09-20T02:47:03Z,22.32,60.15,19,0,27.80,100.06,3.00,422.00,null,null,null
2023-09-20T02:48:03Z,22.32,60.14,19,0,25.67,100.06,3.00,425.00,null,null,null
2023-09-20T02:49:03Z,22.32,60.14,19,0,27.44,100.05,3.00,422.00,null,null,null
2023-09-20T02:50:03Z,22.32,60.20,19,0,28.80,100.06,3.00,422.00,0,0,0
2023-09-20T02:51:03Z,22.33,60.21,19,0,24.19,100.05,3.00,425.00,null,null,null
2023-09-20T02:52:03Z,22.32,60.15,19,0,26.24,100.06,3.00,422.00,null,null,null
2023-09-20T02:53:03Z,22.33,60.18,19,0,23.90,100.05,3.00,422.00,null,null,null
2023-09-20T02:54:03Z,22.32,60.17,19,0,25.22,100.06,3.00,422.00,null,null,null
2023-09-20T02:55:03Z,22.32,60.16,19,0,27.55,100.06,3.00,422.00,0,0,0
2023-09-20T02:56:03Z,22.30,60.20,19,0,28.50,100.06,3.00,425.00,null,null,null
2023-09-20T02:57:03Z,22.32,60.18,19,0,32.28,100.06,3.00,422.00,null,null,null
2023-09-20T02:58:03Z,22.33,60.16,19,0,29.03,100.05,3.00,422.00,null,null,null
2023-09-20T02:59:03Z,22.30,60.18,19,0,24.15,100.06,3.00,422.00,null,null,null
