TIME,TEMP,HUM,BATT,LIGHT,NOISE_A,PRESS,CCS811_VOCS,CCS811_ECO2,PM_1,PM_25,PM_10
ISO 8601,C,%,%,Lux,dBA,kPa,ppb,ppm,ug/m3,ug/m3,ug/m3
Time,Temperature,Humidity,Battery,Light,Noise dBA,Barometric pressure,VOC Gas CCS811,eCO2 Gas CCS811,PM 1.0,PM 2.5,PM 10.0
,55,56,10,14,53,58,113,112,89,87,88
2023-08-30T00:00:03Z,19.94,69.66,99,0,25.56,100.86,38.00,653.00,21,37,53
2023-08-30T00:01:03Z,19.97,69.59,99,0,27.89,100.86,38.00,653.00,null,null,null
2023-08-30T00:02:03Z,19.96,69.78,99,0,23.59,100.86,38.00,653.00,null,null,null
2023-08-30T00:03:03Z,19.94,69.51,99,0,28.25,100.86,37.00,649.00,null,null,null
2023-08-30T00:04:03Z,19.93,69.66,99,0,24.72,100.86,37.00,646.00,null,null,null
2023-08-30T00:05:03Z,19.94,69.82,99,0,28.47,100.86,38.00,653.00,23,47,47
2023-08-30T00:06:03Z,19.96,69.82,99,0,26.11,100.85,38.00,653.00,null,null,null
2023-08-30T00:07:03Z,19.96,69.75,99,0,26.11,100.86,38.00,653.00,null,null,null
2023-08-30T00:08:03Z,19.94,69.76,99,0,27.34,100.86,38.00,653.00,null,null,null
2023-08-30T00:09:03Z,19.94,69.82,99,0,24.23,100.86,38.00,653.00,null,null,null
2023-08-30T00:10:03Z,19.94,69.80,99,0,26.31,100.86,38.00,653.00,21,53,59
2023-08-30T00:11:03Z,19.94,69.66,99,0,37.09,100.85,38.00,653.00,null,null,null
2023-08-30T00:12:03Z,19.94,69.39,99,0,26.64,100.86,38.00,653.00,null,null,null
2023-08-30T00:13:03Z,19.96,69.59,99,0,25.73,100.86,38.00,653.00,null,null,null
2023-08-30T00:14:03Z,19.93,69.54,99,0,27.16,100.86,38.00,653.00,null,null,null
2023-08-30T00:15:03Z,19.93,69.43,99,0,23.10,100.86,36.00,638.00,16,36,36
2023-08-30T00:16:03Z,19.96,69.51,99,0,28.66,100.86,37.00,646.00,null,null,null
2023-08-30T00:17:03Z,19.97,69.48,99,0,26.93,100.85,36.00,638.00,null,null,null
2023-08-30T00:18:03Z,19.94,69.65,99,0,26.24,100.86,37.00,646.00,null,null,null
2023-08-30T00:19:03Z,19.94,69.67,99,0,25.50,100.86,37.00,646.00,null,null,null
2023-08-30T00:20:03Z,19.93,69.45,99,0,28.77,100.86,37.00,646.00,24,31,36
2023-08-30T00:21:03Z,19.97,69.64,99,0,24.68,100.86,37.00,646.00,null,null,null
2023-08-30T00:22:03Z,19.94,69.66,99,0,24.58,100.86,38.00,653.00,null,null,null
2023-08-30T00:23:03Z,19.96,69.67,99,0,28.80,100.86,38.00,653.00,null,null,null
2023-08-30T00:24:03Z,19.94,69.60,99,0,26.80,100.86,38.00,653.00,null,null,null
2023-08-30T00:25:03Z,19.94,69.69,99,0,26.99,100.86,39.00,659.00,11,30,30
2023-08-30T00:26:03Z,19.93,69.64,99,0,30.33,100.86,40.00,668.00,null,null,null
2023-08-30T00:27:03Z,19.97,69.61,99,0,27.34,100.86,42.00,678.00,null,null,null
2023-08-30T00:28:03Z,19.96,69.65,99,0,26.71,100.86,40.00,668.00,null,null,null
2023-08-30T00:29:03Z,19.94,69.72,99,0,35.72,100.86,42.00,678.00,null,null,null
2023-08-30T00:30:03Z,19.93,69.72,99,0,25.03,100.86,40.00,668.00,17,34,34
2023-08-30T00:31:03Z,19.93,69.71,99,0,27.10,100.86,40.00,668.00,null,null,null
2023-08-30T00:32:03Z,19.96,69.57,99,0,27.06,100.85,42.00,678.00,null,null,null
2023-08-30T00:33:03Z,19.96,69.64,99,0,22.55,100.85,42.00,678.00,null,null,null
2023-08-30T00:34:03Z,19.94,69.72,99,0,26.50,100.85,42.00,678.00,null,null,null
2023-08-30T00:35:03Z,19.93,69.69,99,0,36.82,100.85,42.00,678.00,14,34,34
2023-08-30T00:36:03Z,19.96,69.63,99,0,23.59,100.85,42.00,678.00,null,null,null
2023-08-30T00:37:03Z,19.96,69.67,99,0,25.53,100.85,42.00,678.00,null,null,null
2023-08-30T00:38:03Z,19.94,69.66,99,0,29.20,100.85,42.00,678.00,null,null,null
2023-08-30T00:39:03Z,19.96,69.71,99,0,24.03,100.85,42.00,678.00,null,null,null
2023-08-30T00:40:03Z,19.93,69.70,99,0,28.25,100.84,42.00,678.00,12,31,31
2023-08-30T00:41:03Z,19.96,69.64,99,0,25.41,100.85,42.00,678.00,null,null,null
2023-08-30T00:42:03Z,19.94,69.65,99,0,27.68,100.84,43.00,686.00,null,null,null
2023-08-30T00:43:03Z,19.97,69.62,99,0,26.08,100.84,42.00,678.00,null,null,null
2023-08-30T00:44:03Z,19.93,69.62,99,0,25.56,100.84,42.00,678.00,null,null,null
2023-08-30T00:45:03Z,19.92,69.62,99,0,24.79,100.84,43.00,686.00,9,15,15
2023-08-30T00:46:03Z,19.96,69.60,99,0,26.43,100.83,42.00,678.00,null,null,null
2023-08-30T00:47:03Z,19.94,69.56,99,0,25.82,100.84,43.00,686.00,null,null,null
2023-08-30T00:48:03Z,19.94,69.53,99,0,26.14,100.83,43.00,686.00,null,null,null
2023-08-30T00:49:03Z,19.96,69.48,99,0,29.54,100.83,43.00,686.00,null,null,null
2023-08-30T00:50:03Z,19.93,69.54,99,0,26.80,100.83,43.00,686.00,6,12,12
2023-08-30T00:51:03Z,19.94,69.38,99,0,25.90,100.83,42.00,678.00,null,null,null
2023-08-30T00:52:03Z,19.96,69.24,99,0,30.07,100.83,43.00,686.00,null,null,null
2023-08-30T00:53:03Z,19.96,69.35,99,0,30.83,100.83,43.00,683.00,null,null,null
2023-08-30T00:54:03Z,19.94,69.43,99,0,26.34,100.83,40.00,668.00,null,null,null
2023-08-30T00:55:03Z,19.92,69.39,99,0,24.19,100.83,42.00,678.00,12,22,27
2023-08-30T00:56:03Z,19.94,69.30,99,0,25.35,100.83,39.00,659.00,null,null,null
2023-08-30T00:57:03Z,19.94,69.41,99,0,28.02,100.83,40.00,668.00,null,null,null
2023-08-30T00:58:03Z,19.93,69.43,99,0,25.03,100.82,40.00,668.00,null,null,null
2023-08-30T00:59:03Z,19.92,69.45,99,0,26.50,100.83,40.00,668.00,null,null,null
2023-08-30T01:00:03Z,19.92,69.51,99,0,26.84,100.82,40.00,668.00,11,18,18
2023-08-30T01:01:03Z,19.93,69.44,99,0,26.00,100.82,40.00,668.00,null,null,null
2023-08-30T01:02:03Z,19.93,69.42,99,0,27.26,100.82,40.00,668.00,null,null,null
2023-08-30T01:03:03Z,19.94,69.44,99,0,28.60,100.82,40.00,668.00,null,null,null
2023-08-30T01:04:03Z,19.92,69.40,99,0,27.60,100.82,40.00,668.00,null,null,null
2023-08-30T01:05:03Z,19.92,69.44,99,0,27.22,100.82,40.00,668.00,13,20,20
2023-08-30T01:06:03Z,19.94,69.15,99,0,27.18,100.82,40.00,668.00,null,null,null
2023-08-30T01:07:03Z,19.92,69.23,99,0,28.06,100.82,41.00,674.00,null,null,null
2023-08-30T01:08:03Z,19.94,69.28,99,0,26.50,100.82,40.00,666.00,null,null,null
2023-08-30T01:09:03Z,19.92,69.37,99,0,29.98,100.82,39.00,659.00,null,null,null
2023-08-30T01:10:03Z,19.92,68.98,99,0,24.83,100.82,39.00,659.00,13,15,15
2023-08-30T01:11:03Z,19.92,68.58,99,0,23.25,100.82,39.00,659.00,null,null,null
2023-08-30T01:12:03Z,19.93,68.77,99,0,22.94,100.82,37.00,649.00,null,null,null
2023-08-30T01:13:03Z,19.93,69.08,99,0,25.90,100.82,37.00,643.00,null,null,null
2023-08-30T01:14:03Z,19.90,69.24,99,0,24.35,100.82,37.00,643.00,null,null,null
2023-08-30T01:15:03Z,19.90,69.31,99,0,26.64,100.82,37.00,643.00,17,21,21
2023-08-30T01:16:03Z,19.90,69.32,99,0,21.92,100.82,37.00,646.00,null,null,null
2023-08-30T01:17:03Z,19.93,69.28,99,0,36.00,100.82,37.00,646.00,null,null,null
2023-08-30T01:18:03Z,19.93,69.31,99,0,24.50,100.82,37.00,646.00,null,null,null
2023-08-30T01:19:03Z,19.92,69.32,99,0,25.67,100.82,37.00,646.00,null,null,null
2023-08-30T01:20:03Z,19.89,69.34,99,0,25.06,100.82,38.00,653.00,11,19,19
2023-08-30T01:21:03Z,19.92,69.39,99,0,24.79,100.82,38.00,653.00,null,null,null
2023-08-30T01:22:03Z,19.92,68.97,99,0,24.76,100.82,38.00,653.00,null,null,null
2023-08-30T01:23:03Z,19.92,68.81,99,0,22.66,100.82,38.00,652.00,null,null,null
2023-08-30T01:24:03Z,19.92,68.72,99,0,22.83,100.82,37.00,643.00,null,null,null
2023-08-30T01:25:03Z,19.90,68.34,99,0,25.06,100.82,35.00,634.00,12,20,20
2023-08-30T01:26:03Z,19.92,68.65,99,0,25.47,100.82,34.00,624.00,null,null,null
2023-08-30T01:27:03Z,19.89,68.51,99,0,23.25,100.83,34.00,624.00,null,null,null
2023-08-30T01:28:03Z,19.92,68.43,99,0,23.98,100.82,33.00,617.00,null,null,null
2023-08-30T01:29:03Z,19.90,68.18,99,0,26.64,100.82,31.00,605.00,null,null,null
2023-08-30T01:30:03Z,19.90,68.75,99,0,23.35,100.82,32.00,612.00,12,12,12
2023-08-30T01:31:03Z,19.90,68.50,99,0,22.61,100.83,30.00,603.00,null,null,null
2023-08-30T01:32:03Z,19.90,68.56,99,0,25.19,100.83,31.00,605.00,null,null,null
2023-08-30T01:33:03Z,19.89,68.89,99,0,24.61,100.82,31.00,605.00,null,null,null
2023-08-30T01:34:03Z,19.90,68.97,99,0,26.24,100.83,30.00,603.00,null,null,null
2023-08-30T01:35:03Z,19.89,69.11,99,0,22.83,100.82,32.00,612.00,11,18,18
2023-08-30T01:36:03Z,19.90,69.10,99,0,24.43,100.82,32.00,612.00,null,null,null
2023-08-30T01:37:03Z,19.93,69.11,99,0,24.65,100.82,34.00,629.00,null,null,null
2023-08-30T01:38:03Z,19.89,69.12,99,0,25.00,100.82,34.00,629.00,null,null,null
2023-08-30T01:39:03Z,19.89,69.13,99,0,25.44,100.82,34.00,629.00,null,null,null
2023-08-30T01:40:03Z,19.89,69.20,99,0,23.63,100.82,34.00,629.00,6,7,7
2023-08-30T01:41:03Z,19.90,69.15,99,0,23.81,100.82,34.00,629.00,null,null,null
2023-08-30T01:42:03Z,19.89,69.13,99,0,23.77,100.82,36.00,637.00,null,null,null
2023-08-30T01:43:03Z,19.89,69.13,99,0,23.49,100.82,36.00,637.00,null,null,null
2023-08-30T01:44:03Z,19.92,69.15,99,0,23.59,100.82,36.00,637.00,null,null,null
2023-08-30T01:45:03Z,19.89,69.22,99,0,27.20,100.82,36.00,637.00,9,18,18
2023-08-30T01:46:03Z,19.90,69.17,99,0,22.66,100.82,37.00,643.00,null,null,null
2023-08-30T01:47:03Z,19.92,69.15,99,0,26.21,100.82,36.00,637.00,null,null,null
2023-08-30T01:48:03Z,19.89,69.15,99,0,23.40,100.82,37.00,643.00,null,null,null
2023-08-30T01:49:03Z,19.89,69.18,99,0,27.51,100.81,36.00,637.00,null,null,null
2023-08-30T01:50:03Z,19.84,69.10,99,0,21.49,100.81,37.00,643.00,5,6,6
2023-08-30T01:51:03Z,19.90,69.11,99,0,23.20,100.81,37.00,643.00,null,null,null
2023-08-30T01:52:03Z,19.90,69.09,99,0,26.60,100.81,37.00,643.00,null,null,null
2023-08-30T01:53:03Z,19.90,69.13,99,0,36.72,100.81,36.00,637.00,null,null,null
2023-08-30T01:54:03Z,19.86,69.07,99,0,25.26,100.81,37.00,643.00,null,null,null
2023-08-30T01:55:03Z,19.87,68.72,99,0,23.30,100.81,34.00,629.00,3,10,10
2023-08-30T01:56:03Z,19.89,68.98,99,0,23.15,100.81,35.00,634.00,null,null,null
2023-08-30T01:57:03Z,19.89,68.95,99,0,23.49,100.82,34.00,629.00,null,null,null
2023-08-30T01:58:03Z,19.86,68.44,99,0,25.13,100.82,34.00,629.00,null,null,null
2023-08-30T01:59:03Z,19.86,68.81,99,0,24.07,100.82,35.00,634.00,null,null,null
2023-08-30T02:00:03Z,19.87,68.97,99,0,24.58,100.82,33.00,618.00,9,11,11
2023-08-30T02:01:03Z,19.84,68.93,99,0,23.72,100.82,34.00,629.00,null,null,null
2023-08-30T02:02:03Z,19.90,69.01,99,0,38.67,100.82,34.00,629.00,null,null,null
2023-08-30T02:03:03Z,19.89,68.82,99,0,25.87,100.82,34.00,629.00,null,null,null
2023-08-30T02:04:03Z,19.87,68.94,99,0,23.15,100.82,34.00,629.00,null,null,null
2023-08-30T02:05:03Z,19.84,68.87,99,0,23.90,100.82,34.00,629.00,7,10,10
2023-08-30T02:06:03Z,19.87,69.02,99,0,24.35,100.82,34.00,629.00,null,null,null
2023-08-30T02:07:03Z,19.87,68.72,99,0,25.09,100.82,34.00,629.00,null,null,null
2023-08-30T02:08:03Z,19.89,68.45,99,0,25.76,100.81,35.00,634.00,null,null,null
2023-08-30T02:09:03Z,19.86,68.93,99,0,26.16,100.82,34.00,624.00,null,null,null
2023-08-30T02:10:03Z,19.83,69.01,99,0,23.20,100.82,34.00,629.00,12,17,17
2023-08-30T02:11:03Z,19.86,68.57,99,0,25.90,100.82,33.00,618.00,null,null,null
2023-08-30T02:12:03Z,19.89,68.22,99,0,23.25,100.82,34.00,624.00,null,null,null
2023-08-30T02:13:03Z,19.87,68.68,99,0,25.95,100.82,33.00,623.00,null,null,null
2023-08-30T02:14:03Z,19.86,68.71,99,0,26.41,100.81,33.00,617.00,null,null,null
2023-08-30T02:15:03Z,19.84,68.61,99,0,20.58,100.82,33.00,617.00,6,7,7
2023-08-30T02:16:03Z,19.84,68.73,99,0,26.43,100.82,33.00,617.00,null,null,null
2023-08-30T02:17:03Z,19.84,68.91,99,0,26.06,100.82,33.00,617.00,null,null,null
2023-08-30T02:18:03Z,19.86,68.94,99,0,24.39,100.82,32.00,612.00,null,null,null
2023-08-30T02:19:03Z,19.83,69.01,99,0,25.22,100.82,33.00,618.00,null,null,null
2023-08-30T02:20:03Z,19.83,69.01,99,0,28.54,100.82,33.00,618.00,9,9,9
2023-08-30T02:21:03Z,19.84,68.94,99,0,25.16,100.82,33.00,618.00,null,null,null
2023-08-30T02:22:03Z,19.87,68.90,99,0,31.19,100.82,34.00,629.00,null,null,null
2023-08-30T02:23:03Z,19.84,68.60,99,0,25.50,100.82,36.00,637.00,null,null,null
2023-08-30T02:24:03Z,19.86,68.96,99,0,28.40,100.82,35.00,634.00,null,null,null
2023-08-30T02:25:03Z,19.83,68.77,99,0,26.71,100.82,36.00,637.00,8,10,10
2023-08-30T02:26:03Z,19.83,68.71,99,0,26.57,100.82,37.00,643.00,null,null,null
2023-08-30T02:27:03Z,19.86,68.74,99,0,26.57,100.82,37.00,649.00,null,null,null
2023-08-30T02:28:03Z,19.84,68.94,99,0,24.61,100.82,37.00,649.00,null,null,null
2023-08-30T02:29:03Z,19.84,68.52,99,0,26.36,100.82,38.00,652.00,null,null,null
2023-08-30T02:30:03Z,19.84,68.61,99,0,27.26,100.82,39.00,657.00,6,13,13
2023-08-30T02:31:03Z,19.84,68.69,99,0,27.78,100.83,39.00,657.00,null,null,null
2023-08-30T02:32:03Z,19.86,68.73,99,0,29.33,100.83,40.00,666.00,null,null,null
2023-08-30T02:33:03Z,19.86,68.92,99,0,26.46,100.83,40.00,666.00,null,null,null
2023-08-30T02:34:03Z,19.84,68.95,99,0,28.36,100.82,39.00,659.00,null,null,null
2023-08-30T02:35:03Z,19.83,69.01,99,0,24.96,100.83,39.00,659.00,7,10,10
2023-08-30T02:36:03Z,19.84,68.97,99,0,24.50,100.83,40.00,666.00,null,null,null
2023-08-30T02:37:03Z,19.83,68.96,99,0,26.89,100.83,40.00,666.00,null,null,null
2023-08-30T02:38:03Z,19.86,68.93,99,0,24.68,100.83,40.00,666.00,null,null,null
2023-08-30T02:39:03Z,19.83,68.98,99,0,25.92,100.82,40.00,666.00,null,null,null
2023-08-30T02:40:03Z,19.84,68.88,99,0,25.13,100.83,40.00,666.00,5,6,6
2023-08-30T02:41:03Z,19.86,68.95,99,0,28.84,100.83,40.00,666.00,null,null,null
2023-08-30T02:42:03Z,19.86,69.02,99,0,27.75,100.83,40.00,666.00,null,null,null
2023-08-30T02:43:03Z,19.80,69.01,99,0,23.30,100.83,40.00,666.00,null,null,null
2023-08-30T02:44:03Z,19.82,68.67,99,0,25.32,100.83,39.00,659.00,null,null,null
2023-08-30T02:45:03Z,19.83,69.04,99,0,26.60,100.82,40.00,666.00,3,3,3
2023-08-30T02:46:03Z,19.84,68.79,99,0,26.64,100.83,39.00,659.00,null,null,null
2023-08-30T02:47:03Z,19.86,68.90,99,0,28.57,100.82,39.00,659.00,null,null,null
2023-08-30T02:48:03Z,19.83,68.98,99,0,28.44,100.82,39.00,659.00,null,null,null
2023-08-30T02:49:03Z,19.84,69.01,99,0,29.51,100.82,40.00,666.00,null,null,null
2023-08-30T02:50:03Z,19.82,68.98,99,0,25.44,100.82,39.00,659.00,7,9,9
2023-08-30T02:51:03Z,19.80,69.03,99,0,28.87,100.82,39.00,659.00,null,null,null
2023-08-30T02:52:03Z,19.83,68.72,99,0,26.29,100.82,40.00,666.00,null,null,null
2023-08-30T02:53:03Z,19.83,68.99,99,0,30.12,100.82,40.00,666.00,null,null,null
2023-08-30T02:54:03Z,19.82,68.99,99,0,27.78,100.81,40.00,666.00,null,null,null
2023-08-30T02:55:03Z,19.79,69.06,99,0,31.45,100.81,41.00,674.00,4,7,7
2023-08-30T02:56:03Z,19.83,69.03,99,0,27.92,100.82,41.00,674.00,null,null,null
2023-08-30T02:57:03Z,19.83,69.01,99,0,26.14,100.82,40.00,666.00,null,null,null
2023-08-30T02:58:03Z,19.80,68.74,99,0,23.86,100.81,40.00,666.00,null,null,null
2023-08-30T02:59:03Z,19.82,68.79,99,0,27.59,100.82,41.00,672.00,null,null,null
