TIME,TEMP,HUM,BATT,LIGHT,NOISE_A,PRESS,CCS811_VOCS,CCS811_ECO2,PM_1,PM_25,PM_10
ISO 8601,C,%,%,Lux,dBA,kPa,ppb,ppm,ug/m3,ug/m3,ug/m3
Time,Temperature,Humidity,Battery,Light,Noise dBA,Barometric pressure,VOC Gas CCS811,eCO2 Gas CCS811,PM 1.0,PM 2.5,PM 10.0
,55,56,10,14,53,58,113,112,89,87,88
2023-09-06T00:00:03Z,22.98,71.81,99,0,23.94,101.83,68.00,851.00,19,29,29
2023-09-06T00:01:03Z,23.01,71.79,99,0,25.56,101.84,72.00,877.00,null,null,null
2023-09-06T00:02:03Z,22.99,71.74,99,0,25.76,101.84,74.00,887.00,null,null,null
2023-09-06T00:03:03Z,23.01,71.88,99,0,25.79,101.84,74.00,891.00,null,null,null
2023-09-06T00:04:03Z,23.01,71.91,99,0,28.98,101.84,75.00,897.00,null,null,null
2023-09-06T00:05:03Z,22.99,71.99,99,0,24.11,101.84,75.00,897.00,23,41,41
2023-09-06T00:06:03Z,22.99,71.98,99,0,26.06,101.84,75.00,897.00,null,null,null
2023-09-06T00:07:03Z,23.01,71.92,99,0,25.67,101.84,74.00,887.00,null,null,null
2023-09-06T00:08:03Z,22.99,71.84,99,0,25.87,101.84,72.00,877.00,null,null,null
2023-09-06T00:09:03Z,22.96,71.89,99,0,37.66,101.84,72.00,877.00,null,null,null
2023-09-06T00:10:03Z,22.98,71.95,99,0,32.71,101.84,71.00,868.00,17,26,26
2023-09-06T00:11:03Z,23.01,71.89,99,0,23.40,101.83,69.00,855.00,null,null,null
2023-09-06T00:12:03Z,23.01,71.88,99,0,23.05,101.84,69.00,855.00,null,null,null
2023-09-06T00:13:03Z,22.99,71.88,99,0,27.02,101.83,68.00,851.00,null,null,null
2023-09-06T00:14:03Z,22.99,71.90,99,0,22.61,101.83,66.00,836.00,null,null,null
2023-09-06T00:15:03Z,22.96,71.89,99,0,24.86,101.83,63.00,817.00,18,24,24
2023-09-06T00:16:03Z,22.99,71.90,99,0,24.46,101.83,63.00,817.00,null,null,null
2023-09-06T00:17:03Z,22.98,71.89,99,0,24.50,101.83,62.00,813.00,null,null,null
2023-09-06T00:18:03Z,22.96,71.89,99,0,38.14,101.83,60.00,800.00,null,null,null
2023-09-06T00:19:03Z,22.99,71.97,99,0,38.64,101.83,59.00,791.00,null,null,null
2023-09-06T00:20:03Z,22.94,72.01,99,0,29.73,101.83,59.00,791.00,21,43,43
2023-09-06T00:21:03Z,22.99,71.99,99,0,25.76,101.83,57.00,780.00,null,null,null
2023-09-06T00:22:03Z,22.98,71.96,99,0,25.13,101.83,57.00,780.00,null,null,null
2023-09-06T00:23:03Z,22.96,71.95,99,0,24.61,101.83,57.00,776.00,null,null,null
2023-09-06T00:24:03Z,22.95,72.02,99,0,22.66,101.83,55.00,763.00,null,null,null
2023-09-06T00:25:03Z,22.96,72.05,99,0,26.29,101.83,55.00,763.00,31,48,48
2023-09-06T00:26:03Z,22.96,72.07,99,0,27.22,101.84,55.00,763.00,null,null,null
2023-09-06T00:27:03Z,22.99,71.96,99,0,41.58,101.83,53.00,754.00,null,null,null
2023-09-06T00:28:03Z,22.98,72.07,99,0,28.02,101.83,53.00,754.00,null,null,null
2023-09-06T00:29:03Z,22.95,72.12,99,0,28.22,101.83,53.00,754.00,null,null,null
2023-09-06T00:30:03Z,22.95,72.08,99,0,24.65,101.84,53.00,749.00,28,48,48
2023-09-06T00:31:03Z,22.95,72.09,99,0,25.82,101.83,52.00,742.00,null,null,null
2023-09-06T00:32:03Z,22.96,72.00,99,0,37.18,101.84,52.00,742.00,null,null,null
2023-09-06T00:33:03Z,22.95,72.01,99,0,42.44,101.84,52.00,742.00,null,null,null
2023-09-06T00:34:03Z,22.94,72.04,99,0,27.42,101.84,49.00,728.00,null,null,null
2023-09-06T00:35:03Z,22.94,72.02,99,0,25.76,101.84,49.00,728.00,31,41,46
2023-09-06T00:36:03Z,22.95,71.99,99,0,43.71,101.84,47.00,715.00,null,null,null
2023-09-06T00:37:03Z,22.95,71.78,99,0,26.93,101.84,46.00,702.00,null,null,null
2023-09-06T00:38:03Z,22.92,71.78,99,0,25.65,101.83,42.00,678.00,null,null,null
2023-09-06T00:39:03Z,22.92,71.84,99,0,25.22,101.83,42.00,678.00,null,null,null
2023-09-06T00:40:03Z,22.92,71.89,99,0,26.16,101.83,42.00,678.00,31,60,66
2023-09-06T00:41:03Z,22.94,71.87,99,0,29.81,101.83,41.00,671.00,null,null,null
2023-09-06T00:42:03Z,22.95,71.78,99,0,43.01,101.83,41.00,671.00,null,null,null
2023-09-06T00:43:03Z,22.94,71.58,99,0,24.03,101.83,38.00,653.00,null,null,null
2023-09-06T00:44:03Z,22.88,71.65,99,0,24.39,101.83,38.00,650.00,null,null,null
2023-09-06T00:45:03Z,22.90,71.67,99,0,25.84,101.83,38.00,650.00,34,55,55
2023-09-06T00:46:03Z,22.92,71.68,99,0,26.11,101.83,36.00,637.00,null,null,null
2023-09-06T00:47:03Z,22.91,71.68,99,0,27.78,101.83,39.00,657.00,null,null,null
2023-09-06T00:48:03Z,22.90,71.65,99,0,28.34,101.83,38.00,650.00,null,null,null
2023-09-06T00:49:03Z,22.87,71.64,99,0,21.99,101.83,38.00,650.00,null,null,null
2023-09-06T00:50:03Z,22.87,71.66,99,0,24.61,101.83,37.00,646.00,36,67,72
2023-09-06T00:51:03Z,22.91,71.64,99,0,28.06,101.83,38.00,650.00,null,null,null
2023-09-06T00:52:03Z,22.90,71.61,99,0,23.86,101.83,38.00,650.00,null,null,null
2023-09-06T00:53:03Z,22.88,71.65,99,0,27.53,101.82,37.00,646.00,null,null,null
2023-09-06T00:54:03Z,22.88,71.61,99,0,29.17,101.82,37.00,646.00,null,null,null
2023-09-06T00:55:03Z,22.87,71.58,99,0,38.62,101.83,37.00,646.00,30,49,49
2023-09-06T00:56:03Z,22.88,71.57,99,0,32.13,101.82,37.00,646.00,null,null,null
2023-09-06T00:57:03Z,22.88,71.47,99,0,24.35,101.82,36.00,637.00,null,null,null
2023-09-06T00:58:03Z,22.87,71.43,99,0,22.72,101.83,36.00,637.00,null,null,null
2023-09-06T00:59:03Z,22.85,71.45,99,0,27.73,101.83,36.00,637.00,null,null,null
2023-09-06T01:00:03Z,22.87,71.52,99,0,38.38,101.82,36.00,637.00,30,46,46
2023-09-06T01:01:03Z,22.85,71.45,99,0,25.84,101.83,35.00,633.00,null,null,null
2023-09-06T01:02:03Z,22.88,71.46,99,0,26.31,101.83,35.00,633.00,null,null,null
2023-09-06T01:03:03Z,22.85,71.36,99,0,26.91,101.83,35.00,633.00,null,null,null
2023-09-06T01:04:03Z,22.85,71.40,99,0,30.32,101.83,34.00,626.00,null,null,null
2023-09-06T01:05:03Z,22.87,71.41,99,0,27.40,101.83,34.00,626.00,26,47,47
2023-09-06T01:06:03Z,22.85,71.48,99,0,24.50,101.83,34.00,626.00,null,null,null
2023-09-06T01:07:03Z,22.85,71.39,99,0,22.66,101.83,33.00,618.00,null,null,null
2023-09-06T01:08:03Z,22.85,71.45,99,0,25.19,101.83,33.00,618.00,null,null,null
2023-09-06T01:09:03Z,22.84,71.39,99,0,28.81,101.83,33.00,618.00,null,null,null
2023-09-06T01:10:03Z,22.84,71.21,99,0,40.32,101.83,32.00,614.00,28,39,39
2023-09-06T01:11:03Z,22.87,71.12,99,0,25.22,101.83,32.00,614.00,null,null,null
2023-09-06T01:12:03Z,22.85,71.12,99,0,23.68,101.83,31.00,605.00,null,null,null
2023-09-06T01:13:03Z,22.85,71.07,99,0,27.92,101.83,30.00,600.00,null,null,null
2023-09-06T01:14:03Z,22.82,71.10,99,0,25.26,101.83,30.00,600.00,null,null,null
2023-09-06T01:15:03Z,22.82,71.16,99,0,26.99,101.83,30.00,600.00,22,34,34
2023-09-06T01:16:03Z,22.84,71.09,99,0,26.29,101.83,29.00,594.00,null,null,null
2023-09-06T01:17:03Z,22.82,71.08,99,0,26.34,101.82,29.00,594.00,null,null,null
2023-09-06T01:18:03Z,22.84,70.90,99,0,26.00,101.82,29.00,594.00,null,null,null
2023-09-06T01:19:03Z,22.82,70.89,99,0,26.29,101.82,27.00,580.00,null,null,null
2023-09-06T01:20:03Z,22.81,70.86,99,0,25.03,101.82,26.00,577.00,28,53,59
2023-09-06T01:21:03Z,22.79,70.82,99,0,29.01,101.82,24.00,561.00,null,null,null
2023-09-06T01:22:03Z,22.81,70.86,99,0,27.66,101.82,25.00,570.00,null,null,null
2023-09-06T01:23:03Z,22.79,70.78,99,0,26.76,101.82,23.00,556.00,null,null,null
2023-09-06T01:24:03Z,22.79,70.84,99,0,27.49,101.82,24.00,561.00,null,null,null
2023-09-06T01:25:03Z,22.78,70.97,99,0,25.26,101.82,24.00,561.00,21,43,43
2023-09-06T01:26:03Z,22.78,70.95,99,0,27.12,101.82,25.00,570.00,null,null,null
2023-09-06T01:27:03Z,22.81,70.94,99,0,32.00,101.82,25.00,570.00,null,null,null
2023-09-06T01:28:03Z,22.81,70.99,99,0,27.20,101.82,24.00,561.00,null,null,null
2023-09-06T01:29:03Z,22.78,70.95,99,0,25.22,101.82,24.00,561.00,null,null,null
2023-09-06T01:30:03Z,22.79,70.86,99,0,29.03,101.83,23.00,556.00,29,47,47
2023-09-06T01:31:03Z,22.79,70.89,99,0,29.63,101.82,23.00,551.00,null,null,null
2023-09-06T01:32:03Z,22.78,70.96,99,0,24.58,101.83,23.00,556.00,null,null,null
2023-09-06T01:33:03Z,22.79,70.99,99,0,29.30,101.83,23.00,556.00,null,null,null
2023-09-06T01:34:03Z,22.78,71.00,99,0,31.40,101.83,23.00,556.00,null,null,null
2023-09-06T01:35:03Z,22.76,71.04,99,0,27.26,101.83,23.00,556.00,39,59,59
2023-09-06T01:36:03Z,22.74,70.99,99,0,28.42,101.83,23.00,556.00,null,null,null
2023-09-06T01:37:03Z,22.78,70.85,99,0,27.44,101.83,21.00,543.00,null,null,null
2023-09-06T01:38:03Z,22.78,70.94,99,0,25.79,101.83,22.00,546.00,null,null,null
2023-09-06T01:39:03Z,22.75,71.05,99,0,41.15,101.82,22.00,546.00,null,null,null
2023-09-06T01:40:03Z,22.75,70.98,99,0,23.68,101.83,22.00,546.00,33,53,53
2023-09-06T01:41:03Z,22.75,71.05,99,0,28.02,101.83,23.00,551.00,null,null,null
2023-09-06T01:42:03Z,22.79,71.01,99,0,33.96,101.83,23.00,551.00,null,null,null
2023-09-06T01:43:03Z,22.76,71.04,99,0,24.15,101.83,23.00,551.00,null,null,null
2023-09-06T01:44:03Z,22.75,71.11,99,0,26.57,101.83,23.00,551.00,null,null,null
2023-09-06T01:45:03Z,22.74,71.13,99,0,25.06,101.83,23.00,551.00,31,62,62
2023-09-06T01:46:03Z,22.76,71.08,99,0,27.40,101.83,22.00,549.00,null,null,null
2023-09-06T01:47:03Z,22.78,71.03,99,0,25.44,101.83,23.00,551.00,null,null,null
2023-09-06T01:48:03Z,22.74,71.08,99,0,45.17,101.83,23.00,551.00,null,null,null
2023-09-06T01:49:03Z,22.72,71.07,99,0,25.87,101.83,21.00,543.00,null,null,null
2023-09-06T01:50:03Z,22.74,70.96,99,0,27.36,101.82,21.00,539.00,33,66,66
2023-09-06T01:51:03Z,22.76,71.06,99,0,26.16,101.82,21.00,539.00,null,null,null
2023-09-06T01:52:03Z,22.75,71.09,99,0,28.74,101.82,22.00,546.00,null,null,null
2023-09-06T01:53:03Z,22.74,71.02,99,0,30.97,101.82,21.00,540.00,null,null,null
2023-09-06T01:54:03Z,22.74,71.00,99,0,28.96,101.82,19.00,531.00,null,null,null
2023-09-06T01:55:03Z,22.72,70.99,99,0,27.85,101.82,19.00,531.00,38,52,52
2023-09-06T01:56:03Z,22.76,71.05,99,0,28.60,101.82,19.00,531.00,null,null,null
2023-09-06T01:57:03Z,22.74,71.01,99,0,27.68,101.82,21.00,540.00,null,null,null
2023-09-06T01:58:03Z,22.74,71.05,99,0,25.47,101.83,21.00,539.00,null,null,null
2023-09-06T01:59:03Z,22.74,71.08,99,0,28.31,101.83,21.00,539.00,null,null,null
2023-09-06T02:00:03Z,22.72,71.10,99,0,27.60,101.83,21.00,543.00,25,61,68
2023-09-06T02:01:03Z,22.74,71.15,99,0,27.62,101.83,22.00,549.00,null,null,null
2023-09-06T02:02:03Z,22.72,71.04,99,0,27.69,101.83,23.00,553.00,null,null,null
2023-09-06T02:03:03Z,22.74,71.05,99,0,25.53,101.84,22.00,549.00,null,null,null
2023-09-06T02:04:03Z,22.72,71.10,99,0,24.86,101.84,22.00,549.00,null,null,null
2023-09-06T02:05:03Z,22.72,71.11,99,0,32.08,101.84,23.00,553.00,24,42,42
2023-09-06T02:06:03Z,22.72,71.14,99,0,26.11,101.84,23.00,553.00,null,null,null
2023-09-06T02:07:03Z,22.74,71.05,99,0,31.51,101.84,23.00,553.00,null,null,null
2023-09-06T02:08:03Z,22.72,70.99,99,0,25.67,101.84,22.00,549.00,null,null,null
2023-09-06T02:09:03Z,22.72,71.07,99,0,27.92,101.84,23.00,553.00,null,null,null
2023-09-06T02:10:03Z,22.71,71.07,99,0,24.86,101.84,23.00,553.00,38,56,62
2023-09-06T02:11:03Z,22.74,71.05,99,0,26.19,101.84,22.00,549.00,null,null,null
2023-09-06T02:12:03Z,22.74,71.03,99,0,26.24,101.83,22.00,549.00,null,null,null
2023-09-06T02:13:03Z,22.71,70.98,99,0,25.19,101.84,21.00,539.00,null,null,null
2023-09-06T02:14:03Z,22.71,71.00,99,0,26.31,101.84,21.00,543.00,null,null,null
2023-09-06T02:15:03Z,22.70,70.96,99,0,24.68,101.84,21.00,539.00,29,43,43
2023-09-06T02:16:03Z,22.72,70.94,99,0,24.83,101.84,21.00,539.00,null,null,null
2023-09-06T02:17:03Z,22.72,70.70,99,0,25.06,101.84,19.00,527.00,null,null,null
2023-09-06T02:18:03Z,22.72,70.74,99,0,45.06,101.84,19.00,531.00,null,null,null
2023-09-06T02:19:03Z,22.68,70.81,99,0,34.21,101.84,19.00,529.00,null,null,null
2023-09-06T02:20:03Z,22.70,70.70,99,0,42.52,101.84,17.00,518.00,28,49,49
2023-09-06T02:21:03Z,22.68,70.70,99,0,27.24,101.85,17.00,518.00,null,null,null
2023-09-06T02:22:03Z,22.67,70.74,99,0,30.64,101.85,17.00,518.00,null,null,null
2023-09-06T02:23:03Z,22.71,70.80,99,0,31.46,101.85,17.00,518.00,null,null,null
2023-09-06T02:24:03Z,22.68,70.85,99,0,30.69,101.85,17.00,514.00,null,null,null
2023-09-06T02:25:03Z,22.65,70.94,99,0,30.36,101.86,17.00,518.00,27,50,50
2023-09-06T02:26:03Z,22.67,70.99,99,0,30.70,101.85,18.00,524.00,null,null,null
2023-09-06T02:27:03Z,22.71,70.98,99,0,30.23,101.85,18.00,524.00,null,null,null
2023-09-06T02:28:03Z,22.67,70.99,99,0,30.27,101.85,18.00,524.00,null,null,null
2023-09-06T02:29:03Z,22.67,70.92,99,0,29.68,101.85,19.00,531.00,null,null,null
2023-09-06T02:30:03Z,22.67,70.93,99,0,43.33,101.86,19.00,527.00,30,46,46
2023-09-06T02:31:03Z,22.67,71.01,99,0,31.13,101.85,19.00,527.00,null,null,null
2023-09-06T02:32:03Z,22.68,71.07,99,0,31.58,101.86,19.00,531.00,null,null,null
2023-09-06T02:33:03Z,22.68,71.06,99,0,30.44,101.86,19.00,527.00,null,null,null
2023-09-06T02:34:03Z,22.68,70.93,99,0,30.19,101.86,19.00,531.00,null,null,null
2023-09-06T02:35:03Z,22.65,70.99,99,0,31.67,101.86,21.00,539.00,28,48,48
2023-09-06T02:36:03Z,22.65,70.96,99,0,30.41,101.86,19.00,531.00,null,null,null
2023-09-06T02:37:03Z,22.67,70.96,99,0,31.16,101.86,21.00,539.00,null,null,null
2023-09-06T02:38:03Z,22.68,70.96,99,0,30.34,101.86,21.00,539.00,null,null,null
2023-09-06T02:39:03Z,22.67,70.99,99,0,32.36,101.86,21.00,539.00,null,null,null
2023-09-06T02:40:03Z,22.67,71.03,99,0,30.70,101.86,21.00,539.00,27,50,50
2023-09-06T02:41:03Z,22.68,71.03,99,0,31.48,101.86,21.00,539.00,null,null,null
2023-09-06T02:42:03Z,22.67,71.03,99,0,29.41,101.85,21.00,543.00,null,null,null
2023-09-06T02:43:03Z,22.68,70.99,99,0,26.36,101.85,21.00,543.00,null,null,null
2023-09-06T02:44:03Z,22.64,71.02,99,0,31.61,101.86,21.00,543.00,null,null,null
2023-09-06T02:45:03Z,22.65,71.01,99,0,25.29,101.86,21.00,539.00,26,50,50
2023-09-06T02:46:03Z,22.65,70.96,99,0,25.98,101.86,19.00,531.00,null,null,null
2023-09-06T02:47:03Z,22.67,71.03,99,0,27.38,101.86,21.00,539.00,null,null,null
2023-09-06T02:48:03Z,22.67,71.00,99,0,24.93,101.86,21.00,539.00,null,null,null
2023-09-06T02:49:03Z,22.64,71.03,99,0,24.96,101.86,21.00,539.00,null,null,null
2023-09-06T02:50:03Z,22.65,71.06,99,0,26.03,101.86,21.00,539.00,16,31,31
2023-09-06T02:51:03Z,22.64,71.12,99,0,24.07,101.86,19.00,531.00,null,null,null
2023-09-06T02:52:03Z,22.67,71.05,99,0,27.55,101.86,21.00,539.00,null,null,null
2023-09-06T02:53:03Z,22.65,71.06,99,0,30.44,101.86,21.00,539.00,null,null,null
2023-09-06T02:54:03Z,22.64,71.12,99,0,25.32,101.86,21.00,543.00,null,null,null
2023-09-06T02:55:03Z,22.64,71.10,99,0,27.20,101.86,21.00,543.00,20,42,42
2023-09-06T02:56:03Z,22.65,71.10,99,0,27.08,101.86,21.00,539.00,null,null,null
2023-09-06T02:57:03Z,22.65,71.09,99,0,27.18,101.86,21.00,543.00,null,null,null
2023-09-06T02:58:03Z,22.65,71.10,99,0,26.76,101.86,21.00,543.00,null,null,null
2023-09-06T02:59:03Z,22.61,71.07,99,0,28.37,101.86,21.00,543.00,null,null,null
