TIME,TEMP,HUM,BATT,LIGHT,NOISE_A,PRESS,CCS811_VOCS,CCS811_ECO2,PM_1,PM_25,PM_10
ISO 8601,C,%,%,Lux,dBA,kPa,ppb,ppm,ug/m3,ug/m3,ug/m3
Time,Temperature,Humidity,Battery,Light,Noise dBA,Barometric pressure,VOC Gas CCS811,eCO2 Gas CCS811,PM 1.0,PM 2.5,PM 10.0
,55,56,10,14,53,58,113,112,89,87,88
2023-09-13T00:00:04Z,23.32,60.41,-1,0,30.87,101.72,26.00,575.00,0,0,0
2023-09-13T00:01:04Z,23.32,60.40,-1,0,29.98,101.72,27.00,580.00,null,null,null
2023-09-13T00:02:04Z,23.29,60.18,-1,0,32.42,101.73,28.00,588.00,null,null,null
2023-09-13T00:03:04Z,23.31,60.26,-1,0,29.64,101.73,28.00,586.00,null,null,null
2023-09-13T00:04:04Z,23.29,60.20,-1,0,30.58,101.73,28.00,588.00,null,null,null
2023-09-13T00:05:04Z,23.25,60.26,-1,0,30.26,101.73,27.00,580.00,0,2,2
2023-09-13T00:06:04Z,23.24,60.35,-1,0,30.70,101.73,25.00,569.00,null,null,null
2023-09-13T00:07:04Z,23.28,60.14,-1,0,32.11,101.72,33.00,618.00,null,null,null
2023-09-13T00:08:04Z,23.24,60.21,-1,0,31.87,101.72,25.00,567.00,null,null,null
2023-09-13T00:09:04Z,23.22,60.14,-1,0,29.71,101.73,33.00,617.00,null,null,null
2023-09-13T00:10:04Z,23.17,60.28,-1,0,28.73,101.73,32.00,612.00,0,0,0
2023-09-13T00:11:04Z,23.21,60.39,-1,0,29.99,101.72,30.00,599.00,null,null,null
2023-09-13T00:12:04Z,23.21,60.38,-1,0,29.44,101.74,32.00,612.00,null,null,null
2023-09-13T00:13:04Z,23.22,60.45,-1,0,32.53,101.71,35.00,631.00,null,null,null
2023-09-13T00:14:04Z,23.21,60.42,-1,0,32.24,101.73,35.00,631.00,null,null,null
2023-09-13T00:15:04Z,23.21,60.33,-1,0,30.33,101.73,36.00,638.00,0,0,0
2023-09-13T00:16:04Z,23.24,60.44,-1,0,30.21,101.73,36.00,638.00,null,null,null
2023-09-13T00:17:04Z,23.24,60.28,-1,0,32.54,101.73,37.00,649.00,null,null,null
2023-09-13T00:18:04Z,23.24,60.21,-1,0,30.63,101.73,37.00,649.00,null,null,null
2023-09-13T00:19:04Z,23.22,60.11,-1,0,33.63,101.73,38.00,653.00,null,null,null
2023-09-13T00:20:04Z,23.21,60.19,-1,0,30.92,101.73,38.00,653.00,2,2,2
2023-09-13T00:21:04Z,23.24,60.19,-1,0,29.92,101.73,42.00,678.00,null,null,null
2023-09-13T00:22:04Z,23.25,60.18,-1,0,29.38,101.73,42.00,678.00,null,null,null
2023-09-13T00:23:04Z,23.25,60.12,-1,0,30.81,101.73,34.00,629.00,null,null,null
2023-09-13T00:24:04Z,23.24,60.02,-1,0,30.93,101.73,34.00,629.00,null,null,null
2023-09-13T00:25:04Z,23.22,60.02,-1,0,31.28,101.73,44.00,694.00,0,0,0
2023-09-13T00:26:04Z,23.24,59.99,-1,0,31.46,101.73,46.00,702.00,null,null,null
2023-09-13T00:27:04Z,23.28,59.96,-1,0,33.43,101.74,44.00,694.00,null,null,null
2023-09-13T00:28:04Z,23.24,59.95,-1,0,30.76,101.74,34.00,629.00,null,null,null
2023-09-13T00:29:04Z,23.21,59.75,-1,0,32.35,101.74,43.00,683.00,null,null,null
2023-09-13T00:30:04Z,23.17,59.83,-1,0,30.57,101.76,38.00,653.00,1,1,1
2023-09-13T00:31:04Z,23.18,59.66,-1,0,31.44,101.75,38.00,650.00,null,null,null
2023-09-13T00:32:04Z,23.21,59.82,-1,0,29.77,101.76,38.00,650.00,null,null,null
2023-09-13T00:33:04Z,23.22,59.66,-1,0,34.87,101.77,38.00,650.00,null,null,null
2023-09-13T00:34:04Z,23.17,59.65,-1,0,29.90,101.78,39.00,657.00,null,null,null
2023-09-13T00:35:04Z,23.15,59.59,-1,0,31.67,101.78,38.00,650.00,0,0,0
2023-09-13T00:36:04Z,23.17,59.52,-1,0,31.58,101.78,36.00,638.00,null,null,null
2023-09-13T00:37:04Z,23.14,59.46,-1,0,32.03,101.78,34.00,624.00,null,null,null
2023-09-13T00:38:04Z,23.12,59.55,-1,0,30.13,101.79,34.00,624.00,null,null,null
2023-09-13T00:39:04Z,23.14,59.60,-1,0,32.37,101.78,34.00,624.00,null,null,null
2023-09-13T00:40:04Z,23.12,59.48,-1,0,31.12,101.80,32.00,612.00,0,0,0
2023-09-13T00:41:04Z,23.11,59.47,-1,0,31.29,101.79,32.00,612.00,null,null,null
2023-09-13T00:42:04Z,23.14,59.43,-1,0,30.71,101.79,30.00,603.00,null,null,null
2023-09-13T00:43:04Z,23.10,59.46,-1,0,30.13,101.79,29.00,594.00,null,null,null
2023-09-13T00:44:04Z,23.07,59.12,-1,0,31.75,101.79,30.00,597.00,null,null,null
2023-09-13T00:45:04Z,23.08,59.42,-1,0,30.94,101.79,30.00,603.00,0,0,0
2023-09-13T00:46:04Z,23.11,59.45,-1,0,30.25,101.80,32.00,612.00,null,null,null
2023-09-13T00:47:04Z,23.08,59.44,-1,0,31.64,101.80,32.00,612.00,null,null,null
2023-09-13T00:48:04Z,23.10,59.32,-1,0,31.28,101.80,32.00,612.00,null,null,null
2023-09-13T00:49:04Z,23.04,59.09,-1,0,33.07,101.80,30.00,603.00,null,null,null
2023-09-13T00:50:04Z,23.01,59.06,-1,0,32.93,101.81,30.00,600.00,0,0,0
2023-09-13T00:51:04Z,23.03,59.18,-1,0,31.83,101.81,27.00,580.00,null,null,null
2023-09-13T00:52:04Z,23.03,59.00,-1,0,29.25,101.81,27.00,580.00,null,null,null
2023-09-13T00:53:04Z,23.01,58.84,-1,0,31.13,101.81,28.00,584.00,null,null,null
2023-09-13T00:54:04Z,23.00,58.76,-1,0,31.82,101.80,30.00,600.00,null,null,null
2023-09-13T00:55:04Z,22.98,58.81,-1,0,29.04,101.80,29.00,594.00,0,0,0
2023-09-13T00:56:04Z,23.00,58.96,-1,0,30.79,101.81,28.00,584.00,null,null,null
2023-09-13T00:57:04Z,23.01,58.89,-1,0,30.44,101.81,30.00,603.00,null,null,null
2023-09-13T00:58:04Z,23.03,58.94,-1,0,29.62,101.80,30.00,603.00,null,null,null
2023-09-13T00:59:04Z,23.03,58.81,-1,0,30.26,101.81,32.00,612.00,null,null,null
2023-09-13T01:00:04Z,23.00,58.60,-1,0,32.42,101.81,30.00,603.00,0,0,0
2023-09-13T01:01:04Z,22.98,58.68,-1,0,31.35,101.81,30.00,599.00,null,null,null
2023-09-13T01:02:04Z,23.00,58.37,-1,0,30.05,101.81,28.00,589.00,null,null,null
2023-09-13T01:03:04Z,22.96,58.40,-1,0,31.09,101.81,26.00,574.00,null,null,null
2023-09-13T01:04:04Z,22.94,58.47,-1,0,29.94,101.81,24.00,561.00,null,null,null
2023-09-13T01:05:04Z,22.97,58.49,-1,0,29.82,101.81,24.00,561.00,0,0,0
2023-09-13T01:06:04Z,22.96,58.42,-1,0,31.09,101.81,23.00,553.00,null,null,null
2023-09-13T01:07:04Z,22.96,58.48,-1,0,31.27,101.81,24.00,561.00,null,null,null
2023-09-13T01:08:04Z,22.97,58.51,-1,0,31.92,101.82,26.00,574.00,null,null,null
2023-09-13T01:09:04Z,22.94,57.99,-1,0,29.57,101.81,27.00,578.00,null,null,null
2023-09-13T01:10:04Z,22.90,58.28,-1,0,33.32,101.81,27.00,580.00,0,0,0
2023-09-13T01:11:04Z,22.96,58.20,-1,0,31.23,101.82,26.00,574.00,null,null,null
2023-09-13T01:12:04Z,22.94,57.92,-1,0,34.05,101.82,26.00,574.00,null,null,null
2023-09-13T01:13:04Z,22.93,58.21,-1,0,32.28,101.82,24.00,561.00,null,null,null
2023-09-13T01:14:04Z,22.91,58.30,-1,0,30.02,101.82,25.00,567.00,null,null,null
2023-09-13T01:15:04Z,22.90,58.10,-1,0,29.33,101.82,24.00,561.00,1,1,1
2023-09-13T01:16:04Z,22.91,58.20,-1,0,30.06,101.82,25.00,567.00,null,null,null
2023-09-13T01:17:04Z,22.90,58.20,-1,0,29.23,101.82,27.00,580.00,null,null,null
2023-09-13T01:18:04Z,22.90,58.29,-1,0,32.61,101.82,27.00,580.00,null,null,null
2023-09-13T01:19:04Z,22.93,58.17,-1,0,30.96,101.83,27.00,578.00,null,null,null
2023-09-13T01:20:04Z,22.91,58.37,-1,0,35.65,101.82,28.00,586.00,0,0,0
2023-09-13T01:21:04Z,22.91,58.28,-1,0,30.08,101.83,27.00,578.00,null,null,null
2023-09-13T01:22:04Z,22.94,58.32,-1,0,31.60,101.83,26.00,574.00,null,null,null
2023-09-13T01:23:04Z,22.90,58.24,-1,0,31.84,101.83,26.00,574.00,null,null,null
2023-09-13T01:24:04Z,22.90,58.35,-1,0,31.38,101.83,28.00,586.00,null,null,null
2023-09-13T01:25:04Z,22.87,58.26,-1,0,31.79,101.82,28.00,589.00,0,0,0
2023-09-13T01:26:04Z,22.93,58.38,-1,0,28.58,101.82,28.00,589.00,null,null,null
2023-09-13T01:27:04Z,22.90,58.26,-1,0,34.56,101.83,30.00,599.00,null,null,null
2023-09-13T01:28:04Z,22.93,58.54,-1,0,30.41,101.83,31.00,605.00,null,null,null
2023-09-13T01:29:04Z,22.91,58.26,-1,0,29.94,101.83,34.00,624.00,null,null,null
2023-09-13T01:30:04Z,22.93,58.24,-1,0,31.85,101.83,32.00,611.00,0,0,0
2023-09-13T01:31:04Z,22.91,58.33,-1,0,31.33,101.83,32.00,614.00,null,null,null
2023-09-13T01:32:04Z,22.91,58.11,-1,0,29.36,101.83,30.00,599.00,null,null,null
2023-09-13T01:33:04Z,22.90,58.09,-1,0,30.08,101.83,29.00,596.00,null,null,null
2023-09-13T01:34:04Z,22.89,58.13,-1,0,31.07,101.83,29.00,592.00,null,null,null
2023-09-13T01:35:04Z,22.84,58.14,-1,0,32.80,101.83,27.00,580.00,0,0,0
2023-09-13T01:36:04Z,22.86,58.35,-1,0,30.64,101.83,25.00,567.00,null,null,null
2023-09-13T01:37:04Z,22.84,58.41,-1,0,31.25,101.84,26.00,574.00,null,null,null
2023-09-13T01:38:04Z,22.81,58.28,-1,0,32.66,101.83,26.00,574.00,null,null,null
2023-09-13T01:39:04Z,22.84,58.31,-1,0,29.62,101.84,26.00,574.00,null,null,null
2023-09-13T01:40:04Z,22.81,58.22,-1,0,29.83,101.83,25.00,567.00,0,0,0
2023-09-13T01:41:04Z,22.83,58.30,-1,0,31.36,101.84,25.00,567.00,null,null,null
2023-09-13T01:42:04Z,22.83,58.26,-1,0,31.00,101.84,26.00,574.00,null,null,null
2023-09-13T01:43:04Z,22.83,58.27,-1,0,37.25,101.84,27.00,578.00,null,null,null
2023-09-13T01:44:04Z,22.81,58.07,-1,0,32.39,101.84,27.00,578.00,null,null,null
2023-09-13T01:45:04Z,22.80,58.01,-1,0,33.28,101.85,27.00,580.00,0,0,0
2023-09-13T01:46:04Z,22.80,58.40,-1,0,33.35,101.84,28.00,586.00,null,null,null
2023-09-13T01:47:04Z,22.80,58.17,-1,0,29.91,101.85,27.00,578.00,null,null,null
2023-09-13T01:48:04Z,22.80,58.27,-1,0,28.02,101.84,29.00,592.00,null,null,null
2023-09-13T01:49:04Z,22.77,58.25,-1,0,29.56,101.85,28.00,586.00,null,null,null
2023-09-13T01:50:04Z,22.79,58.25,-1,0,30.99,101.84,30.00,599.00,1,1,1
2023-09-13T01:51:04Z,22.79,58.26,-1,0,31.20,101.84,31.00,605.00,null,null,null
2023-09-13T01:52:04Z,22.80,58.16,-1,0,32.51,101.85,31.00,605.00,null,null,null
2023-09-13T01:53:04Z,22.77,58.05,-1,0,30.27,101.85,29.00,592.00,null,null,null
2023-09-13T01:54:04Z,22.73,58.00,-1,0,30.81,101.84,27.00,580.00,null,null,null
2023-09-13T01:55:04Z,22.71,57.74,-1,0,29.07,101.84,28.00,584.00,0,1,1
2023-09-13T01:56:04Z,22.71,57.99,-1,0,31.03,101.84,25.00,566.00,null,null,null
2023-09-13T01:57:04Z,22.71,58.05,-1,0,31.20,101.85,23.00,555.00,null,null,null
2023-09-13T01:58:04Z,22.70,58.05,-1,0,30.79,101.85,24.00,560.00,null,null,null
2023-09-13T01:59:04Z,22.69,58.24,-1,0,29.82,101.85,24.00,560.00,null,null,null
2023-09-13T02:00:04Z,22.67,58.21,-1,0,29.79,101.85,24.00,560.00,0,1,1
2023-09-13T02:01:04Z,22.67,57.99,-1,0,31.00,101.85,25.00,565.00,null,null,null
2023-09-13T02:02:04Z,22.67,58.16,-1,0,32.07,101.85,24.00,560.00,null,null,null
2023-09-13T02:03:04Z,22.67,58.17,-1,0,30.56,101.85,25.00,565.00,null,null,null
2023-09-13T02:04:04Z,22.63,57.91,-1,0,28.70,101.86,24.00,560.00,null,null,null
2023-09-13T02:05:04Z,22.63,58.68,-1,0,32.03,101.86,22.00,549.00,0,0,0
2023-09-13T02:06:04Z,22.62,58.34,-1,0,31.24,101.85,23.00,552.00,null,null,null
2023-09-13T02:07:04Z,22.60,58.24,-1,0,32.30,101.86,23.00,552.00,null,null,null
2023-09-13T02:08:04Z,22.60,58.24,-1,0,31.45,101.86,23.00,555.00,null,null,null
2023-09-13T02:09:04Z,22.60,58.27,-1,0,28.34,101.86,23.00,555.00,null,null,null
2023-09-13T02:10:04Z,22.59,58.46,-1,0,30.03,101.86,21.00,543.00,2,3,3
2023-09-13T02:11:04Z,22.57,58.05,-1,0,31.02,101.86,22.00,549.00,null,null,null
2023-09-13T02:12:04Z,22.57,58.27,-1,0,30.58,101.86,20.00,533.00,null,null,null
2023-09-13T02:13:04Z,22.57,58.27,-1,0,31.29,101.87,19.00,531.00,null,null,null
2023-09-13T02:14:04Z,22.56,58.44,-1,0,29.64,101.87,19.00,527.00,null,null,null
2023-09-13T02:15:04Z,22.56,58.42,-1,0,30.72,101.86,21.00,539.00,0,0,0
2023-09-13T02:16:04Z,22.56,58.39,-1,0,28.81,101.87,3.00,426.00,null,null,null
2023-09-13T02:17:04Z,22.59,58.43,-1,0,31.47,101.86,5.00,435.00,null,null,null
2023-09-13T02:18:04Z,22.57,58.22,-1,0,31.70,101.87,5.00,439.00,null,null,null
2023-09-13T02:19:04Z,22.56,58.41,-1,0,34.23,101.87,4.00,427.00,null,null,null
2023-09-13T02:20:04Z,22.53,58.46,-1,0,31.99,101.87,3.00,423.00,0,4,4
2023-09-13T02:21:04Z,22.55,58.54,-1,0,28.66,101.87,5.00,433.00,null,null,null
2023-09-13T02:22:04Z,22.52,58.31,-1,0,32.79,101.88,3.00,426.00,null,null,null
2023-09-13T02:23:04Z,22.52,58.31,-1,0,31.48,101.88,2.00,417.00,null,null,null
2023-09-13T02:24:04Z,22.49,58.38,-1,0,31.61,101.88,1.00,409.00,null,null,null
2023-09-13T02:25:04Z,22.49,58.53,-1,0,29.70,101.87,2.00,414.00,0,0,0
2023-09-13T02:26:04Z,22.52,58.48,-1,0,32.05,101.88,3.00,423.00,null,null,null
2023-09-13T02:27:04Z,22.52,58.49,-1,0,32.57,101.88,3.00,426.00,null,null,null
2023-09-13T02:28:04Z,22.52,58.53,-1,0,30.19,101.88,3.00,426.00,null,null,null
2023-09-13T02:29:04Z,22.50,58.68,-1,0,31.60,101.87,5.00,433.00,null,null,null
2023-09-13T02:30:04Z,22.48,58.50,-1,0,30.93,101.87,3.00,426.00,1,1,1
2023-09-13T02:31:04Z,22.46,58.48,-1,0,32.29,101.89,2.00,417.00,null,null,null
2023-09-13T02:32:04Z,22.49,58.50,-1,0,39.92,101.88,2.00,417.00,null,null,null
2023-09-13T02:33:04Z,22.46,58.53,-1,0,36.07,101.88,2.00,417.00,null,null,null
2023-09-13T02:34:04Z,22.42,58.53,-1,0,32.21,101.88,2.00,414.00,null,null,null
2023-09-13T02:35:04Z,22.45,58.57,-1,0,32.56,101.88,0.00,406.00,2,2,2
2023-09-13T02:36:04Z,22.43,58.50,-1,0,28.30,101.89,0.00,406.00,null,null,null
2023-09-13T02:37:04Z,22.42,58.62,-1,0,31.01,101.89,0.00,401.00,null,null,null
2023-09-13T02:38:04Z,22.43,58.51,-1,0,31.47,101.88,1.00,409.00,null,null,null
2023-09-13T02:39:04Z,22.38,58.61,-1,0,28.57,101.89,0.00,401.00,null,null,null
2023-09-13T02:40:04Z,22.39,58.70,-1,0,29.25,101.88,0.00,406.00,0,0,0
2023-09-13T02:41:04Z,22.42,58.80,-1,0,28.63,101.89,2.00,414.00,null,null,null
2023-09-13T02:42:04Z,22.41,58.66,-1,0,31.00,101.89,1.00,410.00,null,null,null
2023-09-13T02:43:04Z,22.42,58.64,-1,0,30.04,101.89,2.00,417.00,null,null,null
2023-09-13T02:44:04Z,22.41,58.70,-1,0,29.53,101.89,2.00,417.00,null,null,null
2023-09-13T02:45:04Z,22.39,58.66,-1,0,31.55,101.89,1.00,409.00,0,0,0
2023-09-13T02:46:04Z,22.38,58.74,-1,0,29.13,101.89,0.00,406.00,null,null,null
2023-09-13T02:47:04Z,22.39,58.78,-1,0,32.32,101.89,1.00,409.00,null,null,null
2023-09-13T02:48:04Z,22.35,58.66,-1,0,29.82,101.89,2.00,414.00,null,null,null
2023-09-13T02:49:04Z,22.36,58.69,-1,0,32.68,101.89,2.00,417.00,null,null,null
2023-09-13T02:50:04Z,22.32,58.77,-1,0,31.54,101.89,2.00,417.00,1,1,1
2023-09-13T02:51:04Z,22.36,58.85,-1,0,29.69,101.89,2.00,414.00,null,null,null
2023-09-13T02:52:04Z,22.33,58.84,-1,0,30.25,101.89,3.00,423.00,null,null,null
2023-09-13T02:53:04Z,22.32,58.77,-1,0,32.76,101.89,4.00,427.00,null,null,null
2023-09-13T02:54:04Z,22.32,58.77,-1,0,28.73,101.89,3.00,423.00,null,null,null
2023-09-13T02:55:04Z,22.33,58.86,-1,0,30.78,101.88,3.00,420.00,1,1,1
2023-09-13T02:56:04Z,22.32,58.92,-1,0,30.96,101.88,3.00,420.00,null,null,null
2023-09-13T02:57:04Z,22.32,58.89,-1,0,29.82,101.88,3.00,423.00,null,null,null
2023-09-13T02:58:04Z,22.32,58.89,-1,0,31.44,101.88,4.00,432.00,null,null,null
2023-09-13T02:59:04Z,22.33,58.86,-1,0,31.52,101.88,6.00,442.00,null,null,null
