TIME,TEMP,HUM,BATT,LIGHT,NOISE_A,PRESS,CCS811_VOCS,CCS811_ECO2,PM_1,PM_25,PM_10
ISO 8601,C,%,%,Lux,dBA,kPa,ppb,ppm,ug/m3,ug/m3,ug/m3
Time,Temperature,Humidity,Battery,Light,Noise dBA,Barometric pressure,VOC Gas CCS811,eCO2 Gas CCS811,PM 1.0,PM 2.5,PM 10.0
,55,56,10,14,53,58,113,112,89,87,88
2023-08-30T00:00:05Z,23.93,59.25,-1,0,28.28,100.86,72.00,877.00,2,2,2
2023-08-30T00:01:05Z,23.93,59.12,-1,0,28.06,100.86,72.00,877.00,null,null,null
2023-08-30T00:02:05Z,23.93,59.16,-1,0,28.47,100.86,72.00,877.00,null,null,null
2023-08-30T00:03:05Z,23.93,59.08,-1,0,27.73,100.85,71.00,868.00,null,null,null
2023-08-30T00:04:05Z,23.89,59.04,-1,0,28.36,100.86,71.00,868.00,null,null,null
2023-08-30T00:05:05Z,23.90,58.93,-1,0,29.01,100.85,71.00,868.00,4,4,4
2023-08-30T00:06:05Z,23.90,58.84,-1,0,30.55,100.85,69.00,855.00,null,null,null
2023-08-30T00:07:05Z,23.92,58.98,-1,0,28.09,100.85,67.00,846.00,null,null,null
2023-08-30T00:08:05Z,23.90,58.87,-1,0,27.96,100.85,67.00,846.00,null,null,null
2023-08-30T00:09:05Z,23.89,58.83,-1,0,27.49,100.85,67.00,846.00,null,null,null
2023-08-30T00:10:05Z,23.89,58.79,-1,0,28.47,100.85,67.00,846.00,3,3,3
2023-08-30T00:11:05Z,23.90,58.69,-1,0,28.15,100.86,66.00,838.00,null,null,null
2023-08-30T00:12:05Z,23.89,58.61,-1,0,27.20,100.86,67.00,846.00,null,null,null
2023-08-30T00:13:05Z,23.87,58.72,-1,0,29.44,100.85,67.00,846.00,null,null,null
2023-08-30T00:14:05Z,23.86,58.56,-1,0,29.18,100.85,67.00,846.00,null,null,null
2023-08-30T00:15:05Z,23.86,58.61,-1,0,29.11,100.85,67.00,846.00,3,6,6
2023-08-30T00:16:05Z,23.87,58.65,-1,0,31.31,100.85,66.00,834.00,null,null,null
2023-08-30T00:17:05Z,23.87,58.67,-1,0,27.49,100.85,66.00,834.00,null,null,null
2023-08-30T00:18:05Z,23.89,58.47,-1,0,31.02,100.85,66.00,834.00,null,null,null
2023-08-30T00:19:05Z,23.85,58.48,-1,0,27.82,100.84,66.00,834.00,null,null,null
2023-08-30T00:20:05Z,23.83,58.51,-1,0,28.42,100.85,66.00,834.00,4,4,4
2023-08-30T00:21:05Z,23.83,58.41,-1,0,26.82,100.85,66.00,834.00,null,null,null
2023-08-30T00:22:05Z,23.89,58.52,-1,0,28.73,100.85,66.00,834.00,null,null,null
2023-08-30T00:23:05Z,23.85,58.43,-1,0,27.69,100.85,66.00,834.00,null,null,null
2023-08-30T00:24:05Z,23.85,58.44,-1,0,28.52,100.85,66.00,834.00,null,null,null
2023-08-30T00:25:05Z,23.80,58.45,-1,0,28.42,100.85,66.00,834.00,2,2,2
2023-08-30T00:26:05Z,23.83,58.34,-1,0,28.12,100.85,64.00,825.00,null,null,null
2023-08-30T00:27:05Z,23.86,58.29,-1,0,27.80,100.85,66.00,834.00,null,null,null
2023-08-30T00:28:05Z,23.85,58.44,-1,0,28.70,100.85,66.00,834.00,null,null,null
2023-08-30T00:29:05Z,23.82,58.25,-1,0,30.29,100.85,66.00,834.00,null,null,null
2023-08-30T00:30:05Z,23.80,58.29,-1,0,30.14,100.85,67.00,846.00,2,2,2
2023-08-30T00:31:05Z,23.83,58.34,-1,0,29.33,100.85,66.00,834.00,null,null,null
2023-08-30T00:32:05Z,23.85,58.23,-1,0,27.28,100.85,66.00,834.00,null,null,null
2023-08-30T00:33:05Z,23.85,58.32,-1,0,28.23,100.85,67.00,844.00,null,null,null
2023-08-30T00:34:05Z,23.82,58.37,-1,0,27.75,100.84,67.00,846.00,null,null,null
2023-08-30T00:35:05Z,23.80,58.31,-1,0,27.96,100.84,67.00,846.00,2,2,2
2023-08-30T00:36:05Z,23.85,58.44,-1,0,28.51,100.84,66.00,834.00,null,null,null
2023-08-30T00:37:05Z,23.85,58.43,-1,0,27.96,100.84,69.00,853.00,null,null,null
2023-08-30T00:38:05Z,23.85,58.42,-1,0,27.26,100.84,69.00,853.00,null,null,null
2023-08-30T00:39:05Z,23.80,58.40,-1,0,28.22,100.84,69.00,853.00,null,null,null
2023-08-30T00:40:05Z,23.79,58.50,-1,0,28.71,100.84,70.00,865.00,6,6,6
2023-08-30T00:41:05Z,23.82,58.41,-1,0,30.53,100.84,69.00,853.00,null,null,null
2023-08-30T00:42:05Z,23.83,58.40,-1,0,28.92,100.84,72.00,874.00,null,null,null
2023-08-30T00:43:05Z,23.80,58.47,-1,0,28.95,100.83,72.00,874.00,null,null,null
2023-08-30T00:44:05Z,23.79,58.54,-1,0,27.30,100.83,72.00,874.00,null,null,null
2023-08-30T00:45:05Z,23.79,58.53,-1,0,27.30,100.83,72.00,874.00,3,3,3
2023-08-30T00:46:05Z,23.83,58.62,-1,0,27.92,100.83,72.00,874.00,null,null,null
2023-08-30T00:47:05Z,23.83,58.62,-1,0,27.84,100.83,75.00,895.00,null,null,null
2023-08-30T00:48:05Z,23.82,58.65,-1,0,27.40,100.82,75.00,895.00,null,null,null
2023-08-30T00:49:05Z,23.82,58.52,-1,0,28.14,100.82,75.00,895.00,null,null,null
2023-08-30T00:50:05Z,23.80,58.69,-1,0,29.44,100.82,76.00,905.00,4,6,6
2023-08-30T00:51:05Z,23.82,58.71,-1,0,29.07,100.83,76.00,905.00,null,null,null
2023-08-30T00:52:05Z,23.82,58.73,-1,0,28.33,100.82,78.00,915.00,null,null,null
2023-08-30T00:53:05Z,23.82,58.74,-1,0,27.20,100.82,79.00,920.00,null,null,null
2023-08-30T00:54:05Z,23.79,58.59,-1,0,28.66,100.82,79.00,920.00,null,null,null
2023-08-30T00:55:05Z,23.79,58.85,-1,0,29.12,100.82,79.00,920.00,2,2,2
2023-08-30T00:56:05Z,23.82,58.85,-1,0,27.22,100.82,77.00,907.00,null,null,null
2023-08-30T00:57:05Z,23.82,58.69,-1,0,27.84,100.82,80.00,927.00,null,null,null
2023-08-30T00:58:05Z,23.80,58.70,-1,0,27.24,100.81,81.00,935.00,null,null,null
2023-08-30T00:59:05Z,23.80,58.58,-1,0,28.67,100.82,81.00,935.00,null,null,null
2023-08-30T01:00:05Z,23.79,58.54,-1,0,28.45,100.81,81.00,935.00,3,3,3
2023-08-30T01:01:05Z,23.80,58.65,-1,0,28.34,100.81,79.00,920.00,null,null,null
2023-08-30T01:02:05Z,23.79,58.55,-1,0,29.68,100.82,83.00,949.00,null,null,null
2023-08-30T01:03:05Z,23.80,58.47,-1,0,27.97,100.81,81.00,935.00,null,null,null
2023-08-30T01:04:05Z,23.80,58.38,-1,0,27.34,100.82,83.00,949.00,null,null,null
2023-08-30T01:05:05Z,23.76,58.31,-1,0,28.25,100.81,81.00,935.00,5,5,5
2023-08-30T01:06:05Z,23.77,58.29,-1,0,29.61,100.81,79.00,920.00,null,null,null
2023-08-30T01:07:05Z,23.79,58.22,-1,0,27.69,100.81,81.00,935.00,null,null,null
2023-08-30T01:08:05Z,23.82,58.28,-1,0,28.63,100.81,83.00,949.00,null,null,null
2023-08-30T01:09:05Z,23.76,58.25,-1,0,28.77,100.81,79.00,920.00,null,null,null
2023-08-30T01:10:05Z,23.76,58.18,-1,0,28.78,100.81,81.00,935.00,2,5,8
2023-08-30T01:11:05Z,23.77,57.99,-1,0,26.93,100.81,79.00,925.00,null,null,null
2023-08-30T01:12:05Z,23.76,58.12,-1,0,28.07,100.82,80.00,930.00,null,null,null
2023-08-30T01:13:05Z,23.77,58.11,-1,0,27.97,100.82,80.00,930.00,null,null,null
2023-08-30T01:14:05Z,23.75,58.07,-1,0,27.57,100.81,80.00,930.00,null,null,null
2023-08-30T01:15:05Z,23.76,58.10,-1,0,29.96,100.81,80.00,930.00,3,4,4
2023-08-30T01:16:05Z,23.77,58.04,-1,0,27.10,100.82,79.00,925.00,null,null,null
2023-08-30T01:17:05Z,23.76,58.11,-1,0,27.96,100.81,80.00,930.00,null,null,null
2023-08-30T01:18:05Z,23.77,57.78,-1,0,27.12,100.81,80.00,930.00,null,null,null
2023-08-30T01:19:05Z,23.76,57.77,-1,0,27.26,100.81,79.00,925.00,null,null,null
2023-08-30T01:20:05Z,23.75,57.68,-1,0,31.22,100.81,79.00,925.00,3,3,3
2023-08-30T01:21:05Z,23.76,57.92,-1,0,27.62,100.81,78.00,915.00,null,null,null
2023-08-30T01:22:05Z,23.76,57.55,-1,0,27.38,100.81,78.00,915.00,null,null,null
2023-08-30T01:23:05Z,23.73,57.57,-1,0,27.08,100.82,78.00,915.00,null,null,null
2023-08-30T01:24:05Z,23.75,57.56,-1,0,29.08,100.82,90.00,995.00,null,null,null
2023-08-30T01:25:05Z,23.73,57.70,-1,0,27.55,100.82,78.00,915.00,2,2,2
2023-08-30T01:26:05Z,23.73,57.54,-1,0,28.50,100.81,88.00,983.00,null,null,null
2023-08-30T01:27:05Z,23.75,57.55,-1,0,31.00,100.82,90.00,995.00,null,null,null
2023-08-30T01:28:05Z,23.75,57.27,-1,0,26.97,100.82,78.00,915.00,null,null,null
2023-08-30T01:29:05Z,23.70,57.46,-1,0,28.83,100.81,76.00,905.00,null,null,null
2023-08-30T01:30:05Z,23.72,57.57,-1,0,28.37,100.82,88.00,983.00,4,6,6
2023-08-30T01:31:05Z,23.73,57.68,-1,0,29.35,100.82,88.00,983.00,null,null,null
2023-08-30T01:32:05Z,23.72,57.50,-1,0,27.44,100.82,90.00,995.00,null,null,null
2023-08-30T01:33:05Z,23.72,57.50,-1,0,29.16,100.82,90.00,995.00,null,null,null
2023-08-30T01:34:05Z,23.72,57.47,-1,0,28.37,100.82,88.00,983.00,null,null,null
2023-08-30T01:35:05Z,23.70,57.56,-1,0,27.69,100.81,90.00,995.00,7,9,9
2023-08-30T01:36:05Z,23.70,57.19,-1,0,28.42,100.81,87.00,972.00,null,null,null
2023-08-30T01:37:05Z,23.70,57.17,-1,0,27.82,100.81,90.00,995.00,null,null,null
2023-08-30T01:38:05Z,23.73,57.09,-1,0,28.25,100.82,90.00,995.00,null,null,null
2023-08-30T01:39:05Z,23.70,57.28,-1,0,27.85,100.81,90.00,995.00,null,null,null
2023-08-30T01:40:05Z,23.69,57.11,-1,0,28.68,100.81,88.00,983.00,0,0,0
2023-08-30T01:41:05Z,23.69,57.25,-1,0,29.82,100.81,88.00,983.00,null,null,null
2023-08-30T01:42:05Z,23.72,57.39,-1,0,27.69,100.81,88.00,983.00,null,null,null
2023-08-30T01:43:05Z,23.70,57.25,-1,0,28.01,100.81,90.00,995.00,null,null,null
2023-08-30T01:44:05Z,23.69,57.52,-1,0,28.52,100.81,90.00,995.00,null,null,null
2023-08-30T01:45:05Z,23.69,57.46,-1,0,28.09,100.81,90.00,995.00,3,3,3
2023-08-30T01:46:05Z,23.70,57.41,-1,0,28.09,100.81,88.00,983.00,null,null,null
2023-08-30T01:47:05Z,23.69,57.51,-1,0,27.42,100.81,90.00,995.00,null,null,null
2023-08-30T01:48:05Z,23.69,57.35,-1,0,28.19,100.80,92.00,1007.00,null,null,null
2023-08-30T01:49:05Z,23.66,57.52,-1,0,28.76,100.80,92.00,1007.00,null,null,null
2023-08-30T01:50:05Z,23.69,57.20,-1,0,28.09,100.80,92.00,1007.00,3,3,3
2023-08-30T01:51:05Z,23.72,57.36,-1,0,27.92,100.81,93.00,1017.00,null,null,null
2023-08-30T01:52:05Z,23.68,57.29,-1,0,28.83,100.80,92.00,1007.00,null,null,null
2023-08-30T01:53:05Z,23.69,57.28,-1,0,27.68,100.81,93.00,1017.00,null,null,null
2023-08-30T01:54:05Z,23.69,57.39,-1,0,28.95,100.81,93.00,1017.00,null,null,null
2023-08-30T01:55:05Z,23.68,57.38,-1,0,28.63,100.81,93.00,1017.00,1,1,1
2023-08-30T01:56:05Z,23.68,57.42,-1,0,28.42,100.81,93.00,1017.00,null,null,null
2023-08-30T01:57:05Z,23.69,57.41,-1,0,28.92,100.81,95.00,1029.00,null,null,null
2023-08-30T01:58:05Z,23.66,57.47,-1,0,28.36,100.81,98.00,1047.00,null,null,null
2023-08-30T01:59:05Z,23.68,57.32,-1,0,28.09,100.82,98.00,1047.00,null,null,null
2023-08-30T02:00:05Z,23.65,57.25,-1,0,29.46,100.82,98.00,1047.00,3,3,3
2023-08-30T02:01:05Z,23.68,57.26,-1,0,29.46,100.81,98.00,1047.00,null,null,null
2023-08-30T02:02:05Z,23.68,57.24,-1,0,29.30,100.81,98.00,1047.00,null,null,null
2023-08-30T02:03:05Z,23.66,57.17,-1,0,30.37,100.82,102.00,1071.00,null,null,null
2023-08-30T02:04:05Z,23.68,57.39,-1,0,27.12,100.81,100.00,1060.00,null,null,null
2023-08-30T02:05:05Z,23.66,57.14,-1,0,26.89,100.81,100.00,1060.00,4,4,4
2023-08-30T02:06:05Z,23.66,57.00,-1,0,28.15,100.81,100.00,1060.00,null,null,null
2023-08-30T02:07:05Z,23.65,57.07,-1,0,28.52,100.81,102.00,1071.00,null,null,null
2023-08-30T02:08:05Z,23.63,57.17,-1,0,27.97,100.81,100.00,1060.00,null,null,null
2023-08-30T02:09:05Z,23.65,57.26,-1,0,28.31,100.81,100.00,1060.00,null,null,null
2023-08-30T02:10:05Z,23.63,57.33,-1,0,29.27,100.81,98.00,1047.00,2,4,4
2023-08-30T02:11:05Z,23.66,57.41,-1,0,28.27,100.81,98.00,1047.00,null,null,null
2023-08-30T02:12:05Z,23.65,57.32,-1,0,29.32,100.81,102.00,1071.00,null,null,null
2023-08-30T02:13:05Z,23.65,57.18,-1,0,28.45,100.81,102.00,1071.00,null,null,null
2023-08-30T02:14:05Z,23.65,57.21,-1,0,28.95,100.81,104.00,1083.00,null,null,null
2023-08-30T02:15:05Z,23.63,57.21,-1,0,33.69,100.81,104.00,1083.00,0,5,10
2023-08-30T02:16:05Z,23.65,57.34,-1,0,28.14,100.81,104.00,1083.00,null,null,null
2023-08-30T02:17:05Z,23.65,57.25,-1,0,29.54,100.81,104.00,1086.00,null,null,null
2023-08-30T02:18:05Z,23.65,57.16,-1,0,28.64,100.81,104.00,1086.00,null,null,null
2023-08-30T02:19:05Z,23.68,57.25,-1,0,28.58,100.80,108.00,1110.00,null,null,null
2023-08-30T02:20:05Z,23.62,57.23,-1,0,28.12,100.81,106.00,1099.00,2,2,2
2023-08-30T02:21:05Z,23.62,57.21,-1,0,28.14,100.81,108.00,1110.00,null,null,null
2023-08-30T02:22:05Z,23.63,57.18,-1,0,30.62,100.81,108.00,1110.00,null,null,null
2023-08-30T02:23:05Z,23.66,57.22,-1,0,31.13,100.81,110.00,1125.00,null,null,null
2023-08-30T02:24:05Z,23.62,57.19,-1,0,30.11,100.81,110.00,1125.00,null,null,null
2023-08-30T02:25:05Z,23.63,57.27,-1,0,28.37,100.81,110.00,1125.00,0,0,0
2023-08-30T02:26:05Z,23.63,57.19,-1,0,27.69,100.81,108.00,1110.00,null,null,null
2023-08-30T02:27:05Z,23.65,57.25,-1,0,27.38,100.82,111.00,1134.00,null,null,null
2023-08-30T02:28:05Z,23.65,57.26,-1,0,27.77,100.81,109.00,1122.00,null,null,null
2023-08-30T02:29:05Z,23.61,57.30,-1,0,28.89,100.82,109.00,1122.00,null,null,null
2023-08-30T02:30:05Z,23.63,57.26,-1,0,27.04,100.82,109.00,1122.00,5,5,5
2023-08-30T02:31:05Z,23.62,57.30,-1,0,27.36,100.82,108.00,1110.00,null,null,null
2023-08-30T02:32:05Z,23.63,57.37,-1,0,29.32,100.82,112.00,1137.00,null,null,null
2023-08-30T02:33:05Z,23.62,57.31,-1,0,28.40,100.81,112.00,1137.00,null,null,null
2023-08-30T02:34:05Z,23.62,57.55,-1,0,28.04,100.81,112.00,1137.00,null,null,null
2023-08-30T02:35:05Z,23.65,57.46,-1,0,39.59,100.81,114.00,1150.00,1,1,1
2023-08-30T02:36:05Z,23.62,57.39,-1,0,27.42,100.82,114.00,1150.00,null,null,null
2023-08-30T02:37:05Z,23.63,57.24,-1,0,28.63,100.81,114.00,1150.00,null,null,null
2023-08-30T02:38:05Z,23.62,57.23,-1,0,28.78,100.82,116.00,1163.00,null,null,null
2023-08-30T02:39:05Z,23.62,57.34,-1,0,28.68,100.82,116.00,1163.00,null,null,null
2023-08-30T02:40:05Z,23.62,57.60,-1,0,26.31,100.82,116.00,1163.00,3,3,3
2023-08-30T02:41:05Z,23.61,57.57,-1,0,28.80,100.82,114.00,1150.00,null,null,null
2023-08-30T02:42:05Z,23.62,57.44,-1,0,29.07,100.82,114.00,1150.00,null,null,null
2023-08-30T02:43:05Z,23.61,57.43,-1,0,27.06,100.82,114.00,1150.00,null,null,null
2023-08-30T02:44:05Z,23.59,57.83,-1,0,28.78,100.82,114.00,1150.00,null,null,null
2023-08-30T02:45:05Z,23.62,57.65,-1,0,27.26,100.81,114.00,1150.00,2,2,2
2023-08-30T02:46:05Z,23.63,57.62,-1,0,27.77,100.81,114.00,1150.00,null,null,null
2023-08-30T02:47:05Z,23.62,57.51,-1,0,29.67,100.81,116.00,1163.00,null,null,null
2023-08-30T02:48:05Z,23.63,57.50,-1,0,27.38,100.81,116.00,1163.00,null,null,null
2023-08-30T02:49:05Z,23.62,57.37,-1,0,27.16,100.81,116.00,1163.00,null,null,null
2023-08-30T02:50:05Z,23.61,57.41,-1,0,27.75,100.81,116.00,1163.00,2,2,2
2023-08-30T02:51:05Z,23.61,57.44,-1,0,27.16,100.81,114.00,1150.00,null,null,null
2023-08-30T02:52:05Z,23.63,57.22,-1,0,30.09,100.81,116.00,1163.00,null,null,null
2023-08-30T02:53:05Z,23.62,57.35,-1,0,28.28,100.80,118.00,1178.00,null,null,null
2023-08-30T02:54:05Z,23.62,57.39,-1,0,28.71,100.81,116.00,1163.00,null,null,null
2023-08-30T02:55:05Z,23.61,57.43,-1,0,27.90,100.81,114.00,1150.00,1,1,1
2023-08-30T02:56:05Z,23.62,57.34,-1,0,27.57,100.81,114.00,1150.00,null,null,null
2023-08-30T02:57:05Z,23.62,57.44,-1,0,27.44,100.80,116.00,1163.00,null,null,null
2023-08-30T02:58:05Z,23.63,57.36,-1,0,29.23,100.80,118.00,1178.00,null,null,null
2023-08-30T02:59:05Z,23.61,57.40,-1,0,29.15,100.81,118.00,1178.00,null,null,null
