TIME,TEMP,HUM,BATT,LIGHT,NOISE_A,PRESS,CCS811_VOCS,CCS811_ECO2,PM_1,PM_25,PM_10
ISO 8601,C,%,%,Lux,dBA,kPa,ppb,ppm,ug/m3,ug/m3,ug/m3
Time,Temperature,Humidity,Battery,Light,Noise dBA,Barometric pressure,VOC Gas CCS811,eCO2 Gas CCS811,PM 1.0,PM 2.5,PM 10.0
,55,56,10,14,53,58,113,112,89,87,88
2023-08-16T00:00:05Z,25.46,64.67,-1,0,28.77,101.93,404.00,1761.00,3,3,3
2023-08-16T00:01:05Z,25.48,64.85,-1,0,29.17,101.93,404.00,1761.00,null,null,null
2023-08-16T00:02:05Z,25.48,64.71,-1,0,28.15,101.93,399.00,1756.00,null,null,null
2023-08-16T00:03:05Z,25.48,64.74,-1,0,28.14,101.93,410.00,1766.00,null,null,null
2023-08-16T00:04:05Z,25.46,64.67,-1,0,28.47,101.93,404.00,1761.00,null,null,null
2023-08-16T00:05:05Z,25.48,64.77,-1,0,28.51,101.93,410.00,1766.00,1,1,1
2023-08-16T00:06:05Z,25.48,64.79,-1,0,28.44,101.93,399.00,1756.00,null,null,null
2023-08-16T00:07:05Z,25.48,64.82,-1,0,28.71,101.93,404.00,1761.00,null,null,null
2023-08-16T00:08:05Z,25.50,64.76,-1,0,29.23,101.93,404.00,1761.00,null,null,null
2023-08-16T00:09:05Z,25.47,64.86,-1,0,27.57,101.93,404.00,1761.00,null,null,null
2023-08-16T00:10:05Z,25.47,64.63,-1,0,29.09,101.93,404.00,1761.00,1,1,1
2023-08-16T00:11:05Z,25.50,64.77,-1,0,28.61,101.93,404.00,1761.00,null,null,null
2023-08-16T00:12:05Z,25.50,64.64,-1,0,29.67,101.94,404.00,1761.00,null,null,null
2023-08-16T00:13:05Z,25.48,64.54,-1,0,27.45,101.94,410.00,1766.00,null,null,null
2023-08-16T00:14:05Z,25.47,64.72,-1,0,30.55,101.93,410.00,1766.00,null,null,null
2023-08-16T00:15:05Z,25.48,64.66,-1,0,28.04,101.93,410.00,1766.00,0,0,0
2023-08-16T00:16:05Z,25.50,64.71,-1,0,28.04,101.93,410.00,1766.00,null,null,null
2023-08-16T00:17:05Z,25.50,64.62,-1,0,28.25,101.93,417.00,1772.00,null,null,null
2023-08-16T00:18:05Z,25.51,64.61,-1,0,28.78,101.93,410.00,1766.00,null,null,null
2023-08-16T00:19:05Z,25.53,64.51,-1,0,28.48,101.93,410.00,1766.00,null,null,null
2023-08-16T00:20:05Z,25.50,64.58,-1,0,28.76,101.93,410.00,1766.00,6,7,7
2023-08-16T00:21:05Z,25.48,64.76,-1,0,28.45,101.93,410.00,1766.00,null,null,null
2023-08-16T00:22:05Z,25.50,64.71,-1,0,28.81,101.93,404.00,1761.00,null,null,null
2023-08-16T00:23:05Z,25.50,64.82,-1,0,28.45,101.93,410.00,1766.00,null,null,null
2023-08-16T00:24:05Z,25.50,64.77,-1,0,28.89,101.93,411.00,1767.00,null,null,null
2023-08-16T00:25:05Z,25.48,64.74,-1,0,28.77,101.92,411.00,1767.00,1,1,1
2023-08-16T00:26:05Z,25.51,64.69,-1,0,30.09,101.92,410.00,1766.00,null,null,null
2023-08-16T00:27:05Z,25.51,64.74,-1,0,29.00,101.93,417.00,1772.00,null,null,null
2023-08-16T00:28:05Z,25.48,65.00,-1,0,28.39,101.92,417.00,1772.00,null,null,null
2023-08-16T00:29:05Z,25.47,65.09,-1,0,28.48,101.93,411.00,1767.00,null,null,null
2023-08-16T00:30:05Z,25.48,64.96,-1,0,28.92,101.92,411.00,1767.00,4,4,4
2023-08-16T00:31:05Z,25.50,65.01,-1,0,28.67,101.92,404.00,1761.00,null,null,null
2023-08-16T00:32:05Z,25.50,64.96,-1,0,30.42,101.93,411.00,1767.00,null,null,null
2023-08-16T00:33:05Z,25.51,64.93,-1,0,28.17,101.93,411.00,1767.00,null,null,null
2023-08-16T00:34:05Z,25.51,65.05,-1,0,27.68,101.92,417.00,1772.00,null,null,null
2023-08-16T00:35:05Z,25.48,65.12,-1,0,28.17,101.92,417.00,1772.00,0,0,0
2023-08-16T00:36:05Z,25.50,65.16,-1,0,29.15,101.93,411.00,1767.00,null,null,null
2023-08-16T00:37:05Z,25.51,65.03,-1,0,31.58,101.92,417.00,1772.00,null,null,null
2023-08-16T00:38:05Z,25.51,65.25,-1,0,30.78,101.92,404.00,1761.00,null,null,null
2023-08-16T00:39:05Z,25.51,65.25,-1,0,31.12,101.92,407.00,1764.00,null,null,null
2023-08-16T00:40:05Z,25.50,65.05,-1,0,30.93,101.92,413.00,1769.00,1,1,1
2023-08-16T00:41:05Z,25.51,65.31,-1,0,30.59,101.92,417.00,1772.00,null,null,null
2023-08-16T00:42:05Z,25.53,64.93,-1,0,28.67,101.92,413.00,1769.00,null,null,null
2023-08-16T00:43:05Z,25.50,65.16,-1,0,29.54,101.92,417.00,1772.00,null,null,null
2023-08-16T00:44:05Z,25.51,65.32,-1,0,28.45,101.92,422.00,1775.00,null,null,null
2023-08-16T00:45:05Z,25.50,65.24,-1,0,28.78,101.92,413.00,1769.00,0,0,0
2023-08-16T00:46:05Z,25.51,65.33,-1,0,29.95,101.91,417.00,1772.00,null,null,null
2023-08-16T00:47:05Z,25.51,65.28,-1,0,28.45,101.92,418.00,1774.00,null,null,null
2023-08-16T00:48:05Z,25.53,65.24,-1,0,28.87,101.92,418.00,1774.00,null,null,null
2023-08-16T00:49:05Z,25.48,65.26,-1,0,28.51,101.92,422.00,1775.00,null,null,null
2023-08-16T00:50:05Z,25.53,65.25,-1,0,29.21,101.92,418.00,1774.00,2,2,2
2023-08-16T00:51:05Z,25.51,65.29,-1,0,28.50,101.92,424.00,1777.00,null,null,null
2023-08-16T00:52:05Z,25.50,65.24,-1,0,29.36,101.92,418.00,1774.00,null,null,null
2023-08-16T00:53:05Z,25.53,65.57,-1,0,27.90,101.92,428.00,1780.00,null,null,null
2023-08-16T00:54:05Z,25.51,65.39,-1,0,29.03,101.92,424.00,1777.00,null,null,null
2023-08-16T00:55:05Z,25.50,65.36,-1,0,28.60,101.91,424.00,1777.00,0,1,1
2023-08-16T00:56:05Z,25.53,65.47,-1,0,28.80,101.92,424.00,1777.00,null,null,null
2023-08-16T00:57:05Z,25.53,65.53,-1,0,27.42,101.92,424.00,1777.00,null,null,null
2023-08-16T00:58:05Z,25.53,65.44,-1,0,29.30,101.92,428.00,1780.00,null,null,null
2023-08-16T00:59:05Z,25.54,65.75,-1,0,28.01,101.92,428.00,1780.00,null,null,null
2023-08-16T01:00:05Z,25.53,65.51,-1,0,27.49,101.91,424.00,1777.00,4,4,4
2023-08-16T01:01:05Z,25.51,65.51,-1,0,31.52,101.92,428.00,1780.00,null,null,null
2023-08-16T01:02:05Z,25.54,65.55,-1,0,27.89,101.92,428.00,1780.00,null,null,null
2023-08-16T01:03:05Z,25.54,65.46,-1,0,27.89,101.92,428.00,1780.00,null,null,null
2023-08-16T01:04:05Z,25.51,65.66,-1,0,28.22,101.91,432.00,1784.00,null,null,null
2023-08-16T01:05:05Z,25.50,65.56,-1,0,27.53,101.92,432.00,1784.00,4,4,4
2023-08-16T01:06:05Z,25.51,65.58,-1,0,29.13,101.92,432.00,1784.00,null,null,null
2023-08-16T01:07:05Z,25.51,65.75,-1,0,28.57,101.92,432.00,1784.00,null,null,null
2023-08-16T01:08:05Z,25.54,65.62,-1,0,28.71,101.92,428.00,1780.00,null,null,null
2023-08-16T01:09:05Z,25.54,65.70,-1,0,27.51,101.91,432.00,1784.00,null,null,null
2023-08-16T01:10:05Z,25.51,65.66,-1,0,29.81,101.91,432.00,1784.00,1,1,1
2023-08-16T01:11:05Z,25.53,65.55,-1,0,28.83,101.92,432.00,1784.00,null,null,null
2023-08-16T01:12:05Z,25.53,65.52,-1,0,28.06,101.92,432.00,1784.00,null,null,null
2023-08-16T01:13:05Z,25.51,65.62,-1,0,30.20,101.92,438.00,1789.00,null,null,null
2023-08-16T01:14:05Z,25.53,65.55,-1,0,29.68,101.92,438.00,1789.00,null,null,null
2023-08-16T01:15:05Z,25.51,65.68,-1,0,28.07,101.92,438.00,1789.00,0,3,3
2023-08-16T01:16:05Z,25.54,65.56,-1,0,27.97,101.92,438.00,1789.00,null,null,null
2023-08-16T01:17:05Z,25.53,65.61,-1,0,28.83,101.92,438.00,1789.00,null,null,null
2023-08-16T01:18:05Z,25.53,65.45,-1,0,29.63,101.92,438.00,1789.00,null,null,null
2023-08-16T01:19:05Z,25.53,65.41,-1,0,28.52,101.92,438.00,1789.00,null,null,null
2023-08-16T01:20:05Z,25.51,65.57,-1,0,28.27,101.92,438.00,1789.00,0,0,0
2023-08-16T01:21:05Z,25.53,65.54,-1,0,27.32,101.92,444.00,1795.00,null,null,null
2023-08-16T01:22:05Z,25.51,65.46,-1,0,28.34,101.92,444.00,1795.00,null,null,null
2023-08-16T01:23:05Z,25.53,65.37,-1,0,29.27,101.93,444.00,1795.00,null,null,null
2023-08-16T01:24:05Z,25.53,65.43,-1,0,27.71,101.92,444.00,1795.00,null,null,null
2023-08-16T01:25:05Z,25.51,65.63,-1,0,27.85,101.92,444.00,1795.00,1,1,1
2023-08-16T01:26:05Z,25.53,65.53,-1,0,27.60,101.93,444.00,1795.00,null,null,null
2023-08-16T01:27:05Z,25.53,65.45,-1,0,28.23,101.93,452.00,1803.00,null,null,null
2023-08-16T01:28:05Z,25.53,65.36,-1,0,29.00,101.93,452.00,1803.00,null,null,null
2023-08-16T01:29:05Z,25.53,65.49,-1,0,29.37,101.93,452.00,1803.00,null,null,null
2023-08-16T01:30:05Z,25.51,65.42,-1,0,26.67,101.93,452.00,1803.00,6,6,12
2023-08-16T01:31:05Z,25.53,65.44,-1,0,30.32,101.93,458.00,1808.00,null,null,null
2023-08-16T01:32:05Z,25.53,65.41,-1,0,27.60,101.93,458.00,1808.00,null,null,null
2023-08-16T01:33:05Z,25.51,65.41,-1,0,27.47,101.93,452.00,1803.00,null,null,null
2023-08-16T01:34:05Z,25.51,65.39,-1,0,28.15,101.93,458.00,1808.00,null,null,null
2023-08-16T01:35:05Z,25.53,65.55,-1,0,29.11,101.93,458.00,1808.00,2,2,2
2023-08-16T01:36:05Z,25.51,65.48,-1,0,27.51,101.93,458.00,1808.00,null,null,null
2023-08-16T01:37:05Z,25.51,65.44,-1,0,28.04,101.93,458.00,1808.00,null,null,null
2023-08-16T01:38:05Z,25.51,65.44,-1,0,28.09,101.93,465.00,1813.00,null,null,null
2023-08-16T01:39:05Z,25.51,65.46,-1,0,27.87,101.93,465.00,1813.00,null,null,null
2023-08-16T01:40:05Z,25.48,65.49,-1,0,28.02,101.93,465.00,1813.00,1,1,1
2023-08-16T01:41:05Z,25.48,65.45,-1,0,27.80,101.93,471.00,1817.00,null,null,null
2023-08-16T01:42:05Z,25.53,65.37,-1,0,28.12,101.93,471.00,1817.00,null,null,null
2023-08-16T01:43:05Z,25.50,65.43,-1,0,27.73,101.93,471.00,1817.00,null,null,null
2023-08-16T01:44:05Z,25.48,65.51,-1,0,29.01,101.94,471.00,1817.00,null,null,null
2023-08-16T01:45:05Z,25.50,65.41,-1,0,27.92,101.94,471.00,1817.00,5,5,5
2023-08-16T01:46:05Z,25.50,65.54,-1,0,28.22,101.94,480.00,1824.00,null,null,null
2023-08-16T01:47:05Z,25.51,65.43,-1,0,27.62,101.93,480.00,1824.00,null,null,null
2023-08-16T01:48:05Z,25.48,65.39,-1,0,28.78,101.93,480.00,1824.00,null,null,null
2023-08-16T01:49:05Z,25.48,65.48,-1,0,28.74,101.94,487.00,1829.00,null,null,null
2023-08-16T01:50:05Z,25.48,65.40,-1,0,28.57,101.93,487.00,1829.00,0,1,1
2023-08-16T01:51:05Z,25.51,65.51,-1,0,29.20,101.94,487.00,1829.00,null,null,null
2023-08-16T01:52:05Z,25.53,65.46,-1,0,28.51,101.94,487.00,1829.00,null,null,null
2023-08-16T01:53:05Z,25.50,65.44,-1,0,26.80,101.94,493.00,1833.00,null,null,null
2023-08-16T01:54:05Z,25.48,65.62,-1,0,28.63,101.94,493.00,1833.00,null,null,null
2023-08-16T01:55:05Z,25.48,65.41,-1,0,29.58,101.93,493.00,1833.00,0,0,0
2023-08-16T01:56:05Z,25.50,65.56,-1,0,29.69,101.94,501.00,1839.00,null,null,null
2023-08-16T01:57:05Z,25.50,65.87,-1,0,28.36,101.93,501.00,1839.00,null,null,null
2023-08-16T01:58:05Z,25.51,65.87,-1,0,28.36,101.94,497.00,1836.00,null,null,null
2023-08-16T01:59:05Z,25.46,65.66,-1,0,28.50,101.94,497.00,1836.00,null,null,null
2023-08-16T02:00:05Z,25.44,65.73,-1,0,26.84,101.94,507.00,1844.00,1,1,1
2023-08-16T02:01:05Z,25.50,65.74,-1,0,28.52,101.94,507.00,1844.00,null,null,null
2023-08-16T02:02:05Z,25.47,65.70,-1,0,28.33,101.94,507.00,1844.00,null,null,null
2023-08-16T02:03:05Z,25.48,65.67,-1,0,29.12,101.94,507.00,1844.00,null,null,null
2023-08-16T02:04:05Z,25.48,65.69,-1,0,28.17,101.94,514.00,1849.00,null,null,null
2023-08-16T02:05:05Z,25.47,65.83,-1,0,28.31,101.94,514.00,1849.00,2,2,2
2023-08-16T02:06:05Z,25.48,65.60,-1,0,29.17,101.94,509.00,1846.00,null,null,null
2023-08-16T02:07:05Z,25.47,65.75,-1,0,28.89,101.94,514.00,1849.00,null,null,null
2023-08-16T02:08:05Z,25.48,65.57,-1,0,28.55,101.94,516.00,1851.00,null,null,null
2023-08-16T02:09:05Z,25.46,65.73,-1,0,27.12,101.94,521.00,1853.00,null,null,null
2023-08-16T02:10:05Z,25.46,65.90,-1,0,28.73,101.94,521.00,1853.00,0,0,0
2023-08-16T02:11:05Z,25.47,65.54,-1,0,27.62,101.93,516.00,1851.00,null,null,null
2023-08-16T02:12:05Z,25.47,65.61,-1,0,27.57,101.94,521.00,1853.00,null,null,null
2023-08-16T02:13:05Z,25.46,65.74,-1,0,28.66,101.94,521.00,1853.00,null,null,null
2023-08-16T02:14:05Z,25.47,65.80,-1,0,29.50,101.94,529.00,1860.00,null,null,null
2023-08-16T02:15:05Z,25.46,65.71,-1,0,28.06,101.94,524.00,1856.00,1,1,1
2023-08-16T02:16:05Z,25.47,65.87,-1,0,27.94,101.94,529.00,1860.00,null,null,null
2023-08-16T02:17:05Z,25.50,66.06,-1,0,27.92,101.94,524.00,1856.00,null,null,null
2023-08-16T02:18:05Z,25.48,65.62,-1,0,28.20,101.94,531.00,1861.00,null,null,null
2023-08-16T02:19:05Z,25.47,65.77,-1,0,28.58,101.94,536.00,1865.00,null,null,null
2023-08-16T02:20:05Z,25.46,65.66,-1,0,28.28,101.93,531.00,1861.00,5,6,6
2023-08-16T02:21:05Z,25.46,66.01,-1,0,28.70,101.94,543.00,1870.00,null,null,null
2023-08-16T02:22:05Z,25.50,65.93,-1,0,28.48,101.94,538.00,1866.00,null,null,null
2023-08-16T02:23:05Z,25.47,65.85,-1,0,30.31,101.94,538.00,1866.00,null,null,null
2023-08-16T02:24:05Z,25.47,65.91,-1,0,28.80,101.94,538.00,1866.00,null,null,null
2023-08-16T02:25:05Z,25.47,65.84,-1,0,28.11,101.94,538.00,1866.00,1,2,2
2023-08-16T02:26:05Z,25.47,65.84,-1,0,27.71,101.94,550.00,1877.00,null,null,null
2023-08-16T02:27:05Z,25.47,65.93,-1,0,27.51,101.94,550.00,1877.00,null,null,null
2023-08-16T02:28:05Z,25.48,65.91,-1,0,28.71,101.94,550.00,1877.00,null,null,null
2023-08-16T02:29:05Z,25.48,65.87,-1,0,29.21,101.94,550.00,1877.00,null,null,null
2023-08-16T02:30:05Z,25.44,66.08,-1,0,27.97,101.94,550.00,1877.00,4,5,5
2023-08-16T02:31:05Z,25.47,65.82,-1,0,28.44,101.94,556.00,1882.00,null,null,null
2023-08-16T02:32:05Z,25.46,65.99,-1,0,32.35,101.94,556.00,1882.00,null,null,null
2023-08-16T02:33:05Z,25.47,65.97,-1,0,28.06,101.94,556.00,1882.00,null,null,null
2023-08-16T02:34:05Z,25.46,66.02,-1,0,28.96,101.94,556.00,1882.00,null,null,null
2023-08-16T02:35:05Z,25.46,65.93,-1,0,27.80,101.94,556.00,1882.00,2,2,2
2023-08-16T02:36:05Z,25.47,66.22,-1,0,31.37,101.94,556.00,1882.00,null,null,null
2023-08-16T02:37:05Z,25.47,65.86,-1,0,28.54,101.94,556.00,1882.00,null,null,null
2023-08-16T02:38:05Z,25.46,65.91,-1,0,28.45,101.94,556.00,1882.00,null,null,null
2023-08-16T02:39:05Z,25.47,66.09,-1,0,27.90,101.94,556.00,1882.00,null,null,null
2023-08-16T02:40:05Z,25.46,66.11,-1,0,28.95,101.94,567.00,1887.00,3,3,3
2023-08-16T02:41:05Z,25.47,66.07,-1,0,29.71,101.94,567.00,1887.00,null,null,null
2023-08-16T02:42:05Z,25.46,66.11,-1,0,28.73,101.95,567.00,1887.00,null,null,null
2023-08-16T02:43:05Z,25.46,66.13,-1,0,29.03,101.95,567.00,1887.00,null,null,null
2023-08-16T02:44:05Z,25.46,66.13,-1,0,27.87,101.95,567.00,1887.00,null,null,null
2023-08-16T02:45:05Z,25.47,66.08,-1,0,29.57,101.95,567.00,1887.00,0,0,0
2023-08-16T02:46:05Z,25.46,66.10,-1,0,29.33,101.95,567.00,1887.00,null,null,null
2023-08-16T02:47:05Z,25.46,66.06,-1,0,29.49,101.94,567.00,1887.00,null,null,null
2023-08-16T02:48:05Z,25.43,66.26,-1,0,28.17,101.95,567.00,1887.00,null,null,null
2023-08-16T02:49:05Z,25.41,66.10,-1,0,28.81,101.95,556.00,1882.00,null,null,null
2023-08-16T02:50:05Z,25.46,66.24,-1,0,28.92,101.95,567.00,1887.00,3,3,3
2023-08-16T02:51:05Z,25.48,66.50,-1,0,29.20,101.96,573.00,1892.00,null,null,null
2023-08-16T02:52:05Z,25.44,66.33,-1,0,28.25,101.95,567.00,1887.00,null,null,null
2023-08-16T02:53:05Z,25.46,66.16,-1,0,28.37,101.95,567.00,1887.00,null,null,null
2023-08-16T02:54:05Z,25.44,66.21,-1,0,28.73,101.95,573.00,1892.00,null,null,null
2023-08-16T02:55:05Z,25.43,66.01,-1,0,31.23,101.96,573.00,1892.00,1,1,1
2023-08-16T02:56:05Z,25.46,66.18,-1,0,28.22,101.96,573.00,1892.00,null,null,null
2023-08-16T02:57:05Z,25.43,66.10,-1,0,28.54,101.96,573.00,1892.00,null,null,null
2023-08-16T02:58:05Z,25.44,66.16,-1,0,28.95,101.96,573.00,1892.00,null,null,null
2023-08-16T02:59:05Z,25.46,66.26,-1,0,28.95,101.96,573.00,1892.00,null,null,null
