TIME,TEMP,HUM,BATT,LIGHT,NOISE_A,PRESS,CCS811_VOCS,CCS811_ECO2,PM_1,PM_25,PM_10
ISO 8601,C,%,%,Lux,dBA,kPa,ppb,ppm,ug/m3,ug/m3,ug/m3
Time,Temperature,Humidity,Battery,Light,Noise dBA,Barometric pressure,VOC Gas CCS811,eCO2 Gas CCS811,PM 1.0,PM 2.5,PM 10.0
,55,56,10,14,53,58,113,112,89,87,88
2023-09-06T00:00:05Z,26.91,60.39,-1,0,28.55,101.82,411.00,1767.00,7,7,7
2023-09-06T00:01:05Z,26.92,60.49,-1,0,30.19,101.82,400.00,1757.00,null,null,null
2023-09-06T00:02:05Z,26.95,60.37,-1,0,28.20,101.82,400.00,1757.00,null,null,null
2023-09-06T00:03:05Z,26.95,60.46,-1,0,28.06,101.82,411.00,1767.00,null,null,null
2023-09-06T00:04:05Z,26.95,60.54,-1,0,29.22,101.82,400.00,1757.00,null,null,null
2023-09-06T00:05:05Z,26.94,60.48,-1,0,28.40,101.82,400.00,1757.00,3,3,3
2023-09-06T00:06:05Z,26.95,60.51,-1,0,29.11,101.82,400.00,1757.00,null,null,null
2023-09-06T00:07:05Z,26.98,60.45,-1,0,30.10,101.82,400.00,1757.00,null,null,null
2023-09-06T00:08:05Z,26.95,60.57,-1,0,28.48,101.82,411.00,1767.00,null,null,null
2023-09-06T00:09:05Z,26.94,60.54,-1,0,28.83,101.82,411.00,1767.00,null,null,null
2023-09-06T00:10:05Z,26.95,60.62,-1,0,28.66,101.82,411.00,1767.00,10,14,14
2023-09-06T00:11:05Z,26.97,60.60,-1,0,28.15,101.81,400.00,1757.00,null,null,null
2023-09-06T00:12:05Z,26.98,60.46,-1,0,31.69,101.81,411.00,1767.00,null,null,null
2023-09-06T00:13:05Z,26.98,60.49,-1,0,31.84,101.82,411.00,1767.00,null,null,null
2023-09-06T00:14:05Z,26.97,60.49,-1,0,31.45,101.82,411.00,1767.00,null,null,null
2023-09-06T00:15:05Z,26.95,60.53,-1,0,29.28,101.82,411.00,1767.00,4,4,4
2023-09-06T00:16:05Z,26.97,60.60,-1,0,26.41,101.82,411.00,1767.00,null,null,null
2023-09-06T00:17:05Z,26.97,60.47,-1,0,27.97,101.82,411.00,1767.00,null,null,null
2023-09-06T00:18:05Z,26.97,60.52,-1,0,26.62,101.81,411.00,1767.00,null,null,null
2023-09-06T00:19:05Z,26.98,60.53,-1,0,27.32,101.82,411.00,1767.00,null,null,null
2023-09-06T00:20:05Z,26.97,60.57,-1,0,28.36,101.82,411.00,1767.00,9,12,16
2023-09-06T00:21:05Z,27.00,60.59,-1,0,27.87,101.81,418.00,1774.00,null,null,null
2023-09-06T00:22:05Z,26.98,60.54,-1,0,28.44,101.82,411.00,1767.00,null,null,null
2023-09-06T00:23:05Z,27.00,60.48,-1,0,28.42,101.82,418.00,1774.00,null,null,null
2023-09-06T00:24:05Z,27.01,60.60,-1,0,29.27,101.82,411.00,1767.00,null,null,null
2023-09-06T00:25:05Z,27.00,60.60,-1,0,28.98,101.82,418.00,1774.00,6,12,12
2023-09-06T00:26:05Z,27.04,60.51,-1,0,28.14,101.83,411.00,1767.00,null,null,null
2023-09-06T00:27:05Z,27.01,60.54,-1,0,29.22,101.83,418.00,1774.00,null,null,null
2023-09-06T00:28:05Z,27.01,60.59,-1,0,28.44,101.82,411.00,1767.00,null,null,null
2023-09-06T00:29:05Z,27.02,60.59,-1,0,28.52,101.82,418.00,1774.00,null,null,null
2023-09-06T00:30:05Z,27.01,60.55,-1,0,29.05,101.82,400.00,1757.00,6,9,9
2023-09-06T00:31:05Z,27.02,60.62,-1,0,27.40,101.82,418.00,1774.00,null,null,null
2023-09-06T00:32:05Z,27.02,60.43,-1,0,28.55,101.83,418.00,1774.00,null,null,null
2023-09-06T00:33:05Z,27.02,60.53,-1,0,27.68,101.83,411.00,1767.00,null,null,null
2023-09-06T00:34:05Z,27.05,60.54,-1,0,28.55,101.83,418.00,1774.00,null,null,null
2023-09-06T00:35:05Z,27.02,60.49,-1,0,27.89,101.82,411.00,1767.00,7,8,8
2023-09-06T00:36:05Z,27.02,60.61,-1,0,27.84,101.83,418.00,1774.00,null,null,null
2023-09-06T00:37:05Z,27.02,60.54,-1,0,27.34,101.82,411.00,1767.00,null,null,null
2023-09-06T00:38:05Z,27.04,60.50,-1,0,28.23,101.82,418.00,1774.00,null,null,null
2023-09-06T00:39:05Z,27.04,60.54,-1,0,28.81,101.82,411.00,1767.00,null,null,null
2023-09-06T00:40:05Z,27.01,60.58,-1,0,28.19,101.82,418.00,1774.00,9,10,10
2023-09-06T00:41:05Z,27.04,60.58,-1,0,28.48,101.82,418.00,1774.00,null,null,null
2023-09-06T00:42:05Z,27.04,60.57,-1,0,28.89,101.82,411.00,1767.00,null,null,null
2023-09-06T00:43:05Z,27.04,60.53,-1,0,28.19,101.82,411.00,1767.00,null,null,null
2023-09-06T00:44:05Z,27.04,60.59,-1,0,28.28,101.82,418.00,1774.00,null,null,null
2023-09-06T00:45:05Z,27.01,60.57,-1,0,27.96,101.82,411.00,1767.00,6,10,10
2023-09-06T00:46:05Z,27.01,60.62,-1,0,29.28,101.82,418.00,1774.00,null,null,null
2023-09-06T00:47:05Z,27.05,60.62,-1,0,30.57,101.82,411.00,1767.00,null,null,null
2023-09-06T00:48:05Z,27.04,60.57,-1,0,28.31,101.82,418.00,1774.00,null,null,null
2023-09-06T00:49:05Z,27.05,60.62,-1,0,28.44,101.82,411.00,1767.00,null,null,null
2023-09-06T00:50:05Z,27.01,60.61,-1,0,27.71,101.82,418.00,1774.00,7,7,7
2023-09-06T00:51:05Z,27.05,60.66,-1,0,29.47,101.82,418.00,1774.00,null,null,null
2023-09-06T00:52:05Z,27.02,60.52,-1,0,26.53,101.82,411.00,1767.00,null,null,null
2023-09-06T00:53:05Z,27.05,60.55,-1,0,28.33,101.82,411.00,1767.00,null,null,null
2023-09-06T00:54:05Z,27.04,60.59,-1,0,29.36,101.81,418.00,1774.00,null,null,null
2023-09-06T00:55:05Z,27.02,60.73,-1,0,28.34,101.82,418.00,1774.00,7,9,9
2023-09-06T00:56:05Z,27.04,60.65,-1,0,27.64,101.81,425.00,1778.00,null,null,null
2023-09-06T00:57:05Z,27.05,60.74,-1,0,28.77,101.81,418.00,1774.00,null,null,null
2023-09-06T00:58:05Z,27.05,60.65,-1,0,29.65,101.82,418.00,1774.00,null,null,null
2023-09-06T00:59:05Z,27.05,60.61,-1,0,36.81,101.82,425.00,1778.00,null,null,null
2023-09-06T01:00:05Z,27.05,60.74,-1,0,31.13,101.82,418.00,1774.00,10,12,12
2023-09-06T01:01:05Z,27.07,60.70,-1,0,38.74,101.83,418.00,1774.00,null,null,null
2023-09-06T01:02:05Z,27.05,60.74,-1,0,29.09,101.82,425.00,1778.00,null,null,null
2023-09-06T01:03:05Z,27.07,60.64,-1,0,29.71,101.82,425.00,1778.00,null,null,null
2023-09-06T01:04:05Z,27.07,60.69,-1,0,28.11,101.82,435.00,1787.00,null,null,null
2023-09-06T01:05:05Z,27.05,60.69,-1,0,28.60,101.82,425.00,1778.00,7,14,14
2023-09-06T01:06:05Z,27.08,60.64,-1,0,27.92,101.82,435.00,1787.00,null,null,null
2023-09-06T01:07:05Z,27.11,60.59,-1,0,27.66,101.82,435.00,1787.00,null,null,null
2023-09-06T01:08:05Z,27.07,60.68,-1,0,28.73,101.82,425.00,1778.00,null,null,null
2023-09-06T01:09:05Z,27.11,60.80,-1,0,27.45,101.82,435.00,1787.00,null,null,null
2023-09-06T01:10:05Z,27.09,60.80,-1,0,28.64,101.82,429.00,1782.00,7,7,7
2023-09-06T01:11:05Z,27.09,60.64,-1,0,27.38,101.82,420.00,1775.00,null,null,null
2023-09-06T01:12:05Z,27.09,60.79,-1,0,30.32,101.82,435.00,1787.00,null,null,null
2023-09-06T01:13:05Z,27.11,60.68,-1,0,29.13,101.82,429.00,1782.00,null,null,null
2023-09-06T01:14:05Z,27.09,60.72,-1,0,33.47,101.82,435.00,1787.00,null,null,null
2023-09-06T01:15:05Z,27.09,60.85,-1,0,32.95,101.82,435.00,1787.00,11,12,12
2023-09-06T01:16:05Z,27.11,62.17,-1,0,28.67,101.82,436.00,1788.00,null,null,null
2023-09-06T01:17:05Z,27.14,62.44,-1,0,30.98,101.82,427.00,1779.00,null,null,null
2023-09-06T01:18:05Z,27.11,62.62,-1,0,28.66,101.82,442.00,1793.00,null,null,null
2023-09-06T01:19:05Z,27.11,62.73,-1,0,29.18,101.82,450.00,1800.00,null,null,null
2023-09-06T01:20:05Z,27.12,62.83,-1,0,32.96,101.82,461.00,1810.00,4,8,8
2023-09-06T01:21:05Z,27.12,62.60,-1,0,31.54,101.82,463.00,1811.00,null,null,null
2023-09-06T01:22:05Z,27.12,62.71,-1,0,29.89,101.82,481.00,1825.00,null,null,null
2023-09-06T01:23:05Z,27.14,62.46,-1,0,29.57,101.81,481.00,1825.00,null,null,null
2023-09-06T01:24:05Z,27.14,62.58,-1,0,29.43,101.82,501.00,1839.00,null,null,null
2023-09-06T01:25:05Z,27.14,62.37,-1,0,29.08,101.82,507.00,1844.00,7,13,13
2023-09-06T01:26:05Z,27.17,62.49,-1,0,31.40,101.82,501.00,1839.00,null,null,null
2023-09-06T01:27:05Z,27.17,62.31,-1,0,31.59,101.82,501.00,1839.00,null,null,null
2023-09-06T01:28:05Z,27.15,62.20,-1,0,30.22,101.82,507.00,1844.00,null,null,null
2023-09-06T01:29:05Z,27.14,62.12,-1,0,31.64,101.82,523.00,1855.00,null,null,null
2023-09-06T01:30:05Z,27.12,61.99,-1,0,29.57,101.82,523.00,1855.00,10,12,12
2023-09-06T01:31:05Z,27.18,62.03,-1,0,32.20,101.82,523.00,1855.00,null,null,null
2023-09-06T01:32:05Z,27.17,61.91,-1,0,28.17,101.82,532.00,1862.00,null,null,null
2023-09-06T01:33:05Z,27.18,61.84,-1,0,31.60,101.82,547.00,1874.00,null,null,null
2023-09-06T01:34:05Z,27.17,61.78,-1,0,33.04,101.82,547.00,1874.00,null,null,null
2023-09-06T01:35:05Z,27.15,61.88,-1,0,30.32,101.82,532.00,1862.00,8,12,12
2023-09-06T01:36:05Z,27.18,61.79,-1,0,29.25,101.82,547.00,1874.00,null,null,null
2023-09-06T01:37:05Z,27.18,62.11,-1,0,30.07,101.82,532.00,1862.00,null,null,null
2023-09-06T01:38:05Z,27.17,61.86,-1,0,31.12,101.82,547.00,1874.00,null,null,null
2023-09-06T01:39:05Z,27.18,62.13,-1,0,31.63,101.82,547.00,1874.00,null,null,null
2023-09-06T01:40:05Z,27.17,61.71,-1,0,29.33,101.82,547.00,1874.00,10,15,15
2023-09-06T01:41:05Z,27.21,61.66,-1,0,31.38,101.82,552.00,1878.00,null,null,null
2023-09-06T01:42:05Z,27.19,61.77,-1,0,30.60,101.82,538.00,1866.00,null,null,null
2023-09-06T01:43:05Z,27.21,61.64,-1,0,29.32,101.82,547.00,1874.00,null,null,null
2023-09-06T01:44:05Z,27.19,61.69,-1,0,28.93,101.82,552.00,1878.00,null,null,null
2023-09-06T01:45:05Z,27.15,61.57,-1,0,32.03,101.82,564.00,1885.00,6,6,6
2023-09-06T01:46:05Z,27.21,61.62,-1,0,29.82,101.82,564.00,1885.00,null,null,null
2023-09-06T01:47:05Z,27.21,61.71,-1,0,33.42,101.82,564.00,1885.00,null,null,null
2023-09-06T01:48:05Z,27.19,61.45,-1,0,29.64,101.82,564.00,1885.00,null,null,null
2023-09-06T01:49:05Z,27.18,61.58,-1,0,31.56,101.82,579.00,1895.00,null,null,null
2023-09-06T01:50:05Z,27.18,61.69,-1,0,31.12,101.82,564.00,1885.00,10,10,13
2023-09-06T01:51:05Z,27.19,61.60,-1,0,28.99,101.82,564.00,1885.00,null,null,null
2023-09-06T01:52:05Z,27.19,61.40,-1,0,31.67,101.82,564.00,1885.00,null,null,null
2023-09-06T01:53:05Z,27.22,61.63,-1,0,30.30,101.82,564.00,1885.00,null,null,null
2023-09-06T01:54:05Z,27.19,61.40,-1,0,28.42,101.82,564.00,1885.00,null,null,null
2023-09-06T01:55:05Z,27.15,61.61,-1,0,33.12,101.81,552.00,1878.00,10,10,10
2023-09-06T01:56:05Z,27.18,61.49,-1,0,29.08,101.82,552.00,1878.00,null,null,null
2023-09-06T01:57:05Z,27.19,61.87,-1,0,29.99,101.82,538.00,1866.00,null,null,null
2023-09-06T01:58:05Z,27.17,60.82,-1,0,27.40,101.82,556.00,1882.00,null,null,null
2023-09-06T01:59:05Z,27.17,60.82,-1,0,29.00,101.82,545.00,1871.00,null,null,null
2023-09-06T02:00:05Z,27.15,60.90,-1,0,30.20,101.82,535.00,1863.00,11,15,15
2023-09-06T02:01:05Z,27.14,60.80,-1,0,31.32,101.83,507.00,1844.00,null,null,null
2023-09-06T02:02:05Z,27.18,60.91,-1,0,31.73,101.83,507.00,1844.00,null,null,null
2023-09-06T02:03:05Z,27.12,60.75,-1,0,30.87,101.83,498.00,1837.00,null,null,null
2023-09-06T02:04:05Z,27.12,60.80,-1,0,32.48,101.83,485.00,1828.00,null,null,null
2023-09-06T02:05:05Z,27.08,60.72,-1,0,31.26,101.83,485.00,1828.00,7,14,14
2023-09-06T02:06:05Z,27.11,60.60,-1,0,29.11,101.83,483.00,1827.00,null,null,null
2023-09-06T02:07:05Z,27.11,60.48,-1,0,28.83,101.84,483.00,1827.00,null,null,null
2023-09-06T02:08:05Z,27.08,60.55,-1,0,32.45,101.83,471.00,1817.00,null,null,null
2023-09-06T02:09:05Z,27.07,60.51,-1,0,31.74,101.83,471.00,1817.00,null,null,null
2023-09-06T02:10:05Z,27.08,60.69,-1,0,30.78,101.83,471.00,1817.00,8,10,10
2023-09-06T02:11:05Z,27.09,60.47,-1,0,29.94,101.83,454.00,1804.00,null,null,null
2023-09-06T02:12:05Z,27.08,60.55,-1,0,29.41,101.83,454.00,1804.00,null,null,null
2023-09-06T02:13:05Z,27.07,60.46,-1,0,30.93,101.82,454.00,1804.00,null,null,null
2023-09-06T02:14:05Z,27.07,60.57,-1,0,30.82,101.82,442.00,1793.00,null,null,null
2023-09-06T02:15:05Z,27.05,60.53,-1,0,30.60,101.82,442.00,1793.00,10,17,17
2023-09-06T02:16:05Z,27.08,60.48,-1,0,31.00,101.83,442.00,1793.00,null,null,null
2023-09-06T02:17:05Z,27.07,60.65,-1,0,34.66,101.84,442.00,1793.00,null,null,null
2023-09-06T02:18:05Z,27.08,60.55,-1,0,33.15,101.83,442.00,1793.00,null,null,null
2023-09-06T02:19:05Z,27.08,60.57,-1,0,32.36,101.83,442.00,1793.00,null,null,null
2023-09-06T02:20:05Z,27.04,60.60,-1,0,32.24,101.83,442.00,1793.00,10,12,12
2023-09-06T02:21:05Z,27.05,60.45,-1,0,27.94,101.84,435.00,1787.00,null,null,null
2023-09-06T02:22:05Z,27.09,60.60,-1,0,29.98,101.84,442.00,1793.00,null,null,null
2023-09-06T02:23:05Z,27.05,60.55,-1,0,28.85,101.83,454.00,1804.00,null,null,null
2023-09-06T02:24:05Z,27.08,60.40,-1,0,31.17,101.84,442.00,1793.00,null,null,null
2023-09-06T02:25:05Z,27.04,60.29,-1,0,29.30,101.84,435.00,1787.00,6,8,8
2023-09-06T02:26:05Z,27.04,60.37,-1,0,32.63,101.84,435.00,1787.00,null,null,null
2023-09-06T02:27:05Z,27.07,60.30,-1,0,30.57,101.84,418.00,1774.00,null,null,null
2023-09-06T02:28:05Z,27.04,60.36,-1,0,32.46,101.84,425.00,1778.00,null,null,null
2023-09-06T02:29:05Z,27.04,60.48,-1,0,32.67,101.84,435.00,1787.00,null,null,null
2023-09-06T02:30:05Z,27.02,60.38,-1,0,29.22,101.85,425.00,1778.00,8,9,9
2023-09-06T02:31:05Z,27.04,60.33,-1,0,30.13,101.84,418.00,1774.00,null,null,null
2023-09-06T02:32:05Z,27.02,60.39,-1,0,30.32,101.85,418.00,1774.00,null,null,null
2023-09-06T02:33:05Z,27.04,60.35,-1,0,30.74,101.84,425.00,1778.00,null,null,null
2023-09-06T02:34:05Z,27.00,60.34,-1,0,29.73,101.84,411.00,1767.00,null,null,null
2023-09-06T02:35:05Z,27.02,60.40,-1,0,30.45,101.84,425.00,1778.00,10,11,11
2023-09-06T02:36:05Z,27.04,60.29,-1,0,31.07,101.84,411.00,1767.00,null,null,null
2023-09-06T02:37:05Z,27.02,60.34,-1,0,29.57,101.84,411.00,1767.00,null,null,null
2023-09-06T02:38:05Z,27.01,60.30,-1,0,29.28,101.84,418.00,1774.00,null,null,null
2023-09-06T02:39:05Z,27.01,60.16,-1,0,30.01,101.84,400.00,1757.00,null,null,null
2023-09-06T02:40:05Z,27.00,60.40,-1,0,29.67,101.84,415.00,1771.00,10,12,12
2023-09-06T02:41:05Z,27.00,60.30,-1,0,30.24,101.84,411.00,1767.00,null,null,null
2023-09-06T02:42:05Z,27.00,60.33,-1,0,29.90,101.84,418.00,1774.00,null,null,null
2023-09-06T02:43:05Z,27.01,60.22,-1,0,31.45,101.84,400.00,1757.00,null,null,null
2023-09-06T02:44:05Z,26.97,60.29,-1,0,30.78,101.84,422.00,1775.00,null,null,null
2023-09-06T02:45:05Z,26.98,60.34,-1,0,31.24,101.84,411.00,1767.00,7,10,10
2023-09-06T02:46:05Z,26.98,60.29,-1,0,29.71,101.84,411.00,1767.00,null,null,null
2023-09-06T02:47:05Z,27.01,60.64,-1,0,31.72,101.84,411.00,1767.00,null,null,null
2023-09-06T02:48:05Z,26.97,60.25,-1,0,29.97,101.84,411.00,1767.00,null,null,null
2023-09-06T02:49:05Z,26.97,60.48,-1,0,32.29,101.84,400.00,1757.00,null,null,null
2023-09-06T02:50:05Z,26.97,60.24,-1,0,30.62,101.84,392.00,1752.00,12,15,15
2023-09-06T02:51:05Z,26.98,60.26,-1,0,30.15,101.84,396.00,1756.00,null,null,null
2023-09-06T02:52:05Z,26.97,60.33,-1,0,30.36,101.84,400.00,1757.00,null,null,null
2023-09-06T02:53:05Z,26.97,60.32,-1,0,31.01,101.84,386.00,1746.00,null,null,null
2023-09-06T02:54:05Z,26.95,60.35,-1,0,30.72,101.84,411.00,1767.00,null,null,null
2023-09-06T02:55:05Z,26.94,60.97,-1,0,29.94,101.84,400.00,1757.00,6,9,9
2023-09-06T02:56:05Z,26.98,60.40,-1,0,29.49,101.84,387.00,1747.00,null,null,null
2023-09-06T02:57:05Z,26.94,60.26,-1,0,32.27,101.84,392.00,1752.00,null,null,null
2023-09-06T02:58:05Z,26.92,60.37,-1,0,28.92,101.84,392.00,1752.00,null,null,null
2023-09-06T02:59:05Z,26.91,60.32,-1,0,31.09,101.84,400.00,1757.00,null,null,null
