TIME,TEMP,HUM,BATT,LIGHT,NOISE_A,PRESS,CCS811_VOCS,CCS811_ECO2,PM_1,PM_25,PM_10
ISO 8601,C,%,%,Lux,dBA,kPa,ppb,ppm,ug/m3,ug/m3,ug/m3
Time,Temperature,Humidity,Battery,Light,Noise dBA,Barometric pressure,VOC Gas CCS811,eCO2 Gas CCS811,PM 1.0,PM 2.5,PM 10.0
,55,56,10,14,53,58,113,112,89,87,88
2023-08-23T00:00:05Z,25.68,58.71,-1,0,28.77,102.08,342.00,1704.00,2,4,4
2023-08-23T00:01:05Z,25.73,58.96,-1,0,43.54,102.08,341.00,1703.00,null,null,null
2023-08-23T00:02:05Z,25.73,58.98,-1,0,42.49,102.08,332.00,1694.00,null,null,null
2023-08-23T00:03:05Z,25.74,58.81,-1,0,27.94,102.08,332.00,1694.00,null,null,null
2023-08-23T00:04:05Z,25.73,58.93,-1,0,29.78,102.08,337.00,1699.00,null,null,null
2023-08-23T00:05:05Z,25.70,58.76,-1,0,32.51,102.08,337.00,1699.00,1,2,2
2023-08-23T00:06:05Z,25.71,58.68,-1,0,48.37,102.08,332.00,1694.00,null,null,null
2023-08-23T00:07:05Z,25.73,58.76,-1,0,32.05,102.09,335.00,1696.00,null,null,null
2023-08-23T00:08:05Z,25.73,58.93,-1,0,39.76,102.09,332.00,1694.00,null,null,null
2023-08-23T00:09:05Z,25.74,58.74,-1,0,29.69,102.09,327.00,1689.00,null,null,null
2023-08-23T00:10:05Z,25.73,58.76,-1,0,34.07,102.09,325.00,1686.00,2,2,2
2023-08-23T00:11:05Z,25.73,58.84,-1,0,39.42,102.10,322.00,1683.00,null,null,null
2023-08-23T00:12:05Z,25.73,58.79,-1,0,29.74,102.09,327.00,1689.00,null,null,null
2023-08-23T00:13:05Z,25.75,58.87,-1,0,35.11,102.10,327.00,1689.00,null,null,null
2023-08-23T00:14:05Z,25.75,58.97,-1,0,36.77,102.11,291.00,1651.00,null,null,null
2023-08-23T00:15:05Z,25.71,58.96,-1,0,28.78,102.11,296.00,1657.00,3,3,3
2023-08-23T00:16:05Z,25.75,59.09,-1,0,43.42,102.11,315.00,1677.00,null,null,null
2023-08-23T00:17:05Z,25.74,58.99,-1,0,29.20,102.11,285.00,1644.00,null,null,null
2023-08-23T00:18:05Z,25.71,59.01,-1,0,33.59,102.11,322.00,1683.00,null,null,null
2023-08-23T00:19:05Z,25.74,58.85,-1,0,29.42,102.11,315.00,1677.00,null,null,null
2023-08-23T00:20:05Z,25.71,59.23,-1,0,33.48,102.11,311.00,1672.00,1,1,1
2023-08-23T00:21:05Z,25.73,59.06,-1,0,28.67,102.11,311.00,1672.00,null,null,null
2023-08-23T00:22:05Z,25.73,58.78,-1,0,33.61,102.11,300.00,1661.00,null,null,null
2023-08-23T00:23:05Z,25.71,58.92,-1,0,34.41,102.10,296.00,1657.00,null,null,null
2023-08-23T00:24:05Z,25.71,59.15,-1,0,36.58,102.10,300.00,1661.00,null,null,null
2023-08-23T00:25:05Z,25.71,58.95,-1,0,36.45,102.10,296.00,1657.00,0,1,1
2023-08-23T00:26:05Z,25.75,58.81,-1,0,28.80,102.10,289.00,1650.00,null,null,null
2023-08-23T00:27:05Z,25.74,59.03,-1,0,28.99,102.10,267.00,1624.00,null,null,null
2023-08-23T00:28:05Z,25.74,58.92,-1,0,27.59,102.10,300.00,1661.00,null,null,null
2023-08-23T00:29:05Z,25.74,58.83,-1,0,33.90,102.10,296.00,1657.00,null,null,null
2023-08-23T00:30:05Z,25.73,58.76,-1,0,32.18,102.10,289.00,1650.00,2,2,2
2023-08-23T00:31:05Z,25.75,58.98,-1,0,29.50,102.10,289.00,1650.00,null,null,null
2023-08-23T00:32:05Z,25.77,58.90,-1,0,27.14,102.10,261.00,1616.00,null,null,null
2023-08-23T00:33:05Z,25.75,58.68,-1,0,29.60,102.10,254.00,1608.00,null,null,null
2023-08-23T00:34:05Z,25.73,58.68,-1,0,27.59,102.11,256.00,1611.00,null,null,null
2023-08-23T00:35:05Z,25.73,58.76,-1,0,28.81,102.10,288.00,1648.00,3,3,3
2023-08-23T00:36:05Z,25.74,58.66,-1,0,29.20,102.11,276.00,1633.00,null,null,null
2023-08-23T00:37:05Z,25.78,58.58,-1,0,29.40,102.11,284.00,1642.00,null,null,null
2023-08-23T00:38:05Z,25.80,58.59,-1,0,28.89,102.11,245.00,1599.00,null,null,null
2023-08-23T00:39:05Z,25.77,58.52,-1,0,28.33,102.11,252.00,1607.00,null,null,null
2023-08-23T00:40:05Z,25.75,58.64,-1,0,28.58,102.11,245.00,1599.00,0,0,0
2023-08-23T00:41:05Z,25.77,58.41,-1,0,28.68,102.11,242.00,1595.00,null,null,null
2023-08-23T00:42:05Z,25.77,58.23,-1,0,28.36,102.11,234.00,1587.00,null,null,null
2023-08-23T00:43:05Z,25.77,58.50,-1,0,28.78,102.11,237.00,1591.00,null,null,null
2023-08-23T00:44:05Z,25.77,58.15,-1,0,29.69,102.11,234.00,1587.00,null,null,null
2023-08-23T00:45:05Z,25.74,58.27,-1,0,33.56,102.12,237.00,1591.00,2,2,2
2023-08-23T00:46:05Z,25.77,58.23,-1,0,31.12,102.12,253.00,1607.00,null,null,null
2023-08-23T00:47:05Z,25.75,58.16,-1,0,31.84,102.12,230.00,1582.00,null,null,null
2023-08-23T00:48:05Z,25.77,58.10,-1,0,31.28,102.12,217.00,1563.00,null,null,null
2023-08-23T00:49:05Z,25.75,58.12,-1,0,30.04,102.12,214.00,1559.00,null,null,null
2023-08-23T00:50:05Z,25.77,58.04,-1,0,29.12,102.13,210.00,1556.00,2,2,2
2023-08-23T00:51:05Z,25.78,57.62,-1,0,29.11,102.13,199.00,1540.00,null,null,null
2023-08-23T00:52:05Z,25.75,57.94,-1,0,28.71,102.13,207.00,1551.00,null,null,null
2023-08-23T00:53:05Z,25.75,58.01,-1,0,29.35,102.13,199.00,1540.00,null,null,null
2023-08-23T00:54:05Z,25.75,58.02,-1,0,29.13,102.13,199.00,1540.00,null,null,null
2023-08-23T00:55:05Z,25.77,58.17,-1,0,29.72,102.13,193.00,1532.00,2,2,2
2023-08-23T00:56:05Z,25.74,58.09,-1,0,28.76,102.13,199.00,1540.00,null,null,null
2023-08-23T00:57:05Z,25.77,57.82,-1,0,29.09,102.12,216.00,1562.00,null,null,null
2023-08-23T00:58:05Z,25.80,57.97,-1,0,30.30,102.12,191.00,1528.00,null,null,null
2023-08-23T00:59:05Z,25.75,58.02,-1,0,29.99,102.12,184.00,1518.00,null,null,null
2023-08-23T01:00:05Z,25.73,57.65,-1,0,28.55,102.12,181.00,1514.00,1,2,2
2023-08-23T01:01:05Z,25.74,57.84,-1,0,30.08,102.11,205.00,1547.00,null,null,null
2023-08-23T01:02:05Z,25.75,57.92,-1,0,27.51,102.12,202.00,1543.00,null,null,null
2023-08-23T01:03:05Z,25.75,57.93,-1,0,29.17,102.11,181.00,1514.00,null,null,null
2023-08-23T01:04:05Z,25.75,58.00,-1,0,28.58,102.12,174.00,1503.00,null,null,null
2023-08-23T01:05:05Z,25.77,58.06,-1,0,27.59,102.11,174.00,1503.00,2,2,2
2023-08-23T01:06:05Z,25.75,57.99,-1,0,28.22,102.12,174.00,1503.00,null,null,null
2023-08-23T01:07:05Z,25.77,57.91,-1,0,29.61,102.12,174.00,1503.00,null,null,null
2023-08-23T01:08:05Z,25.77,57.97,-1,0,28.15,102.11,171.00,1499.00,null,null,null
2023-08-23T01:09:05Z,25.74,58.01,-1,0,27.96,102.11,174.00,1503.00,null,null,null
2023-08-23T01:10:05Z,25.75,58.01,-1,0,27.49,102.11,194.00,1533.00,1,1,1
2023-08-23T01:11:05Z,25.77,58.08,-1,0,31.48,102.11,168.00,1495.00,null,null,null
2023-08-23T01:12:05Z,25.78,58.04,-1,0,30.28,102.11,168.00,1495.00,null,null,null
2023-08-23T01:13:05Z,25.78,58.03,-1,0,27.44,102.11,174.00,1503.00,null,null,null
2023-08-23T01:14:05Z,25.75,58.00,-1,0,28.99,102.11,174.00,1503.00,null,null,null
2023-08-23T01:15:05Z,25.77,57.99,-1,0,29.71,102.10,174.00,1503.00,0,0,0
2023-08-23T01:16:05Z,25.75,57.92,-1,0,28.89,102.11,168.00,1495.00,null,null,null
2023-08-23T01:17:05Z,25.77,58.06,-1,0,29.13,102.11,171.00,1499.00,null,null,null
2023-08-23T01:18:05Z,25.77,57.96,-1,0,28.73,102.11,165.00,1487.00,null,null,null
2023-08-23T01:19:05Z,25.75,58.07,-1,0,27.82,102.11,165.00,1487.00,null,null,null
2023-08-23T01:20:05Z,25.73,58.01,-1,0,27.32,102.11,163.00,1470.00,2,2,7
2023-08-23T01:21:05Z,25.75,58.11,-1,0,28.07,102.11,182.00,1516.00,null,null,null
2023-08-23T01:22:05Z,25.78,58.09,-1,0,28.55,102.11,168.00,1495.00,null,null,null
2023-08-23T01:23:05Z,25.77,58.08,-1,0,28.09,102.11,168.00,1495.00,null,null,null
2023-08-23T01:24:05Z,25.75,58.05,-1,0,27.62,102.10,163.00,1470.00,null,null,null
2023-08-23T01:25:05Z,25.75,57.97,-1,0,28.60,102.10,163.00,1470.00,0,0,0
2023-08-23T01:26:05Z,25.73,57.96,-1,0,29.96,102.10,163.00,1470.00,null,null,null
2023-08-23T01:27:05Z,25.75,58.03,-1,0,29.30,102.10,182.00,1516.00,null,null,null
2023-08-23T01:28:05Z,25.75,57.91,-1,0,27.71,102.10,163.00,1470.00,null,null,null
2023-08-23T01:29:05Z,25.75,58.05,-1,0,27.73,102.09,163.00,1470.00,null,null,null
2023-08-23T01:30:05Z,25.77,58.01,-1,0,27.77,102.09,163.00,1470.00,1,1,1
2023-08-23T01:31:05Z,25.75,58.04,-1,0,26.99,102.09,163.00,1470.00,null,null,null
2023-08-23T01:32:05Z,25.75,58.00,-1,0,27.18,102.09,163.00,1470.00,null,null,null
2023-08-23T01:33:05Z,25.80,57.97,-1,0,30.54,102.09,160.00,1453.00,null,null,null
2023-08-23T01:34:05Z,25.75,58.04,-1,0,27.57,102.10,160.00,1453.00,null,null,null
2023-08-23T01:35:05Z,25.73,58.07,-1,0,28.42,102.09,160.00,1453.00,3,3,3
2023-08-23T01:36:05Z,25.77,58.05,-1,0,30.09,102.09,179.00,1512.00,null,null,null
2023-08-23T01:37:05Z,25.77,58.05,-1,0,29.48,102.09,163.00,1470.00,null,null,null
2023-08-23T01:38:05Z,25.77,58.08,-1,0,27.97,102.08,160.00,1453.00,null,null,null
2023-08-23T01:39:05Z,25.74,58.02,-1,0,28.83,102.08,160.00,1453.00,null,null,null
2023-08-23T01:40:05Z,25.74,58.05,-1,0,30.32,102.08,179.00,1512.00,2,2,2
2023-08-23T01:41:05Z,25.73,58.02,-1,0,28.51,102.09,174.00,1503.00,null,null,null
2023-08-23T01:42:05Z,25.77,58.04,-1,0,28.02,102.08,179.00,1512.00,null,null,null
2023-08-23T01:43:05Z,25.74,58.05,-1,0,27.71,102.08,160.00,1453.00,null,null,null
2023-08-23T01:44:05Z,25.74,58.05,-1,0,28.37,102.08,179.00,1512.00,null,null,null
2023-08-23T01:45:05Z,25.74,58.06,-1,0,28.92,102.08,174.00,1503.00,1,1,1
2023-08-23T01:46:05Z,25.75,58.00,-1,0,28.76,102.08,177.00,1507.00,null,null,null
2023-08-23T01:47:05Z,25.74,57.97,-1,0,28.76,102.08,157.00,1432.00,null,null,null
2023-08-23T01:48:05Z,25.75,58.02,-1,0,29.57,102.08,174.00,1503.00,null,null,null
2023-08-23T01:49:05Z,25.74,57.85,-1,0,29.08,102.08,157.00,1432.00,null,null,null
2023-08-23T01:50:05Z,25.74,57.86,-1,0,28.93,102.08,174.00,1503.00,2,2,2
2023-08-23T01:51:05Z,25.75,57.86,-1,0,29.63,102.08,171.00,1499.00,null,null,null
2023-08-23T01:52:05Z,25.77,57.84,-1,0,27.92,102.09,154.00,1416.00,null,null,null
2023-08-23T01:53:05Z,25.74,57.81,-1,0,29.60,102.09,154.00,1416.00,null,null,null
2023-08-23T01:54:05Z,25.75,57.86,-1,0,28.67,102.09,174.00,1503.00,null,null,null
2023-08-23T01:55:05Z,25.74,57.85,-1,0,28.93,102.09,150.00,1385.00,2,2,2
2023-08-23T01:56:05Z,25.71,57.81,-1,0,28.96,102.09,168.00,1495.00,null,null,null
2023-08-23T01:57:05Z,25.73,57.81,-1,0,28.66,102.09,171.00,1499.00,null,null,null
2023-08-23T01:58:05Z,25.73,57.82,-1,0,29.47,102.09,166.00,1491.00,null,null,null
2023-08-23T01:59:05Z,25.73,57.82,-1,0,29.35,102.09,166.00,1491.00,null,null,null
2023-08-23T02:00:05Z,25.71,57.84,-1,0,28.44,102.08,166.00,1491.00,1,1,1
2023-08-23T02:01:05Z,25.70,57.85,-1,0,29.20,102.08,166.00,1491.00,null,null,null
2023-08-23T02:02:05Z,25.74,57.84,-1,0,27.90,102.08,166.00,1491.00,null,null,null
2023-08-23T02:03:05Z,25.74,57.85,-1,0,28.28,102.08,166.00,1491.00,null,null,null
2023-08-23T02:04:05Z,25.74,57.77,-1,0,28.44,102.08,166.00,1491.00,null,null,null
2023-08-23T02:05:05Z,25.73,57.78,-1,0,28.60,102.08,166.00,1491.00,0,0,0
2023-08-23T02:06:05Z,25.73,57.81,-1,0,29.03,102.08,166.00,1491.00,null,null,null
2023-08-23T02:07:05Z,25.71,57.80,-1,0,27.49,102.08,166.00,1491.00,null,null,null
2023-08-23T02:08:05Z,25.74,57.74,-1,0,29.09,102.08,166.00,1491.00,null,null,null
2023-08-23T02:09:05Z,25.71,57.77,-1,0,28.04,102.08,168.00,1495.00,null,null,null
2023-08-23T02:10:05Z,25.71,57.77,-1,0,28.22,102.08,163.00,1470.00,1,1,1
2023-08-23T02:11:05Z,25.73,57.76,-1,0,28.39,102.09,168.00,1495.00,null,null,null
2023-08-23T02:12:05Z,25.73,57.74,-1,0,26.95,102.08,166.00,1491.00,null,null,null
2023-08-23T02:13:05Z,25.71,57.76,-1,0,28.25,102.08,165.00,1487.00,null,null,null
2023-08-23T02:14:05Z,25.70,57.74,-1,0,28.22,102.08,166.00,1491.00,null,null,null
2023-08-23T02:15:05Z,25.68,57.73,-1,0,28.68,102.08,168.00,1495.00,0,0,0
2023-08-23T02:16:05Z,25.70,57.78,-1,0,28.20,102.07,168.00,1495.00,null,null,null
2023-08-23T02:17:05Z,25.70,57.73,-1,0,28.67,102.07,168.00,1495.00,null,null,null
2023-08-23T02:18:05Z,25.71,57.78,-1,0,28.02,102.07,168.00,1495.00,null,null,null
2023-08-23T02:19:05Z,25.70,57.77,-1,0,29.90,102.07,166.00,1491.00,null,null,null
2023-08-23T02:20:05Z,25.68,57.78,-1,0,30.37,102.07,166.00,1491.00,0,0,0
2023-08-23T02:21:05Z,25.68,57.83,-1,0,27.34,102.07,168.00,1495.00,null,null,null
2023-08-23T02:22:05Z,25.71,57.78,-1,0,27.99,102.07,163.00,1470.00,null,null,null
2023-08-23T02:23:05Z,25.70,57.81,-1,0,27.78,102.07,166.00,1491.00,null,null,null
2023-08-23T02:24:05Z,25.65,57.75,-1,0,28.80,102.08,166.00,1491.00,null,null,null
2023-08-23T02:25:05Z,25.70,57.84,-1,0,27.44,102.08,166.00,1491.00,1,1,1
2023-08-23T02:26:05Z,25.71,57.91,-1,0,28.57,102.08,166.00,1491.00,null,null,null
2023-08-23T02:27:05Z,25.71,57.91,-1,0,28.89,102.08,166.00,1491.00,null,null,null
2023-08-23T02:28:05Z,25.73,57.88,-1,0,29.71,102.08,166.00,1491.00,null,null,null
2023-08-23T02:29:05Z,25.67,57.95,-1,0,28.04,102.08,166.00,1491.00,null,null,null
2023-08-23T02:30:05Z,25.67,57.94,-1,0,26.89,102.08,166.00,1491.00,1,2,2
2023-08-23T02:31:05Z,25.70,57.99,-1,0,28.06,102.08,166.00,1491.00,null,null,null
2023-08-23T02:32:05Z,25.70,57.96,-1,0,28.54,102.08,166.00,1491.00,null,null,null
2023-08-23T02:33:05Z,25.70,57.92,-1,0,29.05,102.09,166.00,1491.00,null,null,null
2023-08-23T02:34:05Z,25.70,57.98,-1,0,28.37,102.08,166.00,1491.00,null,null,null
2023-08-23T02:35:05Z,25.67,58.01,-1,0,28.19,102.08,166.00,1491.00,4,4,4
2023-08-23T02:36:05Z,25.70,57.95,-1,0,28.78,102.08,166.00,1491.00,null,null,null
2023-08-23T02:37:05Z,25.68,57.90,-1,0,29.21,102.08,166.00,1491.00,null,null,null
2023-08-23T02:38:05Z,25.67,57.90,-1,0,28.66,102.08,166.00,1491.00,null,null,null
2023-08-23T02:39:05Z,25.68,57.92,-1,0,27.90,102.08,166.00,1491.00,null,null,null
2023-08-23T02:40:05Z,25.64,57.96,-1,0,27.87,102.08,166.00,1491.00,1,1,1
2023-08-23T02:41:05Z,25.65,57.93,-1,0,29.43,102.07,166.00,1491.00,null,null,null
2023-08-23T02:42:05Z,25.68,57.90,-1,0,28.67,102.08,166.00,1491.00,null,null,null
2023-08-23T02:43:05Z,25.65,57.94,-1,0,28.55,102.07,166.00,1491.00,null,null,null
2023-08-23T02:44:05Z,25.68,57.90,-1,0,28.19,102.08,163.00,1470.00,null,null,null
2023-08-23T02:45:05Z,25.65,57.87,-1,0,29.27,102.07,160.00,1453.00,2,2,2
2023-08-23T02:46:05Z,25.67,57.92,-1,0,28.31,102.08,166.00,1491.00,null,null,null
2023-08-23T02:47:05Z,25.67,57.91,-1,0,27.62,102.08,166.00,1491.00,null,null,null
2023-08-23T02:48:05Z,25.68,57.89,-1,0,27.42,102.08,166.00,1491.00,null,null,null
2023-08-23T02:49:05Z,25.65,57.92,-1,0,29.07,102.08,166.00,1491.00,null,null,null
2023-08-23T02:50:05Z,25.64,57.93,-1,0,28.17,102.08,166.00,1491.00,2,2,2
2023-08-23T02:51:05Z,25.65,57.94,-1,0,29.33,102.08,163.00,1470.00,null,null,null
2023-08-23T02:52:05Z,25.65,57.89,-1,0,28.92,102.08,160.00,1453.00,null,null,null
2023-08-23T02:53:05Z,25.65,57.88,-1,0,28.17,102.09,166.00,1491.00,null,null,null
2023-08-23T02:54:05Z,25.64,57.91,-1,0,28.99,102.08,166.00,1491.00,null,null,null
2023-08-23T02:55:05Z,25.65,57.94,-1,0,29.54,102.08,163.00,1470.00,0,0,0
2023-08-23T02:56:05Z,25.63,57.93,-1,0,34.03,102.08,160.00,1453.00,null,null,null
2023-08-23T02:57:05Z,25.64,57.88,-1,0,28.67,102.08,166.00,1491.00,null,null,null
2023-08-23T02:58:05Z,25.65,57.94,-1,0,29.46,102.08,166.00,1491.00,null,null,null
2023-08-23T02:59:05Z,25.61,57.93,-1,0,29.18,102.09,163.00,1470.00,null,null,null
