TIME,TEMP,HUM,BATT,LIGHT,NOISE_A,PRESS,CCS811_VOCS,CCS811_ECO2,PM_1,PM_25,PM_10
ISO 8601,C,%,%,Lux,dBA,kPa,ppb,ppm,ug/m3,ug/m3,ug/m3
Time,Temperature,Humidity,Battery,Light,Noise dBA,Barometric pressure,VOC Gas CCS811,eCO2 Gas CCS811,PM 1.0,PM 2.5,PM 10.0
,55,56,10,14,53,58,113,112,89,87,88
2023-08-09T00:00:34Z,22.80,68.62,-1,0,27.71,101.47,56.00,772.00,5,6,6
2023-08-09T00:01:34Z,22.83,68.62,-1,0,27.44,101.47,55.00,763.00,null,null,null
2023-08-09T00:02:34Z,22.83,68.57,-1,0,27.97,101.47,56.00,772.00,null,null,null
2023-08-09T00:03:34Z,22.83,68.55,-1,0,27.38,101.47,55.00,763.00,null,null,null
2023-08-09T00:04:34Z,22.83,68.56,-1,0,29.07,101.46,55.00,763.00,null,null,null
2023-08-09T00:05:34Z,22.81,68.59,-1,0,28.39,101.47,56.00,772.00,3,3,3
2023-08-09T00:06:34Z,22.84,68.61,-1,0,27.36,101.47,53.00,754.00,null,null,null
2023-08-09T00:07:34Z,22.83,68.53,-1,0,28.20,101.47,56.00,772.00,null,null,null
2023-08-09T00:08:34Z,22.84,68.50,-1,0,29.26,101.47,55.00,763.00,null,null,null
2023-08-09T00:09:34Z,22.81,68.51,-1,0,27.04,101.47,56.00,772.00,null,null,null
2023-08-09T00:10:34Z,22.81,68.54,-1,0,27.64,101.47,55.00,763.00,2,3,3
2023-08-09T00:11:34Z,22.81,68.53,-1,0,28.09,101.46,55.00,763.00,null,null,null
2023-08-09T00:12:34Z,22.84,68.48,-1,0,27.47,101.47,53.00,754.00,null,null,null
2023-08-09T00:13:34Z,22.83,68.41,-1,0,27.62,101.47,53.00,754.00,null,null,null
2023-08-09T00:14:34Z,22.83,68.37,-1,0,28.67,101.47,56.00,772.00,null,null,null
2023-08-09T00:15:34Z,22.81,68.44,-1,0,28.27,101.47,53.00,754.00,0,0,0
2023-08-09T00:16:34Z,22.86,68.46,-1,0,27.75,101.47,53.00,754.00,null,null,null
2023-08-09T00:17:34Z,22.83,68.40,-1,0,28.54,101.47,53.00,754.00,null,null,null
2023-08-09T00:18:34Z,22.83,68.34,-1,0,27.49,101.48,53.00,754.00,null,null,null
2023-08-09T00:19:34Z,22.81,68.37,-1,0,28.04,101.47,55.00,763.00,null,null,null
2023-08-09T00:20:34Z,22.80,68.38,-1,0,27.90,101.47,53.00,754.00,0,5,5
2023-08-09T00:21:34Z,22.84,68.39,-1,0,26.89,101.47,52.00,746.00,null,null,null
2023-08-09T00:22:34Z,22.84,68.32,-1,0,29.23,101.47,53.00,754.00,null,null,null
2023-08-09T00:23:34Z,22.86,68.30,-1,0,27.90,101.47,55.00,763.00,null,null,null
2023-08-09T00:24:34Z,22.81,68.32,-1,0,27.92,101.47,52.00,746.00,null,null,null
2023-08-09T00:25:34Z,22.81,68.31,-1,0,27.55,101.47,55.00,763.00,4,4,4
2023-08-09T00:26:34Z,22.84,68.31,-1,0,27.68,101.47,53.00,754.00,null,null,null
2023-08-09T00:27:34Z,22.84,68.28,-1,0,28.40,101.47,52.00,746.00,null,null,null
2023-08-09T00:28:34Z,22.84,68.20,-1,0,28.07,101.47,53.00,754.00,null,null,null
2023-08-09T00:29:34Z,22.81,68.20,-1,0,27.34,101.46,54.00,761.00,null,null,null
2023-08-09T00:30:34Z,22.79,68.24,-1,0,26.93,101.47,54.00,761.00,4,6,6
2023-08-09T00:31:34Z,22.83,68.33,-1,0,27.77,101.47,52.00,742.00,null,null,null
2023-08-09T00:32:34Z,22.80,68.20,-1,0,28.36,101.47,53.00,754.00,null,null,null
2023-08-09T00:33:34Z,22.81,68.21,-1,0,30.45,101.47,52.00,742.00,null,null,null
2023-08-09T00:34:34Z,22.80,68.25,-1,0,27.82,101.48,53.00,752.00,null,null,null
2023-08-09T00:35:34Z,22.80,68.20,-1,0,35.58,101.48,53.00,754.00,2,4,9
2023-08-09T00:36:34Z,22.83,68.17,-1,0,28.19,101.48,52.00,742.00,null,null,null
2023-08-09T00:37:34Z,22.80,68.19,-1,0,29.31,101.48,52.00,742.00,null,null,null
2023-08-09T00:38:34Z,22.83,68.17,-1,0,28.96,101.48,54.00,761.00,null,null,null
2023-08-09T00:39:34Z,22.79,68.18,-1,0,27.08,101.48,53.00,752.00,null,null,null
2023-08-09T00:40:34Z,22.81,68.18,-1,0,29.17,101.48,54.00,761.00,2,2,2
2023-08-09T00:41:34Z,22.81,68.20,-1,0,27.66,101.48,53.00,752.00,null,null,null
2023-08-09T00:42:34Z,22.81,68.12,-1,0,27.60,101.47,53.00,752.00,null,null,null
2023-08-09T00:43:34Z,22.80,68.12,-1,0,27.45,101.47,52.00,742.00,null,null,null
2023-08-09T00:44:34Z,22.77,68.30,-1,0,28.39,101.48,52.00,742.00,null,null,null
2023-08-09T00:45:34Z,22.80,68.27,-1,0,28.20,101.48,52.00,746.00,1,1,1
2023-08-09T00:46:34Z,22.80,68.27,-1,0,27.51,101.47,49.00,728.00,null,null,null
2023-08-09T00:47:34Z,22.80,68.26,-1,0,27.77,101.47,51.00,735.00,null,null,null
2023-08-09T00:48:34Z,22.80,68.23,-1,0,27.92,101.48,51.00,735.00,null,null,null
2023-08-09T00:49:34Z,22.81,68.25,-1,0,28.74,101.47,53.00,752.00,null,null,null
2023-08-09T00:50:34Z,22.80,68.26,-1,0,27.47,101.47,52.00,746.00,1,2,2
2023-08-09T00:51:34Z,22.81,68.26,-1,0,27.92,101.48,49.00,728.00,null,null,null
2023-08-09T00:52:34Z,22.81,68.27,-1,0,27.42,101.48,51.00,735.00,null,null,null
2023-08-09T00:53:34Z,22.80,68.28,-1,0,28.51,101.48,51.00,735.00,null,null,null
2023-08-09T00:54:34Z,22.80,68.31,-1,0,28.06,101.48,52.00,746.00,null,null,null
2023-08-09T00:55:34Z,22.79,68.35,-1,0,26.95,101.48,49.00,728.00,0,0,0
2023-08-09T00:56:34Z,22.81,68.31,-1,0,28.47,101.48,51.00,735.00,null,null,null
2023-08-09T00:57:34Z,22.81,68.25,-1,0,27.36,101.49,51.00,735.00,null,null,null
2023-08-09T00:58:34Z,22.80,68.35,-1,0,27.24,101.49,49.00,728.00,null,null,null
2023-08-09T00:59:34Z,22.79,68.32,-1,0,28.81,101.49,52.00,746.00,null,null,null
2023-08-09T01:00:34Z,22.79,68.40,-1,0,27.02,101.48,49.00,728.00,0,0,0
2023-08-09T01:01:34Z,22.80,68.40,-1,0,28.34,101.49,51.00,735.00,null,null,null
2023-08-09T01:02:34Z,22.79,68.35,-1,0,28.22,101.49,49.00,728.00,null,null,null
2023-08-09T01:03:34Z,22.79,68.39,-1,0,26.95,101.49,49.00,728.00,null,null,null
2023-08-09T01:04:34Z,22.77,68.40,-1,0,28.91,101.49,49.00,728.00,null,null,null
2023-08-09T01:05:34Z,22.77,68.44,-1,0,27.84,101.49,49.00,728.00,3,3,3
2023-08-09T01:06:34Z,22.79,68.44,-1,0,28.20,101.49,49.00,728.00,null,null,null
2023-08-09T01:07:34Z,22.79,68.40,-1,0,27.89,101.49,49.00,728.00,null,null,null
2023-08-09T01:08:34Z,22.79,68.44,-1,0,27.66,101.49,49.00,728.00,null,null,null
2023-08-09T01:09:34Z,22.79,68.44,-1,0,30.13,101.50,49.00,728.00,null,null,null
2023-08-09T01:10:34Z,22.76,68.52,-1,0,27.51,101.49,49.00,728.00,2,3,3
2023-08-09T01:11:34Z,22.79,68.41,-1,0,27.92,101.49,47.00,715.00,null,null,null
2023-08-09T01:12:34Z,22.81,68.40,-1,0,29.97,101.49,49.00,728.00,null,null,null
2023-08-09T01:13:34Z,22.79,68.42,-1,0,27.10,101.49,49.00,728.00,null,null,null
2023-08-09T01:14:34Z,22.80,68.41,-1,0,28.34,101.49,49.00,728.00,null,null,null
2023-08-09T01:15:34Z,22.76,68.41,-1,0,28.07,101.49,49.00,728.00,0,0,0
2023-08-09T01:16:34Z,22.77,68.36,-1,0,27.34,101.50,47.00,715.00,null,null,null
2023-08-09T01:17:34Z,22.79,68.30,-1,0,28.09,101.49,49.00,728.00,null,null,null
2023-08-09T01:18:34Z,22.79,68.33,-1,0,28.95,101.49,49.00,728.00,null,null,null
2023-08-09T01:19:34Z,22.76,68.31,-1,0,28.02,101.49,49.00,728.00,null,null,null
2023-08-09T01:20:34Z,22.77,68.28,-1,0,27.22,101.49,49.00,728.00,0,0,0
2023-08-09T01:21:34Z,22.79,68.27,-1,0,27.71,101.50,47.00,715.00,null,null,null
2023-08-09T01:22:34Z,22.79,68.16,-1,0,28.77,101.50,49.00,728.00,null,null,null
2023-08-09T01:23:34Z,22.79,68.19,-1,0,28.73,101.50,49.00,726.00,null,null,null
2023-08-09T01:24:34Z,22.74,68.17,-1,0,27.71,101.50,52.00,742.00,null,null,null
2023-08-09T01:25:34Z,22.76,68.15,-1,0,28.11,101.51,59.00,791.00,0,0,0
2023-08-09T01:26:34Z,22.74,68.16,-1,0,27.90,101.51,49.00,726.00,null,null,null
2023-08-09T01:27:34Z,22.79,68.14,-1,0,28.15,101.51,59.00,791.00,null,null,null
2023-08-09T01:28:34Z,22.79,68.30,-1,0,27.85,101.51,52.00,742.00,null,null,null
2023-08-09T01:29:34Z,22.79,68.25,-1,0,26.71,101.51,51.00,735.00,null,null,null
2023-08-09T01:30:34Z,22.76,68.26,-1,0,27.49,101.51,47.00,715.00,0,0,0
2023-08-09T01:31:34Z,22.77,68.29,-1,0,27.32,101.51,46.00,708.00,null,null,null
2023-08-09T01:32:34Z,22.80,68.17,-1,0,27.49,101.51,51.00,735.00,null,null,null
2023-08-09T01:33:34Z,22.76,68.19,-1,0,28.09,101.51,49.00,726.00,null,null,null
2023-08-09T01:34:34Z,22.79,68.12,-1,0,29.12,101.51,52.00,742.00,null,null,null
2023-08-09T01:35:34Z,22.76,68.18,-1,0,28.28,101.51,49.00,726.00,2,3,3
2023-08-09T01:36:34Z,22.77,68.13,-1,0,28.47,101.51,47.00,714.00,null,null,null
2023-08-09T01:37:34Z,22.77,68.10,-1,0,26.62,101.51,49.00,726.00,null,null,null
2023-08-09T01:38:34Z,22.77,68.11,-1,0,27.64,101.51,49.00,726.00,null,null,null
2023-08-09T01:39:34Z,22.76,68.12,-1,0,28.02,101.51,50.00,733.00,null,null,null
2023-08-09T01:40:34Z,22.73,68.14,-1,0,27.20,101.51,49.00,726.00,0,0,0
2023-08-09T01:41:34Z,22.79,68.16,-1,0,28.48,101.51,57.00,780.00,null,null,null
2023-08-09T01:42:34Z,22.76,68.15,-1,0,30.20,101.51,49.00,726.00,null,null,null
2023-08-09T01:43:34Z,22.74,68.13,-1,0,28.01,101.51,50.00,733.00,null,null,null
2023-08-09T01:44:34Z,22.73,68.11,-1,0,27.57,101.52,59.00,791.00,null,null,null
2023-08-09T01:45:34Z,22.74,68.06,-1,0,29.87,101.52,57.00,780.00,0,0,0
2023-08-09T01:46:34Z,22.73,68.22,-1,0,29.56,101.52,59.00,791.00,null,null,null
2023-08-09T01:47:34Z,22.74,68.02,-1,0,27.68,101.52,60.00,800.00,null,null,null
2023-08-09T01:48:34Z,22.73,68.07,-1,0,27.66,101.52,60.00,800.00,null,null,null
2023-08-09T01:49:34Z,22.73,68.16,-1,0,28.31,101.52,60.00,800.00,null,null,null
2023-08-09T01:50:34Z,22.76,68.11,-1,0,28.09,101.52,60.00,800.00,0,0,0
2023-08-09T01:51:34Z,22.74,68.16,-1,0,27.84,101.53,49.00,726.00,null,null,null
2023-08-09T01:52:34Z,22.76,68.11,-1,0,29.09,101.53,59.00,791.00,null,null,null
2023-08-09T01:53:34Z,22.76,68.11,-1,0,27.80,101.53,47.00,714.00,null,null,null
2023-08-09T01:54:34Z,22.73,68.08,-1,0,27.38,101.53,50.00,733.00,null,null,null
2023-08-09T01:55:34Z,22.73,68.13,-1,0,28.12,101.52,60.00,800.00,0,0,0
2023-08-09T01:56:34Z,22.74,68.09,-1,0,28.14,101.52,59.00,791.00,null,null,null
2023-08-09T01:57:34Z,22.73,68.12,-1,0,28.23,101.52,60.00,800.00,null,null,null
2023-08-09T01:58:34Z,22.73,68.14,-1,0,27.78,101.52,60.00,800.00,null,null,null
2023-08-09T01:59:34Z,22.71,68.18,-1,0,27.94,101.53,60.00,800.00,null,null,null
2023-08-09T02:00:34Z,22.71,68.16,-1,0,26.87,101.52,59.00,791.00,0,0,0
2023-08-09T02:01:34Z,22.73,68.14,-1,0,28.58,101.53,59.00,791.00,null,null,null
2023-08-09T02:02:34Z,22.76,68.19,-1,0,29.08,101.53,60.00,800.00,null,null,null
2023-08-09T02:03:34Z,22.73,68.21,-1,0,27.69,101.53,50.00,733.00,null,null,null
2023-08-09T02:04:34Z,22.71,68.18,-1,0,27.32,101.53,57.00,780.00,null,null,null
2023-08-09T02:05:34Z,22.71,68.19,-1,0,28.25,101.54,60.00,800.00,1,1,1
2023-08-09T02:06:34Z,22.71,68.22,-1,0,27.24,101.54,59.00,791.00,null,null,null
2023-08-09T02:07:34Z,22.74,68.23,-1,0,26.87,101.54,60.00,800.00,null,null,null
2023-08-09T02:08:34Z,22.71,68.19,-1,0,28.67,101.54,60.00,800.00,null,null,null
2023-08-09T02:09:34Z,22.73,68.25,-1,0,27.85,101.54,59.00,791.00,null,null,null
2023-08-09T02:10:34Z,22.70,68.24,-1,0,27.71,101.54,58.00,783.00,1,1,1
2023-08-09T02:11:34Z,22.71,68.18,-1,0,28.01,101.55,59.00,791.00,null,null,null
2023-08-09T02:12:34Z,22.71,68.18,-1,0,28.81,101.55,60.00,800.00,null,null,null
2023-08-09T02:13:34Z,22.73,68.18,-1,0,27.22,101.55,59.00,791.00,null,null,null
2023-08-09T02:14:34Z,22.73,68.20,-1,0,27.89,101.55,59.00,791.00,null,null,null
2023-08-09T02:15:34Z,22.71,68.13,-1,0,26.73,101.55,60.00,800.00,0,0,0
2023-08-09T02:16:34Z,22.73,68.20,-1,0,26.53,101.55,57.00,780.00,null,null,null
2023-08-09T02:17:34Z,22.73,68.13,-1,0,28.91,101.55,57.00,780.00,null,null,null
2023-08-09T02:18:34Z,22.70,68.15,-1,0,27.38,101.55,57.00,780.00,null,null,null
2023-08-09T02:19:34Z,22.71,68.16,-1,0,27.96,101.56,57.00,780.00,null,null,null
2023-08-09T02:20:34Z,22.70,68.20,-1,0,27.45,101.55,57.00,780.00,0,0,0
2023-08-09T02:21:34Z,22.70,68.18,-1,0,27.60,101.55,56.00,770.00,null,null,null
2023-08-09T02:22:34Z,22.71,68.13,-1,0,28.25,101.56,57.00,780.00,null,null,null
2023-08-09T02:23:34Z,22.73,68.08,-1,0,27.30,101.55,57.00,780.00,null,null,null
2023-08-09T02:24:34Z,22.70,68.18,-1,0,27.42,101.55,57.00,780.00,null,null,null
2023-08-09T02:25:34Z,22.67,68.10,-1,0,26.78,101.55,57.00,780.00,0,2,2
2023-08-09T02:26:34Z,22.70,68.17,-1,0,28.55,101.55,56.00,770.00,null,null,null
2023-08-09T02:27:34Z,22.71,68.18,-1,0,26.84,101.56,57.00,780.00,null,null,null
2023-08-09T02:28:34Z,22.70,68.11,-1,0,26.89,101.56,57.00,780.00,null,null,null
2023-08-09T02:29:34Z,22.69,68.06,-1,0,28.02,101.56,57.00,780.00,null,null,null
2023-08-09T02:30:34Z,22.69,68.09,-1,0,27.53,101.56,57.00,780.00,0,0,0
2023-08-09T02:31:34Z,22.70,68.09,-1,0,27.34,101.57,56.00,770.00,null,null,null
2023-08-09T02:32:34Z,22.71,68.00,-1,0,27.53,101.56,57.00,780.00,null,null,null
2023-08-09T02:33:34Z,22.70,68.07,-1,0,30.11,101.57,56.00,770.00,null,null,null
2023-08-09T02:34:34Z,22.70,68.07,-1,0,27.99,101.57,56.00,770.00,null,null,null
2023-08-09T02:35:34Z,22.69,68.15,-1,0,29.07,101.57,56.00,770.00,0,0,0
2023-08-09T02:36:34Z,22.70,68.10,-1,0,27.14,101.57,56.00,770.00,null,null,null
2023-08-09T02:37:34Z,22.69,68.11,-1,0,27.34,101.58,56.00,770.00,null,null,null
2023-08-09T02:38:34Z,22.70,68.08,-1,0,26.73,101.58,56.00,770.00,null,null,null
2023-08-09T02:39:34Z,22.67,68.04,-1,0,27.80,101.58,56.00,770.00,null,null,null
2023-08-09T02:40:34Z,22.69,68.13,-1,0,27.68,101.58,56.00,770.00,0,0,0
2023-08-09T02:41:34Z,22.69,68.05,-1,0,28.14,101.58,56.00,770.00,null,null,null
2023-08-09T02:42:34Z,22.71,68.03,-1,0,27.59,101.58,56.00,770.00,null,null,null
2023-08-09T02:43:34Z,22.66,68.13,-1,0,29.16,101.57,56.00,770.00,null,null,null
2023-08-09T02:44:34Z,22.69,68.17,-1,0,27.55,101.57,56.00,770.00,null,null,null
2023-08-09T02:45:34Z,22.64,68.22,-1,0,28.40,101.58,56.00,770.00,2,2,2
2023-08-09T02:46:34Z,22.70,68.13,-1,0,29.27,101.58,54.00,761.00,null,null,null
2023-08-09T02:47:34Z,22.70,68.14,-1,0,28.77,101.58,59.00,791.00,null,null,null
2023-08-09T02:48:34Z,22.70,68.13,-1,0,27.96,101.58,59.00,791.00,null,null,null
2023-08-09T02:49:34Z,22.70,68.11,-1,0,27.42,101.58,59.00,791.00,null,null,null
2023-08-09T02:50:34Z,22.67,68.13,-1,0,27.78,101.57,59.00,791.00,0,0,0
2023-08-09T02:51:34Z,22.66,68.17,-1,0,27.32,101.57,57.00,780.00,null,null,null
2023-08-09T02:52:34Z,22.64,68.35,-1,0,28.14,101.57,56.00,770.00,null,null,null
2023-08-09T02:53:34Z,22.67,68.30,-1,0,28.98,101.57,55.00,763.00,null,null,null
2023-08-09T02:54:34Z,22.66,68.29,-1,0,28.96,101.56,58.00,783.00,null,null,null
2023-08-09T02:55:34Z,22.66,68.26,-1,0,27.30,101.56,58.00,783.00,0,0,0
2023-08-09T02:56:34Z,22.66,68.25,-1,0,28.61,101.56,55.00,763.00,null,null,null
2023-08-09T02:57:34Z,22.69,68.21,-1,0,27.71,101.56,58.00,783.00,null,null,null
2023-08-09T02:58:34Z,22.67,68.16,-1,0,28.25,101.57,59.00,791.00,null,null,null
2023-08-09T02:59:34Z,22.69,68.11,-1,0,27.28,101.57,57.00,780.00,null,null,null
