TIME,TEMP,HUM,BATT,LIGHT,NOISE_A,PRESS,CCS811_VOCS,CCS811_ECO2,PM_1,PM_25,PM_10
ISO 8601,C,%,%,Lux,dBA,kPa,ppb,ppm,ug/m3,ug/m3,ug/m3
Time,Temperature,Humidity,Battery,Light,Noise dBA,Barometric pressure,VOC Gas CCS811,eCO2 Gas CCS811,PM 1.0,PM 2.5,PM 10.0
,55,56,10,14,53,58,113,112,89,87,88
2023-08-23T00:00:02Z,26.01,56.55,99,0,23.77,102.08,450.00,1800.00,0,0,0
2023-08-23T00:01:02Z,26.06,56.50,99,0,25.32,102.08,439.00,1790.00,null,null,null
2023-08-23T00:02:02Z,26.06,56.59,99,0,31.24,102.08,432.00,1784.00,null,null,null
2023-08-23T00:03:02Z,26.04,56.53,99,0,26.67,102.08,432.00,1784.00,null,null,null
2023-08-23T00:04:02Z,26.06,56.49,99,0,25.65,102.08,432.00,1784.00,null,null,null
2023-08-23T00:05:02Z,26.01,56.59,99,0,25.44,102.09,439.00,1790.00,0,0,0
2023-08-23T00:06:02Z,26.07,56.49,99,0,23.63,102.09,439.00,1790.00,null,null,null
2023-08-23T00:07:02Z,26.07,56.57,99,0,31.17,102.09,432.00,1784.00,null,null,null
2023-08-23T00:08:02Z,26.04,56.53,99,0,24.31,102.09,432.00,1784.00,null,null,null
2023-08-23T00:09:02Z,26.03,56.53,99,0,29.88,102.10,432.00,1784.00,null,null,null
2023-08-23T00:10:02Z,26.03,56.62,99,0,25.59,102.10,432.00,1784.00,0,0,0
2023-08-23T00:11:02Z,26.03,56.56,99,0,26.03,102.10,439.00,1790.00,null,null,null
2023-08-23T00:12:02Z,26.07,56.58,99,0,26.21,102.10,439.00,1790.00,null,null,null
2023-08-23T00:13:02Z,26.04,56.63,99,0,29.28,102.10,439.00,1790.00,null,null,null
2023-08-23T00:14:02Z,26.03,56.62,99,0,27.77,102.10,450.00,1800.00,null,null,null
2023-08-23T00:15:02Z,26.04,56.59,99,0,27.16,102.10,457.00,1806.00,0,0,0
2023-08-23T00:16:02Z,26.04,56.57,99,0,26.48,102.11,457.00,1806.00,null,null,null
2023-08-23T00:17:02Z,26.06,56.48,99,0,24.86,102.11,450.00,1800.00,null,null,null
2023-08-23T00:18:02Z,26.04,56.58,99,0,23.59,102.11,432.00,1784.00,null,null,null
2023-08-23T00:19:02Z,26.00,56.45,99,0,28.36,102.11,432.00,1784.00,null,null,null
2023-08-23T00:20:02Z,26.04,56.62,99,0,26.36,102.11,432.00,1784.00,0,0,0
2023-08-23T00:21:02Z,26.06,56.54,99,0,26.62,102.11,432.00,1784.00,null,null,null
2023-08-23T00:22:02Z,26.04,56.50,99,0,27.96,102.11,422.00,1775.00,null,null,null
2023-08-23T00:23:02Z,26.04,56.54,99,0,26.34,102.10,417.00,1772.00,null,null,null
2023-08-23T00:24:02Z,26.04,56.59,99,0,24.86,102.10,417.00,1772.00,null,null,null
2023-08-23T00:25:02Z,26.01,56.63,99,0,25.87,102.10,417.00,1772.00,0,0,0
2023-08-23T00:26:02Z,26.03,56.53,99,0,29.12,102.10,417.00,1772.00,null,null,null
2023-08-23T00:27:02Z,26.04,56.56,99,0,28.88,102.10,417.00,1772.00,null,null,null
2023-08-23T00:28:02Z,26.01,56.49,99,0,29.16,102.10,410.00,1766.00,null,null,null
2023-08-23T00:29:02Z,26.03,56.50,99,0,24.65,102.10,410.00,1766.00,null,null,null
2023-08-23T00:30:02Z,26.03,56.60,99,0,24.72,102.10,410.00,1766.00,0,0,0
2023-08-23T00:31:02Z,26.06,56.50,99,0,25.29,102.10,403.00,1760.00,null,null,null
2023-08-23T00:32:02Z,26.03,56.55,99,0,26.29,102.10,403.00,1760.00,null,null,null
2023-08-23T00:33:02Z,26.04,56.62,99,0,25.95,102.10,403.00,1760.00,null,null,null
2023-08-23T00:34:02Z,26.03,56.45,99,0,22.94,102.10,395.00,1754.00,null,null,null
2023-08-23T00:35:02Z,26.01,56.57,99,0,27.90,102.10,395.00,1754.00,0,0,0
2023-08-23T00:36:02Z,26.01,56.59,99,0,23.81,102.10,403.00,1760.00,null,null,null
2023-08-23T00:37:02Z,26.04,56.55,99,0,26.99,102.11,395.00,1754.00,null,null,null
2023-08-23T00:38:02Z,26.03,56.50,99,0,29.12,102.10,395.00,1754.00,null,null,null
2023-08-23T00:39:02Z,26.03,56.59,99,0,26.00,102.11,389.00,1748.00,null,null,null
2023-08-23T00:40:02Z,26.00,56.69,99,0,26.03,102.11,403.00,1760.00,0,0,0
2023-08-23T00:41:02Z,26.04,56.61,99,0,26.73,102.11,403.00,1760.00,null,null,null
2023-08-23T00:42:02Z,26.04,56.59,99,0,29.04,102.11,417.00,1772.00,null,null,null
2023-08-23T00:43:02Z,26.01,56.58,99,0,26.69,102.10,422.00,1775.00,null,null,null
2023-08-23T00:44:02Z,26.03,56.67,99,0,26.21,102.11,432.00,1784.00,null,null,null
2023-08-23T00:45:02Z,26.01,56.68,99,0,23.25,102.11,432.00,1784.00,0,0,0
2023-08-23T00:46:02Z,26.04,56.60,99,0,24.11,102.11,432.00,1784.00,null,null,null
2023-08-23T00:47:02Z,26.03,56.66,99,0,27.10,102.12,422.00,1775.00,null,null,null
2023-08-23T00:48:02Z,26.04,56.60,99,0,25.16,102.12,422.00,1775.00,null,null,null
2023-08-23T00:49:02Z,26.03,56.56,99,0,23.49,102.12,417.00,1772.00,null,null,null
2023-08-23T00:50:02Z,26.01,56.63,99,0,27.64,102.12,410.00,1766.00,0,0,0
2023-08-23T00:51:02Z,26.01,56.62,99,0,26.36,102.13,403.00,1760.00,null,null,null
2023-08-23T00:52:02Z,26.01,56.62,99,0,27.97,102.13,403.00,1760.00,null,null,null
2023-08-23T00:53:02Z,26.01,56.64,99,0,22.72,102.13,403.00,1760.00,null,null,null
2023-08-23T00:54:02Z,26.01,56.59,99,0,27.96,102.12,403.00,1760.00,null,null,null
2023-08-23T00:55:02Z,26.00,56.58,99,0,26.06,102.12,395.00,1754.00,0,0,0
2023-08-23T00:56:02Z,26.01,56.68,99,0,24.58,102.12,389.00,1748.00,null,null,null
2023-08-23T00:57:02Z,26.04,56.67,99,0,27.66,102.12,403.00,1760.00,null,null,null
2023-08-23T00:58:02Z,26.01,56.67,99,0,25.50,102.11,403.00,1760.00,null,null,null
2023-08-23T00:59:02Z,26.01,56.68,99,0,25.70,102.11,403.00,1760.00,null,null,null
2023-08-23T01:00:02Z,25.99,56.72,99,0,28.34,102.11,403.00,1760.00,0,0,0
2023-08-23T01:01:02Z,26.03,56.63,99,0,31.35,102.11,403.00,1760.00,null,null,null
2023-08-23T01:02:02Z,26.04,56.70,99,0,26.89,102.10,410.00,1766.00,null,null,null
2023-08-23T01:03:02Z,26.01,56.64,99,0,24.68,102.11,410.00,1766.00,null,null,null
2023-08-23T01:04:02Z,26.01,56.69,99,0,26.57,102.11,410.00,1766.00,null,null,null
2023-08-23T01:05:02Z,26.00,56.66,99,0,23.81,102.11,410.00,1766.00,0,0,0
2023-08-23T01:06:02Z,26.03,56.71,99,0,26.03,102.11,417.00,1772.00,null,null,null
2023-08-23T01:07:02Z,26.01,56.66,99,0,23.77,102.11,417.00,1772.00,null,null,null
2023-08-23T01:08:02Z,26.00,56.66,99,0,23.90,102.11,410.00,1766.00,null,null,null
2023-08-23T01:09:02Z,26.00,56.73,99,0,28.02,102.11,403.00,1760.00,null,null,null
2023-08-23T01:10:02Z,26.03,56.70,99,0,25.16,102.10,403.00,1760.00,0,0,0
2023-08-23T01:11:02Z,26.03,56.68,99,0,29.21,102.10,410.00,1766.00,null,null,null
2023-08-23T01:12:02Z,26.00,56.69,99,0,26.24,102.11,410.00,1766.00,null,null,null
2023-08-23T01:13:02Z,26.00,56.70,99,0,26.80,102.10,403.00,1760.00,null,null,null
2023-08-23T01:14:02Z,26.00,56.74,99,0,23.81,102.10,403.00,1760.00,null,null,null
2023-08-23T01:15:02Z,26.01,56.65,99,0,24.61,102.10,403.00,1760.00,0,0,0
2023-08-23T01:16:02Z,26.01,56.72,99,0,26.73,102.10,403.00,1760.00,null,null,null
2023-08-23T01:17:02Z,26.01,56.71,99,0,29.72,102.10,403.00,1760.00,null,null,null
2023-08-23T01:18:02Z,26.00,56.60,99,0,27.36,102.10,403.00,1760.00,null,null,null
2023-08-23T01:19:02Z,25.99,56.65,99,0,27.42,102.10,395.00,1754.00,null,null,null
2023-08-23T01:20:02Z,26.00,56.60,99,0,28.54,102.10,389.00,1748.00,0,0,0
2023-08-23T01:21:02Z,26.01,56.73,99,0,27.94,102.10,389.00,1748.00,null,null,null
2023-08-23T01:22:02Z,26.01,56.66,99,0,28.07,102.10,389.00,1748.00,null,null,null
2023-08-23T01:23:02Z,26.00,56.69,99,0,27.10,102.10,384.00,1743.00,null,null,null
2023-08-23T01:24:02Z,25.99,56.59,99,0,26.87,102.10,384.00,1743.00,null,null,null
2023-08-23T01:25:02Z,25.99,56.63,99,0,27.96,102.10,384.00,1743.00,0,0,0
2023-08-23T01:26:02Z,26.03,56.72,99,0,26.11,102.10,374.00,1736.00,null,null,null
2023-08-23T01:27:02Z,26.03,56.72,99,0,30.32,102.09,374.00,1736.00,null,null,null
2023-08-23T01:28:02Z,26.03,56.72,99,0,25.82,102.09,384.00,1743.00,null,null,null
2023-08-23T01:29:02Z,25.99,56.67,99,0,26.41,102.09,384.00,1743.00,null,null,null
2023-08-23T01:30:02Z,26.00,56.74,99,0,22.78,102.08,384.00,1743.00,0,0,0
2023-08-23T01:31:02Z,25.97,56.64,99,0,26.69,102.09,384.00,1743.00,null,null,null
2023-08-23T01:32:02Z,26.01,56.65,99,0,30.67,102.08,384.00,1743.00,null,null,null
2023-08-23T01:33:02Z,25.99,56.61,99,0,27.12,102.09,374.00,1736.00,null,null,null
2023-08-23T01:34:02Z,26.01,56.64,99,0,26.60,102.09,374.00,1736.00,null,null,null
2023-08-23T01:35:02Z,25.97,56.73,99,0,24.61,102.09,384.00,1743.00,0,0,0
2023-08-23T01:36:02Z,26.00,56.67,99,0,26.14,102.08,384.00,1743.00,null,null,null
2023-08-23T01:37:02Z,26.01,56.67,99,0,24.50,102.08,384.00,1743.00,null,null,null
2023-08-23T01:38:02Z,25.99,56.69,99,0,26.91,102.08,384.00,1743.00,null,null,null
2023-08-23T01:39:02Z,26.00,56.77,99,0,30.57,102.07,384.00,1743.00,null,null,null
2023-08-23T01:40:02Z,25.96,56.77,99,0,24.86,102.07,379.00,1739.00,0,0,0
2023-08-23T01:41:02Z,26.00,56.67,99,0,27.69,102.08,385.00,1744.00,null,null,null
2023-08-23T01:42:02Z,26.01,56.69,99,0,23.45,102.07,384.00,1743.00,null,null,null
2023-08-23T01:43:02Z,26.01,56.65,99,0,25.22,102.07,384.00,1743.00,null,null,null
2023-08-23T01:44:02Z,25.99,56.59,99,0,30.63,102.07,384.00,1743.00,null,null,null
2023-08-23T01:45:02Z,25.99,56.70,99,0,28.37,102.07,374.00,1736.00,0,0,0
2023-08-23T01:46:02Z,26.00,56.76,99,0,24.68,102.08,374.00,1736.00,null,null,null
2023-08-23T01:47:02Z,26.00,56.68,99,0,27.40,102.08,370.00,1733.00,null,null,null
2023-08-23T01:48:02Z,26.00,56.73,99,0,26.57,102.07,374.00,1736.00,null,null,null
2023-08-23T01:49:02Z,25.99,56.73,99,0,28.28,102.07,384.00,1743.00,null,null,null
2023-08-23T01:50:02Z,25.97,56.74,99,0,28.02,102.08,374.00,1736.00,0,0,0
2023-08-23T01:51:02Z,26.00,56.77,99,0,24.15,102.08,384.00,1743.00,null,null,null
2023-08-23T01:52:02Z,25.99,56.75,99,0,27.45,102.08,379.00,1739.00,null,null,null
2023-08-23T01:53:02Z,26.01,56.59,99,0,23.90,102.08,370.00,1733.00,null,null,null
2023-08-23T01:54:02Z,25.97,56.71,99,0,25.70,102.08,374.00,1736.00,null,null,null
2023-08-23T01:55:02Z,26.00,56.66,99,0,25.32,102.08,369.00,1731.00,0,0,0
2023-08-23T01:56:02Z,25.99,56.77,99,0,23.45,102.08,374.00,1736.00,null,null,null
2023-08-23T01:57:02Z,25.99,56.74,99,0,28.20,102.08,370.00,1733.00,null,null,null
2023-08-23T01:58:02Z,25.97,56.61,99,0,25.73,102.08,384.00,1743.00,null,null,null
2023-08-23T01:59:02Z,26.00,56.66,99,0,28.73,102.08,384.00,1743.00,null,null,null
2023-08-23T02:00:02Z,25.97,56.76,99,0,21.85,102.08,374.00,1736.00,0,0,0
2023-08-23T02:01:02Z,25.99,56.75,99,0,31.45,102.07,370.00,1733.00,null,null,null
2023-08-23T02:02:02Z,25.99,56.69,99,0,23.77,102.07,379.00,1739.00,null,null,null
2023-08-23T02:03:02Z,25.99,56.70,99,0,24.50,102.07,374.00,1736.00,null,null,null
2023-08-23T02:04:02Z,25.99,56.69,99,0,30.87,102.07,374.00,1736.00,null,null,null
2023-08-23T02:05:02Z,25.97,56.71,99,0,24.19,102.07,374.00,1736.00,0,0,0
2023-08-23T02:06:02Z,25.97,56.73,99,0,30.44,102.07,374.00,1736.00,null,null,null
2023-08-23T02:07:02Z,25.97,56.74,99,0,27.30,102.07,374.00,1736.00,null,null,null
2023-08-23T02:08:02Z,25.97,56.76,99,0,23.86,102.08,374.00,1736.00,null,null,null
2023-08-23T02:09:02Z,25.96,56.68,99,0,26.34,102.08,365.00,1728.00,null,null,null
2023-08-23T02:10:02Z,25.96,56.79,99,0,26.16,102.07,369.00,1731.00,0,0,0
2023-08-23T02:11:02Z,25.96,56.73,99,0,24.39,102.07,365.00,1728.00,null,null,null
2023-08-23T02:12:02Z,25.99,56.79,99,0,26.21,102.07,369.00,1731.00,null,null,null
2023-08-23T02:13:02Z,25.97,56.68,99,0,27.75,102.07,365.00,1728.00,null,null,null
2023-08-23T02:14:02Z,25.96,56.71,99,0,23.63,102.07,363.00,1725.00,null,null,null
2023-08-23T02:15:02Z,25.96,56.83,99,0,26.84,102.07,363.00,1725.00,0,0,0
2023-08-23T02:16:02Z,25.97,56.66,99,0,24.07,102.07,365.00,1728.00,null,null,null
2023-08-23T02:17:02Z,25.99,56.73,99,0,26.99,102.07,363.00,1725.00,null,null,null
2023-08-23T02:18:02Z,25.97,56.71,99,0,25.76,102.07,369.00,1731.00,null,null,null
2023-08-23T02:19:02Z,25.96,56.66,99,0,28.48,102.06,363.00,1725.00,null,null,null
2023-08-23T02:20:02Z,25.97,56.79,99,0,23.90,102.06,363.00,1725.00,0,0,0
2023-08-23T02:21:02Z,26.00,56.79,99,0,25.56,102.06,370.00,1733.00,null,null,null
2023-08-23T02:22:02Z,26.00,56.78,99,0,26.64,102.06,379.00,1739.00,null,null,null
2023-08-23T02:23:02Z,25.99,56.81,99,0,26.71,102.07,379.00,1739.00,null,null,null
2023-08-23T02:24:02Z,25.97,56.76,99,0,24.35,102.07,370.00,1733.00,null,null,null
2023-08-23T02:25:02Z,25.96,56.70,99,0,25.35,102.07,370.00,1733.00,0,0,0
2023-08-23T02:26:02Z,25.99,56.75,99,0,26.29,102.07,369.00,1731.00,null,null,null
2023-08-23T02:27:02Z,25.94,56.71,99,0,25.16,102.07,359.00,1721.00,null,null,null
2023-08-23T02:28:02Z,25.96,56.75,99,0,23.63,102.07,369.00,1731.00,null,null,null
2023-08-23T02:29:02Z,25.96,56.76,99,0,26.95,102.07,359.00,1721.00,null,null,null
2023-08-23T02:30:02Z,25.96,56.83,99,0,25.90,102.07,359.00,1721.00,0,0,0
2023-08-23T02:31:02Z,25.96,56.80,99,0,28.12,102.07,359.00,1721.00,null,null,null
2023-08-23T02:32:02Z,25.99,56.73,99,0,24.43,102.07,359.00,1721.00,null,null,null
2023-08-23T02:33:02Z,25.97,56.76,99,0,27.60,102.07,363.00,1725.00,null,null,null
2023-08-23T02:34:02Z,25.97,56.78,99,0,25.50,102.07,359.00,1721.00,null,null,null
2023-08-23T02:35:02Z,25.93,56.68,99,0,29.31,102.07,359.00,1721.00,0,0,0
2023-08-23T02:36:02Z,25.97,56.78,99,0,24.76,102.08,363.00,1725.00,null,null,null
2023-08-23T02:37:02Z,26.00,56.64,99,0,27.06,102.07,351.00,1712.00,null,null,null
2023-08-23T02:38:02Z,25.96,56.70,99,0,39.69,102.07,354.00,1715.00,null,null,null
2023-08-23T02:39:02Z,25.97,56.84,99,0,27.60,102.07,354.00,1715.00,null,null,null
2023-08-23T02:40:02Z,25.93,56.84,99,0,30.58,102.07,354.00,1715.00,0,0,0
2023-08-23T02:41:02Z,25.97,56.85,99,0,27.08,102.07,365.00,1728.00,null,null,null
2023-08-23T02:42:02Z,25.96,56.84,99,0,25.84,102.07,370.00,1733.00,null,null,null
2023-08-23T02:43:02Z,25.96,56.78,99,0,26.00,102.07,391.00,1751.00,null,null,null
2023-08-23T02:44:02Z,25.94,56.80,99,0,25.06,102.06,399.00,1756.00,null,null,null
2023-08-23T02:45:02Z,25.94,56.85,99,0,25.44,102.06,413.00,1769.00,0,0,0
2023-08-23T02:46:02Z,25.96,56.85,99,0,25.19,102.07,413.00,1769.00,null,null,null
2023-08-23T02:47:02Z,25.97,56.83,99,0,24.68,102.07,428.00,1780.00,null,null,null
2023-08-23T02:48:02Z,25.96,56.80,99,0,24.39,102.07,428.00,1780.00,null,null,null
2023-08-23T02:49:02Z,25.94,56.81,99,0,24.07,102.07,435.00,1787.00,null,null,null
2023-08-23T02:50:02Z,25.94,56.88,99,0,25.76,102.07,445.00,1796.00,0,0,0
2023-08-23T02:51:02Z,25.97,56.89,99,0,28.57,102.07,445.00,1796.00,null,null,null
2023-08-23T02:52:02Z,25.94,56.80,99,0,28.73,102.07,445.00,1796.00,null,null,null
2023-08-23T02:53:02Z,25.96,56.86,99,0,23.40,102.07,445.00,1796.00,null,null,null
2023-08-23T02:54:02Z,25.94,56.81,99,0,22.55,102.07,445.00,1796.00,null,null,null
2023-08-23T02:55:02Z,25.93,56.92,99,0,27.94,102.08,452.00,1803.00,0,0,0
2023-08-23T02:56:02Z,25.94,56.87,99,0,23.68,102.08,445.00,1796.00,null,null,null
2023-08-23T02:57:02Z,25.96,56.96,99,0,26.99,102.07,445.00,1796.00,null,null,null
2023-08-23T02:58:02Z,25.94,56.84,99,0,24.50,102.08,445.00,1796.00,null,null,null
2023-08-23T02:59:02Z,25.96,56.89,99,0,22.66,102.08,452.00,1803.00,null,null,null
