TIME,TEMP,HUM,BATT,LIGHT,NOISE_A,PRESS,CCS811_VOCS,CCS811_ECO2,PM_1,PM_25,PM_10
ISO 8601,C,%,%,Lux,dBA,kPa,ppb,ppm,ug/m3,ug/m3,ug/m3
Time,Temperature,Humidity,Battery,Light,Noise dBA,Barometric pressure,VOC Gas CCS811,eCO2 Gas CCS811,PM 1.0,PM 2.5,PM 10.0
,55,56,10,14,53,58,113,112,89,87,88
2023-09-06T00:00:02Z,26.04,61.17,99,0,28.37,101.81,1668.00,2448.00,0,0,0
2023-09-06T00:01:02Z,26.07,61.12,99,0,29.17,101.81,1668.00,2448.00,null,null,null
2023-09-06T00:02:02Z,26.09,61.04,99,0,24.65,101.81,1668.00,2448.00,null,null,null
2023-09-06T00:03:02Z,26.09,61.10,99,0,27.42,101.81,1668.00,2448.00,null,null,null
2023-09-06T00:04:02Z,26.07,61.13,99,0,25.87,101.81,1668.00,2448.00,null,null,null
2023-09-06T00:05:02Z,26.06,61.15,99,0,28.88,101.81,1668.00,2448.00,0,0,0
2023-09-06T00:06:02Z,26.07,61.12,99,0,28.25,101.81,1668.00,2448.00,null,null,null
2023-09-06T00:07:02Z,26.09,61.12,99,0,26.57,101.82,1668.00,2448.00,null,null,null
2023-09-06T00:08:02Z,26.06,61.08,99,0,27.49,101.81,1668.00,2448.00,null,null,null
2023-09-06T00:09:02Z,26.06,61.16,99,0,26.24,101.81,1638.00,2434.00,null,null,null
2023-09-06T00:10:02Z,26.07,61.14,99,0,25.65,101.81,1668.00,2448.00,0,0,0
2023-09-06T00:11:02Z,26.07,61.14,99,0,25.26,101.81,1668.00,2448.00,null,null,null
2023-09-06T00:12:02Z,26.06,61.14,99,0,26.80,101.81,1668.00,2448.00,null,null,null
2023-09-06T00:13:02Z,26.07,61.10,99,0,28.14,101.81,1668.00,2448.00,null,null,null
2023-09-06T00:14:02Z,26.07,61.16,99,0,30.25,101.81,1668.00,2448.00,null,null,null
2023-09-06T00:15:02Z,26.06,61.17,99,0,26.99,101.81,1668.00,2448.00,0,0,0
2023-09-06T00:16:02Z,26.09,61.14,99,0,27.24,101.81,1668.00,2448.00,null,null,null
2023-09-06T00:17:02Z,26.10,61.13,99,0,27.62,101.81,1668.00,2448.00,null,null,null
2023-09-06T00:18:02Z,26.09,61.14,99,0,27.66,101.81,1668.00,2448.00,null,null,null
2023-09-06T00:19:02Z,26.06,61.10,99,0,28.23,101.81,1668.00,2448.00,null,null,null
2023-09-06T00:20:02Z,26.09,61.19,99,0,27.75,101.81,1668.00,2448.00,0,0,0
2023-09-06T00:21:02Z,26.09,61.21,99,0,26.11,101.81,1668.00,2448.00,null,null,null
2023-09-06T00:22:02Z,26.09,61.18,99,0,26.60,101.81,1638.00,2434.00,null,null,null
2023-09-06T00:23:02Z,26.10,61.15,99,0,25.35,101.81,1638.00,2434.00,null,null,null
2023-09-06T00:24:02Z,26.04,61.16,99,0,26.89,101.81,1638.00,2434.00,null,null,null
2023-09-06T00:25:02Z,26.06,61.16,99,0,27.47,101.81,1638.00,2434.00,0,0,0
2023-09-06T00:26:02Z,26.07,61.16,99,0,26.53,101.81,1638.00,2434.00,null,null,null
2023-09-06T00:27:02Z,26.09,61.16,99,0,31.79,101.82,1638.00,2434.00,null,null,null
2023-09-06T00:28:02Z,26.06,61.17,99,0,30.33,101.82,1638.00,2434.00,null,null,null
2023-09-06T00:29:02Z,26.07,61.13,99,0,26.24,101.82,1638.00,2434.00,null,null,null
2023-09-06T00:30:02Z,26.04,61.19,99,0,26.53,101.82,1638.00,2434.00,0,0,0
2023-09-06T00:31:02Z,26.09,61.22,99,0,26.50,101.82,1638.00,2434.00,null,null,null
2023-09-06T00:32:02Z,26.10,61.13,99,0,26.26,101.82,1638.00,2434.00,null,null,null
2023-09-06T00:33:02Z,26.10,61.17,99,0,28.02,101.82,1638.00,2434.00,null,null,null
2023-09-06T00:34:02Z,26.07,61.20,99,0,27.68,101.82,1638.00,2434.00,null,null,null
2023-09-06T00:35:02Z,26.06,61.27,99,0,27.80,101.81,1638.00,2434.00,0,0,0
2023-09-06T00:36:02Z,26.07,61.20,99,0,28.71,101.82,1598.00,2412.00,null,null,null
2023-09-06T00:37:02Z,26.09,61.17,99,0,25.09,101.82,1613.00,2419.00,null,null,null
2023-09-06T00:38:02Z,26.07,61.18,99,0,27.80,101.81,1613.00,2419.00,null,null,null
2023-09-06T00:39:02Z,26.06,61.25,99,0,26.62,101.81,1613.00,2419.00,null,null,null
2023-09-06T00:40:02Z,26.07,61.23,99,0,28.51,101.81,1598.00,2412.00,0,0,0
2023-09-06T00:41:02Z,26.07,61.20,99,0,28.40,101.81,1613.00,2419.00,null,null,null
2023-09-06T00:42:02Z,26.10,61.25,99,0,25.59,101.81,1613.00,2419.00,null,null,null
2023-09-06T00:43:02Z,26.07,61.17,99,0,25.62,101.81,1598.00,2412.00,null,null,null
2023-09-06T00:44:02Z,26.09,61.24,99,0,28.67,101.81,1613.00,2419.00,null,null,null
2023-09-06T00:45:02Z,26.07,61.31,99,0,32.33,101.80,1613.00,2419.00,0,0,0
2023-09-06T00:46:02Z,26.11,61.23,99,0,26.08,101.81,1598.00,2412.00,null,null,null
2023-09-06T00:47:02Z,26.07,61.18,99,0,30.31,101.81,1613.00,2419.00,null,null,null
2023-09-06T00:48:02Z,26.09,61.26,99,0,27.24,101.81,1613.00,2419.00,null,null,null
2023-09-06T00:49:02Z,26.09,61.25,99,0,25.84,101.81,1598.00,2412.00,null,null,null
2023-09-06T00:50:02Z,26.06,61.29,99,0,26.24,101.81,1598.00,2412.00,0,0,0
2023-09-06T00:51:02Z,26.07,61.23,99,0,27.14,101.81,1598.00,2412.00,null,null,null
2023-09-06T00:52:02Z,26.09,61.18,99,0,23.77,101.81,1613.00,2419.00,null,null,null
2023-09-06T00:53:02Z,26.07,61.27,99,0,27.89,101.80,1613.00,2419.00,null,null,null
2023-09-06T00:54:02Z,26.09,61.30,99,0,25.00,101.81,1598.00,2412.00,null,null,null
2023-09-06T00:55:02Z,26.07,61.31,99,0,26.78,101.80,1598.00,2412.00,0,0,0
2023-09-06T00:56:02Z,26.09,61.31,99,0,37.21,101.80,1572.00,2400.00,null,null,null
2023-09-06T00:57:02Z,26.09,61.29,99,0,26.11,101.81,1598.00,2412.00,null,null,null
2023-09-06T00:58:02Z,26.07,61.30,99,0,29.40,101.81,1598.00,2412.00,null,null,null
2023-09-06T00:59:02Z,26.09,61.31,99,0,28.60,101.81,1598.00,2412.00,null,null,null
2023-09-06T01:00:02Z,26.07,61.31,99,0,29.53,101.81,1598.00,2412.00,0,0,0
2023-09-06T01:01:02Z,26.07,61.22,99,0,26.87,101.81,1598.00,2412.00,null,null,null
2023-09-06T01:02:02Z,26.10,61.28,99,0,25.22,101.81,1583.00,2405.00,null,null,null
2023-09-06T01:03:02Z,26.09,61.30,99,0,27.16,101.81,1572.00,2400.00,null,null,null
2023-09-06T01:04:02Z,26.07,61.29,99,0,29.25,101.81,1572.00,2400.00,null,null,null
2023-09-06T01:05:02Z,26.06,61.34,99,0,25.84,101.81,1572.00,2400.00,0,0,0
2023-09-06T01:06:02Z,26.09,61.34,99,0,26.34,101.81,1542.00,2386.00,null,null,null
2023-09-06T01:07:02Z,26.09,61.22,99,0,30.31,101.81,1572.00,2400.00,null,null,null
2023-09-06T01:08:02Z,26.09,61.26,99,0,23.45,101.81,1557.00,2393.00,null,null,null
2023-09-06T01:09:02Z,26.04,61.24,99,0,27.45,101.81,1542.00,2386.00,null,null,null
2023-09-06T01:10:02Z,26.04,61.29,99,0,28.64,101.81,1557.00,2393.00,0,0,0
2023-09-06T01:11:02Z,26.06,61.30,99,0,23.68,101.81,1542.00,2386.00,null,null,null
2023-09-06T01:12:02Z,26.09,61.26,99,0,26.31,101.81,1542.00,2386.00,null,null,null
2023-09-06T01:13:02Z,26.09,61.26,99,0,26.64,101.81,1542.00,2386.00,null,null,null
2023-09-06T01:14:02Z,26.06,61.30,99,0,26.36,101.81,1542.00,2386.00,null,null,null
2023-09-06T01:15:02Z,26.06,61.28,99,0,28.25,101.81,1542.00,2386.00,0,0,0
2023-09-06T01:16:02Z,26.07,61.31,99,0,31.26,101.81,1515.00,2374.00,null,null,null
2023-09-06T01:17:02Z,26.07,61.21,99,0,27.77,101.81,1542.00,2386.00,null,null,null
2023-09-06T01:18:02Z,26.07,61.23,99,0,30.01,101.80,1557.00,2393.00,null,null,null
2023-09-06T01:19:02Z,26.07,61.27,99,0,25.70,101.80,1557.00,2393.00,null,null,null
2023-09-06T01:20:02Z,26.07,61.28,99,0,29.44,101.80,1542.00,2386.00,0,0,0
2023-09-06T01:21:02Z,26.09,61.21,99,0,26.78,101.81,1515.00,2374.00,null,null,null
2023-09-06T01:22:02Z,26.07,61.22,99,0,30.85,101.81,1528.00,2380.00,null,null,null
2023-09-06T01:23:02Z,26.09,61.20,99,0,26.50,101.81,1528.00,2380.00,null,null,null
2023-09-06T01:24:02Z,26.06,61.21,99,0,28.19,101.81,1528.00,2380.00,null,null,null
2023-09-06T01:25:02Z,26.07,61.28,99,0,31.56,101.80,1506.00,2372.00,0,0,0
2023-09-06T01:26:02Z,26.07,61.23,99,0,27.90,101.81,1492.00,2365.00,null,null,null
2023-09-06T01:27:02Z,26.09,61.19,99,0,32.04,101.81,1528.00,2380.00,null,null,null
2023-09-06T01:28:02Z,26.06,61.22,99,0,26.21,101.81,1506.00,2372.00,null,null,null
2023-09-06T01:29:02Z,26.07,61.20,99,0,29.04,101.81,1506.00,2372.00,null,null,null
2023-09-06T01:30:02Z,26.06,61.21,99,0,27.59,101.81,1506.00,2372.00,0,0,0
2023-09-06T01:31:02Z,26.07,61.21,99,0,26.03,101.81,1477.00,2359.00,null,null,null
2023-09-06T01:32:02Z,26.09,61.17,99,0,28.12,101.81,1506.00,2372.00,null,null,null
2023-09-06T01:33:02Z,26.07,61.19,99,0,28.01,101.81,1506.00,2372.00,null,null,null
2023-09-06T01:34:02Z,26.06,61.17,99,0,26.67,101.81,1506.00,2372.00,null,null,null
2023-09-06T01:35:02Z,26.04,61.18,99,0,27.69,101.81,1506.00,2372.00,0,0,0
2023-09-06T01:36:02Z,26.09,61.23,99,0,26.11,101.81,1506.00,2372.00,null,null,null
2023-09-06T01:37:02Z,26.07,61.17,99,0,26.95,101.81,1506.00,2372.00,null,null,null
2023-09-06T01:38:02Z,26.09,61.21,99,0,27.51,101.81,1506.00,2372.00,null,null,null
2023-09-06T01:39:02Z,26.07,61.17,99,0,36.36,101.81,1506.00,2372.00,null,null,null
2023-09-06T01:40:02Z,26.04,61.22,99,0,25.62,101.81,1506.00,2372.00,0,0,0
2023-09-06T01:41:02Z,26.06,61.22,99,0,25.90,101.81,1506.00,2372.00,null,null,null
2023-09-06T01:42:02Z,26.07,61.18,99,0,25.95,101.81,1506.00,2372.00,null,null,null
2023-09-06T01:43:02Z,26.06,61.12,99,0,27.26,101.81,1477.00,2359.00,null,null,null
2023-09-06T01:44:02Z,26.04,61.13,99,0,27.59,101.81,1477.00,2359.00,null,null,null
2023-09-06T01:45:02Z,26.06,61.13,99,0,26.06,101.81,1477.00,2359.00,0,0,0
2023-09-06T01:46:02Z,26.06,61.16,99,0,24.19,101.81,1477.00,2359.00,null,null,null
2023-09-06T01:47:02Z,26.04,61.10,99,0,29.71,101.81,1477.00,2359.00,null,null,null
2023-09-06T01:48:02Z,26.06,61.09,99,0,26.19,101.81,1457.00,2349.00,null,null,null
2023-09-06T01:49:02Z,26.07,61.15,99,0,26.62,101.81,1477.00,2359.00,null,null,null
2023-09-06T01:50:02Z,26.06,61.16,99,0,27.47,101.81,1477.00,2359.00,0,0,0
2023-09-06T01:51:02Z,26.06,61.12,99,0,28.04,101.80,1457.00,2349.00,null,null,null
2023-09-06T01:52:02Z,26.06,61.09,99,0,26.60,101.80,1477.00,2359.00,null,null,null
2023-09-06T01:53:02Z,26.04,61.13,99,0,28.04,101.80,1477.00,2359.00,null,null,null
2023-09-06T01:54:02Z,26.06,61.21,99,0,30.15,101.80,1457.00,2349.00,null,null,null
2023-09-06T01:55:02Z,26.03,61.20,99,0,24.07,101.80,1477.00,2359.00,0,0,0
2023-09-06T01:56:02Z,26.04,61.14,99,0,25.62,101.81,1477.00,2359.00,null,null,null
2023-09-06T01:57:02Z,26.09,61.10,99,0,29.44,101.80,1457.00,2349.00,null,null,null
2023-09-06T01:58:02Z,26.04,61.12,99,0,28.42,101.81,1477.00,2359.00,null,null,null
2023-09-06T01:59:02Z,26.04,61.14,99,0,25.90,101.81,1477.00,2359.00,null,null,null
2023-09-06T02:00:02Z,26.04,61.15,99,0,26.34,101.81,1477.00,2359.00,0,0,0
2023-09-06T02:01:02Z,26.06,61.19,99,0,27.84,101.81,1477.00,2359.00,null,null,null
2023-09-06T02:02:02Z,26.06,61.17,99,0,25.03,101.82,1477.00,2359.00,null,null,null
2023-09-06T02:03:02Z,26.04,61.15,99,0,28.01,101.82,1477.00,2359.00,null,null,null
2023-09-06T02:04:02Z,26.03,61.14,99,0,27.64,101.82,1477.00,2359.00,null,null,null
2023-09-06T02:05:02Z,26.01,61.18,99,0,28.63,101.81,1477.00,2359.00,0,0,0
2023-09-06T02:06:02Z,26.06,61.17,99,0,27.44,101.82,1477.00,2359.00,null,null,null
2023-09-06T02:07:02Z,26.06,61.11,99,0,29.60,101.82,1477.00,2359.00,null,null,null
2023-09-06T02:08:02Z,26.03,61.17,99,0,23.90,101.82,1477.00,2359.00,null,null,null
2023-09-06T02:09:02Z,26.06,61.16,99,0,27.14,101.82,1477.00,2359.00,null,null,null
2023-09-06T02:10:02Z,26.03,61.15,99,0,27.08,101.82,1477.00,2359.00,0,0,0
2023-09-06T02:11:02Z,26.04,61.09,99,0,27.94,101.82,1477.00,2359.00,null,null,null
2023-09-06T02:12:02Z,26.04,61.12,99,0,23.94,101.82,1477.00,2359.00,null,null,null
2023-09-06T02:13:02Z,26.04,61.15,99,0,27.85,101.82,1477.00,2359.00,null,null,null
2023-09-06T02:14:02Z,26.07,61.19,99,0,40.14,101.81,1477.00,2359.00,null,null,null
2023-09-06T02:15:02Z,26.01,61.15,99,0,25.92,101.81,1457.00,2349.00,0,0,0
2023-09-06T02:16:02Z,26.06,61.12,99,0,26.55,101.82,1477.00,2359.00,null,null,null
2023-09-06T02:17:02Z,26.09,61.09,99,0,25.41,101.82,1457.00,2349.00,null,null,null
2023-09-06T02:18:02Z,26.06,61.11,99,0,30.24,101.82,1457.00,2349.00,null,null,null
2023-09-06T02:19:02Z,26.04,61.15,99,0,26.55,101.82,1457.00,2349.00,null,null,null
2023-09-06T02:20:02Z,26.04,61.17,99,0,25.50,101.82,1457.00,2349.00,0,0,0
2023-09-06T02:21:02Z,26.03,61.13,99,0,26.03,101.82,1457.00,2349.00,null,null,null
2023-09-06T02:22:02Z,26.06,61.07,99,0,27.75,101.82,1457.00,2349.00,null,null,null
2023-09-06T02:23:02Z,26.01,61.14,99,0,27.02,101.83,1457.00,2349.00,null,null,null
2023-09-06T02:24:02Z,26.04,61.16,99,0,29.74,101.83,1457.00,2349.00,null,null,null
2023-09-06T02:25:02Z,26.04,61.13,99,0,27.06,101.83,1433.00,2336.00,0,0,0
2023-09-06T02:26:02Z,26.04,61.11,99,0,27.59,101.83,1433.00,2336.00,null,null,null
2023-09-06T02:27:02Z,26.04,61.13,99,0,24.76,101.83,1457.00,2349.00,null,null,null
2023-09-06T02:28:02Z,26.06,61.11,99,0,42.25,101.83,1457.00,2349.00,null,null,null
2023-09-06T02:29:02Z,26.01,61.14,99,0,28.47,101.83,1457.00,2349.00,null,null,null
2023-09-06T02:30:02Z,26.01,61.17,99,0,26.48,101.83,1457.00,2349.00,0,0,0
2023-09-06T02:31:02Z,26.04,61.13,99,0,22.72,101.83,1457.00,2349.00,null,null,null
2023-09-06T02:32:02Z,26.06,61.17,99,0,28.76,101.83,1457.00,2349.00,null,null,null
2023-09-06T02:33:02Z,26.03,61.12,99,0,25.59,101.83,1457.00,2349.00,null,null,null
2023-09-06T02:34:02Z,26.00,61.14,99,0,26.34,101.83,1457.00,2349.00,null,null,null
2023-09-06T02:35:02Z,26.03,61.16,99,0,26.87,101.83,1457.00,2349.00,0,0,0
2023-09-06T02:36:02Z,26.01,61.15,99,0,26.67,101.83,1457.00,2349.00,null,null,null
2023-09-06T02:37:02Z,26.06,61.11,99,0,27.30,101.83,1457.00,2349.00,null,null,null
2023-09-06T02:38:02Z,26.01,61.11,99,0,28.52,101.83,1457.00,2349.00,null,null,null
2023-09-06T02:39:02Z,26.03,61.13,99,0,27.28,101.83,1457.00,2349.00,null,null,null
2023-09-06T02:40:02Z,26.01,61.18,99,0,28.50,101.83,1457.00,2349.00,0,0,0
2023-09-06T02:41:02Z,26.01,61.14,99,0,29.77,101.83,1457.00,2349.00,null,null,null
2023-09-06T02:42:02Z,26.04,61.14,99,0,29.30,101.83,1457.00,2349.00,null,null,null
2023-09-06T02:43:02Z,26.03,61.11,99,0,28.81,101.83,1457.00,2349.00,null,null,null
2023-09-06T02:44:02Z,26.01,61.15,99,0,28.83,101.83,1457.00,2349.00,null,null,null
2023-09-06T02:45:02Z,26.03,61.13,99,0,26.19,101.83,1433.00,2336.00,0,0,0
2023-09-06T02:46:02Z,26.03,61.18,99,0,23.68,101.83,1433.00,2336.00,null,null,null
2023-09-06T02:47:02Z,26.03,61.13,99,0,24.96,101.83,1433.00,2336.00,null,null,null
2023-09-06T02:48:02Z,26.03,61.17,99,0,26.93,101.83,1433.00,2336.00,null,null,null
2023-09-06T02:49:02Z,26.03,61.15,99,0,25.53,101.83,1433.00,2336.00,null,null,null
2023-09-06T02:50:02Z,26.01,61.16,99,0,28.63,101.83,1433.00,2336.00,0,0,0
2023-09-06T02:51:02Z,26.00,61.11,99,0,23.72,101.83,1433.00,2336.00,null,null,null
2023-09-06T02:52:02Z,26.03,61.10,99,0,26.80,101.83,1433.00,2336.00,null,null,null
2023-09-06T02:53:02Z,26.01,61.14,99,0,27.59,101.83,1404.00,2322.00,null,null,null
2023-09-06T02:54:02Z,26.01,61.18,99,0,27.69,101.83,1404.00,2322.00,null,null,null
2023-09-06T02:55:02Z,26.00,61.11,99,0,28.87,101.83,1404.00,2322.00,0,0,0
2023-09-06T02:56:02Z,26.03,61.15,99,0,25.70,101.83,1404.00,2322.00,null,null,null
2023-09-06T02:57:02Z,26.03,61.09,99,0,30.28,101.83,1404.00,2322.00,null,null,null
2023-09-06T02:58:02Z,26.01,61.11,99,0,24.39,101.83,1404.00,2322.00,null,null,null
2023-09-06T02:59:02Z,25.99,61.16,99,0,23.25,101.83,1404.00,2322.00,null,null,null
