TIME,TEMP,HUM,BATT,LIGHT,NOISE_A,PRESS,CCS811_VOCS,CCS811_ECO2,PM_1,PM_25,PM_10
ISO 8601,C,%,%,Lux,dBA,kPa,ppb,ppm,ug/m3,ug/m3,ug/m3
Time,Temperature,Humidity,Battery,Light,Noise dBA,Barometric pressure,VOC Gas CCS811,eCO2 Gas CCS811,PM 1.0,PM 2.5,PM 10.0
,55,56,10,14,53,58,113,112,89,87,88
2023-09-13T00:00:03Z,26.62,60.14,99,0,31.12,101.73,202.00,1543.00,0,0,0
2023-09-13T00:01:03Z,26.62,60.03,99,0,27.47,101.73,202.00,1543.00,null,null,null
2023-09-13T00:02:03Z,26.62,60.01,99,0,28.74,101.73,202.00,1543.00,null,null,null
2023-09-13T00:03:03Z,26.61,60.04,99,0,27.16,101.72,202.00,1543.00,null,null,null
2023-09-13T00:04:03Z,26.60,60.04,99,0,29.21,101.73,202.00,1543.00,null,null,null
2023-09-13T00:05:03Z,26.60,59.99,99,0,29.67,101.73,202.00,1543.00,0,0,0
2023-09-13T00:06:03Z,26.64,59.95,99,0,26.29,101.73,202.00,1543.00,null,null,null
2023-09-13T00:07:03Z,26.64,60.00,99,0,25.92,101.73,202.00,1543.00,null,null,null
2023-09-13T00:08:03Z,26.62,59.95,99,0,28.01,101.73,202.00,1543.00,null,null,null
2023-09-13T00:09:03Z,26.62,60.00,99,0,28.36,101.73,202.00,1543.00,null,null,null
2023-09-13T00:10:03Z,26.58,60.07,99,0,27.08,101.73,202.00,1543.00,0,0,0
2023-09-13T00:11:03Z,26.61,59.95,99,0,26.21,101.73,202.00,1543.00,null,null,null
2023-09-13T00:12:03Z,26.62,59.95,99,0,26.19,101.73,202.00,1543.00,null,null,null
2023-09-13T00:13:03Z,26.60,60.00,99,0,25.79,101.73,202.00,1543.00,null,null,null
2023-09-13T00:14:03Z,26.60,59.99,99,0,29.35,101.73,202.00,1543.00,null,null,null
2023-09-13T00:15:03Z,26.61,60.03,99,0,28.19,101.73,198.00,1538.00,0,0,0
2023-09-13T00:16:03Z,26.62,59.81,99,0,29.20,101.73,198.00,1538.00,null,null,null
2023-09-13T00:17:03Z,26.61,59.96,99,0,27.64,101.73,198.00,1538.00,null,null,null
2023-09-13T00:18:03Z,26.61,59.92,99,0,24.61,101.73,198.00,1538.00,null,null,null
2023-09-13T00:19:03Z,26.58,60.00,99,0,25.00,101.73,198.00,1538.00,null,null,null
2023-09-13T00:20:03Z,26.57,59.84,99,0,25.50,101.73,198.00,1538.00,0,0,0
2023-09-13T00:21:03Z,26.62,59.94,99,0,25.26,101.73,198.00,1538.00,null,null,null
2023-09-13T00:22:03Z,26.61,59.75,99,0,26.91,101.74,198.00,1538.00,null,null,null
2023-09-13T00:23:03Z,26.60,59.84,99,0,25.98,101.74,194.00,1533.00,null,null,null
2023-09-13T00:24:03Z,26.61,59.81,99,0,25.87,101.73,194.00,1533.00,null,null,null
2023-09-13T00:25:03Z,26.57,59.79,99,0,26.00,101.73,194.00,1533.00,0,0,0
2023-09-13T00:26:03Z,26.61,59.74,99,0,28.54,101.74,194.00,1533.00,null,null,null
2023-09-13T00:27:03Z,26.60,59.79,99,0,27.77,101.73,197.00,1537.00,null,null,null
2023-09-13T00:28:03Z,26.61,59.95,99,0,28.25,101.74,194.00,1533.00,null,null,null
2023-09-13T00:29:03Z,26.58,59.82,99,0,25.44,101.74,194.00,1533.00,null,null,null
2023-09-13T00:30:03Z,26.55,59.78,99,0,25.65,101.74,194.00,1533.00,0,0,0
2023-09-13T00:31:03Z,26.58,59.74,99,0,29.13,101.75,189.00,1526.00,null,null,null
2023-09-13T00:32:03Z,26.60,59.69,99,0,27.89,101.75,192.00,1530.00,null,null,null
2023-09-13T00:33:03Z,26.61,59.69,99,0,23.15,101.75,192.00,1530.00,null,null,null
2023-09-13T00:34:03Z,26.58,59.80,99,0,29.64,101.75,192.00,1530.00,null,null,null
2023-09-13T00:35:03Z,26.60,59.79,99,0,28.34,101.76,189.00,1526.00,0,0,0
2023-09-13T00:36:03Z,26.60,59.68,99,0,24.19,101.76,189.00,1526.00,null,null,null
2023-09-13T00:37:03Z,26.60,59.61,99,0,28.02,101.76,189.00,1526.00,null,null,null
2023-09-13T00:38:03Z,26.60,59.67,99,0,25.87,101.76,189.00,1526.00,null,null,null
2023-09-13T00:39:03Z,26.58,59.56,99,0,23.81,101.76,189.00,1526.00,null,null,null
2023-09-13T00:40:03Z,26.55,59.56,99,0,26.46,101.76,189.00,1526.00,0,0,0
2023-09-13T00:41:03Z,26.58,59.65,99,0,27.45,101.76,189.00,1526.00,null,null,null
2023-09-13T00:42:03Z,26.58,59.52,99,0,28.01,101.77,189.00,1526.00,null,null,null
2023-09-13T00:43:03Z,26.61,59.62,99,0,28.64,101.76,189.00,1526.00,null,null,null
2023-09-13T00:44:03Z,26.58,59.52,99,0,25.16,101.77,186.00,1521.00,null,null,null
2023-09-13T00:45:03Z,26.58,59.50,99,0,24.11,101.77,186.00,1521.00,0,0,0
2023-09-13T00:46:03Z,26.58,59.52,99,0,27.85,101.77,186.00,1521.00,null,null,null
2023-09-13T00:47:03Z,26.61,59.52,99,0,28.04,101.77,186.00,1521.00,null,null,null
2023-09-13T00:48:03Z,26.60,59.52,99,0,28.42,101.77,186.00,1521.00,null,null,null
2023-09-13T00:49:03Z,26.55,59.45,99,0,29.09,101.78,186.00,1521.00,null,null,null
2023-09-13T00:50:03Z,26.57,59.47,99,0,26.38,101.77,186.00,1521.00,0,0,0
2023-09-13T00:51:03Z,26.60,59.37,99,0,26.55,101.78,186.00,1521.00,null,null,null
2023-09-13T00:52:03Z,26.58,59.41,99,0,27.71,101.78,181.00,1514.00,null,null,null
2023-09-13T00:53:03Z,26.58,59.45,99,0,27.89,101.78,186.00,1521.00,null,null,null
2023-09-13T00:54:03Z,26.58,59.40,99,0,24.93,101.78,181.00,1514.00,null,null,null
2023-09-13T00:55:03Z,26.55,59.40,99,0,27.92,101.78,181.00,1514.00,0,0,0
2023-09-13T00:56:03Z,26.58,59.43,99,0,27.26,101.78,181.00,1514.00,null,null,null
2023-09-13T00:57:03Z,26.57,59.40,99,0,28.12,101.78,181.00,1514.00,null,null,null
2023-09-13T00:58:03Z,26.55,59.34,99,0,25.44,101.79,181.00,1514.00,null,null,null
2023-09-13T00:59:03Z,26.55,59.23,99,0,38.73,101.77,181.00,1514.00,null,null,null
2023-09-13T01:00:03Z,26.55,59.29,99,0,29.00,101.78,184.00,1518.00,0,0,0
2023-09-13T01:01:03Z,26.58,59.26,99,0,25.53,101.78,178.00,1509.00,null,null,null
2023-09-13T01:02:03Z,26.58,59.14,99,0,27.42,101.78,178.00,1509.00,null,null,null
2023-09-13T01:03:03Z,26.58,59.18,99,0,35.64,101.78,181.00,1514.00,null,null,null
2023-09-13T01:04:03Z,26.57,59.22,99,0,29.48,101.79,181.00,1514.00,null,null,null
2023-09-13T01:05:03Z,26.55,59.23,99,0,28.06,101.79,181.00,1514.00,0,0,0
2023-09-13T01:06:03Z,26.55,59.25,99,0,25.76,101.78,177.00,1508.00,null,null,null
2023-09-13T01:07:03Z,26.54,59.08,99,0,28.30,101.79,178.00,1509.00,null,null,null
2023-09-13T01:08:03Z,26.58,59.22,99,0,26.76,101.79,177.00,1508.00,null,null,null
2023-09-13T01:09:03Z,26.54,59.18,99,0,25.90,101.79,177.00,1508.00,null,null,null
2023-09-13T01:10:03Z,26.55,59.14,99,0,25.98,101.79,177.00,1508.00,0,0,0
2023-09-13T01:11:03Z,26.55,59.21,99,0,26.55,101.80,177.00,1508.00,null,null,null
2023-09-13T01:12:03Z,26.54,59.13,99,0,27.14,101.79,173.00,1502.00,null,null,null
2023-09-13T01:13:03Z,26.55,59.07,99,0,27.87,101.79,173.00,1502.00,null,null,null
2023-09-13T01:14:03Z,26.52,59.15,99,0,25.76,101.80,177.00,1508.00,null,null,null
2023-09-13T01:15:03Z,26.52,58.97,99,0,25.32,101.80,177.00,1508.00,0,0,0
2023-09-13T01:16:03Z,26.54,59.02,99,0,24.61,101.80,173.00,1502.00,null,null,null
2023-09-13T01:17:03Z,26.55,58.82,99,0,27.53,101.80,170.00,1497.00,null,null,null
2023-09-13T01:18:03Z,26.55,58.86,99,0,27.08,101.80,170.00,1497.00,null,null,null
2023-09-13T01:19:03Z,26.54,58.93,99,0,28.14,101.80,170.00,1497.00,null,null,null
2023-09-13T01:20:03Z,26.52,58.98,99,0,28.22,101.80,170.00,1497.00,0,0,0
2023-09-13T01:21:03Z,26.54,58.94,99,0,27.53,101.80,170.00,1497.00,null,null,null
2023-09-13T01:22:03Z,26.55,58.90,99,0,25.00,101.80,170.00,1497.00,null,null,null
2023-09-13T01:23:03Z,26.55,58.75,99,0,29.42,101.81,166.00,1495.00,null,null,null
2023-09-13T01:24:03Z,26.52,58.95,99,0,29.40,101.80,166.00,1495.00,null,null,null
2023-09-13T01:25:03Z,26.51,59.02,99,0,28.81,101.81,166.00,1495.00,0,0,0
2023-09-13T01:26:03Z,26.52,58.91,99,0,28.64,101.81,173.00,1502.00,null,null,null
2023-09-13T01:27:03Z,26.54,58.83,99,0,30.83,101.81,177.00,1508.00,null,null,null
2023-09-13T01:28:03Z,26.51,58.79,99,0,25.59,101.81,173.00,1502.00,null,null,null
2023-09-13T01:29:03Z,26.51,58.77,99,0,29.32,101.81,170.00,1497.00,null,null,null
2023-09-13T01:30:03Z,26.51,58.83,99,0,27.97,101.81,166.00,1495.00,0,0,0
2023-09-13T01:31:03Z,26.54,58.70,99,0,26.97,101.81,166.00,1495.00,null,null,null
2023-09-13T01:32:03Z,26.51,58.63,99,0,29.22,101.82,168.00,1495.00,null,null,null
2023-09-13T01:33:03Z,26.55,58.58,99,0,25.53,101.83,164.00,1482.00,null,null,null
2023-09-13T01:34:03Z,26.51,58.71,99,0,26.43,101.82,164.00,1482.00,null,null,null
2023-09-13T01:35:03Z,26.50,58.66,99,0,28.30,101.82,164.00,1482.00,0,0,0
2023-09-13T01:36:03Z,26.52,58.68,99,0,25.98,101.82,161.00,1462.00,null,null,null
2023-09-13T01:37:03Z,26.51,58.64,99,0,26.26,101.83,164.00,1482.00,null,null,null
2023-09-13T01:38:03Z,26.52,58.53,99,0,28.33,101.83,164.00,1482.00,null,null,null
2023-09-13T01:39:03Z,26.51,58.62,99,0,28.60,101.82,161.00,1462.00,null,null,null
2023-09-13T01:40:03Z,26.50,58.79,99,0,29.26,101.83,161.00,1462.00,0,0,0
2023-09-13T01:41:03Z,26.51,58.73,99,0,30.47,101.83,159.00,1445.00,null,null,null
2023-09-13T01:42:03Z,26.52,58.50,99,0,25.03,101.83,161.00,1462.00,null,null,null
2023-09-13T01:43:03Z,26.52,58.36,99,0,30.49,101.83,161.00,1462.00,null,null,null
2023-09-13T01:44:03Z,26.50,58.57,99,0,27.57,101.84,161.00,1462.00,null,null,null
2023-09-13T01:45:03Z,26.48,58.47,99,0,27.02,101.84,161.00,1462.00,0,0,0
2023-09-13T01:46:03Z,26.50,58.52,99,0,27.92,101.84,158.00,1441.00,null,null,null
2023-09-13T01:47:03Z,26.52,58.51,99,0,29.32,101.84,161.00,1462.00,null,null,null
2023-09-13T01:48:03Z,26.51,58.70,99,0,31.73,101.84,158.00,1441.00,null,null,null
2023-09-13T01:49:03Z,26.51,58.58,99,0,23.15,101.84,161.00,1462.00,null,null,null
2023-09-13T01:50:03Z,26.50,58.45,99,0,26.99,101.84,161.00,1462.00,0,0,0
2023-09-13T01:51:03Z,26.51,58.50,99,0,25.90,101.84,158.00,1441.00,null,null,null
2023-09-13T01:52:03Z,26.54,58.43,99,0,25.79,101.84,158.00,1441.00,null,null,null
2023-09-13T01:53:03Z,26.50,58.43,99,0,39.99,101.84,158.00,1441.00,null,null,null
2023-09-13T01:54:03Z,26.51,58.31,99,0,26.34,101.84,158.00,1441.00,null,null,null
2023-09-13T01:55:03Z,26.47,58.47,99,0,25.73,101.84,158.00,1441.00,0,0,0
2023-09-13T01:56:03Z,26.52,58.34,99,0,26.43,101.84,154.00,1413.00,null,null,null
2023-09-13T01:57:03Z,26.52,58.24,99,0,27.02,101.84,158.00,1441.00,null,null,null
2023-09-13T01:58:03Z,26.51,58.39,99,0,25.98,101.84,156.00,1429.00,null,null,null
2023-09-13T01:59:03Z,26.48,58.38,99,0,28.83,101.85,154.00,1413.00,null,null,null
2023-09-13T02:00:03Z,26.50,58.37,99,0,29.00,101.84,154.00,1413.00,0,0,0
2023-09-13T02:01:03Z,26.48,58.43,99,0,30.24,101.84,151.00,1393.00,null,null,null
2023-09-13T02:02:03Z,26.51,58.31,99,0,27.57,101.84,154.00,1413.00,null,null,null
2023-09-13T02:03:03Z,26.48,58.33,99,0,26.76,101.85,154.00,1413.00,null,null,null
2023-09-13T02:04:03Z,26.48,58.39,99,0,26.29,101.84,154.00,1413.00,null,null,null
2023-09-13T02:05:03Z,26.44,58.45,99,0,27.22,101.84,154.00,1413.00,0,0,0
2023-09-13T02:06:03Z,26.50,58.16,99,0,27.62,101.85,154.00,1413.00,null,null,null
2023-09-13T02:07:03Z,26.50,58.16,99,0,28.02,101.84,156.00,1429.00,null,null,null
2023-09-13T02:08:03Z,26.50,58.44,99,0,30.19,101.85,156.00,1429.00,null,null,null
2023-09-13T02:09:03Z,26.51,58.35,99,0,24.46,101.84,154.00,1413.00,null,null,null
2023-09-13T02:10:03Z,26.47,58.44,99,0,28.37,101.85,154.00,1413.00,0,0,0
2023-09-13T02:11:03Z,26.48,58.25,99,0,26.50,101.85,151.00,1393.00,null,null,null
2023-09-13T02:12:03Z,26.48,58.22,99,0,27.66,101.85,151.00,1393.00,null,null,null
2023-09-13T02:13:03Z,26.48,58.15,99,0,29.28,101.85,153.00,1408.00,null,null,null
2023-09-13T02:14:03Z,26.47,58.40,99,0,22.83,101.85,153.00,1408.00,null,null,null
2023-09-13T02:15:03Z,26.47,58.34,99,0,27.10,101.85,151.00,1393.00,0,0,0
2023-09-13T02:16:03Z,26.48,58.31,99,0,27.04,101.85,154.00,1413.00,null,null,null
2023-09-13T02:17:03Z,26.48,58.11,99,0,23.98,101.85,151.00,1393.00,null,null,null
2023-09-13T02:18:03Z,26.50,58.20,99,0,28.50,101.85,153.00,1408.00,null,null,null
2023-09-13T02:19:03Z,26.48,58.09,99,0,28.45,101.85,153.00,1408.00,null,null,null
2023-09-13T02:20:03Z,26.45,58.23,99,0,29.28,101.85,153.00,1408.00,0,0,0
2023-09-13T02:21:03Z,26.50,58.16,99,0,25.32,101.86,153.00,1408.00,null,null,null
2023-09-13T02:22:03Z,26.48,58.08,99,0,26.87,101.85,153.00,1408.00,null,null,null
2023-09-13T02:23:03Z,26.47,58.19,99,0,24.68,101.86,153.00,1408.00,null,null,null
2023-09-13T02:24:03Z,26.48,58.03,99,0,32.48,101.86,151.00,1393.00,null,null,null
2023-09-13T02:25:03Z,26.47,58.06,99,0,25.00,101.86,151.00,1393.00,0,0,0
2023-09-13T02:26:03Z,26.45,58.22,99,0,25.50,101.86,151.00,1393.00,null,null,null
2023-09-13T02:27:03Z,26.50,58.00,99,0,25.56,101.86,146.00,1364.00,null,null,null
2023-09-13T02:28:03Z,26.47,58.18,99,0,29.36,101.86,151.00,1393.00,null,null,null
2023-09-13T02:29:03Z,26.44,58.23,99,0,29.89,101.86,151.00,1393.00,null,null,null
2023-09-13T02:30:03Z,26.45,58.00,99,0,24.35,101.86,151.00,1393.00,0,0,0
2023-09-13T02:31:03Z,26.45,58.32,99,0,26.57,101.87,151.00,1393.00,null,null,null
2023-09-13T02:32:03Z,26.47,58.10,99,0,24.96,101.86,148.00,1376.00,null,null,null
2023-09-13T02:33:03Z,26.50,57.79,99,0,26.46,101.87,151.00,1393.00,null,null,null
2023-09-13T02:34:03Z,26.48,58.03,99,0,24.15,101.87,146.00,1364.00,null,null,null
2023-09-13T02:35:03Z,26.44,58.17,99,0,26.71,101.87,146.00,1364.00,0,0,0
2023-09-13T02:36:03Z,26.47,57.99,99,0,29.61,101.87,146.00,1364.00,null,null,null
2023-09-13T02:37:03Z,26.47,57.98,99,0,26.43,101.87,146.00,1364.00,null,null,null
2023-09-13T02:38:03Z,26.48,57.88,99,0,24.39,101.87,146.00,1364.00,null,null,null
2023-09-13T02:39:03Z,26.45,58.01,99,0,26.29,101.87,146.00,1364.00,null,null,null
2023-09-13T02:40:03Z,26.47,58.00,99,0,23.77,101.87,146.00,1364.00,0,0,0
2023-09-13T02:41:03Z,26.45,57.97,99,0,28.12,101.87,146.00,1364.00,null,null,null
2023-09-13T02:42:03Z,26.47,57.99,99,0,29.79,101.87,144.00,1349.00,null,null,null
2023-09-13T02:43:03Z,26.47,57.79,99,0,24.50,101.87,146.00,1364.00,null,null,null
2023-09-13T02:44:03Z,26.45,57.91,99,0,28.67,101.87,144.00,1349.00,null,null,null
2023-09-13T02:45:03Z,26.45,57.88,99,0,30.40,101.88,144.00,1349.00,0,0,0
2023-09-13T02:46:03Z,26.44,57.87,99,0,24.79,101.88,144.00,1349.00,null,null,null
2023-09-13T02:47:03Z,26.48,57.93,99,0,24.19,101.88,144.00,1349.00,null,null,null
2023-09-13T02:48:03Z,26.48,57.92,99,0,26.55,101.87,141.00,1330.00,null,null,null
2023-09-13T02:49:03Z,26.44,57.89,99,0,32.65,101.87,141.00,1330.00,null,null,null
2023-09-13T02:50:03Z,26.43,57.97,99,0,24.89,101.87,141.00,1330.00,0,0,0
2023-09-13T02:51:03Z,26.47,57.96,99,0,26.57,101.87,141.00,1330.00,null,null,null
2023-09-13T02:52:03Z,26.45,57.96,99,0,27.69,101.87,141.00,1330.00,null,null,null
2023-09-13T02:53:03Z,26.47,57.79,99,0,27.99,101.87,141.00,1330.00,null,null,null
2023-09-13T02:54:03Z,26.45,57.82,99,0,26.21,101.87,141.00,1330.00,null,null,null
2023-09-13T02:55:03Z,26.44,57.91,99,0,27.02,101.87,141.00,1330.00,0,0,0
2023-09-13T02:56:03Z,26.44,58.00,99,0,28.70,101.88,141.00,1330.00,null,null,null
2023-09-13T02:57:03Z,26.48,57.72,99,0,25.73,101.87,141.00,1330.00,null,null,null
2023-09-13T02:58:03Z,26.45,57.83,99,0,26.87,101.87,143.00,1345.00,null,null,null
2023-09-13T02:59:03Z,26.45,57.82,99,0,30.60,101.87,139.00,1313.00,null,null,null
