TIME,TEMP,HUM,BATT,LIGHT,NOISE_A,PRESS,CCS811_VOCS,CCS811_ECO2,PM_1,PM_25,PM_10
ISO 8601,C,%,%,Lux,dBA,kPa,ppb,ppm,ug/m3,ug/m3,ug/m3
Time,Temperature,Humidity,Battery,Light,Noise dBA,Barometric pressure,VOC Gas CCS811,eCO2 Gas CCS811,PM 1.0,PM 2.5,PM 10.0
,55,56,10,14,53,58,113,112,89,87,88
2023-08-16T00:00:02Z,24.84,60.77,99,0,28.83,101.93,984.00,2130.00,0,0,0
2023-08-16T00:01:02Z,24.86,60.73,99,0,25.41,101.93,957.00,2116.00,null,null,null
2023-08-16T00:02:02Z,24.87,60.71,99,0,31.86,101.93,969.00,2122.00,null,null,null
2023-08-16T00:03:02Z,24.87,60.68,99,0,28.47,101.93,984.00,2130.00,null,null,null
2023-08-16T00:04:02Z,24.88,60.68,99,0,27.69,101.93,1009.00,2140.00,null,null,null
2023-08-16T00:05:02Z,24.87,60.74,99,0,24.35,101.93,1009.00,2140.00,0,0,0
2023-08-16T00:06:02Z,24.86,60.66,99,0,25.95,101.93,969.00,2122.00,null,null,null
2023-08-16T00:07:02Z,24.90,60.69,99,0,25.26,101.93,969.00,2122.00,null,null,null
2023-08-16T00:08:02Z,24.90,60.68,99,0,22.94,101.93,984.00,2130.00,null,null,null
2023-08-16T00:09:02Z,24.88,60.73,99,0,24.31,101.93,1009.00,2140.00,null,null,null
2023-08-16T00:10:02Z,24.88,60.77,99,0,27.87,101.93,984.00,2130.00,0,0,0
2023-08-16T00:11:02Z,24.87,60.69,99,0,26.50,101.93,957.00,2116.00,null,null,null
2023-08-16T00:12:02Z,24.88,60.68,99,0,25.90,101.93,984.00,2130.00,null,null,null
2023-08-16T00:13:02Z,24.90,60.69,99,0,24.72,101.93,984.00,2130.00,null,null,null
2023-08-16T00:14:02Z,24.87,60.70,99,0,24.31,101.93,1009.00,2140.00,null,null,null
2023-08-16T00:15:02Z,24.87,60.75,99,0,25.38,101.92,984.00,2130.00,0,0,0
2023-08-16T00:16:02Z,24.90,60.76,99,0,27.44,101.93,957.00,2116.00,null,null,null
2023-08-16T00:17:02Z,24.88,60.78,99,0,24.72,101.93,972.00,2124.00,null,null,null
2023-08-16T00:18:02Z,24.88,60.82,99,0,26.26,101.93,994.00,2134.00,null,null,null
2023-08-16T00:19:02Z,24.88,60.80,99,0,25.50,101.92,972.00,2124.00,null,null,null
2023-08-16T00:20:02Z,24.87,60.87,99,0,25.13,101.92,994.00,2134.00,0,0,0
2023-08-16T00:21:02Z,24.87,60.83,99,0,28.31,101.92,957.00,2116.00,null,null,null
2023-08-16T00:22:02Z,24.90,60.85,99,0,25.00,101.92,972.00,2124.00,null,null,null
2023-08-16T00:23:02Z,24.91,60.85,99,0,27.45,101.92,972.00,2124.00,null,null,null
2023-08-16T00:24:02Z,24.86,60.92,99,0,25.92,101.92,972.00,2124.00,null,null,null
2023-08-16T00:25:02Z,24.87,60.91,99,0,27.42,101.92,972.00,2124.00,0,0,0
2023-08-16T00:26:02Z,24.88,60.90,99,0,27.45,101.92,957.00,2116.00,null,null,null
2023-08-16T00:27:02Z,24.88,60.88,99,0,24.68,101.92,972.00,2124.00,null,null,null
2023-08-16T00:28:02Z,24.88,60.90,99,0,27.59,101.92,994.00,2134.00,null,null,null
2023-08-16T00:29:02Z,24.88,60.91,99,0,26.87,101.92,994.00,2134.00,null,null,null
2023-08-16T00:30:02Z,24.87,60.96,99,0,28.67,101.92,994.00,2134.00,0,0,0
2023-08-16T00:31:02Z,24.88,60.91,99,0,25.90,101.92,972.00,2124.00,null,null,null
2023-08-16T00:32:02Z,24.87,60.97,99,0,26.84,101.92,972.00,2124.00,null,null,null
2023-08-16T00:33:02Z,24.87,60.95,99,0,26.36,101.92,994.00,2134.00,null,null,null
2023-08-16T00:34:02Z,24.87,61.00,99,0,28.40,101.92,994.00,2134.00,null,null,null
2023-08-16T00:35:02Z,24.87,60.97,99,0,28.67,101.91,994.00,2134.00,0,0,0
2023-08-16T00:36:02Z,24.88,61.08,99,0,28.23,101.92,994.00,2134.00,null,null,null
2023-08-16T00:37:02Z,24.91,60.92,99,0,26.06,101.91,972.00,2124.00,null,null,null
2023-08-16T00:38:02Z,24.87,61.09,99,0,27.42,101.91,994.00,2134.00,null,null,null
2023-08-16T00:39:02Z,24.90,61.04,99,0,24.31,101.91,994.00,2134.00,null,null,null
2023-08-16T00:40:02Z,24.87,61.12,99,0,27.38,101.91,994.00,2134.00,0,0,0
2023-08-16T00:41:02Z,24.88,61.05,99,0,27.85,101.91,994.00,2134.00,null,null,null
2023-08-16T00:42:02Z,24.90,61.09,99,0,27.45,101.91,957.00,2116.00,null,null,null
2023-08-16T00:43:02Z,24.88,61.13,99,0,26.03,101.91,972.00,2124.00,null,null,null
2023-08-16T00:44:02Z,24.86,61.28,99,0,21.85,101.91,972.00,2124.00,null,null,null
2023-08-16T00:45:02Z,24.88,61.23,99,0,25.19,101.91,960.00,2118.00,0,0,0
2023-08-16T00:46:02Z,24.88,61.27,99,0,26.64,101.91,957.00,2116.00,null,null,null
2023-08-16T00:47:02Z,24.88,61.22,99,0,26.48,101.91,906.00,2094.00,null,null,null
2023-08-16T00:48:02Z,24.88,61.20,99,0,25.82,101.91,937.00,2108.00,null,null,null
2023-08-16T00:49:02Z,24.87,61.30,99,0,29.71,101.91,937.00,2108.00,null,null,null
2023-08-16T00:50:02Z,24.86,61.24,99,0,27.85,101.91,946.00,2112.00,0,0,0
2023-08-16T00:51:02Z,24.88,61.18,99,0,27.53,101.91,937.00,2108.00,null,null,null
2023-08-16T00:52:02Z,24.87,61.23,99,0,27.82,101.91,937.00,2108.00,null,null,null
2023-08-16T00:53:02Z,24.88,61.20,99,0,29.41,101.91,957.00,2116.00,null,null,null
2023-08-16T00:54:02Z,24.87,61.16,99,0,26.31,101.91,972.00,2124.00,null,null,null
2023-08-16T00:55:02Z,24.87,61.20,99,0,28.67,101.91,972.00,2124.00,0,0,0
2023-08-16T00:56:02Z,24.87,61.18,99,0,22.12,101.91,957.00,2116.00,null,null,null
2023-08-16T00:57:02Z,24.90,61.18,99,0,27.02,101.91,937.00,2108.00,null,null,null
2023-08-16T00:58:02Z,24.90,61.10,99,0,26.78,101.91,937.00,2108.00,null,null,null
2023-08-16T00:59:02Z,24.87,61.28,99,0,30.14,101.91,937.00,2108.00,null,null,null
2023-08-16T01:00:02Z,24.88,61.26,99,0,24.31,101.91,946.00,2112.00,0,0,0
2023-08-16T01:01:02Z,24.88,61.22,99,0,27.55,101.91,925.00,2102.00,null,null,null
2023-08-16T01:02:02Z,24.91,61.24,99,0,28.71,101.91,937.00,2108.00,null,null,null
2023-08-16T01:03:02Z,24.88,61.28,99,0,26.73,101.91,937.00,2108.00,null,null,null
2023-08-16T01:04:02Z,24.87,61.29,99,0,28.14,101.91,925.00,2102.00,null,null,null
2023-08-16T01:05:02Z,24.87,61.26,99,0,25.95,101.91,925.00,2102.00,0,0,0
2023-08-16T01:06:02Z,24.88,61.25,99,0,25.38,101.90,906.00,2094.00,null,null,null
2023-08-16T01:07:02Z,24.88,61.29,99,0,26.08,101.91,906.00,2094.00,null,null,null
2023-08-16T01:08:02Z,24.90,61.35,99,0,25.09,101.91,906.00,2094.00,null,null,null
2023-08-16T01:09:02Z,24.87,61.31,99,0,27.22,101.91,906.00,2094.00,null,null,null
2023-08-16T01:10:02Z,24.87,61.32,99,0,27.38,101.91,906.00,2094.00,0,0,0
2023-08-16T01:11:02Z,24.87,61.37,99,0,27.84,101.91,890.00,2084.00,null,null,null
2023-08-16T01:12:02Z,24.90,61.29,99,0,28.12,101.91,890.00,2084.00,null,null,null
2023-08-16T01:13:02Z,24.88,61.29,99,0,28.96,101.91,906.00,2094.00,null,null,null
2023-08-16T01:14:02Z,24.87,61.34,99,0,26.80,101.91,925.00,2102.00,null,null,null
2023-08-16T01:15:02Z,24.86,61.35,99,0,24.96,101.91,906.00,2094.00,0,0,0
2023-08-16T01:16:02Z,24.87,61.29,99,0,24.79,101.91,890.00,2084.00,null,null,null
2023-08-16T01:17:02Z,24.88,61.31,99,0,23.35,101.91,906.00,2094.00,null,null,null
2023-08-16T01:18:02Z,24.88,61.31,99,0,24.89,101.91,906.00,2094.00,null,null,null
2023-08-16T01:19:02Z,24.87,61.28,99,0,25.19,101.91,906.00,2094.00,null,null,null
2023-08-16T01:20:02Z,24.84,61.32,99,0,28.74,101.91,906.00,2094.00,0,0,0
2023-08-16T01:21:02Z,24.88,61.33,99,0,27.24,101.91,890.00,2084.00,null,null,null
2023-08-16T01:22:02Z,24.86,61.32,99,0,24.46,101.91,870.00,2074.00,null,null,null
2023-08-16T01:23:02Z,24.87,61.28,99,0,23.98,101.92,906.00,2094.00,null,null,null
2023-08-16T01:24:02Z,24.84,61.28,99,0,30.19,101.92,906.00,2094.00,null,null,null
2023-08-16T01:25:02Z,24.86,61.38,99,0,25.41,101.92,906.00,2094.00,0,0,0
2023-08-16T01:26:02Z,24.87,61.31,99,0,29.25,101.92,890.00,2084.00,null,null,null
2023-08-16T01:27:02Z,24.88,61.28,99,0,22.12,101.92,890.00,2084.00,null,null,null
2023-08-16T01:28:02Z,24.90,61.28,99,0,31.82,101.92,890.00,2084.00,null,null,null
2023-08-16T01:29:02Z,24.86,61.26,99,0,32.05,101.92,906.00,2094.00,null,null,null
2023-08-16T01:30:02Z,24.84,61.29,99,0,23.98,101.92,906.00,2094.00,0,0,0
2023-08-16T01:31:02Z,24.86,61.26,99,0,24.50,101.92,890.00,2084.00,null,null,null
2023-08-16T01:32:02Z,24.88,61.20,99,0,28.45,101.92,890.00,2084.00,null,null,null
2023-08-16T01:33:02Z,24.86,61.19,99,0,26.76,101.92,901.00,2090.00,null,null,null
2023-08-16T01:34:02Z,24.84,61.19,99,0,25.35,101.93,917.00,2098.00,null,null,null
2023-08-16T01:35:02Z,24.87,61.24,99,0,26.03,101.92,917.00,2098.00,0,0,0
2023-08-16T01:36:02Z,24.86,61.26,99,0,27.71,101.92,901.00,2090.00,null,null,null
2023-08-16T01:37:02Z,24.88,61.19,99,0,24.15,101.92,890.00,2084.00,null,null,null
2023-08-16T01:38:02Z,24.87,61.17,99,0,25.41,101.92,917.00,2098.00,null,null,null
2023-08-16T01:39:02Z,24.86,61.20,99,0,26.24,101.92,901.00,2090.00,null,null,null
2023-08-16T01:40:02Z,24.84,61.23,99,0,26.78,101.93,901.00,2090.00,0,0,0
2023-08-16T01:41:02Z,24.86,61.20,99,0,24.23,101.93,881.00,2080.00,null,null,null
2023-08-16T01:42:02Z,24.88,61.16,99,0,31.97,101.92,881.00,2080.00,null,null,null
2023-08-16T01:43:02Z,24.86,61.20,99,0,28.28,101.93,901.00,2090.00,null,null,null
2023-08-16T01:44:02Z,24.84,61.20,99,0,31.07,101.93,901.00,2090.00,null,null,null
2023-08-16T01:45:02Z,24.84,61.24,99,0,25.06,101.93,881.00,2080.00,0,0,0
2023-08-16T01:46:02Z,24.87,61.18,99,0,27.44,101.92,881.00,2080.00,null,null,null
2023-08-16T01:47:02Z,24.87,61.14,99,0,27.14,101.92,881.00,2080.00,null,null,null
2023-08-16T01:48:02Z,24.87,61.08,99,0,26.73,101.93,901.00,2090.00,null,null,null
2023-08-16T01:49:02Z,24.86,61.18,99,0,28.70,101.93,901.00,2090.00,null,null,null
2023-08-16T01:50:02Z,24.84,61.20,99,0,25.35,101.93,881.00,2080.00,0,0,0
2023-08-16T01:51:02Z,24.84,61.20,99,0,28.22,101.93,881.00,2080.00,null,null,null
2023-08-16T01:52:02Z,24.83,61.14,99,0,23.63,101.93,881.00,2080.00,null,null,null
2023-08-16T01:53:02Z,24.87,61.19,99,0,26.80,101.93,881.00,2080.00,null,null,null
2023-08-16T01:54:02Z,24.86,61.18,99,0,27.96,101.92,901.00,2090.00,null,null,null
2023-08-16T01:55:02Z,24.86,61.20,99,0,26.78,101.93,901.00,2090.00,0,0,0
2023-08-16T01:56:02Z,24.84,61.15,99,0,24.11,101.93,868.00,2072.00,null,null,null
2023-08-16T01:57:02Z,24.84,61.10,99,0,27.90,101.93,881.00,2080.00,null,null,null
2023-08-16T01:58:02Z,24.86,61.13,99,0,28.91,101.93,881.00,2080.00,null,null,null
2023-08-16T01:59:02Z,24.86,61.12,99,0,26.73,101.93,901.00,2090.00,null,null,null
2023-08-16T02:00:02Z,24.83,61.13,99,0,28.25,101.93,881.00,2080.00,0,0,0
2023-08-16T02:01:02Z,24.86,61.16,99,0,24.27,101.93,868.00,2072.00,null,null,null
2023-08-16T02:02:02Z,24.86,61.12,99,0,22.99,101.93,881.00,2080.00,null,null,null
2023-08-16T02:03:02Z,24.84,61.15,99,0,28.87,101.93,901.00,2090.00,null,null,null
2023-08-16T02:04:02Z,24.86,61.13,99,0,23.98,101.93,881.00,2080.00,null,null,null
2023-08-16T02:05:02Z,24.84,61.19,99,0,28.17,101.93,901.00,2090.00,0,0,0
2023-08-16T02:06:02Z,24.83,61.15,99,0,28.01,101.93,849.00,2064.00,null,null,null
2023-08-16T02:07:02Z,24.86,61.10,99,0,26.53,101.93,868.00,2072.00,null,null,null
2023-08-16T02:08:02Z,24.87,61.17,99,0,24.96,101.93,881.00,2080.00,null,null,null
2023-08-16T02:09:02Z,24.81,61.16,99,0,25.84,101.93,901.00,2090.00,null,null,null
2023-08-16T02:10:02Z,24.81,61.16,99,0,28.19,101.93,901.00,2090.00,0,0,0
2023-08-16T02:11:02Z,24.87,61.18,99,0,25.26,101.93,881.00,2080.00,null,null,null
2023-08-16T02:12:02Z,24.86,61.14,99,0,26.67,101.93,881.00,2080.00,null,null,null
2023-08-16T02:13:02Z,24.86,61.18,99,0,28.85,101.93,881.00,2080.00,null,null,null
2023-08-16T02:14:02Z,24.86,61.15,99,0,26.21,101.93,901.00,2090.00,null,null,null
2023-08-16T02:15:02Z,24.83,61.20,99,0,29.36,101.93,937.00,2108.00,0,0,0
2023-08-16T02:16:02Z,24.83,61.20,99,0,25.50,101.93,937.00,2108.00,null,null,null
2023-08-16T02:17:02Z,24.86,61.16,99,0,28.01,101.93,901.00,2090.00,null,null,null
2023-08-16T02:18:02Z,24.86,61.15,99,0,27.66,101.93,917.00,2098.00,null,null,null
2023-08-16T02:19:02Z,24.84,61.18,99,0,24.46,101.93,917.00,2098.00,null,null,null
2023-08-16T02:20:02Z,24.83,61.16,99,0,25.70,101.93,917.00,2098.00,0,0,0
2023-08-16T02:21:02Z,24.84,61.19,99,0,28.85,101.93,917.00,2098.00,null,null,null
2023-08-16T02:22:02Z,24.83,61.13,99,0,25.00,101.93,901.00,2090.00,null,null,null
2023-08-16T02:23:02Z,24.86,61.16,99,0,31.37,101.93,917.00,2098.00,null,null,null
2023-08-16T02:24:02Z,24.84,61.15,99,0,27.71,101.93,917.00,2098.00,null,null,null
2023-08-16T02:25:02Z,24.83,61.18,99,0,24.46,101.93,917.00,2098.00,0,0,0
2023-08-16T02:26:02Z,24.86,61.14,99,0,25.59,101.93,917.00,2098.00,null,null,null
2023-08-16T02:27:02Z,24.86,61.10,99,0,25.67,101.93,901.00,2090.00,null,null,null
2023-08-16T02:28:02Z,24.84,61.17,99,0,27.44,101.93,917.00,2098.00,null,null,null
2023-08-16T02:29:02Z,24.86,61.16,99,0,24.19,101.93,917.00,2098.00,null,null,null
2023-08-16T02:30:02Z,24.83,61.19,99,0,31.33,101.93,937.00,2108.00,0,0,0
2023-08-16T02:31:02Z,24.84,61.16,99,0,27.80,101.93,901.00,2090.00,null,null,null
2023-08-16T02:32:02Z,24.86,61.15,99,0,27.97,101.93,901.00,2090.00,null,null,null
2023-08-16T02:33:02Z,24.84,61.18,99,0,28.28,101.93,901.00,2090.00,null,null,null
2023-08-16T02:34:02Z,24.84,61.18,99,0,24.46,101.93,917.00,2098.00,null,null,null
2023-08-16T02:35:02Z,24.84,61.17,99,0,26.08,101.93,917.00,2098.00,0,0,0
2023-08-16T02:36:02Z,24.87,61.10,99,0,26.57,101.93,901.00,2090.00,null,null,null
2023-08-16T02:37:02Z,24.84,61.14,99,0,29.46,101.93,901.00,2090.00,null,null,null
2023-08-16T02:38:02Z,24.84,61.11,99,0,32.26,101.93,901.00,2090.00,null,null,null
2023-08-16T02:39:02Z,24.86,61.15,99,0,28.06,101.93,901.00,2090.00,null,null,null
2023-08-16T02:40:02Z,24.81,61.16,99,0,40.72,101.94,917.00,2098.00,0,0,0
2023-08-16T02:41:02Z,24.84,61.19,99,0,26.06,101.94,917.00,2098.00,null,null,null
2023-08-16T02:42:02Z,24.86,61.16,99,0,25.47,101.94,901.00,2090.00,null,null,null
2023-08-16T02:43:02Z,24.86,61.18,99,0,24.03,101.94,881.00,2080.00,null,null,null
2023-08-16T02:44:02Z,24.83,61.20,99,0,25.84,101.94,901.00,2090.00,null,null,null
2023-08-16T02:45:02Z,24.83,61.18,99,0,25.62,101.94,901.00,2090.00,0,0,0
2023-08-16T02:46:02Z,24.86,61.15,99,0,30.35,101.94,901.00,2090.00,null,null,null
2023-08-16T02:47:02Z,24.84,61.13,99,0,28.60,101.94,881.00,2080.00,null,null,null
2023-08-16T02:48:02Z,24.86,61.15,99,0,29.65,101.94,901.00,2090.00,null,null,null
2023-08-16T02:49:02Z,24.84,61.19,99,0,27.60,101.94,881.00,2080.00,null,null,null
2023-08-16T02:50:02Z,24.83,61.24,99,0,26.78,101.94,881.00,2080.00,0,0,0
2023-08-16T02:51:02Z,24.83,61.20,99,0,27.06,101.94,881.00,2080.00,null,null,null
2023-08-16T02:52:02Z,24.86,61.15,99,0,29.84,101.95,868.00,2072.00,null,null,null
2023-08-16T02:53:02Z,24.84,61.24,99,0,26.26,101.94,868.00,2072.00,null,null,null
2023-08-16T02:54:02Z,24.83,61.30,99,0,30.38,101.94,901.00,2090.00,null,null,null
2023-08-16T02:55:02Z,24.83,61.26,99,0,26.03,101.94,890.00,2084.00,0,0,0
2023-08-16T02:56:02Z,24.84,61.24,99,0,25.32,101.95,870.00,2074.00,null,null,null
2023-08-16T02:57:02Z,24.86,61.26,99,0,24.65,101.94,901.00,2090.00,null,null,null
2023-08-16T02:58:02Z,24.84,61.16,99,0,27.20,101.95,906.00,2094.00,null,null,null
2023-08-16T02:59:02Z,24.83,61.28,99,0,23.63,101.95,937.00,2108.00,null,null,null
