TIME,TEMP,HUM,BATT,LIGHT,NOISE_A,PRESS,CCS811_VOCS,CCS811_ECO2,PM_1,PM_25,PM_10
ISO 8601,C,%,%,Lux,dBA,kPa,ppb,ppm,ug/m3,ug/m3,ug/m3
Time,Temperature,Humidity,Battery,Light,Noise dBA,Barometric pressure,VOC Gas CCS811,eCO2 Gas CCS811,PM 1.0,PM 2.5,PM 10.0
,55,56,10,14,53,58,113,112,89,87,88
2023-08-30T00:00:03Z,24.19,57.03,99,0,28.19,100.87,321.00,1682.00,0,0,0
2023-08-30T00:01:03Z,24.18,57.03,99,0,24.27,100.87,321.00,1682.00,null,null,null
2023-08-30T00:02:03Z,24.18,56.95,99,0,26.76,100.87,321.00,1682.00,null,null,null
2023-08-30T00:03:03Z,24.19,56.97,99,0,30.14,100.87,316.00,1677.00,null,null,null
2023-08-30T00:04:03Z,24.16,56.98,99,0,27.49,100.87,316.00,1677.00,null,null,null
2023-08-30T00:05:03Z,24.19,57.01,99,0,24.65,100.87,321.00,1682.00,0,0,0
2023-08-30T00:06:03Z,24.19,56.97,99,0,31.96,100.87,316.00,1677.00,null,null,null
2023-08-30T00:07:03Z,24.21,56.89,99,0,26.71,100.87,321.00,1682.00,null,null,null
2023-08-30T00:08:03Z,24.19,56.88,99,0,23.90,100.87,321.00,1682.00,null,null,null
2023-08-30T00:09:03Z,24.21,56.91,99,0,27.69,100.87,321.00,1682.00,null,null,null
2023-08-30T00:10:03Z,24.16,56.95,99,0,29.12,100.87,321.00,1682.00,0,0,0
2023-08-30T00:11:03Z,24.19,56.93,99,0,23.49,100.87,321.00,1682.00,null,null,null
2023-08-30T00:12:03Z,24.21,56.91,99,0,26.46,100.87,316.00,1677.00,null,null,null
2023-08-30T00:13:03Z,24.19,56.87,99,0,25.76,100.87,310.00,1671.00,null,null,null
2023-08-30T00:14:03Z,24.19,56.93,99,0,25.06,100.86,316.00,1677.00,null,null,null
2023-08-30T00:15:03Z,24.16,56.87,99,0,24.61,100.87,316.00,1677.00,0,0,0
2023-08-30T00:16:03Z,24.21,56.94,99,0,29.00,100.86,310.00,1671.00,null,null,null
2023-08-30T00:17:03Z,24.21,56.87,99,0,23.90,100.87,310.00,1671.00,null,null,null
2023-08-30T00:18:03Z,24.19,56.90,99,0,25.65,100.87,310.00,1671.00,null,null,null
2023-08-30T00:19:03Z,24.19,56.88,99,0,27.28,100.87,310.00,1671.00,null,null,null
2023-08-30T00:20:03Z,24.19,56.88,99,0,27.78,100.87,316.00,1677.00,0,0,0
2023-08-30T00:21:03Z,24.22,56.83,99,0,27.55,100.87,310.00,1671.00,null,null,null
2023-08-30T00:22:03Z,24.19,56.81,99,0,28.85,100.87,310.00,1671.00,null,null,null
2023-08-30T00:23:03Z,24.21,56.86,99,0,27.71,100.87,316.00,1677.00,null,null,null
2023-08-30T00:24:03Z,24.21,56.84,99,0,26.36,100.87,321.00,1682.00,null,null,null
2023-08-30T00:25:03Z,24.19,56.84,99,0,25.90,100.87,321.00,1682.00,0,0,0
2023-08-30T00:26:03Z,24.21,56.85,99,0,24.19,100.87,310.00,1671.00,null,null,null
2023-08-30T00:27:03Z,24.22,56.83,99,0,27.80,100.87,310.00,1671.00,null,null,null
2023-08-30T00:28:03Z,24.19,56.78,99,0,24.19,100.87,310.00,1671.00,null,null,null
2023-08-30T00:29:03Z,24.18,56.79,99,0,26.89,100.87,310.00,1671.00,null,null,null
2023-08-30T00:30:03Z,24.16,56.81,99,0,27.73,100.87,305.00,1667.00,0,0,0
2023-08-30T00:31:03Z,24.22,56.78,99,0,25.32,100.87,300.00,1661.00,null,null,null
2023-08-30T00:32:03Z,24.19,56.74,99,0,24.72,100.86,305.00,1667.00,null,null,null
2023-08-30T00:33:03Z,24.21,56.72,99,0,26.89,100.86,308.00,1669.00,null,null,null
2023-08-30T00:34:03Z,24.19,56.78,99,0,27.08,100.86,313.00,1674.00,null,null,null
2023-08-30T00:35:03Z,24.18,56.76,99,0,25.59,100.87,310.00,1671.00,0,0,0
2023-08-30T00:36:03Z,24.23,56.74,99,0,28.81,100.86,305.00,1667.00,null,null,null
2023-08-30T00:37:03Z,24.22,56.76,99,0,27.75,100.86,308.00,1669.00,null,null,null
2023-08-30T00:38:03Z,24.22,56.78,99,0,25.47,100.86,300.00,1661.00,null,null,null
2023-08-30T00:39:03Z,24.18,56.79,99,0,25.62,100.86,305.00,1667.00,null,null,null
2023-08-30T00:40:03Z,24.16,56.78,99,0,25.16,100.86,305.00,1667.00,0,0,0
2023-08-30T00:41:03Z,24.21,56.74,99,0,23.72,100.85,300.00,1661.00,null,null,null
2023-08-30T00:42:03Z,24.23,56.73,99,0,29.15,100.85,313.00,1674.00,null,null,null
2023-08-30T00:43:03Z,24.19,56.67,99,0,26.64,100.85,313.00,1674.00,null,null,null
2023-08-30T00:44:03Z,24.21,56.69,99,0,26.99,100.85,313.00,1674.00,null,null,null
2023-08-30T00:45:03Z,24.18,56.68,99,0,22.78,100.85,308.00,1669.00,0,0,0
2023-08-30T00:46:03Z,24.21,56.68,99,0,31.72,100.85,308.00,1669.00,null,null,null
2023-08-30T00:47:03Z,24.21,56.59,99,0,26.87,100.84,308.00,1669.00,null,null,null
2023-08-30T00:48:03Z,24.21,56.67,99,0,25.16,100.84,308.00,1669.00,null,null,null
2023-08-30T00:49:03Z,24.19,56.65,99,0,25.73,100.85,303.00,1664.00,null,null,null
2023-08-30T00:50:03Z,24.18,56.74,99,0,27.18,100.84,308.00,1669.00,0,0,0
2023-08-30T00:51:03Z,24.21,56.62,99,0,28.02,100.84,308.00,1669.00,null,null,null
2023-08-30T00:52:03Z,24.18,56.57,99,0,24.46,100.84,308.00,1669.00,null,null,null
2023-08-30T00:53:03Z,24.21,56.65,99,0,25.50,100.84,303.00,1664.00,null,null,null
2023-08-30T00:54:03Z,24.21,56.61,99,0,25.29,100.84,303.00,1664.00,null,null,null
2023-08-30T00:55:03Z,24.19,56.63,99,0,27.24,100.84,299.00,1660.00,0,0,0
2023-08-30T00:56:03Z,24.21,56.64,99,0,29.20,100.84,299.00,1660.00,null,null,null
2023-08-30T00:57:03Z,24.21,56.67,99,0,25.82,100.84,303.00,1664.00,null,null,null
2023-08-30T00:58:03Z,24.21,56.56,99,0,26.84,100.83,299.00,1660.00,null,null,null
2023-08-30T00:59:03Z,24.18,56.67,99,0,27.84,100.83,299.00,1660.00,null,null,null
2023-08-30T01:00:03Z,24.18,56.69,99,0,27.40,100.83,299.00,1660.00,0,0,0
2023-08-30T01:01:03Z,24.22,56.59,99,0,26.21,100.84,299.00,1660.00,null,null,null
2023-08-30T01:02:03Z,24.19,56.59,99,0,29.44,100.83,292.00,1652.00,null,null,null
2023-08-30T01:03:03Z,24.19,56.60,99,0,23.59,100.83,292.00,1652.00,null,null,null
2023-08-30T01:04:03Z,24.21,56.61,99,0,28.04,100.84,292.00,1652.00,null,null,null
2023-08-30T01:05:03Z,24.22,56.56,99,0,25.50,100.83,292.00,1652.00,0,0,0
2023-08-30T01:06:03Z,24.19,56.60,99,0,23.35,100.83,292.00,1652.00,null,null,null
2023-08-30T01:07:03Z,24.21,56.61,99,0,26.06,100.83,287.00,1647.00,null,null,null
2023-08-30T01:08:03Z,24.21,56.60,99,0,23.81,100.84,292.00,1652.00,null,null,null
2023-08-30T01:09:03Z,24.19,56.55,99,0,26.53,100.83,292.00,1652.00,null,null,null
2023-08-30T01:10:03Z,24.18,56.59,99,0,25.50,100.83,287.00,1647.00,0,0,0
2023-08-30T01:11:03Z,24.21,56.64,99,0,27.14,100.84,287.00,1647.00,null,null,null
2023-08-30T01:12:03Z,24.21,56.62,99,0,29.22,100.84,287.00,1647.00,null,null,null
2023-08-30T01:13:03Z,24.22,56.54,99,0,24.23,100.84,292.00,1652.00,null,null,null
2023-08-30T01:14:03Z,24.21,56.56,99,0,24.15,100.84,292.00,1652.00,null,null,null
2023-08-30T01:15:03Z,24.19,56.46,99,0,23.72,100.83,292.00,1652.00,0,0,0
2023-08-30T01:16:03Z,24.19,56.49,99,0,26.11,100.84,292.00,1652.00,null,null,null
2023-08-30T01:17:03Z,24.21,56.47,99,0,26.67,100.83,292.00,1652.00,null,null,null
2023-08-30T01:18:03Z,24.19,56.51,99,0,22.43,100.83,287.00,1647.00,null,null,null
2023-08-30T01:19:03Z,24.18,56.54,99,0,28.89,100.83,287.00,1647.00,null,null,null
2023-08-30T01:20:03Z,24.18,56.50,99,0,28.04,100.83,283.00,1641.00,0,0,0
2023-08-30T01:21:03Z,24.19,56.40,99,0,24.72,100.83,283.00,1641.00,null,null,null
2023-08-30T01:22:03Z,24.21,56.41,99,0,25.90,100.83,283.00,1641.00,null,null,null
2023-08-30T01:23:03Z,24.19,56.50,99,0,25.00,100.83,283.00,1641.00,null,null,null
2023-08-30T01:24:03Z,24.16,56.43,99,0,24.11,100.84,283.00,1641.00,null,null,null
2023-08-30T01:25:03Z,24.18,56.56,99,0,26.78,100.84,283.00,1641.00,0,0,0
2023-08-30T01:26:03Z,24.19,56.48,99,0,25.87,100.84,283.00,1641.00,null,null,null
2023-08-30T01:27:03Z,24.22,56.42,99,0,25.29,100.84,283.00,1641.00,null,null,null
2023-08-30T01:28:03Z,24.19,56.42,99,0,25.79,100.84,283.00,1641.00,null,null,null
2023-08-30T01:29:03Z,24.19,56.52,99,0,28.06,100.84,276.00,1633.00,null,null,null
2023-08-30T01:30:03Z,24.18,56.50,99,0,26.43,100.84,283.00,1641.00,0,0,0
2023-08-30T01:31:03Z,24.19,56.47,99,0,30.50,100.84,276.00,1633.00,null,null,null
2023-08-30T01:32:03Z,24.19,56.49,99,0,30.29,100.84,276.00,1633.00,null,null,null
2023-08-30T01:33:03Z,24.22,56.45,99,0,24.76,100.84,276.00,1633.00,null,null,null
2023-08-30T01:34:03Z,24.19,56.52,99,0,25.76,100.84,276.00,1633.00,null,null,null
2023-08-30T01:35:03Z,24.16,56.43,99,0,28.44,100.84,276.00,1633.00,0,0,0
2023-08-30T01:36:03Z,24.19,56.41,99,0,28.67,100.84,276.00,1633.00,null,null,null
2023-08-30T01:37:03Z,24.21,56.38,99,0,25.84,100.83,276.00,1633.00,null,null,null
2023-08-30T01:38:03Z,24.21,56.41,99,0,25.22,100.83,272.00,1629.00,null,null,null
2023-08-30T01:39:03Z,24.18,56.45,99,0,26.55,100.83,272.00,1629.00,null,null,null
2023-08-30T01:40:03Z,24.16,56.45,99,0,25.09,100.83,272.00,1629.00,0,0,0
2023-08-30T01:41:03Z,24.18,56.38,99,0,27.38,100.83,272.00,1629.00,null,null,null
2023-08-30T01:42:03Z,24.19,56.31,99,0,26.00,100.83,272.00,1629.00,null,null,null
2023-08-30T01:43:03Z,24.21,56.32,99,0,25.70,100.83,272.00,1629.00,null,null,null
2023-08-30T01:44:03Z,24.19,56.41,99,0,24.65,100.83,267.00,1624.00,null,null,null
2023-08-30T01:45:03Z,24.18,56.41,99,0,25.76,100.83,267.00,1624.00,0,0,0
2023-08-30T01:46:03Z,24.19,56.40,99,0,28.36,100.83,267.00,1624.00,null,null,null
2023-08-30T01:47:03Z,24.19,56.31,99,0,28.31,100.83,267.00,1624.00,null,null,null
2023-08-30T01:48:03Z,24.22,56.28,99,0,27.64,100.83,267.00,1624.00,null,null,null
2023-08-30T01:49:03Z,24.19,56.36,99,0,25.90,100.83,276.00,1633.00,null,null,null
2023-08-30T01:50:03Z,24.18,56.34,99,0,27.75,100.83,267.00,1624.00,0,0,0
2023-08-30T01:51:03Z,24.19,56.31,99,0,27.20,100.83,264.00,1620.00,null,null,null
2023-08-30T01:52:03Z,24.19,56.32,99,0,31.29,100.83,267.00,1624.00,null,null,null
2023-08-30T01:53:03Z,24.19,56.25,99,0,29.74,100.83,272.00,1629.00,null,null,null
2023-08-30T01:54:03Z,24.19,56.37,99,0,25.06,100.83,267.00,1624.00,null,null,null
2023-08-30T01:55:03Z,24.18,56.25,99,0,27.97,100.83,272.00,1629.00,0,0,0
2023-08-30T01:56:03Z,24.18,56.31,99,0,23.68,100.83,272.00,1629.00,null,null,null
2023-08-30T01:57:03Z,24.16,56.24,99,0,26.99,100.84,267.00,1624.00,null,null,null
2023-08-30T01:58:03Z,24.18,56.24,99,0,26.93,100.84,272.00,1629.00,null,null,null
2023-08-30T01:59:03Z,24.18,56.21,99,0,23.40,100.84,272.00,1629.00,null,null,null
2023-08-30T02:00:03Z,24.16,56.37,99,0,34.70,100.84,272.00,1629.00,0,0,0
2023-08-30T02:01:03Z,24.18,56.19,99,0,27.57,100.84,264.00,1620.00,null,null,null
2023-08-30T02:02:03Z,24.19,56.13,99,0,31.95,100.84,272.00,1629.00,null,null,null
2023-08-30T02:03:03Z,24.21,56.32,99,0,28.57,100.84,277.00,1635.00,null,null,null
2023-08-30T02:04:03Z,24.16,56.15,99,0,25.92,100.84,267.00,1624.00,null,null,null
2023-08-30T02:05:03Z,24.16,56.20,99,0,24.86,100.83,272.00,1629.00,0,0,0
2023-08-30T02:06:03Z,24.18,56.10,99,0,28.61,100.83,272.00,1629.00,null,null,null
2023-08-30T02:07:03Z,24.19,56.21,99,0,28.55,100.83,272.00,1629.00,null,null,null
2023-08-30T02:08:03Z,24.18,56.14,99,0,26.55,100.83,272.00,1629.00,null,null,null
2023-08-30T02:09:03Z,24.16,56.07,99,0,26.08,100.84,272.00,1629.00,null,null,null
2023-08-30T02:10:03Z,24.15,56.17,99,0,26.34,100.84,272.00,1629.00,0,0,0
2023-08-30T02:11:03Z,24.18,56.17,99,0,24.15,100.84,272.00,1629.00,null,null,null
2023-08-30T02:12:03Z,24.18,56.25,99,0,26.06,100.83,272.00,1629.00,null,null,null
2023-08-30T02:13:03Z,24.16,56.15,99,0,25.44,100.84,267.00,1624.00,null,null,null
2023-08-30T02:14:03Z,24.18,56.23,99,0,29.33,100.83,277.00,1635.00,null,null,null
2023-08-30T02:15:03Z,24.16,56.10,99,0,25.35,100.83,277.00,1635.00,0,0,0
2023-08-30T02:16:03Z,24.16,56.14,99,0,24.43,100.83,272.00,1629.00,null,null,null
2023-08-30T02:17:03Z,24.18,56.01,99,0,30.23,100.83,277.00,1635.00,null,null,null
2023-08-30T02:18:03Z,24.18,56.03,99,0,24.83,100.83,272.00,1629.00,null,null,null
2023-08-30T02:19:03Z,24.18,56.08,99,0,25.26,100.83,277.00,1635.00,null,null,null
2023-08-30T02:20:03Z,24.16,56.16,99,0,26.76,100.83,272.00,1629.00,0,0,0
2023-08-30T02:21:03Z,24.18,56.10,99,0,29.28,100.83,272.00,1629.00,null,null,null
2023-08-30T02:22:03Z,24.19,56.14,99,0,24.72,100.83,272.00,1629.00,null,null,null
2023-08-30T02:23:03Z,24.18,56.01,99,0,29.89,100.83,277.00,1635.00,null,null,null
2023-08-30T02:24:03Z,24.16,55.92,99,0,26.16,100.83,272.00,1629.00,null,null,null
2023-08-30T02:25:03Z,24.15,56.06,99,0,26.99,100.83,272.00,1629.00,0,0,0
2023-08-30T02:26:03Z,24.16,55.99,99,0,26.38,100.84,268.00,1625.00,null,null,null
2023-08-30T02:27:03Z,24.18,56.01,99,0,27.06,100.84,268.00,1625.00,null,null,null
2023-08-30T02:28:03Z,24.16,55.94,99,0,26.38,100.84,268.00,1625.00,null,null,null
2023-08-30T02:29:03Z,24.15,56.05,99,0,29.09,100.84,264.00,1620.00,null,null,null
2023-08-30T02:30:03Z,24.16,55.98,99,0,26.38,100.84,264.00,1620.00,0,0,0
2023-08-30T02:31:03Z,24.15,55.98,99,0,26.84,100.84,268.00,1625.00,null,null,null
2023-08-30T02:32:03Z,24.16,55.96,99,0,25.62,100.84,268.00,1625.00,null,null,null
2023-08-30T02:33:03Z,24.16,56.01,99,0,26.89,100.84,268.00,1625.00,null,null,null
2023-08-30T02:34:03Z,24.16,56.06,99,0,26.26,100.84,268.00,1625.00,null,null,null
2023-08-30T02:35:03Z,24.15,56.11,99,0,28.02,100.84,268.00,1625.00,0,0,0
2023-08-30T02:36:03Z,24.19,56.04,99,0,29.54,100.84,268.00,1625.00,null,null,null
2023-08-30T02:37:03Z,24.18,55.96,99,0,25.06,100.84,268.00,1625.00,null,null,null
2023-08-30T02:38:03Z,24.16,56.05,99,0,30.66,100.84,268.00,1625.00,null,null,null
2023-08-30T02:39:03Z,24.16,55.98,99,0,27.12,100.84,268.00,1625.00,null,null,null
2023-08-30T02:40:03Z,24.15,56.00,99,0,26.16,100.84,268.00,1625.00,0,0,0
2023-08-30T02:41:03Z,24.15,56.07,99,0,27.20,100.84,264.00,1620.00,null,null,null
2023-08-30T02:42:03Z,24.16,55.89,99,0,29.17,100.84,264.00,1620.00,null,null,null
2023-08-30T02:43:03Z,24.13,55.95,99,0,25.90,100.84,264.00,1620.00,null,null,null
2023-08-30T02:44:03Z,24.12,55.96,99,0,26.34,100.84,258.00,1614.00,null,null,null
2023-08-30T02:45:03Z,24.13,56.00,99,0,28.42,100.84,258.00,1614.00,0,0,0
2023-08-30T02:46:03Z,24.16,55.91,99,0,29.09,100.84,264.00,1620.00,null,null,null
2023-08-30T02:47:03Z,24.15,55.87,99,0,28.83,100.84,264.00,1620.00,null,null,null
2023-08-30T02:48:03Z,24.15,56.06,99,0,31.12,100.83,264.00,1620.00,null,null,null
2023-08-30T02:49:03Z,24.15,55.93,99,0,25.50,100.84,264.00,1620.00,null,null,null
2023-08-30T02:50:03Z,24.13,55.82,99,0,28.11,100.83,264.00,1620.00,0,0,0
2023-08-30T02:51:03Z,24.13,55.87,99,0,24.58,100.83,264.00,1620.00,null,null,null
2023-08-30T02:52:03Z,24.15,56.00,99,0,28.33,100.83,264.00,1620.00,null,null,null
2023-08-30T02:53:03Z,24.16,55.81,99,0,24.31,100.83,264.00,1620.00,null,null,null
2023-08-30T02:54:03Z,24.12,55.89,99,0,29.73,100.83,258.00,1614.00,null,null,null
2023-08-30T02:55:03Z,24.13,56.03,99,0,25.06,100.83,258.00,1614.00,0,0,0
2023-08-30T02:56:03Z,24.15,55.89,99,0,26.16,100.83,264.00,1620.00,null,null,null
2023-08-30T02:57:03Z,24.12,55.86,99,0,26.00,100.83,268.00,1625.00,null,null,null
2023-08-30T02:58:03Z,24.15,55.94,99,0,26.48,100.83,268.00,1625.00,null,null,null
2023-08-30T02:59:03Z,24.16,55.86,99,0,24.50,100.83,264.00,1620.00,null,null,null
