TIME,TEMP,HUM,BATT,LIGHT,NOISE_A,PRESS,CCS811_VOCS,CCS811_ECO2,PM_1,PM_25,PM_10
ISO 8601,C,%,%,Lux,dBA,kPa,ppb,ppm,ug/m3,ug/m3,ug/m3
Time,Temperature,Humidity,Battery,Light,Noise dBA,Barometric pressure,VOC Gas CCS811,eCO2 Gas CCS811,PM 1.0,PM 2.5,PM 10.0
,55,56,10,14,53,58,113,112,89,87,88
2023-08-13T00:00:20Z,21.77,64.77,99,0,37.27,101.39,90.00,997.00,null,null,null
2023-08-13T00:01:20Z,21.77,64.71,99,0,37.00,101.38,83.00,951.00,null,null,null
2023-08-13T00:02:20Z,21.77,64.70,99,0,35.17,101.39,87.00,977.00,null,null,null
2023-08-13T00:03:20Z,21.73,64.67,99,0,47.41,101.38,93.00,1014.00,0,0,0
2023-08-13T00:04:20Z,21.75,64.73,99,0,36.11,101.38,90.00,992.00,null,null,null
2023-08-13T00:05:20Z,21.78,64.68,99,0,41.74,101.39,87.00,977.00,null,null,null
2023-08-13T00:06:20Z,21.78,64.72,99,0,38.37,101.38,93.00,1014.00,null,null,null
2023-08-13T00:07:20Z,21.79,64.63,99,0,43.09,101.38,93.00,1014.00,null,null,null
2023-08-13T00:08:20Z,21.78,64.68,99,0,40.18,101.39,108.00,1113.00,0,0,0
2023-08-13T00:09:20Z,21.79,64.62,99,0,45.43,101.39,102.00,1071.00,null,null,null
2023-08-13T00:10:20Z,21.81,64.58,99,0,36.56,101.39,105.00,1095.00,null,null,null
2023-08-13T00:11:20Z,21.82,64.58,99,0,41.60,101.39,99.00,1056.00,null,null,null
2023-08-13T00:12:20Z,21.81,64.62,99,0,38.91,101.39,99.00,1056.00,null,null,null
2023-08-13T00:13:20Z,21.79,64.56,99,0,39.88,101.39,87.00,977.00,0,0,0
2023-08-13T00:14:20Z,21.81,64.51,99,0,36.64,101.39,85.00,961.00,null,null,null
2023-08-13T00:15:20Z,21.84,64.50,99,0,41.90,101.39,93.00,1014.00,null,null,null
2023-08-13T00:16:20Z,21.82,64.52,99,0,36.67,101.39,91.00,1001.00,null,null,null
2023-08-13T00:17:20Z,21.82,64.41,99,0,38.04,101.39,91.00,1001.00,null,null,null
2023-08-13T00:18:20Z,21.82,64.45,99,0,43.70,101.39,93.00,1014.00,0,0,0
2023-08-13T00:19:20Z,21.82,64.44,99,0,43.37,101.39,75.00,895.00,null,null,null
2023-08-13T00:20:20Z,21.84,64.45,99,0,43.00,101.39,91.00,1001.00,null,null,null
2023-08-13T00:21:20Z,21.85,64.42,99,0,32.32,101.39,85.00,961.00,null,null,null
2023-08-13T00:22:20Z,21.85,64.49,99,0,46.17,101.39,91.00,1001.00,null,null,null
2023-08-13T00:23:20Z,21.85,64.45,99,0,45.03,101.39,96.00,1035.00,0,0,0
2023-08-13T00:24:20Z,21.85,64.37,99,0,35.67,101.39,85.00,961.00,null,null,null
2023-08-13T00:25:20Z,21.86,64.40,99,0,41.60,101.39,91.00,1001.00,null,null,null
2023-08-13T00:26:20Z,21.86,64.41,99,0,33.08,101.39,108.00,1113.00,null,null,null
2023-08-13T00:27:20Z,21.88,64.38,99,0,38.41,101.39,105.00,1095.00,null,null,null
2023-08-13T00:28:20Z,21.85,64.36,99,0,39.30,101.39,105.00,1095.00,0,0,0
2023-08-13T00:29:20Z,21.86,64.39,99,0,40.68,101.39,99.00,1056.00,null,null,null
2023-08-13T00:30:20Z,21.85,64.40,99,0,41.06,101.39,96.00,1035.00,null,null,null
2023-08-13T00:31:20Z,21.88,64.36,99,0,39.63,101.40,102.00,1071.00,null,null,null
2023-08-13T00:32:20Z,21.86,64.37,99,0,37.70,101.39,93.00,1014.00,null,null,null
2023-08-13T00:33:20Z,21.88,64.37,99,0,37.04,101.39,91.00,1001.00,0,0,0
2023-08-13T00:34:20Z,21.86,64.27,99,0,38.15,101.39,73.00,882.00,null,null,null
2023-08-13T00:35:20Z,21.86,64.38,99,0,49.58,101.39,83.00,949.00,null,null,null
2023-08-13T00:36:20Z,21.86,64.32,99,0,34.36,101.39,87.00,977.00,null,null,null
2023-08-13T00:37:20Z,21.88,64.35,99,0,34.53,101.40,99.00,1056.00,null,null,null
2023-08-13T00:38:20Z,21.85,64.30,99,0,42.44,101.39,105.00,1095.00,0,0,0
2023-08-13T00:39:20Z,21.88,64.37,99,0,39.97,101.38,85.00,961.00,null,null,null
2023-08-13T00:40:20Z,21.86,64.35,99,0,37.94,101.38,99.00,1056.00,null,null,null
2023-08-13T00:41:20Z,21.88,64.27,99,0,40.37,101.38,108.00,1113.00,null,null,null
2023-08-13T00:42:20Z,21.89,64.25,99,0,32.81,101.38,111.00,1131.00,null,null,null
2023-08-13T00:43:20Z,21.88,64.35,99,0,41.58,101.38,93.00,1014.00,0,0,0
2023-08-13T00:44:20Z,21.86,64.33,99,0,36.07,101.37,93.00,1014.00,null,null,null
2023-08-13T00:45:20Z,21.88,64.40,99,0,35.07,101.37,111.00,1131.00,null,null,null
2023-08-13T00:46:20Z,21.88,64.39,99,0,37.49,101.37,102.00,1071.00,null,null,null
2023-08-13T00:47:20Z,21.86,64.36,99,0,36.78,101.38,105.00,1095.00,null,null,null
2023-08-13T00:48:20Z,21.88,64.36,99,0,38.05,101.38,102.00,1071.00,0,0,0
2023-08-13T00:49:20Z,21.88,64.26,99,0,34.50,101.37,93.00,1014.00,null,null,null
2023-08-13T00:50:20Z,21.85,64.33,99,0,40.71,101.37,115.00,1156.00,null,null,null
2023-08-13T00:51:20Z,21.86,64.39,99,0,38.40,101.37,122.00,1201.00,null,null,null
2023-08-13T00:52:20Z,21.88,64.37,99,0,32.49,101.37,115.00,1156.00,null,null,null
2023-08-13T00:53:20Z,21.88,64.36,99,0,36.95,101.37,105.00,1095.00,0,0,0
2023-08-13T00:54:20Z,21.88,64.41,99,0,37.04,101.37,96.00,1035.00,null,null,null
2023-08-13T00:55:20Z,21.89,64.36,99,0,39.45,101.37,102.00,1071.00,null,null,null
2023-08-13T00:56:20Z,21.86,64.34,99,0,36.66,101.37,111.00,1131.00,null,null,null
2023-08-13T00:57:20Z,21.88,64.42,99,0,35.94,101.37,105.00,1095.00,null,null,null
2023-08-13T00:58:20Z,21.88,64.41,99,0,32.65,101.37,108.00,1113.00,0,0,0
2023-08-13T00:59:20Z,21.88,64.38,99,0,45.50,101.38,96.00,1035.00,null,null,null
2023-08-13T01:00:20Z,21.88,64.34,99,0,40.92,101.37,99.00,1056.00,null,null,null
2023-08-13T01:01:20Z,21.91,64.35,99,0,38.18,101.37,99.00,1056.00,null,null,null
2023-08-13T01:02:20Z,21.89,64.29,99,0,39.40,101.37,105.00,1095.00,null,null,null
2023-08-13T01:03:20Z,21.89,64.35,99,0,31.52,101.37,125.00,1224.00,0,0,0
2023-08-13T01:04:20Z,21.93,64.36,99,0,42.76,101.37,102.00,1071.00,null,null,null
2023-08-13T01:05:20Z,21.91,64.37,99,0,39.28,101.37,108.00,1113.00,null,null,null
2023-08-13T01:06:20Z,21.91,64.39,99,0,36.77,101.37,111.00,1131.00,null,null,null
2023-08-13T01:07:20Z,21.91,64.35,99,0,37.06,101.37,102.00,1071.00,null,null,null
2023-08-13T01:08:20Z,21.89,64.32,99,0,41.87,101.37,102.00,1071.00,0,0,0
2023-08-13T01:09:20Z,21.93,64.29,99,0,38.39,101.37,99.00,1056.00,null,null,null
2023-08-13T01:10:20Z,21.92,64.27,99,0,34.13,101.36,117.00,1174.00,null,null,null
2023-08-13T01:11:20Z,21.91,64.33,99,0,39.02,101.37,117.00,1174.00,null,null,null
2023-08-13T01:12:20Z,21.93,64.29,99,0,40.68,101.37,115.00,1156.00,null,null,null
2023-08-13T01:13:20Z,21.92,64.22,99,0,34.95,101.36,117.00,1174.00,0,0,0
2023-08-13T01:14:20Z,21.91,64.22,99,0,35.88,101.36,118.00,1181.00,null,null,null
2023-08-13T01:15:20Z,21.91,64.22,99,0,42.95,101.37,122.00,1207.00,null,null,null
2023-08-13T01:16:20Z,21.92,64.22,99,0,42.84,101.36,112.00,1137.00,null,null,null
2023-08-13T01:17:20Z,21.95,64.27,99,0,42.55,101.37,122.00,1207.00,null,null,null
2023-08-13T01:18:20Z,21.95,64.22,99,0,37.13,101.36,125.00,1224.00,0,0,0
2023-08-13T01:19:20Z,21.92,64.26,99,0,33.60,101.36,109.00,1122.00,null,null,null
2023-08-13T01:20:20Z,21.93,64.21,99,0,38.77,101.36,122.00,1201.00,null,null,null
2023-08-13T01:21:20Z,21.92,64.26,99,0,38.97,101.37,129.00,1252.00,null,null,null
2023-08-13T01:22:20Z,21.95,64.28,99,0,36.46,101.37,134.00,1285.00,null,null,null
2023-08-13T01:23:20Z,21.91,64.28,99,0,38.85,101.37,130.00,1259.00,0,0,0
2023-08-13T01:24:20Z,21.95,64.28,99,0,32.47,101.37,111.00,1131.00,null,null,null
2023-08-13T01:25:20Z,21.95,64.25,99,0,32.57,101.37,117.00,1174.00,null,null,null
2023-08-13T01:26:20Z,21.93,64.22,99,0,41.01,101.37,125.00,1224.00,null,null,null
2023-08-13T01:27:20Z,21.96,64.27,99,0,35.87,101.37,143.00,1341.00,null,null,null
2023-08-13T01:28:20Z,21.95,64.29,99,0,39.40,101.37,134.00,1285.00,0,0,0
2023-08-13T01:29:20Z,21.95,64.29,99,0,38.79,101.37,122.00,1201.00,null,null,null
2023-08-13T01:30:20Z,21.95,64.28,99,0,38.24,101.37,122.00,1201.00,null,null,null
2023-08-13T01:31:20Z,21.96,64.21,99,0,41.12,101.37,130.00,1259.00,null,null,null
2023-08-13T01:32:20Z,21.95,64.17,99,0,42.86,101.37,131.00,1266.00,null,null,null
2023-08-13T01:33:20Z,21.96,64.18,99,0,37.52,101.37,135.00,1291.00,0,0,0
2023-08-13T01:34:20Z,21.98,64.29,99,0,35.32,101.37,118.00,1181.00,null,null,null
2023-08-13T01:35:20Z,22.00,64.29,99,0,35.99,101.37,134.00,1285.00,null,null,null
2023-08-13T01:36:20Z,21.96,64.26,99,0,50.54,101.37,128.00,1245.00,null,null,null
2023-08-13T01:37:20Z,21.95,64.17,99,0,34.43,101.37,128.00,1245.00,null,null,null
2023-08-13T01:38:20Z,21.98,64.26,99,0,40.00,101.37,138.00,1310.00,0,0,0
2023-08-13T01:39:20Z,21.99,64.25,99,0,37.33,101.37,122.00,1201.00,null,null,null
2023-08-13T01:40:20Z,21.99,64.25,99,0,37.86,101.37,125.00,1224.00,null,null,null
2023-08-13T01:41:20Z,21.98,64.24,99,0,39.03,101.37,125.00,1224.00,null,null,null
2023-08-13T01:42:20Z,21.98,64.18,99,0,34.40,101.37,129.00,1252.00,null,null,null
2023-08-13T01:43:20Z,21.98,64.22,99,0,39.64,101.37,143.00,1341.00,0,0,0
2023-08-13T01:44:20Z,21.98,64.24,99,0,36.73,101.37,131.00,1266.00,null,null,null
2023-08-13T01:45:20Z,21.98,64.28,99,0,33.92,101.37,131.00,1266.00,null,null,null
2023-08-13T01:46:20Z,21.99,64.30,99,0,27.34,101.37,128.00,1245.00,null,null,null
2023-08-13T01:47:20Z,21.99,64.29,99,0,42.57,101.37,128.00,1245.00,null,null,null
2023-08-13T01:48:20Z,21.99,64.28,99,0,37.01,101.37,125.00,1224.00,0,0,0
2023-08-13T01:49:20Z,21.98,64.27,99,0,41.40,101.36,111.00,1131.00,null,null,null
2023-08-13T01:50:20Z,22.00,64.30,99,0,37.21,101.36,117.00,1174.00,null,null,null
2023-08-13T01:51:20Z,21.99,64.33,99,0,36.89,101.37,128.00,1245.00,null,null,null
2023-08-13T01:52:20Z,21.98,64.34,99,0,32.64,101.36,137.00,1302.00,null,null,null
2023-08-13T01:53:20Z,21.99,64.34,99,0,42.51,101.36,142.00,1334.00,0,0,0
2023-08-13T01:54:20Z,22.00,64.36,99,0,39.24,101.36,125.00,1224.00,null,null,null
2023-08-13T01:55:20Z,22.00,64.22,99,0,28.63,101.36,115.00,1156.00,null,null,null
2023-08-13T01:56:20Z,21.99,64.28,99,0,30.63,101.36,146.00,1364.00,null,null,null
2023-08-13T01:57:20Z,22.02,64.31,99,0,41.76,101.36,142.00,1334.00,null,null,null
2023-08-13T01:58:20Z,21.99,64.25,99,0,45.01,101.36,142.00,1334.00,0,0,0
2023-08-13T01:59:20Z,22.00,64.34,99,0,31.63,101.36,134.00,1285.00,null,null,null
2023-08-13T02:00:20Z,22.00,64.28,99,0,39.43,101.36,142.00,1334.00,null,null,null
2023-08-13T02:01:20Z,21.99,64.31,99,0,36.38,101.36,142.00,1334.00,null,null,null
2023-08-13T02:02:20Z,22.00,64.29,99,0,37.41,101.36,137.00,1302.00,null,null,null
2023-08-13T02:03:20Z,22.00,64.35,99,0,32.40,101.35,142.00,1334.00,0,0,0
2023-08-13T02:04:20Z,22.02,64.37,99,0,36.13,101.35,111.00,1131.00,null,null,null
2023-08-13T02:05:20Z,22.00,64.27,99,0,36.03,101.35,117.00,1174.00,null,null,null
2023-08-13T02:06:20Z,22.03,64.27,99,0,33.43,101.36,134.00,1285.00,null,null,null
2023-08-13T02:07:20Z,22.00,64.25,99,0,39.41,101.36,134.00,1285.00,null,null,null
2023-08-13T02:08:20Z,21.99,64.30,99,0,37.80,101.35,150.00,1389.00,0,0,0
2023-08-13T02:09:20Z,22.00,64.35,99,0,34.92,101.35,122.00,1201.00,null,null,null
2023-08-13T02:10:20Z,22.00,64.31,99,0,35.46,101.35,117.00,1174.00,null,null,null
2023-08-13T02:11:20Z,22.00,64.27,99,0,48.90,101.35,128.00,1245.00,null,null,null
2023-08-13T02:12:20Z,22.00,64.34,99,0,31.47,101.35,150.00,1389.00,null,null,null
2023-08-13T02:13:20Z,21.99,64.29,99,0,42.83,101.35,145.00,1356.00,0,0,0
2023-08-13T02:14:20Z,22.00,64.30,99,0,32.29,101.35,128.00,1245.00,null,null,null
2023-08-13T02:15:20Z,22.00,64.37,99,0,33.31,101.35,128.00,1245.00,null,null,null
2023-08-13T02:16:20Z,21.99,64.36,99,0,33.56,101.35,134.00,1285.00,null,null,null
2023-08-13T02:17:20Z,21.98,64.36,99,0,41.13,101.36,137.00,1302.00,null,null,null
2023-08-13T02:18:20Z,22.00,64.38,99,0,40.30,101.35,142.00,1334.00,0,0,0
2023-08-13T02:19:20Z,21.99,64.40,99,0,30.60,101.35,122.00,1201.00,null,null,null
2023-08-13T02:20:20Z,21.99,64.38,99,0,35.31,101.35,117.00,1174.00,null,null,null
2023-08-13T02:21:20Z,22.02,64.37,99,0,35.81,101.35,122.00,1201.00,null,null,null
2023-08-13T02:22:20Z,21.99,64.34,99,0,38.81,101.35,128.00,1245.00,null,null,null
2023-08-13T02:23:20Z,22.00,64.32,99,0,38.21,101.35,142.00,1334.00,0,0,0
2023-08-13T02:24:20Z,22.02,64.34,99,0,49.76,101.35,125.00,1224.00,null,null,null
2023-08-13T02:25:20Z,22.02,64.31,99,0,35.91,101.35,130.00,1259.00,null,null,null
2023-08-13T02:26:20Z,22.02,64.31,99,0,31.73,101.35,134.00,1285.00,null,null,null
2023-08-13T02:27:20Z,22.02,64.31,99,0,41.86,101.35,142.00,1334.00,null,null,null
2023-08-13T02:28:20Z,22.03,64.26,99,0,42.78,101.34,153.00,1408.00,0,0,0
2023-08-13T02:29:20Z,22.00,64.39,99,0,42.89,101.35,137.00,1302.00,null,null,null
2023-08-13T02:30:20Z,22.05,64.39,99,0,37.37,101.35,130.00,1259.00,null,null,null
2023-08-13T02:31:20Z,22.02,64.38,99,0,36.07,101.34,130.00,1259.00,null,null,null
2023-08-13T02:32:20Z,22.00,64.31,99,0,32.06,101.34,145.00,1356.00,null,null,null
2023-08-13T02:33:20Z,22.00,64.39,99,0,36.18,101.35,145.00,1356.00,0,0,0
2023-08-13T02:34:20Z,22.02,64.35,99,0,39.45,101.34,125.00,1224.00,null,null,null
2023-08-13T02:35:20Z,22.02,64.27,99,0,35.47,101.34,142.00,1334.00,null,null,null
2023-08-13T02:36:20Z,22.03,64.27,99,0,41.26,101.35,142.00,1334.00,null,null,null
2023-08-13T02:37:20Z,22.02,64.29,99,0,42.86,101.34,145.00,1356.00,null,null,null
2023-08-13T02:38:20Z,22.00,64.31,99,0,39.51,101.34,145.00,1356.00,0,0,0
2023-08-13T02:39:20Z,22.03,64.39,99,0,31.20,101.34,122.00,1201.00,null,null,null
2023-08-13T02:40:20Z,22.02,64.35,99,0,33.27,101.34,130.00,1259.00,null,null,null
2023-08-13T02:41:20Z,22.02,64.27,99,0,41.69,101.35,145.00,1356.00,null,null,null
2023-08-13T02:42:20Z,22.03,64.35,99,0,35.84,101.34,150.00,1389.00,null,null,null
2023-08-13T02:43:20Z,22.00,64.42,99,0,31.26,101.34,145.00,1356.00,0,0,0
2023-08-13T02:44:20Z,22.03,64.46,99,0,29.56,101.34,122.00,1201.00,null,null,null
2023-08-13T02:45:20Z,22.02,64.37,99,0,31.10,101.34,128.00,1245.00,null,null,null
2023-08-13T02:46:20Z,22.02,64.44,99,0,38.38,101.34,158.00,1441.00,null,null,null
2023-08-13T02:47:20Z,22.03,64.44,99,0,34.17,101.34,142.00,1334.00,null,null,null
2023-08-13T02:48:20Z,21.99,64.46,99,0,35.92,101.34,137.00,1302.00,0,0,0
2023-08-13T02:49:20Z,22.03,64.41,99,0,34.56,101.34,128.00,1245.00,null,null,null
2023-08-13T02:50:20Z,22.03,64.49,99,0,38.84,101.33,137.00,1302.00,null,null,null
2023-08-13T02:51:20Z,22.03,64.45,99,0,36.86,101.33,134.00,1285.00,null,null,null
2023-08-13T02:52:20Z,22.03,64.43,99,0,32.31,101.33,130.00,1259.00,null,null,null
2023-08-13T02:53:20Z,22.02,64.42,99,0,36.69,101.33,137.00,1302.00,0,0,0
2023-08-13T02:54:20Z,22.05,64.41,99,0,42.48,101.33,130.00,1259.00,null,null,null
2023-08-13T02:55:20Z,22.00,64.53,99,0,33.24,101.33,125.00,1224.00,null,null,null
2023-08-13T02:56:20Z,22.03,64.44,99,0,33.25,101.33,117.00,1174.00,null,null,null
2023-08-13T02:57:20Z,22.03,64.48,99,0,47.15,101.33,134.00,1285.00,null,null,null
2023-08-13T02:58:20Z,22.03,64.41,99,0,38.24,101.33,137.00,1302.00,0,0,0
2023-08-13T02:59:20Z,22.06,64.46,99,0,30.23,101.33,122.00,1201.00,null,null,null
