TIME,TEMP,HUM,BATT,LIGHT,NOISE_A,PRESS,CCS811_VOCS,CCS811_ECO2,PM_1,PM_25,PM_10
ISO 8601,C,%,%,Lux,dBA,kPa,ppb,ppm,ug/m3,ug/m3,ug/m3
Time,Temperature,Humidity,Battery,Light,Noise dBA,Barometric pressure,VOC Gas CCS811,eCO2 Gas CCS811,PM 1.0,PM 2.5,PM 10.0
,55,56,10,14,53,58,113,112,89,87,88
2023-09-06T00:00:02Z,27.25,59.02,49,0,34.47,101.74,425.00,1778.00,0,0,0
2023-09-06T00:01:02Z,27.27,58.93,49,0,31.87,101.74,420.00,1775.00,null,null,null
2023-09-06T00:02:02Z,27.29,59.03,49,0,29.50,101.74,413.00,1769.00,null,null,null
2023-09-06T00:03:02Z,27.32,59.00,49,0,38.63,101.74,425.00,1778.00,null,null,null
2023-09-06T00:04:02Z,27.31,58.90,49,0,46.91,101.74,425.00,1778.00,null,null,null
2023-09-06T00:05:02Z,27.31,58.87,49,0,36.64,101.75,425.00,1778.00,0,0,0
2023-09-06T00:06:02Z,27.32,58.91,49,0,36.36,101.74,420.00,1775.00,null,null,null
2023-09-06T00:07:02Z,27.32,58.83,48,0,41.24,101.75,420.00,1775.00,null,null,null
2023-09-06T00:08:02Z,27.32,58.81,49,0,33.70,101.74,435.00,1787.00,null,null,null
2023-09-06T00:09:02Z,27.37,58.93,49,0,37.23,101.75,441.00,1792.00,null,null,null
2023-09-06T00:10:02Z,27.37,58.78,49,0,34.06,101.74,441.00,1792.00,0,0,0
2023-09-06T00:11:02Z,27.38,58.77,48,0,32.10,101.74,441.00,1792.00,null,null,null
2023-09-06T00:12:02Z,27.35,58.77,49,0,40.32,101.74,441.00,1792.00,null,null,null
2023-09-06T00:13:02Z,27.38,58.72,48,0,36.49,101.74,446.00,1798.00,null,null,null
2023-09-06T00:14:02Z,27.38,58.70,48,0,30.05,101.74,457.00,1806.00,null,null,null
2023-09-06T00:15:02Z,27.39,58.65,48,0,39.56,101.74,463.00,1811.00,0,0,0
2023-09-06T00:16:02Z,27.39,58.68,48,0,34.39,101.74,463.00,1811.00,null,null,null
2023-09-06T00:17:02Z,27.39,58.67,48,0,33.85,101.74,457.00,1806.00,null,null,null
2023-09-06T00:18:02Z,27.41,58.57,48,0,38.80,101.74,463.00,1811.00,null,null,null
2023-09-06T00:19:02Z,27.44,58.65,48,0,32.52,101.74,477.00,1822.00,null,null,null
2023-09-06T00:20:02Z,27.42,58.58,49,0,41.11,101.74,477.00,1822.00,0,0,0
2023-09-06T00:21:02Z,27.44,58.53,48,0,33.06,101.74,487.00,1829.00,null,null,null
2023-09-06T00:22:02Z,27.42,58.62,48,0,33.70,101.74,477.00,1822.00,null,null,null
2023-09-06T00:23:02Z,27.45,58.59,49,0,35.95,101.74,487.00,1829.00,null,null,null
2023-09-06T00:24:02Z,27.47,58.61,48,0,39.78,101.74,494.00,1834.00,null,null,null
2023-09-06T00:25:02Z,27.45,58.63,48,0,40.96,101.75,494.00,1834.00,0,0,0
2023-09-06T00:26:02Z,27.47,58.55,49,0,42.44,101.74,477.00,1822.00,null,null,null
2023-09-06T00:27:02Z,27.47,58.62,49,0,38.83,101.75,487.00,1829.00,null,null,null
2023-09-06T00:28:02Z,27.48,58.51,49,0,37.58,101.74,494.00,1834.00,null,null,null
2023-09-06T00:29:02Z,27.49,58.63,48,0,36.38,101.74,494.00,1834.00,null,null,null
2023-09-06T00:30:02Z,27.49,58.60,48,0,42.43,101.75,501.00,1839.00,0,0,0
2023-09-06T00:31:02Z,27.51,58.54,49,0,40.48,101.75,487.00,1829.00,null,null,null
2023-09-06T00:32:02Z,27.49,58.58,48,0,32.19,101.75,477.00,1822.00,null,null,null
2023-09-06T00:33:02Z,27.51,58.47,48,0,38.61,101.75,487.00,1829.00,null,null,null
2023-09-06T00:34:02Z,27.51,58.59,48,0,37.13,101.75,487.00,1829.00,null,null,null
2023-09-06T00:35:02Z,27.49,58.58,48,0,37.58,101.75,494.00,1834.00,0,0,0
2023-09-06T00:36:02Z,27.51,58.71,48,0,30.85,101.75,469.00,1815.00,null,null,null
2023-09-06T00:37:02Z,27.51,58.51,48,0,33.71,101.75,469.00,1815.00,null,null,null
2023-09-06T00:38:02Z,27.51,58.65,48,0,36.47,101.75,469.00,1815.00,null,null,null
2023-09-06T00:39:02Z,27.51,58.76,48,0,41.46,101.75,445.00,1796.00,null,null,null
2023-09-06T00:40:02Z,27.52,58.80,48,0,35.08,101.74,425.00,1778.00,0,0,0
2023-09-06T00:41:02Z,27.49,58.63,48,0,34.73,101.75,420.00,1775.00,null,null,null
2023-09-06T00:42:02Z,27.52,58.72,48,0,40.07,101.74,417.00,1772.00,null,null,null
2023-09-06T00:43:02Z,27.51,58.64,48,0,41.40,101.74,411.00,1767.00,null,null,null
2023-09-06T00:44:02Z,27.51,58.84,48,0,38.56,101.74,417.00,1772.00,null,null,null
2023-09-06T00:45:02Z,27.51,58.84,48,0,38.64,101.74,392.00,1752.00,0,0,0
2023-09-06T00:46:02Z,27.52,58.82,48,0,34.81,101.75,381.00,1741.00,null,null,null
2023-09-06T00:47:02Z,27.52,58.58,48,0,37.02,101.75,387.00,1747.00,null,null,null
2023-09-06T00:48:02Z,27.52,58.84,48,0,41.57,101.75,396.00,1756.00,null,null,null
2023-09-06T00:49:02Z,27.49,58.83,48,0,33.01,101.75,400.00,1757.00,null,null,null
2023-09-06T00:50:02Z,27.48,58.65,48,0,36.70,101.75,400.00,1757.00,0,0,0
2023-09-06T00:51:02Z,27.48,58.74,48,0,40.18,101.75,391.00,1751.00,null,null,null
2023-09-06T00:52:02Z,27.51,58.80,48,0,38.24,101.74,404.00,1761.00,null,null,null
2023-09-06T00:53:02Z,27.49,58.70,48,0,36.24,101.74,392.00,1752.00,null,null,null
2023-09-06T00:54:02Z,27.51,58.78,48,0,36.06,101.74,391.00,1751.00,null,null,null
2023-09-06T00:55:02Z,27.52,58.70,48,0,39.18,101.74,374.00,1736.00,0,0,0
2023-09-06T00:56:02Z,27.51,58.70,48,0,34.29,101.74,365.00,1728.00,null,null,null
2023-09-06T00:57:02Z,27.51,58.76,48,0,35.04,101.74,365.00,1728.00,null,null,null
2023-09-06T00:58:02Z,27.48,58.76,48,0,31.59,101.74,361.00,1724.00,null,null,null
2023-09-06T00:59:02Z,27.51,58.70,48,0,31.73,101.74,374.00,1736.00,null,null,null
2023-09-06T01:00:02Z,27.48,58.73,48,0,30.35,101.74,377.00,1738.00,0,0,0
2023-09-06T01:01:02Z,27.52,58.70,48,0,38.99,101.75,360.00,1723.00,null,null,null
2023-09-06T01:02:02Z,27.49,58.70,48,0,36.94,101.74,360.00,1723.00,null,null,null
2023-09-06T01:03:02Z,27.51,58.66,48,0,37.46,101.74,365.00,1728.00,null,null,null
2023-09-06T01:04:02Z,27.49,58.78,48,0,38.66,101.75,372.00,1735.00,null,null,null
2023-09-06T01:05:02Z,27.49,58.89,48,0,37.66,101.75,369.00,1731.00,0,0,0
2023-09-06T01:06:02Z,27.49,58.77,48,0,39.02,101.75,361.00,1724.00,null,null,null
2023-09-06T01:07:02Z,27.48,58.74,48,0,35.70,101.75,369.00,1731.00,null,null,null
2023-09-06T01:08:02Z,27.51,58.79,48,0,31.19,101.74,372.00,1735.00,null,null,null
2023-09-06T01:09:02Z,27.51,58.76,48,0,36.17,101.74,381.00,1741.00,null,null,null
2023-09-06T01:10:02Z,27.49,58.73,48,0,41.30,101.75,374.00,1736.00,0,0,0
2023-09-06T01:11:02Z,27.48,58.79,48,0,40.66,101.75,365.00,1728.00,null,null,null
2023-09-06T01:12:02Z,27.49,58.58,48,0,40.10,101.75,351.00,1713.00,null,null,null
2023-09-06T01:13:02Z,27.51,58.68,48,0,38.72,101.75,365.00,1728.00,null,null,null
2023-09-06T01:14:02Z,27.51,58.69,48,0,40.60,101.74,355.00,1717.00,null,null,null
2023-09-06T01:15:02Z,27.51,58.64,48,0,41.51,101.74,355.00,1717.00,0,0,0
2023-09-06T01:16:02Z,27.48,58.69,48,0,36.95,101.74,355.00,1717.00,null,null,null
2023-09-06T01:17:02Z,27.51,58.56,48,0,33.51,101.74,355.00,1717.00,null,null,null
2023-09-06T01:18:02Z,27.49,58.62,48,0,34.84,101.74,349.00,1710.00,null,null,null
2023-09-06T01:19:02Z,27.49,58.67,48,0,29.69,101.74,349.00,1710.00,null,null,null
2023-09-06T01:20:02Z,27.48,58.57,48,0,39.90,101.74,349.00,1710.00,0,0,0
2023-09-06T01:21:02Z,27.49,58.57,48,0,32.73,101.74,334.00,1695.00,null,null,null
2023-09-06T01:22:02Z,27.47,58.62,48,0,39.29,101.74,334.00,1695.00,null,null,null
2023-09-06T01:23:02Z,27.48,58.56,48,0,39.43,101.74,326.00,1687.00,null,null,null
2023-09-06T01:24:02Z,27.47,58.47,48,0,39.47,101.74,326.00,1687.00,null,null,null
2023-09-06T01:25:02Z,27.48,58.54,48,0,45.11,101.74,344.00,1704.00,0,0,0
2023-09-06T01:26:02Z,27.47,58.46,48,0,38.37,101.74,338.00,1700.00,null,null,null
2023-09-06T01:27:02Z,27.47,58.58,48,0,36.55,101.74,326.00,1687.00,null,null,null
2023-09-06T01:28:02Z,27.47,58.58,48,0,40.69,101.74,334.00,1695.00,null,null,null
2023-09-06T01:29:02Z,27.48,58.49,48,0,40.06,101.74,338.00,1700.00,null,null,null
2023-09-06T01:30:02Z,27.44,58.56,48,0,36.66,101.74,334.00,1695.00,0,0,0
2023-09-06T01:31:02Z,27.48,58.53,48,0,40.34,101.74,326.00,1687.00,null,null,null
2023-09-06T01:32:02Z,27.47,58.44,48,0,40.15,101.74,326.00,1687.00,null,null,null
2023-09-06T01:33:02Z,27.47,58.52,48,0,40.91,101.74,326.00,1687.00,null,null,null
2023-09-06T01:34:02Z,27.45,58.49,48,0,36.52,101.74,326.00,1687.00,null,null,null
2023-09-06T01:35:02Z,27.44,58.41,48,0,36.36,101.74,326.00,1687.00,0,0,0
2023-09-06T01:36:02Z,27.45,58.49,48,0,31.67,101.74,322.00,1683.00,null,null,null
2023-09-06T01:37:02Z,27.48,58.42,48,0,38.37,101.75,326.00,1687.00,null,null,null
2023-09-06T01:38:02Z,27.47,58.39,48,0,43.73,101.75,322.00,1683.00,null,null,null
2023-09-06T01:39:02Z,27.45,58.42,48,0,33.34,101.75,326.00,1687.00,null,null,null
2023-09-06T01:40:02Z,27.45,58.37,48,0,38.40,101.75,322.00,1683.00,0,0,0
2023-09-06T01:41:02Z,27.45,58.33,48,0,33.76,101.74,313.00,1674.00,null,null,null
2023-09-06T01:42:02Z,27.47,58.44,48,0,30.62,101.74,318.00,1678.00,null,null,null
2023-09-06T01:43:02Z,27.45,58.39,48,0,40.41,101.74,318.00,1678.00,null,null,null
2023-09-06T01:44:02Z,27.47,58.35,48,0,37.02,101.74,318.00,1678.00,null,null,null
2023-09-06T01:45:02Z,27.45,58.39,48,0,33.62,101.74,318.00,1678.00,0,0,0
2023-09-06T01:46:02Z,27.45,58.35,48,0,32.14,101.74,313.00,1674.00,null,null,null
2023-09-06T01:47:02Z,27.45,58.38,47,0,34.04,101.74,322.00,1683.00,null,null,null
2023-09-06T01:48:02Z,27.45,58.26,48,0,30.19,101.74,318.00,1678.00,null,null,null
2023-09-06T01:49:02Z,27.45,58.28,48,0,30.20,101.74,318.00,1678.00,null,null,null
2023-09-06T01:50:02Z,27.48,58.26,48,0,34.86,101.74,322.00,1683.00,0,0,0
2023-09-06T01:51:02Z,27.47,58.27,48,0,37.14,101.74,313.00,1674.00,null,null,null
2023-09-06T01:52:02Z,27.45,58.30,48,0,35.81,101.74,318.00,1678.00,null,null,null
2023-09-06T01:53:02Z,27.47,58.27,48,0,34.59,101.74,322.00,1683.00,null,null,null
2023-09-06T01:54:02Z,27.47,58.30,47,0,35.75,101.74,322.00,1683.00,null,null,null
2023-09-06T01:55:02Z,27.45,58.34,48,0,35.29,101.74,318.00,1678.00,0,0,0
2023-09-06T01:56:02Z,27.45,58.28,48,0,46.67,101.74,322.00,1683.00,null,null,null
2023-09-06T01:57:02Z,27.47,58.28,48,0,38.50,101.74,322.00,1683.00,null,null,null
2023-09-06T01:58:02Z,27.47,58.13,48,0,30.46,101.74,318.00,1678.00,null,null,null
2023-09-06T01:59:02Z,27.47,58.20,48,0,30.53,101.75,326.00,1687.00,null,null,null
2023-09-06T02:00:02Z,27.45,58.18,48,0,32.79,101.74,326.00,1687.00,0,0,0
2023-09-06T02:01:02Z,27.44,58.10,48,0,35.24,101.75,318.00,1678.00,null,null,null
2023-09-06T02:02:02Z,27.45,58.12,48,0,44.94,101.75,322.00,1683.00,null,null,null
2023-09-06T02:03:02Z,27.42,58.09,48,0,33.52,101.75,326.00,1687.00,null,null,null
2023-09-06T02:04:02Z,27.42,58.19,48,0,35.39,101.75,322.00,1683.00,null,null,null
2023-09-06T02:05:02Z,27.42,58.18,48,0,32.10,101.75,318.00,1678.00,0,0,0
2023-09-06T02:06:02Z,27.44,58.12,48,0,38.08,101.75,312.00,1673.00,null,null,null
2023-09-06T02:07:02Z,27.44,58.15,48,0,33.71,101.75,312.00,1673.00,null,null,null
2023-09-06T02:08:02Z,27.42,58.06,48,0,31.23,101.75,318.00,1678.00,null,null,null
2023-09-06T02:09:02Z,27.42,58.13,47,0,34.41,101.75,322.00,1683.00,null,null,null
2023-09-06T02:10:02Z,27.42,58.05,47,0,37.32,101.75,312.00,1673.00,0,0,0
2023-09-06T02:11:02Z,27.45,58.08,48,0,37.87,101.75,312.00,1673.00,null,null,null
2023-09-06T02:12:02Z,27.42,58.01,47,0,36.93,101.75,326.00,1687.00,null,null,null
2023-09-06T02:13:02Z,27.45,58.04,48,0,39.80,101.74,312.00,1673.00,null,null,null
2023-09-06T02:14:02Z,27.41,58.05,48,0,33.84,101.75,338.00,1700.00,null,null,null
2023-09-06T02:15:02Z,27.44,58.14,48,0,35.08,101.74,338.00,1700.00,0,0,0
2023-09-06T02:16:02Z,27.44,58.04,48,0,36.07,101.75,331.00,1692.00,null,null,null
2023-09-06T02:17:02Z,27.42,58.03,47,0,32.85,101.75,318.00,1678.00,null,null,null
2023-09-06T02:18:02Z,27.44,58.03,48,0,34.98,101.75,322.00,1683.00,null,null,null
2023-09-06T02:19:02Z,27.45,57.94,47,0,33.70,101.75,331.00,1692.00,null,null,null
2023-09-06T02:20:02Z,27.42,57.91,48,0,42.05,101.75,326.00,1687.00,0,0,0
2023-09-06T02:21:02Z,27.42,58.05,48,0,39.62,101.75,312.00,1673.00,null,null,null
2023-09-06T02:22:02Z,27.41,57.96,48,0,36.86,101.76,301.00,1663.00,null,null,null
2023-09-06T02:23:02Z,27.41,57.98,47,0,30.84,101.76,301.00,1663.00,null,null,null
2023-09-06T02:24:02Z,27.44,57.92,48,0,38.00,101.76,301.00,1663.00,null,null,null
2023-09-06T02:25:02Z,27.41,58.05,47,0,38.89,101.76,301.00,1663.00,0,0,0
2023-09-06T02:26:02Z,27.42,57.95,47,0,32.57,101.76,301.00,1663.00,null,null,null
2023-09-06T02:27:02Z,27.42,57.99,48,0,31.82,101.76,312.00,1673.00,null,null,null
2023-09-06T02:28:02Z,27.42,57.96,47,0,32.66,101.76,318.00,1678.00,null,null,null
2023-09-06T02:29:02Z,27.41,57.95,48,0,30.85,101.76,312.00,1673.00,null,null,null
2023-09-06T02:30:02Z,27.39,57.97,47,0,41.21,101.76,331.00,1692.00,0,0,0
2023-09-06T02:31:02Z,27.42,57.94,47,0,33.62,101.76,322.00,1683.00,null,null,null
2023-09-06T02:32:02Z,27.42,58.00,47,0,37.20,101.77,318.00,1678.00,null,null,null
2023-09-06T02:33:02Z,27.44,57.92,47,0,32.88,101.76,326.00,1687.00,null,null,null
2023-09-06T02:34:02Z,27.41,58.00,47,0,31.81,101.76,322.00,1683.00,null,null,null
2023-09-06T02:35:02Z,27.41,57.93,47,0,37.94,101.76,318.00,1678.00,0,0,0
2023-09-06T02:36:02Z,27.42,58.03,47,0,37.69,101.76,307.00,1668.00,null,null,null
2023-09-06T02:37:02Z,27.38,57.90,47,0,34.01,101.76,301.00,1663.00,null,null,null
2023-09-06T02:38:02Z,27.44,57.94,47,0,33.66,101.76,312.00,1673.00,null,null,null
2023-09-06T02:39:02Z,27.41,58.00,47,0,33.31,101.76,312.00,1673.00,null,null,null
2023-09-06T02:40:02Z,27.41,57.96,48,0,42.33,101.76,318.00,1678.00,0,0,0
2023-09-06T02:41:02Z,27.41,57.95,47,0,33.98,101.76,301.00,1663.00,null,null,null
2023-09-06T02:42:02Z,27.44,57.90,47,0,41.26,101.75,318.00,1678.00,null,null,null
2023-09-06T02:43:02Z,27.41,57.96,47,0,43.53,101.75,322.00,1683.00,null,null,null
2023-09-06T02:44:02Z,27.41,57.92,47,0,36.56,101.75,322.00,1683.00,null,null,null
2023-09-06T02:45:02Z,27.39,57.95,47,0,31.99,101.76,322.00,1683.00,0,0,0
2023-09-06T02:46:02Z,27.39,57.90,47,0,32.45,101.76,322.00,1683.00,null,null,null
2023-09-06T02:47:02Z,27.41,57.90,47,0,37.66,101.76,338.00,1700.00,null,null,null
2023-09-06T02:48:02Z,27.38,57.91,47,0,34.46,101.76,344.00,1704.00,null,null,null
2023-09-06T02:49:02Z,27.41,57.96,47,0,35.50,101.76,338.00,1700.00,null,null,null
2023-09-06T02:50:02Z,27.41,57.99,48,0,37.08,101.76,326.00,1687.00,0,0,0
2023-09-06T02:51:02Z,27.38,57.95,47,0,37.31,101.76,326.00,1687.00,null,null,null
2023-09-06T02:52:02Z,27.38,57.95,47,0,35.15,101.76,312.00,1673.00,null,null,null
2023-09-06T02:53:02Z,27.39,57.88,47,0,37.25,101.76,312.00,1673.00,null,null,null
2023-09-06T02:54:02Z,27.41,57.87,47,0,34.97,101.76,326.00,1687.00,null,null,null
2023-09-06T02:55:02Z,27.38,57.87,47,0,33.86,101.76,326.00,1687.00,0,0,0
2023-09-06T02:56:02Z,27.39,57.91,47,0,33.34,101.76,322.00,1683.00,null,null,null
2023-09-06T02:57:02Z,27.38,57.99,47,0,30.58,101.76,322.00,1683.00,null,null,null
2023-09-06T02:58:02Z,27.39,57.92,47,0,35.24,101.76,318.00,1678.00,null,null,null
2023-09-06T02:59:02Z,27.38,58.01,47,0,38.58,101.76,326.00,1687.00,null,null,null
2023-09-06T03:00:02Z,27.39,57.97,47,0,37.99,101.76,331.00,1692.00,0,0,0
2023-09-06T03:01:02Z,27.38,58.02,47,0,39.11,101.76,326.00,1687.00,null,null,null
2023-09-06T03:02:02Z,27.38,57.89,47,0,41.06,101.76,322.00,1683.00,null,null,null
2023-09-06T03:03:02Z,27.37,57.90,47,0,31.26,101.76,322.00,1683.00,null,null,null
2023-09-06T03:04:02Z,27.38,57.88,47,0,38.34,101.76,326.00,1687.00,null,null,null
2023-09-06T03:05:02Z,27.34,57.95,47,0,34.30,101.76,338.00,1700.00,0,0,0
2023-09-06T03:06:02Z,27.35,57.92,47,0,37.57,101.76,326.00,1687.00,null,null,null
2023-09-06T03:07:02Z,27.37,57.94,47,0,29.70,101.75,338.00,1700.00,null,null,null
2023-09-06T03:08:02Z,27.35,57.94,47,0,36.93,101.75,331.00,1692.00,null,null,null
2023-09-06T03:09:02Z,27.35,57.93,47,0,31.97,101.75,338.00,1700.00,null,null,null
2023-09-06T03:10:02Z,27.35,57.97,47,0,36.77,101.75,344.00,1704.00,0,0,0
2023-09-06T03:11:02Z,27.32,57.86,47,0,30.47,101.75,331.00,1692.00,null,null,null
2023-09-06T03:12:02Z,27.35,57.99,47,0,34.74,101.75,331.00,1692.00,null,null,null
2023-09-06T03:13:02Z,27.37,57.84,46,0,37.52,101.75,331.00,1692.00,null,null,null
2023-09-06T03:14:02Z,27.35,57.91,47,0,34.12,101.75,326.00,1687.00,null,null,null
2023-09-06T03:15:02Z,27.34,57.93,47,0,35.29,101.74,318.00,1678.00,0,0,0
2023-09-06T03:16:02Z,27.35,57.99,47,0,31.12,101.74,88.00,981.00,null,null,null
2023-09-06T03:17:02Z,27.34,58.06,47,0,39.41,101.74,96.00,1032.00,null,null,null
2023-09-06T03:18:02Z,27.37,57.99,47,0,38.88,101.74,101.00,1065.00,null,null,null
2023-09-06T03:19:02Z,27.32,58.03,47,0,38.30,101.73,98.00,1044.00,null,null,null
2023-09-06T03:20:02Z,27.32,57.99,47,0,38.05,101.74,101.00,1065.00,0,0,0
2023-09-06T03:21:02Z,27.35,57.88,47,0,36.00,101.74,98.00,1044.00,null,null,null
2023-09-06T03:22:02Z,27.35,57.89,47,0,37.45,101.74,99.00,1056.00,null,null,null
2023-09-06T03:23:02Z,27.34,57.84,47,0,42.71,101.74,98.00,1044.00,null,null,null
2023-09-06T03:24:02Z,27.32,57.89,47,0,36.69,101.74,99.00,1056.00,null,null,null
2023-09-06T03:25:02Z,27.32,57.91,47,0,47.50,101.74,96.00,1032.00,0,0,0
2023-09-06T03:26:02Z,27.34,57.88,47,0,36.86,101.74,90.00,992.00,null,null,null
2023-09-06T03:27:02Z,27.32,57.92,47,0,41.98,101.74,90.00,992.00,null,null,null
2023-09-06T03:28:02Z,27.31,57.85,47,0,41.30,101.74,93.00,1012.00,null,null,null
2023-09-06T03:29:02Z,27.35,57.93,47,0,44.53,101.74,93.00,1012.00,null,null,null
2023-09-06T03:30:02Z,27.32,57.85,47,0,36.20,101.74,98.00,1044.00,0,0,0
2023-09-06T03:31:02Z,27.32,57.86,47,0,33.82,101.74,90.00,992.00,null,null,null
2023-09-06T03:32:02Z,27.34,57.86,47,0,42.14,101.74,85.00,959.00,null,null,null
2023-09-06T03:33:02Z,27.34,57.85,47,0,34.55,101.74,81.00,935.00,null,null,null
2023-09-06T03:34:02Z,27.32,57.88,47,0,36.56,101.74,83.00,951.00,null,null,null
2023-09-06T03:35:02Z,27.31,57.89,47,0,36.11,101.74,90.00,992.00,0,0,0
2023-09-06T03:36:02Z,27.34,57.89,47,0,37.78,101.74,88.00,981.00,null,null,null
2023-09-06T03:37:02Z,27.31,57.89,47,0,35.13,101.74,86.00,970.00,null,null,null
2023-09-06T03:38:02Z,27.32,57.85,47,0,32.80,101.74,88.00,981.00,null,null,null
2023-09-06T03:39:02Z,27.29,57.79,47,0,35.65,101.74,90.00,992.00,null,null,null
2023-09-06T03:40:02Z,27.31,57.81,47,0,39.17,101.74,88.00,981.00,0,0,0
2023-09-06T03:41:02Z,27.29,57.84,46,0,40.75,101.74,85.00,959.00,null,null,null
2023-09-06T03:42:02Z,27.27,57.85,47,0,31.74,101.74,88.00,981.00,null,null,null
2023-09-06T03:43:02Z,27.31,57.77,47,0,39.66,101.74,88.00,981.00,null,null,null
2023-09-06T03:44:02Z,27.32,57.75,47,0,36.05,101.74,92.00,1004.00,null,null,null
2023-09-06T03:45:02Z,27.32,57.74,46,0,33.03,101.74,83.00,951.00,0,0,0
2023-09-06T03:46:02Z,27.29,57.74,46,0,37.27,101.74,80.00,927.00,null,null,null
2023-09-06T03:47:02Z,27.28,57.87,47,0,35.72,101.74,82.00,940.00,null,null,null
2023-09-06T03:48:02Z,27.29,57.84,47,0,34.83,101.73,80.00,927.00,null,null,null
2023-09-06T03:49:02Z,27.28,57.84,47,0,38.68,101.74,85.00,959.00,null,null,null
2023-09-06T03:50:02Z,27.25,57.74,47,0,37.16,101.74,86.00,970.00,0,0,0
2023-09-06T03:51:02Z,27.28,57.84,46,0,37.41,101.74,83.00,949.00,null,null,null
2023-09-06T03:52:02Z,27.27,57.83,46,0,33.88,101.74,85.00,959.00,null,null,null
2023-09-06T03:53:02Z,27.27,57.87,47,0,37.76,101.74,81.00,935.00,null,null,null
2023-09-06T03:54:02Z,27.28,57.84,47,0,41.72,101.75,81.00,935.00,null,null,null
2023-09-06T03:55:02Z,27.25,57.84,47,0,40.67,101.74,85.00,959.00,0,0,0
2023-09-06T03:56:02Z,27.28,57.81,46,0,38.53,101.74,83.00,951.00,null,null,null
2023-09-06T03:57:02Z,27.31,57.84,47,0,34.45,101.74,81.00,935.00,null,null,null
2023-09-06T03:58:02Z,27.29,57.77,47,0,34.64,101.74,83.00,951.00,null,null,null
2023-09-06T03:59:02Z,27.27,57.83,46,0,40.50,101.74,83.00,951.00,null,null,null
2023-09-06T04:00:02Z,27.27,57.86,47,0,32.79,101.74,83.00,951.00,0,0,0
2023-09-06T04:01:02Z,27.27,57.84,46,0,41.37,101.74,78.00,918.00,null,null,null
2023-09-06T04:02:02Z,27.27,57.86,47,0,34.19,101.74,81.00,935.00,null,null,null
2023-09-06T04:03:02Z,27.27,57.93,46,0,36.53,101.74,83.00,951.00,null,null,null
2023-09-06T04:04:02Z,27.27,57.79,46,0,32.78,101.74,85.00,959.00,null,null,null
2023-09-06T04:05:02Z,27.27,57.87,47,0,37.35,101.74,85.00,959.00,0,0,0
2023-09-06T04:06:02Z,27.27,57.84,46,0,44.93,101.74,80.00,927.00,null,null,null
2023-09-06T04:07:02Z,27.25,57.90,46,0,36.14,101.74,81.00,935.00,null,null,null
2023-09-06T04:08:02Z,27.28,57.83,47,0,42.75,101.75,83.00,951.00,null,null,null
2023-09-06T04:09:02Z,27.25,57.78,46,0,37.84,101.74,80.00,927.00,null,null,null
2023-09-06T04:10:02Z,27.24,57.84,46,0,40.04,101.75,81.00,935.00,0,0,0
2023-09-06T04:11:02Z,27.22,57.78,46,0,38.97,101.75,92.00,1007.00,null,null,null
2023-09-06T04:12:02Z,27.24,57.87,46,0,32.87,101.75,89.00,990.00,null,null,null
2023-09-06T04:13:02Z,27.27,57.80,47,0,39.18,101.75,98.00,1044.00,null,null,null
2023-09-06T04:14:02Z,27.24,57.82,46,0,34.60,101.75,83.00,951.00,null,null,null
2023-09-06T04:15:02Z,27.24,57.85,46,0,33.42,101.75,96.00,1035.00,0,0,0
2023-09-06T04:16:02Z,27.24,57.88,46,0,46.90,101.75,98.00,1044.00,null,null,null
2023-09-06T04:17:02Z,27.24,57.86,46,0,36.87,101.75,99.00,1056.00,null,null,null
2023-09-06T04:18:02Z,27.24,57.83,46,0,38.42,101.75,103.00,1081.00,null,null,null
2023-09-06T04:19:02Z,27.24,57.82,46,0,41.70,101.75,103.00,1081.00,null,null,null
2023-09-06T04:20:02Z,27.24,57.85,46,0,32.60,101.75,99.00,1056.00,0,0,0
2023-09-06T04:21:02Z,27.24,57.93,46,0,32.18,101.75,99.00,1056.00,null,null,null
2023-09-06T04:22:02Z,27.21,57.74,46,0,42.39,101.75,101.00,1068.00,null,null,null
2023-09-06T04:23:02Z,27.20,57.77,46,0,35.35,101.75,99.00,1056.00,null,null,null
2023-09-06T04:24:02Z,27.21,57.77,46,0,29.56,101.75,98.00,1044.00,null,null,null
2023-09-06T04:25:02Z,27.22,57.75,46,0,34.88,101.75,98.00,1044.00,0,0,0
2023-09-06T04:26:02Z,27.21,57.77,46,0,38.28,101.75,89.00,990.00,null,null,null
2023-09-06T04:27:02Z,27.21,57.76,46,0,34.66,101.75,92.00,1007.00,null,null,null
2023-09-06T04:28:02Z,27.21,57.72,46,0,45.13,101.75,96.00,1035.00,null,null,null
2023-09-06T04:29:02Z,27.18,57.75,46,0,41.94,101.75,99.00,1056.00,null,null,null
2023-09-06T04:30:02Z,27.20,57.86,46,0,37.80,101.75,101.00,1068.00,0,0,0
2023-09-06T04:31:02Z,27.18,57.83,46,0,37.35,101.76,99.00,1056.00,null,null,null
2023-09-06T04:32:02Z,27.20,57.83,46,0,40.67,101.76,99.00,1056.00,null,null,null
2023-09-06T04:33:02Z,27.21,57.77,46,0,41.08,101.76,99.00,1056.00,null,null,null
2023-09-06T04:34:02Z,27.21,57.76,46,0,41.30,101.75,93.00,1014.00,null,null,null
2023-09-06T04:35:02Z,27.21,57.73,46,0,44.62,101.76,98.00,1044.00,0,0,0
2023-09-06T04:36:02Z,27.21,57.76,46,0,36.11,101.76,93.00,1017.00,null,null,null
2023-09-06T04:37:02Z,27.18,57.74,46,0,31.02,101.76,96.00,1035.00,null,null,null
2023-09-06T04:38:02Z,27.18,57.77,46,0,37.37,101.76,98.00,1047.00,null,null,null
2023-09-06T04:39:02Z,27.18,57.72,46,0,35.17,101.75,98.00,1044.00,null,null,null
2023-09-06T04:40:02Z,27.20,57.74,46,0,43.26,101.76,103.00,1081.00,0,0,0
2023-09-06T04:41:02Z,27.18,57.74,46,0,51.00,101.76,96.00,1032.00,null,null,null
2023-09-06T04:42:02Z,27.20,57.76,46,0,43.13,101.76,96.00,1032.00,null,null,null
2023-09-06T04:43:02Z,27.18,57.65,46,0,39.03,101.76,96.00,1035.00,null,null,null
2023-09-06T04:44:02Z,27.17,57.78,46,0,40.29,101.76,99.00,1056.00,null,null,null
2023-09-06T04:45:02Z,27.17,57.77,46,0,41.95,101.77,101.00,1068.00,0,0,0
2023-09-06T04:46:02Z,27.17,57.78,46,0,36.40,101.76,98.00,1044.00,null,null,null
2023-09-06T04:47:02Z,27.16,57.71,46,0,35.15,101.76,98.00,1044.00,null,null,null
2023-09-06T04:48:02Z,27.17,57.63,46,0,39.93,101.76,99.00,1056.00,null,null,null
2023-09-06T04:49:02Z,27.17,57.75,46,0,43.68,101.76,96.00,1032.00,null,null,null
2023-09-06T04:50:02Z,27.17,57.72,46,0,33.70,101.77,93.00,1014.00,0,0,0
2023-09-06T04:51:02Z,27.17,57.78,46,0,38.77,101.77,92.00,1007.00,null,null,null
2023-09-06T04:52:02Z,27.16,57.78,46,0,40.51,101.76,90.00,995.00,null,null,null
2023-09-06T04:53:02Z,27.16,57.75,46,0,33.23,101.77,92.00,1007.00,null,null,null
2023-09-06T04:54:02Z,27.17,57.77,46,0,36.86,101.77,96.00,1035.00,null,null,null
2023-09-06T04:55:02Z,27.14,57.72,46,0,35.53,101.77,99.00,1056.00,0,0,0
2023-09-06T04:56:02Z,27.14,57.76,46,0,33.83,101.77,98.00,1047.00,null,null,null
2023-09-06T04:57:02Z,27.16,57.69,46,0,46.31,101.77,98.00,1044.00,null,null,null
2023-09-06T04:58:02Z,27.16,57.74,46,0,45.47,101.77,93.00,1017.00,null,null,null
2023-09-06T04:59:02Z,27.13,57.72,46,0,41.78,101.78,91.00,1001.00,null,null,null
2023-09-06T05:00:02Z,27.14,57.79,46,0,38.99,101.78,92.00,1007.00,0,0,0
2023-09-06T05:01:02Z,27.13,57.81,46,0,32.58,101.78,93.00,1014.00,null,null,null
2023-09-06T05:02:02Z,27.14,57.74,46,0,42.66,101.78,96.00,1035.00,null,null,null
2023-09-06T05:03:02Z,27.16,57.69,46,0,42.95,101.77,93.00,1017.00,null,null,null
2023-09-06T05:04:02Z,27.16,57.75,46,0,39.33,101.77,92.00,1007.00,null,null,null
2023-09-06T05:05:02Z,27.11,57.57,46,0,38.22,101.77,96.00,1035.00,0,0,0
2023-09-06T05:06:02Z,27.13,57.75,46,0,41.14,101.78,89.00,990.00,null,null,null
2023-09-06T05:07:02Z,27.11,57.75,46,0,38.67,101.78,92.00,1007.00,null,null,null
2023-09-06T05:08:02Z,27.14,57.72,46,0,36.55,101.77,93.00,1014.00,null,null,null
2023-09-06T05:09:02Z,27.11,57.72,46,0,44.53,101.77,99.00,1056.00,null,null,null
2023-09-06T05:10:02Z,27.11,57.77,46,0,48.37,101.77,99.00,1056.00,0,0,0
2023-09-06T05:11:02Z,27.10,57.69,46,0,35.51,101.77,93.00,1014.00,null,null,null
2023-09-06T05:12:02Z,27.13,57.75,46,0,41.48,101.77,93.00,1017.00,null,null,null
2023-09-06T05:13:02Z,27.10,57.69,46,0,39.57,101.78,96.00,1035.00,null,null,null
2023-09-06T05:14:02Z,27.10,57.75,46,0,34.71,101.77,93.00,1017.00,null,null,null
2023-09-06T05:15:02Z,27.08,57.72,46,0,34.30,101.78,93.00,1014.00,0,0,0
2023-09-06T05:16:02Z,27.11,57.70,46,0,37.66,101.78,98.00,1047.00,null,null,null
2023-09-06T05:17:02Z,27.08,57.77,46,0,39.70,101.78,96.00,1032.00,null,null,null
2023-09-06T05:18:02Z,27.11,57.79,46,0,45.26,101.78,96.00,1035.00,null,null,null
2023-09-06T05:19:02Z,27.13,57.81,46,0,46.29,101.78,101.00,1068.00,null,null,null
2023-09-06T05:20:02Z,27.10,57.79,46,0,40.65,101.78,101.00,1068.00,0,0,0
2023-09-06T05:21:02Z,27.10,57.76,46,0,51.92,101.78,96.00,1035.00,null,null,null
2023-09-06T05:22:02Z,27.10,57.72,46,0,38.81,101.78,96.00,1035.00,null,null,null
2023-09-06T05:23:02Z,27.08,57.80,46,0,36.63,101.78,96.00,1032.00,null,null,null
2023-09-06T05:24:02Z,27.10,57.72,46,0,40.63,101.78,93.00,1014.00,null,null,null
2023-09-06T05:25:02Z,27.10,57.72,46,0,44.68,101.78,96.00,1032.00,0,0,0
2023-09-06T05:26:02Z,27.08,57.69,46,0,36.70,101.78,91.00,1001.00,null,null,null
2023-09-06T05:27:02Z,27.08,57.79,46,0,35.59,101.79,89.00,990.00,null,null,null
2023-09-06T05:28:02Z,27.06,57.81,46,0,47.47,101.78,93.00,1014.00,null,null,null
2023-09-06T05:29:02Z,27.08,57.73,46,0,48.62,101.78,93.00,1014.00,null,null,null
2023-09-06T05:30:02Z,27.08,57.74,46,0,40.05,101.78,96.00,1032.00,0,0,0
2023-09-06T05:31:02Z,27.07,57.68,46,0,41.48,101.79,93.00,1017.00,null,null,null
2023-09-06T05:32:02Z,27.08,57.79,46,0,39.58,101.78,91.00,1001.00,null,null,null
2023-09-06T05:33:02Z,27.08,57.77,46,0,43.10,101.79,92.00,1007.00,null,null,null
2023-09-06T05:34:02Z,27.08,57.69,46,0,43.34,101.79,98.00,1044.00,null,null,null
2023-09-06T05:35:02Z,27.10,57.69,46,0,32.14,101.79,98.00,1047.00,0,0,0
2023-09-06T05:36:02Z,27.06,57.71,46,0,44.28,101.79,92.00,1007.00,null,null,null
2023-09-06T05:37:02Z,27.07,57.82,46,0,32.79,101.79,93.00,1017.00,null,null,null
2023-09-06T05:38:02Z,27.07,57.68,46,0,38.92,101.79,92.00,1007.00,null,null,null
2023-09-06T05:39:02Z,27.08,57.69,46,0,49.50,101.79,93.00,1017.00,null,null,null
2023-09-06T05:40:02Z,27.08,57.77,46,0,55.77,101.79,93.00,1017.00,0,0,0
2023-09-06T05:41:02Z,27.06,57.73,46,0,38.34,101.79,92.00,1007.00,null,null,null
2023-09-06T05:42:02Z,27.08,57.68,46,0,41.24,101.79,93.00,1017.00,null,null,null
2023-09-06T05:43:02Z,27.10,57.70,46,0,40.78,101.79,96.00,1032.00,null,null,null
2023-09-06T05:44:02Z,27.06,57.64,46,0,38.58,101.79,93.00,1017.00,null,null,null
2023-09-06T05:45:02Z,27.07,57.68,46,0,45.91,101.79,98.00,1047.00,0,0,0
2023-09-06T05:46:02Z,27.07,57.66,46,0,43.56,101.79,92.00,1007.00,null,null,null
2023-09-06T05:47:02Z,27.06,57.84,46,0,43.57,101.80,96.00,1032.00,null,null,null
2023-09-06T05:48:02Z,27.07,57.74,46,0,37.64,101.80,96.00,1035.00,null,null,null
2023-09-06T05:49:02Z,27.07,57.59,46,0,40.88,101.80,96.00,1032.00,null,null,null
2023-09-06T05:50:02Z,27.06,57.68,46,0,42.79,101.81,93.00,1017.00,0,0,0
2023-09-06T05:51:02Z,27.07,57.65,46,0,40.78,101.80,89.00,990.00,null,null,null
2023-09-06T05:52:02Z,27.07,57.74,46,0,42.40,101.80,93.00,1017.00,null,null,null
2023-09-06T05:53:02Z,27.06,57.79,45,0,39.51,101.81,96.00,1032.00,null,null,null
2023-09-06T05:54:02Z,27.06,57.68,46,0,42.82,101.81,96.00,1035.00,null,null,null
2023-09-06T05:55:02Z,27.04,57.71,46,0,42.53,101.81,101.00,1068.00,0,0,0
2023-09-06T05:56:02Z,27.06,57.68,46,0,43.48,101.81,96.00,1032.00,null,null,null
2023-09-06T05:57:02Z,27.04,57.70,46,0,42.74,101.81,92.00,1007.00,null,null,null
2023-09-06T05:58:02Z,27.04,57.73,46,0,36.85,101.81,92.00,1007.00,null,null,null
2023-09-06T05:59:02Z,27.03,57.65,46,0,46.85,101.81,92.00,1007.00,null,null,null
2023-09-06T06:00:02Z,27.03,57.76,46,0,37.90,101.81,93.00,1017.00,0,0,0
2023-09-06T06:01:02Z,27.06,57.69,46,0,42.79,101.82,89.00,990.00,null,null,null
2023-09-06T06:02:02Z,27.03,57.62,46,0,43.64,101.82,92.00,1007.00,null,null,null
2023-09-06T06:03:02Z,27.04,57.58,46,0,48.15,101.82,92.00,1007.00,null,null,null
2023-09-06T06:04:02Z,27.06,57.60,46,0,45.19,101.82,89.00,990.00,null,null,null
2023-09-06T06:05:02Z,27.06,57.64,46,0,39.25,101.82,87.00,977.00,0,0,0
2023-09-06T06:06:02Z,27.03,57.66,46,0,35.18,101.82,86.00,970.00,null,null,null
2023-09-06T06:07:02Z,27.06,57.66,46,0,42.35,101.82,86.00,970.00,null,null,null
2023-09-06T06:08:02Z,27.04,57.65,46,0,41.62,101.82,89.00,990.00,null,null,null
2023-09-06T06:09:02Z,27.01,57.57,46,0,41.88,101.83,89.00,990.00,null,null,null
2023-09-06T06:10:02Z,27.04,57.57,46,0,40.23,101.82,89.00,990.00,0,0,0
2023-09-06T06:11:02Z,27.03,57.56,46,0,37.91,101.83,85.00,959.00,null,null,null
2023-09-06T06:12:02Z,27.04,57.60,46,0,47.30,101.82,89.00,990.00,null,null,null
2023-09-06T06:13:02Z,27.03,57.58,46,0,44.20,101.83,92.00,1007.00,null,null,null
2023-09-06T06:14:02Z,27.00,57.54,46,0,43.46,101.83,91.00,1001.00,null,null,null
2023-09-06T06:15:02Z,27.01,57.53,46,0,39.90,101.83,92.00,1007.00,0,0,0
2023-09-06T06:16:02Z,27.01,57.75,46,0,41.54,101.83,89.00,990.00,null,null,null
2023-09-06T06:17:02Z,27.01,57.55,46,0,41.19,101.84,87.00,977.00,null,null,null
2023-09-06T06:18:02Z,27.00,57.57,46,0,42.57,101.83,91.00,1001.00,null,null,null
2023-09-06T06:19:02Z,27.04,57.56,46,0,36.62,101.83,91.00,1001.00,null,null,null
2023-09-06T06:20:02Z,27.03,57.58,46,0,39.87,101.83,89.00,990.00,0,0,0
2023-09-06T06:21:02Z,27.03,57.62,46,0,38.45,101.83,81.00,935.00,null,null,null
2023-09-06T06:22:02Z,27.01,57.61,46,0,43.72,101.83,86.00,970.00,null,null,null
2023-09-06T06:23:02Z,27.03,57.66,46,0,42.14,101.83,87.00,977.00,null,null,null
2023-09-06T06:24:02Z,27.00,57.56,45,0,41.87,101.84,85.00,959.00,null,null,null
2023-09-06T06:25:02Z,27.03,57.60,46,0,34.13,101.84,83.00,951.00,0,0,0
2023-09-06T06:26:02Z,26.98,57.57,46,0,37.01,101.84,81.00,935.00,null,null,null
2023-09-06T06:27:02Z,27.00,57.47,46,0,46.76,101.84,83.00,951.00,null,null,null
2023-09-06T06:28:02Z,27.00,57.60,46,0,37.81,101.84,81.00,935.00,null,null,null
2023-09-06T06:29:02Z,27.00,57.55,45,0,42.65,101.84,85.00,959.00,null,null,null
2023-09-06T06:30:02Z,27.00,57.60,46,0,46.70,101.84,86.00,970.00,0,0,0
2023-09-06T06:31:02Z,26.98,57.66,46,0,44.11,101.84,78.00,918.00,null,null,null
2023-09-06T06:32:02Z,27.01,57.57,46,0,35.42,101.84,78.00,918.00,null,null,null
2023-09-06T06:33:02Z,27.01,57.60,46,0,41.65,101.84,81.00,935.00,null,null,null
2023-09-06T06:34:02Z,26.98,57.60,46,0,46.26,101.84,81.00,935.00,null,null,null
2023-09-06T06:35:02Z,27.00,57.49,45,0,45.78,101.84,78.00,918.00,0,0,0
2023-09-06T06:36:02Z,27.00,57.61,46,0,43.55,101.84,80.00,927.00,null,null,null
2023-09-06T06:37:02Z,26.98,57.61,46,0,39.99,101.84,78.00,918.00,null,null,null
2023-09-06T06:38:02Z,27.00,57.57,46,0,46.32,101.84,78.00,918.00,null,null,null
2023-09-06T06:39:02Z,27.00,57.61,46,0,43.26,101.84,78.00,918.00,null,null,null
2023-09-06T06:40:02Z,26.97,57.66,46,0,41.34,101.84,78.00,913.00,0,0,0
2023-09-06T06:41:02Z,26.96,57.70,46,0,43.87,101.84,74.00,887.00,null,null,null
2023-09-06T06:42:02Z,26.98,57.64,46,0,39.72,101.84,78.00,913.00,null,null,null
2023-09-06T06:43:02Z,26.97,57.67,45,0,46.63,101.84,78.00,913.00,null,null,null
2023-09-06T06:44:02Z,27.00,57.58,46,0,39.97,101.84,80.00,927.00,null,null,null
2023-09-06T06:45:02Z,26.98,57.58,46,1,42.44,101.84,80.00,927.00,0,0,0
2023-09-06T06:46:02Z,26.98,57.67,46,1,47.81,101.84,80.00,927.00,null,null,null
2023-09-06T06:47:02Z,27.00,57.51,46,1,44.45,101.84,80.00,927.00,null,null,null
2023-09-06T06:48:02Z,27.01,57.58,46,1,45.48,101.84,78.00,918.00,null,null,null
2023-09-06T06:49:02Z,27.01,57.67,46,1,41.57,101.85,78.00,918.00,null,null,null
2023-09-06T06:50:02Z,26.98,57.61,46,1,36.92,101.84,80.00,927.00,0,0,0
2023-09-06T06:51:02Z,27.00,57.51,45,1,36.17,101.85,78.00,913.00,null,null,null
2023-09-06T06:52:02Z,27.00,57.62,45,1,44.30,101.85,78.00,913.00,null,null,null
2023-09-06T06:53:02Z,27.00,57.61,46,1,43.25,101.85,78.00,913.00,null,null,null
2023-09-06T06:54:02Z,26.98,57.68,46,1,38.22,101.85,78.00,918.00,null,null,null
2023-09-06T06:55:02Z,26.98,57.61,46,1,54.13,101.85,80.00,927.00,0,0,0
2023-09-06T06:56:02Z,27.01,57.55,45,1,46.19,101.85,78.00,918.00,null,null,null
2023-09-06T06:57:02Z,27.00,57.58,45,1,39.35,101.86,78.00,913.00,null,null,null
2023-09-06T06:58:02Z,26.98,57.55,46,1,44.10,101.86,78.00,918.00,null,null,null
2023-09-06T06:59:02Z,27.00,57.55,46,1,42.28,101.86,75.00,897.00,null,null,null
2023-09-06T07:00:02Z,27.00,57.57,46,1,42.38,101.86,78.00,913.00,0,0,0
2023-09-06T07:01:02Z,27.00,57.46,46,1,50.65,101.86,75.00,897.00,null,null,null
2023-09-06T07:02:02Z,27.01,57.52,45,1,37.47,101.86,73.00,882.00,null,null,null
2023-09-06T07:03:02Z,26.98,57.52,45,1,39.96,101.86,74.00,887.00,null,null,null
2023-09-06T07:04:02Z,27.00,57.53,46,1,40.97,101.86,74.00,887.00,null,null,null
2023-09-06T07:05:02Z,26.98,57.56,46,1,42.23,101.85,78.00,913.00,0,0,0
2023-09-06T07:06:02Z,27.00,57.56,45,1,43.30,101.86,78.00,913.00,null,null,null
2023-09-06T07:07:02Z,27.00,57.57,45,1,50.62,101.86,74.00,887.00,null,null,null
2023-09-06T07:08:02Z,26.98,57.62,46,1,35.16,101.86,75.00,897.00,null,null,null
2023-09-06T07:09:02Z,26.98,57.44,46,1,40.35,101.86,74.00,887.00,null,null,null
2023-09-06T07:10:02Z,27.00,57.57,45,1,48.93,101.86,75.00,897.00,0,0,0
2023-09-06T07:11:02Z,26.98,57.60,45,1,38.12,101.87,74.00,887.00,null,null,null
2023-09-06T07:12:02Z,26.98,57.54,45,1,45.44,101.86,73.00,882.00,null,null,null
2023-09-06T07:13:02Z,26.97,57.55,46,1,43.35,101.86,73.00,882.00,null,null,null
2023-09-06T07:14:02Z,27.00,57.53,45,2,41.54,101.86,74.00,887.00,null,null,null
2023-09-06T07:15:02Z,27.00,57.56,45,2,43.77,101.86,74.00,887.00,0,0,0
2023-09-06T07:16:02Z,27.00,57.46,45,2,44.42,101.87,68.00,851.00,null,null,null
2023-09-06T07:17:02Z,27.01,57.47,45,2,36.04,101.87,71.00,872.00,null,null,null
2023-09-06T07:18:02Z,26.98,57.63,45,2,42.59,101.87,71.00,872.00,null,null,null
2023-09-06T07:19:02Z,26.98,57.57,45,2,43.46,101.86,70.00,865.00,null,null,null
2023-09-06T07:20:02Z,26.98,57.51,45,2,40.72,101.87,70.00,865.00,0,0,0
2023-09-06T07:21:02Z,26.97,57.58,45,2,42.91,101.87,68.00,851.00,null,null,null
2023-09-06T07:22:02Z,26.98,57.67,46,2,42.37,101.87,70.00,865.00,null,null,null
2023-09-06T07:23:02Z,26.97,56.00,45,2,46.18,101.87,73.00,882.00,null,null,null
2023-09-06T07:24:02Z,27.00,55.82,45,2,42.12,101.87,80.00,927.00,null,null,null
2023-09-06T07:25:02Z,26.98,55.49,45,2,37.87,101.87,83.00,945.00,0,0,0
2023-09-06T07:26:02Z,26.97,55.52,45,2,40.93,101.87,79.00,925.00,null,null,null
2023-09-06T07:27:02Z,26.98,55.56,45,2,42.56,101.87,85.00,959.00,null,null,null
2023-09-06T07:28:02Z,27.00,55.64,45,2,41.09,101.87,90.00,992.00,null,null,null
2023-09-06T07:29:02Z,26.96,55.62,45,2,48.40,101.88,93.00,1012.00,null,null,null
2023-09-06T07:30:02Z,27.00,55.73,45,2,46.67,101.87,97.00,1041.00,0,0,0
2023-09-06T07:31:02Z,27.01,55.68,45,2,40.78,101.87,92.00,1004.00,null,null,null
2023-09-06T07:32:02Z,26.97,55.59,45,2,40.48,101.87,93.00,1012.00,null,null,null
2023-09-06T07:33:02Z,26.97,55.75,45,2,42.29,101.87,95.00,1029.00,null,null,null
2023-09-06T07:34:02Z,27.00,55.78,45,2,42.83,101.88,98.00,1044.00,null,null,null
2023-09-06T07:35:02Z,26.97,55.72,45,2,47.84,101.88,103.00,1081.00,0,0,0
2023-09-06T07:36:02Z,27.00,55.82,45,2,42.25,101.87,100.00,1062.00,null,null,null
2023-09-06T07:37:02Z,27.00,55.76,45,2,47.97,101.88,101.00,1065.00,null,null,null
2023-09-06T07:38:02Z,27.00,55.77,45,2,39.03,101.87,103.00,1081.00,null,null,null
2023-09-06T07:39:02Z,27.01,55.84,45,2,49.79,101.88,106.00,1102.00,null,null,null
2023-09-06T07:40:02Z,27.00,55.84,45,2,46.54,101.88,108.00,1113.00,0,0,0
2023-09-06T07:41:02Z,27.00,55.83,45,2,47.35,101.88,103.00,1081.00,null,null,null
2023-09-06T07:42:02Z,27.01,55.81,45,2,41.06,101.88,106.00,1102.00,null,null,null
2023-09-06T07:43:02Z,26.98,55.83,45,2,36.23,101.89,109.00,1122.00,null,null,null
2023-09-06T07:44:02Z,27.00,55.83,45,2,46.09,101.89,112.00,1140.00,null,null,null
2023-09-06T07:45:02Z,27.00,55.87,45,1,40.27,101.88,109.00,1122.00,0,0,0
2023-09-06T07:46:02Z,27.01,55.82,45,2,36.11,101.89,106.00,1102.00,null,null,null
2023-09-06T07:47:02Z,27.03,55.94,45,2,48.71,101.89,106.00,1102.00,null,null,null
2023-09-06T07:48:02Z,27.01,55.85,45,2,40.81,101.89,108.00,1113.00,null,null,null
2023-09-06T07:49:02Z,27.00,55.90,45,2,45.17,101.89,108.00,1113.00,null,null,null
2023-09-06T07:50:02Z,26.98,55.90,45,2,38.47,101.89,112.00,1140.00,0,0,0
2023-09-06T07:51:02Z,27.00,55.89,45,2,36.67,101.89,108.00,1113.00,null,null,null
2023-09-06T07:52:02Z,27.00,55.89,45,2,41.84,101.89,108.00,1113.00,null,null,null
2023-09-06T07:53:02Z,27.01,55.94,45,2,43.73,101.89,109.00,1122.00,null,null,null
2023-09-06T07:54:02Z,27.00,55.90,45,2,40.60,101.89,117.00,1168.00,null,null,null
2023-09-06T07:55:02Z,27.00,55.92,45,2,46.01,101.90,117.00,1168.00,0,0,0
2023-09-06T07:56:02Z,26.98,55.99,45,6,38.21,101.89,112.00,1140.00,null,null,null
2023-09-06T07:57:02Z,27.00,55.94,45,6,49.82,101.90,114.00,1153.00,null,null,null
2023-09-06T07:58:02Z,26.97,56.12,45,6,45.99,101.89,129.00,1252.00,null,null,null
2023-09-06T07:59:02Z,26.94,56.30,45,6,43.02,101.89,130.00,1259.00,null,null,null
2023-09-06T08:00:02Z,26.91,56.21,45,6,39.33,101.89,127.00,1235.00,0,0,0
2023-09-06T08:01:02Z,26.86,56.24,45,6,37.18,101.89,117.00,1168.00,null,null,null
2023-09-06T08:02:02Z,26.83,56.39,45,6,45.87,101.90,112.00,1140.00,null,null,null
2023-09-06T08:03:02Z,26.80,56.48,45,6,44.74,101.89,110.00,1125.00,null,null,null
2023-09-06T08:04:02Z,26.74,56.64,44,6,44.22,101.90,110.00,1125.00,null,null,null
2023-09-06T08:05:02Z,26.73,56.87,45,6,41.79,101.90,114.00,1150.00,0,0,0
2023-09-06T08:06:02Z,26.69,56.97,45,5,44.72,101.90,103.00,1077.00,null,null,null
2023-09-06T08:07:02Z,26.66,57.11,45,6,46.11,101.90,103.00,1077.00,null,null,null
2023-09-06T08:08:02Z,26.66,57.25,45,5,40.82,101.90,105.00,1090.00,null,null,null
2023-09-06T08:09:02Z,26.62,57.35,45,6,40.29,101.90,106.00,1099.00,null,null,null
2023-09-06T08:10:02Z,26.60,57.44,44,6,44.15,101.90,108.00,1110.00,0,0,0
2023-09-06T08:11:02Z,26.55,57.67,45,6,49.36,101.90,96.00,1032.00,null,null,null
2023-09-06T08:12:02Z,26.53,57.71,45,6,40.45,101.90,93.00,1012.00,null,null,null
2023-09-06T08:13:02Z,26.53,57.76,45,6,47.02,101.90,92.00,1004.00,null,null,null
2023-09-06T08:14:02Z,26.50,57.84,45,6,40.44,101.90,97.00,1041.00,null,null,null
2023-09-06T08:15:02Z,26.50,58.03,45,6,37.56,101.90,101.00,1065.00,0,0,0
2023-09-06T08:16:02Z,26.48,58.07,45,6,42.00,101.90,93.00,1014.00,null,null,null
2023-09-06T08:17:02Z,26.46,58.15,45,6,39.09,101.90,97.00,1041.00,null,null,null
2023-09-06T08:18:02Z,26.45,58.22,45,6,42.80,101.90,101.00,1065.00,null,null,null
2023-09-06T08:19:02Z,26.45,58.25,45,6,42.12,101.90,96.00,1032.00,null,null,null
2023-09-06T08:20:02Z,26.40,58.44,45,5,40.66,101.90,95.00,1029.00,0,0,0
2023-09-06T08:21:02Z,26.39,58.56,44,5,37.20,101.90,89.00,990.00,null,null,null
2023-09-06T08:22:02Z,26.39,58.66,45,5,36.35,101.90,85.00,964.00,null,null,null
2023-09-06T08:23:02Z,26.38,58.74,45,5,46.18,101.90,88.00,981.00,null,null,null
2023-09-06T08:24:02Z,26.36,58.82,44,5,43.81,101.90,89.00,990.00,null,null,null
2023-09-06T08:25:02Z,26.32,58.86,44,5,42.33,101.90,93.00,1014.00,0,0,0
2023-09-06T08:26:02Z,26.36,58.85,44,5,40.04,101.90,92.00,1007.00,null,null,null
2023-09-06T08:27:02Z,26.32,59.00,44,5,39.79,101.90,88.00,981.00,null,null,null
2023-09-06T08:28:02Z,26.32,59.00,45,5,43.52,101.90,88.00,981.00,null,null,null
2023-09-06T08:29:02Z,26.31,59.14,44,5,40.62,101.90,92.00,1007.00,null,null,null
2023-09-06T08:30:02Z,26.28,59.30,45,5,35.59,101.90,87.00,972.00,0,0,0
2023-09-06T08:31:02Z,26.29,59.36,44,5,43.52,101.90,85.00,961.00,null,null,null
2023-09-06T08:32:02Z,26.26,59.37,44,5,40.84,101.90,80.00,927.00,null,null,null
2023-09-06T08:33:02Z,26.25,59.55,44,4,45.42,101.90,85.00,961.00,null,null,null
2023-09-06T08:34:02Z,26.26,59.78,45,5,40.82,101.90,83.00,951.00,null,null,null
2023-09-06T08:35:02Z,26.26,59.87,44,4,39.57,101.90,90.00,992.00,0,0,0
2023-09-06T08:36:02Z,26.25,60.03,44,5,40.99,101.90,83.00,951.00,null,null,null
2023-09-06T08:37:02Z,26.26,60.04,45,5,37.25,101.90,88.00,983.00,null,null,null
2023-09-06T08:38:02Z,26.22,60.10,44,5,46.82,101.90,97.00,1041.00,null,null,null
2023-09-06T08:39:02Z,26.23,60.06,45,5,47.34,101.90,114.00,1153.00,null,null,null
2023-09-06T08:40:02Z,26.23,60.01,44,5,36.84,101.90,120.00,1191.00,0,0,0
2023-09-06T08:41:02Z,26.23,60.01,45,5,46.50,101.89,110.00,1125.00,null,null,null
2023-09-06T08:42:02Z,26.22,59.90,44,5,46.59,101.89,108.00,1113.00,null,null,null
2023-09-06T08:43:02Z,26.23,59.84,44,5,43.01,101.89,110.00,1125.00,null,null,null
2023-09-06T08:44:02Z,26.21,59.96,44,5,46.67,101.89,118.00,1178.00,null,null,null
2023-09-06T08:45:02Z,26.22,59.93,44,5,45.50,101.89,116.00,1163.00,0,0,0
2023-09-06T08:46:02Z,26.21,59.88,45,5,44.40,101.89,106.00,1102.00,null,null,null
2023-09-06T08:47:02Z,26.22,59.94,44,5,45.45,101.89,99.00,1056.00,null,null,null
2023-09-06T08:48:02Z,26.18,59.87,44,5,47.36,101.90,103.00,1077.00,null,null,null
2023-09-06T08:49:02Z,26.18,59.83,44,5,42.09,101.90,108.00,1113.00,null,null,null
2023-09-06T08:50:02Z,26.18,59.76,44,5,47.98,101.90,106.00,1102.00,0,0,0
2023-09-06T08:51:02Z,26.16,59.77,44,5,38.03,101.90,101.00,1068.00,null,null,null
2023-09-06T08:52:02Z,26.18,59.75,45,5,37.47,101.90,96.00,1032.00,null,null,null
2023-09-06T08:53:02Z,26.15,59.72,44,5,43.11,101.90,96.00,1032.00,null,null,null
2023-09-06T08:54:02Z,26.18,59.71,44,5,36.77,101.90,98.00,1044.00,null,null,null
2023-09-06T08:55:02Z,26.18,59.76,44,5,39.03,101.90,98.00,1044.00,0,0,0
2023-09-06T08:56:02Z,26.15,59.68,44,5,44.33,101.90,88.00,981.00,null,null,null
2023-09-06T08:57:02Z,26.15,59.74,44,5,42.63,101.90,94.00,1019.00,null,null,null
2023-09-06T08:58:02Z,26.15,59.76,44,5,36.99,101.91,96.00,1032.00,null,null,null
2023-09-06T08:59:02Z,26.14,59.82,44,5,38.10,101.90,87.00,975.00,null,null,null
2023-09-06T09:00:02Z,26.12,59.78,44,4,41.68,101.90,87.00,975.00,0,0,0
2023-09-06T09:01:02Z,26.15,59.83,44,5,48.41,101.91,85.00,964.00,null,null,null
2023-09-06T09:02:02Z,26.12,59.79,44,5,41.95,101.90,87.00,975.00,null,null,null
2023-09-06T09:03:02Z,26.14,59.73,44,5,38.13,101.90,90.00,992.00,null,null,null
2023-09-06T09:04:02Z,26.16,59.72,44,5,39.97,101.90,96.00,1032.00,null,null,null
2023-09-06T09:05:02Z,26.14,59.73,44,5,43.21,101.91,98.00,1044.00,0,0,0
2023-09-06T09:06:02Z,26.14,59.80,44,5,37.63,101.91,92.00,1004.00,null,null,null
2023-09-06T09:07:02Z,26.14,59.68,44,5,39.19,101.91,88.00,981.00,null,null,null
2023-09-06T09:08:02Z,26.15,59.77,44,5,45.18,101.91,94.00,1019.00,null,null,null
2023-09-06T09:09:02Z,26.12,59.65,44,5,39.61,101.91,92.00,1009.00,null,null,null
2023-09-06T09:10:02Z,26.12,59.74,44,5,42.41,101.90,94.00,1019.00,0,0,0
2023-09-06T09:11:02Z,26.11,59.73,44,5,41.24,101.90,90.00,992.00,null,null,null
2023-09-06T09:12:02Z,26.12,59.76,44,5,46.80,101.90,89.00,987.00,null,null,null
2023-09-06T09:13:02Z,26.10,59.77,44,5,42.31,101.90,87.00,975.00,null,null,null
2023-09-06T09:14:02Z,26.10,59.77,44,5,38.72,101.90,88.00,981.00,null,null,null
2023-09-06T09:15:02Z,26.10,59.70,44,5,44.54,101.89,84.00,956.00,0,0,0
2023-09-06T09:16:02Z,26.14,59.77,44,5,43.97,101.89,81.00,933.00,null,null,null
2023-09-06T09:17:02Z,26.11,59.78,44,4,48.54,101.89,79.00,923.00,null,null,null
2023-09-06T09:18:02Z,26.14,59.77,44,5,49.14,101.89,76.00,902.00,null,null,null
2023-09-06T09:19:02Z,26.11,59.73,44,5,45.22,101.89,78.00,915.00,null,null,null
2023-09-06T09:20:02Z,26.12,59.79,44,5,40.33,101.89,79.00,925.00,0,0,0
2023-09-06T09:21:02Z,26.10,59.78,44,4,43.27,101.89,76.00,902.00,null,null,null
2023-09-06T09:22:02Z,26.08,59.78,44,4,41.47,101.89,82.00,942.00,null,null,null
2023-09-06T09:23:02Z,26.11,59.89,44,4,43.38,101.90,79.00,923.00,null,null,null
2023-09-06T09:24:02Z,26.11,59.91,44,4,50.40,101.89,79.00,923.00,null,null,null
2023-09-06T09:25:02Z,26.10,59.98,44,4,41.19,101.89,78.00,915.00,0,0,0
2023-09-06T09:26:02Z,26.11,59.96,44,4,39.16,101.90,73.00,885.00,null,null,null
2023-09-06T09:27:02Z,26.11,60.01,44,4,44.94,101.89,73.00,885.00,null,null,null
2023-09-06T09:28:02Z,26.08,59.96,44,4,46.01,101.89,75.00,895.00,null,null,null
2023-09-06T09:29:02Z,26.11,60.10,43,4,39.53,101.88,79.00,923.00,null,null,null
2023-09-06T09:30:02Z,26.07,60.05,44,4,41.29,101.89,76.00,902.00,0,0,0
2023-09-06T09:31:02Z,26.08,60.11,43,4,39.14,101.89,73.00,880.00,null,null,null
2023-09-06T09:32:02Z,26.11,60.02,44,5,41.61,101.89,79.00,923.00,null,null,null
2023-09-06T09:33:02Z,26.10,60.14,44,4,42.35,101.88,79.00,923.00,null,null,null
2023-09-06T09:34:02Z,26.10,60.09,44,4,46.18,101.89,79.00,923.00,null,null,null
2023-09-06T09:35:02Z,26.10,60.07,44,5,46.21,101.89,85.00,964.00,0,0,0
2023-09-06T09:36:02Z,26.11,60.07,44,5,46.49,101.89,81.00,933.00,null,null,null
2023-09-06T09:37:02Z,26.11,60.09,44,5,42.82,101.89,87.00,975.00,null,null,null
2023-09-06T09:38:02Z,26.11,60.16,44,5,39.84,101.89,87.00,975.00,null,null,null
2023-09-06T09:39:02Z,26.12,60.26,44,5,38.98,101.89,84.00,956.00,null,null,null
2023-09-06T09:40:02Z,26.11,60.16,44,5,38.08,101.89,83.00,949.00,0,0,0
2023-09-06T09:41:02Z,26.12,60.12,44,4,39.95,101.89,81.00,933.00,null,null,null
2023-09-06T09:42:02Z,26.11,67.06,44,6,33.90,101.89,84.00,956.00,null,null,null
2023-09-06T09:43:02Z,26.10,66.08,44,6,44.85,101.89,66.00,834.00,null,null,null
2023-09-06T09:44:02Z,26.08,64.87,44,6,45.43,101.89,76.00,900.00,null,null,null
2023-09-06T09:45:02Z,26.08,64.25,44,6,36.67,101.89,80.00,930.00,0,0,0
2023-09-06T09:46:02Z,26.08,64.01,44,6,43.67,101.89,73.00,885.00,null,null,null
2023-09-06T09:47:02Z,26.05,62.63,44,6,40.78,101.89,73.00,882.00,null,null,null
2023-09-06T09:48:02Z,26.10,62.70,43,5,45.88,101.88,81.00,933.00,null,null,null
2023-09-06T09:49:02Z,26.11,62.66,44,5,38.74,101.89,80.00,927.00,null,null,null
2023-09-06T09:50:02Z,26.11,62.32,44,6,42.38,101.88,80.00,927.00,0,0,0
2023-09-06T09:51:02Z,26.10,61.83,43,6,46.66,101.89,73.00,880.00,null,null,null
2023-09-06T09:52:02Z,26.10,60.55,44,5,39.66,101.88,71.00,868.00,null,null,null
2023-09-06T09:53:02Z,26.11,60.51,44,6,44.57,101.88,78.00,915.00,null,null,null
2023-09-06T09:54:02Z,26.14,60.59,44,5,44.58,101.88,78.00,915.00,null,null,null
2023-09-06T09:55:02Z,26.11,60.60,44,5,44.49,101.88,78.00,915.00,0,0,0
2023-09-06T09:56:02Z,26.14,60.54,44,5,41.18,101.88,71.00,872.00,null,null,null
2023-09-06T09:57:02Z,26.14,60.56,43,6,45.34,101.88,65.00,827.00,null,null,null
2023-09-06T09:58:02Z,26.15,60.55,44,6,47.74,101.88,61.00,804.00,null,null,null
2023-09-06T09:59:02Z,26.16,60.63,44,5,43.09,101.88,60.00,795.00,null,null,null
2023-09-06T10:00:02Z,26.15,60.64,44,6,45.97,101.88,53.00,752.00,0,0,0
2023-09-06T10:01:02Z,26.21,60.70,43,5,40.11,101.88,47.00,710.00,null,null,null
2023-09-06T10:02:02Z,26.22,60.60,43,5,46.32,101.88,45.00,699.00,null,null,null
2023-09-06T10:03:02Z,26.21,60.55,44,5,36.28,101.88,41.00,674.00,null,null,null
2023-09-06T10:04:02Z,26.21,60.48,43,5,50.82,101.88,40.00,668.00,null,null,null
2023-09-06T10:05:02Z,26.21,60.51,44,6,44.20,101.88,39.00,659.00,0,0,0
2023-09-06T10:06:02Z,26.23,60.56,43,5,41.29,101.88,41.00,674.00,null,null,null
2023-09-06T10:07:02Z,26.23,60.46,43,5,36.72,101.88,33.00,618.00,null,null,null
2023-09-06T10:08:02Z,26.22,60.44,43,5,42.28,101.88,35.00,633.00,null,null,null
2023-09-06T10:09:02Z,26.25,60.39,43,5,39.17,101.88,34.00,626.00,null,null,null
2023-09-06T10:10:02Z,26.26,60.39,44,5,45.30,101.88,27.00,578.00,0,0,0
2023-09-06T10:11:02Z,26.23,60.52,43,5,39.52,101.88,28.00,586.00,null,null,null
2023-09-06T10:12:02Z,26.25,60.47,43,6,45.50,101.88,33.00,618.00,null,null,null
2023-09-06T10:13:02Z,26.26,60.68,43,39,50.14,101.88,25.00,569.00,null,null,null
2023-09-06T10:14:02Z,26.25,60.65,43,39,42.49,101.88,28.00,586.00,null,null,null
2023-09-06T10:15:02Z,26.29,60.80,43,36,48.09,101.88,31.00,605.00,0,0,0
2023-09-06T10:16:02Z,26.31,61.02,43,42,39.08,101.88,28.00,584.00,null,null,null
2023-09-06T10:17:02Z,26.31,60.55,44,36,52.23,101.87,39.00,659.00,null,null,null
2023-09-06T10:18:02Z,26.35,60.58,44,16,46.74,101.88,47.00,715.00,null,null,null
2023-09-06T10:19:02Z,26.38,61.05,43,44,34.41,101.88,44.00,694.00,null,null,null
2023-09-06T10:20:02Z,26.39,60.80,43,44,35.56,101.88,32.00,612.00,0,0,0
2023-09-06T10:21:02Z,26.40,60.48,43,45,42.96,101.88,15.00,501.00,null,null,null
2023-09-06T10:22:02Z,26.40,60.49,43,47,48.58,101.88,8.00,457.00,null,null,null
2023-09-06T10:23:02Z,26.40,60.52,43,46,43.46,101.88,3.00,425.00,null,null,null
2023-09-06T10:24:02Z,26.43,60.64,43,47,42.65,101.88,7.00,452.00,null,null,null
2023-09-06T10:25:02Z,26.42,60.51,44,47,42.58,101.88,3.00,421.00,0,0,0
2023-09-06T10:26:02Z,26.42,60.47,43,48,40.90,101.88,0.00,400.00,null,null,null
2023-09-06T10:27:02Z,26.42,60.55,43,48,48.50,101.88,0.00,400.00,null,null,null
2023-09-06T10:28:02Z,26.40,60.41,43,47,40.56,101.88,1.00,409.00,null,null,null
2023-09-06T10:29:02Z,26.39,60.49,43,47,54.90,101.88,0.00,400.00,null,null,null
2023-09-06T10:30:02Z,26.40,60.54,43,47,41.13,101.88,0.00,400.00,0,0,0
2023-09-06T10:31:02Z,26.42,60.50,43,48,43.43,101.88,0.00,400.00,null,null,null
2023-09-06T10:32:02Z,26.43,60.56,43,52,44.85,101.88,0.00,400.00,null,null,null
2023-09-06T10:33:02Z,26.45,60.57,43,48,42.10,101.87,1.00,409.00,null,null,null
2023-09-06T10:34:02Z,26.45,60.55,43,49,41.46,101.88,1.00,409.00,null,null,null
2023-09-06T10:35:02Z,26.42,60.64,44,49,43.51,101.87,5.00,435.00,0,0,0
2023-09-06T10:36:02Z,26.45,60.56,43,49,38.01,101.87,9.00,460.00,null,null,null
2023-09-06T10:37:02Z,26.46,60.65,43,51,46.44,101.87,8.00,455.00,null,null,null
2023-09-06T10:38:02Z,26.48,60.46,43,49,40.11,101.87,5.00,433.00,null,null,null
2023-09-06T10:39:02Z,26.48,60.54,43,49,46.43,101.87,9.00,464.00,null,null,null
2023-09-06T10:40:02Z,26.49,60.61,43,49,42.69,101.87,7.00,450.00,0,0,0
2023-09-06T10:41:02Z,26.48,60.49,43,49,44.18,101.87,2.00,414.00,null,null,null
2023-09-06T10:42:02Z,26.49,60.61,43,49,38.32,101.87,12.00,481.00,null,null,null
2023-09-06T10:43:02Z,26.50,60.73,43,49,38.77,101.87,16.00,508.00,null,null,null
2023-09-06T10:44:02Z,26.48,60.74,43,49,44.96,101.87,12.00,481.00,null,null,null
2023-09-06T10:45:02Z,26.49,60.74,43,49,37.22,101.87,15.00,501.00,0,0,0
2023-09-06T10:46:02Z,26.49,60.80,43,50,42.27,101.88,7.00,450.00,null,null,null
2023-09-06T10:47:02Z,26.50,60.79,43,50,42.16,101.87,5.00,435.00,null,null,null
2023-09-06T10:48:02Z,26.49,60.86,43,50,42.06,101.87,6.00,443.00,null,null,null
2023-09-06T10:49:02Z,26.49,60.78,43,50,43.77,101.87,5.00,435.00,null,null,null
2023-09-06T10:50:02Z,26.49,60.89,43,54,46.15,101.87,4.00,428.00,0,0,0
2023-09-06T10:51:02Z,26.52,60.93,43,51,36.45,101.87,1.00,409.00,null,null,null
2023-09-06T10:52:02Z,26.50,60.88,43,55,45.16,101.87,2.00,418.00,null,null,null
2023-09-06T10:53:02Z,26.53,60.50,43,50,41.59,101.87,7.00,450.00,null,null,null
2023-09-06T10:54:02Z,26.52,60.83,43,52,45.96,101.87,22.00,546.00,null,null,null
2023-09-06T10:55:02Z,26.53,60.89,43,51,42.11,101.87,20.00,536.00,0,0,0
2023-09-06T10:56:02Z,26.55,60.95,43,51,39.62,101.87,15.00,502.00,null,null,null
2023-09-06T10:57:02Z,26.53,61.02,43,52,45.20,101.87,14.00,492.00,null,null,null
2023-09-06T10:58:02Z,26.55,61.07,43,52,43.46,101.87,12.00,481.00,null,null,null
2023-09-06T10:59:02Z,26.55,61.13,43,53,46.74,101.87,14.00,496.00,null,null,null
2023-09-06T11:00:02Z,26.53,61.12,43,52,40.85,101.87,16.00,508.00,0,0,0
2023-09-06T11:01:02Z,26.56,60.81,43,52,41.24,101.87,13.00,486.00,null,null,null
2023-09-06T11:02:02Z,26.58,60.52,43,56,41.21,101.88,23.00,553.00,null,null,null
2023-09-06T11:03:02Z,26.56,60.89,43,54,40.46,101.87,32.00,611.00,null,null,null
2023-09-06T11:04:02Z,26.60,60.88,43,56,46.11,101.87,32.00,614.00,null,null,null
2023-09-06T11:05:02Z,26.58,61.24,43,52,43.59,101.87,36.00,637.00,0,0,0
2023-09-06T11:06:02Z,26.59,60.70,43,52,42.35,101.87,33.00,620.00,null,null,null
2023-09-06T11:07:02Z,26.58,60.88,43,54,42.05,101.86,47.00,714.00,null,null,null
2023-09-06T11:08:02Z,26.59,61.11,43,54,46.39,101.86,47.00,714.00,null,null,null
2023-09-06T11:09:02Z,26.59,61.27,43,54,44.73,101.86,40.00,666.00,null,null,null
2023-09-06T11:10:02Z,26.60,60.82,43,55,38.38,101.86,37.00,649.00,0,0,0
2023-09-06T11:11:02Z,26.58,61.24,43,55,40.20,101.86,39.00,656.00,null,null,null
2023-09-06T11:12:02Z,26.59,61.33,43,56,47.33,101.86,33.00,620.00,null,null,null
2023-09-06T11:13:02Z,26.62,61.11,43,55,40.60,101.85,27.00,578.00,null,null,null
2023-09-06T11:14:02Z,26.59,60.83,43,55,45.32,101.85,30.00,602.00,null,null,null
2023-09-06T11:15:02Z,26.60,61.04,43,55,41.15,101.85,42.00,682.00,0,0,0
2023-09-06T11:16:02Z,26.60,60.87,43,55,40.65,101.85,45.00,699.00,null,null,null
2023-09-06T11:17:02Z,26.62,60.86,43,56,43.88,101.85,53.00,752.00,null,null,null
2023-09-06T11:18:02Z,26.60,60.92,43,56,41.33,101.85,64.00,821.00,null,null,null
2023-09-06T11:19:02Z,26.62,61.45,43,56,40.99,101.85,68.00,851.00,null,null,null
2023-09-06T11:20:02Z,26.63,61.45,43,58,44.19,101.86,60.00,795.00,0,0,0
2023-09-06T11:21:02Z,26.63,61.25,43,56,41.84,101.85,44.00,690.00,null,null,null
2023-09-06T11:22:02Z,26.62,61.42,43,57,47.72,101.85,49.00,728.00,null,null,null
2023-09-06T11:23:02Z,26.63,61.42,43,59,41.03,101.85,39.00,657.00,null,null,null
2023-09-06T11:24:02Z,26.62,61.52,43,57,39.95,101.86,34.00,629.00,null,null,null
2023-09-06T11:25:02Z,26.63,61.48,43,58,40.05,101.86,29.00,596.00,0,0,0
2023-09-06T11:26:02Z,26.65,61.20,43,59,42.23,101.85,27.00,578.00,null,null,null
2023-09-06T11:27:02Z,26.66,61.34,43,58,38.51,101.85,36.00,637.00,null,null,null
2023-09-06T11:28:02Z,26.66,61.63,43,58,53.26,101.85,42.00,682.00,null,null,null
2023-09-06T11:29:02Z,26.66,61.34,43,59,46.56,101.85,39.00,657.00,null,null,null
2023-09-06T11:30:02Z,26.65,61.53,43,61,44.24,101.85,44.00,690.00,0,0,0
2023-09-06T11:31:02Z,26.63,61.64,43,60,42.71,101.85,42.00,682.00,null,null,null
2023-09-06T11:32:02Z,26.65,61.64,43,59,39.32,101.85,42.00,682.00,null,null,null
2023-09-06T11:33:02Z,26.66,61.63,43,59,47.34,101.85,45.00,699.00,null,null,null
2023-09-06T11:34:02Z,26.66,61.53,43,60,46.49,101.85,51.00,735.00,null,null,null
2023-09-06T11:35:02Z,26.66,61.59,43,60,41.24,101.85,55.00,765.00,0,0,0
2023-09-06T11:36:02Z,26.67,61.35,43,60,38.02,101.85,60.00,795.00,null,null,null
2023-09-06T11:37:02Z,26.69,61.66,43,62,45.98,101.85,60.00,795.00,null,null,null
2023-09-06T11:38:02Z,26.70,61.35,43,60,51.52,101.85,58.00,783.00,null,null,null
2023-09-06T11:39:02Z,26.67,61.17,43,61,51.04,101.85,65.00,832.00,null,null,null
2023-09-06T11:40:02Z,26.70,61.20,43,63,46.38,101.85,80.00,930.00,0,0,0
2023-09-06T11:41:02Z,26.70,61.67,43,66,44.31,101.85,84.00,956.00,null,null,null
2023-09-06T11:42:02Z,26.69,61.28,43,62,43.83,101.85,79.00,920.00,null,null,null
2023-09-06T11:43:02Z,26.67,61.26,43,63,43.67,101.84,79.00,920.00,null,null,null
2023-09-06T11:44:02Z,26.71,61.25,43,63,42.98,101.84,80.00,930.00,null,null,null
2023-09-06T11:45:02Z,26.69,61.59,43,63,42.59,101.84,80.00,930.00,0,0,0
2023-09-06T11:46:02Z,26.69,61.73,43,65,43.60,101.84,53.00,752.00,null,null,null
2023-09-06T11:47:02Z,26.70,61.78,43,68,44.75,101.83,49.00,728.00,null,null,null
2023-09-06T11:48:02Z,26.70,61.76,43,64,37.41,101.84,39.00,659.00,null,null,null
2023-09-06T11:49:02Z,26.70,61.71,43,65,41.88,101.84,45.00,700.00,null,null,null
2023-09-06T11:50:02Z,26.69,61.36,43,65,48.25,101.83,51.00,735.00,0,0,0
2023-09-06T11:51:02Z,26.70,61.41,43,66,53.21,101.83,55.00,765.00,null,null,null
2023-09-06T11:52:02Z,26.71,61.34,43,67,44.52,101.83,64.00,821.00,null,null,null
2023-09-06T11:53:02Z,26.70,61.70,43,68,47.58,101.82,68.00,851.00,null,null,null
2023-09-06T11:54:02Z,26.70,61.83,43,67,42.21,101.82,61.00,804.00,null,null,null
2023-09-06T11:55:02Z,26.71,61.80,43,69,42.29,101.82,54.00,759.00,0,0,0
2023-09-06T11:56:02Z,26.71,61.93,43,69,45.58,101.83,46.00,708.00,null,null,null
2023-09-06T11:57:02Z,26.73,61.91,43,69,42.27,101.82,48.00,717.00,null,null,null
2023-09-06T11:58:02Z,26.73,61.51,43,70,45.31,101.82,56.00,768.00,null,null,null
2023-09-06T11:59:02Z,26.70,61.41,43,71,42.52,101.82,67.00,840.00,null,null,null
2023-09-06T12:00:02Z,26.74,61.60,43,72,40.88,101.83,76.00,905.00,0,0,0
2023-09-06T12:01:02Z,26.74,61.52,42,73,42.12,101.82,68.00,851.00,null,null,null
2023-09-06T12:02:02Z,26.74,61.42,43,74,46.98,101.82,75.00,895.00,null,null,null
2023-09-06T12:03:02Z,26.77,61.62,43,74,42.60,101.82,76.00,905.00,null,null,null
2023-09-06T12:04:02Z,26.74,61.55,43,75,34.57,101.82,78.00,918.00,null,null,null
2023-09-06T12:05:02Z,26.76,61.67,43,76,41.09,101.82,88.00,981.00,0,0,0
2023-09-06T12:06:02Z,26.77,61.67,43,77,43.82,101.82,81.00,933.00,null,null,null
2023-09-06T12:07:02Z,26.76,61.71,43,78,41.51,101.82,78.00,918.00,null,null,null
2023-09-06T12:08:02Z,26.79,61.82,43,81,43.36,101.82,75.00,897.00,null,null,null
2023-09-06T12:09:02Z,26.77,62.33,43,82,45.10,101.81,76.00,900.00,null,null,null
2023-09-06T12:10:02Z,26.79,62.18,43,81,46.55,101.82,61.00,804.00,0,0,0
2023-09-06T12:11:02Z,26.81,61.96,43,81,43.13,101.82,53.00,754.00,null,null,null
2023-09-06T12:12:02Z,26.81,61.87,43,81,43.54,101.82,53.00,754.00,null,null,null
2023-09-06T12:13:02Z,26.79,61.92,43,83,45.97,101.82,53.00,754.00,null,null,null
2023-09-06T12:14:02Z,26.80,61.85,43,84,38.48,101.82,53.00,754.00,null,null,null
2023-09-06T12:15:02Z,26.81,61.81,43,84,41.29,101.82,56.00,772.00,0,0,0
2023-09-06T12:16:02Z,26.81,61.78,43,84,41.95,101.82,53.00,754.00,null,null,null
2023-09-06T12:17:02Z,26.81,61.71,43,85,37.84,101.82,57.00,780.00,null,null,null
2023-09-06T12:18:02Z,26.81,61.90,43,86,42.22,101.82,65.00,827.00,null,null,null
2023-09-06T12:19:02Z,26.83,61.65,43,91,45.58,101.82,67.00,844.00,null,null,null
2023-09-06T12:20:02Z,26.83,61.75,43,91,45.41,101.82,72.00,874.00,0,0,0
2023-09-06T12:21:02Z,26.83,62.06,42,90,45.65,101.82,71.00,868.00,null,null,null
2023-09-06T12:22:02Z,26.86,62.12,43,92,35.54,101.82,63.00,819.00,null,null,null
2023-09-06T12:23:02Z,26.84,62.19,42,93,38.67,101.82,62.00,810.00,null,null,null
2023-09-06T12:24:02Z,26.81,62.10,43,96,47.56,101.82,61.00,802.00,null,null,null
2023-09-06T12:25:02Z,26.84,61.75,43,96,43.91,101.82,63.00,819.00,0,0,0
2023-09-06T12:26:02Z,26.84,61.99,42,98,39.92,101.82,71.00,868.00,null,null,null
2023-09-06T12:27:02Z,26.84,61.82,43,98,47.51,101.81,76.00,900.00,null,null,null
2023-09-06T12:28:02Z,26.86,62.05,42,100,41.21,101.82,77.00,909.00,null,null,null
2023-09-06T12:29:02Z,26.86,62.08,43,101,43.27,101.82,74.00,889.00,null,null,null
2023-09-06T12:30:02Z,26.86,61.83,43,104,47.44,101.81,76.00,900.00,0,0,0
2023-09-06T12:31:02Z,26.86,61.83,43,109,49.03,101.82,77.00,909.00,null,null,null
2023-09-06T12:32:02Z,26.86,61.85,43,108,40.10,101.82,85.00,961.00,null,null,null
2023-09-06T12:33:02Z,26.87,61.77,43,113,36.70,101.82,90.00,997.00,null,null,null
2023-09-06T12:34:02Z,26.89,61.89,43,115,45.68,101.82,98.00,1047.00,null,null,null
2023-09-06T12:35:02Z,26.87,62.21,43,116,40.96,101.82,100.00,1062.00,0,0,0
2023-09-06T12:36:02Z,26.90,62.19,42,120,45.72,101.82,98.00,1047.00,null,null,null
2023-09-06T12:37:02Z,26.90,61.88,43,119,46.27,101.82,98.00,1047.00,null,null,null
2023-09-06T12:38:02Z,26.89,62.12,42,117,39.50,101.82,107.00,1105.00,null,null,null
2023-09-06T12:39:02Z,26.90,62.28,43,116,40.57,101.82,109.00,1122.00,null,null,null
2023-09-06T12:40:02Z,26.90,62.00,43,114,44.40,101.81,104.00,1083.00,0,0,0
2023-09-06T12:41:02Z,26.90,61.99,43,120,42.63,101.82,107.00,1105.00,null,null,null
2023-09-06T12:42:02Z,26.91,62.20,43,125,41.87,101.81,109.00,1122.00,null,null,null
2023-09-06T12:43:02Z,26.91,61.94,42,132,42.06,101.82,111.00,1134.00,null,null,null
2023-09-06T12:44:02Z,26.93,61.91,42,139,49.98,101.81,117.00,1171.00,null,null,null
2023-09-06T12:45:02Z,26.90,61.90,43,143,44.88,101.81,121.00,1198.00,0,0,0
2023-09-06T12:46:02Z,26.91,61.92,43,147,43.61,101.81,121.00,1198.00,null,null,null
2023-09-06T12:47:02Z,26.91,61.93,43,152,42.64,101.82,121.00,1198.00,null,null,null
2023-09-06T12:48:02Z,26.93,61.94,43,159,38.62,101.82,127.00,1235.00,null,null,null
2023-09-06T12:49:02Z,26.97,61.91,42,163,43.39,101.82,127.00,1235.00,null,null,null
2023-09-06T12:50:02Z,26.93,61.94,43,170,48.53,101.82,127.00,1235.00,0,0,0
2023-09-06T12:51:02Z,26.94,61.94,43,177,49.43,101.82,121.00,1198.00,null,null,null
2023-09-06T12:52:02Z,26.97,61.96,43,181,43.13,101.81,121.00,1198.00,null,null,null
2023-09-06T12:53:02Z,26.94,62.14,42,185,41.61,101.82,119.00,1184.00,null,null,null
2023-09-06T12:54:02Z,26.94,61.88,42,180,44.21,101.81,113.00,1147.00,null,null,null
2023-09-06T12:55:02Z,26.96,61.92,42,152,45.62,101.81,113.00,1147.00,0,0,0
2023-09-06T12:56:02Z,26.96,62.02,42,175,43.32,101.82,109.00,1122.00,null,null,null
2023-09-06T12:57:02Z,26.98,61.89,42,183,48.57,101.82,105.00,1093.00,null,null,null
2023-09-06T12:58:02Z,26.98,61.83,42,192,42.10,101.81,109.00,1122.00,null,null,null
2023-09-06T12:59:02Z,26.97,62.06,42,198,33.08,101.81,111.00,1134.00,null,null,null
2023-09-06T13:00:02Z,26.98,61.89,42,199,38.19,101.81,109.00,1122.00,0,0,0
2023-09-06T13:01:02Z,26.98,61.91,42,205,46.06,101.81,109.00,1122.00,null,null,null
2023-09-06T13:02:02Z,26.98,61.87,42,205,40.99,101.80,107.00,1105.00,null,null,null
2023-09-06T13:03:02Z,27.00,61.88,42,208,45.52,101.80,109.00,1122.00,null,null,null
2023-09-06T13:04:02Z,27.00,61.91,42,210,44.34,101.80,109.00,1122.00,null,null,null
2023-09-06T13:05:02Z,26.98,61.92,42,212,39.55,101.80,107.00,1105.00,0,0,0
2023-09-06T13:06:02Z,27.00,61.94,42,219,46.40,101.80,109.00,1122.00,null,null,null
2023-09-06T13:07:02Z,27.01,61.97,42,223,44.54,101.80,105.00,1093.00,null,null,null
2023-09-06T13:08:02Z,27.03,61.97,42,225,42.32,101.79,107.00,1105.00,null,null,null
2023-09-06T13:09:02Z,27.00,61.95,43,225,51.26,101.79,107.00,1105.00,null,null,null
2023-09-06T13:10:02Z,27.03,62.03,42,224,35.95,101.79,109.00,1122.00,0,0,0
2023-09-06T13:11:02Z,27.06,61.93,42,224,54.60,101.79,105.00,1093.00,null,null,null
2023-09-06T13:12:02Z,27.04,61.98,43,228,45.28,101.79,107.00,1105.00,null,null,null
2023-09-06T13:13:02Z,27.06,62.07,42,239,45.11,101.78,107.00,1105.00,null,null,null
2023-09-06T13:14:02Z,27.04,62.05,42,242,45.26,101.78,107.00,1105.00,null,null,null
2023-09-06T13:15:02Z,27.03,62.03,42,252,45.10,101.78,109.00,1122.00,0,0,0
2023-09-06T13:16:02Z,27.03,62.11,42,256,43.67,101.79,105.00,1093.00,null,null,null
2023-09-06T13:17:02Z,27.08,62.05,42,257,43.80,101.78,109.00,1122.00,null,null,null
2023-09-06T13:18:02Z,27.04,62.10,42,251,64.20,101.78,111.00,1134.00,null,null,null
2023-09-06T13:19:02Z,27.04,62.02,42,245,63.03,101.78,117.00,1171.00,null,null,null
2023-09-06T13:20:02Z,27.06,62.03,42,244,37.60,101.78,117.00,1171.00,0,0,0
2023-09-06T13:21:02Z,27.08,62.06,42,238,42.44,101.77,111.00,1134.00,null,null,null
2023-09-06T13:22:02Z,27.08,62.12,42,246,47.80,101.77,113.00,1147.00,null,null,null
2023-09-06T13:23:02Z,27.10,62.24,42,251,44.41,101.77,111.00,1134.00,null,null,null
2023-09-06T13:24:02Z,27.07,62.23,42,255,45.52,101.76,111.00,1134.00,null,null,null
2023-09-06T13:25:02Z,27.07,62.33,42,260,45.53,101.76,111.00,1134.00,0,0,0
2023-09-06T13:26:02Z,27.08,62.30,42,267,44.96,101.76,105.00,1095.00,null,null,null
2023-09-06T13:27:02Z,27.10,62.34,42,274,45.91,101.76,108.00,1110.00,null,null,null
2023-09-06T13:28:02Z,27.08,62.39,42,279,41.40,101.76,110.00,1125.00,null,null,null
2023-09-06T13:29:02Z,27.13,62.34,42,265,42.97,101.76,112.00,1137.00,null,null,null
2023-09-06T13:30:02Z,27.11,62.43,42,273,44.67,101.75,112.00,1137.00,0,0,0
2023-09-06T13:31:02Z,27.14,62.45,42,281,44.35,101.75,105.00,1095.00,null,null,null
2023-09-06T13:32:02Z,27.14,62.45,42,276,45.10,101.75,110.00,1125.00,null,null,null
2023-09-06T13:33:02Z,27.14,62.43,42,288,44.31,101.75,112.00,1137.00,null,null,null
2023-09-06T13:34:02Z,27.14,62.45,42,296,42.26,101.75,117.00,1174.00,null,null,null
2023-09-06T13:35:02Z,27.13,62.42,42,300,49.56,101.75,120.00,1188.00,0,0,0
2023-09-06T13:36:02Z,27.14,62.46,42,299,47.60,101.75,115.00,1159.00,null,null,null
2023-09-06T13:37:02Z,27.18,62.56,42,304,48.45,101.75,115.00,1159.00,null,null,null
2023-09-06T13:38:02Z,27.16,62.53,42,310,49.76,101.75,115.00,1159.00,null,null,null
2023-09-06T13:39:02Z,27.17,62.55,43,312,45.67,101.75,117.00,1174.00,null,null,null
2023-09-06T13:40:02Z,27.18,62.61,42,312,40.65,101.75,117.00,1174.00,0,0,0
2023-09-06T13:41:02Z,27.18,62.55,42,312,51.29,101.75,115.00,1159.00,null,null,null
2023-09-06T13:42:02Z,27.18,62.59,42,311,40.59,101.75,115.00,1159.00,null,null,null
2023-09-06T13:43:02Z,27.20,62.54,42,312,42.58,101.74,120.00,1188.00,null,null,null
2023-09-06T13:44:02Z,27.17,62.53,42,311,43.93,101.74,125.00,1224.00,null,null,null
2023-09-06T13:45:02Z,27.17,62.57,42,291,41.71,101.74,128.00,1245.00,0,0,0
2023-09-06T13:46:02Z,27.20,62.63,42,286,43.12,101.75,122.00,1207.00,null,null,null
2023-09-06T13:47:02Z,27.20,62.57,42,297,41.86,101.74,125.00,1224.00,null,null,null
2023-09-06T13:48:02Z,27.21,62.51,42,324,33.13,101.74,131.00,1262.00,null,null,null
2023-09-06T13:49:02Z,27.20,62.52,42,328,42.94,101.74,131.00,1262.00,null,null,null
2023-09-06T13:50:02Z,27.18,62.53,42,334,39.54,101.75,131.00,1262.00,0,0,0
2023-09-06T13:51:02Z,27.22,62.52,42,252,48.37,101.75,128.00,1245.00,null,null,null
2023-09-06T13:52:02Z,27.25,62.51,42,319,38.62,101.74,128.00,1245.00,null,null,null
2023-09-06T13:53:02Z,27.21,62.46,42,361,44.23,101.74,113.00,1147.00,null,null,null
2023-09-06T13:54:02Z,27.24,62.45,42,345,44.94,101.74,128.00,1245.00,null,null,null
2023-09-06T13:55:02Z,27.24,62.53,42,384,45.98,101.74,128.00,1245.00,0,0,0
2023-09-06T13:56:02Z,27.25,62.51,42,253,50.11,101.74,117.00,1174.00,null,null,null
2023-09-06T13:57:02Z,27.22,62.54,42,399,43.89,101.74,102.00,1071.00,null,null,null
2023-09-06T13:58:02Z,27.25,62.50,42,469,51.84,101.74,115.00,1159.00,null,null,null
2023-09-06T13:59:02Z,27.25,62.45,42,503,42.68,101.74,99.00,1050.00,null,null,null
2023-09-06T14:00:02Z,27.28,62.45,42,524,41.80,101.74,104.00,1083.00,0,0,0
2023-09-06T14:01:02Z,27.29,62.43,42,534,45.18,101.74,102.00,1071.00,null,null,null
2023-09-06T14:02:02Z,27.27,62.46,42,540,60.13,101.74,104.00,1083.00,null,null,null
2023-09-06T14:03:02Z,27.28,62.49,42,544,42.79,101.74,105.00,1095.00,null,null,null
2023-09-06T14:04:02Z,27.28,62.49,42,537,43.41,101.74,105.00,1095.00,null,null,null
2023-09-06T14:05:02Z,27.31,62.43,42,548,53.19,101.74,105.00,1095.00,0,0,0
2023-09-06T14:06:02Z,27.32,62.46,42,516,45.37,101.74,102.00,1071.00,null,null,null
2023-09-06T14:07:02Z,27.32,62.45,42,578,41.98,101.74,99.00,1050.00,null,null,null
2023-09-06T14:08:02Z,27.32,62.45,42,579,45.58,101.74,99.00,1050.00,null,null,null
2023-09-06T14:09:02Z,27.32,62.44,42,578,38.45,101.74,102.00,1071.00,null,null,null
2023-09-06T14:10:02Z,27.35,62.39,42,567,45.90,101.74,102.00,1071.00,0,0,0
2023-09-06T14:11:02Z,27.35,62.40,42,590,39.72,101.74,94.00,1019.00,null,null,null
2023-09-06T14:12:02Z,27.38,62.39,42,525,52.87,101.74,92.00,1007.00,null,null,null
2023-09-06T14:13:02Z,27.35,62.33,42,468,41.71,101.74,92.00,1007.00,null,null,null
2023-09-06T14:14:02Z,27.37,62.30,42,502,50.69,101.74,92.00,1007.00,null,null,null
2023-09-06T14:15:02Z,27.37,62.27,42,499,42.60,101.74,90.00,995.00,0,0,0
2023-09-06T14:16:02Z,27.37,62.27,42,635,42.57,101.74,86.00,967.00,null,null,null
2023-09-06T14:17:02Z,27.38,62.20,42,699,38.90,101.73,86.00,967.00,null,null,null
2023-09-06T14:18:02Z,27.38,62.22,42,666,38.72,101.73,87.00,975.00,null,null,null
2023-09-06T14:19:02Z,27.41,62.21,42,683,48.36,101.73,87.00,975.00,null,null,null
2023-09-06T14:20:02Z,27.41,62.12,42,665,48.10,101.73,93.00,1014.00,0,0,0
2023-09-06T14:21:02Z,27.44,62.21,42,685,48.55,101.73,93.00,1014.00,null,null,null
2023-09-06T14:22:02Z,27.41,62.12,42,687,47.91,101.72,89.00,987.00,null,null,null
2023-09-06T14:23:02Z,27.41,62.12,42,680,39.89,101.72,92.00,1004.00,null,null,null
2023-09-06T14:24:02Z,27.44,62.10,42,670,36.03,101.72,92.00,1004.00,null,null,null
2023-09-06T14:25:02Z,27.44,62.14,42,617,48.76,101.73,92.00,1004.00,0,0,0
2023-09-06T14:26:02Z,27.44,62.08,42,628,46.59,101.73,93.00,1014.00,null,null,null
2023-09-06T14:27:02Z,27.48,62.03,42,682,39.28,101.72,93.00,1014.00,null,null,null
2023-09-06T14:28:02Z,27.47,62.02,42,685,48.00,101.73,93.00,1014.00,null,null,null
2023-09-06T14:29:02Z,27.51,62.01,42,699,40.88,101.73,98.00,1047.00,null,null,null
2023-09-06T14:30:02Z,27.47,62.06,42,673,38.97,101.72,100.00,1060.00,0,0,0
2023-09-06T14:31:02Z,27.48,62.07,42,668,45.13,101.73,100.00,1060.00,null,null,null
2023-09-06T14:32:02Z,27.51,61.96,42,718,44.37,101.72,103.00,1081.00,null,null,null
2023-09-06T14:33:02Z,27.51,61.98,42,682,41.87,101.73,107.00,1105.00,null,null,null
2023-09-06T14:34:02Z,27.51,62.01,42,695,48.73,101.72,105.00,1093.00,null,null,null
2023-09-06T14:35:02Z,27.53,61.95,42,698,48.44,101.72,103.00,1081.00,0,0,0
2023-09-06T14:36:02Z,27.52,61.95,42,719,43.22,101.72,98.00,1047.00,null,null,null
2023-09-06T14:37:02Z,27.52,61.86,42,728,43.90,101.72,96.00,1035.00,null,null,null
2023-09-06T14:38:02Z,27.55,61.83,42,661,44.88,101.73,96.00,1035.00,null,null,null
2023-09-06T14:39:02Z,27.55,61.82,42,572,46.60,101.72,98.00,1047.00,null,null,null
2023-09-06T14:40:02Z,27.52,61.79,42,627,44.30,101.72,98.00,1047.00,0,0,0
2023-09-06T14:41:02Z,27.55,61.81,42,708,45.60,101.72,92.00,1004.00,null,null,null
2023-09-06T14:42:02Z,27.56,61.75,42,703,48.16,101.72,92.00,1004.00,null,null,null
2023-09-06T14:43:02Z,27.56,61.76,42,689,45.98,101.71,93.00,1014.00,null,null,null
2023-09-06T14:44:02Z,27.56,61.77,42,657,45.27,101.71,96.00,1035.00,null,null,null
2023-09-06T14:45:02Z,27.58,61.76,42,586,38.27,101.72,98.00,1047.00,0,0,0
2023-09-06T14:46:02Z,27.58,61.80,41,598,43.10,101.71,92.00,1004.00,null,null,null
2023-09-06T14:47:02Z,27.59,61.77,42,575,40.78,101.71,93.00,1014.00,null,null,null
2023-09-06T14:48:02Z,27.59,61.75,42,600,44.38,101.71,98.00,1047.00,null,null,null
2023-09-06T14:49:02Z,27.61,61.80,42,615,40.31,101.70,100.00,1060.00,null,null,null
2023-09-06T14:50:02Z,27.61,61.75,42,621,49.25,101.71,98.00,1047.00,0,0,0
2023-09-06T14:51:02Z,27.65,61.74,42,623,44.09,101.70,98.00,1047.00,null,null,null
2023-09-06T14:52:02Z,27.62,61.69,42,616,43.31,101.70,101.00,1068.00,null,null,null
2023-09-06T14:53:02Z,27.64,61.73,42,594,42.94,101.70,105.00,1090.00,null,null,null
2023-09-06T14:54:02Z,27.66,61.72,42,565,48.21,101.70,108.00,1113.00,null,null,null
2023-09-06T14:55:02Z,27.61,61.79,42,25,44.93,101.70,106.00,1102.00,0,0,0
2023-09-06T14:56:02Z,27.62,61.81,41,25,41.80,101.70,96.00,1035.00,null,null,null
2023-09-06T14:57:02Z,27.62,61.77,41,24,40.94,101.70,100.00,1060.00,null,null,null
2023-09-06T14:58:02Z,27.64,61.80,42,23,42.94,101.70,105.00,1093.00,null,null,null
2023-09-06T14:59:02Z,27.62,61.78,42,21,42.31,101.69,107.00,1105.00,null,null,null
2023-09-06T15:00:02Z,27.62,61.75,42,24,41.07,101.69,110.00,1125.00,0,0,0
2023-09-06T15:01:02Z,27.61,61.81,41,24,45.14,101.69,105.00,1093.00,null,null,null
2023-09-06T15:02:02Z,27.62,61.79,41,21,45.11,101.69,107.00,1105.00,null,null,null
2023-09-06T15:03:02Z,27.61,61.79,41,19,45.11,101.69,110.00,1125.00,null,null,null
2023-09-06T15:04:02Z,27.59,61.79,42,23,43.22,101.69,112.00,1137.00,null,null,null
2023-09-06T15:05:02Z,27.58,61.77,42,22,42.10,101.69,112.00,1137.00,0,0,0
2023-09-06T15:06:02Z,27.61,61.82,41,22,44.82,101.69,107.00,1105.00,null,null,null
2023-09-06T15:07:02Z,27.61,61.78,42,21,42.91,101.69,112.00,1137.00,null,null,null
2023-09-06T15:08:02Z,27.56,61.77,41,18,43.97,101.68,117.00,1174.00,null,null,null
2023-09-06T15:09:02Z,27.61,61.78,41,15,42.67,101.68,120.00,1188.00,null,null,null
2023-09-06T15:10:02Z,27.58,61.80,42,14,46.32,101.68,120.00,1188.00,0,0,0
2023-09-06T15:11:02Z,27.59,61.85,42,17,47.40,101.68,122.00,1204.00,null,null,null
2023-09-06T15:12:02Z,27.61,61.79,41,12,44.47,101.68,128.00,1242.00,null,null,null
2023-09-06T15:13:02Z,27.61,61.86,41,17,46.34,101.68,130.00,1259.00,null,null,null
2023-09-06T15:14:02Z,27.58,61.82,42,21,47.18,101.68,130.00,1259.00,null,null,null
2023-09-06T15:15:02Z,27.58,61.85,41,17,48.34,101.68,133.00,1274.00,0,0,0
2023-09-06T15:16:02Z,27.59,61.84,42,21,49.23,101.67,130.00,1259.00,null,null,null
2023-09-06T15:17:02Z,27.58,61.81,41,19,45.25,101.68,128.00,1242.00,null,null,null
2023-09-06T15:18:02Z,27.61,61.84,41,23,41.62,101.67,133.00,1274.00,null,null,null
2023-09-06T15:19:02Z,27.56,61.84,41,23,46.14,101.68,133.00,1274.00,null,null,null
2023-09-06T15:20:02Z,27.56,61.86,42,23,46.41,101.68,139.00,1313.00,0,0,0
2023-09-06T15:21:02Z,27.58,61.85,42,22,54.66,101.67,133.00,1274.00,null,null,null
2023-09-06T15:22:02Z,27.58,61.88,41,22,46.99,101.67,130.00,1259.00,null,null,null
2023-09-06T15:23:02Z,27.59,61.84,42,20,45.38,101.68,130.00,1259.00,null,null,null
2023-09-06T15:24:02Z,27.58,61.80,41,21,42.00,101.68,133.00,1274.00,null,null,null
2023-09-06T15:25:02Z,27.56,61.82,41,16,43.53,101.68,136.00,1299.00,0,0,0
2023-09-06T15:26:02Z,27.58,61.85,41,20,46.85,101.67,130.00,1259.00,null,null,null
2023-09-06T15:27:02Z,27.58,61.83,41,24,46.45,101.68,133.00,1274.00,null,null,null
2023-09-06T15:28:02Z,27.59,61.82,42,23,46.56,101.68,133.00,1274.00,null,null,null
2023-09-06T15:29:02Z,27.59,61.80,41,23,37.28,101.67,136.00,1299.00,null,null,null
2023-09-06T15:30:02Z,27.56,61.81,41,22,36.65,101.67,136.00,1299.00,0,0,0
2023-09-06T15:31:02Z,27.58,61.80,41,22,46.83,101.67,130.00,1259.00,null,null,null
2023-09-06T15:32:02Z,27.56,61.81,41,21,46.46,101.67,130.00,1259.00,null,null,null
2023-09-06T15:33:02Z,27.59,61.78,42,21,40.95,101.67,133.00,1274.00,null,null,null
2023-09-06T15:34:02Z,27.58,61.81,41,22,45.80,101.67,130.00,1259.00,null,null,null
2023-09-06T15:35:02Z,27.59,61.81,41,21,42.43,101.67,133.00,1274.00,0,0,0
2023-09-06T15:36:02Z,27.61,61.82,42,22,37.43,101.67,133.00,1274.00,null,null,null
2023-09-06T15:37:02Z,27.61,61.80,41,23,40.73,101.67,133.00,1274.00,null,null,null
2023-09-06T15:38:02Z,27.61,61.82,42,22,44.15,101.67,139.00,1313.00,null,null,null
2023-09-06T15:39:02Z,27.56,61.79,42,19,36.60,101.67,142.00,1334.00,null,null,null
2023-09-06T15:40:02Z,27.59,61.81,41,17,50.32,101.67,145.00,1352.00,0,0,0
2023-09-06T15:41:02Z,27.61,61.85,41,17,45.39,101.67,148.00,1376.00,null,null,null
2023-09-06T15:42:02Z,27.62,61.78,42,15,38.44,101.67,148.00,1376.00,null,null,null
2023-09-06T15:43:02Z,27.59,61.84,41,15,44.42,101.66,154.00,1416.00,null,null,null
2023-09-06T15:44:02Z,27.61,61.80,41,17,42.08,101.67,157.00,1432.00,null,null,null
2023-09-06T15:45:02Z,27.59,61.85,41,15,43.91,101.66,157.00,1432.00,0,0,0
2023-09-06T15:46:02Z,27.59,61.84,41,14,47.45,101.67,154.00,1416.00,null,null,null
2023-09-06T15:47:02Z,27.59,61.80,41,12,40.74,101.66,148.00,1376.00,null,null,null
2023-09-06T15:48:02Z,27.59,61.79,41,12,41.19,101.66,148.00,1376.00,null,null,null
2023-09-06T15:49:02Z,27.59,61.78,41,20,39.50,101.66,151.00,1393.00,null,null,null
2023-09-06T15:50:02Z,27.62,61.76,41,22,48.76,101.66,151.00,1393.00,0,0,0
2023-09-06T15:51:02Z,27.64,61.79,41,22,40.55,101.66,145.00,1352.00,null,null,null
2023-09-06T15:52:02Z,27.64,61.73,41,21,44.76,101.66,145.00,1352.00,null,null,null
2023-09-06T15:53:02Z,27.61,61.67,41,22,44.14,101.66,150.00,1389.00,null,null,null
2023-09-06T15:54:02Z,27.64,61.59,41,21,44.60,101.66,152.00,1404.00,null,null,null
2023-09-06T15:55:02Z,27.59,61.59,41,21,48.75,101.66,152.00,1404.00,0,0,0
2023-09-06T15:56:02Z,27.62,61.62,41,21,43.23,101.65,146.00,1364.00,null,null,null
2023-09-06T15:57:02Z,27.65,61.55,41,21,44.76,101.66,150.00,1389.00,null,null,null
2023-09-06T15:58:02Z,27.62,61.58,41,20,44.77,101.66,150.00,1389.00,null,null,null
2023-09-06T15:59:02Z,27.65,61.59,41,21,50.92,101.66,152.00,1404.00,null,null,null
2023-09-06T16:00:02Z,27.64,61.57,41,21,44.09,101.66,146.00,1364.00,0,0,0
2023-09-06T16:01:02Z,27.62,61.51,41,21,41.23,101.66,134.00,1285.00,null,null,null
2023-09-06T16:02:02Z,27.64,61.45,41,20,43.95,101.66,132.00,1270.00,null,null,null
2023-09-06T16:03:02Z,27.62,61.37,41,20,48.90,101.67,129.00,1252.00,null,null,null
2023-09-06T16:04:02Z,27.65,61.28,41,19,40.95,101.66,126.00,1231.00,null,null,null
2023-09-06T16:05:02Z,27.64,61.37,41,18,43.09,101.67,119.00,1184.00,0,0,0
2023-09-06T16:06:02Z,27.66,61.24,41,20,42.56,101.67,117.00,1168.00,null,null,null
2023-09-06T16:07:02Z,27.64,61.24,41,19,45.17,101.67,115.00,1159.00,null,null,null
2023-09-06T16:08:02Z,27.64,61.24,41,19,43.65,101.67,115.00,1159.00,null,null,null
2023-09-06T16:09:02Z,27.66,61.15,41,18,47.00,101.67,115.00,1159.00,null,null,null
2023-09-06T16:10:02Z,27.69,61.18,41,18,41.55,101.67,113.00,1147.00,0,0,0
2023-09-06T16:11:02Z,27.66,61.20,41,18,45.50,101.67,108.00,1113.00,null,null,null
2023-09-06T16:12:02Z,27.66,61.27,41,17,42.42,101.67,113.00,1147.00,null,null,null
2023-09-06T16:13:02Z,27.65,61.21,41,17,40.74,101.67,113.00,1147.00,null,null,null
2023-09-06T16:14:02Z,27.68,61.15,41,17,44.74,101.67,115.00,1159.00,null,null,null
2023-09-06T16:15:02Z,27.66,61.17,41,18,41.79,101.67,113.00,1147.00,0,0,0
2023-09-06T16:16:02Z,27.66,61.18,41,18,44.42,101.67,108.00,1113.00,null,null,null
2023-09-06T16:17:02Z,27.66,61.20,41,17,42.93,101.67,110.00,1128.00,null,null,null
2023-09-06T16:18:02Z,27.68,61.20,41,16,43.68,101.67,110.00,1128.00,null,null,null
2023-09-06T16:19:02Z,27.69,61.12,41,16,45.78,101.67,113.00,1147.00,null,null,null
2023-09-06T16:20:02Z,27.71,61.07,41,16,45.64,101.67,108.00,1113.00,0,0,0
2023-09-06T16:21:02Z,27.69,61.16,41,16,46.77,101.68,97.00,1041.00,null,null,null
2023-09-06T16:22:02Z,27.68,61.08,40,15,44.29,101.67,95.00,1029.00,null,null,null
2023-09-06T16:23:02Z,27.71,61.11,41,15,44.72,101.68,95.00,1029.00,null,null,null
2023-09-06T16:24:02Z,27.69,61.07,41,15,46.63,101.68,97.00,1041.00,null,null,null
2023-09-06T16:25:02Z,27.71,57.83,41,15,47.05,101.68,84.00,956.00,0,0,0
2023-09-06T16:26:02Z,27.68,58.24,41,15,38.29,101.68,69.00,855.00,null,null,null
2023-09-06T16:27:02Z,27.66,58.95,41,15,41.77,101.67,71.00,870.00,null,null,null
2023-09-06T16:28:02Z,27.66,59.19,41,15,36.49,101.68,79.00,920.00,null,null,null
2023-09-06T16:29:02Z,27.69,59.73,41,14,44.57,101.68,86.00,970.00,null,null,null
2023-09-06T16:30:02Z,27.66,60.03,41,15,35.19,101.68,89.00,987.00,0,0,0
2023-09-06T16:31:02Z,27.68,60.31,41,14,41.71,101.68,87.00,975.00,null,null,null
2023-09-06T16:32:02Z,27.69,60.31,41,14,43.32,101.68,83.00,951.00,null,null,null
2023-09-06T16:33:02Z,27.69,60.48,41,13,45.70,101.68,88.00,981.00,null,null,null
2023-09-06T16:34:02Z,27.69,60.53,41,13,48.02,101.68,90.00,992.00,null,null,null
2023-09-06T16:35:02Z,27.69,60.67,41,13,45.50,101.68,92.00,1007.00,0,0,0
2023-09-06T16:36:02Z,27.71,60.75,41,13,37.19,101.68,90.00,992.00,null,null,null
2023-09-06T16:37:02Z,27.72,60.74,41,12,42.46,101.68,90.00,995.00,null,null,null
2023-09-06T16:38:02Z,27.71,60.72,41,12,41.97,101.68,92.00,1007.00,null,null,null
2023-09-06T16:39:02Z,27.72,60.79,41,11,46.50,101.69,97.00,1041.00,null,null,null
2023-09-06T16:40:02Z,27.71,60.82,41,12,42.04,101.69,97.00,1041.00,0,0,0
2023-09-06T16:41:02Z,27.73,60.84,40,12,46.76,101.69,95.00,1029.00,null,null,null
2023-09-06T16:42:02Z,27.75,60.85,40,12,46.48,101.69,92.00,1007.00,null,null,null
2023-09-06T16:43:02Z,27.73,60.89,41,11,38.66,101.69,83.00,951.00,null,null,null
2023-09-06T16:44:02Z,27.72,60.90,41,11,43.73,101.69,95.00,1029.00,null,null,null
2023-09-06T16:45:02Z,27.73,60.91,41,11,42.57,101.69,97.00,1041.00,0,0,0
2023-09-06T16:46:02Z,27.73,60.90,41,11,49.06,101.68,97.00,1041.00,null,null,null
2023-09-06T16:47:02Z,27.75,60.88,40,10,42.24,101.68,97.00,1041.00,null,null,null
2023-09-06T16:48:02Z,27.76,60.93,41,10,39.86,101.69,87.00,975.00,null,null,null
2023-09-06T16:49:02Z,27.75,60.94,41,10,47.58,101.69,90.00,997.00,null,null,null
2023-09-06T16:50:02Z,27.76,60.92,40,9,42.39,101.68,93.00,1017.00,0,0,0
2023-09-06T16:51:02Z,27.76,60.98,40,9,47.32,101.69,96.00,1035.00,null,null,null
2023-09-06T16:52:02Z,27.77,60.97,41,10,46.18,101.68,90.00,997.00,null,null,null
2023-09-06T16:53:02Z,27.77,61.01,40,9,48.11,101.69,89.00,987.00,null,null,null
2023-09-06T16:54:02Z,27.76,60.98,40,9,51.13,101.69,90.00,997.00,null,null,null
2023-09-06T16:55:02Z,27.75,60.96,41,9,44.94,101.69,89.00,987.00,0,0,0
2023-09-06T16:56:02Z,27.79,61.00,40,8,44.15,101.69,85.00,961.00,null,null,null
2023-09-06T16:57:02Z,27.77,61.10,41,8,42.15,101.68,87.00,975.00,null,null,null
2023-09-06T16:58:02Z,27.77,61.04,40,8,43.23,101.69,89.00,987.00,null,null,null
2023-09-06T16:59:02Z,27.80,61.07,40,9,43.98,101.69,89.00,987.00,null,null,null
2023-09-06T17:00:02Z,27.80,61.04,40,8,44.87,101.69,90.00,997.00,0,0,0
2023-09-06T17:01:02Z,27.80,61.05,41,8,43.17,101.68,90.00,997.00,null,null,null
2023-09-06T17:02:02Z,27.80,61.05,40,8,46.82,101.69,89.00,987.00,null,null,null
2023-09-06T17:03:02Z,27.80,61.02,40,8,38.48,101.68,93.00,1017.00,null,null,null
2023-09-06T17:04:02Z,27.80,61.09,40,7,43.25,101.68,98.00,1047.00,null,null,null
2023-09-06T17:05:02Z,27.79,61.05,40,7,45.34,101.68,98.00,1047.00,0,0,0
2023-09-06T17:06:02Z,27.80,61.04,41,6,43.98,101.68,93.00,1017.00,null,null,null
2023-09-06T17:07:02Z,27.83,61.10,40,7,47.47,101.68,98.00,1047.00,null,null,null
2023-09-06T17:08:02Z,27.83,61.13,40,7,44.50,101.68,98.00,1047.00,null,null,null
2023-09-06T17:09:02Z,27.83,61.12,41,7,42.54,101.69,101.00,1065.00,null,null,null
2023-09-06T17:10:02Z,27.83,61.15,40,7,46.77,101.69,103.00,1077.00,0,0,0
2023-09-06T17:11:02Z,27.83,61.14,40,6,46.81,101.69,98.00,1047.00,null,null,null
2023-09-06T17:12:02Z,27.86,61.16,40,6,44.62,101.69,101.00,1065.00,null,null,null
2023-09-06T17:13:02Z,27.86,61.12,40,5,40.59,101.69,103.00,1077.00,null,null,null
2023-09-06T17:14:02Z,27.83,61.21,41,6,42.10,101.69,105.00,1095.00,null,null,null
2023-09-06T17:15:02Z,27.83,61.21,41,6,42.10,101.69,103.00,1077.00,0,0,0
2023-09-06T17:16:02Z,27.87,61.25,40,6,42.66,101.69,101.00,1065.00,null,null,null
2023-09-06T17:17:02Z,27.83,61.27,40,6,46.62,101.69,99.00,1053.00,null,null,null
2023-09-06T17:18:02Z,27.86,61.37,40,6,45.00,101.69,99.00,1053.00,null,null,null
2023-09-06T17:19:02Z,27.86,61.34,41,5,43.13,101.69,101.00,1065.00,null,null,null
2023-09-06T17:20:02Z,27.87,61.38,40,4,45.18,101.69,101.00,1065.00,0,0,0
2023-09-06T17:21:02Z,27.86,61.37,40,4,40.12,101.69,93.00,1017.00,null,null,null
2023-09-06T17:22:02Z,27.86,61.36,40,5,45.47,101.69,99.00,1053.00,null,null,null
2023-09-06T17:23:02Z,27.87,61.35,40,4,48.05,101.69,101.00,1065.00,null,null,null
2023-09-06T17:24:02Z,27.90,61.40,40,3,45.16,101.69,101.00,1065.00,null,null,null
2023-09-06T17:25:02Z,27.89,61.50,40,4,45.37,101.69,101.00,1065.00,0,0,0
2023-09-06T17:26:02Z,27.89,61.47,40,3,44.21,101.69,96.00,1035.00,null,null,null
2023-09-06T17:27:02Z,27.89,61.40,40,4,43.95,101.69,101.00,1065.00,null,null,null
2023-09-06T17:28:02Z,27.87,61.48,40,3,43.40,101.69,104.00,1083.00,null,null,null
2023-09-06T17:29:02Z,27.90,61.53,40,3,47.13,101.69,108.00,1110.00,null,null,null
2023-09-06T17:30:02Z,27.89,61.52,40,3,43.97,101.69,108.00,1110.00,0,0,0
2023-09-06T17:31:02Z,27.89,61.54,40,3,44.43,101.69,106.00,1099.00,null,null,null
2023-09-06T17:32:02Z,27.92,61.56,40,3,43.51,101.69,106.00,1099.00,null,null,null
2023-09-06T17:33:02Z,27.90,61.58,40,2,39.50,101.69,108.00,1110.00,null,null,null
2023-09-06T17:34:02Z,27.92,61.57,40,2,39.71,101.69,110.00,1128.00,null,null,null
2023-09-06T17:35:02Z,27.90,61.58,40,2,46.18,101.69,112.00,1140.00,0,0,0
2023-09-06T17:36:02Z,27.92,61.56,40,3,43.80,101.70,110.00,1128.00,null,null,null
2023-09-06T17:37:02Z,27.92,61.56,40,3,41.89,101.70,110.00,1128.00,null,null,null
2023-09-06T17:38:02Z,27.92,61.59,40,2,39.36,101.69,110.00,1128.00,null,null,null
2023-09-06T17:39:02Z,27.93,61.56,40,2,45.56,101.69,112.00,1140.00,null,null,null
2023-09-06T17:40:02Z,27.92,61.63,40,1,37.75,101.69,110.00,1128.00,0,0,0
2023-09-06T17:41:02Z,27.95,61.62,40,2,43.98,101.70,106.00,1099.00,null,null,null
2023-09-06T17:42:02Z,27.92,61.64,40,1,42.84,101.70,108.00,1110.00,null,null,null
2023-09-06T17:43:02Z,27.93,61.64,40,1,41.29,101.70,108.00,1110.00,null,null,null
2023-09-06T17:44:02Z,27.93,61.63,40,1,45.82,101.70,110.00,1128.00,null,null,null
2023-09-06T17:45:02Z,27.92,61.66,40,1,41.35,101.69,115.00,1159.00,0,0,0
2023-09-06T17:46:02Z,27.95,61.65,40,0,50.82,101.69,110.00,1128.00,null,null,null
2023-09-06T17:47:02Z,27.95,61.65,40,0,56.62,101.70,112.00,1140.00,null,null,null
2023-09-06T17:48:02Z,27.93,61.70,40,0,36.59,101.69,112.00,1140.00,null,null,null
2023-09-06T17:49:02Z,27.96,61.70,40,0,40.71,101.70,115.00,1159.00,null,null,null
2023-09-06T17:50:02Z,27.93,61.66,40,0,47.13,101.70,118.00,1178.00,0,0,0
2023-09-06T17:51:02Z,27.95,61.66,40,0,41.70,101.70,118.00,1178.00,null,null,null
2023-09-06T17:52:02Z,27.95,61.70,40,0,47.75,101.69,120.00,1191.00,null,null,null
2023-09-06T17:53:02Z,27.96,61.69,40,0,51.34,101.70,124.00,1215.00,null,null,null
2023-09-06T17:54:02Z,27.95,61.69,40,0,42.75,101.70,126.00,1231.00,null,null,null
2023-09-06T17:55:02Z,27.96,61.72,40,0,44.45,101.70,131.00,1266.00,0,0,0
2023-09-06T17:56:02Z,27.96,61.67,40,0,46.05,101.70,126.00,1231.00,null,null,null
2023-09-06T17:57:02Z,27.99,61.65,39,0,44.74,101.69,126.00,1231.00,null,null,null
2023-09-06T17:58:02Z,27.99,61.67,40,0,50.11,101.69,131.00,1266.00,null,null,null
2023-09-06T17:59:02Z,27.97,61.68,40,0,41.48,101.70,135.00,1288.00,null,null,null
2023-09-06T18:00:02Z,27.97,61.67,40,0,49.34,101.69,135.00,1288.00,0,0,0
2023-09-06T18:01:02Z,27.97,61.62,40,0,46.30,101.69,131.00,1266.00,null,null,null
2023-09-06T18:02:02Z,27.97,61.64,40,0,41.73,101.69,135.00,1288.00,null,null,null
2023-09-06T18:03:02Z,27.97,61.67,39,0,40.26,101.69,137.00,1302.00,null,null,null
2023-09-06T18:04:02Z,27.97,61.64,40,0,43.48,101.69,135.00,1288.00,null,null,null
2023-09-06T18:05:02Z,27.99,61.65,40,0,41.68,101.69,131.00,1266.00,0,0,0
2023-09-06T18:06:02Z,28.00,61.68,40,0,45.79,101.68,131.00,1266.00,null,null,null
2023-09-06T18:07:02Z,28.00,61.62,40,0,40.95,101.68,129.00,1248.00,null,null,null
2023-09-06T18:08:02Z,27.99,61.62,40,0,44.38,101.68,131.00,1266.00,null,null,null
2023-09-06T18:09:02Z,27.99,61.63,39,0,42.40,101.68,131.00,1266.00,null,null,null
2023-09-06T18:10:02Z,27.99,61.68,40,0,46.19,101.69,135.00,1288.00,0,0,0
2023-09-06T18:11:02Z,28.00,61.65,39,0,44.45,101.69,126.00,1231.00,null,null,null
2023-09-06T18:12:02Z,28.00,61.68,40,0,45.49,101.68,126.00,1231.00,null,null,null
2023-09-06T18:13:02Z,28.02,59.32,40,0,43.39,101.68,131.00,1266.00,null,null,null
2023-09-06T18:14:02Z,27.99,59.95,40,0,43.83,101.69,126.00,1231.00,null,null,null
2023-09-06T18:15:02Z,27.97,60.19,40,0,43.69,101.69,98.00,1044.00,0,0,0
2023-09-06T18:16:02Z,27.99,61.11,39,0,42.19,101.69,78.00,918.00,null,null,null
2023-09-06T18:17:02Z,27.99,61.13,39,0,43.49,101.69,87.00,975.00,null,null,null
2023-09-06T18:18:02Z,27.99,61.13,39,0,51.61,101.69,98.00,1047.00,null,null,null
2023-09-06T18:19:02Z,27.99,61.20,40,0,38.11,101.69,103.00,1077.00,null,null,null
2023-09-06T18:20:02Z,27.97,61.20,40,0,42.02,101.69,110.00,1125.00,0,0,0
2023-09-06T18:21:02Z,27.99,61.24,40,0,40.33,101.69,108.00,1110.00,null,null,null
2023-09-06T18:22:02Z,27.99,61.21,39,0,43.34,101.70,112.00,1140.00,null,null,null
2023-09-06T18:23:02Z,28.00,61.31,39,0,44.61,101.70,114.00,1153.00,null,null,null
2023-09-06T18:24:02Z,28.00,61.35,40,0,37.74,101.70,115.00,1159.00,null,null,null
2023-09-06T18:25:02Z,27.99,61.36,39,0,44.57,101.70,115.00,1159.00,0,0,0
2023-09-06T18:26:02Z,28.04,61.39,40,0,43.04,101.70,112.00,1140.00,null,null,null
2023-09-06T18:27:02Z,28.00,61.37,39,0,42.80,101.70,115.00,1159.00,null,null,null
2023-09-06T18:28:02Z,28.00,61.35,39,0,45.18,101.70,120.00,1191.00,null,null,null
2023-09-06T18:29:02Z,28.03,61.37,40,0,47.76,101.70,120.00,1191.00,null,null,null
2023-09-06T18:30:02Z,28.00,61.38,40,0,44.83,101.70,120.00,1191.00,0,0,0
2023-09-06T18:31:02Z,28.00,61.36,40,0,38.96,101.70,118.00,1178.00,null,null,null
2023-09-06T18:32:02Z,28.02,61.40,40,0,40.36,101.70,118.00,1178.00,null,null,null
2023-09-06T18:33:02Z,28.02,61.43,40,0,45.21,101.70,120.00,1191.00,null,null,null
2023-09-06T18:34:02Z,28.00,61.38,39,0,45.20,101.70,126.00,1231.00,null,null,null
2023-09-06T18:35:02Z,28.02,61.45,40,0,44.10,101.71,118.00,1178.00,0,0,0
2023-09-06T18:36:02Z,28.02,61.38,39,0,39.57,101.71,85.00,964.00,null,null,null
2023-09-06T18:37:02Z,28.03,61.37,40,0,43.29,101.71,96.00,1035.00,null,null,null
2023-09-06T18:38:02Z,28.03,61.44,40,0,43.65,101.71,106.00,1099.00,null,null,null
2023-09-06T18:39:02Z,28.03,61.40,38,0,44.16,101.71,92.00,1007.00,null,null,null
2023-09-06T18:40:02Z,28.02,61.40,39,0,41.72,101.72,101.00,1065.00,0,0,0
2023-09-06T18:41:02Z,28.02,61.51,40,0,43.42,101.72,74.00,889.00,null,null,null
2023-09-06T18:42:02Z,28.02,61.44,39,0,47.81,101.72,70.00,863.00,null,null,null
2023-09-06T18:43:02Z,28.02,61.42,40,0,41.23,101.72,72.00,877.00,null,null,null
2023-09-06T18:44:02Z,28.03,61.42,39,0,44.49,101.72,83.00,951.00,null,null,null
2023-09-06T18:45:02Z,28.03,61.49,39,0,41.40,101.72,89.00,987.00,0,0,0
2023-09-06T18:46:02Z,28.04,61.44,39,0,44.80,101.73,87.00,975.00,null,null,null
2023-09-06T18:47:02Z,28.03,61.55,39,0,49.48,101.73,96.00,1035.00,null,null,null
2023-09-06T18:48:02Z,28.04,61.47,39,0,43.73,101.74,78.00,913.00,null,null,null
2023-09-06T18:49:02Z,28.04,61.41,39,0,41.22,101.73,83.00,951.00,null,null,null
2023-09-06T18:50:02Z,28.06,61.55,38,0,43.49,101.73,93.00,1017.00,0,0,0
2023-09-06T18:51:02Z,28.06,61.50,39,0,45.22,101.73,76.00,900.00,null,null,null
2023-09-06T18:52:02Z,28.06,61.51,38,0,38.28,101.73,78.00,913.00,null,null,null
2023-09-06T18:53:02Z,28.04,61.65,39,0,46.56,101.73,79.00,923.00,null,null,null
2023-09-06T18:54:02Z,28.06,61.64,39,0,41.79,101.73,74.00,889.00,null,null,null
2023-09-06T18:55:02Z,28.06,61.48,39,0,35.06,101.74,78.00,913.00,0,0,0
2023-09-06T18:56:02Z,28.07,61.60,39,0,41.60,101.74,65.00,830.00,null,null,null
2023-09-06T18:57:02Z,28.08,61.48,38,0,39.34,101.74,68.00,851.00,null,null,null
2023-09-06T18:58:02Z,28.07,61.61,39,0,47.44,101.74,79.00,923.00,null,null,null
2023-09-06T18:59:02Z,28.07,61.65,40,0,40.62,101.73,68.00,851.00,null,null,null
2023-09-06T19:00:02Z,28.08,61.48,40,0,41.17,101.73,56.00,768.00,0,0,0
2023-09-06T19:01:02Z,28.07,61.61,38,0,47.56,101.74,56.00,768.00,null,null,null
2023-09-06T19:02:02Z,28.06,61.72,39,0,42.64,101.74,57.00,776.00,null,null,null
2023-09-06T19:03:02Z,28.08,61.74,39,0,44.18,101.74,47.00,714.00,null,null,null
2023-09-06T19:04:02Z,28.10,61.67,39,0,34.39,101.74,45.00,699.00,null,null,null
2023-09-06T19:05:02Z,28.08,61.74,39,0,39.24,101.74,51.00,737.00,0,0,0
2023-09-06T19:06:02Z,28.08,61.71,38,0,38.71,101.74,42.00,679.00,null,null,null
2023-09-06T19:07:02Z,28.12,61.78,38,0,37.37,101.74,44.00,690.00,null,null,null
2023-09-06T19:08:02Z,28.07,61.77,38,0,48.15,101.74,37.00,643.00,null,null,null
2023-09-06T19:09:02Z,28.07,61.83,39,0,37.57,101.74,28.00,589.00,null,null,null
2023-09-06T19:10:02Z,28.08,61.85,39,0,37.42,101.75,24.00,561.00,0,0,0
2023-09-06T19:11:02Z,28.08,61.87,39,0,38.05,101.75,18.00,524.00,null,null,null
2023-09-06T19:12:02Z,28.07,61.84,38,0,40.61,101.75,18.00,524.00,null,null,null
2023-09-06T19:13:02Z,28.07,61.64,39,0,50.86,101.76,22.00,548.00,null,null,null
2023-09-06T19:14:02Z,28.08,61.58,39,0,44.38,101.75,41.00,672.00,null,null,null
2023-09-06T19:15:02Z,28.07,61.85,39,0,36.30,101.75,57.00,776.00,0,0,0
2023-09-06T19:16:02Z,28.10,61.82,38,0,38.06,101.76,41.00,674.00,null,null,null
2023-09-06T19:17:02Z,28.08,61.72,39,0,36.30,101.76,31.00,605.00,null,null,null
2023-09-06T19:18:02Z,28.07,61.84,39,0,43.51,101.76,37.00,649.00,null,null,null
2023-09-06T19:19:02Z,28.08,61.84,38,0,40.81,101.76,34.00,629.00,null,null,null
2023-09-06T19:20:02Z,28.07,61.79,39,0,39.35,101.76,30.00,599.00,0,0,0
2023-09-06T19:21:02Z,28.10,61.77,38,0,45.60,101.76,27.00,581.00,null,null,null
2023-09-06T19:22:02Z,28.07,61.82,38,0,41.35,101.76,18.00,524.00,null,null,null
2023-09-06T19:23:02Z,28.06,61.88,38,0,38.32,101.76,14.00,497.00,null,null,null
2023-09-06T19:24:02Z,28.08,61.79,39,0,42.85,101.76,12.00,485.00,null,null,null
2023-09-06T19:25:02Z,28.07,61.84,39,0,39.95,101.77,14.00,492.00,0,0,0
2023-09-06T19:26:02Z,28.06,61.84,38,0,41.65,101.77,16.00,506.00,null,null,null
2023-09-06T19:27:02Z,28.07,61.82,38,0,42.40,101.77,7.00,447.00,null,null,null
2023-09-06T19:28:02Z,28.07,61.86,38,0,40.94,101.77,8.00,457.00,null,null,null
2023-09-06T19:29:02Z,28.07,61.82,38,0,36.29,101.77,14.00,497.00,null,null,null
2023-09-06T19:30:02Z,28.07,61.79,39,0,42.26,101.77,14.00,497.00,0,0,0
2023-09-06T19:31:02Z,28.10,61.83,38,0,40.64,101.77,9.00,464.00,null,null,null
2023-09-06T19:32:02Z,28.10,61.88,39,0,41.12,101.77,16.00,506.00,null,null,null
2023-09-06T19:33:02Z,28.07,61.82,38,0,42.35,101.77,9.00,462.00,null,null,null
2023-09-06T19:34:02Z,28.06,61.84,38,0,43.33,101.77,7.00,447.00,null,null,null
2023-09-06T19:35:02Z,28.06,61.45,38,0,38.19,101.76,11.00,475.00,0,0,0
2023-09-06T19:36:02Z,28.07,61.75,38,0,47.20,101.76,9.00,461.00,null,null,null
2023-09-06T19:37:02Z,28.08,61.63,38,0,43.86,101.76,9.00,464.00,null,null,null
