TIME,TEMP,HUM,BATT,LIGHT,NOISE_A,PRESS,CCS811_VOCS,CCS811_ECO2,PM_1,PM_25,PM_10
ISO 8601,C,%,%,Lux,dBA,kPa,ppb,ppm,ug/m3,ug/m3,ug/m3
Time,Temperature,Humidity,Battery,Light,Noise dBA,Barometric pressure,VOC Gas CCS811,eCO2 Gas CCS811,PM 1.0,PM 2.5,PM 10.0
,55,56,10,14,53,58,113,112,89,87,88
2023-09-16T23:59:48Z,24.78,54.32,48,0,38.88,101.27,0.00,400.00,0,0,0
2023-09-17T00:00:48Z,24.76,54.31,48,0,30.23,101.27,0.00,400.00,null,null,null
2023-09-17T00:01:48Z,24.76,54.34,48,0,29.58,101.27,0.00,400.00,null,null,null
2023-09-17T00:02:48Z,24.78,54.32,48,0,25.47,101.28,0.00,400.00,null,null,null
2023-09-17T00:03:48Z,24.76,54.36,48,0,31.55,101.28,0.00,400.00,null,null,null
2023-09-17T00:04:48Z,24.76,54.33,48,0,32.69,101.28,0.00,400.00,0,0,0
2023-09-17T00:05:48Z,24.76,54.33,48,0,26.24,101.28,0.00,400.00,null,null,null
2023-09-17T00:06:48Z,24.76,54.37,48,0,30.39,101.28,0.00,400.00,null,null,null
2023-09-17T00:07:48Z,24.76,54.33,48,0,32.00,101.28,0.00,400.00,null,null,null
2023-09-17T00:08:48Z,24.74,54.38,48,0,30.40,101.28,0.00,405.00,null,null,null
2023-09-17T00:09:48Z,24.72,54.33,48,0,32.28,101.28,0.00,400.00,0,0,0
2023-09-17T00:10:48Z,24.75,54.40,48,0,24.19,101.28,0.00,400.00,null,null,null
2023-09-17T00:11:48Z,24.74,54.38,48,0,28.80,101.28,2.00,415.00,null,null,null
2023-09-17T00:12:48Z,24.72,54.36,48,0,24.93,101.28,0.00,405.00,null,null,null
2023-09-17T00:13:48Z,24.74,54.35,48,0,30.08,101.28,0.00,405.00,null,null,null
2023-09-17T00:14:48Z,24.72,54.38,48,0,26.14,101.27,0.00,405.00,0,0,0
2023-09-17T00:15:48Z,24.74,54.40,48,0,31.12,101.27,0.00,405.00,null,null,null
2023-09-17T00:16:48Z,24.72,54.39,48,0,42.64,101.28,1.00,409.00,null,null,null
2023-09-17T00:17:48Z,24.72,54.38,48,0,25.03,101.27,0.00,405.00,null,null,null
2023-09-17T00:18:48Z,24.72,54.38,48,0,26.31,101.27,0.00,405.00,null,null,null
2023-09-17T00:19:48Z,24.71,54.39,48,0,27.24,101.27,1.00,409.00,0,0,0
2023-09-17T00:20:48Z,24.69,54.43,48,0,27.96,101.27,1.00,409.00,null,null,null
2023-09-17T00:21:48Z,24.72,54.40,48,0,25.22,101.27,0.00,405.00,null,null,null
2023-09-17T00:22:48Z,24.68,54.35,48,0,26.48,101.27,0.00,405.00,null,null,null
2023-09-17T00:23:48Z,24.69,54.44,48,0,32.08,101.27,0.00,405.00,null,null,null
2023-09-17T00:24:48Z,24.69,54.40,48,0,29.93,101.27,1.00,409.00,0,0,0
2023-09-17T00:25:48Z,24.72,54.41,48,0,27.34,101.27,1.00,409.00,null,null,null
2023-09-17T00:26:48Z,24.68,54.43,48,0,24.89,101.27,1.00,409.00,null,null,null
2023-09-17T00:27:48Z,24.69,54.44,48,0,36.11,101.27,1.00,409.00,null,null,null
2023-09-17T00:28:48Z,24.66,54.43,48,0,30.92,101.27,1.00,409.00,null,null,null
2023-09-17T00:29:48Z,24.68,54.40,48,0,27.60,101.26,1.00,409.00,0,0,0
2023-09-17T00:30:48Z,24.66,54.42,48,0,31.77,101.26,1.00,409.00,null,null,null
2023-09-17T00:31:48Z,24.68,54.45,48,0,29.63,101.27,1.00,409.00,null,null,null
2023-09-17T00:32:48Z,24.68,54.45,48,0,32.19,101.26,1.00,409.00,null,null,null
2023-09-17T00:33:48Z,24.68,54.48,48,0,28.28,101.26,1.00,409.00,null,null,null
2023-09-17T00:34:48Z,24.66,54.47,48,0,38.69,101.26,1.00,409.00,0,0,0
2023-09-17T00:35:48Z,24.66,54.53,48,0,39.01,101.26,1.00,409.00,null,null,null
2023-09-17T00:36:48Z,24.68,54.47,48,0,27.45,101.26,1.00,409.00,null,null,null
2023-09-17T00:37:48Z,24.66,54.47,48,0,37.33,101.26,1.00,409.00,null,null,null
2023-09-17T00:38:48Z,24.66,54.48,48,0,28.22,101.26,1.00,409.00,null,null,null
2023-09-17T00:39:48Z,24.65,54.48,48,0,28.25,101.26,1.00,409.00,0,0,0
2023-09-17T00:40:48Z,24.65,54.52,48,0,34.09,101.26,1.00,409.00,null,null,null
2023-09-17T00:41:48Z,24.64,54.52,48,0,27.89,101.26,1.00,409.00,null,null,null
2023-09-17T00:42:48Z,24.66,54.47,48,0,33.04,101.25,1.00,409.00,null,null,null
2023-09-17T00:43:48Z,24.64,54.47,48,0,29.37,101.25,1.00,409.00,null,null,null
2023-09-17T00:44:48Z,24.65,54.51,48,0,25.19,101.26,1.00,409.00,0,0,0
2023-09-17T00:45:48Z,24.65,54.54,48,0,32.26,101.26,0.00,405.00,null,null,null
2023-09-17T00:46:48Z,24.66,54.53,48,0,31.44,101.26,1.00,409.00,null,null,null
2023-09-17T00:47:48Z,24.61,54.52,48,0,29.64,101.25,1.00,409.00,null,null,null
2023-09-17T00:48:48Z,24.61,54.52,48,0,28.55,101.26,1.00,409.00,null,null,null
2023-09-17T00:49:48Z,24.64,54.54,48,0,32.39,101.25,1.00,409.00,0,0,0
2023-09-17T00:50:48Z,24.61,54.58,48,0,40.34,101.26,0.00,405.00,null,null,null
2023-09-17T00:51:48Z,24.62,54.54,48,0,33.45,101.25,1.00,409.00,null,null,null
2023-09-17T00:52:48Z,24.61,54.56,48,0,31.28,101.25,0.00,405.00,null,null,null
2023-09-17T00:53:48Z,24.62,54.58,48,0,29.21,101.25,0.00,405.00,null,null,null
2023-09-17T00:54:48Z,24.59,54.54,48,0,29.33,101.24,0.00,405.00,0,0,0
2023-09-17T00:55:48Z,24.62,54.54,47,0,33.31,101.24,0.00,400.00,null,null,null
2023-09-17T00:56:48Z,24.64,54.57,48,0,32.38,101.24,0.00,405.00,null,null,null
2023-09-17T00:57:48Z,24.58,54.58,48,0,36.65,101.24,0.00,405.00,null,null,null
2023-09-17T00:58:48Z,24.59,54.55,48,0,29.41,101.24,0.00,405.00,null,null,null
2023-09-17T00:59:48Z,24.57,54.57,48,0,27.47,101.24,0.00,405.00,0,0,0
2023-09-17T01:00:48Z,24.59,54.59,48,0,33.14,101.23,0.00,400.00,null,null,null
2023-09-17T01:01:48Z,24.61,54.59,48,0,33.07,101.24,0.00,400.00,null,null,null
2023-09-17T01:02:48Z,24.59,54.56,48,0,27.84,101.24,0.00,405.00,null,null,null
2023-09-17T01:03:48Z,24.59,54.58,48,0,35.56,101.24,0.00,405.00,null,null,null
2023-09-17T01:04:48Z,24.58,54.59,48,0,26.08,101.24,0.00,405.00,0,0,0
2023-09-17T01:05:48Z,24.61,54.61,48,0,26.99,101.24,0.00,400.00,null,null,null
2023-09-17T01:06:48Z,24.57,54.59,48,0,32.85,101.24,0.00,405.00,null,null,null
2023-09-17T01:07:48Z,24.58,54.61,48,0,30.23,101.24,0.00,405.00,null,null,null
2023-09-17T01:08:48Z,24.57,54.64,48,0,28.63,101.24,0.00,405.00,null,null,null
2023-09-17T01:09:48Z,24.55,54.63,48,0,31.06,101.24,0.00,405.00,0,0,0
2023-09-17T01:10:48Z,24.57,54.63,48,0,35.30,101.24,0.00,400.00,null,null,null
2023-09-17T01:11:48Z,24.57,54.63,48,0,27.24,101.24,0.00,405.00,null,null,null
2023-09-17T01:12:48Z,24.58,54.61,48,0,27.84,101.23,0.00,405.00,null,null,null
2023-09-17T01:13:48Z,24.58,54.65,47,0,35.37,101.24,0.00,400.00,null,null,null
2023-09-17T01:14:48Z,24.54,54.64,48,0,29.98,101.24,0.00,400.00,0,0,0
2023-09-17T01:15:48Z,24.58,54.66,47,0,32.72,101.24,0.00,400.00,null,null,null
2023-09-17T01:16:48Z,24.55,54.68,48,0,30.85,101.24,0.00,400.00,null,null,null
2023-09-17T01:17:48Z,24.55,54.64,47,0,32.18,101.24,0.00,400.00,null,null,null
2023-09-17T01:18:48Z,24.57,54.64,48,0,30.44,101.24,0.00,400.00,null,null,null
2023-09-17T01:19:48Z,24.51,54.66,47,0,32.08,101.24,0.00,405.00,0,0,0
2023-09-17T01:20:48Z,24.54,54.72,47,0,31.06,101.24,0.00,400.00,null,null,null
2023-09-17T01:21:48Z,24.54,54.68,47,0,31.24,101.24,0.00,400.00,null,null,null
2023-09-17T01:22:48Z,24.54,54.68,47,0,29.50,101.24,0.00,400.00,null,null,null
2023-09-17T01:23:48Z,24.53,54.72,47,0,30.17,101.24,0.00,400.00,null,null,null
2023-09-17T01:24:48Z,24.54,54.69,48,0,26.62,101.24,0.00,400.00,0,0,0
2023-09-17T01:25:48Z,24.53,54.71,48,0,27.97,101.24,0.00,400.00,null,null,null
2023-09-17T01:26:48Z,24.55,54.65,48,0,28.55,101.24,0.00,400.00,null,null,null
2023-09-17T01:27:48Z,24.55,54.68,48,0,26.50,101.24,0.00,402.00,null,null,null
2023-09-17T01:28:48Z,24.53,54.69,47,0,30.56,101.23,0.00,400.00,null,null,null
2023-09-17T01:29:48Z,24.53,54.72,48,0,30.84,101.24,0.00,402.00,0,0,0
2023-09-17T01:30:48Z,24.51,54.74,48,0,36.51,101.23,0.00,402.00,null,null,null
2023-09-17T01:31:48Z,24.51,54.66,48,0,28.84,101.23,0.00,402.00,null,null,null
2023-09-17T01:32:48Z,24.51,54.75,48,0,26.36,101.23,0.00,402.00,null,null,null
2023-09-17T01:33:48Z,24.51,54.74,48,0,31.26,101.22,0.00,400.00,null,null,null
2023-09-17T01:34:48Z,24.51,54.75,47,0,35.37,101.22,0.00,405.00,0,0,0
2023-09-17T01:35:48Z,24.51,54.80,48,0,34.31,101.22,0.00,405.00,null,null,null
2023-09-17T01:36:48Z,24.54,54.75,47,0,28.78,101.22,0.00,405.00,null,null,null
2023-09-17T01:37:48Z,24.54,54.76,48,0,37.97,101.21,0.00,405.00,null,null,null
2023-09-17T01:38:48Z,24.50,54.74,47,0,27.96,101.21,0.00,405.00,null,null,null
2023-09-17T01:39:48Z,24.51,54.75,48,0,32.63,101.21,1.00,409.00,0,0,0
2023-09-17T01:40:48Z,24.53,54.78,48,0,28.45,101.21,0.00,400.00,null,null,null
2023-09-17T01:41:48Z,24.51,54.75,47,0,27.08,101.21,0.00,405.00,null,null,null
2023-09-17T01:42:48Z,24.50,54.78,47,0,29.70,101.21,0.00,405.00,null,null,null
2023-09-17T01:43:48Z,24.51,54.75,48,0,31.35,101.21,0.00,400.00,null,null,null
2023-09-17T01:44:48Z,24.48,54.83,47,0,26.62,101.21,0.00,400.00,0,0,0
2023-09-17T01:45:48Z,24.51,54.80,47,0,32.26,101.21,0.00,405.00,null,null,null
2023-09-17T01:46:48Z,24.48,54.81,47,0,29.61,101.21,0.00,405.00,null,null,null
2023-09-17T01:47:48Z,24.50,54.81,47,0,25.38,101.21,0.00,400.00,null,null,null
2023-09-17T01:48:48Z,24.48,54.80,47,0,38.82,101.21,0.00,405.00,null,null,null
2023-09-17T01:49:48Z,24.50,54.76,47,0,31.24,101.21,0.00,400.00,0,0,0
2023-09-17T01:50:48Z,24.48,54.85,47,0,33.39,101.22,0.00,405.00,null,null,null
2023-09-17T01:51:48Z,24.48,54.84,47,0,33.94,101.21,0.00,400.00,null,null,null
2023-09-17T01:52:48Z,24.50,54.81,47,0,25.41,101.21,0.00,405.00,null,null,null
2023-09-17T01:53:48Z,24.48,54.79,47,0,28.80,101.21,0.00,400.00,null,null,null
2023-09-17T01:54:48Z,24.48,54.82,47,0,35.38,101.21,0.00,400.00,0,0,0
2023-09-17T01:55:48Z,24.47,54.85,47,0,31.97,101.21,0.00,400.00,null,null,null
2023-09-17T01:56:48Z,24.50,54.86,47,0,25.03,101.21,0.00,400.00,null,null,null
2023-09-17T01:57:48Z,24.45,54.84,47,0,31.01,101.21,0.00,400.00,null,null,null
2023-09-17T01:58:48Z,24.48,54.86,47,0,25.53,101.21,0.00,400.00,null,null,null
2023-09-17T01:59:48Z,24.47,54.82,47,0,29.80,101.21,0.00,400.00,0,0,0
2023-09-17T02:00:48Z,24.47,54.84,47,0,30.69,101.21,0.00,400.00,null,null,null
2023-09-17T02:01:48Z,24.48,54.83,47,0,30.70,101.21,0.00,400.00,null,null,null
2023-09-17T02:02:48Z,24.47,54.86,47,0,26.11,101.21,0.00,400.00,null,null,null
2023-09-17T02:03:48Z,24.47,54.84,47,0,27.94,101.21,0.00,400.00,null,null,null
2023-09-17T02:04:48Z,24.47,54.89,47,0,31.16,101.21,0.00,400.00,0,0,0
2023-09-17T02:05:48Z,24.45,54.90,47,0,30.12,101.20,0.00,400.00,null,null,null
2023-09-17T02:06:48Z,24.47,54.87,47,0,40.09,101.21,0.00,400.00,null,null,null
2023-09-17T02:07:48Z,24.44,54.90,47,0,26.73,101.20,0.00,400.00,null,null,null
2023-09-17T02:08:48Z,24.48,54.90,47,0,37.11,101.20,0.00,400.00,null,null,null
2023-09-17T02:09:48Z,24.45,54.91,47,0,35.71,101.21,0.00,400.00,0,0,0
2023-09-17T02:10:48Z,24.47,54.92,47,0,34.02,101.20,0.00,400.00,null,null,null
2023-09-17T02:11:48Z,24.48,54.92,47,0,28.37,101.20,0.00,400.00,null,null,null
2023-09-17T02:12:48Z,24.45,54.95,47,0,31.88,101.20,0.00,400.00,null,null,null
2023-09-17T02:13:48Z,24.47,54.92,47,0,31.58,101.20,0.00,400.00,null,null,null
2023-09-17T02:14:48Z,24.44,54.91,47,0,29.84,101.20,0.00,400.00,0,0,0
2023-09-17T02:15:48Z,24.45,54.95,47,0,31.25,101.19,0.00,400.00,null,null,null
2023-09-17T02:16:48Z,24.45,54.97,47,0,31.36,101.19,0.00,400.00,null,null,null
2023-09-17T02:17:48Z,24.45,54.93,47,0,29.22,101.19,0.00,400.00,null,null,null
2023-09-17T02:18:48Z,24.44,54.91,47,0,24.11,101.19,0.00,400.00,null,null,null
2023-09-17T02:19:48Z,24.43,54.94,47,0,29.77,101.19,0.00,400.00,0,0,0
2023-09-17T02:20:48Z,24.47,54.98,47,0,29.91,101.19,0.00,400.00,null,null,null
2023-09-17T02:21:48Z,24.44,54.95,47,0,28.68,101.18,0.00,400.00,null,null,null
2023-09-17T02:22:48Z,24.43,54.98,47,0,32.78,101.18,0.00,400.00,null,null,null
2023-09-17T02:23:48Z,24.44,55.02,47,0,29.96,101.19,0.00,400.00,null,null,null
2023-09-17T02:24:48Z,24.44,54.97,47,0,23.20,101.19,0.00,400.00,0,0,0
2023-09-17T02:25:48Z,24.44,54.99,47,0,25.95,101.18,0.00,400.00,null,null,null
2023-09-17T02:26:48Z,24.41,54.99,47,0,28.45,101.18,0.00,402.00,null,null,null
2023-09-17T02:27:48Z,24.43,54.95,47,0,33.11,101.18,0.00,400.00,null,null,null
2023-09-17T02:28:48Z,24.43,54.98,47,0,35.61,101.19,0.00,400.00,null,null,null
2023-09-17T02:29:48Z,24.40,54.94,47,0,28.47,101.18,0.00,400.00,0,0,0
2023-09-17T02:30:48Z,24.44,55.02,47,0,29.27,101.19,0.00,400.00,null,null,null
2023-09-17T02:31:48Z,24.44,55.05,47,0,28.11,101.18,0.00,400.00,null,null,null
2023-09-17T02:32:48Z,24.43,55.02,47,0,26.36,101.18,0.00,400.00,null,null,null
2023-09-17T02:33:48Z,24.44,55.04,47,0,32.87,101.18,0.00,400.00,null,null,null
2023-09-17T02:34:48Z,24.43,55.01,47,0,31.02,101.18,0.00,400.00,0,0,0
2023-09-17T02:35:48Z,24.44,55.03,47,0,27.40,101.18,0.00,400.00,null,null,null
2023-09-17T02:36:48Z,24.41,55.04,47,0,29.62,101.18,0.00,400.00,null,null,null
2023-09-17T02:37:48Z,24.44,55.06,47,0,28.22,101.18,0.00,400.00,null,null,null
2023-09-17T02:38:48Z,24.43,55.02,47,0,24.43,101.18,0.00,400.00,null,null,null
2023-09-17T02:39:48Z,24.40,55.06,47,0,29.58,101.18,0.00,400.00,0,0,0
2023-09-17T02:40:48Z,24.38,55.04,47,0,28.07,101.18,0.00,400.00,null,null,null
2023-09-17T02:41:48Z,24.41,55.04,47,0,27.32,101.18,0.00,400.00,null,null,null
2023-09-17T02:42:48Z,24.43,55.04,47,0,31.46,101.17,0.00,400.00,null,null,null
2023-09-17T02:43:48Z,24.41,55.10,47,0,32.20,101.17,0.00,400.00,null,null,null
2023-09-17T02:44:48Z,24.43,55.02,47,0,32.53,101.17,0.00,400.00,0,0,0
2023-09-17T02:45:48Z,24.40,55.06,47,0,29.72,101.16,0.00,400.00,null,null,null
2023-09-17T02:46:48Z,24.41,55.07,47,0,30.16,101.16,0.00,400.00,null,null,null
2023-09-17T02:47:48Z,24.41,55.08,47,0,28.66,101.16,0.00,400.00,null,null,null
2023-09-17T02:48:48Z,24.41,55.06,47,0,29.98,101.16,0.00,400.00,null,null,null
2023-09-17T02:49:48Z,24.40,55.08,47,0,28.14,101.16,0.00,400.00,0,0,0
2023-09-17T02:50:48Z,24.41,55.14,47,0,30.05,101.16,0.00,400.00,null,null,null
2023-09-17T02:51:48Z,24.43,55.07,46,0,31.38,101.16,0.00,400.00,null,null,null
2023-09-17T02:52:48Z,24.40,55.05,47,0,33.30,101.16,0.00,400.00,null,null,null
2023-09-17T02:53:48Z,24.38,55.09,47,0,31.25,101.16,0.00,400.00,null,null,null
2023-09-17T02:54:48Z,24.38,55.09,47,0,34.17,101.16,0.00,400.00,0,0,0
2023-09-17T02:55:48Z,24.40,55.11,46,0,29.12,101.16,0.00,400.00,null,null,null
2023-09-17T02:56:48Z,24.38,55.12,47,0,26.21,101.16,0.00,400.00,null,null,null
2023-09-17T02:57:48Z,24.40,55.13,47,0,31.31,101.16,0.00,400.00,null,null,null
2023-09-17T02:58:48Z,24.40,55.09,46,0,29.41,101.16,0.00,400.00,null,null,null
