TIME,TEMP,HUM,BATT,LIGHT,NOISE_A,PRESS,CCS811_VOCS,CCS811_ECO2,PM_1,PM_25,PM_10
ISO 8601,C,%,%,Lux,dBA,kPa,ppb,ppm,ug/m3,ug/m3,ug/m3
Time,Temperature,Humidity,Battery,Light,Noise dBA,Barometric pressure,VOC Gas CCS811,eCO2 Gas CCS811,PM 1.0,PM 2.5,PM 10.0
,55,56,10,14,53,58,113,112,89,87,88
2023-08-20T00:00:02Z,24.48,60.88,99,0,39.33,101.93,265.00,1623.00,0,0,0
2023-08-20T00:01:02Z,24.46,60.89,99,0,41.38,101.92,265.00,1623.00,null,null,null
2023-08-20T00:02:02Z,24.49,60.85,99,0,38.70,101.92,287.00,1647.00,null,null,null
2023-08-20T00:03:02Z,24.51,60.86,99,0,45.00,101.92,299.00,1660.00,null,null,null
2023-08-20T00:04:02Z,24.51,60.80,99,0,36.38,101.92,283.00,1641.00,null,null,null
2023-08-20T00:05:02Z,24.49,60.83,99,0,40.05,101.92,283.00,1641.00,0,0,0
2023-08-20T00:06:02Z,24.52,60.86,99,0,37.54,101.92,265.00,1623.00,null,null,null
2023-08-20T00:07:02Z,24.54,60.82,99,0,38.69,101.92,287.00,1647.00,null,null,null
2023-08-20T00:08:02Z,24.55,60.83,99,0,39.25,101.92,304.00,1665.00,null,null,null
2023-08-20T00:09:02Z,24.51,60.82,99,0,39.17,101.91,299.00,1660.00,null,null,null
2023-08-20T00:10:02Z,24.55,60.87,99,0,44.59,101.92,299.00,1660.00,0,0,0
2023-08-20T00:11:02Z,24.55,60.87,99,0,41.92,101.92,283.00,1641.00,null,null,null
2023-08-20T00:12:02Z,24.56,60.87,99,0,43.84,101.92,283.00,1641.00,null,null,null
2023-08-20T00:13:02Z,24.55,60.78,99,0,46.47,101.92,287.00,1647.00,null,null,null
2023-08-20T00:14:02Z,24.58,60.77,99,0,39.70,101.92,287.00,1647.00,null,null,null
2023-08-20T00:15:02Z,24.56,60.80,99,0,41.40,101.92,287.00,1647.00,0,0,0
2023-08-20T00:16:02Z,24.58,60.84,99,0,39.48,101.92,254.00,1610.00,null,null,null
2023-08-20T00:17:02Z,24.58,60.79,99,0,42.53,101.92,254.00,1610.00,null,null,null
2023-08-20T00:18:02Z,24.61,60.82,99,0,37.41,101.92,265.00,1623.00,null,null,null
2023-08-20T00:19:02Z,24.61,60.83,99,0,38.65,101.92,292.00,1652.00,null,null,null
2023-08-20T00:20:02Z,24.61,60.83,99,0,null,101.92,304.00,1665.00,0,0,0
2023-08-20T00:21:02Z,24.61,60.79,99,0,40.92,101.92,276.00,1633.00,null,null,null
2023-08-20T00:22:02Z,24.61,60.74,99,0,41.46,101.92,299.00,1660.00,null,null,null
2023-08-20T00:23:02Z,24.61,60.77,99,0,45.81,101.92,308.00,1669.00,null,null,null
2023-08-20T00:24:02Z,24.63,60.74,99,0,32.46,101.92,322.00,1683.00,null,null,null
2023-08-20T00:25:02Z,24.62,60.75,99,0,45.17,101.92,340.00,1701.00,0,0,0
2023-08-20T00:26:02Z,24.62,60.76,99,0,41.98,101.92,310.00,1671.00,null,null,null
2023-08-20T00:27:02Z,24.65,60.63,99,0,37.88,101.92,318.00,1678.00,null,null,null
2023-08-20T00:28:02Z,24.68,60.70,99,0,37.79,101.92,332.00,1694.00,null,null,null
2023-08-20T00:29:02Z,24.66,60.70,99,0,40.32,101.92,354.00,1715.00,null,null,null
2023-08-20T00:30:02Z,24.66,60.72,99,0,36.64,101.92,346.00,1707.00,0,0,0
2023-08-20T00:31:02Z,24.66,60.65,99,0,42.10,101.92,314.00,1676.00,null,null,null
2023-08-20T00:32:02Z,24.66,60.63,99,0,39.35,101.92,296.00,1657.00,null,null,null
2023-08-20T00:33:02Z,24.66,60.71,99,0,42.68,101.92,287.00,1647.00,null,null,null
2023-08-20T00:34:02Z,24.68,60.67,99,0,35.36,101.92,296.00,1657.00,null,null,null
2023-08-20T00:35:02Z,24.68,60.69,99,0,41.03,101.92,308.00,1669.00,0,0,0
2023-08-20T00:36:02Z,24.66,60.66,99,0,42.39,101.92,303.00,1664.00,null,null,null
2023-08-20T00:37:02Z,24.69,60.67,99,0,33.98,101.92,340.00,1701.00,null,null,null
2023-08-20T00:38:02Z,24.69,60.64,99,0,37.69,101.92,354.00,1715.00,null,null,null
2023-08-20T00:39:02Z,24.69,60.69,99,0,39.27,101.92,367.00,1730.00,null,null,null
2023-08-20T00:40:02Z,24.71,60.64,99,0,40.34,101.92,346.00,1707.00,0,0,0
2023-08-20T00:41:02Z,24.69,60.60,99,0,35.67,101.93,340.00,1701.00,null,null,null
2023-08-20T00:42:02Z,24.68,60.61,99,0,39.50,101.92,326.00,1687.00,null,null,null
2023-08-20T00:43:02Z,24.68,60.61,99,0,43.20,101.93,326.00,1687.00,null,null,null
2023-08-20T00:44:02Z,24.71,60.55,99,0,43.89,101.93,354.00,1715.00,null,null,null
2023-08-20T00:45:02Z,24.69,60.59,99,0,34.75,101.93,374.00,1738.00,0,0,0
2023-08-20T00:46:02Z,24.72,60.61,99,0,33.59,101.93,346.00,1707.00,null,null,null
2023-08-20T00:47:02Z,24.71,60.57,99,0,42.59,101.93,374.00,1738.00,null,null,null
2023-08-20T00:48:02Z,24.69,60.57,99,0,37.16,101.93,384.00,1743.00,null,null,null
2023-08-20T00:49:02Z,24.73,60.56,99,0,42.68,101.94,374.00,1738.00,null,null,null
2023-08-20T00:50:02Z,24.73,60.62,99,0,44.10,101.94,367.00,1730.00,0,0,0
2023-08-20T00:51:02Z,24.75,60.62,99,0,40.22,101.94,354.00,1715.00,null,null,null
2023-08-20T00:52:02Z,24.73,60.64,99,0,43.59,101.94,331.00,1692.00,null,null,null
2023-08-20T00:53:02Z,24.73,60.53,99,0,34.81,101.93,384.00,1743.00,null,null,null
2023-08-20T00:54:02Z,24.75,60.63,99,0,40.91,101.94,384.00,1743.00,null,null,null
2023-08-20T00:55:02Z,24.72,60.59,99,0,43.09,101.94,357.00,1720.00,0,0,0
2023-08-20T00:56:02Z,24.76,60.61,99,0,39.76,101.94,384.00,1743.00,null,null,null
2023-08-20T00:57:02Z,24.75,60.52,99,0,36.07,101.94,345.00,1705.00,null,null,null
2023-08-20T00:58:02Z,24.73,60.56,99,0,38.34,101.94,325.00,1686.00,null,null,null
2023-08-20T00:59:02Z,24.76,60.58,99,0,44.75,101.95,374.00,1738.00,null,null,null
2023-08-20T01:00:02Z,24.76,60.60,99,0,40.27,101.94,345.00,1705.00,0,0,0
2023-08-20T01:01:02Z,24.78,60.55,99,0,38.88,101.95,337.00,1699.00,null,null,null
2023-08-20T01:02:02Z,24.79,60.55,99,0,39.10,101.95,331.00,1692.00,null,null,null
2023-08-20T01:03:02Z,24.76,60.50,99,0,39.05,101.95,366.00,1729.00,null,null,null
2023-08-20T01:04:02Z,24.76,60.55,99,0,37.39,101.95,357.00,1720.00,null,null,null
2023-08-20T01:05:02Z,24.76,60.54,99,0,39.63,101.95,351.00,1713.00,0,0,0
2023-08-20T01:06:02Z,24.79,60.47,99,0,39.15,101.95,345.00,1705.00,null,null,null
2023-08-20T01:07:02Z,24.78,60.47,99,0,41.03,101.95,325.00,1686.00,null,null,null
2023-08-20T01:08:02Z,24.76,60.50,99,0,39.16,101.95,337.00,1699.00,null,null,null
2023-08-20T01:09:02Z,24.78,60.48,99,0,34.65,101.95,351.00,1713.00,null,null,null
2023-08-20T01:10:02Z,24.78,60.45,99,0,41.91,101.95,366.00,1729.00,0,0,0
2023-08-20T01:11:02Z,24.78,60.47,99,0,33.09,101.95,372.00,1735.00,null,null,null
2023-08-20T01:12:02Z,24.80,60.47,99,0,38.87,101.95,351.00,1713.00,null,null,null
2023-08-20T01:13:02Z,24.80,60.45,99,0,37.91,101.95,351.00,1713.00,null,null,null
2023-08-20T01:14:02Z,24.79,60.46,99,0,47.52,101.95,384.00,1743.00,null,null,null
2023-08-20T01:15:02Z,24.80,60.48,99,0,33.15,101.95,372.00,1735.00,0,0,0
2023-08-20T01:16:02Z,24.80,60.39,99,0,38.03,101.95,318.00,1678.00,null,null,null
2023-08-20T01:17:02Z,24.79,60.43,99,0,34.95,101.95,331.00,1692.00,null,null,null
2023-08-20T01:18:02Z,24.83,60.44,99,0,40.28,101.96,337.00,1699.00,null,null,null
2023-08-20T01:19:02Z,24.80,60.38,99,0,40.75,101.95,325.00,1686.00,null,null,null
2023-08-20T01:20:02Z,24.79,60.39,99,0,37.32,101.95,331.00,1692.00,0,0,0
2023-08-20T01:21:02Z,24.80,60.35,99,0,32.38,101.95,318.00,1678.00,null,null,null
2023-08-20T01:22:02Z,24.80,60.37,99,0,36.02,101.95,318.00,1678.00,null,null,null
2023-08-20T01:23:02Z,24.80,60.36,99,0,49.68,101.95,345.00,1705.00,null,null,null
2023-08-20T01:24:02Z,24.79,60.35,99,0,34.73,101.95,312.00,1673.00,null,null,null
2023-08-20T01:25:02Z,24.79,60.41,99,0,35.78,101.95,337.00,1699.00,0,0,0
2023-08-20T01:26:02Z,24.80,60.33,99,0,30.24,101.95,283.00,1641.00,null,null,null
2023-08-20T01:27:02Z,24.79,60.38,99,0,29.83,101.95,299.00,1660.00,null,null,null
2023-08-20T01:28:02Z,24.79,60.36,99,0,33.63,101.95,295.00,1656.00,null,null,null
2023-08-20T01:29:02Z,24.78,60.42,99,0,40.39,101.95,331.00,1692.00,null,null,null
2023-08-20T01:30:02Z,24.78,60.40,99,0,40.35,101.95,318.00,1678.00,0,0,0
2023-08-20T01:31:02Z,24.79,60.46,99,0,33.75,101.95,304.00,1665.00,null,null,null
2023-08-20T01:32:02Z,24.76,60.47,99,0,36.36,101.95,304.00,1665.00,null,null,null
2023-08-20T01:33:02Z,24.80,60.44,99,0,38.94,101.95,318.00,1678.00,null,null,null
2023-08-20T01:34:02Z,24.78,60.40,99,0,34.85,101.95,325.00,1686.00,null,null,null
2023-08-20T01:35:02Z,24.78,60.48,99,0,39.68,101.95,318.00,1678.00,0,0,0
2023-08-20T01:36:02Z,24.78,60.39,99,0,43.12,101.95,288.00,1648.00,null,null,null
2023-08-20T01:37:02Z,24.80,60.42,99,0,33.26,101.95,299.00,1660.00,null,null,null
2023-08-20T01:38:02Z,24.78,60.36,99,0,46.09,101.95,304.00,1665.00,null,null,null
2023-08-20T01:39:02Z,24.78,60.32,99,0,41.59,101.95,318.00,1678.00,null,null,null
2023-08-20T01:40:02Z,24.76,60.34,99,0,32.89,101.95,351.00,1713.00,0,0,0
2023-08-20T01:41:02Z,24.78,60.40,99,0,44.78,101.95,337.00,1699.00,null,null,null
2023-08-20T01:42:02Z,24.80,60.39,99,0,38.46,101.95,351.00,1713.00,null,null,null
2023-08-20T01:43:02Z,24.79,60.33,99,0,41.29,101.95,331.00,1692.00,null,null,null
2023-08-20T01:44:02Z,24.78,60.38,99,0,45.31,101.95,318.00,1678.00,null,null,null
2023-08-20T01:45:02Z,24.78,60.38,99,0,35.75,101.95,295.00,1656.00,0,0,0
2023-08-20T01:46:02Z,24.76,60.37,99,0,35.23,101.96,278.00,1636.00,null,null,null
2023-08-20T01:47:02Z,24.76,60.35,99,0,36.11,101.95,312.00,1673.00,null,null,null
2023-08-20T01:48:02Z,24.75,60.41,99,0,38.57,101.96,331.00,1692.00,null,null,null
2023-08-20T01:49:02Z,24.76,60.36,99,0,37.82,101.96,318.00,1678.00,null,null,null
2023-08-20T01:50:02Z,24.73,60.39,99,0,35.14,101.96,337.00,1699.00,0,0,0
2023-08-20T01:51:02Z,24.76,60.41,99,0,32.08,101.96,354.00,1715.00,null,null,null
2023-08-20T01:52:02Z,24.73,60.45,99,0,45.66,101.97,312.00,1673.00,null,null,null
2023-08-20T01:53:02Z,24.71,60.43,99,0,42.48,101.96,332.00,1694.00,null,null,null
2023-08-20T01:54:02Z,24.71,60.47,99,0,38.40,101.97,269.00,1627.00,null,null,null
2023-08-20T01:55:02Z,24.69,60.46,99,0,35.97,101.96,254.00,1610.00,0,0,0
2023-08-20T01:56:02Z,24.66,60.55,99,0,45.31,101.97,242.00,1597.00,null,null,null
2023-08-20T01:57:02Z,24.63,60.63,99,0,38.34,101.97,216.00,1562.00,null,null,null
2023-08-20T01:58:02Z,24.61,60.67,99,0,36.67,101.97,204.00,1546.00,null,null,null
2023-08-20T01:59:02Z,24.59,60.74,99,0,45.39,101.98,229.00,1581.00,null,null,null
2023-08-20T02:00:02Z,24.56,60.71,99,0,41.43,101.97,196.00,1535.00,0,0,0
2023-08-20T02:01:02Z,24.55,60.77,99,0,43.67,101.97,196.00,1535.00,null,null,null
2023-08-20T02:02:02Z,24.56,60.82,99,0,39.26,101.97,222.00,1571.00,null,null,null
2023-08-20T02:03:02Z,24.56,60.81,99,0,32.67,101.98,239.00,1594.00,null,null,null
2023-08-20T02:04:02Z,24.55,60.87,99,0,34.39,101.98,254.00,1610.00,null,null,null
2023-08-20T02:05:02Z,24.54,60.83,99,0,44.48,101.98,244.00,1598.00,0,0,0
2023-08-20T02:06:02Z,24.56,60.93,99,0,35.21,101.98,244.00,1598.00,null,null,null
2023-08-20T02:07:02Z,24.55,60.91,99,0,45.93,101.98,271.00,1628.00,null,null,null
2023-08-20T02:08:02Z,24.55,60.95,99,0,39.41,101.98,239.00,1594.00,null,null,null
2023-08-20T02:09:02Z,24.55,60.96,99,0,34.40,101.98,222.00,1571.00,null,null,null
2023-08-20T02:10:02Z,24.56,60.99,99,0,39.00,101.99,209.00,1555.00,0,0,0
2023-08-20T02:11:02Z,24.55,60.94,99,0,37.69,101.98,190.00,1527.00,null,null,null
2023-08-20T02:12:02Z,24.51,61.02,99,0,45.99,101.98,197.00,1537.00,null,null,null
2023-08-20T02:13:02Z,24.54,61.02,99,0,35.93,101.98,209.00,1555.00,null,null,null
2023-08-20T02:14:02Z,24.54,61.02,99,0,46.58,101.98,235.00,1588.00,null,null,null
2023-08-20T02:15:02Z,24.51,61.04,99,0,42.53,101.98,217.00,1563.00,0,0,0
2023-08-20T02:16:02Z,24.54,61.08,99,0,35.15,101.98,217.00,1563.00,null,null,null
2023-08-20T02:17:02Z,24.55,61.09,99,0,37.65,101.98,254.00,1610.00,null,null,null
2023-08-20T02:18:02Z,24.55,61.11,99,0,38.89,101.98,287.00,1647.00,null,null,null
2023-08-20T02:19:02Z,24.56,61.07,99,0,40.42,101.97,276.00,1633.00,null,null,null
2023-08-20T02:20:02Z,24.56,61.06,99,0,34.78,101.97,260.00,1615.00,0,0,0
2023-08-20T02:21:02Z,24.54,61.03,99,0,35.65,101.97,244.00,1598.00,null,null,null
2023-08-20T02:22:02Z,24.55,61.06,99,0,46.21,101.98,230.00,1582.00,null,null,null
2023-08-20T02:23:02Z,24.58,61.12,99,0,38.18,101.98,239.00,1594.00,null,null,null
2023-08-20T02:24:02Z,24.54,61.03,99,0,32.41,101.98,239.00,1594.00,null,null,null
2023-08-20T02:25:02Z,24.55,61.06,99,0,43.61,101.98,239.00,1594.00,0,0,0
2023-08-20T02:26:02Z,24.54,61.04,99,0,35.61,101.98,200.00,1542.00,null,null,null
2023-08-20T02:27:02Z,24.55,61.06,99,0,38.79,101.98,217.00,1563.00,null,null,null
2023-08-20T02:28:02Z,24.54,61.07,99,0,31.29,101.98,226.00,1575.00,null,null,null
2023-08-20T02:29:02Z,24.56,61.08,99,0,35.90,101.98,265.00,1623.00,null,null,null
2023-08-20T02:30:02Z,24.55,61.06,99,0,32.03,101.98,254.00,1610.00,0,0,0
2023-08-20T02:31:02Z,24.55,61.10,99,0,36.81,101.98,239.00,1594.00,null,null,null
2023-08-20T02:32:02Z,24.56,61.05,99,0,41.39,101.99,249.00,1606.00,null,null,null
2023-08-20T02:33:02Z,24.56,61.09,99,0,36.99,101.99,254.00,1610.00,null,null,null
2023-08-20T02:34:02Z,24.54,61.10,99,0,57.13,101.99,271.00,1628.00,null,null,null
2023-08-20T02:35:02Z,24.54,61.07,99,0,36.56,101.99,249.00,1606.00,0,0,0
2023-08-20T02:36:02Z,24.56,61.05,99,0,37.77,101.99,239.00,1594.00,null,null,null
2023-08-20T02:37:02Z,24.55,61.07,99,0,32.14,101.99,271.00,1628.00,null,null,null
2023-08-20T02:38:02Z,24.58,61.05,99,0,39.77,101.99,271.00,1628.00,null,null,null
2023-08-20T02:39:02Z,24.58,61.06,99,0,33.36,101.99,271.00,1628.00,null,null,null
2023-08-20T02:40:02Z,24.59,61.11,99,0,35.36,101.99,292.00,1652.00,0,0,0
2023-08-20T02:41:02Z,24.58,61.06,99,0,44.25,101.99,287.00,1647.00,null,null,null
2023-08-20T02:42:02Z,24.59,60.98,99,0,36.68,101.99,265.00,1623.00,null,null,null
2023-08-20T02:43:02Z,24.59,61.01,99,0,41.01,101.99,271.00,1628.00,null,null,null
2023-08-20T02:44:02Z,24.62,61.04,99,0,40.89,101.99,292.00,1652.00,null,null,null
2023-08-20T02:45:02Z,24.61,61.04,99,0,35.80,101.99,310.00,1671.00,0,0,0
2023-08-20T02:46:02Z,24.61,61.02,99,0,39.73,101.99,287.00,1647.00,null,null,null
2023-08-20T02:47:02Z,24.61,61.00,99,0,42.08,101.99,287.00,1647.00,null,null,null
2023-08-20T02:48:02Z,24.63,61.01,99,0,39.13,101.99,299.00,1660.00,null,null,null
2023-08-20T02:49:02Z,24.62,60.98,99,0,29.09,101.99,318.00,1678.00,null,null,null
2023-08-20T02:50:02Z,24.63,60.93,99,0,38.16,101.99,304.00,1665.00,0,0,0
2023-08-20T02:51:02Z,24.63,60.96,99,0,36.74,101.99,277.00,1635.00,null,null,null
2023-08-20T02:52:02Z,24.66,60.94,99,0,34.39,101.98,289.00,1650.00,null,null,null
2023-08-20T02:53:02Z,24.63,60.88,99,0,43.66,101.99,313.00,1674.00,null,null,null
2023-08-20T02:54:02Z,24.63,60.82,99,0,34.60,101.98,307.00,1668.00,null,null,null
2023-08-20T02:55:02Z,24.63,60.89,99,0,35.59,101.99,289.00,1650.00,0,0,0
2023-08-20T02:56:02Z,24.65,60.93,99,0,37.43,101.99,292.00,1652.00,null,null,null
2023-08-20T02:57:02Z,24.66,60.80,99,0,31.54,101.99,296.00,1657.00,null,null,null
2023-08-20T02:58:02Z,24.65,60.84,99,0,39.39,101.99,271.00,1628.00,null,null,null
2023-08-20T02:59:02Z,24.66,60.87,99,0,33.54,102.00,277.00,1635.00,null,null,null
