TIME,TEMP,HUM,BATT,LIGHT,NOISE_A,PRESS,CCS811_VOCS,CCS811_ECO2,PM_1,PM_25,PM_10
ISO 8601,C,%,%,Lux,dBA,kPa,ppb,ppm,ug/m3,ug/m3,ug/m3
Time,Temperature,Humidity,Battery,Light,Noise dBA,Barometric pressure,VOC Gas CCS811,eCO2 Gas CCS811,PM 1.0,PM 2.5,PM 10.0
,55,56,10,14,53,58,113,112,89,87,88
2023-09-09T00:00:01Z,28.24,58.87,99,0,45.38,101.55,96.00,1035.00,null,null,null
2023-09-09T00:01:01Z,28.24,58.85,99,0,39.05,101.55,99.00,1050.00,null,null,null
2023-09-09T00:02:01Z,28.25,58.89,99,0,39.97,101.55,97.00,1038.00,null,null,null
2023-09-09T00:03:01Z,28.23,58.90,99,0,37.84,101.55,93.00,1017.00,0,0,0
2023-09-09T00:04:01Z,28.23,58.85,99,0,33.71,101.55,92.00,1009.00,null,null,null
2023-09-09T00:05:01Z,28.24,58.86,99,0,36.29,101.55,89.00,987.00,null,null,null
2023-09-09T00:06:01Z,28.24,58.99,99,0,36.18,101.55,87.00,975.00,null,null,null
2023-09-09T00:07:01Z,28.24,59.07,99,0,43.44,101.55,90.00,997.00,null,null,null
2023-09-09T00:08:01Z,28.21,59.03,99,0,38.96,101.55,93.00,1017.00,0,0,0
2023-09-09T00:09:01Z,28.23,59.11,99,0,42.53,101.55,93.00,1017.00,null,null,null
2023-09-09T00:10:01Z,28.23,59.17,99,0,46.52,101.55,97.00,1038.00,null,null,null
2023-09-09T00:11:01Z,28.21,59.18,99,0,36.07,101.55,100.00,1060.00,null,null,null
2023-09-09T00:12:01Z,28.23,59.18,99,0,40.47,101.54,104.00,1086.00,null,null,null
2023-09-09T00:13:01Z,28.21,59.33,99,0,47.26,101.54,106.00,1099.00,0,0,0
2023-09-09T00:14:01Z,28.21,59.31,99,0,44.53,101.54,100.00,1060.00,null,null,null
2023-09-09T00:15:01Z,28.21,59.16,99,0,32.80,101.54,102.00,1074.00,null,null,null
2023-09-09T00:16:01Z,28.20,59.26,99,0,37.78,101.54,106.00,1099.00,null,null,null
2023-09-09T00:17:01Z,28.21,59.18,99,0,31.02,101.54,104.00,1086.00,null,null,null
2023-09-09T00:18:01Z,28.21,59.12,99,0,30.72,101.54,104.00,1086.00,0,0,0
2023-09-09T00:19:01Z,28.21,59.35,99,0,37.71,101.54,102.00,1071.00,null,null,null
2023-09-09T00:20:01Z,28.23,59.13,99,0,29.11,101.54,98.00,1047.00,null,null,null
2023-09-09T00:21:01Z,28.21,59.09,99,0,35.04,101.53,99.00,1050.00,null,null,null
2023-09-09T00:22:01Z,28.21,59.14,99,0,38.53,101.53,93.00,1017.00,null,null,null
2023-09-09T00:23:01Z,28.21,59.23,99,0,40.40,101.53,97.00,1038.00,0,0,0
2023-09-09T00:24:01Z,28.21,59.39,99,0,38.78,101.53,93.00,1017.00,null,null,null
2023-09-09T00:25:01Z,28.23,59.24,99,0,37.70,101.53,92.00,1007.00,null,null,null
2023-09-09T00:26:01Z,28.21,59.33,99,0,43.93,101.53,99.00,1050.00,null,null,null
2023-09-09T00:27:01Z,28.20,59.20,99,0,34.10,101.53,98.00,1047.00,null,null,null
2023-09-09T00:28:01Z,28.18,59.29,99,0,38.38,101.53,100.00,1060.00,0,0,0
2023-09-09T00:29:01Z,28.23,59.35,99,0,38.27,101.53,98.00,1047.00,null,null,null
2023-09-09T00:30:01Z,28.23,59.28,99,0,41.62,101.53,100.00,1060.00,null,null,null
2023-09-09T00:31:01Z,28.21,59.28,99,0,28.52,101.53,100.00,1060.00,null,null,null
2023-09-09T00:32:01Z,28.18,59.45,99,0,31.07,101.53,104.00,1086.00,null,null,null
2023-09-09T00:33:01Z,28.20,59.30,99,0,34.33,101.53,104.00,1086.00,0,0,0
2023-09-09T00:34:01Z,28.20,59.36,99,0,35.42,101.53,102.00,1074.00,null,null,null
2023-09-09T00:35:01Z,28.18,59.21,99,0,28.34,101.53,100.00,1060.00,null,null,null
2023-09-09T00:36:01Z,28.23,59.26,99,0,33.56,101.53,100.00,1060.00,null,null,null
2023-09-09T00:37:01Z,28.21,59.36,99,0,32.21,101.52,100.00,1060.00,null,null,null
2023-09-09T00:38:01Z,28.18,59.29,99,0,38.10,101.52,98.00,1047.00,0,0,0
2023-09-09T00:39:01Z,28.21,59.29,99,0,37.54,101.52,92.00,1007.00,null,null,null
2023-09-09T00:40:01Z,28.20,59.58,99,0,37.17,101.52,94.00,1019.00,null,null,null
2023-09-09T00:41:01Z,28.23,59.41,99,0,44.15,101.52,94.00,1019.00,null,null,null
2023-09-09T00:42:01Z,28.21,59.21,99,0,32.32,101.52,94.00,1019.00,null,null,null
2023-09-09T00:43:01Z,28.21,59.44,99,0,29.21,101.52,99.00,1050.00,0,0,0
2023-09-09T00:44:01Z,28.20,59.54,99,0,32.76,101.52,90.00,997.00,null,null,null
2023-09-09T00:45:01Z,28.21,59.44,99,0,26.46,101.52,90.00,997.00,null,null,null
2023-09-09T00:46:01Z,28.20,59.51,99,0,39.76,101.53,92.00,1007.00,null,null,null
2023-09-09T00:47:01Z,28.18,59.36,99,0,36.48,101.52,97.00,1038.00,null,null,null
2023-09-09T00:48:01Z,28.18,59.34,99,0,44.22,101.53,100.00,1060.00,0,0,0
2023-09-09T00:49:01Z,28.20,59.45,99,0,35.65,101.52,94.00,1019.00,null,null,null
2023-09-09T00:50:01Z,28.18,59.42,99,0,37.48,101.52,97.00,1038.00,null,null,null
2023-09-09T00:51:01Z,28.20,59.35,99,0,39.23,101.52,100.00,1060.00,null,null,null
2023-09-09T00:52:01Z,28.20,59.42,99,0,36.08,101.52,100.00,1060.00,null,null,null
2023-09-09T00:53:01Z,28.18,59.37,99,0,44.56,101.52,100.00,1060.00,0,0,0
2023-09-09T00:54:01Z,28.18,59.32,99,0,40.82,101.52,98.00,1047.00,null,null,null
2023-09-09T00:55:01Z,28.21,59.41,99,0,38.70,101.52,98.00,1047.00,null,null,null
2023-09-09T00:56:01Z,28.23,59.59,99,0,40.79,101.52,100.00,1060.00,null,null,null
2023-09-09T00:57:01Z,28.21,59.45,99,0,28.47,101.52,98.00,1047.00,null,null,null
2023-09-09T00:58:01Z,28.15,59.42,99,0,26.67,101.52,98.00,1047.00,0,0,0
2023-09-09T00:59:01Z,28.18,59.50,99,0,27.92,101.52,97.00,1038.00,null,null,null
2023-09-09T01:00:01Z,28.15,59.51,99,0,40.30,101.52,94.00,1019.00,null,null,null
2023-09-09T01:01:01Z,28.18,59.46,99,0,31.51,101.51,94.00,1019.00,null,null,null
2023-09-09T01:02:01Z,28.18,59.40,99,0,25.22,101.51,97.00,1038.00,null,null,null
2023-09-09T01:03:01Z,28.21,59.39,99,0,40.51,101.51,98.00,1047.00,0,0,0
2023-09-09T01:04:01Z,28.20,59.49,99,0,37.78,101.51,97.00,1038.00,null,null,null
2023-09-09T01:05:01Z,28.20,59.29,99,0,29.13,101.51,97.00,1038.00,null,null,null
2023-09-09T01:06:01Z,28.18,59.30,99,0,35.64,101.51,98.00,1047.00,null,null,null
2023-09-09T01:07:01Z,28.18,59.30,99,0,40.70,101.51,94.00,1019.00,null,null,null
2023-09-09T01:08:01Z,28.17,59.30,99,0,35.72,101.51,90.00,997.00,0,0,0
2023-09-09T01:09:01Z,28.18,59.35,99,0,30.23,101.51,87.00,975.00,null,null,null
2023-09-09T01:10:01Z,28.17,59.32,99,0,43.70,101.51,87.00,975.00,null,null,null
2023-09-09T01:11:01Z,28.20,59.41,99,0,43.86,101.51,87.00,975.00,null,null,null
2023-09-09T01:12:01Z,28.18,59.39,99,0,30.24,101.51,87.00,975.00,null,null,null
2023-09-09T01:13:01Z,28.18,59.24,99,0,35.53,101.51,87.00,975.00,0,0,0
2023-09-09T01:14:01Z,28.18,59.48,99,0,42.88,101.51,86.00,970.00,null,null,null
2023-09-09T01:15:01Z,28.18,59.36,99,0,34.21,101.51,85.00,964.00,null,null,null
2023-09-09T01:16:01Z,28.17,59.34,99,0,35.31,101.51,85.00,964.00,null,null,null
2023-09-09T01:17:01Z,28.17,59.40,99,0,47.97,101.51,85.00,964.00,null,null,null
2023-09-09T01:18:01Z,28.15,59.27,99,0,40.14,101.51,85.00,964.00,0,0,0
2023-09-09T01:19:01Z,28.18,59.41,99,0,39.46,101.51,85.00,959.00,null,null,null
2023-09-09T01:20:01Z,28.18,59.44,99,0,33.81,101.51,85.00,964.00,null,null,null
2023-09-09T01:21:01Z,28.18,59.31,99,0,41.27,101.51,87.00,975.00,null,null,null
2023-09-09T01:22:01Z,28.17,59.34,99,0,39.72,101.51,85.00,964.00,null,null,null
2023-09-09T01:23:01Z,28.17,59.30,99,0,37.83,101.51,87.00,975.00,0,0,0
2023-09-09T01:24:01Z,28.18,59.41,99,0,35.78,101.51,85.00,964.00,null,null,null
2023-09-09T01:25:01Z,28.18,59.40,99,0,41.06,101.50,87.00,975.00,null,null,null
2023-09-09T01:26:01Z,28.18,59.22,99,0,28.55,101.50,90.00,997.00,null,null,null
2023-09-09T01:27:01Z,28.17,59.31,99,0,31.02,101.50,92.00,1009.00,null,null,null
2023-09-09T01:28:01Z,28.17,59.39,99,0,36.95,101.51,87.00,975.00,0,0,0
2023-09-09T01:29:01Z,28.17,59.22,99,0,38.85,101.51,85.00,964.00,null,null,null
2023-09-09T01:30:01Z,28.18,59.30,99,0,37.52,101.50,87.00,975.00,null,null,null
2023-09-09T01:31:01Z,28.17,59.18,99,0,31.02,101.51,85.00,964.00,null,null,null
2023-09-09T01:32:01Z,28.17,59.08,99,0,34.91,101.51,86.00,970.00,null,null,null
2023-09-09T01:33:01Z,28.17,59.03,99,0,42.99,101.51,83.00,949.00,0,0,0
2023-09-09T01:34:01Z,28.14,59.00,99,0,34.93,101.51,77.00,907.00,null,null,null
2023-09-09T01:35:01Z,28.15,59.08,99,0,41.34,101.50,72.00,877.00,null,null,null
2023-09-09T01:36:01Z,28.13,59.17,99,0,31.24,101.51,74.00,887.00,null,null,null
2023-09-09T01:37:01Z,28.14,59.10,99,0,35.74,101.51,74.00,887.00,null,null,null
2023-09-09T01:38:01Z,28.15,59.13,99,0,28.48,101.51,72.00,877.00,0,0,0
2023-09-09T01:39:01Z,28.13,59.15,99,0,29.05,101.51,67.00,846.00,null,null,null
2023-09-09T01:40:01Z,28.15,59.13,99,0,34.02,101.50,65.00,830.00,null,null,null
2023-09-09T01:41:01Z,28.13,59.22,99,0,30.49,101.50,65.00,830.00,null,null,null
2023-09-09T01:42:01Z,28.13,59.21,99,0,30.05,101.50,64.00,825.00,null,null,null
2023-09-09T01:43:01Z,28.11,59.26,99,0,36.67,101.50,65.00,830.00,0,0,0
2023-09-09T01:44:01Z,28.11,59.43,99,0,35.34,101.50,63.00,819.00,null,null,null
2023-09-09T01:45:01Z,28.13,59.60,99,0,41.57,101.50,65.00,830.00,null,null,null
2023-09-09T01:46:01Z,28.10,59.62,99,0,30.25,101.50,69.00,855.00,null,null,null
2023-09-09T01:47:01Z,28.11,59.52,99,0,38.31,101.50,74.00,887.00,null,null,null
2023-09-09T01:48:01Z,28.10,59.41,99,0,36.34,101.50,75.00,897.00,0,0,0
2023-09-09T01:49:01Z,28.10,59.62,99,0,36.77,101.50,75.00,897.00,null,null,null
2023-09-09T01:50:01Z,28.10,59.35,99,0,37.04,101.50,76.00,905.00,null,null,null
2023-09-09T01:51:01Z,28.10,59.48,99,0,29.23,101.50,80.00,927.00,null,null,null
2023-09-09T01:52:01Z,28.11,59.47,99,0,28.23,101.50,81.00,935.00,null,null,null
2023-09-09T01:53:01Z,28.10,59.36,99,0,37.10,101.50,81.00,935.00,0,0,0
2023-09-09T01:54:01Z,28.10,59.47,99,0,38.01,101.50,78.00,915.00,null,null,null
2023-09-09T01:55:01Z,28.10,59.41,99,0,34.00,101.50,80.00,927.00,null,null,null
2023-09-09T01:56:01Z,28.11,59.40,99,0,28.22,101.50,78.00,915.00,null,null,null
2023-09-09T01:57:01Z,28.11,59.15,99,0,36.41,101.50,76.00,905.00,null,null,null
2023-09-09T01:58:01Z,28.10,59.29,99,0,28.51,101.50,74.00,887.00,0,0,0
2023-09-09T01:59:01Z,28.08,59.22,99,0,36.58,101.50,69.00,855.00,null,null,null
2023-09-09T02:00:01Z,28.10,59.27,99,0,36.46,101.50,71.00,868.00,null,null,null
2023-09-09T02:01:01Z,28.08,59.50,99,0,27.87,101.50,72.00,877.00,null,null,null
2023-09-09T02:02:01Z,28.08,59.31,99,0,43.40,101.50,75.00,897.00,null,null,null
2023-09-09T02:03:01Z,28.06,59.41,99,0,36.95,101.50,75.00,897.00,0,0,0
2023-09-09T02:04:01Z,28.08,59.50,99,0,33.97,101.50,75.00,897.00,null,null,null
2023-09-09T02:05:01Z,28.10,59.47,99,0,35.30,101.50,74.00,887.00,null,null,null
2023-09-09T02:06:01Z,28.08,59.18,99,0,39.06,101.50,76.00,905.00,null,null,null
2023-09-09T02:07:01Z,28.10,59.26,99,0,37.09,101.50,78.00,915.00,null,null,null
2023-09-09T02:08:01Z,28.06,59.16,99,0,38.37,101.50,75.00,897.00,0,0,0
2023-09-09T02:09:01Z,28.07,59.26,99,0,31.28,101.50,74.00,887.00,null,null,null
2023-09-09T02:10:01Z,28.10,59.34,99,0,42.28,101.50,74.00,887.00,null,null,null
2023-09-09T02:11:01Z,28.11,59.04,99,0,33.63,101.50,74.00,887.00,null,null,null
2023-09-09T02:12:01Z,28.07,59.31,99,0,35.43,101.50,74.00,887.00,null,null,null
2023-09-09T02:13:01Z,28.07,59.23,99,0,32.13,101.50,74.00,887.00,0,0,0
2023-09-09T02:14:01Z,28.07,59.09,99,0,36.16,101.50,71.00,868.00,null,null,null
2023-09-09T02:15:01Z,28.07,59.18,99,0,42.93,101.51,69.00,857.00,null,null,null
2023-09-09T02:16:01Z,28.07,59.06,99,0,31.97,101.50,69.00,857.00,null,null,null
2023-09-09T02:17:01Z,28.08,59.32,99,0,37.59,101.50,69.00,857.00,null,null,null
2023-09-09T02:18:01Z,28.07,59.24,99,0,33.27,101.51,71.00,868.00,0,0,0
2023-09-09T02:19:01Z,28.06,59.33,99,0,32.50,101.51,74.00,887.00,null,null,null
2023-09-09T02:20:01Z,28.08,59.07,99,0,41.74,101.50,72.00,877.00,null,null,null
2023-09-09T02:21:01Z,28.07,59.26,99,0,29.46,101.50,74.00,887.00,null,null,null
2023-09-09T02:22:01Z,28.10,59.04,99,0,34.07,101.50,72.00,877.00,null,null,null
2023-09-09T02:23:01Z,28.08,59.16,99,0,31.09,101.50,71.00,868.00,0,0,0
2023-09-09T02:24:01Z,28.07,58.97,99,0,38.75,101.50,69.00,857.00,null,null,null
2023-09-09T02:25:01Z,28.07,59.24,99,0,28.31,101.50,69.00,857.00,null,null,null
2023-09-09T02:26:01Z,28.06,59.04,99,0,49.35,101.50,71.00,868.00,null,null,null
2023-09-09T02:27:01Z,28.04,59.07,99,0,32.34,101.50,74.00,887.00,null,null,null
2023-09-09T02:28:01Z,28.06,59.01,99,0,33.17,101.50,74.00,887.00,0,0,0
2023-09-09T02:29:01Z,28.06,58.97,99,0,28.54,101.50,71.00,868.00,null,null,null
2023-09-09T02:30:01Z,28.08,59.07,99,0,29.33,101.50,72.00,877.00,null,null,null
2023-09-09T02:31:01Z,28.06,59.01,99,0,36.19,101.50,71.00,868.00,null,null,null
2023-09-09T02:32:01Z,28.06,59.06,99,0,34.05,101.50,72.00,877.00,null,null,null
2023-09-09T02:33:01Z,28.07,58.73,99,0,25.59,101.50,72.00,877.00,0,0,0
2023-09-09T02:34:01Z,28.06,58.87,99,0,37.81,101.50,69.00,853.00,null,null,null
2023-09-09T02:35:01Z,28.04,58.94,99,0,32.10,101.50,66.00,838.00,null,null,null
2023-09-09T02:36:01Z,28.07,58.94,99,0,34.71,101.50,67.00,846.00,null,null,null
2023-09-09T02:37:01Z,28.07,59.08,99,0,32.62,101.50,67.00,846.00,null,null,null
2023-09-09T02:38:01Z,28.06,58.64,99,0,39.74,101.49,67.00,846.00,0,0,0
2023-09-09T02:39:01Z,28.04,58.80,99,0,31.35,101.49,65.00,832.00,null,null,null
2023-09-09T02:40:01Z,28.06,58.69,99,0,30.24,101.50,63.00,815.00,null,null,null
2023-09-09T02:41:01Z,28.07,58.75,99,0,42.04,101.50,64.00,821.00,null,null,null
2023-09-09T02:42:01Z,28.06,58.52,99,0,35.66,101.49,61.00,806.00,null,null,null
2023-09-09T02:43:01Z,28.03,58.73,99,0,39.13,101.49,60.00,798.00,0,0,0
2023-09-09T02:44:01Z,28.06,58.69,99,0,26.84,101.49,57.00,778.00,null,null,null
2023-09-09T02:45:01Z,28.06,58.54,99,0,37.28,101.49,59.00,791.00,null,null,null
2023-09-09T02:46:01Z,28.06,58.72,99,0,33.83,101.49,59.00,791.00,null,null,null
2023-09-09T02:47:01Z,28.03,58.54,99,0,32.45,101.49,61.00,806.00,null,null,null
2023-09-09T02:48:01Z,28.04,58.67,99,0,38.30,101.49,61.00,806.00,0,0,0
2023-09-09T02:49:01Z,28.04,58.58,99,0,40.56,101.49,60.00,798.00,null,null,null
2023-09-09T02:50:01Z,28.06,58.83,99,0,35.88,101.49,60.00,798.00,null,null,null
2023-09-09T02:51:01Z,28.03,58.56,99,0,27.47,101.49,63.00,815.00,null,null,null
2023-09-09T02:52:01Z,28.03,58.45,99,0,38.43,101.49,64.00,821.00,null,null,null
2023-09-09T02:53:01Z,28.04,58.64,99,0,42.85,101.49,64.00,821.00,0,0,0
2023-09-09T02:54:01Z,28.04,58.40,99,0,37.24,101.49,64.00,821.00,null,null,null
2023-09-09T02:55:01Z,28.04,58.42,99,0,29.82,101.49,64.00,821.00,null,null,null
2023-09-09T02:56:01Z,28.01,58.49,99,0,27.24,101.49,65.00,832.00,null,null,null
2023-09-09T02:57:01Z,28.04,58.52,99,0,30.74,101.49,64.00,821.00,null,null,null
2023-09-09T02:58:01Z,28.03,58.44,99,0,38.42,101.48,61.00,806.00,0,0,0
2023-09-09T02:59:01Z,28.06,58.45,99,0,31.38,101.49,57.00,778.00,null,null,null
2023-09-09T03:00:01Z,28.04,58.46,99,0,29.37,101.48,61.00,806.00,null,null,null
2023-09-09T03:01:01Z,28.01,58.46,99,0,34.59,101.48,60.00,798.00,null,null,null
2023-09-09T03:02:01Z,28.01,58.45,99,0,31.87,101.49,61.00,806.00,null,null,null
2023-09-09T03:03:01Z,28.03,58.29,99,0,40.53,101.48,60.00,798.00,0,0,0
2023-09-09T03:04:01Z,28.04,58.35,99,0,36.57,101.48,59.00,791.00,null,null,null
2023-09-09T03:05:01Z,28.06,58.26,99,0,36.26,101.48,60.00,798.00,null,null,null
2023-09-09T03:06:01Z,28.01,58.44,99,0,37.28,101.48,60.00,798.00,null,null,null
2023-09-09T03:07:01Z,28.00,58.55,99,0,29.31,101.48,60.00,798.00,null,null,null
2023-09-09T03:08:01Z,28.01,58.45,99,0,29.09,101.48,61.00,806.00,0,0,0
2023-09-09T03:09:01Z,28.03,58.43,99,0,29.23,101.48,59.00,791.00,null,null,null
2023-09-09T03:10:01Z,28.03,58.26,99,0,30.50,101.47,60.00,798.00,null,null,null
2023-09-09T03:11:01Z,28.01,58.27,99,0,28.31,101.47,59.00,791.00,null,null,null
2023-09-09T03:12:01Z,28.03,58.28,99,0,33.67,101.47,57.00,778.00,null,null,null
2023-09-09T03:13:01Z,28.01,58.17,99,0,37.74,101.47,55.00,763.00,0,0,0
2023-09-09T03:14:01Z,28.00,58.12,99,0,29.72,101.47,56.00,768.00,null,null,null
2023-09-09T03:15:01Z,28.00,58.21,99,0,35.20,101.47,53.00,754.00,null,null,null
2023-09-09T03:16:01Z,28.01,58.20,99,0,69.09,101.47,56.00,768.00,null,null,null
2023-09-09T03:17:01Z,28.00,58.11,99,0,39.05,101.47,56.00,768.00,null,null,null
2023-09-09T03:18:01Z,28.00,58.21,99,0,34.97,101.47,52.00,746.00,0,0,0
2023-09-09T03:19:01Z,28.01,58.42,99,0,33.73,101.47,52.00,746.00,null,null,null
2023-09-09T03:20:01Z,28.01,58.21,99,0,28.98,101.47,54.00,759.00,null,null,null
2023-09-09T03:21:01Z,28.00,58.04,99,0,32.48,101.47,53.00,754.00,null,null,null
2023-09-09T03:22:01Z,28.00,58.11,99,0,41.77,101.47,50.00,733.00,null,null,null
2023-09-09T03:23:01Z,28.00,58.08,99,0,35.67,101.46,52.00,742.00,0,0,0
2023-09-09T03:24:01Z,28.01,58.08,99,0,26.50,101.47,52.00,742.00,null,null,null
2023-09-09T03:25:01Z,28.03,58.03,99,0,32.36,101.46,52.00,746.00,null,null,null
2023-09-09T03:26:01Z,28.00,57.94,99,0,29.83,101.46,52.00,746.00,null,null,null
2023-09-09T03:27:01Z,28.00,58.02,99,0,32.21,101.47,53.00,754.00,null,null,null
2023-09-09T03:28:01Z,27.97,58.14,99,0,27.42,101.47,53.00,754.00,0,0,0
2023-09-09T03:29:01Z,28.00,58.17,99,0,29.25,101.46,56.00,768.00,null,null,null
2023-09-09T03:30:01Z,28.00,57.98,99,0,31.54,101.46,56.00,772.00,null,null,null
2023-09-09T03:31:01Z,27.98,58.28,99,0,38.46,101.46,57.00,780.00,null,null,null
2023-09-09T03:32:01Z,27.98,58.05,99,0,28.44,101.46,57.00,778.00,null,null,null
2023-09-09T03:33:01Z,27.98,58.14,99,0,34.91,101.46,60.00,800.00,0,0,0
2023-09-09T03:34:01Z,28.00,58.04,99,0,35.35,101.46,58.00,787.00,null,null,null
2023-09-09T03:35:01Z,28.00,57.97,99,0,31.97,101.46,58.00,787.00,null,null,null
2023-09-09T03:36:01Z,28.00,58.21,99,0,29.99,101.46,57.00,780.00,null,null,null
2023-09-09T03:37:01Z,28.00,58.03,99,0,32.33,101.46,57.00,780.00,null,null,null
2023-09-09T03:38:01Z,27.97,57.99,99,0,34.72,101.46,57.00,780.00,0,0,0
2023-09-09T03:39:01Z,27.98,58.03,99,0,36.54,101.46,56.00,772.00,null,null,null
2023-09-09T03:40:01Z,28.00,58.04,99,0,29.16,101.46,56.00,772.00,null,null,null
2023-09-09T03:41:01Z,28.00,58.17,99,0,29.62,101.46,57.00,780.00,null,null,null
2023-09-09T03:42:01Z,27.97,58.05,99,0,36.27,101.46,57.00,780.00,null,null,null
2023-09-09T03:43:01Z,28.00,58.02,99,0,30.11,101.46,57.00,780.00,0,0,0
2023-09-09T03:44:01Z,27.98,58.09,99,0,37.78,101.46,56.00,772.00,null,null,null
2023-09-09T03:45:01Z,27.98,58.07,99,0,38.07,101.46,57.00,780.00,null,null,null
2023-09-09T03:46:01Z,27.97,58.05,99,0,28.83,101.46,58.00,787.00,null,null,null
2023-09-09T03:47:01Z,27.97,58.14,99,0,37.88,101.46,57.00,780.00,null,null,null
2023-09-09T03:48:01Z,27.97,58.14,99,0,33.83,101.46,57.00,780.00,0,0,0
2023-09-09T03:49:01Z,27.98,58.14,99,0,29.67,101.46,57.00,780.00,null,null,null
2023-09-09T03:50:01Z,28.00,58.14,99,0,29.41,101.45,58.00,787.00,null,null,null
2023-09-09T03:51:01Z,27.98,58.16,99,0,27.73,101.46,58.00,787.00,null,null,null
2023-09-09T03:52:01Z,27.97,58.19,99,0,25.70,101.46,62.00,808.00,null,null,null
2023-09-09T03:53:01Z,27.98,58.20,99,0,25.95,101.45,63.00,815.00,0,0,0
2023-09-09T03:54:01Z,28.00,58.21,99,0,28.51,101.45,62.00,808.00,null,null,null
2023-09-09T03:55:01Z,27.97,58.24,99,0,31.69,101.45,63.00,815.00,null,null,null
2023-09-09T03:56:01Z,27.97,58.23,99,0,36.83,101.45,66.00,834.00,null,null,null
2023-09-09T03:57:01Z,27.98,58.24,99,0,28.66,101.45,67.00,844.00,null,null,null
2023-09-09T03:58:01Z,27.97,58.21,99,0,35.63,101.46,67.00,844.00,0,0,0
2023-09-09T03:59:01Z,28.00,58.25,99,0,48.31,101.46,66.00,834.00,null,null,null
2023-09-09T04:00:01Z,27.98,58.19,99,0,33.80,101.46,64.00,825.00,null,null,null
2023-09-09T04:01:01Z,27.97,58.25,99,0,30.30,101.45,67.00,844.00,null,null,null
2023-09-09T04:02:01Z,27.98,58.21,99,0,34.90,101.46,67.00,840.00,null,null,null
2023-09-09T04:03:01Z,27.96,58.24,99,0,29.96,101.45,67.00,844.00,0,0,0
2023-09-09T04:04:01Z,27.97,58.25,99,0,41.29,101.45,67.00,844.00,null,null,null
2023-09-09T04:05:01Z,27.97,58.30,99,0,25.79,101.45,66.00,834.00,null,null,null
2023-09-09T04:06:01Z,27.97,58.24,99,0,29.89,101.45,67.00,840.00,null,null,null
2023-09-09T04:07:01Z,27.96,58.25,99,0,30.86,101.45,68.00,851.00,null,null,null
2023-09-09T04:08:01Z,27.96,58.33,99,0,39.30,101.46,68.00,851.00,0,0,0
2023-09-09T04:09:01Z,27.97,58.27,99,0,35.82,101.46,66.00,834.00,null,null,null
2023-09-09T04:10:01Z,27.97,58.26,99,0,36.46,101.46,67.00,840.00,null,null,null
2023-09-09T04:11:01Z,27.98,58.29,99,0,24.27,101.46,67.00,840.00,null,null,null
2023-09-09T04:12:01Z,27.94,58.34,99,0,43.86,101.45,68.00,851.00,null,null,null
2023-09-09T04:13:01Z,27.97,58.28,99,0,32.54,101.45,68.00,851.00,0,0,0
2023-09-09T04:14:01Z,27.98,58.25,99,0,27.40,101.45,70.00,865.00,null,null,null
2023-09-09T04:15:01Z,27.93,58.37,99,0,30.68,101.46,70.00,865.00,null,null,null
2023-09-09T04:16:01Z,27.97,58.27,99,0,43.74,101.46,73.00,882.00,null,null,null
2023-09-09T04:17:01Z,27.97,58.28,99,0,35.59,101.46,71.00,872.00,null,null,null
2023-09-09T04:18:01Z,27.96,58.26,99,0,32.49,101.45,73.00,882.00,0,0,0
2023-09-09T04:19:01Z,27.98,58.39,99,0,31.13,101.45,71.00,872.00,null,null,null
2023-09-09T04:20:01Z,27.98,58.29,99,0,38.05,101.46,73.00,882.00,null,null,null
2023-09-09T04:21:01Z,27.96,58.29,99,0,34.49,101.45,73.00,882.00,null,null,null
2023-09-09T04:22:01Z,27.97,58.32,99,0,34.78,101.46,74.00,891.00,null,null,null
2023-09-09T04:23:01Z,27.97,58.59,99,0,28.44,101.46,78.00,913.00,0,0,0
2023-09-09T04:24:01Z,27.94,58.30,99,0,34.95,101.46,75.00,897.00,null,null,null
2023-09-09T04:25:01Z,27.98,58.31,99,0,31.79,101.46,75.00,897.00,null,null,null
2023-09-09T04:26:01Z,27.96,58.36,99,0,30.79,101.47,75.00,897.00,null,null,null
2023-09-09T04:27:01Z,27.97,58.32,99,0,44.77,101.47,75.00,897.00,null,null,null
2023-09-09T04:28:01Z,27.96,58.31,99,0,24.65,101.47,75.00,897.00,0,0,0
2023-09-09T04:29:01Z,27.98,58.29,99,0,41.16,101.47,74.00,891.00,null,null,null
2023-09-09T04:30:01Z,27.94,58.35,99,0,30.79,101.48,75.00,897.00,null,null,null
2023-09-09T04:31:01Z,27.96,58.31,99,0,28.31,101.47,75.00,897.00,null,null,null
2023-09-09T04:32:01Z,27.94,58.35,99,0,40.52,101.47,75.00,897.00,null,null,null
2023-09-09T04:33:01Z,27.94,58.41,99,0,46.61,101.48,75.00,897.00,0,0,0
2023-09-09T04:34:01Z,27.96,58.22,99,0,39.13,101.47,73.00,882.00,null,null,null
2023-09-09T04:35:01Z,27.94,58.17,99,0,27.84,101.48,73.00,882.00,null,null,null
2023-09-09T04:36:01Z,27.96,58.22,99,0,27.47,101.47,73.00,882.00,null,null,null
2023-09-09T04:37:01Z,27.94,58.17,99,0,26.82,101.48,72.00,874.00,null,null,null
2023-09-09T04:38:01Z,27.93,58.11,99,0,27.94,101.47,72.00,874.00,0,0,0
2023-09-09T04:39:01Z,27.96,58.15,99,0,40.05,101.48,68.00,851.00,null,null,null
2023-09-09T04:40:01Z,27.93,58.08,99,0,28.95,101.48,68.00,851.00,null,null,null
2023-09-09T04:41:01Z,27.93,58.09,99,0,39.47,101.48,68.00,851.00,null,null,null
2023-09-09T04:42:01Z,27.93,58.08,99,0,42.68,101.47,68.00,851.00,null,null,null
2023-09-09T04:43:01Z,27.94,58.07,99,0,32.78,101.48,70.00,863.00,0,0,0
2023-09-09T04:44:01Z,27.90,58.04,99,0,33.59,101.48,66.00,834.00,null,null,null
2023-09-09T04:45:01Z,27.92,58.04,99,0,35.72,101.48,66.00,834.00,null,null,null
2023-09-09T04:46:01Z,27.90,58.05,99,0,30.78,101.47,66.00,834.00,null,null,null
2023-09-09T04:47:01Z,27.90,58.04,99,0,39.28,101.48,66.00,834.00,null,null,null
2023-09-09T04:48:01Z,27.92,58.09,99,0,25.87,101.48,64.00,825.00,0,0,0
2023-09-09T04:49:01Z,27.90,58.11,99,0,29.86,101.47,63.00,815.00,null,null,null
2023-09-09T04:50:01Z,27.93,58.10,99,0,34.73,101.47,62.00,808.00,null,null,null
2023-09-09T04:51:01Z,27.90,58.08,99,0,42.07,101.47,63.00,815.00,null,null,null
2023-09-09T04:52:01Z,27.89,58.23,99,0,52.68,101.47,66.00,834.00,null,null,null
2023-09-09T04:53:01Z,27.90,58.18,99,0,34.01,101.48,67.00,844.00,0,0,0
2023-09-09T04:54:01Z,27.89,58.17,99,0,35.74,101.47,66.00,834.00,null,null,null
2023-09-09T04:55:01Z,27.87,58.17,99,0,31.34,101.47,66.00,834.00,null,null,null
2023-09-09T04:56:01Z,27.90,58.15,99,0,31.66,101.47,66.00,834.00,null,null,null
2023-09-09T04:57:01Z,27.90,58.15,99,0,40.94,101.47,66.00,834.00,null,null,null
2023-09-09T04:58:01Z,27.89,58.19,99,0,32.81,101.47,64.00,825.00,0,0,0
2023-09-09T04:59:01Z,27.90,58.18,99,0,30.61,101.47,64.00,825.00,null,null,null
2023-09-09T05:00:01Z,27.90,58.14,99,0,35.11,101.47,67.00,844.00,null,null,null
2023-09-09T05:01:01Z,27.87,58.18,99,0,35.45,101.47,67.00,844.00,null,null,null
2023-09-09T05:02:01Z,27.89,58.12,99,0,32.64,101.47,68.00,851.00,null,null,null
2023-09-09T05:03:01Z,27.90,58.24,99,0,34.27,101.47,68.00,851.00,0,0,0
2023-09-09T05:04:01Z,27.87,58.31,99,0,30.08,101.47,66.00,834.00,null,null,null
2023-09-09T05:05:01Z,27.89,58.11,99,0,32.60,101.48,67.00,840.00,null,null,null
2023-09-09T05:06:01Z,27.89,58.20,99,0,35.66,101.47,67.00,844.00,null,null,null
2023-09-09T05:07:01Z,27.89,58.14,99,0,37.88,101.48,70.00,863.00,null,null,null
2023-09-09T05:08:01Z,27.87,58.10,99,0,36.88,101.48,72.00,874.00,0,0,0
2023-09-09T05:09:01Z,27.89,58.12,99,0,36.99,101.47,68.00,851.00,null,null,null
2023-09-09T05:10:01Z,27.89,58.18,99,0,38.29,101.48,68.00,851.00,null,null,null
2023-09-09T05:11:01Z,27.87,58.06,99,0,34.43,101.48,68.00,851.00,null,null,null
2023-09-09T05:12:01Z,27.89,58.14,99,0,37.10,101.47,70.00,863.00,null,null,null
2023-09-09T05:13:01Z,27.87,58.12,99,0,33.05,101.48,72.00,874.00,0,0,0
2023-09-09T05:14:01Z,27.86,58.09,99,0,39.60,101.48,72.00,874.00,null,null,null
2023-09-09T05:15:01Z,27.87,58.18,99,0,37.14,101.48,70.00,863.00,null,null,null
2023-09-09T05:16:01Z,27.84,58.06,99,0,39.63,101.47,70.00,863.00,null,null,null
2023-09-09T05:17:01Z,27.86,58.08,99,0,44.02,101.47,68.00,851.00,null,null,null
2023-09-09T05:18:01Z,27.83,58.04,99,0,36.44,101.48,67.00,844.00,0,0,0
2023-09-09T05:19:01Z,27.84,58.05,99,0,34.88,101.47,67.00,844.00,null,null,null
2023-09-09T05:20:01Z,27.89,58.07,99,0,30.35,101.47,67.00,844.00,null,null,null
2023-09-09T05:21:01Z,27.87,58.09,99,0,38.76,101.48,67.00,844.00,null,null,null
2023-09-09T05:22:01Z,27.86,58.00,99,0,28.25,101.48,67.00,844.00,null,null,null
2023-09-09T05:23:01Z,27.84,58.02,99,0,29.11,101.48,67.00,844.00,0,0,0
2023-09-09T05:24:01Z,27.84,58.24,99,0,40.18,101.48,66.00,834.00,null,null,null
2023-09-09T05:25:01Z,27.82,57.95,99,0,34.44,101.48,64.00,825.00,null,null,null
2023-09-09T05:26:01Z,27.84,57.95,99,0,31.13,101.48,66.00,834.00,null,null,null
2023-09-09T05:27:01Z,27.84,58.01,99,0,35.67,101.48,66.00,834.00,null,null,null
2023-09-09T05:28:01Z,27.86,57.98,99,0,35.66,101.48,66.00,834.00,0,0,0
2023-09-09T05:29:01Z,27.83,58.06,99,0,31.57,101.48,63.00,815.00,null,null,null
2023-09-09T05:30:01Z,27.83,57.89,99,0,30.88,101.48,63.00,815.00,null,null,null
2023-09-09T05:31:01Z,27.84,58.04,99,0,29.80,101.48,63.00,815.00,null,null,null
2023-09-09T05:32:01Z,27.83,58.03,99,0,40.02,101.48,66.00,834.00,null,null,null
2023-09-09T05:33:01Z,27.83,57.99,99,0,37.19,101.48,66.00,834.00,0,0,0
2023-09-09T05:34:01Z,27.83,58.07,99,0,43.20,101.49,64.00,825.00,null,null,null
2023-09-09T05:35:01Z,27.82,57.88,99,0,35.91,101.49,66.00,834.00,null,null,null
2023-09-09T05:36:01Z,27.83,58.09,99,0,33.78,101.49,66.00,834.00,null,null,null
2023-09-09T05:37:01Z,27.78,58.25,99,0,31.50,101.49,67.00,844.00,null,null,null
2023-09-09T05:38:01Z,27.82,58.08,99,0,38.30,101.49,68.00,851.00,0,0,0
2023-09-09T05:39:01Z,27.80,57.92,99,0,39.06,101.49,68.00,851.00,null,null,null
2023-09-09T05:40:01Z,27.83,57.97,99,0,31.07,101.50,68.00,851.00,null,null,null
2023-09-09T05:41:01Z,27.80,58.14,99,0,31.77,101.50,70.00,863.00,null,null,null
2023-09-09T05:42:01Z,27.80,58.13,99,0,31.04,101.50,72.00,874.00,null,null,null
2023-09-09T05:43:01Z,27.82,58.05,99,0,33.51,101.50,72.00,874.00,0,0,0
2023-09-09T05:44:01Z,27.80,57.93,99,0,35.20,101.50,70.00,863.00,null,null,null
2023-09-09T05:45:01Z,27.78,57.94,99,0,44.76,101.51,70.00,863.00,null,null,null
2023-09-09T05:46:01Z,27.76,57.80,99,0,38.90,101.50,72.00,874.00,null,null,null
2023-09-09T05:47:01Z,27.78,58.04,99,0,37.70,101.51,70.00,863.00,null,null,null
2023-09-09T05:48:01Z,27.78,57.80,99,0,35.63,101.50,68.00,851.00,0,0,0
2023-09-09T05:49:01Z,27.78,57.81,99,0,42.16,101.51,66.00,834.00,null,null,null
2023-09-09T05:50:01Z,27.77,57.91,99,0,29.64,101.51,67.00,844.00,null,null,null
2023-09-09T05:51:01Z,27.78,57.82,99,0,48.62,101.51,67.00,844.00,null,null,null
2023-09-09T05:52:01Z,27.77,57.82,99,0,30.12,101.51,67.00,844.00,null,null,null
2023-09-09T05:53:01Z,27.77,57.84,99,0,39.71,101.50,67.00,844.00,0,0,0
2023-09-09T05:54:01Z,27.77,57.79,99,0,29.79,101.50,67.00,844.00,null,null,null
2023-09-09T05:55:01Z,27.80,57.77,99,0,30.78,101.51,67.00,844.00,null,null,null
2023-09-09T05:56:01Z,27.77,57.77,99,0,34.21,101.51,66.00,834.00,null,null,null
2023-09-09T05:57:01Z,27.77,57.75,99,0,32.92,101.51,66.00,834.00,null,null,null
2023-09-09T05:58:01Z,27.76,57.69,99,0,37.81,101.51,66.00,834.00,0,0,0
2023-09-09T05:59:01Z,27.78,57.72,99,0,35.06,101.51,64.00,825.00,null,null,null
2023-09-09T06:00:01Z,27.76,57.69,99,0,40.67,101.51,66.00,834.00,null,null,null
2023-09-09T06:01:01Z,27.76,57.67,99,0,31.29,101.52,64.00,825.00,null,null,null
2023-09-09T06:02:01Z,27.74,57.68,99,1,32.94,101.52,64.00,825.00,null,null,null
2023-09-09T06:03:01Z,27.74,57.80,99,1,42.85,101.52,76.00,900.00,0,0,0
2023-09-09T06:04:01Z,27.74,57.71,99,1,33.11,101.52,74.00,889.00,null,null,null
2023-09-09T06:05:01Z,27.76,57.72,99,1,42.67,101.53,77.00,909.00,null,null,null
2023-09-09T06:06:01Z,27.74,58.01,99,1,35.92,101.52,69.00,853.00,null,null,null
2023-09-09T06:07:01Z,27.74,58.12,99,1,33.63,101.53,78.00,918.00,null,null,null
2023-09-09T06:08:01Z,27.74,57.82,99,1,37.41,101.53,80.00,927.00,0,0,0
2023-09-09T06:09:01Z,27.74,57.73,99,1,42.90,101.53,78.00,918.00,null,null,null
2023-09-09T06:10:01Z,27.74,57.91,99,2,42.93,101.53,84.00,954.00,null,null,null
2023-09-09T06:11:01Z,27.74,57.68,99,2,44.80,101.53,82.00,942.00,null,null,null
2023-09-09T06:12:01Z,27.76,57.73,99,2,28.34,101.53,87.00,972.00,null,null,null
2023-09-09T06:13:01Z,27.76,57.66,99,2,33.50,101.53,76.00,902.00,0,0,0
2023-09-09T06:14:01Z,27.72,57.62,99,2,39.50,101.53,74.00,891.00,null,null,null
2023-09-09T06:15:01Z,27.76,57.70,99,3,45.63,101.53,87.00,972.00,null,null,null
2023-09-09T06:16:01Z,27.73,57.96,99,2,40.75,101.54,78.00,918.00,null,null,null
2023-09-09T06:17:01Z,27.72,57.65,99,2,41.20,101.54,87.00,977.00,null,null,null
2023-09-09T06:18:01Z,27.74,57.82,99,2,35.32,101.54,89.00,990.00,0,0,0
2023-09-09T06:19:01Z,27.74,57.69,99,2,35.95,101.54,87.00,972.00,null,null,null
2023-09-09T06:20:01Z,27.73,57.54,99,3,45.39,101.54,87.00,972.00,null,null,null
2023-09-09T06:21:01Z,27.72,57.33,99,3,39.31,101.54,87.00,972.00,null,null,null
2023-09-09T06:22:01Z,27.72,57.28,99,3,39.67,101.54,84.00,954.00,null,null,null
2023-09-09T06:23:01Z,27.72,57.30,99,3,41.44,101.54,82.00,940.00,0,0,0
2023-09-09T06:24:01Z,27.73,57.20,99,3,41.19,101.54,79.00,920.00,null,null,null
2023-09-09T06:25:01Z,27.73,57.22,99,3,32.21,101.54,79.00,920.00,null,null,null
2023-09-09T06:26:01Z,27.70,57.09,99,3,35.19,101.54,76.00,900.00,null,null,null
2023-09-09T06:27:01Z,27.73,57.15,99,3,34.62,101.53,76.00,900.00,null,null,null
2023-09-09T06:28:01Z,27.72,57.06,99,3,41.47,101.54,73.00,882.00,0,0,0
2023-09-09T06:29:01Z,27.72,57.05,99,3,32.17,101.53,71.00,870.00,null,null,null
2023-09-09T06:30:01Z,27.70,57.01,99,2,36.04,101.53,73.00,882.00,null,null,null
2023-09-09T06:31:01Z,27.69,56.97,99,3,37.80,101.53,73.00,882.00,null,null,null
2023-09-09T06:32:01Z,27.69,57.00,99,3,44.34,101.53,73.00,882.00,null,null,null
2023-09-09T06:33:01Z,27.70,57.01,99,3,49.84,101.53,73.00,882.00,0,0,0
2023-09-09T06:34:01Z,27.67,57.05,99,4,35.17,101.53,71.00,870.00,null,null,null
2023-09-09T06:35:01Z,27.69,57.02,99,4,29.62,101.53,71.00,870.00,null,null,null
2023-09-09T06:36:01Z,27.72,57.05,99,4,44.92,101.52,74.00,891.00,null,null,null
2023-09-09T06:37:01Z,27.70,57.13,99,4,38.55,101.53,77.00,909.00,null,null,null
2023-09-09T06:38:01Z,27.69,57.11,99,5,41.12,101.53,80.00,930.00,0,0,0
2023-09-09T06:39:01Z,27.70,57.10,99,5,45.66,101.53,80.00,930.00,null,null,null
2023-09-09T06:40:01Z,27.67,57.11,99,4,36.29,101.52,83.00,951.00,null,null,null
2023-09-09T06:41:01Z,27.69,57.11,99,4,37.12,101.53,87.00,972.00,null,null,null
2023-09-09T06:42:01Z,27.67,57.12,99,4,42.05,101.54,88.00,983.00,null,null,null
2023-09-09T06:43:01Z,27.66,57.20,99,4,34.09,101.53,91.00,1001.00,0,0,0
2023-09-09T06:44:01Z,27.72,57.15,99,5,40.65,101.53,93.00,1017.00,null,null,null
2023-09-09T06:45:01Z,27.69,57.45,99,5,39.14,101.54,93.00,1017.00,null,null,null
2023-09-09T06:46:01Z,27.70,57.47,99,5,35.45,101.54,96.00,1035.00,null,null,null
2023-09-09T06:47:01Z,27.72,57.52,99,6,38.59,101.54,100.00,1060.00,null,null,null
2023-09-09T06:48:01Z,27.70,57.44,99,6,49.08,101.54,102.00,1071.00,0,0,0
2023-09-09T06:49:01Z,27.67,57.15,99,6,31.09,101.55,102.00,1071.00,null,null,null
2023-09-09T06:50:01Z,27.69,57.15,99,6,35.78,101.55,105.00,1090.00,null,null,null
2023-09-09T06:51:01Z,27.69,57.28,99,6,41.06,101.55,106.00,1102.00,null,null,null
2023-09-09T06:52:01Z,27.69,57.06,99,6,41.85,101.55,105.00,1090.00,null,null,null
2023-09-09T06:53:01Z,27.67,57.14,99,6,37.58,101.55,106.00,1102.00,0,0,0
2023-09-09T06:54:01Z,27.70,57.00,99,6,25.73,101.55,105.00,1090.00,null,null,null
2023-09-09T06:55:01Z,27.72,57.21,99,6,35.14,101.55,105.00,1090.00,null,null,null
2023-09-09T06:56:01Z,27.72,57.02,99,6,37.57,101.55,105.00,1090.00,null,null,null
2023-09-09T06:57:01Z,27.70,57.26,99,6,39.51,101.55,106.00,1102.00,null,null,null
2023-09-09T06:58:01Z,27.67,57.11,99,6,37.46,101.55,107.00,1107.00,0,0,0
2023-09-09T06:59:01Z,27.72,56.96,99,6,35.45,101.55,106.00,1102.00,null,null,null
2023-09-09T07:00:01Z,27.70,57.08,99,6,42.10,101.54,104.00,1083.00,null,null,null
2023-09-09T07:01:01Z,27.69,57.02,99,7,38.54,101.55,105.00,1090.00,null,null,null
2023-09-09T07:02:01Z,27.70,57.13,99,7,47.26,101.55,105.00,1090.00,null,null,null
2023-09-09T07:03:01Z,27.69,57.14,99,7,44.51,101.55,105.00,1090.00,0,0,0
2023-09-09T07:04:01Z,27.69,57.13,99,7,32.51,101.54,104.00,1083.00,null,null,null
2023-09-09T07:05:01Z,27.69,57.12,99,6,39.00,101.55,105.00,1090.00,null,null,null
2023-09-09T07:06:01Z,27.70,57.27,99,7,38.75,101.55,104.00,1083.00,null,null,null
2023-09-09T07:07:01Z,27.70,57.54,99,6,31.38,101.54,102.00,1071.00,null,null,null
2023-09-09T07:08:01Z,27.69,57.16,99,7,43.07,101.54,103.00,1077.00,0,0,0
2023-09-09T07:09:01Z,27.69,57.30,99,7,35.88,101.54,102.00,1071.00,null,null,null
2023-09-09T07:10:01Z,27.69,57.27,99,7,29.07,101.54,100.00,1060.00,null,null,null
2023-09-09T07:11:01Z,27.67,57.31,99,7,37.24,101.54,97.00,1041.00,null,null,null
2023-09-09T07:12:01Z,27.69,57.25,99,8,30.61,101.54,97.00,1041.00,null,null,null
2023-09-09T07:13:01Z,27.67,57.10,99,8,32.22,101.54,93.00,1017.00,0,0,0
2023-09-09T07:14:01Z,27.69,57.06,99,8,43.12,101.54,93.00,1017.00,null,null,null
2023-09-09T07:15:01Z,27.69,56.94,99,8,47.56,101.54,88.00,983.00,null,null,null
2023-09-09T07:16:01Z,27.70,56.93,99,8,31.06,101.54,85.00,964.00,null,null,null
2023-09-09T07:17:01Z,27.67,56.92,99,8,41.81,101.54,83.00,951.00,null,null,null
2023-09-09T07:18:01Z,27.69,56.94,99,8,36.85,101.54,79.00,920.00,0,0,0
2023-09-09T07:19:01Z,27.69,56.96,99,9,33.52,101.54,76.00,900.00,null,null,null
2023-09-09T07:20:01Z,27.69,56.80,99,8,46.24,101.54,76.00,900.00,null,null,null
2023-09-09T07:21:01Z,27.67,56.86,99,9,44.17,101.54,73.00,882.00,null,null,null
2023-09-09T07:22:01Z,27.69,56.82,99,8,41.16,101.54,71.00,870.00,null,null,null
2023-09-09T07:23:01Z,27.65,56.89,99,9,43.29,101.55,70.00,863.00,0,0,0
2023-09-09T07:24:01Z,27.66,56.79,99,8,37.69,101.54,67.00,846.00,null,null,null
2023-09-09T07:25:01Z,27.67,56.82,99,8,28.70,101.54,65.00,832.00,null,null,null
2023-09-09T07:26:01Z,27.66,56.73,99,8,37.84,101.55,67.00,846.00,null,null,null
2023-09-09T07:27:01Z,27.67,56.79,99,8,42.09,101.55,66.00,838.00,null,null,null
2023-09-09T07:28:01Z,27.66,56.74,99,8,39.75,101.55,64.00,821.00,0,0,0
2023-09-09T07:29:01Z,27.67,56.77,99,8,44.70,101.54,62.00,808.00,null,null,null
2023-09-09T07:30:01Z,27.66,56.68,99,8,42.85,101.55,61.00,802.00,null,null,null
2023-09-09T07:31:01Z,27.67,56.79,99,8,43.31,101.54,60.00,798.00,null,null,null
2023-09-09T07:32:01Z,27.65,56.76,99,8,42.09,101.55,58.00,783.00,null,null,null
2023-09-09T07:33:01Z,27.67,56.73,99,8,43.67,101.54,56.00,774.00,0,0,0
2023-09-09T07:34:01Z,27.66,56.78,99,7,43.31,101.55,55.00,763.00,null,null,null
2023-09-09T07:35:01Z,27.67,56.90,99,8,40.96,101.54,53.00,749.00,null,null,null
2023-09-09T07:36:01Z,27.66,56.72,99,8,39.20,101.55,56.00,768.00,null,null,null
2023-09-09T07:37:01Z,27.66,56.72,99,8,35.85,101.55,56.00,774.00,null,null,null
2023-09-09T07:38:01Z,27.66,56.73,99,8,38.67,101.55,56.00,774.00,0,0,0
2023-09-09T07:39:01Z,27.66,56.77,99,8,39.00,101.55,55.00,763.00,null,null,null
2023-09-09T07:40:01Z,27.66,56.72,99,8,45.56,101.55,54.00,757.00,null,null,null
2023-09-09T07:41:01Z,27.67,56.78,99,8,36.55,101.55,56.00,774.00,null,null,null
2023-09-09T07:42:01Z,27.67,56.78,99,8,40.54,101.55,56.00,768.00,null,null,null
2023-09-09T07:43:01Z,27.66,56.94,99,7,42.03,101.55,56.00,768.00,0,0,0
2023-09-09T07:44:01Z,27.65,56.86,99,7,40.32,101.55,56.00,768.00,null,null,null
2023-09-09T07:45:01Z,27.66,56.78,99,7,37.26,101.55,56.00,768.00,null,null,null
2023-09-09T07:46:01Z,27.67,56.77,99,7,40.32,101.55,56.00,768.00,null,null,null
2023-09-09T07:47:01Z,27.66,56.77,99,7,33.33,101.55,56.00,774.00,null,null,null
2023-09-09T07:48:01Z,27.65,56.79,99,7,40.71,101.55,54.00,757.00,0,0,0
2023-09-09T07:49:01Z,27.65,56.73,99,7,37.80,101.55,52.00,742.00,null,null,null
2023-09-09T07:50:01Z,27.66,56.64,99,7,31.51,101.55,52.00,744.00,null,null,null
2023-09-09T07:51:01Z,27.66,56.70,99,7,36.55,101.55,52.00,744.00,null,null,null
2023-09-09T07:52:01Z,27.66,56.62,99,7,37.00,101.55,52.00,744.00,null,null,null
2023-09-09T07:53:01Z,27.67,56.63,99,7,42.36,101.55,53.00,748.00,0,0,0
2023-09-09T07:54:01Z,27.67,56.61,99,7,38.21,101.55,50.00,730.00,null,null,null
2023-09-09T07:55:01Z,27.67,56.56,99,7,29.54,101.54,48.00,717.00,null,null,null
2023-09-09T07:56:01Z,27.69,56.59,99,7,31.82,101.54,48.00,717.00,null,null,null
2023-09-09T07:57:01Z,27.66,56.58,99,7,34.87,101.54,47.00,712.00,null,null,null
2023-09-09T07:58:01Z,27.66,56.55,99,6,45.48,101.54,47.00,712.00,0,0,0
2023-09-09T07:59:01Z,27.69,56.55,99,6,38.35,101.54,47.00,712.00,null,null,null
2023-09-09T08:00:01Z,27.66,56.55,99,6,39.39,101.55,47.00,712.00,null,null,null
2023-09-09T08:01:01Z,27.66,56.48,99,6,37.54,101.55,47.00,712.00,null,null,null
2023-09-09T08:02:01Z,27.69,56.49,99,6,35.12,101.55,47.00,712.00,null,null,null
2023-09-09T08:03:01Z,27.69,56.49,99,6,32.65,101.55,47.00,712.00,0,0,0
2023-09-09T08:04:01Z,27.67,56.49,99,6,46.79,101.55,43.00,688.00,null,null,null
2023-09-09T08:05:01Z,27.66,56.39,99,6,41.10,101.55,46.00,704.00,null,null,null
2023-09-09T08:06:01Z,27.70,56.38,99,6,41.25,101.55,43.00,688.00,null,null,null
2023-09-09T08:07:01Z,27.70,56.38,99,6,39.46,101.55,45.00,697.00,null,null,null
2023-09-09T08:08:01Z,27.66,56.44,99,6,45.66,101.56,43.00,683.00,0,0,0
2023-09-09T08:09:01Z,27.67,56.39,99,6,41.16,101.55,41.00,675.00,null,null,null
2023-09-09T08:10:01Z,27.67,56.37,99,6,35.08,101.55,43.00,683.00,null,null,null
2023-09-09T08:11:01Z,27.70,56.28,99,6,39.31,101.55,40.00,665.00,null,null,null
2023-09-09T08:12:01Z,27.67,56.36,99,6,36.64,101.55,39.00,659.00,null,null,null
2023-09-09T08:13:01Z,27.66,56.29,99,6,38.93,101.55,39.00,659.00,0,0,0
2023-09-09T08:14:01Z,27.69,56.30,99,6,47.85,101.55,37.00,646.00,null,null,null
2023-09-09T08:15:01Z,27.67,56.31,99,6,45.74,101.55,38.00,652.00,null,null,null
2023-09-09T08:16:01Z,27.67,56.29,99,6,40.38,101.55,37.00,646.00,null,null,null
2023-09-09T08:17:01Z,27.67,56.32,99,6,41.00,101.55,38.00,652.00,null,null,null
2023-09-09T08:18:01Z,27.65,56.33,99,6,39.37,101.55,36.00,640.00,0,0,0
2023-09-09T08:19:01Z,27.66,56.29,99,6,39.93,101.55,34.00,627.00,null,null,null
2023-09-09T08:20:01Z,27.69,56.31,99,6,44.18,101.56,34.00,627.00,null,null,null
2023-09-09T08:21:01Z,27.69,56.34,99,6,41.03,101.56,34.00,627.00,null,null,null
2023-09-09T08:22:01Z,27.69,56.27,99,6,34.35,101.56,35.00,634.00,null,null,null
2023-09-09T08:23:01Z,27.69,56.30,99,6,37.18,101.56,35.00,634.00,0,0,0
2023-09-09T08:24:01Z,27.69,56.35,99,6,34.36,101.56,34.00,627.00,null,null,null
2023-09-09T08:25:01Z,27.69,56.38,99,6,36.31,101.55,34.00,627.00,null,null,null
2023-09-09T08:26:01Z,27.69,56.33,99,6,38.55,101.56,34.00,627.00,null,null,null
2023-09-09T08:27:01Z,27.69,56.35,99,6,37.46,101.56,34.00,627.00,null,null,null
2023-09-09T08:28:01Z,27.66,56.33,99,6,46.27,101.56,34.00,627.00,0,0,0
2023-09-09T08:29:01Z,27.70,56.34,99,6,38.19,101.55,34.00,624.00,null,null,null
2023-09-09T08:30:01Z,27.69,56.37,99,6,37.01,101.56,34.00,624.00,null,null,null
2023-09-09T08:31:01Z,27.69,56.38,99,6,37.86,101.56,34.00,627.00,null,null,null
2023-09-09T08:32:01Z,27.69,56.37,99,6,40.98,101.56,35.00,634.00,null,null,null
2023-09-09T08:33:01Z,27.69,56.44,99,6,40.64,101.56,35.00,634.00,0,0,0
2023-09-09T08:34:01Z,27.70,56.43,99,6,44.63,101.56,34.00,624.00,null,null,null
2023-09-09T08:35:01Z,27.69,56.36,99,6,44.20,101.56,36.00,640.00,null,null,null
2023-09-09T08:36:01Z,27.70,56.42,99,6,38.19,101.56,37.00,646.00,null,null,null
2023-09-09T08:37:01Z,27.70,56.43,99,6,35.42,101.56,37.00,646.00,null,null,null
2023-09-09T08:38:01Z,27.70,56.39,99,6,41.13,101.56,38.00,652.00,0,0,0
2023-09-09T08:39:01Z,27.70,56.41,99,6,44.55,101.56,36.00,640.00,null,null,null
2023-09-09T08:40:01Z,27.70,56.39,99,6,44.38,101.56,34.00,627.00,null,null,null
2023-09-09T08:41:01Z,27.69,56.46,99,6,37.44,101.56,35.00,634.00,null,null,null
2023-09-09T08:42:01Z,27.70,56.38,99,6,45.29,101.56,34.00,627.00,null,null,null
2023-09-09T08:43:01Z,27.67,56.43,99,6,34.73,101.56,35.00,634.00,0,0,0
2023-09-09T08:44:01Z,27.70,56.49,99,6,42.15,101.56,36.00,640.00,null,null,null
2023-09-09T08:45:01Z,27.72,56.48,99,6,35.01,101.56,38.00,652.00,null,null,null
2023-09-09T08:46:01Z,27.70,56.51,99,6,45.14,101.56,39.00,659.00,null,null,null
2023-09-09T08:47:01Z,27.72,56.51,99,6,35.89,101.55,41.00,675.00,null,null,null
2023-09-09T08:48:01Z,27.70,56.58,99,6,35.43,101.55,41.00,675.00,0,0,0
2023-09-09T08:49:01Z,27.74,56.59,99,6,38.47,101.55,43.00,683.00,null,null,null
2023-09-09T08:50:01Z,27.73,56.58,99,6,39.83,101.55,43.00,683.00,null,null,null
2023-09-09T08:51:01Z,27.72,56.63,99,6,42.01,101.55,43.00,683.00,null,null,null
2023-09-09T08:52:01Z,27.74,56.59,99,6,43.76,101.55,41.00,675.00,null,null,null
2023-09-09T08:53:01Z,27.74,56.59,99,6,39.32,101.55,43.00,683.00,0,0,0
2023-09-09T08:54:01Z,27.72,56.63,99,6,39.63,101.55,43.00,683.00,null,null,null
2023-09-09T08:55:01Z,27.73,56.63,99,6,34.18,101.55,43.00,683.00,null,null,null
2023-09-09T08:56:01Z,27.72,56.63,99,6,46.92,101.55,47.00,712.00,null,null,null
2023-09-09T08:57:01Z,27.74,56.65,99,6,45.16,101.55,48.00,717.00,null,null,null
2023-09-09T08:58:01Z,27.73,56.66,99,6,34.24,101.55,48.00,717.00,0,0,0
2023-09-09T08:59:01Z,27.74,56.65,99,6,33.78,101.55,47.00,712.00,null,null,null
2023-09-09T09:00:01Z,27.73,56.65,99,6,41.95,101.55,47.00,712.00,null,null,null
2023-09-09T09:01:01Z,27.73,56.65,99,6,36.89,101.55,48.00,717.00,null,null,null
2023-09-09T09:02:01Z,27.76,56.69,99,6,48.66,101.54,51.00,740.00,null,null,null
2023-09-09T09:03:01Z,27.73,56.73,99,6,41.23,101.55,45.00,699.00,0,0,0
2023-09-09T09:04:01Z,27.72,56.77,99,6,44.34,101.55,56.00,772.00,null,null,null
2023-09-09T09:05:01Z,27.76,56.75,99,6,40.73,101.54,60.00,795.00,null,null,null
2023-09-09T09:06:01Z,27.77,56.78,99,6,44.08,101.55,59.00,791.00,null,null,null
2023-09-09T09:07:01Z,27.77,56.86,99,6,37.91,101.55,66.00,836.00,null,null,null
2023-09-09T09:08:01Z,27.76,56.83,99,6,38.26,101.55,72.00,877.00,0,0,0
2023-09-09T09:09:01Z,27.76,56.86,99,6,43.95,101.55,78.00,918.00,null,null,null
2023-09-09T09:10:01Z,27.78,56.83,99,6,44.59,101.55,79.00,925.00,null,null,null
2023-09-09T09:11:01Z,27.78,56.82,99,6,39.78,101.55,78.00,918.00,null,null,null
2023-09-09T09:12:01Z,27.77,56.79,99,6,43.31,101.55,72.00,877.00,null,null,null
2023-09-09T09:13:01Z,27.76,56.86,99,6,34.06,101.55,72.00,877.00,0,0,0
2023-09-09T09:14:01Z,27.80,56.85,99,6,35.23,101.55,73.00,885.00,null,null,null
2023-09-09T09:15:01Z,27.78,56.82,99,6,42.32,101.55,78.00,918.00,null,null,null
2023-09-09T09:16:01Z,27.83,56.79,99,6,37.84,101.55,78.00,918.00,null,null,null
2023-09-09T09:17:01Z,27.80,56.74,99,6,38.77,101.55,77.00,907.00,null,null,null
2023-09-09T09:18:01Z,27.80,56.76,99,6,40.90,101.55,76.00,905.00,0,0,0
2023-09-09T09:19:01Z,27.82,56.79,99,6,33.26,101.55,75.00,897.00,null,null,null
2023-09-09T09:20:01Z,27.82,56.84,99,6,41.97,101.55,78.00,918.00,null,null,null
2023-09-09T09:21:01Z,27.82,56.89,99,6,38.45,101.55,83.00,951.00,null,null,null
2023-09-09T09:22:01Z,27.80,56.87,99,6,36.76,101.55,89.00,990.00,null,null,null
2023-09-09T09:23:01Z,27.82,56.86,99,6,34.67,101.55,90.00,995.00,0,0,0
2023-09-09T09:24:01Z,27.82,56.72,99,6,43.81,101.55,89.00,990.00,null,null,null
2023-09-09T09:25:01Z,27.82,56.67,99,5,42.09,101.54,83.00,949.00,null,null,null
2023-09-09T09:26:01Z,27.83,56.62,99,5,42.75,101.55,78.00,915.00,null,null,null
2023-09-09T09:27:01Z,27.83,56.65,99,5,40.30,101.55,72.00,874.00,null,null,null
2023-09-09T09:28:01Z,27.82,56.61,99,5,39.61,101.55,69.00,853.00,0,0,0
2023-09-09T09:29:01Z,27.83,56.63,99,5,38.13,101.54,67.00,844.00,null,null,null
2023-09-09T09:30:01Z,27.82,56.60,99,5,41.83,101.55,67.00,844.00,null,null,null
2023-09-09T09:31:01Z,27.84,56.51,99,5,41.38,101.54,67.00,844.00,null,null,null
2023-09-09T09:32:01Z,27.84,56.51,99,5,49.59,101.54,66.00,834.00,null,null,null
2023-09-09T09:33:01Z,27.83,56.38,99,5,42.12,101.54,63.00,815.00,0,0,0
2023-09-09T09:34:01Z,27.86,56.29,99,5,37.38,101.54,50.00,732.00,null,null,null
2023-09-09T09:35:01Z,27.86,56.32,99,5,44.91,101.54,41.00,674.00,null,null,null
2023-09-09T09:36:01Z,27.87,56.46,99,5,42.54,101.54,39.00,659.00,null,null,null
2023-09-09T09:37:01Z,27.84,56.50,99,5,60.22,101.55,40.00,666.00,null,null,null
2023-09-09T09:38:01Z,27.84,56.61,99,5,36.69,101.55,47.00,714.00,0,0,0
2023-09-09T09:39:01Z,27.86,56.58,99,5,42.50,101.54,51.00,740.00,null,null,null
2023-09-09T09:40:01Z,27.84,56.67,99,5,42.12,101.55,57.00,778.00,null,null,null
2023-09-09T09:41:01Z,27.86,56.69,99,6,43.62,101.54,66.00,834.00,null,null,null
2023-09-09T09:42:01Z,27.84,56.71,99,6,45.88,101.55,72.00,874.00,null,null,null
2023-09-09T09:43:01Z,27.86,56.78,99,5,68.23,101.54,79.00,925.00,0,0,0
2023-09-09T09:44:01Z,27.87,56.75,99,6,37.42,101.55,85.00,961.00,null,null,null
2023-09-09T09:45:01Z,27.87,56.71,99,6,40.85,101.54,89.00,990.00,null,null,null
2023-09-09T09:46:01Z,27.83,56.72,99,5,37.57,101.55,92.00,1004.00,null,null,null
2023-09-09T09:47:01Z,27.87,56.73,99,5,37.58,101.54,85.00,959.00,null,null,null
2023-09-09T09:48:01Z,27.87,56.73,99,5,39.94,101.54,83.00,949.00,0,0,0
2023-09-09T09:49:01Z,27.87,56.73,99,5,38.37,101.54,74.00,891.00,null,null,null
2023-09-09T09:50:01Z,27.90,56.61,99,5,39.98,101.54,72.00,874.00,null,null,null
2023-09-09T09:51:01Z,27.89,56.48,99,6,41.94,101.54,66.00,834.00,null,null,null
2023-09-09T09:52:01Z,27.87,56.37,99,5,42.27,101.54,51.00,740.00,null,null,null
2023-09-09T09:53:01Z,27.90,56.43,99,5,32.75,101.54,37.00,645.00,0,0,0
2023-09-09T09:54:01Z,27.92,56.48,99,6,43.26,101.54,32.00,614.00,null,null,null
2023-09-09T09:55:01Z,27.92,56.46,99,6,41.89,101.54,28.00,589.00,null,null,null
2023-09-09T09:56:01Z,27.90,56.43,99,6,43.35,101.54,28.00,589.00,null,null,null
2023-09-09T09:57:01Z,27.90,56.43,99,5,40.30,101.54,27.00,581.00,null,null,null
2023-09-09T09:58:01Z,27.90,56.42,99,6,40.68,101.54,27.00,581.00,0,0,0
2023-09-09T09:59:01Z,27.92,56.54,99,5,49.08,101.54,23.00,552.00,null,null,null
2023-09-09T10:00:01Z,27.92,56.56,99,5,39.77,101.54,23.00,552.00,null,null,null
2023-09-09T10:01:01Z,27.92,56.66,99,5,35.56,101.54,28.00,589.00,null,null,null
2023-09-09T10:02:01Z,27.92,56.69,99,5,41.89,101.54,37.00,645.00,null,null,null
2023-09-09T10:03:01Z,27.90,56.72,99,5,31.50,101.54,56.00,770.00,0,0,0
2023-09-09T10:04:01Z,27.92,56.73,99,6,50.04,101.54,63.00,815.00,null,null,null
2023-09-09T10:05:01Z,27.93,56.74,99,7,52.99,101.54,68.00,848.00,null,null,null
2023-09-09T10:06:01Z,27.93,56.73,99,5,40.87,101.54,76.00,902.00,null,null,null
2023-09-09T10:07:01Z,27.93,56.80,99,6,37.87,101.53,83.00,949.00,null,null,null
2023-09-09T10:08:01Z,27.94,56.82,99,6,40.35,101.54,86.00,970.00,0,0,0
2023-09-09T10:09:01Z,27.94,56.76,99,5,38.08,101.54,85.00,959.00,null,null,null
2023-09-09T10:10:01Z,27.96,56.77,99,5,40.21,101.53,86.00,970.00,null,null,null
2023-09-09T10:11:01Z,27.93,56.79,99,5,37.51,101.54,90.00,995.00,null,null,null
2023-09-09T10:12:01Z,27.93,56.84,99,5,43.85,101.54,93.00,1017.00,null,null,null
2023-09-09T10:13:01Z,27.96,56.80,99,6,36.79,101.54,90.00,995.00,0,0,0
2023-09-09T10:14:01Z,27.97,56.85,99,6,33.41,101.54,90.00,995.00,null,null,null
2023-09-09T10:15:01Z,27.97,56.76,99,6,41.88,101.54,90.00,995.00,null,null,null
2023-09-09T10:16:01Z,27.93,56.82,99,6,45.53,101.53,86.00,970.00,null,null,null
2023-09-09T10:17:01Z,27.92,56.84,99,6,47.65,101.53,82.00,940.00,null,null,null
2023-09-09T10:18:01Z,27.96,56.86,99,6,41.02,101.54,83.00,949.00,0,0,0
2023-09-09T10:19:01Z,27.94,56.83,99,6,44.23,101.53,86.00,970.00,null,null,null
2023-09-09T10:20:01Z,27.96,56.85,99,6,42.40,101.53,88.00,983.00,null,null,null
2023-09-09T10:21:01Z,27.97,56.89,99,6,47.52,101.54,92.00,1007.00,null,null,null
2023-09-09T10:22:01Z,27.98,56.83,99,5,40.04,101.53,86.00,970.00,null,null,null
2023-09-09T10:23:01Z,27.96,56.85,99,6,46.94,101.53,83.00,949.00,0,0,0
2023-09-09T10:24:01Z,27.97,56.83,99,6,38.35,101.53,75.00,895.00,null,null,null
2023-09-09T10:25:01Z,28.00,56.81,99,6,37.61,101.53,68.00,851.00,null,null,null
2023-09-09T10:26:01Z,27.97,56.83,99,6,45.12,101.53,70.00,863.00,null,null,null
2023-09-09T10:27:01Z,27.97,56.86,99,6,47.42,101.53,73.00,882.00,null,null,null
2023-09-09T10:28:01Z,27.98,56.87,99,6,41.66,101.53,73.00,882.00,0,0,0
2023-09-09T10:29:01Z,27.97,56.85,99,6,37.05,101.53,70.00,863.00,null,null,null
2023-09-09T10:30:01Z,27.97,56.81,99,6,40.49,101.53,71.00,872.00,null,null,null
2023-09-09T10:31:01Z,27.98,56.83,99,6,42.98,101.52,71.00,872.00,null,null,null
2023-09-09T10:32:01Z,28.00,56.87,99,6,36.64,101.53,73.00,882.00,null,null,null
2023-09-09T10:33:01Z,28.00,56.85,99,6,49.96,101.53,75.00,895.00,0,0,0
2023-09-09T10:34:01Z,28.01,56.83,99,6,51.06,101.52,75.00,895.00,null,null,null
2023-09-09T10:35:01Z,28.01,56.86,99,6,46.10,101.52,73.00,882.00,null,null,null
2023-09-09T10:36:01Z,28.01,56.87,99,6,43.05,101.52,70.00,863.00,null,null,null
2023-09-09T10:37:01Z,27.98,56.83,99,6,41.48,101.52,68.00,851.00,null,null,null
2023-09-09T10:38:01Z,28.03,56.86,99,6,35.53,101.52,67.00,840.00,0,0,0
2023-09-09T10:39:01Z,28.00,56.87,99,6,37.45,101.51,67.00,840.00,null,null,null
2023-09-09T10:40:01Z,28.03,56.86,99,6,40.32,101.51,64.00,821.00,null,null,null
2023-09-09T10:41:01Z,28.03,56.86,99,6,42.01,101.52,53.00,749.00,null,null,null
2023-09-09T10:42:01Z,28.01,56.88,99,6,41.31,101.52,47.00,714.00,null,null,null
2023-09-09T10:43:01Z,28.03,56.86,99,6,42.88,101.52,44.00,694.00,0,0,0
2023-09-09T10:44:01Z,28.04,56.88,99,6,39.08,101.52,50.00,730.00,null,null,null
2023-09-09T10:45:01Z,28.03,56.85,99,6,41.49,101.52,56.00,772.00,null,null,null
2023-09-09T10:46:01Z,28.04,56.89,99,6,42.58,101.52,58.00,785.00,null,null,null
2023-09-09T10:47:01Z,28.06,56.87,99,6,47.02,101.51,55.00,763.00,null,null,null
2023-09-09T10:48:01Z,28.04,56.84,99,6,42.83,101.52,50.00,730.00,0,0,0
2023-09-09T10:49:01Z,28.06,56.80,99,6,48.28,101.52,38.00,650.00,null,null,null
2023-09-09T10:50:01Z,28.03,56.78,99,6,46.44,101.51,34.00,629.00,null,null,null
2023-09-09T10:51:01Z,28.04,56.78,99,6,43.67,101.52,36.00,640.00,null,null,null
2023-09-09T10:52:01Z,28.07,56.87,99,6,44.17,101.52,39.00,657.00,null,null,null
2023-09-09T10:53:01Z,28.04,56.84,99,6,43.06,101.51,44.00,690.00,0,0,0
2023-09-09T10:54:01Z,28.06,56.88,99,6,40.50,101.51,48.00,717.00,null,null,null
2023-09-09T10:55:01Z,28.07,56.89,99,6,45.23,101.51,56.00,772.00,null,null,null
2023-09-09T10:56:01Z,28.08,56.98,99,6,40.80,101.51,62.00,808.00,null,null,null
2023-09-09T10:57:01Z,28.08,57.11,99,6,37.57,101.51,60.00,795.00,null,null,null
2023-09-09T10:58:01Z,28.07,57.04,99,6,36.81,101.51,53.00,754.00,0,0,0
2023-09-09T10:59:01Z,28.08,57.05,99,6,45.47,101.51,42.00,682.00,null,null,null
2023-09-09T11:00:01Z,28.08,57.04,99,6,38.67,101.51,36.00,640.00,null,null,null
2023-09-09T11:01:01Z,28.08,57.03,99,6,41.92,101.51,41.00,671.00,null,null,null
2023-09-09T11:02:01Z,28.08,57.05,99,6,40.68,101.51,46.00,702.00,null,null,null
2023-09-09T11:03:01Z,28.08,57.08,99,6,34.73,101.51,50.00,730.00,0,0,0
2023-09-09T11:04:01Z,28.13,57.00,99,6,38.29,101.51,51.00,737.00,null,null,null
2023-09-09T11:05:01Z,28.10,57.01,99,6,44.70,101.50,53.00,754.00,null,null,null
2023-09-09T11:06:01Z,28.10,56.96,99,6,39.24,101.51,53.00,749.00,null,null,null
2023-09-09T11:07:01Z,28.10,57.01,99,6,48.83,101.50,53.00,754.00,null,null,null
2023-09-09T11:08:01Z,28.11,57.03,99,6,45.33,101.50,60.00,800.00,0,0,0
2023-09-09T11:09:01Z,28.13,56.99,99,6,41.40,101.50,62.00,808.00,null,null,null
2023-09-09T11:10:01Z,28.14,56.99,99,6,38.52,101.50,60.00,795.00,null,null,null
2023-09-09T11:11:01Z,28.11,56.78,99,6,38.61,101.50,60.00,795.00,null,null,null
2023-09-09T11:12:01Z,28.13,56.69,99,6,42.17,101.49,47.00,714.00,null,null,null
2023-09-09T11:13:01Z,28.11,56.76,99,6,40.38,101.49,41.00,675.00,0,0,0
2023-09-09T11:14:01Z,28.14,56.80,99,6,45.02,101.49,36.00,640.00,null,null,null
2023-09-09T11:15:01Z,28.14,56.76,99,6,47.10,101.50,30.00,600.00,null,null,null
2023-09-09T11:16:01Z,28.14,56.76,99,6,48.92,101.49,21.00,542.00,null,null,null
2023-09-09T11:17:01Z,28.14,56.82,99,7,44.23,101.49,20.00,537.00,null,null,null
2023-09-09T11:18:01Z,28.14,56.79,99,6,42.93,101.49,21.00,542.00,0,0,0
2023-09-09T11:19:01Z,28.14,56.78,99,6,35.63,101.49,21.00,542.00,null,null,null
2023-09-09T11:20:01Z,28.17,56.76,99,6,37.24,101.49,25.00,570.00,null,null,null
2023-09-09T11:21:01Z,28.15,56.73,99,6,41.61,101.49,26.00,577.00,null,null,null
2023-09-09T11:22:01Z,28.17,56.69,99,6,47.90,101.49,18.00,519.00,null,null,null
2023-09-09T11:23:01Z,28.13,56.68,99,7,45.31,101.49,16.00,508.00,0,0,0
2023-09-09T11:24:01Z,28.17,56.50,99,6,42.23,101.48,8.00,459.00,null,null,null
2023-09-09T11:25:01Z,28.17,56.55,99,6,42.01,101.48,2.00,417.00,null,null,null
2023-09-09T11:26:01Z,28.17,56.55,99,6,34.65,101.48,5.00,433.00,null,null,null
2023-09-09T11:27:01Z,28.17,56.59,99,6,45.42,101.48,8.00,455.00,null,null,null
2023-09-09T11:28:01Z,28.17,56.60,99,7,47.66,101.48,9.00,463.00,0,0,0
2023-09-09T11:29:01Z,28.17,56.63,99,7,47.18,101.49,11.00,476.00,null,null,null
2023-09-09T11:30:01Z,28.17,56.70,99,7,40.61,101.48,19.00,531.00,null,null,null
2023-09-09T11:31:01Z,28.18,56.74,99,7,46.29,101.48,29.00,594.00,null,null,null
2023-09-09T11:32:01Z,28.17,56.83,99,6,38.05,101.48,38.00,650.00,null,null,null
2023-09-09T11:33:01Z,28.18,56.85,99,7,38.81,101.48,51.00,735.00,0,0,0
2023-09-09T11:34:01Z,28.20,56.86,99,6,40.08,101.48,55.00,763.00,null,null,null
2023-09-09T11:35:01Z,28.17,56.67,99,6,44.07,101.47,58.00,785.00,null,null,null
2023-09-09T11:36:01Z,28.21,56.58,99,7,42.66,101.47,33.00,623.00,null,null,null
2023-09-09T11:37:01Z,28.20,56.53,99,7,38.85,101.47,22.00,549.00,null,null,null
2023-09-09T11:38:01Z,28.21,56.38,99,7,41.97,101.48,18.00,523.00,0,0,0
2023-09-09T11:39:01Z,28.18,56.17,99,7,37.81,101.47,5.00,435.00,null,null,null
2023-09-09T11:40:01Z,28.21,56.24,99,7,40.16,101.47,0.00,402.00,null,null,null
2023-09-09T11:41:01Z,28.21,56.28,99,6,43.31,101.47,0.00,400.00,null,null,null
2023-09-09T11:42:01Z,28.21,56.39,99,7,41.39,101.47,3.00,420.00,null,null,null
2023-09-09T11:43:01Z,28.21,56.28,99,7,43.78,101.47,8.00,454.00,0,0,0
2023-09-09T11:44:01Z,28.23,56.17,99,7,44.69,101.47,5.00,439.00,null,null,null
2023-09-09T11:45:01Z,28.23,55.96,99,7,47.19,101.47,4.00,432.00,null,null,null
2023-09-09T11:46:01Z,28.20,55.89,99,7,48.72,101.47,0.00,400.00,null,null,null
2023-09-09T11:47:01Z,28.23,55.76,99,7,41.96,101.47,0.00,400.00,null,null,null
2023-09-09T11:48:01Z,28.23,55.76,99,7,37.87,101.47,0.00,400.00,0,0,0
2023-09-09T11:49:01Z,28.25,55.78,99,7,39.34,101.47,0.00,400.00,null,null,null
2023-09-09T11:50:01Z,28.24,55.84,99,7,39.43,101.47,0.00,400.00,null,null,null
2023-09-09T11:51:01Z,28.23,55.76,99,7,44.66,101.47,2.00,414.00,null,null,null
2023-09-09T11:52:01Z,28.24,55.61,99,8,43.36,101.47,4.00,427.00,null,null,null
2023-09-09T11:53:01Z,28.25,55.43,99,8,41.53,101.47,0.00,406.00,0,0,0
2023-09-09T11:54:01Z,28.25,55.36,99,7,41.82,101.47,0.00,400.00,null,null,null
2023-09-09T11:55:01Z,28.25,55.29,99,8,40.77,101.47,0.00,400.00,null,null,null
2023-09-09T11:56:01Z,28.25,55.17,99,7,43.56,101.47,0.00,400.00,null,null,null
2023-09-09T11:57:01Z,28.28,55.26,99,8,44.91,101.47,0.00,400.00,null,null,null
2023-09-09T11:58:01Z,28.27,55.42,99,8,43.35,101.47,5.00,435.00,0,0,0
2023-09-09T11:59:01Z,28.27,55.33,99,9,49.56,101.47,9.00,465.00,null,null,null
2023-09-09T12:00:01Z,28.25,55.42,99,8,38.71,101.47,11.00,478.00,null,null,null
2023-09-09T12:01:01Z,28.28,55.47,99,9,41.30,101.48,17.00,514.00,null,null,null
2023-09-09T12:02:01Z,28.28,55.39,99,9,47.06,101.47,24.00,561.00,null,null,null
2023-09-09T12:03:01Z,28.27,55.67,99,9,40.72,101.48,27.00,580.00,0,0,0
2023-09-09T12:04:01Z,28.28,55.69,99,9,47.91,101.48,44.00,692.00,null,null,null
2023-09-09T12:05:01Z,28.29,55.73,99,9,39.85,101.48,62.00,808.00,null,null,null
2023-09-09T12:06:01Z,28.29,55.83,99,8,46.66,101.48,81.00,935.00,null,null,null
2023-09-09T12:07:01Z,28.31,55.88,99,8,42.17,101.48,99.00,1050.00,null,null,null
2023-09-09T12:08:01Z,28.29,55.95,99,9,40.40,101.48,113.00,1147.00,0,0,0
2023-09-09T12:09:01Z,28.31,55.94,99,9,36.86,101.48,124.00,1215.00,null,null,null
2023-09-09T12:10:01Z,28.31,55.89,99,10,35.10,101.48,139.00,1316.00,null,null,null
2023-09-09T12:11:01Z,28.31,55.89,99,10,48.17,101.48,153.00,1408.00,null,null,null
2023-09-09T12:12:01Z,28.31,55.92,99,10,43.71,101.48,160.00,1453.00,null,null,null
2023-09-09T12:13:01Z,28.29,55.72,99,10,47.72,101.48,164.00,1478.00,0,0,0
2023-09-09T12:14:01Z,28.32,55.51,99,11,52.08,101.48,120.00,1188.00,null,null,null
2023-09-09T12:15:01Z,28.34,55.59,99,10,47.66,101.48,85.00,961.00,null,null,null
2023-09-09T12:16:01Z,28.32,55.68,99,10,38.38,101.48,70.00,865.00,null,null,null
2023-09-09T12:17:01Z,28.32,55.46,99,11,44.43,101.48,76.00,905.00,null,null,null
2023-09-09T12:18:01Z,28.34,55.47,99,11,44.21,101.48,72.00,874.00,0,0,0
2023-09-09T12:19:01Z,28.35,55.50,99,12,36.64,101.48,54.00,761.00,null,null,null
2023-09-09T12:20:01Z,28.32,55.40,99,12,42.77,101.48,39.00,657.00,null,null,null
2023-09-09T12:21:01Z,28.35,55.36,99,12,37.67,101.48,34.00,629.00,null,null,null
2023-09-09T12:22:01Z,28.35,55.39,99,12,40.57,101.48,29.00,596.00,null,null,null
2023-09-09T12:23:01Z,28.35,55.42,99,12,37.65,101.48,22.00,549.00,0,0,0
2023-09-09T12:24:01Z,28.38,55.32,99,13,49.96,101.48,17.00,514.00,null,null,null
2023-09-09T12:25:01Z,28.37,55.24,99,12,46.97,101.49,14.00,495.00,null,null,null
2023-09-09T12:26:01Z,28.38,55.24,99,13,43.31,101.48,15.00,500.00,null,null,null
2023-09-09T12:27:01Z,28.38,55.23,99,13,36.54,101.48,15.00,505.00,null,null,null
2023-09-09T12:28:01Z,28.38,55.21,99,13,48.33,101.48,15.00,505.00,0,0,0
2023-09-09T12:29:01Z,28.38,55.17,99,14,43.63,101.48,11.00,473.00,null,null,null
2023-09-09T12:30:01Z,28.41,55.21,99,15,44.90,101.48,7.00,448.00,null,null,null
2023-09-09T12:31:01Z,28.41,55.18,99,14,43.47,101.48,3.00,424.00,null,null,null
2023-09-09T12:32:01Z,28.43,55.14,99,15,50.40,101.48,1.00,411.00,null,null,null
2023-09-09T12:33:01Z,28.41,55.19,99,16,42.91,101.47,0.00,400.00,0,0,0
2023-09-09T12:34:01Z,28.43,55.02,99,16,47.46,101.48,1.00,413.00,null,null,null
2023-09-09T12:35:01Z,28.45,55.02,99,16,41.62,101.47,3.00,424.00,null,null,null
2023-09-09T12:36:01Z,28.45,55.00,99,16,43.65,101.47,5.00,435.00,null,null,null
2023-09-09T12:37:01Z,28.44,54.93,99,17,45.33,101.47,5.00,435.00,null,null,null
2023-09-09T12:38:01Z,28.44,54.86,99,17,39.88,101.47,1.00,409.00,0,0,0
2023-09-09T12:39:01Z,28.48,54.56,99,18,41.55,101.47,0.00,400.00,null,null,null
2023-09-09T12:40:01Z,28.47,54.78,99,17,42.51,101.47,0.00,400.00,null,null,null
2023-09-09T12:41:01Z,28.47,54.82,99,18,42.96,101.47,3.00,422.00,null,null,null
2023-09-09T12:42:01Z,28.47,54.73,99,18,41.50,101.48,7.00,451.00,null,null,null
2023-09-09T12:43:01Z,28.48,54.83,99,18,42.18,101.48,9.00,465.00,0,0,0
2023-09-09T12:44:01Z,28.49,54.84,99,18,33.58,101.47,12.00,483.00,null,null,null
2023-09-09T12:45:01Z,28.51,54.71,99,18,37.95,101.48,16.00,508.00,null,null,null
2023-09-09T12:46:01Z,28.51,54.82,99,18,40.33,101.48,16.00,508.00,null,null,null
2023-09-09T12:47:01Z,28.52,54.83,99,18,45.24,101.48,15.00,502.00,null,null,null
2023-09-09T12:48:01Z,28.52,54.90,99,18,42.31,101.48,18.00,523.00,0,0,0
2023-09-09T12:49:01Z,28.54,54.89,99,18,42.06,101.48,14.00,492.00,null,null,null
2023-09-09T12:50:01Z,28.56,54.90,99,18,42.86,101.48,16.00,508.00,null,null,null
2023-09-09T12:51:01Z,28.55,54.98,99,18,47.52,101.47,21.00,540.00,null,null,null
2023-09-09T12:52:01Z,28.54,55.03,99,18,44.56,101.47,34.00,629.00,null,null,null
2023-09-09T12:53:01Z,28.58,55.08,99,18,38.88,101.47,61.00,802.00,0,0,0
2023-09-09T12:54:01Z,28.56,55.07,99,18,41.62,101.47,75.00,897.00,null,null,null
2023-09-09T12:55:01Z,28.58,55.18,99,18,39.57,101.47,97.00,1041.00,null,null,null
2023-09-09T12:56:01Z,28.59,55.33,99,18,42.32,101.47,122.00,1204.00,null,null,null
2023-09-09T12:57:01Z,28.58,55.27,99,19,44.82,101.47,138.00,1310.00,null,null,null
2023-09-09T12:58:01Z,28.58,55.31,99,18,40.43,101.47,154.00,1413.00,0,0,0
2023-09-09T12:59:01Z,28.59,55.34,99,19,40.04,101.46,167.00,1499.00,null,null,null
2023-09-09T13:00:01Z,28.61,55.32,99,20,49.14,101.46,184.00,1519.00,null,null,null
2023-09-09T13:01:01Z,28.61,55.35,99,21,38.35,101.46,187.00,1523.00,null,null,null
2023-09-09T13:02:01Z,28.59,55.35,99,20,40.44,101.47,198.00,1539.00,null,null,null
2023-09-09T13:03:01Z,28.61,55.44,99,21,36.24,101.46,215.00,1560.00,0,0,0
2023-09-09T13:04:01Z,28.58,55.36,99,21,44.86,101.46,215.00,1560.00,null,null,null
2023-09-09T13:05:01Z,28.62,55.39,99,21,41.23,101.46,215.00,1560.00,null,null,null
2023-09-09T13:06:01Z,28.61,55.39,99,21,44.37,101.46,220.00,1567.00,null,null,null
2023-09-09T13:07:01Z,28.61,55.43,99,22,47.63,101.45,227.00,1578.00,null,null,null
2023-09-09T13:08:01Z,28.62,55.50,99,22,43.62,101.46,253.00,1607.00,0,0,0
2023-09-09T13:09:01Z,28.64,55.47,99,22,37.55,101.46,247.00,1602.00,null,null,null
2023-09-09T13:10:01Z,28.64,55.46,99,22,50.11,101.46,253.00,1607.00,null,null,null
2023-09-09T13:11:01Z,28.64,55.30,99,23,42.67,101.46,267.00,1624.00,null,null,null
2023-09-09T13:12:01Z,28.64,55.08,99,22,45.26,101.46,241.00,1594.00,null,null,null
2023-09-09T13:13:01Z,28.65,55.16,99,22,40.63,101.46,190.00,1527.00,0,0,0
2023-09-09T13:14:01Z,28.68,55.13,99,23,44.69,101.46,156.00,1429.00,null,null,null
2023-09-09T13:15:01Z,28.68,55.16,99,24,39.36,101.46,144.00,1349.00,null,null,null
2023-09-09T13:16:01Z,28.66,55.20,99,25,40.77,101.46,150.00,1385.00,null,null,null
2023-09-09T13:17:01Z,28.68,55.22,99,24,37.62,101.46,159.00,1445.00,null,null,null
2023-09-09T13:18:01Z,28.69,55.30,99,24,39.99,101.46,176.00,1506.00,0,0,0
2023-09-09T13:19:01Z,28.72,55.38,99,24,42.77,101.46,196.00,1535.00,null,null,null
2023-09-09T13:20:01Z,28.73,55.40,99,24,47.54,101.46,220.00,1567.00,null,null,null
2023-09-09T13:21:01Z,28.71,55.39,99,24,39.73,101.46,241.00,1594.00,null,null,null
2023-09-09T13:22:01Z,28.72,55.08,99,26,41.15,101.46,257.00,1612.00,null,null,null
2023-09-09T13:23:01Z,28.73,55.25,99,25,46.13,101.46,236.00,1591.00,0,0,0
2023-09-09T13:24:01Z,28.75,55.30,99,25,42.23,101.45,227.00,1578.00,null,null,null
2023-09-09T13:25:01Z,28.78,55.37,99,26,44.46,101.45,224.00,1572.00,null,null,null
2023-09-09T13:26:01Z,28.76,55.28,99,25,44.86,101.45,232.00,1585.00,null,null,null
2023-09-09T13:27:01Z,28.78,55.34,99,26,39.42,101.45,242.00,1595.00,null,null,null
2023-09-09T13:28:01Z,28.78,55.37,99,25,44.60,101.45,254.00,1608.00,0,0,0
2023-09-09T13:29:01Z,28.80,55.35,99,27,42.59,101.45,262.00,1618.00,null,null,null
2023-09-09T13:30:01Z,28.80,55.42,99,27,37.59,101.45,280.00,1638.00,null,null,null
2023-09-09T13:31:01Z,28.79,55.41,99,27,38.95,101.45,297.00,1659.00,null,null,null
2023-09-09T13:32:01Z,28.78,55.36,99,28,46.81,101.45,303.00,1664.00,null,null,null
2023-09-09T13:33:01Z,28.79,55.36,99,28,42.55,101.44,308.00,1669.00,0,0,0
2023-09-09T13:34:01Z,28.80,55.36,99,29,43.64,101.44,297.00,1659.00,null,null,null
2023-09-09T13:35:01Z,28.82,55.34,99,29,45.67,101.44,303.00,1664.00,null,null,null
2023-09-09T13:36:01Z,28.82,55.21,99,30,42.06,101.44,291.00,1651.00,null,null,null
2023-09-09T13:37:01Z,28.85,55.18,99,30,44.90,101.44,261.00,1616.00,null,null,null
2023-09-09T13:38:01Z,28.83,55.18,99,30,39.94,101.44,242.00,1595.00,0,0,0
2023-09-09T13:39:01Z,28.85,55.27,99,31,51.43,101.43,242.00,1595.00,null,null,null
2023-09-09T13:40:01Z,28.85,55.19,99,31,36.79,101.44,238.00,1592.00,null,null,null
2023-09-09T13:41:01Z,28.87,55.28,99,31,40.29,101.43,249.00,1606.00,null,null,null
2023-09-09T13:42:01Z,28.90,55.26,99,31,41.77,101.43,268.00,1625.00,null,null,null
2023-09-09T13:43:01Z,28.89,55.28,99,31,45.47,101.43,285.00,1644.00,0,0,0
2023-09-09T13:44:01Z,28.92,55.26,99,32,45.32,101.43,291.00,1651.00,null,null,null
2023-09-09T13:45:01Z,28.90,55.27,99,31,44.27,101.43,297.00,1659.00,null,null,null
2023-09-09T13:46:01Z,28.92,55.20,99,31,44.04,101.43,303.00,1664.00,null,null,null
2023-09-09T13:47:01Z,28.90,55.17,99,30,42.87,101.44,313.00,1674.00,null,null,null
2023-09-09T13:48:01Z,28.93,55.30,99,31,34.01,101.44,318.00,1678.00,0,0,0
2023-09-09T13:49:01Z,28.93,55.28,99,30,37.16,101.44,318.00,1678.00,null,null,null
2023-09-09T13:50:01Z,28.95,55.26,99,21,48.71,101.44,332.00,1694.00,null,null,null
2023-09-09T13:51:01Z,28.95,55.18,99,30,40.80,101.43,313.00,1674.00,null,null,null
2023-09-09T13:52:01Z,28.95,55.09,99,22,46.84,101.44,301.00,1663.00,null,null,null
2023-09-09T13:53:01Z,28.95,55.18,99,13,46.94,101.44,313.00,1674.00,0,0,0
2023-09-09T13:54:01Z,28.98,55.18,99,30,47.48,101.44,318.00,1678.00,null,null,null
2023-09-09T13:55:01Z,28.96,55.24,99,28,37.86,101.44,322.00,1683.00,null,null,null
2023-09-09T13:56:01Z,28.96,55.02,99,33,38.93,101.44,336.00,1698.00,null,null,null
2023-09-09T13:57:01Z,28.99,54.54,99,33,41.21,101.44,289.00,1650.00,null,null,null
2023-09-09T13:58:01Z,28.98,54.54,99,15,42.61,101.44,239.00,1594.00,0,0,0
2023-09-09T13:59:01Z,29.02,54.35,99,9,39.46,101.43,188.00,1525.00,null,null,null
2023-09-09T14:00:01Z,29.02,54.48,99,9,36.11,101.43,151.00,1393.00,null,null,null
2023-09-09T14:01:01Z,29.05,54.35,99,9,36.73,101.43,131.00,1262.00,null,null,null
2023-09-09T14:02:01Z,29.05,54.30,99,10,43.19,101.43,113.00,1144.00,null,null,null
2023-09-09T14:03:01Z,29.06,54.11,99,10,41.09,101.43,92.00,1009.00,0,0,0
2023-09-09T14:04:01Z,29.06,54.04,99,11,41.19,101.43,68.00,848.00,null,null,null
2023-09-09T14:05:01Z,29.06,54.00,99,10,45.68,101.42,46.00,708.00,null,null,null
2023-09-09T14:06:01Z,29.10,54.10,99,10,46.04,101.42,45.00,700.00,null,null,null
2023-09-09T14:07:01Z,29.09,54.17,99,17,48.22,101.42,46.00,708.00,null,null,null
2023-09-09T14:08:01Z,29.09,54.07,99,29,43.16,101.42,58.00,785.00,0,0,0
2023-09-09T14:09:01Z,29.07,54.16,99,32,43.71,101.42,38.00,650.00,null,null,null
2023-09-09T14:10:01Z,29.12,54.15,99,32,44.17,101.41,31.00,605.00,null,null,null
2023-09-09T14:11:01Z,29.12,54.30,99,28,35.52,101.42,40.00,668.00,null,null,null
2023-09-09T14:12:01Z,29.13,54.35,99,29,44.28,101.41,61.00,806.00,null,null,null
2023-09-09T14:13:01Z,29.12,54.49,99,30,49.64,101.41,88.00,981.00,0,0,0
2023-09-09T14:14:01Z,29.14,54.54,99,31,58.45,101.41,103.00,1081.00,null,null,null
2023-09-09T14:15:01Z,29.13,54.62,99,32,39.78,101.41,120.00,1191.00,null,null,null
2023-09-09T14:16:01Z,29.17,54.59,99,30,38.60,101.41,145.00,1352.00,null,null,null
2023-09-09T14:17:01Z,29.14,54.67,99,32,43.41,101.41,164.00,1478.00,null,null,null
2023-09-09T14:18:01Z,29.16,54.71,99,30,50.55,101.41,185.00,1520.00,0,0,0
2023-09-09T14:19:01Z,29.19,54.66,99,32,37.54,101.41,193.00,1531.00,null,null,null
2023-09-09T14:20:01Z,29.17,54.73,99,32,58.44,101.41,212.00,1557.00,null,null,null
2023-09-09T14:21:01Z,29.16,54.58,99,27,39.73,101.41,239.00,1594.00,null,null,null
2023-09-09T14:22:01Z,29.17,54.57,99,33,47.23,101.41,239.00,1594.00,null,null,null
2023-09-09T14:23:01Z,29.19,54.66,99,32,45.12,101.41,221.00,1569.00,0,0,0
2023-09-09T14:24:01Z,29.20,54.66,99,32,47.25,101.42,209.00,1553.00,null,null,null
2023-09-09T14:25:01Z,29.22,54.71,99,32,38.76,101.41,205.00,1547.00,null,null,null
2023-09-09T14:26:01Z,29.19,54.57,99,32,36.76,101.42,225.00,1573.00,null,null,null
2023-09-09T14:27:01Z,29.22,54.65,99,33,42.37,101.41,212.00,1557.00,null,null,null
2023-09-09T14:28:01Z,29.23,54.70,99,32,43.47,101.41,217.00,1563.00,0,0,0
2023-09-09T14:29:01Z,29.23,54.67,99,31,45.57,101.42,225.00,1573.00,null,null,null
2023-09-09T14:30:01Z,29.24,54.78,99,32,40.61,101.41,230.00,1582.00,null,null,null
2023-09-09T14:31:01Z,29.26,55.46,99,15,40.89,101.42,231.00,1583.00,null,null,null
2023-09-09T14:32:01Z,29.26,55.66,99,18,47.81,101.42,224.00,1572.00,null,null,null
2023-09-09T14:33:01Z,29.26,55.61,99,29,41.76,101.42,224.00,1572.00,0,0,0
2023-09-09T14:34:01Z,29.27,54.04,99,29,38.98,101.42,180.00,1513.00,null,null,null
2023-09-09T14:35:01Z,29.29,54.88,99,15,44.68,101.42,159.00,1445.00,null,null,null
2023-09-09T14:36:01Z,29.31,55.16,99,24,36.28,101.42,175.00,1505.00,null,null,null
2023-09-09T14:37:01Z,29.31,55.05,99,28,37.92,101.42,189.00,1526.00,null,null,null
2023-09-09T14:38:01Z,29.33,55.11,99,31,41.37,101.42,214.00,1559.00,0,0,0
2023-09-09T14:39:01Z,29.33,55.03,99,31,38.77,101.42,233.00,1586.00,null,null,null
2023-09-09T14:40:01Z,29.31,54.80,99,32,46.14,101.42,247.00,1602.00,null,null,null
2023-09-09T14:41:01Z,29.33,55.05,99,33,66.83,101.43,241.00,1594.00,null,null,null
2023-09-09T14:42:01Z,29.35,55.01,99,34,47.29,101.42,233.00,1586.00,null,null,null
2023-09-09T14:43:01Z,29.34,54.87,99,35,40.74,101.42,241.00,1594.00,0,0,0
2023-09-09T14:44:01Z,29.34,54.92,99,35,43.43,101.42,220.00,1567.00,null,null,null
2023-09-09T14:45:01Z,29.37,54.86,99,34,38.79,101.42,247.00,1602.00,null,null,null
2023-09-09T14:46:01Z,29.37,54.90,99,35,43.65,101.42,275.00,1632.00,null,null,null
2023-09-09T14:47:01Z,29.37,54.97,99,35,41.00,101.43,290.00,1651.00,null,null,null
2023-09-09T14:48:01Z,29.38,54.93,99,36,47.00,101.42,307.00,1668.00,0,0,0
2023-09-09T14:49:01Z,29.40,54.95,99,34,53.14,101.43,301.00,1663.00,null,null,null
2023-09-09T14:50:01Z,29.40,54.87,99,35,42.55,101.42,327.00,1689.00,null,null,null
2023-09-09T14:51:01Z,29.41,54.99,99,35,45.84,101.43,320.00,1681.00,null,null,null
2023-09-09T14:52:01Z,29.43,55.11,99,35,44.67,101.42,320.00,1681.00,null,null,null
2023-09-09T14:53:01Z,29.43,56.01,99,30,45.87,101.42,333.00,1695.00,0,0,0
2023-09-09T14:54:01Z,29.41,55.75,99,24,42.60,101.42,325.00,1686.00,null,null,null
2023-09-09T14:55:01Z,29.43,55.68,99,29,45.35,101.42,345.00,1705.00,null,null,null
2023-09-09T14:56:01Z,29.44,55.96,99,35,72.41,101.41,363.00,1725.00,null,null,null
2023-09-09T14:57:01Z,29.44,56.05,99,36,46.61,101.42,384.00,1743.00,null,null,null
2023-09-09T14:58:01Z,29.44,56.08,99,37,75.98,101.42,409.00,1765.00,0,0,0
2023-09-09T14:59:01Z,29.47,55.98,99,37,46.54,101.42,400.00,1757.00,null,null,null
2023-09-09T15:00:01Z,29.47,55.96,99,37,41.34,101.42,417.00,1772.00,null,null,null
2023-09-09T15:01:01Z,29.49,56.21,99,36,46.15,101.42,434.00,1785.00,null,null,null
2023-09-09T15:02:01Z,29.49,56.37,99,36,42.95,101.43,444.00,1795.00,null,null,null
2023-09-09T15:03:01Z,29.46,56.33,99,36,42.53,101.42,436.00,1788.00,0,0,0
2023-09-09T15:04:01Z,29.49,55.91,99,35,43.27,101.42,444.00,1795.00,null,null,null
2023-09-09T15:05:01Z,29.49,56.26,99,35,39.02,101.42,461.00,1810.00,null,null,null
2023-09-09T15:06:01Z,29.50,56.52,99,33,43.69,101.42,454.00,1804.00,null,null,null
2023-09-09T15:07:01Z,29.51,56.58,99,30,40.15,101.42,465.00,1813.00,null,null,null
2023-09-09T15:08:01Z,29.51,56.31,99,32,49.85,101.42,444.00,1795.00,0,0,0
2023-09-09T15:09:01Z,29.51,57.10,99,34,39.77,101.42,465.00,1813.00,null,null,null
2023-09-09T15:10:01Z,29.51,57.25,99,36,79.26,101.42,480.00,1824.00,null,null,null
2023-09-09T15:11:01Z,29.53,57.96,99,36,81.37,101.42,481.00,1825.00,null,null,null
2023-09-09T15:12:01Z,29.53,57.42,99,36,48.80,101.41,476.00,1820.00,null,null,null
2023-09-09T15:13:01Z,29.51,57.71,99,35,45.77,101.41,494.00,1834.00,0,0,0
2023-09-09T15:14:01Z,29.54,57.66,99,35,44.20,101.41,526.00,1857.00,null,null,null
2023-09-09T15:15:01Z,29.57,57.68,99,34,77.92,101.41,586.00,1900.00,null,null,null
2023-09-09T15:16:01Z,29.56,57.20,99,30,47.64,101.41,625.00,1926.00,null,null,null
2023-09-09T15:17:01Z,29.56,56.17,99,25,47.89,101.41,689.00,1967.00,null,null,null
2023-09-09T15:18:01Z,29.56,55.67,99,21,47.30,101.41,707.00,1977.00,0,0,0
2023-09-09T15:19:01Z,29.58,56.30,99,23,75.98,101.41,670.00,1954.00,null,null,null
2023-09-09T15:20:01Z,29.58,56.76,99,22,81.99,101.40,653.00,1943.00,null,null,null
2023-09-09T15:21:01Z,29.60,57.02,99,20,47.83,101.41,723.00,1986.00,null,null,null
2023-09-09T15:22:01Z,29.60,56.73,99,19,50.03,101.41,736.00,1994.00,null,null,null
2023-09-09T15:23:01Z,29.64,57.54,99,20,44.73,101.41,742.00,1998.00,0,0,0
2023-09-09T15:24:01Z,29.61,58.03,99,28,50.51,101.41,810.00,2035.00,null,null,null
2023-09-09T15:25:01Z,29.62,58.93,99,32,39.27,101.41,966.00,2120.00,null,null,null
2023-09-09T15:26:01Z,29.64,59.15,99,37,48.75,101.41,1010.00,2142.00,null,null,null
2023-09-09T15:27:01Z,29.65,58.70,99,40,46.23,101.41,1010.00,2142.00,null,null,null
2023-09-09T15:28:01Z,29.62,58.46,99,39,43.84,101.41,978.00,2126.00,0,0,0
2023-09-09T15:29:01Z,29.65,57.99,99,39,43.65,101.41,978.00,2126.00,null,null,null
2023-09-09T15:30:01Z,29.65,58.05,99,38,63.84,101.41,1111.00,2185.00,null,null,null
2023-09-09T15:31:01Z,29.68,58.07,99,38,67.62,101.41,1211.00,2234.00,null,null,null
2023-09-09T15:32:01Z,29.70,57.68,99,38,54.32,101.41,1286.00,2268.00,null,null,null
2023-09-09T15:33:01Z,29.68,58.40,99,37,49.83,101.41,1404.00,2322.00,0,0,0
2023-09-09T15:34:01Z,29.72,58.68,99,36,68.95,101.41,1486.00,2361.00,null,null,null
2023-09-09T15:35:01Z,29.74,58.91,99,33,69.54,101.41,1515.00,2374.00,null,null,null
2023-09-09T15:36:01Z,29.75,59.99,99,34,45.19,101.41,1532.00,2382.00,null,null,null
2023-09-09T15:37:01Z,29.74,59.18,99,34,73.36,101.41,1463.00,2353.00,null,null,null
2023-09-09T15:38:01Z,29.74,58.07,99,34,37.59,101.41,1562.00,2397.00,0,0,0
2023-09-09T15:39:01Z,29.72,57.43,99,34,47.79,101.41,1557.00,2393.00,null,null,null
2023-09-09T15:40:01Z,29.77,58.30,99,36,39.32,101.41,1457.00,2349.00,null,null,null
2023-09-09T15:41:01Z,29.78,58.31,99,37,44.57,101.41,1281.00,2267.00,null,null,null
2023-09-09T15:42:01Z,29.78,58.68,99,37,82.18,101.41,1253.00,2257.00,null,null,null
2023-09-09T15:43:01Z,29.77,58.65,99,38,71.27,101.41,1238.00,2247.00,0,0,0
2023-09-09T15:44:01Z,29.84,58.62,99,36,66.76,101.42,1184.00,2218.00,null,null,null
2023-09-09T15:45:01Z,29.82,58.39,99,37,43.23,101.41,1161.00,2208.00,null,null,null
2023-09-09T15:46:01Z,29.82,57.64,99,37,48.73,101.41,1161.00,2208.00,null,null,null
2023-09-09T15:47:01Z,29.85,58.39,99,36,85.84,101.41,1188.00,2220.00,null,null,null
2023-09-09T15:48:01Z,29.85,60.46,99,36,55.94,101.41,1184.00,2218.00,0,0,0
2023-09-09T15:49:01Z,29.86,59.74,99,31,37.79,101.42,1165.00,2212.00,null,null,null
2023-09-09T15:50:01Z,29.88,60.27,99,29,49.70,101.42,1211.00,2236.00,null,null,null
2023-09-09T15:51:01Z,29.89,59.62,99,26,34.68,101.41,1238.00,2247.00,null,null,null
2023-09-09T15:52:01Z,29.91,61.14,99,20,36.30,101.42,1258.00,2255.00,null,null,null
2023-09-09T15:53:01Z,29.91,59.82,99,24,39.46,101.42,1252.00,2253.00,0,0,0
2023-09-09T15:54:01Z,29.95,59.03,99,23,46.87,101.41,1248.00,2251.00,null,null,null
2023-09-09T15:55:01Z,29.95,59.31,99,24,44.99,101.41,1248.00,2251.00,null,null,null
2023-09-09T15:56:01Z,29.95,59.09,99,25,50.73,101.42,1211.00,2236.00,null,null,null
2023-09-09T15:57:01Z,29.95,59.39,99,28,46.90,101.42,1174.00,2214.00,null,null,null
2023-09-09T15:58:01Z,29.93,59.14,99,27,41.86,101.41,1057.00,2162.00,0,0,0
2023-09-09T15:59:01Z,29.97,58.87,99,32,50.17,101.41,998.00,2136.00,null,null,null
2023-09-09T16:00:01Z,29.97,59.30,99,34,63.56,101.41,972.00,2124.00,null,null,null
2023-09-09T16:01:01Z,29.98,59.72,99,34,52.02,101.41,943.00,2110.00,null,null,null
2023-09-09T16:02:01Z,29.98,58.91,99,35,73.37,101.40,943.00,2110.00,null,null,null
2023-09-09T16:03:01Z,29.97,58.53,99,34,43.61,101.41,909.00,2092.00,0,0,0
2023-09-09T16:04:01Z,29.98,57.84,99,31,46.58,101.40,875.00,2076.00,null,null,null
2023-09-09T16:05:01Z,29.98,57.99,99,32,45.30,101.41,831.00,2054.00,null,null,null
2023-09-09T16:06:01Z,29.98,58.05,99,31,45.80,101.41,831.00,2054.00,null,null,null
2023-09-09T16:07:01Z,29.99,58.08,99,32,54.36,101.40,789.00,2023.00,null,null,null
2023-09-09T16:08:01Z,29.99,58.80,99,31,41.49,101.40,769.00,2013.00,0,0,0
2023-09-09T16:09:01Z,29.99,58.65,99,32,49.63,101.40,753.00,2003.00,null,null,null
2023-09-09T16:10:01Z,30.02,58.27,99,31,59.84,101.40,779.00,2018.00,null,null,null
2023-09-09T16:11:01Z,30.01,57.60,99,30,46.32,101.40,779.00,2018.00,null,null,null
2023-09-09T16:12:01Z,30.02,56.97,99,31,52.11,101.40,727.00,1989.00,null,null,null
2023-09-09T16:13:01Z,29.99,57.54,99,31,40.86,101.40,674.00,1957.00,0,0,0
2023-09-09T16:14:01Z,30.01,58.29,99,31,42.00,101.40,623.00,1925.00,null,null,null
2023-09-09T16:15:01Z,30.02,58.26,99,30,42.81,101.40,637.00,1934.00,null,null,null
2023-09-09T16:16:01Z,30.02,58.14,99,31,68.48,101.40,665.00,1951.00,null,null,null
2023-09-09T16:17:01Z,30.05,58.07,99,30,41.04,101.40,674.00,1957.00,null,null,null
2023-09-09T16:18:01Z,30.02,57.56,99,30,43.44,101.39,689.00,1967.00,0,0,0
2023-09-09T16:19:01Z,30.01,57.66,99,31,38.97,101.40,665.00,1951.00,null,null,null
2023-09-09T16:20:01Z,30.05,57.99,99,29,52.13,101.40,683.00,1962.00,null,null,null
2023-09-09T16:21:01Z,30.05,57.41,99,30,48.16,101.40,657.00,1946.00,null,null,null
2023-09-09T16:22:01Z,30.04,57.39,99,30,45.99,101.41,637.00,1934.00,null,null,null
2023-09-09T16:23:01Z,30.04,56.96,99,30,38.40,101.41,597.00,1909.00,0,0,0
2023-09-09T16:24:01Z,30.07,56.90,99,28,39.61,101.40,554.00,1879.00,null,null,null
2023-09-09T16:25:01Z,30.04,57.16,99,29,47.60,101.40,570.00,1889.00,null,null,null
2023-09-09T16:26:01Z,30.05,57.68,99,28,44.63,101.40,570.00,1889.00,null,null,null
2023-09-09T16:27:01Z,30.05,57.68,99,28,38.87,101.40,571.00,1890.00,null,null,null
2023-09-09T16:28:01Z,30.04,57.39,99,26,44.61,101.40,561.00,1884.00,0,0,0
2023-09-09T16:29:01Z,30.05,57.02,99,27,81.43,101.40,535.00,1863.00,null,null,null
2023-09-09T16:30:01Z,30.05,56.81,99,27,45.85,101.40,519.00,1852.00,null,null,null
2023-09-09T16:31:01Z,30.08,56.65,99,27,45.04,101.40,507.00,1844.00,null,null,null
2023-09-09T16:32:01Z,30.05,56.68,99,27,47.29,101.40,503.00,1841.00,null,null,null
2023-09-09T16:33:01Z,30.07,56.96,99,28,40.66,101.40,513.00,1848.00,0,0,0
2023-09-09T16:34:01Z,30.08,56.81,99,27,38.01,101.39,498.00,1837.00,null,null,null
2023-09-09T16:35:01Z,30.08,56.77,99,26,44.90,101.40,498.00,1837.00,null,null,null
2023-09-09T16:36:01Z,30.07,56.48,99,26,41.13,101.40,507.00,1844.00,null,null,null
2023-09-09T16:37:01Z,30.07,56.49,99,25,48.46,101.40,492.00,1833.00,null,null,null
2023-09-09T16:38:01Z,30.08,56.88,99,25,42.84,101.40,480.00,1824.00,0,0,0
2023-09-09T16:39:01Z,30.08,56.78,99,24,42.15,101.40,467.00,1814.00,null,null,null
2023-09-09T16:40:01Z,30.09,56.61,99,25,44.02,101.41,467.00,1814.00,null,null,null
2023-09-09T16:41:01Z,30.07,56.35,99,25,38.28,101.40,471.00,1817.00,null,null,null
2023-09-09T16:42:01Z,30.08,56.05,99,24,70.86,101.40,461.00,1810.00,null,null,null
2023-09-09T16:43:01Z,30.08,55.92,99,22,43.76,101.40,457.00,1806.00,0,0,0
2023-09-09T16:44:01Z,30.07,55.91,99,22,46.23,101.40,457.00,1806.00,null,null,null
2023-09-09T16:45:01Z,30.08,56.02,99,22,47.68,101.40,469.00,1815.00,null,null,null
2023-09-09T16:46:01Z,30.09,56.14,99,22,39.72,101.40,479.00,1823.00,null,null,null
2023-09-09T16:47:01Z,30.07,56.53,99,22,42.14,101.40,499.00,1838.00,null,null,null
2023-09-09T16:48:01Z,30.11,56.61,99,22,39.78,101.40,513.00,1848.00,0,0,0
2023-09-09T16:49:01Z,30.09,56.49,99,22,43.10,101.40,513.00,1848.00,null,null,null
2023-09-09T16:50:01Z,30.08,56.26,99,22,37.53,101.40,513.00,1848.00,null,null,null
2023-09-09T16:51:01Z,30.09,55.89,99,22,45.25,101.41,480.00,1824.00,null,null,null
2023-09-09T16:52:01Z,30.08,55.76,99,22,73.93,101.40,450.00,1800.00,null,null,null
2023-09-09T16:53:01Z,30.09,55.31,99,21,54.33,101.41,421.00,1774.00,0,0,0
2023-09-09T16:54:01Z,30.09,55.20,99,21,64.37,101.40,374.00,1738.00,null,null,null
2023-09-09T16:55:01Z,30.09,55.20,99,20,72.21,101.41,356.00,1718.00,null,null,null
2023-09-09T16:56:01Z,30.08,55.38,99,21,70.65,101.40,351.00,1712.00,null,null,null
2023-09-09T16:57:01Z,30.09,55.34,99,20,54.88,101.41,346.00,1707.00,null,null,null
2023-09-09T16:58:01Z,30.08,54.82,99,20,42.08,101.40,324.00,1686.00,0,0,0
2023-09-09T16:59:01Z,30.08,54.73,99,18,46.74,101.41,302.00,1664.00,null,null,null
2023-09-09T17:00:01Z,30.08,55.12,99,18,55.16,101.41,289.00,1650.00,null,null,null
2023-09-09T17:01:01Z,30.09,55.43,99,19,80.88,101.41,279.00,1637.00,null,null,null
2023-09-09T17:02:01Z,30.08,55.21,99,19,47.27,101.41,286.00,1645.00,null,null,null
2023-09-09T17:03:01Z,30.09,55.71,99,18,44.84,101.42,302.00,1664.00,0,0,0
2023-09-09T17:04:01Z,30.11,55.57,99,18,42.76,101.41,311.00,1672.00,null,null,null
2023-09-09T17:05:01Z,30.09,55.60,99,18,53.27,101.42,316.00,1677.00,null,null,null
2023-09-09T17:06:01Z,30.09,55.21,99,16,46.35,101.41,330.00,1691.00,null,null,null
2023-09-09T17:07:01Z,30.09,54.78,99,16,34.18,101.42,329.00,1690.00,null,null,null
2023-09-09T17:08:01Z,30.11,54.64,99,16,69.32,101.41,321.00,1682.00,0,0,0
2023-09-09T17:09:01Z,30.09,54.82,99,15,45.28,101.41,306.00,1668.00,null,null,null
2023-09-09T17:10:01Z,30.09,55.15,99,15,49.92,101.41,297.00,1659.00,null,null,null
2023-09-09T17:11:01Z,30.09,55.33,99,15,48.86,101.41,321.00,1682.00,null,null,null
2023-09-09T17:12:01Z,30.08,55.60,99,14,41.06,101.41,330.00,1691.00,null,null,null
2023-09-09T17:13:01Z,30.08,56.04,99,13,44.65,101.41,357.00,1720.00,0,0,0
2023-09-09T17:14:01Z,30.11,54.87,99,15,47.80,101.41,387.00,1747.00,null,null,null
2023-09-09T17:15:01Z,30.08,54.71,99,15,47.14,101.41,341.00,1703.00,null,null,null
2023-09-09T17:16:01Z,30.09,54.15,99,10,41.32,101.42,312.00,1673.00,null,null,null
2023-09-09T17:17:01Z,30.05,54.19,99,10,49.78,101.42,293.00,1654.00,null,null,null
2023-09-09T17:18:01Z,30.08,54.52,99,12,53.74,101.42,274.00,1632.00,0,0,0
2023-09-09T17:19:01Z,30.12,56.02,99,18,54.56,101.42,283.00,1641.00,null,null,null
2023-09-09T17:20:01Z,30.08,56.19,99,23,49.94,101.42,278.00,1636.00,null,null,null
2023-09-09T17:21:01Z,30.07,56.63,99,17,55.78,101.42,295.00,1656.00,null,null,null
2023-09-09T17:22:01Z,30.39,59.13,98,35,62.09,101.42,327.00,1689.00,null,null,null
2023-09-09T17:23:01Z,30.46,58.39,98,40,62.41,101.42,313.00,1674.00,0,0,0
2023-09-09T17:24:01Z,30.49,58.32,98,39,46.52,101.42,345.00,1705.00,null,null,null
2023-09-09T17:25:01Z,30.52,59.03,98,87,44.61,101.42,385.00,1744.00,null,null,null
2023-09-09T17:26:01Z,30.56,58.83,98,82,47.98,101.42,405.00,1762.00,null,null,null
2023-09-09T17:27:01Z,30.56,58.44,98,93,56.38,101.43,424.00,1777.00,null,null,null
2023-09-09T17:28:01Z,30.55,58.19,98,106,54.83,101.43,428.00,1780.00,0,0,0
2023-09-09T17:29:01Z,30.58,58.86,98,103,50.73,101.43,444.00,1795.00,null,null,null
2023-09-09T17:30:01Z,30.59,58.81,98,69,55.68,101.43,452.00,1803.00,null,null,null
2023-09-09T17:31:01Z,30.60,59.09,98,57,48.22,101.44,483.00,1827.00,null,null,null
2023-09-09T17:32:01Z,30.65,59.07,98,74,50.77,101.44,516.00,1851.00,null,null,null
2023-09-09T17:33:01Z,30.63,58.68,98,50,45.36,101.44,527.00,1858.00,0,0,0
2023-09-09T17:34:01Z,30.65,58.23,98,49,91.36,101.43,521.00,1853.00,null,null,null
2023-09-09T17:35:01Z,30.66,58.78,98,52,49.98,101.44,516.00,1851.00,null,null,null
2023-09-09T17:36:01Z,30.66,57.73,98,42,45.15,101.44,527.00,1858.00,null,null,null
2023-09-09T17:37:01Z,30.67,57.78,98,37,88.35,101.44,547.00,1874.00,null,null,null
2023-09-09T17:38:01Z,30.66,56.91,98,33,90.53,101.43,564.00,1885.00,0,0,0
2023-09-09T17:39:01Z,30.67,58.24,98,29,66.55,101.43,554.00,1879.00,null,null,null
2023-09-09T17:40:01Z,30.69,58.13,98,26,48.71,101.44,540.00,1867.00,null,null,null
2023-09-09T17:41:01Z,30.72,58.12,98,23,43.51,101.43,527.00,1858.00,null,null,null
2023-09-09T17:42:01Z,30.69,57.73,98,21,55.98,101.43,548.00,1875.00,null,null,null
2023-09-09T17:43:01Z,30.70,57.79,98,18,89.93,101.44,535.00,1863.00,0,0,0
2023-09-09T17:44:01Z,30.70,57.27,98,19,52.38,101.44,516.00,1851.00,null,null,null
2023-09-09T17:45:01Z,30.72,57.70,98,17,55.15,101.44,514.00,1849.00,null,null,null
2023-09-09T17:46:01Z,30.73,58.66,98,15,51.21,101.44,523.00,1855.00,null,null,null
2023-09-09T17:47:01Z,30.70,58.41,98,15,41.61,101.44,521.00,1853.00,null,null,null
2023-09-09T17:48:01Z,30.75,58.64,98,14,58.90,101.44,542.00,1868.00,0,0,0
2023-09-09T17:49:01Z,30.73,58.98,98,13,76.13,101.44,564.00,1885.00,null,null,null
2023-09-09T17:50:01Z,30.73,58.88,98,13,70.99,101.44,564.00,1885.00,null,null,null
2023-09-09T17:51:01Z,30.73,58.83,98,14,47.86,101.44,590.00,1903.00,null,null,null
2023-09-09T17:52:01Z,30.73,58.54,98,14,51.58,101.44,605.00,1914.00,null,null,null
2023-09-09T17:53:01Z,30.72,59.69,98,12,68.99,101.44,625.00,1926.00,0,0,0
2023-09-09T17:54:01Z,30.69,59.61,98,13,58.44,101.44,625.00,1926.00,null,null,null
2023-09-09T17:55:01Z,30.66,59.16,98,11,47.11,101.43,625.00,1926.00,null,null,null
2023-09-09T17:56:01Z,30.69,58.62,98,12,84.86,101.43,645.00,1938.00,null,null,null
2023-09-09T17:57:01Z,30.65,57.65,98,13,92.57,101.44,665.00,1951.00,null,null,null
2023-09-09T17:58:01Z,30.63,58.37,98,11,84.91,101.44,683.00,1962.00,0,0,0
2023-09-09T17:59:01Z,30.62,59.22,98,12,77.91,101.43,665.00,1951.00,null,null,null
2023-09-09T18:00:01Z,30.58,60.05,98,12,56.07,101.44,676.00,1959.00,null,null,null
2023-09-09T18:01:01Z,30.60,61.23,98,10,51.62,101.43,709.00,1978.00,null,null,null
2023-09-09T18:02:01Z,30.58,60.16,98,9,57.18,101.43,725.00,1988.00,null,null,null
2023-09-09T18:03:01Z,30.58,61.95,98,33,66.23,101.43,740.00,1997.00,0,0,0
2023-09-09T18:04:01Z,30.58,61.26,98,31,45.92,101.43,709.00,1978.00,null,null,null
2023-09-09T18:05:01Z,30.58,61.66,98,30,53.50,101.43,716.00,1982.00,null,null,null
2023-09-09T18:06:01Z,30.56,59.92,98,29,72.79,101.43,703.00,1975.00,null,null,null
2023-09-09T18:07:01Z,30.59,61.30,98,26,59.55,101.44,727.00,1989.00,null,null,null
2023-09-09T18:08:01Z,30.56,60.63,98,25,54.72,101.44,716.00,1982.00,0,0,0
2023-09-09T18:09:01Z,30.55,61.13,98,23,69.99,101.44,734.00,1993.00,null,null,null
2023-09-09T18:10:01Z,30.56,59.55,98,22,86.03,101.44,725.00,1988.00,null,null,null
2023-09-09T18:11:01Z,30.56,59.25,98,20,72.17,101.44,750.00,2002.00,null,null,null
2023-09-09T18:12:01Z,30.55,58.83,98,19,92.81,101.44,718.00,1983.00,null,null,null
2023-09-09T18:13:01Z,30.53,59.34,98,18,91.86,101.44,659.00,1948.00,0,0,0
2023-09-09T18:14:01Z,30.52,59.14,98,16,58.87,101.44,637.00,1934.00,null,null,null
2023-09-09T18:15:01Z,30.52,59.26,98,30,91.25,101.44,659.00,1948.00,null,null,null
2023-09-09T18:16:01Z,30.49,58.74,98,29,62.80,101.44,625.00,1926.00,null,null,null
2023-09-09T18:17:01Z,30.52,58.71,98,27,63.95,101.44,651.00,1942.00,null,null,null
2023-09-09T18:18:01Z,30.52,58.08,98,26,50.07,101.45,651.00,1942.00,0,0,0
2023-09-09T18:19:01Z,30.53,58.24,98,26,61.76,101.44,647.00,1939.00,null,null,null
2023-09-09T18:20:01Z,30.52,58.23,98,23,54.15,101.45,647.00,1939.00,null,null,null
2023-09-09T18:21:01Z,30.49,60.94,98,22,62.43,101.45,633.00,1931.00,null,null,null
2023-09-09T18:22:01Z,30.48,61.35,98,23,54.06,101.45,603.00,1913.00,null,null,null
2023-09-09T18:23:01Z,30.49,58.91,98,21,64.22,101.45,554.00,1879.00,0,0,0
2023-09-09T18:24:01Z,30.49,58.75,98,21,51.15,101.46,659.00,1948.00,null,null,null
2023-09-09T18:25:01Z,30.50,56.56,98,23,62.98,101.46,760.00,2007.00,null,null,null
2023-09-09T18:26:01Z,30.49,58.20,98,23,62.29,101.45,789.00,2023.00,null,null,null
2023-09-09T18:27:01Z,30.50,58.49,98,22,46.12,101.45,794.00,2025.00,null,null,null
2023-09-09T18:28:01Z,30.48,55.98,98,22,52.48,101.46,803.00,2031.00,0,0,0
2023-09-09T18:29:01Z,30.46,56.40,98,21,62.92,101.46,763.00,2009.00,null,null,null
2023-09-09T18:30:01Z,30.45,56.87,98,22,44.25,101.46,750.00,2002.00,null,null,null
2023-09-09T18:31:01Z,30.46,56.03,98,22,48.59,101.47,742.00,1998.00,null,null,null
2023-09-09T18:32:01Z,30.46,57.91,98,22,53.35,101.47,742.00,1998.00,null,null,null
2023-09-09T18:33:01Z,30.43,58.59,98,19,47.72,101.47,674.00,1957.00,0,0,0
2023-09-09T18:34:01Z,30.42,61.93,98,13,54.26,101.47,651.00,1942.00,null,null,null
2023-09-09T18:35:01Z,30.42,59.07,98,16,60.95,101.48,564.00,1885.00,null,null,null
2023-09-09T18:36:01Z,30.39,57.81,98,14,50.45,101.48,633.00,1931.00,null,null,null
2023-09-09T18:37:01Z,30.39,56.77,98,12,53.11,101.47,633.00,1931.00,null,null,null
2023-09-09T18:38:01Z,30.35,63.69,98,13,49.89,101.47,619.00,1922.00,0,0,0
2023-09-09T18:39:01Z,30.34,63.41,98,12,48.53,101.47,581.00,1897.00,null,null,null
2023-09-09T18:40:01Z,30.32,60.36,98,13,67.11,101.48,623.00,1925.00,null,null,null
2023-09-09T18:41:01Z,30.31,62.65,98,15,44.90,101.47,623.00,1925.00,null,null,null
2023-09-09T18:42:01Z,30.28,64.20,98,13,47.55,101.48,625.00,1926.00,null,null,null
2023-09-09T18:43:01Z,30.27,63.20,98,12,52.02,101.48,603.00,1913.00,0,0,0
2023-09-09T18:44:01Z,30.27,58.54,98,13,65.16,101.47,536.00,1865.00,null,null,null
2023-09-09T18:45:01Z,30.27,58.69,98,27,50.89,101.48,521.00,1853.00,null,null,null
2023-09-09T18:46:01Z,30.28,58.37,98,27,47.66,101.48,509.00,1846.00,null,null,null
2023-09-09T18:47:01Z,30.25,57.08,98,27,43.84,101.48,501.00,1839.00,null,null,null
2023-09-09T18:48:01Z,30.28,56.51,98,27,49.74,101.48,483.00,1827.00,0,0,0
2023-09-09T18:49:01Z,30.31,55.86,98,27,45.71,101.48,439.00,1790.00,null,null,null
2023-09-09T18:50:01Z,30.29,55.98,98,27,42.39,101.48,394.00,1753.00,null,null,null
2023-09-09T18:51:01Z,30.28,55.68,98,27,43.33,101.48,385.00,1744.00,null,null,null
2023-09-09T18:52:01Z,30.29,55.58,98,27,51.91,101.48,379.00,1739.00,null,null,null
2023-09-09T18:53:01Z,30.32,55.33,98,27,55.15,101.49,379.00,1739.00,0,0,0
2023-09-09T18:54:01Z,30.31,55.42,98,27,49.63,101.48,356.00,1718.00,null,null,null
2023-09-09T18:55:01Z,30.32,54.85,98,27,45.43,101.48,349.00,1710.00,null,null,null
2023-09-09T18:56:01Z,30.29,55.00,98,27,58.90,101.49,347.00,1708.00,null,null,null
2023-09-09T18:57:01Z,30.28,54.90,98,27,64.80,101.48,347.00,1708.00,null,null,null
2023-09-09T18:58:01Z,30.31,54.66,98,25,79.25,101.49,347.00,1708.00,0,0,0
2023-09-09T18:59:01Z,30.32,55.47,98,27,55.91,101.49,335.00,1696.00,null,null,null
2023-09-09T19:00:01Z,30.31,55.49,98,27,45.22,101.49,306.00,1668.00,null,null,null
2023-09-09T19:01:01Z,30.31,54.91,98,27,42.24,101.50,326.00,1687.00,null,null,null
2023-09-09T19:02:01Z,30.32,55.04,98,27,46.57,101.50,320.00,1681.00,null,null,null
2023-09-09T19:03:01Z,30.32,55.08,98,27,46.14,101.49,320.00,1681.00,0,0,0
2023-09-09T19:04:01Z,30.32,54.68,98,27,44.17,101.50,299.00,1660.00,null,null,null
2023-09-09T19:05:01Z,30.34,54.56,98,27,45.53,101.50,303.00,1664.00,null,null,null
2023-09-09T19:06:01Z,30.31,54.23,98,27,45.30,101.50,296.00,1657.00,null,null,null
2023-09-09T19:07:01Z,30.32,54.08,98,27,44.48,101.50,288.00,1648.00,null,null,null
2023-09-09T19:08:01Z,30.29,53.97,98,0,41.57,101.49,283.00,1641.00,0,0,0
2023-09-09T19:09:01Z,30.31,53.93,98,0,47.88,101.49,266.00,1624.00,null,null,null
2023-09-09T19:10:01Z,30.32,53.85,98,0,47.73,101.49,261.00,1616.00,null,null,null
2023-09-09T19:11:01Z,30.29,54.00,98,0,46.96,101.49,261.00,1616.00,null,null,null
2023-09-09T19:12:01Z,30.31,53.90,98,0,45.61,101.49,261.00,1616.00,null,null,null
2023-09-09T19:13:01Z,30.31,53.99,98,0,42.83,101.49,255.00,1611.00,0,0,0
2023-09-09T19:14:01Z,30.31,54.12,98,0,43.96,101.49,244.00,1598.00,null,null,null
