TIME,TEMP,HUM,BATT,LIGHT,NOISE_A,PRESS,CCS811_VOCS,CCS811_ECO2,PM_1,PM_25,PM_10
ISO 8601,C,%,%,Lux,dBA,kPa,ppb,ppm,ug/m3,ug/m3,ug/m3
Time,Temperature,Humidity,Battery,Light,Noise dBA,Barometric pressure,VOC Gas CCS811,eCO2 Gas CCS811,PM 1.0,PM 2.5,PM 10.0
,55,56,10,14,53,58,113,112,89,87,88
2023-09-03T00:00:03Z,24.69,67.50,95,0,38.31,102.54,596.00,1908.00,0,0,0
2023-09-03T00:01:03Z,24.69,67.57,95,0,38.86,102.55,556.00,1882.00,null,null,null
2023-09-03T00:02:03Z,24.69,67.53,95,0,32.76,102.55,607.00,1914.00,null,null,null
2023-09-03T00:03:03Z,24.69,67.49,95,0,34.59,102.54,738.00,1996.00,null,null,null
2023-09-03T00:04:03Z,24.69,67.52,95,0,37.54,102.54,725.00,1988.00,null,null,null
2023-09-03T00:05:03Z,24.71,67.48,95,0,34.82,102.54,725.00,1988.00,0,0,0
2023-09-03T00:06:03Z,24.71,67.47,95,0,41.78,102.54,634.00,1933.00,null,null,null
2023-09-03T00:07:03Z,24.71,67.53,95,0,41.10,102.54,674.00,1957.00,null,null,null
2023-09-03T00:08:03Z,24.71,67.46,95,0,39.31,102.54,771.00,2014.00,null,null,null
2023-09-03T00:09:03Z,24.69,67.46,95,0,27.49,102.54,725.00,1988.00,null,null,null
2023-09-03T00:10:03Z,24.69,67.46,95,0,32.28,102.54,664.00,1950.00,0,0,0
2023-09-03T00:11:03Z,24.72,67.46,95,0,36.12,102.54,738.00,1996.00,null,null,null
2023-09-03T00:12:03Z,24.74,67.60,95,0,38.41,102.54,649.00,1940.00,null,null,null
2023-09-03T00:13:03Z,24.71,67.55,95,0,35.28,102.54,623.00,1925.00,null,null,null
2023-09-03T00:14:03Z,24.71,67.50,95,0,37.84,102.54,596.00,1908.00,null,null,null
2023-09-03T00:15:03Z,24.69,67.43,95,0,40.07,102.54,725.00,1988.00,0,0,0
2023-09-03T00:16:03Z,24.72,67.49,95,0,42.32,102.53,649.00,1940.00,null,null,null
2023-09-03T00:17:03Z,24.72,67.46,95,0,31.02,102.54,886.00,2082.00,null,null,null
2023-09-03T00:18:03Z,24.72,67.53,95,0,43.42,102.54,865.00,2070.00,null,null,null
2023-09-03T00:19:03Z,24.69,67.52,95,0,36.58,102.53,886.00,2082.00,null,null,null
2023-09-03T00:20:03Z,24.69,67.51,95,0,36.75,102.53,806.00,2033.00,0,0,0
2023-09-03T00:21:03Z,24.72,67.50,95,0,31.60,102.53,787.00,2022.00,null,null,null
2023-09-03T00:22:03Z,24.71,67.53,95,0,36.27,102.53,725.00,1988.00,null,null,null
2023-09-03T00:23:03Z,24.72,67.52,95,0,34.82,102.53,771.00,2014.00,null,null,null
2023-09-03T00:24:03Z,24.72,67.52,95,0,35.22,102.53,825.00,2050.00,null,null,null
2023-09-03T00:25:03Z,24.72,67.47,95,0,36.79,102.53,707.00,1977.00,0,0,0
2023-09-03T00:26:03Z,24.74,67.41,95,0,38.16,102.54,556.00,1882.00,null,null,null
2023-09-03T00:27:03Z,24.71,67.41,95,0,41.09,102.54,607.00,1914.00,null,null,null
2023-09-03T00:28:03Z,24.69,67.38,95,0,39.70,102.54,543.00,1870.00,null,null,null
2023-09-03T00:29:03Z,24.72,67.33,95,0,36.86,102.54,535.00,1863.00,null,null,null
2023-09-03T00:30:03Z,24.69,67.28,95,0,44.53,102.54,649.00,1940.00,0,0,0
2023-09-03T00:31:03Z,24.74,67.27,95,0,34.05,102.54,738.00,1996.00,null,null,null
2023-09-03T00:32:03Z,24.69,67.23,95,0,33.00,102.53,725.00,1988.00,null,null,null
2023-09-03T00:33:03Z,24.69,67.31,95,0,30.96,102.53,655.00,1945.00,null,null,null
2023-09-03T00:34:03Z,24.72,67.27,95,0,37.95,102.53,556.00,1882.00,null,null,null
2023-09-03T00:35:03Z,24.71,67.27,95,0,34.70,102.53,634.00,1933.00,0,0,0
2023-09-03T00:36:03Z,24.71,67.17,94,0,41.69,102.53,523.00,1855.00,null,null,null
2023-09-03T00:37:03Z,24.74,67.22,94,0,26.53,102.52,641.00,1935.00,null,null,null
2023-09-03T00:38:03Z,24.71,67.29,94,0,43.32,102.53,564.00,1885.00,null,null,null
2023-09-03T00:39:03Z,24.71,67.18,94,0,37.60,102.53,503.00,1841.00,null,null,null
2023-09-03T00:40:03Z,24.71,67.13,94,0,31.74,102.53,548.00,1875.00,0,0,0
2023-09-03T00:41:03Z,24.71,67.13,94,0,34.51,102.53,507.00,1844.00,null,null,null
2023-09-03T00:42:03Z,24.69,67.14,95,0,35.66,102.53,487.00,1829.00,null,null,null
2023-09-03T00:43:03Z,24.72,67.14,94,0,36.16,102.53,518.00,1852.00,null,null,null
2023-09-03T00:44:03Z,24.69,67.15,94,0,40.35,102.53,507.00,1844.00,null,null,null
2023-09-03T00:45:03Z,24.69,67.08,94,0,40.87,102.53,540.00,1867.00,0,0,0
2023-09-03T00:46:03Z,24.72,67.11,94,0,41.96,102.53,467.00,1814.00,null,null,null
2023-09-03T00:47:03Z,24.69,67.13,94,0,42.02,102.53,467.00,1814.00,null,null,null
2023-09-03T00:48:03Z,24.72,67.07,94,0,39.50,102.53,527.00,1858.00,null,null,null
2023-09-03T00:49:03Z,24.72,67.02,94,0,37.28,102.54,487.00,1829.00,null,null,null
2023-09-03T00:50:03Z,24.69,67.01,94,0,36.64,102.53,474.00,1819.00,0,0,0
2023-09-03T00:51:03Z,24.72,67.01,94,0,36.49,102.53,494.00,1834.00,null,null,null
2023-09-03T00:52:03Z,24.72,66.96,94,0,38.32,102.53,507.00,1844.00,null,null,null
2023-09-03T00:53:03Z,24.72,66.99,94,0,45.77,102.53,540.00,1867.00,null,null,null
2023-09-03T00:54:03Z,24.69,66.94,94,0,35.06,102.53,641.00,1935.00,null,null,null
2023-09-03T00:55:03Z,24.72,66.98,94,0,44.25,102.53,680.00,1961.00,0,0,0
2023-09-03T00:56:03Z,24.72,67.01,94,0,34.42,102.53,680.00,1961.00,null,null,null
2023-09-03T00:57:03Z,24.74,66.96,94,0,35.86,102.52,680.00,1961.00,null,null,null
2023-09-03T00:58:03Z,24.69,66.95,94,0,30.97,102.53,601.00,1911.00,null,null,null
2023-09-03T00:59:03Z,24.74,66.88,94,0,44.81,102.53,746.00,1999.00,null,null,null
2023-09-03T01:00:03Z,24.72,66.88,94,0,41.18,102.53,779.00,2018.00,0,0,0
2023-09-03T01:01:03Z,24.71,66.85,94,0,39.55,102.54,833.00,2054.00,null,null,null
2023-09-03T01:02:03Z,24.72,66.87,94,0,37.81,102.54,714.00,1981.00,null,null,null
2023-09-03T01:03:03Z,24.74,66.85,94,0,34.76,102.54,833.00,2054.00,null,null,null
2023-09-03T01:04:03Z,24.74,66.82,94,0,30.69,102.54,746.00,1999.00,null,null,null
2023-09-03T01:05:03Z,24.71,66.80,94,0,35.35,102.54,746.00,1999.00,0,0,0
2023-09-03T01:06:03Z,24.74,66.92,94,0,34.94,102.54,575.00,1893.00,null,null,null
2023-09-03T01:07:03Z,24.72,66.83,94,0,32.14,102.54,548.00,1875.00,null,null,null
2023-09-03T01:08:03Z,24.72,66.87,94,0,35.97,102.54,527.00,1858.00,null,null,null
2023-09-03T01:09:03Z,24.71,66.91,94,0,39.80,102.54,527.00,1858.00,null,null,null
2023-09-03T01:10:03Z,24.71,66.88,94,0,34.78,102.54,494.00,1834.00,0,0,0
2023-09-03T01:11:03Z,24.71,66.97,94,0,38.68,102.54,428.00,1780.00,null,null,null
2023-09-03T01:12:03Z,24.72,66.93,94,0,28.55,102.54,428.00,1780.00,null,null,null
2023-09-03T01:13:03Z,24.74,66.94,94,0,35.82,102.54,601.00,1911.00,null,null,null
2023-09-03T01:14:03Z,24.71,67.03,94,0,32.10,102.54,641.00,1935.00,null,null,null
2023-09-03T01:15:03Z,24.72,66.98,94,0,37.41,102.54,629.00,1929.00,0,0,0
2023-09-03T01:16:03Z,24.74,67.17,94,0,37.54,102.54,518.00,1852.00,null,null,null
2023-09-03T01:17:03Z,24.71,67.20,94,0,31.53,102.53,629.00,1929.00,null,null,null
2023-09-03T01:18:03Z,24.74,67.16,94,0,33.53,102.54,575.00,1893.00,null,null,null
2023-09-03T01:19:03Z,24.72,67.12,94,0,41.86,102.54,655.00,1945.00,null,null,null
2023-09-03T01:20:03Z,24.74,67.09,94,0,37.78,102.54,601.00,1911.00,0,0,0
2023-09-03T01:21:03Z,24.72,67.14,94,0,33.38,102.54,507.00,1844.00,null,null,null
2023-09-03T01:22:03Z,24.72,67.12,94,0,30.17,102.55,586.00,1900.00,null,null,null
2023-09-03T01:23:03Z,24.72,67.18,94,0,33.40,102.54,833.00,2054.00,null,null,null
2023-09-03T01:24:03Z,24.71,67.18,94,0,43.30,102.54,833.00,2054.00,null,null,null
2023-09-03T01:25:03Z,24.72,67.18,94,0,41.82,102.54,779.00,2018.00,0,0,0
2023-09-03T01:26:03Z,24.74,67.12,94,0,35.29,102.54,746.00,1999.00,null,null,null
2023-09-03T01:27:03Z,24.72,67.15,94,0,46.73,102.54,779.00,2018.00,null,null,null
2023-09-03T01:28:03Z,24.72,67.13,94,0,33.48,102.54,911.00,2094.00,null,null,null
2023-09-03T01:29:03Z,24.74,67.13,94,0,42.63,102.54,933.00,2106.00,null,null,null
2023-09-03T01:30:03Z,24.71,67.15,94,0,33.21,102.55,872.00,2076.00,0,0,0
2023-09-03T01:31:03Z,24.72,67.14,94,0,38.25,102.55,698.00,1972.00,null,null,null
2023-09-03T01:32:03Z,24.71,67.20,94,0,43.15,102.55,641.00,1935.00,null,null,null
2023-09-03T01:33:03Z,24.74,67.12,94,0,36.70,102.55,763.00,2009.00,null,null,null
2023-09-03T01:34:03Z,24.72,67.20,94,0,32.14,102.55,854.00,2066.00,null,null,null
2023-09-03T01:35:03Z,24.71,67.21,94,0,45.09,102.55,911.00,2094.00,0,0,0
2023-09-03T01:36:03Z,24.74,67.21,94,0,34.99,102.55,854.00,2066.00,null,null,null
2023-09-03T01:37:03Z,24.72,67.19,94,0,30.83,102.55,794.00,2025.00,null,null,null
2023-09-03T01:38:03Z,24.74,67.27,94,0,29.69,102.55,714.00,1981.00,null,null,null
2023-09-03T01:39:03Z,24.72,67.31,94,0,35.16,102.55,692.00,1968.00,null,null,null
2023-09-03T01:40:03Z,24.71,67.34,94,0,34.96,102.55,674.00,1957.00,0,0,0
2023-09-03T01:41:03Z,24.72,67.31,94,0,37.74,102.55,664.00,1950.00,null,null,null
2023-09-03T01:42:03Z,24.72,67.33,94,0,33.77,102.56,692.00,1968.00,null,null,null
2023-09-03T01:43:03Z,24.72,67.35,94,0,42.49,102.55,886.00,2082.00,null,null,null
2023-09-03T01:44:03Z,24.72,67.34,94,0,33.07,102.55,886.00,2082.00,null,null,null
2023-09-03T01:45:03Z,24.74,67.32,94,0,28.91,102.55,1005.00,2138.00,0,0,0
2023-09-03T01:46:03Z,24.74,67.29,94,0,30.20,102.55,925.00,2102.00,null,null,null
2023-09-03T01:47:03Z,24.74,67.28,94,0,40.97,102.55,963.00,2120.00,null,null,null
2023-09-03T01:48:03Z,24.72,67.28,94,0,29.47,102.55,886.00,2082.00,null,null,null
2023-09-03T01:49:03Z,24.75,67.28,94,0,46.61,102.55,963.00,2120.00,null,null,null
2023-09-03T01:50:03Z,24.72,67.28,94,0,32.05,102.55,909.00,2092.00,0,0,0
2023-09-03T01:51:03Z,24.74,67.25,94,0,43.69,102.55,946.00,2112.00,null,null,null
2023-09-03T01:52:03Z,24.72,67.22,94,0,34.73,102.55,846.00,2062.00,null,null,null
2023-09-03T01:53:03Z,24.71,67.25,94,0,39.73,102.55,933.00,2106.00,null,null,null
2023-09-03T01:54:03Z,24.72,67.19,94,0,29.74,102.55,981.00,2128.00,null,null,null
2023-09-03T01:55:03Z,24.72,67.22,94,0,39.28,102.55,1057.00,2162.00,0,0,0
2023-09-03T01:56:03Z,24.69,67.26,94,0,32.88,102.55,813.00,2036.00,null,null,null
2023-09-03T01:57:03Z,24.74,67.22,94,0,36.10,102.55,925.00,2102.00,null,null,null
2023-09-03T01:58:03Z,24.74,67.25,94,0,34.57,102.55,854.00,2066.00,null,null,null
2023-09-03T01:59:03Z,24.74,67.15,94,0,35.28,102.55,925.00,2102.00,null,null,null
2023-09-03T02:00:03Z,24.72,67.21,94,0,27.80,102.55,854.00,2066.00,0,0,0
2023-09-03T02:01:03Z,24.74,67.19,94,0,34.62,102.56,872.00,2076.00,null,null,null
2023-09-03T02:02:03Z,24.75,67.21,94,0,35.85,102.56,933.00,2106.00,null,null,null
2023-09-03T02:03:03Z,24.72,67.21,94,0,32.08,102.56,937.00,2108.00,null,null,null
2023-09-03T02:04:03Z,24.71,67.20,94,0,35.54,102.57,990.00,2132.00,null,null,null
2023-09-03T02:05:03Z,24.72,67.26,94,0,35.35,102.56,1040.00,2156.00,0,0,0
2023-09-03T02:06:03Z,24.74,67.25,94,0,31.26,102.56,903.00,2092.00,null,null,null
2023-09-03T02:07:03Z,24.71,67.15,94,0,39.07,102.57,1148.00,2205.00,null,null,null
2023-09-03T02:08:03Z,24.72,67.13,94,0,32.21,102.56,894.00,2088.00,null,null,null
2023-09-03T02:09:03Z,24.71,67.07,94,0,38.58,102.57,911.00,2094.00,null,null,null
2023-09-03T02:10:03Z,24.69,67.15,94,0,31.45,102.56,813.00,2036.00,0,0,0
2023-09-03T02:11:03Z,24.72,67.13,94,0,32.68,102.56,732.00,1992.00,null,null,null
2023-09-03T02:12:03Z,24.72,67.07,94,0,35.94,102.57,746.00,1999.00,null,null,null
2023-09-03T02:13:03Z,24.72,67.05,94,0,36.35,102.57,746.00,1999.00,null,null,null
2023-09-03T02:14:03Z,24.72,67.05,94,0,32.36,102.57,894.00,2088.00,null,null,null
2023-09-03T02:15:03Z,24.71,67.01,94,0,36.44,102.56,972.00,2124.00,0,0,0
2023-09-03T02:16:03Z,24.72,66.98,94,0,36.95,102.57,813.00,2036.00,null,null,null
2023-09-03T02:17:03Z,24.71,66.96,94,0,39.22,102.57,680.00,1961.00,null,null,null
2023-09-03T02:18:03Z,24.72,66.93,94,0,38.71,102.57,601.00,1911.00,null,null,null
2023-09-03T02:19:03Z,24.71,66.89,94,0,42.94,102.58,655.00,1945.00,null,null,null
2023-09-03T02:20:03Z,24.69,66.82,94,0,37.44,102.57,670.00,1954.00,0,0,0
2023-09-03T02:21:03Z,24.71,66.88,94,0,38.83,102.57,575.00,1893.00,null,null,null
2023-09-03T02:22:03Z,24.71,66.96,94,0,37.66,102.58,655.00,1945.00,null,null,null
2023-09-03T02:23:03Z,24.71,66.92,94,0,33.69,102.57,629.00,1929.00,null,null,null
2023-09-03T02:24:03Z,24.71,66.84,94,0,40.85,102.58,680.00,1961.00,null,null,null
2023-09-03T02:25:03Z,24.69,66.84,94,0,39.03,102.58,813.00,2036.00,0,0,0
2023-09-03T02:26:03Z,24.69,66.81,94,0,37.01,102.58,714.00,1981.00,null,null,null
2023-09-03T02:27:03Z,24.71,66.74,94,0,43.79,102.58,813.00,2036.00,null,null,null
2023-09-03T02:28:03Z,24.72,66.78,94,0,43.11,102.58,787.00,2022.00,null,null,null
2023-09-03T02:29:03Z,24.69,66.79,94,0,30.38,102.58,854.00,2066.00,null,null,null
2023-09-03T02:30:03Z,24.69,66.77,94,0,47.33,102.59,813.00,2036.00,0,0,0
2023-09-03T02:31:03Z,24.71,66.66,94,0,31.08,102.58,714.00,1981.00,null,null,null
2023-09-03T02:32:03Z,24.72,66.63,94,0,26.89,102.58,676.00,1959.00,null,null,null
2023-09-03T02:33:03Z,24.69,66.67,94,0,44.44,102.58,840.00,2060.00,null,null,null
2023-09-03T02:34:03Z,24.69,66.65,94,0,28.77,102.59,881.00,2080.00,null,null,null
2023-09-03T02:35:03Z,24.69,66.67,94,0,36.95,102.58,862.00,2072.00,0,0,0
2023-09-03T02:36:03Z,24.69,66.65,94,0,32.72,102.59,840.00,2060.00,null,null,null
2023-09-03T02:37:03Z,24.69,66.63,94,0,39.12,102.59,661.00,1949.00,null,null,null
2023-09-03T02:38:03Z,24.71,66.60,94,0,30.72,102.59,801.00,2030.00,null,null,null
2023-09-03T02:39:03Z,24.69,66.64,94,0,39.26,102.60,705.00,1976.00,null,null,null
2023-09-03T02:40:03Z,24.69,66.60,94,0,42.09,102.59,903.00,2092.00,0,0,0
2023-09-03T02:41:03Z,24.72,66.60,94,0,34.49,102.59,676.00,1959.00,null,null,null
2023-09-03T02:42:03Z,24.68,66.51,94,0,37.95,102.59,920.00,2098.00,null,null,null
2023-09-03T02:43:03Z,24.71,66.57,94,0,38.76,102.59,720.00,1985.00,null,null,null
2023-09-03T02:44:03Z,24.69,66.53,94,0,35.72,102.60,619.00,1922.00,null,null,null
2023-09-03T02:45:03Z,24.69,66.47,94,0,34.96,102.60,570.00,1889.00,0,0,0
2023-09-03T02:46:03Z,24.68,66.48,94,0,33.96,102.60,492.00,1833.00,null,null,null
2023-09-03T02:47:03Z,24.69,66.48,93,0,33.40,102.60,545.00,1871.00,null,null,null
2023-09-03T02:48:03Z,24.69,66.47,94,0,33.56,102.60,570.00,1889.00,null,null,null
2023-09-03T02:49:03Z,24.69,66.35,94,0,39.49,102.61,513.00,1848.00,null,null,null
2023-09-03T02:50:03Z,24.69,66.46,94,0,38.24,102.61,492.00,1833.00,0,0,0
2023-09-03T02:51:03Z,24.69,66.36,94,0,29.36,102.60,523.00,1855.00,null,null,null
2023-09-03T02:52:03Z,24.69,66.51,93,0,36.57,102.61,513.00,1848.00,null,null,null
2023-09-03T02:53:03Z,24.66,66.35,93,0,37.15,102.60,545.00,1871.00,null,null,null
2023-09-03T02:54:03Z,24.68,66.32,94,0,31.92,102.61,471.00,1817.00,null,null,null
2023-09-03T02:55:03Z,24.71,66.40,93,0,38.63,102.61,499.00,1838.00,0,0,0
2023-09-03T02:56:03Z,24.68,66.26,94,0,32.99,102.61,513.00,1848.00,null,null,null
2023-09-03T02:57:03Z,24.68,66.32,93,0,36.74,102.61,532.00,1862.00,null,null,null
2023-09-03T02:58:03Z,24.71,66.27,93,0,33.25,102.61,523.00,1855.00,null,null,null
2023-09-03T02:59:03Z,24.71,66.24,93,0,30.50,102.61,554.00,1879.00,null,null,null
