TIME,TEMP,HUM,BATT,LIGHT,NOISE_A,PRESS,CCS811_VOCS,CCS811_ECO2,PM_1,PM_25,PM_10
ISO 8601,C,%,%,Lux,dBA,kPa,ppb,ppm,ug/m3,ug/m3,ug/m3
Time,Temperature,Humidity,Battery,Light,Noise dBA,Barometric pressure,VOC Gas CCS811,eCO2 Gas CCS811,PM 1.0,PM 2.5,PM 10.0
,55,56,10,14,53,58,113,112,89,87,88
2023-09-03T00:00:04Z,22.98,71.54,100,0,42.03,102.51,3.00,422.00,10,15,36
2023-09-03T00:01:04Z,23.00,71.89,100,0,43.70,102.51,2.00,418.00,null,null,null
2023-09-03T00:02:04Z,23.03,71.61,99,0,42.71,102.51,3.00,420.00,null,null,null
2023-09-03T00:03:04Z,23.00,71.51,100,0,51.99,102.50,2.00,418.00,null,null,null
2023-09-03T00:04:04Z,23.02,71.43,100,0,47.92,102.50,2.00,418.00,null,null,null
2023-09-03T00:05:04Z,22.99,71.36,100,0,48.78,102.50,2.00,418.00,10,16,16
2023-09-03T00:06:04Z,22.99,71.60,99,0,40.80,102.51,3.00,422.00,null,null,null
2023-09-03T00:07:04Z,22.99,71.41,100,0,47.38,102.51,3.00,422.00,null,null,null
2023-09-03T00:08:04Z,22.99,71.34,99,0,44.16,102.50,3.00,422.00,null,null,null
2023-09-03T00:09:04Z,23.02,71.21,100,0,43.22,102.50,3.00,422.00,null,null,null
2023-09-03T00:10:04Z,23.00,71.18,100,0,47.26,102.50,3.00,426.00,11,15,15
2023-09-03T00:11:04Z,22.99,71.33,100,0,35.09,102.50,3.00,426.00,null,null,null
2023-09-03T00:12:04Z,23.00,71.17,100,0,34.94,102.50,3.00,422.00,null,null,null
2023-09-03T00:13:04Z,22.99,71.09,100,0,33.19,102.50,5.00,434.00,null,null,null
2023-09-03T00:14:04Z,23.00,71.05,100,0,38.65,102.50,3.00,423.00,null,null,null
2023-09-03T00:15:04Z,22.98,71.03,100,0,32.68,102.50,5.00,434.00,12,16,19
2023-09-03T00:16:04Z,22.99,70.99,100,0,34.19,102.50,3.00,426.00,null,null,null
2023-09-03T00:17:04Z,22.98,70.87,99,0,36.20,102.50,3.00,426.00,null,null,null
2023-09-03T00:18:04Z,22.98,70.81,100,0,38.77,102.49,3.00,426.00,null,null,null
2023-09-03T00:19:04Z,22.95,70.78,100,0,39.61,102.49,3.00,426.00,null,null,null
2023-09-03T00:20:04Z,22.96,70.78,100,0,31.39,102.49,3.00,426.00,8,12,12
2023-09-03T00:21:04Z,22.96,70.69,100,0,33.33,102.49,3.00,426.00,null,null,null
2023-09-03T00:22:04Z,22.98,70.64,100,0,37.27,102.49,4.00,432.00,null,null,null
2023-09-03T00:23:04Z,22.96,70.58,100,0,31.71,102.49,4.00,432.00,null,null,null
2023-09-03T00:24:04Z,22.95,70.57,100,0,34.47,102.50,4.00,432.00,null,null,null
2023-09-03T00:25:04Z,22.91,70.55,100,0,35.02,102.49,4.00,432.00,7,12,12
2023-09-03T00:26:04Z,22.93,70.49,100,0,33.28,102.50,3.00,426.00,null,null,null
2023-09-03T00:27:04Z,22.93,70.45,100,0,37.80,102.50,4.00,432.00,null,null,null
2023-09-03T00:28:04Z,22.92,70.43,99,0,35.54,102.49,4.00,432.00,null,null,null
2023-09-03T00:29:04Z,22.89,70.38,100,0,30.83,102.49,4.00,432.00,null,null,null
2023-09-03T00:30:04Z,22.89,70.39,100,0,31.92,102.49,4.00,432.00,13,17,17
2023-09-03T00:31:04Z,22.91,70.28,100,0,36.62,102.49,3.00,426.00,null,null,null
2023-09-03T00:32:04Z,22.89,70.28,100,0,33.10,102.49,4.00,432.00,null,null,null
2023-09-03T00:33:04Z,22.88,70.27,100,0,38.00,102.49,3.00,426.00,null,null,null
2023-09-03T00:34:04Z,22.88,70.25,99,0,32.49,102.48,3.00,426.00,null,null,null
2023-09-03T00:35:04Z,22.86,70.25,100,0,38.89,102.48,4.00,432.00,9,9,9
2023-09-03T00:36:04Z,22.86,70.13,100,0,35.98,102.49,3.00,422.00,null,null,null
2023-09-03T00:37:04Z,22.86,70.14,100,0,37.25,102.48,4.00,432.00,null,null,null
2023-09-03T00:38:04Z,22.83,70.14,100,0,34.91,102.48,4.00,432.00,null,null,null
2023-09-03T00:39:04Z,22.83,70.11,100,0,36.89,102.48,4.00,432.00,null,null,null
2023-09-03T00:40:04Z,22.82,70.14,100,0,35.43,102.48,5.00,435.00,12,15,22
2023-09-03T00:41:04Z,22.82,70.07,100,0,32.34,102.49,3.00,425.00,null,null,null
2023-09-03T00:42:04Z,22.82,70.04,100,0,34.24,102.48,4.00,432.00,null,null,null
2023-09-03T00:43:04Z,22.80,70.04,100,0,33.73,102.48,4.00,432.00,null,null,null
2023-09-03T00:44:04Z,22.80,70.03,100,0,38.88,102.48,4.00,432.00,null,null,null
2023-09-03T00:45:04Z,22.78,70.06,100,0,34.39,102.49,5.00,435.00,12,15,15
2023-09-03T00:46:04Z,22.80,69.98,100,0,34.46,102.49,4.00,432.00,null,null,null
2023-09-03T00:47:04Z,22.80,69.99,100,0,36.34,102.49,4.00,432.00,null,null,null
2023-09-03T00:48:04Z,22.76,69.99,100,0,35.25,102.49,3.00,425.00,null,null,null
2023-09-03T00:49:04Z,22.78,69.94,100,0,30.78,102.49,3.00,425.00,null,null,null
2023-09-03T00:50:04Z,22.75,69.94,99,0,36.51,102.48,4.00,432.00,12,13,13
2023-09-03T00:51:04Z,22.78,69.93,100,0,32.41,102.48,5.00,435.00,null,null,null
2023-09-03T00:52:04Z,22.75,69.93,100,0,29.65,102.48,4.00,432.00,null,null,null
2023-09-03T00:53:04Z,22.73,69.91,99,0,36.23,102.48,5.00,435.00,null,null,null
2023-09-03T00:54:04Z,22.73,69.94,100,0,36.23,102.48,7.00,448.00,null,null,null
2023-09-03T00:55:04Z,22.69,69.93,100,0,35.37,102.47,8.00,454.00,5,10,18
2023-09-03T00:56:04Z,22.72,69.94,99,0,37.00,102.48,8.00,454.00,null,null,null
2023-09-03T00:57:04Z,22.73,69.90,100,0,36.17,102.48,8.00,454.00,null,null,null
2023-09-03T00:58:04Z,22.73,69.93,100,0,36.95,102.47,8.00,459.00,null,null,null
2023-09-03T00:59:04Z,22.71,69.97,100,0,36.65,102.48,8.00,459.00,null,null,null
2023-09-03T01:00:04Z,22.69,69.99,100,0,33.32,102.48,8.00,459.00,19,25,25
2023-09-03T01:01:04Z,22.69,70.02,100,0,34.39,102.48,8.00,459.00,null,null,null
2023-09-03T01:02:04Z,22.68,70.04,100,0,32.65,102.49,8.00,459.00,null,null,null
2023-09-03T01:03:04Z,22.68,69.95,100,0,32.77,102.49,8.00,459.00,null,null,null
2023-09-03T01:04:04Z,22.68,69.96,100,0,32.54,102.49,8.00,459.00,null,null,null
2023-09-03T01:05:04Z,22.66,69.99,100,0,34.86,102.49,8.00,459.00,13,14,14
2023-09-03T01:06:04Z,22.68,70.04,100,0,33.05,102.49,8.00,459.00,null,null,null
2023-09-03T01:07:04Z,22.65,69.93,100,0,38.15,102.49,8.00,459.00,null,null,null
2023-09-03T01:08:04Z,22.65,69.94,100,0,32.28,102.49,9.00,463.00,null,null,null
2023-09-03T01:09:04Z,22.65,69.96,100,0,33.38,102.49,8.00,459.00,null,null,null
2023-09-03T01:10:04Z,22.65,69.93,100,0,37.10,102.49,9.00,463.00,11,20,26
2023-09-03T01:11:04Z,22.63,69.96,99,0,39.16,102.49,8.00,459.00,null,null,null
2023-09-03T01:12:04Z,22.65,69.95,100,0,40.42,102.49,9.00,463.00,null,null,null
2023-09-03T01:13:04Z,22.65,69.90,100,0,34.60,102.49,9.00,463.00,null,null,null
2023-09-03T01:14:04Z,22.61,69.92,100,0,38.60,102.49,9.00,463.00,null,null,null
2023-09-03T01:15:04Z,22.59,69.92,100,0,35.43,102.48,9.00,463.00,15,19,34
2023-09-03T01:16:04Z,22.61,70.02,99,0,38.40,102.49,10.00,470.00,null,null,null
2023-09-03T01:17:04Z,22.63,70.00,100,0,37.50,102.48,10.00,470.00,null,null,null
2023-09-03T01:18:04Z,22.59,69.93,99,0,36.51,102.49,10.00,470.00,null,null,null
2023-09-03T01:19:04Z,22.61,69.93,100,0,31.74,102.49,11.00,475.00,null,null,null
2023-09-03T01:20:04Z,22.58,69.91,100,0,35.84,102.49,10.00,470.00,13,22,30
2023-09-03T01:21:04Z,22.59,70.02,100,0,36.42,102.49,11.00,475.00,null,null,null
2023-09-03T01:22:04Z,22.61,69.91,100,0,34.83,102.49,11.00,475.00,null,null,null
2023-09-03T01:23:04Z,22.59,69.91,100,0,36.16,102.49,11.00,475.00,null,null,null
2023-09-03T01:24:04Z,22.56,69.94,100,0,32.61,102.49,11.00,475.00,null,null,null
2023-09-03T01:25:04Z,22.55,69.90,100,0,35.44,102.49,11.00,475.00,13,13,13
2023-09-03T01:26:04Z,22.56,69.97,100,0,32.84,102.49,11.00,475.00,null,null,null
2023-09-03T01:27:04Z,22.56,69.93,100,0,32.12,102.49,10.00,470.00,null,null,null
2023-09-03T01:28:04Z,22.56,69.89,100,0,34.19,102.49,11.00,475.00,null,null,null
2023-09-03T01:29:04Z,22.52,69.87,100,0,34.15,102.50,11.00,475.00,null,null,null
2023-09-03T01:30:04Z,22.51,69.93,100,0,33.16,102.49,11.00,475.00,13,18,18
2023-09-03T01:31:04Z,22.52,69.92,100,0,35.63,102.50,11.00,475.00,null,null,null
2023-09-03T01:32:04Z,22.53,69.91,100,0,31.29,102.50,11.00,475.00,null,null,null
2023-09-03T01:33:04Z,22.52,69.86,100,0,37.48,102.50,11.00,475.00,null,null,null
2023-09-03T01:34:04Z,22.53,69.85,99,0,32.72,102.50,11.00,475.00,null,null,null
2023-09-03T01:35:04Z,22.49,69.83,99,0,32.19,102.50,11.00,475.00,14,17,17
2023-09-03T01:36:04Z,22.51,69.89,100,0,33.12,102.50,10.00,470.00,null,null,null
2023-09-03T01:37:04Z,22.51,69.87,100,0,31.19,102.49,11.00,475.00,null,null,null
2023-09-03T01:38:04Z,22.51,69.83,100,0,33.41,102.50,11.00,475.00,null,null,null
2023-09-03T01:39:04Z,22.52,69.83,100,0,31.32,102.50,11.00,475.00,null,null,null
2023-09-03T01:40:04Z,22.49,69.87,100,0,31.00,102.50,11.00,475.00,9,9,9
2023-09-03T01:41:04Z,22.51,69.87,100,0,31.90,102.50,10.00,470.00,null,null,null
2023-09-03T01:42:04Z,22.49,69.81,100,0,40.19,102.50,10.00,470.00,null,null,null
2023-09-03T01:43:04Z,22.48,69.80,99,0,32.70,102.50,10.00,470.00,null,null,null
2023-09-03T01:44:04Z,22.48,69.79,99,0,32.53,102.50,10.00,470.00,null,null,null
2023-09-03T01:45:04Z,22.45,69.80,100,0,36.71,102.49,10.00,470.00,12,20,32
2023-09-03T01:46:04Z,22.45,69.81,100,0,32.82,102.50,9.00,463.00,null,null,null
2023-09-03T01:47:04Z,22.42,69.79,100,0,38.05,102.50,10.00,470.00,null,null,null
2023-09-03T01:48:04Z,22.45,69.77,99,0,34.95,102.50,10.00,470.00,null,null,null
2023-09-03T01:49:04Z,22.44,69.77,100,0,32.55,102.50,10.00,470.00,null,null,null
2023-09-03T01:50:04Z,22.42,69.74,100,0,36.29,102.49,10.00,470.00,13,23,23
2023-09-03T01:51:04Z,22.44,69.80,100,0,35.25,102.49,10.00,466.00,null,null,null
2023-09-03T01:52:04Z,22.42,69.75,100,0,33.33,102.50,10.00,470.00,null,null,null
2023-09-03T01:53:04Z,22.42,69.71,100,0,38.60,102.49,10.00,470.00,null,null,null
2023-09-03T01:54:04Z,22.41,69.75,100,0,34.00,102.49,11.00,475.00,null,null,null
2023-09-03T01:55:04Z,22.40,69.75,100,0,36.46,102.49,12.00,485.00,19,19,19
2023-09-03T01:56:04Z,22.41,69.77,100,0,37.24,102.49,9.00,461.00,null,null,null
2023-09-03T01:57:04Z,22.41,69.75,100,0,33.69,102.49,9.00,461.00,null,null,null
2023-09-03T01:58:04Z,22.42,69.72,100,0,37.42,102.50,8.00,457.00,null,null,null
2023-09-03T01:59:04Z,22.40,69.70,100,0,34.42,102.49,9.00,464.00,null,null,null
2023-09-03T02:00:04Z,22.37,69.69,100,0,35.52,102.50,10.00,472.00,14,16,16
2023-09-03T02:01:04Z,22.41,69.71,100,0,37.03,102.50,9.00,464.00,null,null,null
2023-09-03T02:02:04Z,22.40,69.69,100,0,31.23,102.50,9.00,464.00,null,null,null
2023-09-03T02:03:04Z,22.40,69.66,100,0,34.90,102.50,9.00,464.00,null,null,null
2023-09-03T02:04:04Z,22.35,69.65,100,0,36.37,102.50,9.00,464.00,null,null,null
2023-09-03T02:05:04Z,22.35,69.66,99,0,35.24,102.51,9.00,464.00,11,23,29
2023-09-03T02:06:04Z,22.35,69.69,100,0,32.69,102.51,9.00,464.00,null,null,null
2023-09-03T02:07:04Z,22.37,69.65,99,0,36.11,102.51,9.00,461.00,null,null,null
2023-09-03T02:08:04Z,22.37,69.68,100,0,33.22,102.51,9.00,461.00,null,null,null
2023-09-03T02:09:04Z,22.34,69.66,99,0,36.80,102.50,9.00,461.00,null,null,null
2023-09-03T02:10:04Z,22.32,69.60,100,0,38.84,102.50,8.00,456.00,10,13,13
2023-09-03T02:11:04Z,22.34,69.65,99,0,36.33,102.51,9.00,461.00,null,null,null
2023-09-03T02:12:04Z,22.34,69.65,100,0,31.02,102.51,8.00,456.00,null,null,null
2023-09-03T02:13:04Z,22.32,69.61,99,0,35.04,102.51,8.00,456.00,null,null,null
2023-09-03T02:14:04Z,22.32,69.60,100,0,32.11,102.51,8.00,456.00,null,null,null
2023-09-03T02:15:04Z,22.29,69.64,100,0,36.42,102.51,8.00,456.00,9,10,10
2023-09-03T02:16:04Z,22.32,69.65,100,0,35.20,102.51,8.00,456.00,null,null,null
2023-09-03T02:17:04Z,22.31,69.65,100,0,36.79,102.51,8.00,456.00,null,null,null
2023-09-03T02:18:04Z,22.29,69.61,100,0,33.52,102.51,7.00,451.00,null,null,null
2023-09-03T02:19:04Z,22.28,69.59,100,0,31.23,102.52,7.00,451.00,null,null,null
2023-09-03T02:20:04Z,22.29,69.59,100,0,30.63,102.52,7.00,451.00,15,28,31
2023-09-03T02:21:04Z,22.29,69.58,100,0,31.90,102.52,7.00,451.00,null,null,null
2023-09-03T02:22:04Z,22.28,69.53,100,0,33.29,102.51,7.00,451.00,null,null,null
2023-09-03T02:23:04Z,22.29,69.57,100,0,38.04,102.52,7.00,451.00,null,null,null
2023-09-03T02:24:04Z,22.27,69.59,100,0,34.01,102.52,7.00,451.00,null,null,null
2023-09-03T02:25:04Z,22.27,69.58,100,0,34.79,102.52,7.00,451.00,13,17,17
2023-09-03T02:26:04Z,22.27,69.54,100,0,37.23,102.52,7.00,447.00,null,null,null
2023-09-03T02:27:04Z,22.28,69.51,100,0,29.23,102.52,7.00,447.00,null,null,null
2023-09-03T02:28:04Z,22.27,69.56,100,0,39.64,102.52,7.00,451.00,null,null,null
2023-09-03T02:29:04Z,22.27,69.57,100,0,34.58,102.52,7.00,447.00,null,null,null
2023-09-03T02:30:04Z,22.24,69.56,100,0,32.18,102.52,7.00,447.00,7,22,22
2023-09-03T02:31:04Z,22.25,69.56,100,0,35.41,102.52,13.00,487.00,null,null,null
2023-09-03T02:32:04Z,22.25,69.49,100,0,32.08,102.52,6.00,445.00,null,null,null
2023-09-03T02:33:04Z,22.25,69.50,100,0,36.42,102.52,7.00,447.00,null,null,null
2023-09-03T02:34:04Z,22.21,69.57,100,0,35.23,102.53,7.00,447.00,null,null,null
2023-09-03T02:35:04Z,22.21,69.53,99,0,35.77,102.53,13.00,487.00,14,24,24
2023-09-03T02:36:04Z,22.22,69.53,100,0,32.85,102.53,13.00,487.00,null,null,null
2023-09-03T02:37:04Z,22.20,69.45,100,0,34.76,102.53,12.00,485.00,null,null,null
2023-09-03T02:38:04Z,22.24,69.50,99,0,33.01,102.54,13.00,487.00,null,null,null
2023-09-03T02:39:04Z,22.21,69.50,100,0,37.85,102.54,13.00,487.00,null,null,null
2023-09-03T02:40:04Z,22.18,69.52,100,0,37.66,102.54,12.00,485.00,2,6,6
2023-09-03T02:41:04Z,22.18,69.53,100,0,31.99,102.54,12.00,485.00,null,null,null
2023-09-03T02:42:04Z,22.20,69.45,100,0,37.35,102.54,12.00,485.00,null,null,null
2023-09-03T02:43:04Z,22.18,69.46,100,0,34.28,102.54,12.00,485.00,null,null,null
2023-09-03T02:44:04Z,22.20,69.48,100,0,33.86,102.54,12.00,485.00,null,null,null
2023-09-03T02:45:04Z,22.20,69.51,100,0,38.31,102.54,11.00,477.00,7,10,16
2023-09-03T02:46:04Z,22.20,69.47,100,0,33.40,102.55,11.00,477.00,null,null,null
2023-09-03T02:47:04Z,22.17,69.48,100,0,34.46,102.55,11.00,477.00,null,null,null
2023-09-03T02:48:04Z,22.18,69.45,100,0,31.01,102.54,11.00,477.00,null,null,null
2023-09-03T02:49:04Z,22.17,69.43,100,0,35.57,102.55,11.00,475.00,null,null,null
2023-09-03T02:50:04Z,22.15,69.43,100,0,32.61,102.55,11.00,477.00,16,16,16
2023-09-03T02:51:04Z,22.15,69.45,99,0,31.76,102.55,10.00,470.00,null,null,null
2023-09-03T02:52:04Z,22.18,69.44,100,0,36.77,102.55,11.00,475.00,null,null,null
2023-09-03T02:53:04Z,22.15,69.44,100,0,32.29,102.55,11.00,475.00,null,null,null
2023-09-03T02:54:04Z,22.14,69.43,100,0,30.43,102.54,11.00,475.00,null,null,null
2023-09-03T02:55:04Z,22.14,69.41,100,0,33.06,102.55,11.00,475.00,9,11,11
2023-09-03T02:56:04Z,22.14,69.44,100,0,32.36,102.55,9.00,464.00,null,null,null
2023-09-03T02:57:04Z,22.14,69.43,100,0,35.85,102.55,11.00,475.00,null,null,null
2023-09-03T02:58:04Z,22.14,69.39,100,0,32.16,102.55,10.00,470.00,null,null,null
2023-09-03T02:59:04Z,22.11,69.45,100,0,33.48,102.55,10.00,470.00,null,null,null
