TIME,TEMP,HUM,BATT,LIGHT,NOISE_A,PRESS,CCS811_VOCS,CCS811_ECO2,PM_1,PM_25,PM_10
ISO 8601,C,%,%,Lux,dBA,kPa,ppb,ppm,ug/m3,ug/m3,ug/m3
Time,Temperature,Humidity,Battery,Light,Noise dBA,Barometric pressure,VOC Gas CCS811,eCO2 Gas CCS811,PM 1.0,PM 2.5,PM 10.0
,55,56,10,14,53,58,113,112,89,87,88
2023-08-27T00:00:04Z,21.81,60.81,99,0,37.00,100.80,19.00,527.00,1,1,1
2023-08-27T00:01:04Z,21.83,60.77,99,0,35.60,100.80,21.00,539.00,null,null,null
2023-08-27T00:02:04Z,21.83,60.80,99,0,34.06,100.79,20.00,534.00,null,null,null
2023-08-27T00:03:04Z,21.83,60.71,99,0,38.91,100.80,20.00,534.00,null,null,null
2023-08-27T00:04:04Z,21.81,60.76,99,0,37.25,100.79,21.00,540.00,null,null,null
2023-08-27T00:05:04Z,21.81,60.75,99,0,36.67,100.79,20.00,534.00,3,3,3
2023-08-27T00:06:04Z,21.86,60.75,99,0,35.71,100.79,20.00,534.00,null,null,null
2023-08-27T00:07:04Z,21.83,60.74,100,0,36.81,100.79,20.00,534.00,null,null,null
2023-08-27T00:08:04Z,21.81,60.77,100,0,36.80,100.79,20.00,533.00,null,null,null
2023-08-27T00:09:04Z,21.80,60.76,100,0,33.22,100.79,20.00,534.00,null,null,null
2023-08-27T00:10:04Z,21.80,60.72,100,0,34.96,100.79,19.00,527.00,1,1,1
2023-08-27T00:11:04Z,21.79,60.75,99,0,34.10,100.79,21.00,540.00,null,null,null
2023-08-27T00:12:04Z,21.81,60.73,99,0,41.19,100.79,19.00,527.00,null,null,null
2023-08-27T00:13:04Z,21.77,60.76,100,0,33.74,100.79,21.00,540.00,null,null,null
2023-08-27T00:14:04Z,21.79,60.73,99,0,33.86,100.79,20.00,534.00,null,null,null
2023-08-27T00:15:04Z,21.77,60.74,99,0,37.46,100.79,20.00,533.00,1,1,1
2023-08-27T00:16:04Z,21.80,60.75,99,0,36.47,100.79,20.00,533.00,null,null,null
2023-08-27T00:17:04Z,21.80,60.72,100,0,35.67,100.78,19.00,527.00,null,null,null
2023-08-27T00:18:04Z,21.79,60.73,99,0,35.69,100.78,20.00,533.00,null,null,null
2023-08-27T00:19:04Z,21.80,60.73,99,0,34.90,100.78,20.00,533.00,null,null,null
2023-08-27T00:20:04Z,21.79,60.74,100,0,36.60,100.78,20.00,533.00,1,1,1
2023-08-27T00:21:04Z,21.77,60.72,100,0,34.69,100.78,20.00,533.00,null,null,null
2023-08-27T00:22:04Z,21.79,60.76,99,0,31.49,100.78,20.00,533.00,null,null,null
2023-08-27T00:23:04Z,21.79,60.73,99,0,34.36,100.78,19.00,527.00,null,null,null
2023-08-27T00:24:04Z,21.77,60.73,99,0,35.72,100.78,20.00,533.00,null,null,null
2023-08-27T00:25:04Z,21.77,60.73,100,0,35.63,100.78,20.00,533.00,0,0,0
2023-08-27T00:26:04Z,21.77,60.68,100,0,37.53,100.78,20.00,533.00,null,null,null
2023-08-27T00:27:04Z,21.79,60.69,99,0,36.68,100.78,19.00,529.00,null,null,null
2023-08-27T00:28:04Z,21.79,60.66,100,0,33.09,100.78,19.00,529.00,null,null,null
2023-08-27T00:29:04Z,21.76,60.75,99,0,35.53,100.78,19.00,529.00,null,null,null
2023-08-27T00:30:04Z,21.76,60.67,99,0,38.77,100.78,18.00,523.00,0,0,0
2023-08-27T00:31:04Z,21.74,60.72,99,0,38.73,100.78,19.00,529.00,null,null,null
2023-08-27T00:32:04Z,21.76,60.66,100,0,36.64,100.78,27.00,578.00,null,null,null
2023-08-27T00:33:04Z,21.76,60.71,99,0,37.91,100.78,19.00,529.00,null,null,null
2023-08-27T00:34:04Z,21.74,60.74,99,0,34.61,100.77,19.00,529.00,null,null,null
2023-08-27T00:35:04Z,21.74,60.72,100,0,32.33,100.78,26.00,574.00,0,0,0
2023-08-27T00:36:04Z,21.74,60.63,99,0,36.16,100.78,26.00,574.00,null,null,null
2023-08-27T00:37:04Z,21.76,60.68,99,0,36.84,100.77,26.00,574.00,null,null,null
2023-08-27T00:38:04Z,21.71,60.66,99,0,31.38,100.77,18.00,523.00,null,null,null
2023-08-27T00:39:04Z,21.74,60.70,100,0,null,100.77,25.00,567.00,null,null,null
2023-08-27T00:40:04Z,21.73,60.70,99,0,32.37,100.77,26.00,574.00,0,1,1
2023-08-27T00:41:04Z,21.74,60.66,99,0,35.28,100.77,25.00,567.00,null,null,null
2023-08-27T00:42:04Z,21.74,60.70,100,0,35.79,100.77,26.00,574.00,null,null,null
2023-08-27T00:43:04Z,21.73,60.67,99,0,35.66,100.77,25.00,567.00,null,null,null
2023-08-27T00:44:04Z,21.71,60.64,100,0,35.46,100.77,25.00,567.00,null,null,null
2023-08-27T00:45:04Z,21.70,60.64,99,0,35.62,100.77,25.00,567.00,0,0,0
2023-08-27T00:46:04Z,21.73,60.68,99,0,35.13,100.77,25.00,567.00,null,null,null
2023-08-27T00:47:04Z,21.71,60.67,99,0,37.48,100.77,25.00,567.00,null,null,null
2023-08-27T00:48:04Z,21.71,60.71,100,0,34.34,100.77,25.00,567.00,null,null,null
2023-08-27T00:49:04Z,21.71,60.70,100,0,35.02,100.77,25.00,567.00,null,null,null
2023-08-27T00:50:04Z,21.70,60.68,99,0,38.19,100.77,24.00,561.00,3,3,3
2023-08-27T00:51:04Z,21.70,60.64,100,0,36.41,100.77,25.00,567.00,null,null,null
2023-08-27T00:52:04Z,21.71,60.65,99,0,38.34,100.77,25.00,567.00,null,null,null
2023-08-27T00:53:04Z,21.71,60.70,99,0,32.00,100.77,25.00,567.00,null,null,null
2023-08-27T00:54:04Z,21.70,60.68,99,0,37.50,100.78,25.00,567.00,null,null,null
2023-08-27T00:55:04Z,21.67,60.69,99,0,33.14,100.78,25.00,567.00,2,2,2
2023-08-27T00:56:04Z,21.69,60.66,99,0,33.34,100.78,24.00,561.00,null,null,null
2023-08-27T00:57:04Z,21.70,60.64,99,0,32.16,100.78,24.00,561.00,null,null,null
2023-08-27T00:58:04Z,21.69,60.66,99,0,35.19,100.78,25.00,567.00,null,null,null
2023-08-27T00:59:04Z,21.71,60.65,100,0,36.00,100.78,25.00,567.00,null,null,null
2023-08-27T01:00:04Z,21.67,60.69,99,0,34.41,100.78,24.00,561.00,1,1,1
2023-08-27T01:01:04Z,21.69,60.68,99,0,34.97,100.79,23.00,553.00,null,null,null
2023-08-27T01:02:04Z,21.70,60.65,100,0,37.80,100.78,24.00,561.00,null,null,null
2023-08-27T01:03:04Z,21.69,60.65,100,0,33.71,100.78,24.00,561.00,null,null,null
2023-08-27T01:04:04Z,21.67,60.63,99,0,32.19,100.78,24.00,561.00,null,null,null
2023-08-27T01:05:04Z,21.66,60.66,100,0,38.92,100.78,24.00,561.00,1,1,1
2023-08-27T01:06:04Z,21.70,60.67,99,0,35.22,100.78,23.00,553.00,null,null,null
2023-08-27T01:07:04Z,21.69,60.65,99,0,36.48,100.78,24.00,561.00,null,null,null
2023-08-27T01:08:04Z,21.66,60.66,100,0,38.97,100.77,24.00,561.00,null,null,null
2023-08-27T01:09:04Z,21.67,60.70,99,0,36.65,100.78,24.00,561.00,null,null,null
2023-08-27T01:10:04Z,21.64,60.68,99,0,35.66,100.78,24.00,561.00,1,1,1
2023-08-27T01:11:04Z,21.67,60.67,99,0,37.79,100.78,23.00,553.00,null,null,null
2023-08-27T01:12:04Z,21.66,60.62,100,0,35.85,100.78,24.00,561.00,null,null,null
2023-08-27T01:13:04Z,21.66,60.66,99,0,35.08,100.78,24.00,561.00,null,null,null
2023-08-27T01:14:04Z,21.64,60.63,99,0,34.66,100.78,24.00,561.00,null,null,null
2023-08-27T01:15:04Z,21.67,60.66,99,0,36.13,100.78,23.00,553.00,1,1,1
2023-08-27T01:16:04Z,21.64,60.63,99,0,35.79,100.78,22.00,548.00,null,null,null
2023-08-27T01:17:04Z,21.67,60.69,99,0,36.71,100.78,25.00,567.00,null,null,null
2023-08-27T01:18:04Z,21.66,60.64,99,0,34.08,100.78,22.00,546.00,null,null,null
2023-08-27T01:19:04Z,21.66,60.63,99,0,34.77,100.78,22.00,546.00,null,null,null
2023-08-27T01:20:04Z,21.63,60.67,100,0,34.63,100.77,22.00,546.00,1,1,1
2023-08-27T01:21:04Z,21.64,60.67,99,0,37.88,100.78,22.00,546.00,null,null,null
2023-08-27T01:22:04Z,21.66,60.63,99,0,38.50,100.78,23.00,552.00,null,null,null
2023-08-27T01:23:04Z,21.64,60.63,99,0,34.65,100.78,23.00,552.00,null,null,null
2023-08-27T01:24:04Z,21.63,60.67,99,0,35.93,100.78,22.00,546.00,null,null,null
2023-08-27T01:25:04Z,21.63,60.64,99,0,33.08,100.78,23.00,552.00,2,2,2
2023-08-27T01:26:04Z,21.61,60.63,100,0,36.89,100.79,22.00,546.00,null,null,null
2023-08-27T01:27:04Z,21.64,60.61,100,0,34.49,100.79,23.00,552.00,null,null,null
2023-08-27T01:28:04Z,21.64,60.71,99,0,35.19,100.78,22.00,546.00,null,null,null
2023-08-27T01:29:04Z,21.63,60.65,99,0,36.04,100.78,23.00,552.00,null,null,null
2023-08-27T01:30:04Z,21.60,60.62,100,0,33.18,100.79,22.00,546.00,3,3,3
2023-08-27T01:31:04Z,21.63,60.68,99,0,32.65,100.78,23.00,552.00,null,null,null
2023-08-27T01:32:04Z,21.63,60.61,99,0,32.98,100.78,22.00,546.00,null,null,null
2023-08-27T01:33:04Z,21.63,60.68,99,0,34.62,100.78,23.00,552.00,null,null,null
2023-08-27T01:34:04Z,21.63,60.65,100,0,36.74,100.78,23.00,552.00,null,null,null
2023-08-27T01:35:04Z,21.60,60.71,100,0,31.31,100.78,23.00,552.00,2,2,2
2023-08-27T01:36:04Z,21.63,60.74,100,0,28.63,100.78,23.00,552.00,null,null,null
2023-08-27T01:37:04Z,21.60,60.72,99,0,35.62,100.78,23.00,552.00,null,null,null
2023-08-27T01:38:04Z,21.63,60.69,100,0,33.67,100.78,23.00,552.00,null,null,null
2023-08-27T01:39:04Z,21.60,60.73,99,0,34.21,100.78,23.00,552.00,null,null,null
2023-08-27T01:40:04Z,21.60,60.68,100,0,35.99,100.78,24.00,560.00,0,0,0
2023-08-27T01:41:04Z,21.60,60.81,99,0,30.42,100.77,24.00,560.00,null,null,null
2023-08-27T01:42:04Z,21.61,60.75,99,0,31.28,100.77,23.00,552.00,null,null,null
2023-08-27T01:43:04Z,21.60,60.80,99,0,36.68,100.78,23.00,556.00,null,null,null
2023-08-27T01:44:04Z,21.63,60.77,99,0,33.47,100.77,23.00,556.00,null,null,null
2023-08-27T01:45:04Z,21.60,60.78,99,0,34.29,100.77,25.00,565.00,5,5,5
2023-08-27T01:46:04Z,21.63,60.87,99,0,40.47,100.77,25.00,565.00,null,null,null
2023-08-27T01:47:04Z,21.60,60.79,99,0,29.64,100.77,25.00,565.00,null,null,null
2023-08-27T01:48:04Z,21.63,60.81,99,0,33.58,100.77,25.00,565.00,null,null,null
2023-08-27T01:49:04Z,21.64,60.87,99,0,38.99,100.78,25.00,565.00,null,null,null
2023-08-27T01:50:04Z,21.60,60.82,99,0,35.59,100.77,25.00,567.00,0,0,0
2023-08-27T01:51:04Z,21.60,60.91,99,0,37.90,100.78,25.00,567.00,null,null,null
2023-08-27T01:52:04Z,21.60,60.81,100,0,38.44,100.77,25.00,567.00,null,null,null
2023-08-27T01:53:04Z,21.64,60.84,100,0,36.44,100.77,25.00,567.00,null,null,null
2023-08-27T01:54:04Z,21.61,60.84,99,0,30.40,100.77,25.00,567.00,null,null,null
2023-08-27T01:55:04Z,21.59,60.84,99,0,33.87,100.77,25.00,567.00,0,0,0
2023-08-27T01:56:04Z,21.63,60.87,99,0,36.43,100.77,26.00,572.00,null,null,null
2023-08-27T01:57:04Z,21.63,60.86,100,0,36.53,100.77,25.00,567.00,null,null,null
2023-08-27T01:58:04Z,21.61,60.81,100,0,37.53,100.77,25.00,567.00,null,null,null
2023-08-27T01:59:04Z,21.60,60.84,99,0,36.89,100.77,25.00,567.00,null,null,null
2023-08-27T02:00:04Z,21.61,60.81,100,0,37.53,100.77,25.00,567.00,10,29,78
2023-08-27T02:01:04Z,21.64,61.02,100,0,54.56,100.77,25.00,567.00,null,null,null
2023-08-27T02:02:04Z,21.61,60.93,100,0,38.37,100.77,25.00,567.00,null,null,null
2023-08-27T02:03:04Z,21.61,60.91,99,0,48.58,100.77,25.00,567.00,null,null,null
2023-08-27T02:04:04Z,21.61,60.94,99,0,50.46,100.78,25.00,567.00,null,null,null
2023-08-27T02:05:04Z,21.63,60.93,99,0,34.45,100.78,25.00,567.00,81,153,161
2023-08-27T02:06:04Z,21.63,61.18,99,0,38.64,100.77,26.00,572.00,null,null,null
2023-08-27T02:07:04Z,21.61,61.07,100,0,39.83,100.78,25.00,567.00,null,null,null
2023-08-27T02:08:04Z,21.61,61.04,99,0,40.32,100.77,26.00,572.00,null,null,null
2023-08-27T02:09:04Z,21.64,61.08,99,0,34.11,100.77,26.00,572.00,null,null,null
2023-08-27T02:10:04Z,21.61,61.08,100,0,48.05,100.78,27.00,578.00,116,282,401
2023-08-27T02:11:04Z,21.61,61.31,99,0,31.22,100.78,28.00,586.00,null,null,null
2023-08-27T02:12:04Z,21.61,61.22,99,0,38.61,100.77,26.00,572.00,null,null,null
2023-08-27T02:13:04Z,21.64,61.16,99,0,39.62,100.78,28.00,586.00,null,null,null
2023-08-27T02:14:04Z,21.63,61.14,99,0,37.49,100.78,28.00,586.00,null,null,null
2023-08-27T02:15:04Z,21.60,61.15,99,0,52.07,100.78,28.00,586.00,186,376,460
2023-08-27T02:16:04Z,21.64,61.38,99,0,36.54,100.78,25.00,567.00,null,null,null
2023-08-27T02:17:04Z,21.64,61.28,99,0,36.97,100.78,27.00,578.00,null,null,null
2023-08-27T02:18:04Z,21.63,61.21,99,0,35.54,100.78,27.00,578.00,null,null,null
2023-08-27T02:19:04Z,21.64,61.24,99,0,32.75,100.78,28.00,586.00,null,null,null
2023-08-27T02:20:04Z,21.61,61.22,99,0,38.91,100.77,28.00,586.00,181,464,560
2023-08-27T02:21:04Z,21.64,61.42,100,0,36.62,100.77,27.00,578.00,null,null,null
2023-08-27T02:22:04Z,21.66,61.33,100,0,42.17,100.77,27.00,578.00,null,null,null
2023-08-27T02:23:04Z,21.64,61.26,99,0,32.89,100.77,27.00,578.00,null,null,null
2023-08-27T02:24:04Z,21.64,61.23,100,0,39.13,100.77,27.00,578.00,null,null,null
2023-08-27T02:25:04Z,21.64,61.23,99,0,35.33,100.77,28.00,586.00,259,588,701
2023-08-27T02:26:04Z,21.64,61.37,99,0,47.35,100.78,26.00,572.00,null,null,null
2023-08-27T02:27:04Z,21.66,61.33,99,0,43.74,100.78,27.00,578.00,null,null,null
2023-08-27T02:28:04Z,21.66,61.20,99,0,30.21,100.78,27.00,578.00,null,null,null
2023-08-27T02:29:04Z,21.67,61.21,99,0,44.03,100.78,28.00,586.00,null,null,null
2023-08-27T02:30:04Z,21.63,61.23,100,0,39.66,100.78,27.00,578.00,182,458,587
2023-08-27T02:31:04Z,21.64,61.42,100,0,48.52,100.78,26.00,572.00,null,null,null
2023-08-27T02:32:04Z,21.69,61.30,99,0,36.72,100.78,27.00,578.00,null,null,null
2023-08-27T02:33:04Z,21.64,61.29,99,0,39.60,100.78,27.00,578.00,null,null,null
2023-08-27T02:34:04Z,21.61,61.24,99,0,37.15,100.78,27.00,578.00,null,null,null
2023-08-27T02:35:04Z,21.66,61.23,100,0,38.76,100.78,27.00,578.00,157,301,442
2023-08-27T02:36:04Z,21.66,61.46,99,0,46.27,100.78,27.00,578.00,null,null,null
2023-08-27T02:37:04Z,21.66,61.34,99,0,55.09,100.78,27.00,578.00,null,null,null
2023-08-27T02:38:04Z,21.64,61.30,99,0,40.71,100.78,27.00,578.00,null,null,null
2023-08-27T02:39:04Z,21.64,61.27,99,0,39.90,100.78,26.00,572.00,null,null,null
2023-08-27T02:40:04Z,21.64,61.30,99,0,37.18,100.78,26.00,572.00,219,432,531
2023-08-27T02:41:04Z,21.67,61.39,99,0,40.17,100.78,26.00,572.00,null,null,null
2023-08-27T02:42:04Z,21.67,61.32,99,0,46.98,100.78,25.00,566.00,null,null,null
2023-08-27T02:43:04Z,21.67,61.29,99,0,37.86,100.78,26.00,572.00,null,null,null
2023-08-27T02:44:04Z,21.67,61.33,100,0,31.88,100.78,25.00,566.00,null,null,null
2023-08-27T02:45:04Z,21.67,61.26,99,0,34.32,100.78,26.00,572.00,160,362,497
2023-08-27T02:46:04Z,21.69,61.44,99,0,38.22,100.79,26.00,572.00,null,null,null
2023-08-27T02:47:04Z,21.70,61.29,99,0,36.38,100.78,26.00,572.00,null,null,null
2023-08-27T02:48:04Z,21.67,61.30,100,0,34.69,100.78,26.00,572.00,null,null,null
2023-08-27T02:49:04Z,21.69,61.26,100,0,36.20,100.79,26.00,572.00,null,null,null
2023-08-27T02:50:04Z,21.64,61.33,99,0,37.33,100.79,26.00,572.00,146,301,446
2023-08-27T02:51:04Z,21.69,61.42,99,0,38.12,100.78,26.00,572.00,null,null,null
2023-08-27T02:52:04Z,21.70,61.34,100,0,35.37,100.79,25.00,566.00,null,null,null
2023-08-27T02:53:04Z,21.70,61.34,100,0,38.13,100.79,25.00,566.00,null,null,null
2023-08-27T02:54:04Z,21.67,61.25,100,0,41.33,100.79,25.00,566.00,null,null,null
2023-08-27T02:55:04Z,21.66,61.29,99,0,36.55,100.78,25.00,566.00,115,256,314
2023-08-27T02:56:04Z,21.69,61.38,99,0,39.13,100.78,25.00,566.00,null,null,null
2023-08-27T02:57:04Z,21.69,61.30,99,0,38.50,100.78,25.00,566.00,null,null,null
2023-08-27T02:58:04Z,21.70,61.25,99,0,34.88,100.78,25.00,566.00,null,null,null
2023-08-27T02:59:04Z,21.69,61.28,100,0,35.65,100.78,25.00,566.00,null,null,null
