TIME,TEMP,HUM,BATT,LIGHT,NOISE_A,PRESS,CCS811_VOCS,CCS811_ECO2,PM_1,PM_25,PM_10
ISO 8601,C,%,%,Lux,dBA,kPa,ppb,ppm,ug/m3,ug/m3,ug/m3
Time,Temperature,Humidity,Battery,Light,Noise dBA,Barometric pressure,VOC Gas CCS811,eCO2 Gas CCS811,PM 1.0,PM 2.5,PM 10.0
,55,56,10,14,53,58,113,112,89,87,88
2023-08-20T00:00:04Z,23.60,63.57,99,0,31.23,101.88,5.00,433.00,0,2,2
2023-08-20T00:01:04Z,23.63,63.57,99,0,38.36,101.88,3.00,424.00,null,null,null
2023-08-20T00:02:04Z,23.63,63.57,99,0,29.50,101.88,5.00,433.00,null,null,null
2023-08-20T00:03:04Z,23.63,63.55,99,0,31.28,101.88,5.00,433.00,null,null,null
2023-08-20T00:04:04Z,23.61,63.58,99,0,31.66,101.87,5.00,433.00,null,null,null
2023-08-20T00:05:04Z,23.58,63.56,99,0,38.85,101.87,5.00,433.00,0,0,0
2023-08-20T00:06:04Z,23.63,63.55,99,0,32.24,101.87,3.00,424.00,null,null,null
2023-08-20T00:07:04Z,23.58,63.62,99,0,35.49,101.88,5.00,433.00,null,null,null
2023-08-20T00:08:04Z,23.60,63.58,99,0,34.16,101.88,3.00,424.00,null,null,null
2023-08-20T00:09:04Z,23.58,63.57,99,0,31.77,101.87,3.00,424.00,null,null,null
2023-08-20T00:10:04Z,23.58,63.56,99,0,39.45,101.88,5.00,433.00,0,0,0
2023-08-20T00:11:04Z,23.57,63.61,99,0,35.83,101.87,3.00,424.00,null,null,null
2023-08-20T00:12:04Z,23.57,63.59,99,0,33.93,101.87,3.00,424.00,null,null,null
2023-08-20T00:13:04Z,23.57,63.60,99,0,33.94,101.88,5.00,433.00,null,null,null
2023-08-20T00:14:04Z,23.56,63.60,99,0,34.85,101.87,3.00,424.00,null,null,null
2023-08-20T00:15:04Z,23.56,63.61,99,0,34.60,101.87,3.00,424.00,0,1,7
2023-08-20T00:16:04Z,23.58,63.64,99,0,32.50,101.88,3.00,424.00,null,null,null
2023-08-20T00:17:04Z,23.57,63.66,99,0,33.60,101.88,3.00,424.00,null,null,null
2023-08-20T00:18:04Z,23.56,63.61,99,0,41.38,101.88,5.00,433.00,null,null,null
2023-08-20T00:19:04Z,23.54,63.61,99,0,37.09,101.88,5.00,433.00,null,null,null
2023-08-20T00:20:04Z,23.58,63.67,99,0,31.05,101.87,3.00,424.00,0,1,1
2023-08-20T00:21:04Z,23.57,63.63,99,0,31.21,101.88,3.00,424.00,null,null,null
2023-08-20T00:22:04Z,23.56,63.63,99,0,35.85,101.88,3.00,424.00,null,null,null
2023-08-20T00:23:04Z,23.56,63.61,99,0,36.14,101.87,3.00,424.00,null,null,null
2023-08-20T00:24:04Z,23.56,63.67,99,0,40.41,101.87,3.00,424.00,null,null,null
2023-08-20T00:25:04Z,23.54,63.64,99,0,34.68,101.87,3.00,424.00,2,2,2
2023-08-20T00:26:04Z,23.56,63.71,99,0,34.58,101.87,3.00,424.00,null,null,null
2023-08-20T00:27:04Z,23.54,63.65,99,0,29.72,101.87,3.00,424.00,null,null,null
2023-08-20T00:28:04Z,23.54,63.64,99,0,34.44,101.87,3.00,424.00,null,null,null
2023-08-20T00:29:04Z,23.56,63.65,99,0,31.67,101.87,3.00,424.00,null,null,null
2023-08-20T00:30:04Z,23.53,63.69,99,0,32.59,101.88,3.00,424.00,0,0,0
2023-08-20T00:31:04Z,23.54,63.69,99,0,35.67,101.88,3.00,424.00,null,null,null
2023-08-20T00:32:04Z,23.56,63.68,99,0,32.84,101.88,3.00,424.00,null,null,null
2023-08-20T00:33:04Z,23.53,63.69,99,0,33.97,101.88,3.00,424.00,null,null,null
2023-08-20T00:34:04Z,23.51,63.69,99,0,34.97,101.87,3.00,424.00,null,null,null
2023-08-20T00:35:04Z,23.51,63.71,99,0,32.91,101.87,3.00,424.00,0,0,0
2023-08-20T00:36:04Z,23.51,63.69,99,0,36.33,101.88,3.00,424.00,null,null,null
2023-08-20T00:37:04Z,23.54,63.69,99,0,34.96,101.87,3.00,424.00,null,null,null
2023-08-20T00:38:04Z,23.51,63.70,99,0,39.84,101.88,3.00,424.00,null,null,null
2023-08-20T00:39:04Z,23.50,63.71,99,0,38.36,101.88,3.00,420.00,null,null,null
2023-08-20T00:40:04Z,23.50,63.71,99,0,31.77,101.88,3.00,424.00,0,0,0
2023-08-20T00:41:04Z,23.50,63.73,99,0,31.74,101.88,3.00,420.00,null,null,null
2023-08-20T00:42:04Z,23.50,63.69,99,0,38.25,101.88,3.00,424.00,null,null,null
2023-08-20T00:43:04Z,23.50,63.70,99,0,32.50,101.88,3.00,420.00,null,null,null
2023-08-20T00:44:04Z,23.50,63.68,99,0,36.82,101.88,3.00,424.00,null,null,null
2023-08-20T00:45:04Z,23.53,63.77,99,0,30.47,101.88,3.00,420.00,0,0,0
2023-08-20T00:46:04Z,23.50,63.71,99,0,39.05,101.88,2.00,416.00,null,null,null
2023-08-20T00:47:04Z,23.49,63.70,99,0,27.99,101.89,3.00,420.00,null,null,null
2023-08-20T00:48:04Z,23.51,63.75,99,0,41.09,101.88,3.00,420.00,null,null,null
2023-08-20T00:49:04Z,23.49,63.76,99,0,32.81,101.88,3.00,421.00,null,null,null
2023-08-20T00:50:04Z,23.47,63.76,99,0,33.23,101.88,2.00,416.00,0,0,0
2023-08-20T00:51:04Z,23.49,63.74,99,0,34.97,101.89,2.00,416.00,null,null,null
2023-08-20T00:52:04Z,23.50,63.74,99,0,34.77,101.89,3.00,420.00,null,null,null
2023-08-20T00:53:04Z,23.47,63.74,99,0,28.52,101.89,3.00,420.00,null,null,null
2023-08-20T00:54:04Z,23.47,63.74,99,0,31.27,101.90,3.00,420.00,null,null,null
2023-08-20T00:55:04Z,23.46,63.77,99,0,34.79,101.89,3.00,420.00,1,1,8
2023-08-20T00:56:04Z,23.47,63.75,99,0,39.52,101.89,2.00,416.00,null,null,null
2023-08-20T00:57:04Z,23.49,63.77,99,0,34.51,101.90,2.00,416.00,null,null,null
2023-08-20T00:58:04Z,23.47,63.78,99,0,28.96,101.91,2.00,416.00,null,null,null
2023-08-20T00:59:04Z,23.46,63.75,99,0,38.80,101.91,2.00,416.00,null,null,null
2023-08-20T01:00:04Z,23.44,63.81,99,0,35.68,101.91,2.00,416.00,0,0,0
2023-08-20T01:01:04Z,23.47,63.75,99,0,36.04,101.91,2.00,414.00,null,null,null
2023-08-20T01:02:04Z,23.47,63.80,99,0,31.95,101.91,2.00,416.00,null,null,null
2023-08-20T01:03:04Z,23.46,63.78,99,0,36.85,101.91,2.00,416.00,null,null,null
2023-08-20T01:04:04Z,23.44,63.80,99,0,37.76,101.92,2.00,416.00,null,null,null
2023-08-20T01:05:04Z,23.44,63.79,99,0,36.23,101.91,2.00,414.00,1,1,1
2023-08-20T01:06:04Z,23.46,63.78,99,0,34.71,101.91,2.00,414.00,null,null,null
2023-08-20T01:07:04Z,23.44,63.79,99,0,40.06,101.91,2.00,414.00,null,null,null
2023-08-20T01:08:04Z,23.46,63.80,99,0,36.88,101.92,2.00,416.00,null,null,null
2023-08-20T01:09:04Z,23.43,63.80,99,0,38.26,101.91,2.00,414.00,null,null,null
2023-08-20T01:10:04Z,23.42,63.84,99,0,34.35,101.92,2.00,414.00,1,1,1
2023-08-20T01:11:04Z,23.44,63.80,99,0,35.28,101.92,2.00,414.00,null,null,null
2023-08-20T01:12:04Z,23.43,63.79,99,0,35.15,101.92,2.00,416.00,null,null,null
2023-08-20T01:13:04Z,23.43,63.78,99,0,35.75,101.92,2.00,414.00,null,null,null
2023-08-20T01:14:04Z,23.44,63.78,99,0,33.27,101.92,2.00,416.00,null,null,null
2023-08-20T01:15:04Z,23.42,63.80,99,0,30.41,101.92,2.00,414.00,0,0,0
2023-08-20T01:16:04Z,23.43,63.80,99,0,34.40,101.92,1.00,409.00,null,null,null
2023-08-20T01:17:04Z,23.43,63.83,99,0,31.84,101.92,2.00,414.00,null,null,null
2023-08-20T01:18:04Z,23.43,63.84,99,0,36.41,101.92,1.00,409.00,null,null,null
2023-08-20T01:19:04Z,23.43,63.85,99,0,39.99,101.93,1.00,409.00,null,null,null
2023-08-20T01:20:04Z,23.40,63.84,99,0,34.83,101.93,1.00,409.00,0,0,0
2023-08-20T01:21:04Z,23.42,63.87,99,0,31.06,101.92,2.00,414.00,null,null,null
2023-08-20T01:22:04Z,23.42,63.85,99,0,32.26,101.92,2.00,414.00,null,null,null
2023-08-20T01:23:04Z,23.40,63.84,99,0,34.26,101.92,2.00,414.00,null,null,null
2023-08-20T01:24:04Z,23.40,63.87,99,0,32.26,101.92,2.00,414.00,null,null,null
2023-08-20T01:25:04Z,23.40,63.88,99,0,37.53,101.92,2.00,414.00,1,1,1
2023-08-20T01:26:04Z,23.40,63.87,99,0,33.85,101.92,2.00,414.00,null,null,null
2023-08-20T01:27:04Z,23.40,63.84,99,0,33.94,101.92,2.00,414.00,null,null,null
2023-08-20T01:28:04Z,23.38,63.86,99,0,32.47,101.92,2.00,414.00,null,null,null
2023-08-20T01:29:04Z,23.38,63.86,99,0,32.77,101.92,2.00,414.00,null,null,null
2023-08-20T01:30:04Z,23.37,63.86,99,0,34.62,101.92,2.00,414.00,3,5,5
2023-08-20T01:31:04Z,23.40,63.84,99,0,34.68,101.92,2.00,414.00,null,null,null
2023-08-20T01:32:04Z,23.40,63.83,99,0,32.78,101.92,2.00,414.00,null,null,null
2023-08-20T01:33:04Z,23.38,63.83,99,0,34.52,101.92,2.00,414.00,null,null,null
2023-08-20T01:34:04Z,23.37,63.87,99,0,31.02,101.92,1.00,409.00,null,null,null
2023-08-20T01:35:04Z,23.34,63.88,99,0,30.46,101.92,1.00,409.00,0,0,0
2023-08-20T01:36:04Z,23.40,63.87,99,0,34.17,101.92,1.00,409.00,null,null,null
2023-08-20T01:37:04Z,23.38,63.88,99,0,38.73,101.92,1.00,409.00,null,null,null
2023-08-20T01:38:04Z,23.37,63.87,99,0,33.79,101.92,1.00,409.00,null,null,null
2023-08-20T01:39:04Z,23.38,63.87,99,0,39.20,101.92,2.00,414.00,null,null,null
2023-08-20T01:40:04Z,23.34,63.89,99,0,37.97,101.93,2.00,414.00,0,0,0
2023-08-20T01:41:04Z,23.38,63.90,99,0,39.45,101.92,1.00,409.00,null,null,null
2023-08-20T01:42:04Z,23.34,63.88,99,0,31.67,101.92,1.00,409.00,null,null,null
2023-08-20T01:43:04Z,23.37,63.87,99,0,33.10,101.93,1.00,409.00,null,null,null
2023-08-20T01:44:04Z,23.36,63.90,99,0,33.75,101.93,1.00,409.00,null,null,null
2023-08-20T01:45:04Z,23.36,63.88,99,0,32.87,101.93,1.00,409.00,1,1,1
2023-08-20T01:46:04Z,23.34,63.91,99,0,39.23,101.93,1.00,409.00,null,null,null
2023-08-20T01:47:04Z,23.33,63.92,99,0,null,101.93,1.00,409.00,null,null,null
2023-08-20T01:48:04Z,23.36,63.88,99,0,34.17,101.93,1.00,409.00,null,null,null
2023-08-20T01:49:04Z,23.37,63.89,99,0,29.36,101.93,1.00,409.00,null,null,null
2023-08-20T01:50:04Z,23.33,63.92,99,0,34.88,101.94,1.00,409.00,1,1,1
2023-08-20T01:51:04Z,23.34,63.96,99,0,31.67,101.94,1.00,409.00,null,null,null
2023-08-20T01:52:04Z,23.34,63.91,99,0,32.88,101.94,0.00,406.00,null,null,null
2023-08-20T01:53:04Z,23.36,63.92,99,0,43.23,101.94,1.00,409.00,null,null,null
2023-08-20T01:54:04Z,23.34,63.92,99,0,36.46,101.94,1.00,409.00,null,null,null
2023-08-20T01:55:04Z,23.33,63.97,99,0,32.96,101.94,1.00,409.00,0,1,1
2023-08-20T01:56:04Z,23.34,63.96,99,0,30.75,101.94,0.00,406.00,null,null,null
2023-08-20T01:57:04Z,23.34,63.95,99,0,31.54,101.95,0.00,406.00,null,null,null
2023-08-20T01:58:04Z,23.34,63.96,99,0,33.99,101.94,0.00,406.00,null,null,null
2023-08-20T01:59:04Z,23.33,63.96,99,0,35.72,101.94,1.00,409.00,null,null,null
2023-08-20T02:00:04Z,23.31,63.94,99,0,39.16,101.95,1.00,409.00,0,0,0
2023-08-20T02:01:04Z,23.33,63.99,99,0,30.07,101.94,0.00,406.00,null,null,null
2023-08-20T02:02:04Z,23.33,63.96,99,0,37.42,101.94,1.00,409.00,null,null,null
2023-08-20T02:03:04Z,23.33,63.99,99,0,32.94,101.94,0.00,406.00,null,null,null
2023-08-20T02:04:04Z,23.30,64.01,99,0,35.69,101.95,0.00,406.00,null,null,null
2023-08-20T02:05:04Z,23.29,63.97,99,0,30.37,101.95,0.00,406.00,0,0,0
2023-08-20T02:06:04Z,23.31,64.03,99,0,35.38,101.95,0.00,400.00,null,null,null
2023-08-20T02:07:04Z,23.33,64.02,99,0,32.43,101.95,0.00,406.00,null,null,null
2023-08-20T02:08:04Z,23.30,63.99,99,0,37.78,101.95,0.00,406.00,null,null,null
2023-08-20T02:09:04Z,23.29,64.00,99,0,40.97,101.95,0.00,406.00,null,null,null
2023-08-20T02:10:04Z,23.29,64.05,99,0,30.65,101.95,0.00,406.00,0,0,0
2023-08-20T02:11:04Z,23.29,64.03,99,0,33.03,101.95,0.00,406.00,null,null,null
2023-08-20T02:12:04Z,23.30,63.99,99,0,37.49,101.95,0.00,406.00,null,null,null
2023-08-20T02:13:04Z,23.31,64.03,99,0,33.54,101.95,0.00,406.00,null,null,null
2023-08-20T02:14:04Z,23.30,64.08,99,0,37.56,101.95,0.00,406.00,null,null,null
2023-08-20T02:15:04Z,23.30,64.05,99,0,31.36,101.95,0.00,406.00,1,2,2
2023-08-20T02:16:04Z,23.27,64.07,99,0,38.18,101.94,0.00,400.00,null,null,null
2023-08-20T02:17:04Z,23.29,64.05,99,0,34.67,101.94,0.00,406.00,null,null,null
2023-08-20T02:18:04Z,23.29,64.05,99,0,34.84,101.95,0.00,406.00,null,null,null
2023-08-20T02:19:04Z,23.29,64.05,99,0,32.91,101.94,0.00,406.00,null,null,null
2023-08-20T02:20:04Z,23.26,64.06,99,0,34.04,101.94,0.00,406.00,0,0,0
2023-08-20T02:21:04Z,23.29,64.11,99,0,35.56,101.94,0.00,400.00,null,null,null
2023-08-20T02:22:04Z,23.31,64.07,99,0,32.45,101.94,0.00,406.00,null,null,null
2023-08-20T02:23:04Z,23.27,64.10,99,0,39.64,101.94,0.00,400.00,null,null,null
2023-08-20T02:24:04Z,23.27,64.08,99,0,33.09,101.94,0.00,400.00,null,null,null
2023-08-20T02:25:04Z,23.27,64.10,99,0,32.22,101.95,0.00,400.00,1,1,1
2023-08-20T02:26:04Z,23.29,64.11,99,0,35.26,101.95,0.00,400.00,null,null,null
2023-08-20T02:27:04Z,23.30,64.05,99,0,34.14,101.95,0.00,406.00,null,null,null
2023-08-20T02:28:04Z,23.26,64.10,99,0,33.72,101.94,0.00,406.00,null,null,null
2023-08-20T02:29:04Z,23.27,64.09,99,0,33.86,101.95,0.00,406.00,null,null,null
2023-08-20T02:30:04Z,23.23,64.11,99,0,36.28,101.95,0.00,406.00,1,1,1
2023-08-20T02:31:04Z,23.27,64.10,99,0,35.35,101.95,6.00,442.00,null,null,null
2023-08-20T02:32:04Z,23.26,64.11,99,0,31.96,101.95,0.00,400.00,null,null,null
2023-08-20T02:33:04Z,23.26,64.07,99,0,34.27,101.95,0.00,400.00,null,null,null
2023-08-20T02:34:04Z,23.24,64.13,99,0,30.94,101.95,0.00,400.00,null,null,null
2023-08-20T02:35:04Z,23.26,64.10,99,0,38.56,101.95,6.00,442.00,0,0,0
2023-08-20T02:36:04Z,23.26,64.18,99,0,38.44,101.95,0.00,400.00,null,null,null
2023-08-20T02:37:04Z,23.24,64.14,99,0,31.28,101.95,0.00,400.00,null,null,null
2023-08-20T02:38:04Z,23.24,64.11,99,0,34.93,101.95,6.00,442.00,null,null,null
2023-08-20T02:39:04Z,23.26,64.13,99,0,35.77,101.96,6.00,442.00,null,null,null
2023-08-20T02:40:04Z,23.23,64.17,99,0,31.77,101.95,0.00,400.00,0,0,0
2023-08-20T02:41:04Z,23.27,64.17,99,0,34.22,101.96,6.00,442.00,null,null,null
2023-08-20T02:42:04Z,23.26,64.13,99,0,36.64,101.96,0.00,400.00,null,null,null
2023-08-20T02:43:04Z,23.26,64.17,99,0,34.52,101.96,0.00,400.00,null,null,null
2023-08-20T02:44:04Z,23.23,64.17,99,0,36.68,101.95,0.00,400.00,null,null,null
2023-08-20T02:45:04Z,23.24,64.18,99,0,31.40,101.95,5.00,435.00,2,5,5
2023-08-20T02:46:04Z,23.23,64.17,99,0,37.60,101.95,5.00,435.00,null,null,null
2023-08-20T02:47:04Z,23.23,64.16,99,0,35.74,101.95,5.00,435.00,null,null,null
2023-08-20T02:48:04Z,23.22,64.15,99,0,32.08,101.95,6.00,442.00,null,null,null
2023-08-20T02:49:04Z,23.23,64.14,99,0,30.55,101.96,5.00,435.00,null,null,null
2023-08-20T02:50:04Z,23.22,64.17,99,0,36.71,101.95,6.00,442.00,1,1,1
2023-08-20T02:51:04Z,23.24,64.19,99,0,36.19,101.95,5.00,435.00,null,null,null
2023-08-20T02:52:04Z,23.23,64.17,99,0,35.99,101.95,6.00,442.00,null,null,null
2023-08-20T02:53:04Z,23.22,64.22,99,0,35.31,101.95,5.00,435.00,null,null,null
2023-08-20T02:54:04Z,23.20,64.18,99,0,35.18,101.95,5.00,435.00,null,null,null
2023-08-20T02:55:04Z,23.20,64.15,99,0,34.61,101.95,6.00,442.00,3,3,3
2023-08-20T02:56:04Z,23.23,64.23,99,0,36.57,101.95,6.00,442.00,null,null,null
2023-08-20T02:57:04Z,23.23,64.18,99,0,36.55,101.95,5.00,435.00,null,null,null
2023-08-20T02:58:04Z,23.22,64.20,99,0,36.59,101.96,5.00,435.00,null,null,null
2023-08-20T02:59:04Z,23.20,64.17,99,0,35.31,101.96,6.00,442.00,null,null,null
