TIME,TEMP,HUM,BATT,LIGHT,NOISE_A,PRESS,CCS811_VOCS,CCS811_ECO2,PM_1,PM_25,PM_10
ISO 8601,C,%,%,Lux,dBA,kPa,ppb,ppm,ug/m3,ug/m3,ug/m3
Time,Temperature,Humidity,Battery,Light,Noise dBA,Barometric pressure,VOC Gas CCS811,eCO2 Gas CCS811,PM 1.0,PM 2.5,PM 10.0
,55,56,10,14,53,58,113,112,89,87,88
2023-08-13T00:00:02Z,22.76,65.27,99,0,31.59,101.34,0.00,405.00,null,null,null
2023-08-13T00:01:02Z,22.73,65.33,99,0,33.49,101.35,0.00,400.00,0,1,1
2023-08-13T00:02:02Z,22.72,65.38,99,0,30.93,101.35,3.00,426.00,null,null,null
2023-08-13T00:03:02Z,22.73,65.33,99,0,37.58,101.35,3.00,426.00,null,null,null
2023-08-13T00:04:02Z,22.72,65.31,99,0,35.10,101.34,3.00,426.00,null,null,null
2023-08-13T00:05:02Z,22.73,65.32,99,0,36.16,101.35,5.00,433.00,null,null,null
2023-08-13T00:06:02Z,22.71,65.33,99,0,37.00,101.35,5.00,433.00,1,1,1
2023-08-13T00:07:02Z,22.72,65.33,99,0,30.82,101.35,5.00,433.00,null,null,null
2023-08-13T00:08:02Z,22.72,65.28,99,0,37.27,101.34,5.00,433.00,null,null,null
2023-08-13T00:09:02Z,22.72,65.27,99,0,36.14,101.35,5.00,433.00,null,null,null
2023-08-13T00:10:02Z,22.72,65.25,99,0,33.57,101.35,5.00,433.00,null,null,null
2023-08-13T00:11:02Z,22.69,65.26,99,0,31.86,101.35,5.00,433.00,1,1,1
2023-08-13T00:12:02Z,22.73,65.28,99,0,33.44,101.35,5.00,433.00,null,null,null
2023-08-13T00:13:02Z,22.72,65.23,99,0,34.59,101.35,5.00,433.00,null,null,null
2023-08-13T00:14:02Z,22.69,65.23,99,0,32.83,101.35,5.00,436.00,null,null,null
2023-08-13T00:15:02Z,22.73,65.27,99,0,38.28,101.35,5.00,436.00,null,null,null
2023-08-13T00:16:02Z,22.66,65.25,99,0,32.95,101.35,5.00,433.00,3,3,3
2023-08-13T00:17:02Z,22.69,65.28,99,0,40.28,101.34,5.00,433.00,null,null,null
2023-08-13T00:18:02Z,22.68,65.25,99,0,32.89,101.35,5.00,433.00,null,null,null
2023-08-13T00:19:02Z,22.71,65.20,99,0,36.40,101.35,5.00,433.00,null,null,null
2023-08-13T00:20:02Z,22.69,65.23,99,0,31.52,101.35,4.00,428.00,null,null,null
2023-08-13T00:21:02Z,22.66,65.24,99,0,30.01,101.35,5.00,435.00,0,0,0
2023-08-13T00:22:02Z,22.69,65.22,99,0,35.30,101.35,4.00,428.00,null,null,null
2023-08-13T00:23:02Z,22.69,65.16,99,0,36.91,101.35,3.00,424.00,null,null,null
2023-08-13T00:24:02Z,22.66,65.20,99,0,31.16,101.35,4.00,428.00,null,null,null
2023-08-13T00:25:02Z,22.66,65.16,99,0,32.61,101.34,3.00,424.00,null,null,null
2023-08-13T00:26:02Z,22.63,65.17,99,0,33.47,101.35,3.00,424.00,1,1,1
2023-08-13T00:27:02Z,22.68,65.14,99,0,37.49,101.35,3.00,420.00,null,null,null
2023-08-13T00:28:02Z,22.68,65.11,99,0,36.10,101.35,3.00,420.00,null,null,null
2023-08-13T00:29:02Z,22.65,65.15,99,0,34.74,101.35,2.00,417.00,null,null,null
2023-08-13T00:30:02Z,22.65,65.14,99,0,39.75,101.34,2.00,417.00,null,null,null
2023-08-13T00:31:02Z,22.65,65.10,99,0,38.55,101.34,3.00,422.00,3,3,11
2023-08-13T00:32:02Z,22.66,65.19,99,0,33.40,101.34,2.00,417.00,null,null,null
2023-08-13T00:33:02Z,22.66,65.16,99,0,34.34,101.34,3.00,422.00,null,null,null
2023-08-13T00:34:02Z,22.65,65.18,99,0,35.42,101.35,2.00,417.00,null,null,null
2023-08-13T00:35:02Z,22.65,65.12,99,0,28.60,101.35,3.00,422.00,null,null,null
2023-08-13T00:36:02Z,22.65,65.12,99,0,38.53,101.34,3.00,422.00,1,3,3
2023-08-13T00:37:02Z,22.62,65.19,99,0,36.58,101.35,3.00,422.00,null,null,null
2023-08-13T00:38:02Z,22.68,65.19,99,0,34.42,101.34,3.00,422.00,null,null,null
2023-08-13T00:39:02Z,22.61,65.13,99,0,33.60,101.34,3.00,422.00,null,null,null
2023-08-13T00:40:02Z,22.62,65.13,99,0,31.31,101.34,3.00,422.00,null,null,null
2023-08-13T00:41:02Z,22.63,65.12,99,0,31.89,101.34,3.00,422.00,2,2,2
2023-08-13T00:42:02Z,22.63,65.18,99,0,27.75,101.34,2.00,417.00,null,null,null
2023-08-13T00:43:02Z,22.61,65.13,99,0,36.75,101.34,2.00,417.00,null,null,null
2023-08-13T00:44:02Z,22.63,65.16,99,0,32.48,101.33,2.00,417.00,null,null,null
2023-08-13T00:45:02Z,22.63,65.19,99,0,35.09,101.33,3.00,422.00,null,null,null
2023-08-13T00:46:02Z,22.59,65.17,99,0,33.80,101.33,3.00,422.00,0,0,0
2023-08-13T00:47:02Z,22.61,65.24,99,0,35.88,101.33,2.00,417.00,null,null,null
2023-08-13T00:48:02Z,22.59,65.14,99,0,32.58,101.33,2.00,416.00,null,null,null
2023-08-13T00:49:02Z,22.61,65.18,99,0,38.23,101.33,2.00,416.00,null,null,null
2023-08-13T00:50:02Z,22.62,65.16,99,0,36.28,101.33,2.00,416.00,null,null,null
2023-08-13T00:51:02Z,22.59,65.13,99,0,38.36,101.33,2.00,416.00,0,0,0
2023-08-13T00:52:02Z,22.61,65.20,99,0,37.21,101.33,2.00,416.00,null,null,null
2023-08-13T00:53:02Z,22.62,65.14,99,0,35.84,101.33,2.00,416.00,null,null,null
2023-08-13T00:54:02Z,22.59,65.19,99,0,35.31,101.33,2.00,416.00,null,null,null
2023-08-13T00:55:02Z,22.58,65.17,99,0,28.91,101.32,2.00,416.00,null,null,null
2023-08-13T00:56:02Z,22.59,65.15,99,0,36.94,101.33,2.00,418.00,2,2,2
2023-08-13T00:57:02Z,22.59,65.18,99,0,33.45,101.33,2.00,414.00,null,null,null
2023-08-13T00:58:02Z,22.62,65.18,99,0,37.69,101.33,2.00,414.00,null,null,null
2023-08-13T00:59:02Z,22.58,65.16,99,0,36.96,101.33,2.00,414.00,null,null,null
2023-08-13T01:00:02Z,22.58,65.15,99,0,31.36,101.32,2.00,414.00,null,null,null
2023-08-13T01:01:02Z,22.56,65.15,99,0,32.10,101.33,2.00,414.00,0,0,0
2023-08-13T01:02:02Z,22.56,65.15,99,0,34.86,101.32,1.00,410.00,null,null,null
2023-08-13T01:03:02Z,22.59,65.12,99,0,35.81,101.33,0.00,406.00,null,null,null
2023-08-13T01:04:02Z,22.55,65.15,99,0,34.29,101.33,1.00,410.00,null,null,null
2023-08-13T01:05:02Z,22.55,65.14,99,0,37.43,101.32,0.00,406.00,null,null,null
2023-08-13T01:06:02Z,22.56,65.16,99,0,40.21,101.32,1.00,409.00,2,2,2
2023-08-13T01:07:02Z,22.58,65.14,99,0,37.67,101.32,0.00,405.00,null,null,null
2023-08-13T01:08:02Z,22.58,65.13,99,0,31.66,101.32,1.00,409.00,null,null,null
2023-08-13T01:09:02Z,22.56,65.15,99,0,29.12,101.32,1.00,409.00,null,null,null
2023-08-13T01:10:02Z,22.56,65.16,99,0,31.51,101.32,1.00,409.00,null,null,null
2023-08-13T01:11:02Z,22.55,65.17,99,0,33.72,101.32,1.00,409.00,0,0,0
2023-08-13T01:12:02Z,22.55,65.16,99,0,36.90,101.32,1.00,409.00,null,null,null
2023-08-13T01:13:02Z,22.53,65.19,99,0,35.75,101.32,1.00,409.00,null,null,null
2023-08-13T01:14:02Z,22.52,65.18,99,0,31.72,101.32,1.00,409.00,null,null,null
2023-08-13T01:15:02Z,22.56,65.17,99,0,32.84,101.32,1.00,409.00,null,null,null
2023-08-13T01:16:02Z,22.53,65.17,99,0,32.30,101.32,1.00,409.00,0,0,0
2023-08-13T01:17:02Z,22.52,65.22,99,0,35.17,101.32,1.00,409.00,null,null,null
2023-08-13T01:18:02Z,22.53,65.18,99,0,29.15,101.32,0.00,405.00,null,null,null
2023-08-13T01:19:02Z,22.53,65.18,99,0,33.63,101.32,0.00,405.00,null,null,null
2023-08-13T01:20:02Z,22.53,65.18,99,0,31.62,101.32,0.00,405.00,null,null,null
2023-08-13T01:21:02Z,22.51,65.19,99,0,29.21,101.32,1.00,409.00,1,1,24
2023-08-13T01:22:02Z,22.53,65.23,99,0,32.62,101.32,1.00,409.00,null,null,null
2023-08-13T01:23:02Z,22.53,65.19,99,0,28.68,101.32,1.00,409.00,null,null,null
2023-08-13T01:24:02Z,22.53,65.17,99,0,31.84,101.32,1.00,407.00,null,null,null
2023-08-13T01:25:02Z,22.51,65.18,99,0,37.17,101.32,1.00,407.00,null,null,null
2023-08-13T01:26:02Z,22.52,65.19,99,0,38.07,101.32,1.00,407.00,0,0,0
2023-08-13T01:27:02Z,22.52,65.22,99,0,33.53,101.32,0.00,402.00,null,null,null
2023-08-13T01:28:02Z,22.53,65.20,99,0,34.01,101.32,0.00,402.00,null,null,null
2023-08-13T01:29:02Z,22.52,65.19,99,0,31.02,101.33,0.00,402.00,null,null,null
2023-08-13T01:30:02Z,22.51,65.17,99,0,32.08,101.32,0.00,402.00,null,null,null
2023-08-13T01:31:02Z,22.51,65.20,99,0,30.75,101.32,1.00,407.00,0,0,0
2023-08-13T01:32:02Z,22.53,65.21,99,0,28.96,101.33,0.00,402.00,null,null,null
2023-08-13T01:33:02Z,22.51,65.18,99,0,32.37,101.32,0.00,402.00,null,null,null
2023-08-13T01:34:02Z,22.52,65.19,99,0,31.60,101.32,0.00,401.00,null,null,null
2023-08-13T01:35:02Z,22.51,65.22,99,0,26.67,101.33,0.00,401.00,null,null,null
2023-08-13T01:36:02Z,22.48,65.17,99,0,32.72,101.32,0.00,401.00,1,1,6
2023-08-13T01:37:02Z,22.51,65.23,99,0,36.85,101.32,0.00,401.00,null,null,null
2023-08-13T01:38:02Z,22.52,65.17,99,0,34.94,101.33,0.00,401.00,null,null,null
2023-08-13T01:39:02Z,22.49,65.19,99,0,34.75,101.32,0.00,401.00,null,null,null
2023-08-13T01:40:02Z,22.48,65.21,99,0,36.84,101.32,0.00,401.00,null,null,null
2023-08-13T01:41:02Z,22.49,65.19,99,0,36.10,101.32,0.00,401.00,1,1,1
2023-08-13T01:42:02Z,22.49,65.24,99,0,30.90,101.32,0.00,400.00,null,null,null
2023-08-13T01:43:02Z,22.52,65.24,99,0,31.29,101.32,0.00,405.00,null,null,null
2023-08-13T01:44:02Z,22.51,65.20,99,0,34.75,101.32,0.00,400.00,null,null,null
2023-08-13T01:45:02Z,22.49,65.17,99,0,33.18,101.32,0.00,405.00,null,null,null
2023-08-13T01:46:02Z,22.47,65.18,99,0,30.36,101.32,0.00,405.00,3,3,3
2023-08-13T01:47:02Z,22.49,65.24,99,0,35.95,101.32,0.00,400.00,null,null,null
2023-08-13T01:48:02Z,22.49,65.21,99,0,36.83,101.32,0.00,400.00,null,null,null
2023-08-13T01:49:02Z,22.48,65.22,99,0,38.13,101.31,0.00,405.00,null,null,null
2023-08-13T01:50:02Z,22.45,65.25,99,0,34.08,101.31,0.00,405.00,null,null,null
2023-08-13T01:51:02Z,22.49,65.22,99,0,31.41,101.31,0.00,401.00,1,1,1
2023-08-13T01:52:02Z,22.47,65.29,99,0,30.30,101.31,0.00,400.00,null,null,null
2023-08-13T01:53:02Z,22.47,65.23,99,0,32.80,101.32,0.00,400.00,null,null,null
2023-08-13T01:54:02Z,22.49,65.22,99,0,37.73,101.31,0.00,403.00,null,null,null
2023-08-13T01:55:02Z,22.47,65.25,99,0,35.87,101.31,1.00,408.00,null,null,null
2023-08-13T01:56:02Z,22.51,65.22,99,0,28.36,101.31,0.00,405.00,1,1,1
2023-08-13T01:57:02Z,22.47,65.24,99,0,30.43,101.31,0.00,403.00,null,null,null
2023-08-13T01:58:02Z,22.45,65.22,99,0,40.01,101.31,0.00,403.00,null,null,null
2023-08-13T01:59:02Z,22.47,65.23,99,0,34.87,101.31,0.00,403.00,null,null,null
2023-08-13T02:00:02Z,22.47,65.19,99,0,37.95,101.31,0.00,403.00,null,null,null
2023-08-13T02:01:02Z,22.44,65.25,99,0,40.21,101.31,0.00,401.00,0,0,0
2023-08-13T02:02:02Z,22.47,65.26,99,0,38.85,101.31,0.00,400.00,null,null,null
2023-08-13T02:03:02Z,22.47,65.21,99,0,31.98,101.31,0.00,400.00,null,null,null
2023-08-13T02:04:02Z,22.44,65.21,99,0,33.65,101.30,0.00,403.00,null,null,null
2023-08-13T02:05:02Z,22.47,65.23,99,0,36.77,101.30,0.00,403.00,null,null,null
2023-08-13T02:06:02Z,22.45,65.26,99,0,26.24,101.30,1.00,408.00,0,0,0
2023-08-13T02:07:02Z,22.45,65.31,99,0,32.67,101.30,0.00,405.00,null,null,null
2023-08-13T02:08:02Z,22.47,65.24,99,0,34.16,101.30,0.00,405.00,null,null,null
2023-08-13T02:09:02Z,22.48,65.25,99,0,38.67,101.30,1.00,408.00,null,null,null
2023-08-13T02:10:02Z,22.42,65.26,99,0,31.86,101.30,0.00,400.00,null,null,null
2023-08-13T02:11:02Z,22.44,65.22,99,0,33.30,101.30,0.00,400.00,0,0,0
2023-08-13T02:12:02Z,22.45,65.28,99,0,31.51,101.30,0.00,400.00,null,null,null
2023-08-13T02:13:02Z,22.47,65.19,99,0,32.89,101.30,0.00,400.00,null,null,null
2023-08-13T02:14:02Z,22.45,65.23,99,0,31.47,101.30,0.00,403.00,null,null,null
2023-08-13T02:15:02Z,22.44,65.24,99,0,35.79,101.30,0.00,403.00,null,null,null
2023-08-13T02:16:02Z,22.41,65.25,99,0,34.88,101.30,0.00,403.00,0,0,0
2023-08-13T02:17:02Z,22.42,65.18,99,0,35.08,101.31,0.00,400.00,null,null,null
2023-08-13T02:18:02Z,22.44,65.21,99,0,33.69,101.30,0.00,403.00,null,null,null
2023-08-13T02:19:02Z,22.42,65.21,99,0,37.97,101.30,0.00,403.00,null,null,null
2023-08-13T02:20:02Z,22.41,65.16,99,0,34.90,101.30,0.00,400.00,null,null,null
2023-08-13T02:21:02Z,22.41,65.16,99,0,34.08,101.30,0.00,405.00,1,2,10
2023-08-13T02:22:02Z,22.42,65.23,99,0,36.64,101.30,0.00,405.00,null,null,null
2023-08-13T02:23:02Z,22.45,65.20,99,0,34.18,101.30,0.00,405.00,null,null,null
2023-08-13T02:24:02Z,22.42,65.23,99,0,35.22,101.30,0.00,405.00,null,null,null
2023-08-13T02:25:02Z,22.40,65.17,99,0,42.88,101.29,0.00,405.00,null,null,null
2023-08-13T02:26:02Z,22.41,65.24,99,0,37.45,101.30,0.00,405.00,41,59,79
2023-08-13T02:27:02Z,22.40,65.28,99,0,41.74,101.30,0.00,405.00,null,null,null
2023-08-13T02:28:02Z,22.41,65.30,99,0,37.14,101.30,0.00,400.00,null,null,null
2023-08-13T02:29:02Z,22.42,65.30,99,0,45.77,101.30,0.00,405.00,null,null,null
2023-08-13T02:30:02Z,22.42,65.33,99,0,37.31,101.30,0.00,405.00,null,null,null
2023-08-13T02:31:02Z,22.41,65.36,99,0,34.84,101.30,0.00,405.00,50,110,110
2023-08-13T02:32:02Z,22.42,65.39,99,0,44.68,101.29,0.00,405.00,null,null,null
2023-08-13T02:33:02Z,22.44,65.38,99,0,33.72,101.30,0.00,405.00,null,null,null
2023-08-13T02:34:02Z,22.41,65.37,99,0,48.26,101.29,0.00,405.00,null,null,null
2023-08-13T02:35:02Z,22.40,65.39,99,0,34.57,101.30,1.00,409.00,null,null,null
2023-08-13T02:36:02Z,22.40,65.37,99,0,33.02,101.29,1.00,409.00,40,64,69
2023-08-13T02:37:02Z,22.41,65.48,99,0,30.06,101.29,1.00,409.00,null,null,null
2023-08-13T02:38:02Z,22.42,65.43,99,0,36.98,101.29,1.00,409.00,null,null,null
2023-08-13T02:39:02Z,22.40,65.43,99,0,30.54,101.30,1.00,413.00,null,null,null
2023-08-13T02:40:02Z,22.41,65.45,99,0,35.32,101.29,1.00,413.00,null,null,null
2023-08-13T02:41:02Z,22.41,65.48,99,0,34.30,101.29,1.00,413.00,18,37,45
2023-08-13T02:42:02Z,22.41,65.51,99,0,30.01,101.29,1.00,413.00,null,null,null
2023-08-13T02:43:02Z,22.42,65.48,99,0,37.09,101.29,1.00,413.00,null,null,null
2023-08-13T02:44:02Z,22.41,65.48,99,0,30.13,101.29,1.00,413.00,null,null,null
2023-08-13T02:45:02Z,22.42,65.49,99,0,37.23,101.29,1.00,413.00,null,null,null
2023-08-13T02:46:02Z,22.40,65.53,99,0,37.55,101.29,1.00,413.00,23,55,94
2023-08-13T02:47:02Z,22.42,65.62,99,0,36.53,101.28,1.00,411.00,null,null,null
2023-08-13T02:48:02Z,22.44,65.57,99,0,39.37,101.29,1.00,411.00,null,null,null
2023-08-13T02:49:02Z,22.41,65.57,99,0,39.81,101.29,1.00,411.00,null,null,null
2023-08-13T02:50:02Z,22.40,65.51,99,0,36.24,101.29,1.00,411.00,null,null,null
2023-08-13T02:51:02Z,22.41,65.57,99,0,39.97,101.29,1.00,411.00,32,54,54
2023-08-13T02:52:02Z,22.41,65.70,99,0,34.12,101.28,1.00,411.00,null,null,null
2023-08-13T02:53:02Z,22.42,65.62,99,0,37.79,101.28,1.00,411.00,null,null,null
2023-08-13T02:54:02Z,22.40,65.66,99,0,37.42,101.28,1.00,408.00,null,null,null
2023-08-13T02:55:02Z,22.40,65.62,99,0,35.80,101.28,1.00,408.00,null,null,null
2023-08-13T02:56:02Z,22.40,65.63,99,0,40.02,101.28,1.00,408.00,27,64,88
2023-08-13T02:57:02Z,22.44,65.77,99,0,33.36,101.28,0.00,401.00,null,null,null
2023-08-13T02:58:02Z,22.44,65.69,99,0,null,101.29,0.00,402.00,null,null,null
2023-08-13T02:59:02Z,22.45,65.68,99,0,34.14,101.28,0.00,406.00,null,null,null
