TIME,TEMP,HUM,BATT,LIGHT,NOISE_A,PRESS,CCS811_VOCS,CCS811_ECO2,PM_1,PM_25,PM_10
ISO 8601,C,%,%,Lux,dBA,kPa,ppb,ppm,ug/m3,ug/m3,ug/m3
Time,Temperature,Humidity,Battery,Light,Noise dBA,Barometric pressure,VOC Gas CCS811,eCO2 Gas CCS811,PM 1.0,PM 2.5,PM 10.0
,55,56,10,14,53,58,113,112,89,87,88
2023-08-23T00:00:35Z,24.13,74.32,99,0,40.95,102.03,51.00,737.00,0,0,0
2023-08-23T00:01:35Z,24.16,74.26,100,0,41.34,102.04,47.00,714.00,null,null,null
2023-08-23T00:02:35Z,24.16,74.30,100,0,45.00,102.04,49.00,726.00,null,null,null
2023-08-23T00:03:35Z,24.16,74.37,100,0,45.52,102.04,49.00,726.00,null,null,null
2023-08-23T00:04:35Z,24.13,74.38,100,0,42.64,102.03,49.00,726.00,null,null,null
2023-08-23T00:05:35Z,24.13,74.41,100,0,45.68,102.03,49.00,726.00,0,0,0
2023-08-23T00:06:35Z,24.15,74.38,100,0,54.76,102.04,46.00,708.00,null,null,null
2023-08-23T00:07:35Z,24.12,74.34,100,0,36.04,102.04,47.00,714.00,null,null,null
2023-08-23T00:08:35Z,24.15,74.40,100,0,45.13,102.04,47.00,714.00,null,null,null
2023-08-23T00:09:35Z,24.15,74.37,100,0,55.76,102.04,47.00,714.00,null,null,null
2023-08-23T00:10:35Z,24.12,74.44,100,0,49.43,102.04,47.00,714.00,0,0,0
2023-08-23T00:11:35Z,24.10,74.50,100,0,41.06,102.05,47.00,714.00,null,null,null
2023-08-23T00:12:35Z,24.12,74.49,100,0,42.30,102.05,47.00,714.00,null,null,null
2023-08-23T00:13:35Z,24.13,74.46,100,0,56.21,102.04,47.00,714.00,null,null,null
2023-08-23T00:14:35Z,24.12,74.46,99,0,40.84,102.05,47.00,714.00,null,null,null
2023-08-23T00:15:35Z,24.12,74.50,100,0,44.80,102.05,47.00,714.00,0,0,0
2023-08-23T00:16:35Z,24.12,74.52,100,0,53.69,102.05,47.00,714.00,null,null,null
2023-08-23T00:17:35Z,24.10,74.53,100,0,48.27,102.05,47.00,714.00,null,null,null
2023-08-23T00:18:35Z,24.13,74.52,100,0,44.14,102.05,46.00,708.00,null,null,null
2023-08-23T00:19:35Z,24.13,74.56,99,0,37.68,102.05,46.00,708.00,null,null,null
2023-08-23T00:20:35Z,24.09,74.59,100,0,35.53,102.05,47.00,714.00,0,0,0
2023-08-23T00:21:35Z,24.10,74.64,100,0,33.75,102.04,47.00,714.00,null,null,null
2023-08-23T00:22:35Z,24.10,74.59,100,0,35.93,102.04,46.00,708.00,null,null,null
2023-08-23T00:23:35Z,24.10,74.57,100,0,37.99,102.04,46.00,708.00,null,null,null
2023-08-23T00:24:35Z,24.09,74.61,100,0,41.58,102.04,46.00,708.00,null,null,null
2023-08-23T00:25:35Z,24.12,74.61,100,0,33.63,102.04,46.00,708.00,0,0,0
2023-08-23T00:26:35Z,24.09,74.69,100,0,44.09,102.04,46.00,708.00,null,null,null
2023-08-23T00:27:35Z,24.09,74.63,100,0,47.59,102.04,45.00,699.00,null,null,null
2023-08-23T00:28:35Z,24.12,74.68,99,0,47.93,102.04,45.00,699.00,null,null,null
2023-08-23T00:29:35Z,24.09,74.77,100,0,41.49,102.04,46.00,708.00,null,null,null
2023-08-23T00:30:35Z,24.09,74.78,100,0,50.55,102.04,46.00,702.00,0,0,0
2023-08-23T00:31:35Z,24.08,74.82,100,0,37.87,102.04,46.00,702.00,null,null,null
2023-08-23T00:32:35Z,24.10,74.81,100,0,34.83,102.03,46.00,708.00,null,null,null
2023-08-23T00:33:35Z,24.09,74.82,100,0,44.42,102.04,46.00,702.00,null,null,null
2023-08-23T00:34:35Z,24.08,74.84,100,0,47.88,102.03,46.00,702.00,null,null,null
2023-08-23T00:35:35Z,24.06,74.87,100,0,38.18,102.03,46.00,702.00,0,0,0
2023-08-23T00:36:35Z,24.06,74.87,100,0,59.36,102.04,46.00,702.00,null,null,null
2023-08-23T00:37:35Z,24.09,74.81,100,0,55.53,102.04,46.00,702.00,null,null,null
2023-08-23T00:38:35Z,24.10,74.83,100,0,34.95,102.04,46.00,702.00,null,null,null
2023-08-23T00:39:35Z,24.05,74.79,100,0,45.51,102.04,44.00,692.00,null,null,null
2023-08-23T00:40:35Z,24.06,74.88,100,0,33.75,102.04,43.00,686.00,0,0,0
2023-08-23T00:41:35Z,24.06,74.89,100,0,46.35,102.04,43.00,686.00,null,null,null
2023-08-23T00:42:35Z,24.08,74.84,100,0,33.90,102.04,44.00,692.00,null,null,null
2023-08-23T00:43:35Z,24.08,74.89,100,0,48.66,102.05,46.00,702.00,null,null,null
2023-08-23T00:44:35Z,24.08,74.98,100,0,38.78,102.04,46.00,702.00,null,null,null
2023-08-23T00:45:35Z,24.03,75.06,99,0,49.53,102.05,46.00,702.00,0,0,0
2023-08-23T00:46:35Z,24.06,75.09,100,0,42.39,102.05,44.00,692.00,null,null,null
2023-08-23T00:47:35Z,24.06,75.08,99,0,40.12,102.05,46.00,702.00,null,null,null
2023-08-23T00:48:35Z,24.06,75.08,100,0,42.03,102.06,46.00,702.00,null,null,null
2023-08-23T00:49:35Z,24.08,75.04,100,0,34.39,102.06,46.00,702.00,null,null,null
2023-08-23T00:50:35Z,24.05,75.10,100,0,49.19,102.06,46.00,702.00,0,0,0
2023-08-23T00:51:35Z,24.06,75.12,100,0,42.74,102.06,44.00,692.00,null,null,null
2023-08-23T00:52:35Z,24.06,75.07,100,0,34.41,102.06,44.00,692.00,null,null,null
2023-08-23T00:53:35Z,24.06,75.08,100,0,48.35,102.06,46.00,702.00,null,null,null
2023-08-23T00:54:35Z,24.06,75.05,100,0,41.74,102.06,44.00,692.00,null,null,null
2023-08-23T00:55:35Z,24.02,75.08,100,0,49.98,102.06,44.00,692.00,0,0,0
2023-08-23T00:56:35Z,24.06,75.12,100,0,46.34,102.06,44.00,692.00,null,null,null
2023-08-23T00:57:35Z,24.08,75.09,99,0,49.73,102.05,44.00,692.00,null,null,null
2023-08-23T00:58:35Z,24.05,75.11,100,0,41.08,102.05,44.00,692.00,null,null,null
2023-08-23T00:59:35Z,24.06,75.11,99,0,46.44,102.05,44.00,692.00,null,null,null
2023-08-23T01:00:35Z,24.05,75.12,99,0,40.49,102.04,43.00,686.00,0,0,0
2023-08-23T01:01:35Z,24.03,75.12,100,0,34.04,102.04,43.00,686.00,null,null,null
2023-08-23T01:02:35Z,24.06,75.11,99,0,46.69,102.04,43.00,686.00,null,null,null
2023-08-23T01:03:35Z,24.05,75.12,100,0,35.93,102.04,43.00,686.00,null,null,null
2023-08-23T01:04:35Z,24.05,75.17,100,0,57.99,102.04,43.00,686.00,null,null,null
2023-08-23T01:05:35Z,24.03,75.13,100,0,40.23,102.05,43.00,686.00,0,0,0
2023-08-23T01:06:35Z,24.05,75.19,100,0,42.12,102.05,42.00,678.00,null,null,null
2023-08-23T01:07:35Z,24.05,75.17,100,0,35.73,102.05,43.00,686.00,null,null,null
2023-08-23T01:08:35Z,24.05,75.18,100,0,48.82,102.05,43.00,686.00,null,null,null
2023-08-23T01:09:35Z,24.02,75.15,100,0,33.79,102.04,43.00,686.00,null,null,null
2023-08-23T01:10:35Z,24.06,75.18,100,0,44.56,102.04,42.00,678.00,0,0,0
2023-08-23T01:11:35Z,24.03,75.12,100,0,34.88,102.04,42.00,678.00,null,null,null
2023-08-23T01:12:35Z,24.05,75.08,100,0,44.92,102.04,42.00,678.00,null,null,null
2023-08-23T01:13:35Z,24.05,75.04,100,0,48.82,102.04,42.00,678.00,null,null,null
2023-08-23T01:14:35Z,24.03,75.04,100,0,48.25,102.04,41.00,674.00,null,null,null
2023-08-23T01:15:35Z,24.02,75.06,100,0,50.85,102.04,42.00,678.00,0,0,0
2023-08-23T01:16:35Z,24.02,75.10,100,0,34.02,102.04,41.00,674.00,null,null,null
2023-08-23T01:17:35Z,24.05,75.07,100,0,41.01,102.04,42.00,678.00,null,null,null
2023-08-23T01:18:35Z,24.03,75.03,100,0,46.85,102.04,41.00,674.00,null,null,null
2023-08-23T01:19:35Z,24.02,75.09,100,0,48.73,102.04,42.00,678.00,null,null,null
2023-08-23T01:20:35Z,24.00,75.09,99,0,44.11,102.04,41.00,674.00,0,0,0
2023-08-23T01:21:35Z,24.02,75.09,100,0,52.41,102.04,41.00,674.00,null,null,null
2023-08-23T01:22:35Z,24.05,75.01,99,0,45.04,102.04,41.00,674.00,null,null,null
2023-08-23T01:23:35Z,24.03,75.09,100,0,39.25,102.04,41.00,674.00,null,null,null
2023-08-23T01:24:35Z,24.02,75.09,100,0,51.07,102.03,41.00,674.00,null,null,null
2023-08-23T01:25:35Z,23.99,75.08,100,0,36.62,102.03,41.00,674.00,0,0,0
2023-08-23T01:26:35Z,24.03,75.10,100,0,33.75,102.03,39.00,660.00,null,null,null
2023-08-23T01:27:35Z,24.02,75.06,100,0,51.31,102.03,41.00,674.00,null,null,null
2023-08-23T01:28:35Z,24.03,75.04,100,0,56.06,102.03,39.00,660.00,null,null,null
2023-08-23T01:29:35Z,24.00,75.06,99,0,33.24,102.02,41.00,674.00,null,null,null
2023-08-23T01:30:35Z,24.02,75.08,100,0,35.31,102.02,39.00,660.00,0,0,0
2023-08-23T01:31:35Z,24.03,75.13,100,0,43.76,102.02,39.00,657.00,null,null,null
2023-08-23T01:32:35Z,24.02,75.04,100,0,47.09,102.02,39.00,660.00,null,null,null
2023-08-23T01:33:35Z,24.03,75.07,99,0,42.21,102.02,39.00,660.00,null,null,null
2023-08-23T01:34:35Z,24.02,75.00,99,0,50.92,102.02,39.00,660.00,null,null,null
2023-08-23T01:35:35Z,24.02,75.00,100,0,36.32,102.02,39.00,660.00,0,0,0
2023-08-23T01:36:35Z,24.00,75.04,100,0,52.27,102.02,39.00,660.00,null,null,null
2023-08-23T01:37:35Z,24.02,75.03,100,0,46.15,102.01,39.00,660.00,null,null,null
2023-08-23T01:38:35Z,24.02,75.00,100,0,34.06,102.02,39.00,660.00,null,null,null
2023-08-23T01:39:35Z,24.02,75.01,100,0,36.39,102.01,39.00,660.00,null,null,null
2023-08-23T01:40:35Z,23.98,75.00,100,0,49.26,102.01,39.00,660.00,0,0,0
2023-08-23T01:41:35Z,24.02,75.01,99,0,57.50,102.01,39.00,660.00,null,null,null
2023-08-23T01:42:35Z,23.99,75.04,100,0,34.66,102.01,39.00,660.00,null,null,null
2023-08-23T01:43:35Z,24.00,75.00,100,0,35.65,102.01,39.00,660.00,null,null,null
2023-08-23T01:44:35Z,24.00,75.02,100,0,37.96,102.01,39.00,660.00,null,null,null
2023-08-23T01:45:35Z,23.99,75.05,100,0,41.07,102.01,39.00,660.00,0,0,0
2023-08-23T01:46:35Z,23.99,75.04,100,0,43.51,102.02,39.00,660.00,null,null,null
2023-08-23T01:47:35Z,24.00,75.07,99,0,37.71,102.01,39.00,660.00,null,null,null
2023-08-23T01:48:35Z,23.99,75.07,99,0,51.91,102.01,39.00,660.00,null,null,null
2023-08-23T01:49:35Z,23.99,75.12,100,0,40.09,102.01,39.00,660.00,null,null,null
2023-08-23T01:50:35Z,23.98,75.20,100,0,41.66,102.01,39.00,660.00,0,0,0
2023-08-23T01:51:35Z,24.00,75.19,100,0,35.35,102.02,39.00,660.00,null,null,null
2023-08-23T01:52:35Z,23.99,75.20,100,0,50.91,102.02,39.00,660.00,null,null,null
2023-08-23T01:53:35Z,23.99,75.18,100,0,38.03,102.02,39.00,660.00,null,null,null
2023-08-23T01:54:35Z,23.98,75.23,99,0,43.29,102.02,39.00,660.00,null,null,null
2023-08-23T01:55:35Z,23.99,75.24,100,0,33.62,102.02,39.00,660.00,0,0,0
2023-08-23T01:56:35Z,23.96,75.29,99,0,33.01,102.02,39.00,660.00,null,null,null
2023-08-23T01:57:35Z,24.00,75.22,100,0,33.14,102.02,39.00,656.00,null,null,null
2023-08-23T01:58:35Z,23.99,75.25,100,0,33.93,102.02,41.00,674.00,null,null,null
2023-08-23T01:59:35Z,23.99,75.26,100,0,33.62,102.01,39.00,656.00,null,null,null
2023-08-23T02:00:35Z,23.96,75.25,99,0,33.79,102.02,39.00,656.00,0,0,0
2023-08-23T02:01:35Z,23.99,75.25,100,0,33.80,102.01,39.00,656.00,null,null,null
2023-08-23T02:02:35Z,23.98,75.24,99,0,33.70,102.01,39.00,656.00,null,null,null
2023-08-23T02:03:35Z,23.99,75.25,100,0,33.28,102.01,39.00,660.00,null,null,null
2023-08-23T02:04:35Z,23.98,75.22,99,0,33.41,102.01,39.00,656.00,null,null,null
2023-08-23T02:05:35Z,23.98,75.27,99,0,35.78,102.01,39.00,660.00,0,0,0
2023-08-23T02:06:35Z,23.96,75.28,100,0,33.70,102.01,39.00,660.00,null,null,null
2023-08-23T02:07:35Z,23.99,75.24,100,0,33.32,102.02,39.00,656.00,null,null,null
2023-08-23T02:08:35Z,24.02,75.25,100,0,33.54,102.02,39.00,660.00,null,null,null
2023-08-23T02:09:35Z,23.96,75.24,100,0,32.84,102.01,40.00,668.00,null,null,null
2023-08-23T02:10:35Z,23.98,75.25,100,0,33.80,102.01,41.00,674.00,0,0,0
2023-08-23T02:11:35Z,23.96,75.29,100,0,33.02,102.01,38.00,652.00,null,null,null
2023-08-23T02:12:35Z,23.96,75.25,100,0,33.93,102.01,40.00,668.00,null,null,null
2023-08-23T02:13:35Z,23.96,75.25,100,0,40.44,102.01,40.00,668.00,null,null,null
2023-08-23T02:14:35Z,23.98,75.29,100,0,33.89,102.01,40.00,668.00,null,null,null
2023-08-23T02:15:35Z,23.94,75.33,100,0,33.27,102.01,40.00,668.00,0,0,0
2023-08-23T02:16:35Z,23.98,75.31,100,0,33.52,102.01,39.00,656.00,null,null,null
2023-08-23T02:17:35Z,23.98,75.29,99,0,33.74,102.00,40.00,668.00,null,null,null
2023-08-23T02:18:35Z,23.96,75.27,99,0,33.36,102.00,40.00,668.00,null,null,null
2023-08-23T02:19:35Z,23.96,75.28,100,0,33.99,102.01,40.00,668.00,null,null,null
2023-08-23T02:20:35Z,23.98,75.29,100,0,33.18,102.00,40.00,668.00,0,0,0
2023-08-23T02:21:35Z,23.96,75.34,100,0,33.45,102.00,40.00,668.00,null,null,null
2023-08-23T02:22:35Z,23.98,75.28,100,0,35.55,102.00,40.00,668.00,null,null,null
2023-08-23T02:23:35Z,23.98,75.30,99,0,35.31,102.00,40.00,668.00,null,null,null
2023-08-23T02:24:35Z,23.93,75.29,100,0,34.84,102.01,40.00,668.00,null,null,null
2023-08-23T02:25:35Z,23.94,75.34,100,0,32.85,102.01,40.00,668.00,0,0,0
2023-08-23T02:26:35Z,23.94,75.40,100,0,34.01,102.01,41.00,672.00,null,null,null
2023-08-23T02:27:35Z,23.94,75.37,100,0,34.36,102.01,41.00,672.00,null,null,null
2023-08-23T02:28:35Z,23.93,75.38,100,0,35.40,102.01,41.00,672.00,null,null,null
2023-08-23T02:29:35Z,23.98,75.42,100,0,35.38,102.01,41.00,672.00,null,null,null
2023-08-23T02:30:35Z,23.93,75.43,100,0,35.04,102.01,41.00,672.00,0,0,0
2023-08-23T02:31:35Z,23.94,75.45,99,0,34.67,102.02,41.00,672.00,null,null,null
2023-08-23T02:32:35Z,23.94,75.45,100,0,37.49,102.01,41.00,672.00,null,null,null
2023-08-23T02:33:35Z,23.98,75.44,99,0,34.13,102.01,41.00,672.00,null,null,null
2023-08-23T02:34:35Z,23.98,75.43,100,0,35.74,102.01,41.00,672.00,null,null,null
2023-08-23T02:35:35Z,23.93,75.39,100,0,36.77,102.01,41.00,672.00,0,0,0
2023-08-23T02:36:35Z,23.96,75.44,100,0,33.54,102.01,41.00,672.00,null,null,null
2023-08-23T02:37:35Z,23.96,75.41,100,0,33.61,102.01,41.00,672.00,null,null,null
2023-08-23T02:38:35Z,23.96,75.36,99,0,34.16,102.01,40.00,668.00,null,null,null
2023-08-23T02:39:35Z,23.94,75.36,100,0,34.64,102.01,40.00,668.00,null,null,null
2023-08-23T02:40:35Z,23.93,75.41,99,0,33.71,102.01,40.00,668.00,0,0,0
2023-08-23T02:41:35Z,23.94,75.42,99,0,34.58,102.01,40.00,668.00,null,null,null
2023-08-23T02:42:35Z,23.96,75.38,100,0,34.89,102.01,41.00,672.00,null,null,null
2023-08-23T02:43:35Z,23.94,75.37,99,0,34.32,102.01,41.00,672.00,null,null,null
2023-08-23T02:44:35Z,23.93,75.42,100,0,34.31,102.00,40.00,668.00,null,null,null
2023-08-23T02:45:35Z,23.93,75.40,99,0,34.13,102.00,40.00,668.00,0,0,0
2023-08-23T02:46:35Z,23.93,75.46,100,0,34.16,102.01,40.00,668.00,null,null,null
2023-08-23T02:47:35Z,23.92,75.39,100,0,35.15,102.01,40.00,668.00,null,null,null
2023-08-23T02:48:35Z,23.94,75.42,100,0,34.53,102.01,40.00,668.00,null,null,null
2023-08-23T02:49:35Z,23.93,75.49,100,0,34.15,102.01,41.00,672.00,null,null,null
2023-08-23T02:50:35Z,23.90,75.46,100,0,36.85,102.01,41.00,672.00,0,0,0
2023-08-23T02:51:35Z,23.92,75.52,100,0,34.04,102.01,40.00,668.00,null,null,null
2023-08-23T02:52:35Z,23.94,75.43,99,0,37.41,102.01,41.00,672.00,null,null,null
2023-08-23T02:53:35Z,23.93,75.48,100,0,34.03,102.01,41.00,672.00,null,null,null
2023-08-23T02:54:35Z,23.93,75.46,100,0,36.84,102.01,41.00,672.00,null,null,null
2023-08-23T02:55:35Z,23.92,75.52,100,0,34.67,102.02,41.00,672.00,0,0,0
2023-08-23T02:56:35Z,23.94,75.57,100,0,33.49,102.02,40.00,668.00,null,null,null
2023-08-23T02:57:35Z,23.93,75.51,100,0,34.24,102.02,41.00,672.00,null,null,null
2023-08-23T02:58:35Z,23.93,75.52,100,0,36.27,102.02,40.00,668.00,null,null,null
2023-08-23T02:59:35Z,23.92,75.55,100,0,34.18,102.02,41.00,672.00,null,null,null
2023-08-23T03:00:35Z,23.90,75.57,100,0,36.32,102.02,41.00,672.00,0,0,0
2023-08-23T03:01:35Z,23.90,75.68,100,0,34.20,102.02,41.00,672.00,null,null,null
2023-08-23T03:02:35Z,23.93,75.64,100,0,35.24,102.02,41.00,672.00,null,null,null
2023-08-23T03:03:35Z,23.93,75.62,100,0,35.30,102.02,42.00,679.00,null,null,null
2023-08-23T03:04:35Z,23.92,75.64,100,0,33.26,102.02,42.00,679.00,null,null,null
2023-08-23T03:05:35Z,23.90,75.67,99,0,34.30,102.02,42.00,679.00,0,0,0
2023-08-23T03:06:35Z,23.93,75.71,100,0,34.98,102.02,42.00,679.00,null,null,null
2023-08-23T03:07:35Z,23.93,75.67,99,0,33.95,102.02,42.00,679.00,null,null,null
2023-08-23T03:08:35Z,23.93,75.62,100,0,34.54,102.02,42.00,679.00,null,null,null
2023-08-23T03:09:35Z,23.90,75.61,100,0,34.72,102.02,42.00,679.00,null,null,null
2023-08-23T03:10:35Z,23.92,75.61,100,0,35.39,102.01,42.00,679.00,0,0,0
2023-08-23T03:11:35Z,23.90,75.62,100,0,34.79,102.02,42.00,679.00,null,null,null
2023-08-23T03:12:35Z,23.92,75.58,100,0,33.22,102.02,42.00,679.00,null,null,null
2023-08-23T03:13:35Z,23.92,75.55,100,0,35.24,102.02,42.00,679.00,null,null,null
2023-08-23T03:14:35Z,23.90,75.54,100,0,33.44,102.02,42.00,679.00,null,null,null
2023-08-23T03:15:35Z,23.90,75.58,100,0,34.27,102.02,42.00,679.00,0,0,0
2023-08-23T03:16:35Z,23.90,75.60,100,0,34.22,102.02,42.00,679.00,null,null,null
2023-08-23T03:17:35Z,23.92,75.54,100,0,34.52,102.02,42.00,679.00,null,null,null
2023-08-23T03:18:35Z,23.90,75.49,100,0,35.61,102.01,41.00,672.00,null,null,null
2023-08-23T03:19:35Z,23.90,75.50,100,0,35.62,102.01,41.00,672.00,null,null,null
2023-08-23T03:20:35Z,23.90,75.49,99,0,33.90,102.01,41.00,672.00,0,0,0
2023-08-23T03:21:35Z,23.89,75.47,99,0,34.63,102.01,41.00,672.00,null,null,null
2023-08-23T03:22:35Z,23.93,75.46,100,0,35.19,102.02,41.00,672.00,null,null,null
2023-08-23T03:23:35Z,23.92,75.40,100,0,35.61,102.01,41.00,672.00,null,null,null
2023-08-23T03:24:35Z,23.88,75.35,100,0,33.79,102.01,41.00,672.00,null,null,null
2023-08-23T03:25:35Z,23.86,75.38,100,0,38.67,102.01,41.00,672.00,0,0,0
2023-08-23T03:26:35Z,23.89,75.45,100,0,34.93,102.01,40.00,668.00,null,null,null
2023-08-23T03:27:35Z,23.89,75.42,100,0,33.87,102.01,61.00,806.00,null,null,null
2023-08-23T03:28:35Z,23.88,75.43,100,0,35.12,102.01,96.00,1035.00,null,null,null
2023-08-23T03:29:35Z,23.89,75.43,99,0,36.38,102.01,96.00,1035.00,null,null,null
2023-08-23T03:30:35Z,23.88,75.44,100,0,39.30,102.00,104.00,1083.00,0,0,0
2023-08-23T03:31:35Z,23.89,75.40,100,0,34.67,102.00,100.00,1060.00,null,null,null
2023-08-23T03:32:35Z,23.89,75.38,100,0,36.25,102.01,93.00,1017.00,null,null,null
2023-08-23T03:33:35Z,23.90,75.37,99,0,33.61,102.01,88.00,983.00,null,null,null
2023-08-23T03:34:35Z,23.89,75.41,100,0,35.19,102.01,83.00,951.00,null,null,null
2023-08-23T03:35:35Z,23.88,75.42,100,0,36.82,102.01,80.00,927.00,0,0,0
2023-08-23T03:36:35Z,23.86,75.45,100,0,35.42,102.01,74.00,887.00,null,null,null
2023-08-23T03:37:35Z,23.88,75.47,100,0,35.18,102.02,74.00,887.00,null,null,null
2023-08-23T03:38:35Z,23.88,75.40,100,0,34.66,102.01,71.00,868.00,null,null,null
2023-08-23T03:39:35Z,23.88,75.38,99,0,34.73,102.01,71.00,868.00,null,null,null
2023-08-23T03:40:35Z,23.85,75.42,99,0,35.51,102.01,71.00,868.00,0,0,0
2023-08-23T03:41:35Z,23.88,75.41,100,0,36.03,102.01,68.00,848.00,null,null,null
2023-08-23T03:42:35Z,23.88,75.34,100,0,32.97,102.00,68.00,848.00,null,null,null
2023-08-23T03:43:35Z,23.88,75.34,99,0,35.66,102.01,66.00,838.00,null,null,null
2023-08-23T03:44:35Z,23.85,75.31,100,0,35.47,102.00,65.00,830.00,null,null,null
2023-08-23T03:45:35Z,23.85,75.35,100,0,34.89,102.00,65.00,830.00,0,0,0
2023-08-23T03:46:35Z,23.86,75.36,99,0,33.74,102.00,63.00,819.00,null,null,null
2023-08-23T03:47:35Z,23.88,75.33,100,0,34.75,102.00,62.00,810.00,null,null,null
2023-08-23T03:48:35Z,23.85,75.33,99,0,33.75,102.00,62.00,810.00,null,null,null
2023-08-23T03:49:35Z,23.86,75.34,100,0,33.95,102.00,61.00,806.00,null,null,null
2023-08-23T03:50:35Z,23.85,75.34,99,0,34.00,101.99,62.00,810.00,0,0,0
2023-08-23T03:51:35Z,23.85,75.37,100,0,34.64,101.99,63.00,819.00,null,null,null
2023-08-23T03:52:35Z,23.86,75.29,100,0,34.77,101.99,71.00,868.00,null,null,null
2023-08-23T03:53:35Z,23.85,75.28,100,0,35.47,101.99,75.00,897.00,null,null,null
2023-08-23T03:54:35Z,23.86,75.24,100,0,34.21,101.99,77.00,907.00,null,null,null
2023-08-23T03:55:35Z,23.83,75.28,99,0,34.03,101.99,76.00,905.00,0,0,0
2023-08-23T03:56:35Z,23.86,75.28,100,0,34.44,102.00,75.00,897.00,null,null,null
2023-08-23T03:57:35Z,23.85,75.27,99,0,36.28,101.99,74.00,887.00,null,null,null
2023-08-23T03:58:35Z,23.86,75.26,100,0,36.45,101.99,73.00,880.00,null,null,null
2023-08-23T03:59:35Z,23.83,75.26,100,0,33.72,101.99,85.00,961.00,null,null,null
2023-08-23T04:00:35Z,23.83,75.21,100,0,35.30,101.99,88.00,983.00,0,0,0
2023-08-23T04:01:35Z,23.83,75.24,100,0,34.60,101.99,92.00,1004.00,null,null,null
2023-08-23T04:02:35Z,23.86,75.14,100,0,35.16,101.99,92.00,1004.00,null,null,null
2023-08-23T04:03:35Z,23.83,75.16,100,0,35.03,101.99,90.00,992.00,null,null,null
2023-08-23T04:04:35Z,23.80,75.19,100,0,36.33,101.98,88.00,981.00,null,null,null
2023-08-23T04:05:35Z,23.83,75.20,100,0,34.87,101.99,86.00,970.00,0,0,0
2023-08-23T04:06:35Z,23.82,75.24,99,0,34.41,101.99,85.00,959.00,null,null,null
2023-08-23T04:07:35Z,23.83,75.16,100,0,33.94,101.99,83.00,949.00,null,null,null
2023-08-23T04:08:35Z,23.80,75.15,100,0,34.89,101.98,79.00,925.00,null,null,null
2023-08-23T04:09:35Z,23.85,75.14,100,0,34.32,101.98,79.00,925.00,null,null,null
2023-08-23T04:10:35Z,23.80,75.20,100,0,36.47,101.98,79.00,925.00,0,0,0
2023-08-23T04:11:35Z,23.79,75.17,100,0,36.13,101.99,79.00,925.00,null,null,null
2023-08-23T04:12:35Z,23.83,75.13,100,0,34.78,101.99,79.00,925.00,null,null,null
2023-08-23T04:13:35Z,23.80,75.19,100,0,34.06,101.98,79.00,925.00,null,null,null
2023-08-23T04:14:35Z,23.82,75.13,100,0,35.82,101.98,78.00,915.00,null,null,null
2023-08-23T04:15:35Z,23.82,75.16,100,0,38.74,101.98,76.00,905.00,0,0,0
2023-08-23T04:16:35Z,23.82,75.16,100,0,36.28,101.98,74.00,887.00,null,null,null
2023-08-23T04:17:35Z,23.82,75.17,100,0,34.70,101.98,75.00,895.00,null,null,null
2023-08-23T04:18:35Z,23.80,75.22,100,0,35.76,101.99,75.00,895.00,null,null,null
2023-08-23T04:19:35Z,23.82,75.20,100,0,37.35,101.99,75.00,895.00,null,null,null
2023-08-23T04:20:35Z,23.78,75.31,100,0,34.26,101.99,81.00,935.00,0,0,0
2023-08-23T04:21:35Z,23.79,75.25,100,0,35.54,101.99,96.00,1035.00,null,null,null
2023-08-23T04:22:35Z,23.80,75.32,100,0,34.25,102.00,104.00,1083.00,null,null,null
2023-08-23T04:23:35Z,23.79,75.27,100,0,34.99,101.99,104.00,1083.00,null,null,null
2023-08-23T04:24:35Z,23.79,75.22,99,0,38.26,101.99,104.00,1083.00,null,null,null
2023-08-23T04:25:35Z,23.79,75.22,99,0,33.47,101.99,103.00,1081.00,0,0,0
2023-08-23T04:26:35Z,23.78,75.26,100,0,33.66,101.99,101.00,1068.00,null,null,null
2023-08-23T04:27:35Z,23.80,75.24,99,0,35.11,101.99,98.00,1047.00,null,null,null
2023-08-23T04:28:35Z,23.78,75.26,100,0,35.26,101.99,99.00,1056.00,null,null,null
2023-08-23T04:29:35Z,23.79,75.29,100,0,35.06,101.99,96.00,1035.00,null,null,null
2023-08-23T04:30:35Z,23.78,75.30,100,0,33.33,102.00,93.00,1017.00,0,0,0
2023-08-23T04:31:35Z,23.78,75.28,100,0,34.40,101.99,93.00,1017.00,null,null,null
2023-08-23T04:32:35Z,23.79,75.28,100,0,34.01,102.00,92.00,1007.00,null,null,null
2023-08-23T04:33:35Z,23.78,75.29,100,0,37.34,101.99,90.00,995.00,null,null,null
2023-08-23T04:34:35Z,23.78,75.28,100,0,37.70,101.99,90.00,995.00,null,null,null
2023-08-23T04:35:35Z,23.76,75.30,100,0,36.31,101.98,90.00,995.00,0,0,0
2023-08-23T04:36:35Z,23.78,75.31,100,0,34.86,101.99,90.00,995.00,null,null,null
2023-08-23T04:37:35Z,23.79,75.31,100,0,34.94,101.99,88.00,983.00,null,null,null
2023-08-23T04:38:35Z,23.79,75.28,100,0,35.68,101.98,88.00,983.00,null,null,null
2023-08-23T04:39:35Z,23.75,75.33,99,0,34.85,101.98,88.00,983.00,null,null,null
2023-08-23T04:40:35Z,23.78,75.35,100,0,34.36,101.98,87.00,972.00,0,0,0
2023-08-23T04:41:35Z,23.75,75.33,100,0,34.22,101.98,87.00,972.00,null,null,null
2023-08-23T04:42:35Z,23.78,75.30,100,0,34.44,101.98,87.00,972.00,null,null,null
2023-08-23T04:43:35Z,23.78,75.30,100,0,35.42,101.98,85.00,961.00,null,null,null
2023-08-23T04:44:35Z,23.76,75.31,99,0,34.65,101.98,85.00,961.00,null,null,null
2023-08-23T04:45:35Z,23.76,75.30,99,0,34.29,101.99,83.00,951.00,0,0,0
2023-08-23T04:46:35Z,23.75,75.35,99,0,35.39,101.98,83.00,951.00,null,null,null
2023-08-23T04:47:35Z,23.78,75.28,99,0,36.53,101.98,83.00,951.00,null,null,null
2023-08-23T04:48:35Z,23.75,75.30,100,0,34.72,101.98,82.00,940.00,null,null,null
2023-08-23T04:49:35Z,23.75,75.33,100,0,35.34,101.98,80.00,927.00,null,null,null
2023-08-23T04:50:35Z,23.76,75.35,100,0,34.06,101.98,80.00,927.00,0,0,0
2023-08-23T04:51:35Z,23.72,75.34,100,0,33.61,101.98,80.00,927.00,null,null,null
2023-08-23T04:52:35Z,23.75,75.25,100,0,38.02,101.98,80.00,927.00,null,null,null
2023-08-23T04:53:35Z,23.73,75.28,100,0,39.72,101.97,97.00,1038.00,null,null,null
2023-08-23T04:54:35Z,23.73,75.28,100,0,34.41,101.97,92.00,1009.00,null,null,null
2023-08-23T04:55:35Z,23.72,75.29,100,0,37.06,101.97,92.00,1009.00,0,0,0
2023-08-23T04:56:35Z,23.75,75.35,99,0,35.83,101.97,89.00,987.00,null,null,null
2023-08-23T04:57:35Z,23.73,75.26,100,0,34.90,101.97,77.00,907.00,null,null,null
2023-08-23T04:58:35Z,23.72,75.29,99,0,36.20,101.97,90.00,997.00,null,null,null
2023-08-23T04:59:35Z,23.73,75.23,99,0,37.09,101.97,89.00,987.00,null,null,null
2023-08-23T05:00:35Z,23.71,75.30,99,0,34.77,101.97,90.00,995.00,0,0,0
2023-08-23T05:01:35Z,23.72,75.38,99,0,36.40,101.97,87.00,975.00,null,null,null
2023-08-23T05:02:35Z,23.72,75.35,100,0,33.86,101.97,89.00,987.00,null,null,null
2023-08-23T05:03:35Z,23.73,75.33,100,0,40.61,101.98,89.00,987.00,null,null,null
2023-08-23T05:04:35Z,23.73,75.33,100,0,34.99,101.97,89.00,987.00,null,null,null
2023-08-23T05:05:35Z,23.68,75.35,100,0,35.03,101.97,87.00,975.00,0,0,0
2023-08-23T05:06:35Z,23.71,75.37,100,0,39.03,101.98,87.00,975.00,null,null,null
2023-08-23T05:07:35Z,23.73,75.37,99,0,35.30,101.98,87.00,975.00,null,null,null
2023-08-23T05:08:35Z,23.71,75.33,99,0,34.66,101.98,87.00,975.00,null,null,null
2023-08-23T05:09:35Z,23.71,75.39,100,0,35.57,101.98,87.00,975.00,null,null,null
2023-08-23T05:10:35Z,23.72,75.43,100,0,34.77,101.98,89.00,987.00,0,0,0
2023-08-23T05:11:35Z,23.72,75.48,99,0,36.19,101.98,97.00,1038.00,null,null,null
2023-08-23T05:12:35Z,23.73,75.39,100,0,34.74,101.99,102.00,1074.00,null,null,null
2023-08-23T05:13:35Z,23.71,75.37,100,0,34.68,101.99,102.00,1074.00,null,null,null
2023-08-23T05:14:35Z,23.71,75.41,100,0,34.34,101.99,104.00,1086.00,null,null,null
2023-08-23T05:15:35Z,23.69,75.46,100,0,34.58,101.99,104.00,1086.00,0,0,0
2023-08-23T05:16:35Z,23.71,75.38,100,0,34.74,101.99,104.00,1086.00,null,null,null
2023-08-23T05:17:35Z,23.69,75.38,100,0,33.77,101.99,104.00,1086.00,null,null,null
2023-08-23T05:18:35Z,23.72,75.36,100,0,37.83,101.99,104.00,1086.00,null,null,null
2023-08-23T05:19:35Z,23.71,75.45,100,0,35.92,101.99,104.00,1086.00,null,null,null
2023-08-23T05:20:35Z,23.68,75.40,100,0,35.28,101.99,102.00,1074.00,0,0,0
2023-08-23T05:21:35Z,23.69,75.46,100,0,34.85,101.99,100.00,1062.00,null,null,null
2023-08-23T05:22:35Z,23.69,75.37,100,0,40.33,101.99,100.00,1062.00,null,null,null
2023-08-23T05:23:35Z,23.71,75.46,99,0,35.55,101.99,99.00,1050.00,null,null,null
2023-08-23T05:24:35Z,23.68,75.38,100,0,36.04,102.00,99.00,1050.00,null,null,null
2023-08-23T05:25:35Z,23.68,75.45,100,0,35.06,102.00,99.00,1050.00,0,0,0
2023-08-23T05:26:35Z,23.68,75.55,100,0,34.52,102.00,97.00,1038.00,null,null,null
2023-08-23T05:27:35Z,23.69,75.47,100,0,35.17,102.00,97.00,1038.00,null,null,null
2023-08-23T05:28:35Z,23.71,75.49,100,0,34.05,102.00,97.00,1038.00,null,null,null
2023-08-23T05:29:35Z,23.68,75.52,100,0,34.46,102.00,97.00,1038.00,null,null,null
2023-08-23T05:30:35Z,23.68,75.52,100,0,36.59,102.01,94.00,1019.00,0,0,0
2023-08-23T05:31:35Z,23.66,75.56,100,0,36.30,102.00,92.00,1009.00,null,null,null
2023-08-23T05:32:35Z,23.68,75.55,100,0,34.17,102.00,92.00,1009.00,null,null,null
2023-08-23T05:33:35Z,23.66,75.50,99,0,37.88,102.01,92.00,1009.00,null,null,null
2023-08-23T05:34:35Z,23.68,75.48,100,0,35.55,102.01,92.00,1009.00,null,null,null
2023-08-23T05:35:35Z,23.66,75.52,100,0,34.73,102.00,90.00,997.00,0,0,0
2023-08-23T05:36:35Z,23.68,75.61,100,0,33.91,102.00,89.00,987.00,null,null,null
2023-08-23T05:37:35Z,23.69,75.52,100,0,36.35,102.00,90.00,997.00,null,null,null
2023-08-23T05:38:35Z,23.66,75.49,100,0,36.27,102.00,89.00,987.00,null,null,null
2023-08-23T05:39:35Z,23.66,75.52,100,0,34.02,102.00,89.00,987.00,null,null,null
2023-08-23T05:40:35Z,23.66,75.60,100,0,35.40,102.00,89.00,987.00,0,0,0
2023-08-23T05:41:35Z,23.66,75.59,100,0,34.68,102.00,85.00,964.00,null,null,null
2023-08-23T05:42:35Z,23.66,75.52,100,0,34.94,102.00,89.00,987.00,null,null,null
2023-08-23T05:43:35Z,23.66,75.50,99,0,34.89,102.00,87.00,975.00,null,null,null
2023-08-23T05:44:35Z,23.65,75.50,100,0,34.75,102.01,85.00,964.00,null,null,null
2023-08-23T05:45:35Z,23.66,75.52,100,0,34.94,102.01,85.00,964.00,0,0,0
2023-08-23T05:46:35Z,23.63,75.57,100,0,34.96,102.02,85.00,964.00,null,null,null
2023-08-23T05:47:35Z,23.65,75.46,100,0,33.45,102.02,89.00,987.00,null,null,null
2023-08-23T05:48:35Z,23.68,75.46,100,0,35.84,102.02,94.00,1019.00,null,null,null
2023-08-23T05:49:35Z,23.69,75.46,99,0,36.66,102.03,94.00,1019.00,null,null,null
2023-08-23T05:50:35Z,23.65,75.48,100,0,34.36,102.03,94.00,1019.00,0,0,0
2023-08-23T05:51:35Z,23.66,75.51,100,0,35.93,102.03,94.00,1019.00,null,null,null
2023-08-23T05:52:35Z,23.66,75.51,100,0,34.28,102.03,97.00,1038.00,null,null,null
2023-08-23T05:53:35Z,23.66,75.46,100,0,34.43,102.03,94.00,1019.00,null,null,null
2023-08-23T05:54:35Z,23.66,75.55,99,0,34.75,102.04,94.00,1019.00,null,null,null
2023-08-23T05:55:35Z,23.66,75.60,99,0,35.78,102.05,94.00,1019.00,0,0,0
2023-08-23T05:56:35Z,23.66,75.70,100,0,35.46,102.05,94.00,1019.00,null,null,null
2023-08-23T05:57:35Z,23.66,75.66,100,0,34.46,102.05,97.00,1038.00,null,null,null
2023-08-23T05:58:35Z,23.66,75.64,100,0,35.46,102.05,97.00,1038.00,null,null,null
2023-08-23T05:59:35Z,23.66,75.62,100,0,38.22,102.05,97.00,1038.00,null,null,null
2023-08-23T06:00:35Z,23.65,75.72,100,0,34.20,102.05,97.00,1038.00,0,0,0
2023-08-23T06:01:35Z,23.66,75.77,100,0,36.49,102.06,97.00,1038.00,null,null,null
2023-08-23T06:02:35Z,23.68,75.78,100,0,34.75,102.06,93.00,1012.00,null,null,null
2023-08-23T06:03:35Z,23.66,75.74,100,0,36.57,102.06,93.00,1012.00,null,null,null
2023-08-23T06:04:35Z,23.65,75.74,100,0,34.79,102.06,97.00,1038.00,null,null,null
2023-08-23T06:05:35Z,23.62,75.82,100,0,34.52,102.06,97.00,1038.00,0,0,0
2023-08-23T06:06:35Z,23.66,75.87,100,0,34.77,102.07,127.00,1238.00,null,null,null
2023-08-23T06:07:35Z,23.68,75.87,100,0,35.24,102.06,143.00,1345.00,null,null,null
2023-08-23T06:08:35Z,23.69,75.82,100,0,39.98,102.06,163.00,1470.00,null,null,null
2023-08-23T06:09:35Z,23.65,75.77,100,0,34.99,102.06,177.00,1507.00,null,null,null
2023-08-23T06:10:35Z,23.65,75.84,100,0,33.99,102.06,187.00,1523.00,0,0,0
2023-08-23T06:11:35Z,23.68,75.90,99,0,36.29,102.06,190.00,1527.00,null,null,null
2023-08-23T06:12:35Z,23.66,75.88,100,0,34.58,102.07,190.00,1527.00,null,null,null
2023-08-23T06:13:35Z,23.66,75.86,100,0,34.77,102.07,187.00,1523.00,null,null,null
2023-08-23T06:14:35Z,23.63,75.88,100,0,37.37,102.07,187.00,1523.00,null,null,null
2023-08-23T06:15:35Z,23.66,75.93,100,0,33.59,102.07,190.00,1527.00,0,0,0
2023-08-23T06:16:35Z,23.66,75.94,100,0,36.78,102.07,180.00,1513.00,null,null,null
2023-08-23T06:17:35Z,23.65,75.89,100,0,34.83,102.07,180.00,1513.00,null,null,null
2023-08-23T06:18:35Z,23.68,75.87,100,0,35.81,102.07,177.00,1507.00,null,null,null
2023-08-23T06:19:35Z,23.66,75.83,99,0,35.85,102.07,174.00,1503.00,null,null,null
2023-08-23T06:20:35Z,23.66,75.89,100,0,34.01,102.07,168.00,1495.00,0,0,0
2023-08-23T06:21:35Z,23.62,75.92,100,0,37.30,102.07,163.00,1470.00,null,null,null
2023-08-23T06:22:35Z,23.68,75.86,100,0,35.04,102.07,165.00,1487.00,null,null,null
2023-08-23T06:23:35Z,23.66,75.81,100,0,34.60,102.06,163.00,1470.00,null,null,null
2023-08-23T06:24:35Z,23.66,75.79,100,0,36.14,102.06,160.00,1453.00,null,null,null
2023-08-23T06:25:35Z,23.66,75.86,99,0,35.43,102.06,156.00,1425.00,0,0,0
2023-08-23T06:26:35Z,23.65,75.90,100,0,34.23,102.06,154.00,1416.00,null,null,null
2023-08-23T06:27:35Z,23.68,75.84,99,0,35.61,102.07,154.00,1416.00,null,null,null
2023-08-23T06:28:35Z,23.65,75.82,100,0,35.00,102.07,154.00,1416.00,null,null,null
2023-08-23T06:29:35Z,23.66,75.83,100,0,34.31,102.07,152.00,1400.00,null,null,null
2023-08-23T06:30:35Z,23.63,75.85,100,0,37.17,102.07,150.00,1385.00,0,0,0
2023-08-23T06:31:35Z,23.65,75.91,100,0,34.89,102.07,146.00,1360.00,null,null,null
2023-08-23T06:32:35Z,23.66,75.85,100,0,34.22,102.07,146.00,1360.00,null,null,null
2023-08-23T06:33:35Z,23.66,75.87,100,0,38.21,102.07,143.00,1345.00,null,null,null
2023-08-23T06:34:35Z,23.69,75.84,100,0,35.56,102.07,143.00,1345.00,null,null,null
2023-08-23T06:35:35Z,23.65,75.90,99,0,34.63,102.07,141.00,1330.00,0,0,0
2023-08-23T06:36:35Z,23.65,76.03,99,0,34.89,102.07,141.00,1330.00,null,null,null
2023-08-23T06:37:35Z,23.65,75.98,99,0,33.44,102.07,141.00,1330.00,null,null,null
2023-08-23T06:38:35Z,23.66,75.91,99,0,35.77,102.07,139.00,1313.00,null,null,null
2023-08-23T06:39:35Z,23.68,75.95,100,0,34.61,102.07,139.00,1313.00,null,null,null
2023-08-23T06:40:35Z,23.65,75.91,100,0,42.08,102.07,136.00,1299.00,0,0,0
2023-08-23T06:41:35Z,23.65,76.01,100,0,36.25,102.07,136.00,1299.00,null,null,null
2023-08-23T06:42:35Z,23.65,75.92,100,0,36.46,102.07,134.00,1285.00,null,null,null
2023-08-23T06:43:35Z,23.68,75.91,99,0,35.08,102.08,132.00,1270.00,null,null,null
2023-08-23T06:44:35Z,23.65,75.97,100,0,35.80,102.07,132.00,1270.00,null,null,null
2023-08-23T06:45:35Z,23.63,75.94,100,0,34.68,102.08,132.00,1270.00,0,0,0
2023-08-23T06:46:35Z,23.65,76.08,100,0,36.43,102.07,130.00,1255.00,null,null,null
2023-08-23T06:47:35Z,23.66,75.96,100,0,33.72,102.07,130.00,1255.00,null,null,null
2023-08-23T06:48:35Z,23.66,75.94,100,0,35.85,102.08,130.00,1255.00,null,null,null
2023-08-23T06:49:35Z,23.63,76.03,99,0,34.42,102.08,127.00,1238.00,null,null,null
2023-08-23T06:50:35Z,23.63,76.00,100,0,33.93,102.08,130.00,1255.00,0,0,0
2023-08-23T06:51:35Z,23.65,76.09,100,0,34.29,102.08,127.00,1238.00,null,null,null
2023-08-23T06:52:35Z,23.65,76.02,100,0,34.42,102.08,127.00,1238.00,null,null,null
2023-08-23T06:53:35Z,23.63,76.03,100,0,34.97,102.08,127.00,1238.00,null,null,null
2023-08-23T06:54:35Z,23.62,76.04,100,0,35.42,102.08,125.00,1224.00,null,null,null
2023-08-23T06:55:35Z,23.61,76.02,99,0,36.45,102.08,125.00,1224.00,0,0,0
2023-08-23T06:56:35Z,23.63,76.19,100,0,35.34,102.08,127.00,1238.00,null,null,null
2023-08-23T06:57:35Z,23.65,76.11,100,0,43.01,102.07,125.00,1224.00,null,null,null
2023-08-23T06:58:35Z,23.63,76.13,100,1,34.38,102.07,122.00,1207.00,null,null,null
2023-08-23T06:59:35Z,23.63,76.15,100,1,34.68,102.07,125.00,1224.00,null,null,null
2023-08-23T07:00:35Z,23.61,76.08,100,0,33.77,102.07,122.00,1207.00,0,0,0
2023-08-23T07:01:35Z,23.65,76.13,100,1,40.20,102.07,118.00,1181.00,null,null,null
2023-08-23T07:02:35Z,23.65,76.11,99,1,35.32,102.07,118.00,1181.00,null,null,null
2023-08-23T07:03:35Z,23.62,76.10,100,0,35.43,102.07,121.00,1195.00,null,null,null
2023-08-23T07:04:35Z,23.65,76.12,100,0,35.11,102.07,121.00,1195.00,null,null,null
2023-08-23T07:05:35Z,23.65,76.21,100,1,35.05,102.07,117.00,1168.00,0,0,0
2023-08-23T07:06:35Z,23.63,76.26,100,1,35.37,102.07,114.00,1153.00,null,null,null
2023-08-23T07:07:35Z,23.66,76.21,99,0,34.72,102.07,115.00,1159.00,null,null,null
2023-08-23T07:08:35Z,23.65,76.14,100,0,37.15,102.07,117.00,1168.00,null,null,null
2023-08-23T07:09:35Z,23.65,76.20,100,1,36.72,102.07,117.00,1168.00,null,null,null
2023-08-23T07:10:35Z,23.62,76.26,100,1,35.27,102.07,117.00,1168.00,0,0,0
2023-08-23T07:11:35Z,23.63,76.26,100,1,34.36,102.07,113.00,1147.00,null,null,null
2023-08-23T07:12:35Z,23.66,76.21,100,0,34.03,102.07,113.00,1147.00,null,null,null
2023-08-23T07:13:35Z,23.66,76.25,99,0,34.47,102.07,114.00,1153.00,null,null,null
2023-08-23T07:14:35Z,23.63,76.23,100,0,36.26,102.07,111.00,1134.00,null,null,null
2023-08-23T07:15:35Z,23.65,76.27,100,0,34.50,102.08,117.00,1168.00,0,0,0
2023-08-23T07:16:35Z,23.66,76.36,100,0,36.27,102.08,210.00,1556.00,null,null,null
2023-08-23T07:17:35Z,23.65,76.36,100,0,34.07,102.08,226.00,1576.00,null,null,null
2023-08-23T07:18:35Z,23.66,76.48,100,1,47.72,102.08,236.00,1591.00,null,null,null
2023-08-23T07:19:35Z,23.66,76.50,100,1,49.36,102.07,233.00,1586.00,null,null,null
2023-08-23T07:20:35Z,23.68,76.55,100,1,38.99,102.08,230.00,1582.00,0,0,0
2023-08-23T07:21:35Z,23.63,76.62,100,1,38.15,102.08,222.00,1571.00,null,null,null
2023-08-23T07:22:35Z,23.68,76.52,100,1,39.42,102.07,222.00,1571.00,null,null,null
2023-08-23T07:23:35Z,23.66,76.51,100,1,33.89,102.07,217.00,1563.00,null,null,null
2023-08-23T07:24:35Z,23.68,76.54,100,2,46.17,102.07,217.00,1563.00,null,null,null
2023-08-23T07:25:35Z,23.65,76.50,100,2,35.91,102.07,214.00,1559.00,0,0,0
2023-08-23T07:26:35Z,23.65,76.51,100,2,42.64,102.07,210.00,1556.00,null,null,null
2023-08-23T07:27:35Z,23.65,76.48,100,3,34.92,102.07,207.00,1551.00,null,null,null
2023-08-23T07:28:35Z,23.65,76.54,100,3,45.31,102.07,207.00,1551.00,null,null,null
2023-08-23T07:29:35Z,23.69,76.48,100,3,34.24,102.07,204.00,1547.00,null,null,null
2023-08-23T07:30:35Z,23.63,76.48,100,3,36.56,102.07,204.00,1547.00,0,0,0
2023-08-23T07:31:35Z,23.66,76.74,100,3,40.32,102.07,204.00,1547.00,null,null,null
2023-08-23T07:32:35Z,23.68,76.63,100,3,43.81,102.07,207.00,1551.00,null,null,null
2023-08-23T07:33:35Z,23.66,76.62,100,3,43.41,102.07,204.00,1547.00,null,null,null
2023-08-23T07:34:35Z,23.68,76.68,100,3,42.57,102.07,204.00,1547.00,null,null,null
2023-08-23T07:35:35Z,23.68,76.69,99,3,43.59,102.07,204.00,1547.00,0,0,0
2023-08-23T07:36:35Z,23.68,76.79,99,3,40.80,102.07,204.00,1547.00,null,null,null
2023-08-23T07:37:35Z,23.69,76.66,100,3,41.44,102.06,207.00,1551.00,null,null,null
2023-08-23T07:38:35Z,23.68,76.60,100,3,50.42,102.06,204.00,1547.00,null,null,null
2023-08-23T07:39:35Z,23.71,76.63,100,4,42.47,102.06,204.00,1547.00,null,null,null
2023-08-23T07:40:35Z,23.66,76.60,100,4,37.21,102.07,201.00,1543.00,0,0,0
2023-08-23T07:41:35Z,23.71,76.68,100,3,44.02,102.07,197.00,1537.00,null,null,null
2023-08-23T07:42:35Z,23.71,76.58,100,3,42.48,102.07,197.00,1537.00,null,null,null
2023-08-23T07:43:35Z,23.68,76.54,99,4,45.19,102.07,191.00,1529.00,null,null,null
2023-08-23T07:44:35Z,23.69,76.47,100,4,45.69,102.08,186.00,1521.00,null,null,null
2023-08-23T07:45:35Z,23.69,76.51,100,4,41.67,102.08,178.00,1511.00,0,0,0
2023-08-23T07:46:35Z,23.69,76.53,99,4,38.40,102.07,172.00,1501.00,null,null,null
2023-08-23T07:47:35Z,23.71,76.50,100,5,51.57,102.07,172.00,1501.00,null,null,null
2023-08-23T07:48:35Z,23.71,76.53,100,5,50.27,102.07,170.00,1497.00,null,null,null
2023-08-23T07:49:35Z,23.68,76.59,100,4,46.74,102.07,167.00,1499.00,null,null,null
2023-08-23T07:50:35Z,23.69,76.63,100,5,41.62,102.07,164.00,1478.00,0,0,0
2023-08-23T07:51:35Z,23.71,76.72,100,5,42.48,102.07,161.00,1462.00,null,null,null
2023-08-23T07:52:35Z,23.71,76.78,100,5,42.92,102.07,161.00,1462.00,null,null,null
2023-08-23T07:53:35Z,23.71,76.83,100,5,42.31,102.08,156.00,1429.00,null,null,null
2023-08-23T07:54:35Z,23.71,76.85,100,5,48.12,102.07,152.00,1404.00,null,null,null
2023-08-23T07:55:35Z,23.72,76.95,100,6,34.74,102.08,152.00,1404.00,0,0,0
2023-08-23T07:56:35Z,23.71,77.12,100,6,40.44,102.08,152.00,1404.00,null,null,null
2023-08-23T07:57:35Z,23.71,77.17,99,6,45.77,102.08,152.00,1404.00,null,null,null
2023-08-23T07:58:35Z,23.73,77.11,100,6,40.47,102.08,156.00,1429.00,null,null,null
2023-08-23T07:59:35Z,23.72,77.18,99,6,41.02,102.08,152.00,1404.00,null,null,null
2023-08-23T08:00:35Z,23.71,77.16,100,6,42.16,102.08,151.00,1397.00,0,0,0
2023-08-23T08:01:35Z,23.73,77.29,100,6,42.61,102.08,151.00,1397.00,null,null,null
2023-08-23T08:02:35Z,23.73,77.24,100,6,44.67,102.09,150.00,1385.00,null,null,null
2023-08-23T08:03:35Z,23.72,77.26,100,6,41.99,102.08,146.00,1364.00,null,null,null
2023-08-23T08:04:35Z,23.73,77.22,100,6,42.40,102.08,145.00,1352.00,null,null,null
2023-08-23T08:05:35Z,23.71,77.32,100,6,40.64,102.09,146.00,1364.00,0,0,0
2023-08-23T08:06:35Z,23.72,77.41,100,6,44.25,102.09,141.00,1330.00,null,null,null
2023-08-23T08:07:35Z,23.73,77.38,99,6,52.31,102.08,141.00,1330.00,null,null,null
2023-08-23T08:08:35Z,23.75,77.37,99,6,53.66,102.08,141.00,1330.00,null,null,null
2023-08-23T08:09:35Z,23.73,77.41,100,6,41.18,102.08,121.00,1195.00,null,null,null
2023-08-23T08:10:35Z,23.72,77.41,100,6,40.47,102.08,136.00,1299.00,0,0,0
2023-08-23T08:11:35Z,23.73,77.47,100,6,46.58,102.08,136.00,1299.00,null,null,null
2023-08-23T08:12:35Z,23.75,77.50,100,6,42.96,102.08,134.00,1285.00,null,null,null
2023-08-23T08:13:35Z,23.79,77.55,99,6,44.52,102.08,117.00,1168.00,null,null,null
2023-08-23T08:14:35Z,23.73,77.82,100,7,38.44,102.08,112.00,1140.00,null,null,null
2023-08-23T08:15:35Z,23.75,78.14,100,7,55.87,102.09,126.00,1231.00,0,0,0
2023-08-23T08:16:35Z,23.75,79.04,99,7,60.29,102.09,111.00,1131.00,null,null,null
2023-08-23T08:17:35Z,23.76,79.20,100,7,62.46,102.09,111.00,1131.00,null,null,null
2023-08-23T08:18:35Z,23.78,79.67,100,7,57.73,102.09,110.00,1125.00,null,null,null
2023-08-23T08:19:35Z,23.79,79.85,100,7,59.06,102.10,108.00,1113.00,null,null,null
2023-08-23T08:20:35Z,23.78,80.16,99,7,55.77,102.10,107.00,1107.00,0,0,0
2023-08-23T08:21:35Z,23.79,80.33,100,7,58.41,102.10,105.00,1095.00,null,null,null
2023-08-23T08:22:35Z,23.82,80.57,100,7,60.04,102.10,106.00,1099.00,null,null,null
2023-08-23T08:23:35Z,23.83,80.73,100,7,57.65,102.10,108.00,1110.00,null,null,null
2023-08-23T08:24:35Z,23.82,80.97,100,7,58.65,102.09,108.00,1110.00,null,null,null
2023-08-23T08:25:35Z,23.85,81.09,100,7,64.84,102.09,107.00,1105.00,0,0,0
2023-08-23T08:26:35Z,23.88,80.73,100,7,45.06,102.10,129.00,1248.00,null,null,null
2023-08-23T08:27:35Z,23.88,80.39,100,8,35.64,102.09,135.00,1288.00,null,null,null
2023-08-23T08:28:35Z,23.86,80.40,99,8,33.75,102.10,139.00,1316.00,null,null,null
2023-08-23T08:29:35Z,23.88,80.19,100,8,33.29,102.09,142.00,1334.00,null,null,null
2023-08-23T08:30:35Z,23.88,80.10,100,8,34.64,102.09,146.00,1364.00,0,0,0
2023-08-23T08:31:35Z,23.89,80.14,99,7,33.96,102.09,149.00,1380.00,null,null,null
2023-08-23T08:32:35Z,23.89,80.00,99,8,33.62,102.09,149.00,1380.00,null,null,null
2023-08-23T08:33:35Z,23.90,79.99,100,8,33.27,102.09,149.00,1380.00,null,null,null
2023-08-23T08:34:35Z,23.89,79.96,100,8,35.00,102.10,149.00,1380.00,null,null,null
2023-08-23T08:35:35Z,23.89,79.90,100,8,34.11,102.10,149.00,1380.00,0,0,0
2023-08-23T08:36:35Z,23.93,79.95,99,8,33.34,102.10,146.00,1364.00,null,null,null
2023-08-23T08:37:35Z,23.92,79.89,100,8,34.61,102.10,143.00,1345.00,null,null,null
2023-08-23T08:38:35Z,23.92,79.81,100,8,33.34,102.10,143.00,1345.00,null,null,null
2023-08-23T08:39:35Z,23.92,79.81,100,8,33.11,102.10,141.00,1330.00,null,null,null
2023-08-23T08:40:35Z,23.89,79.77,100,7,33.38,102.10,141.00,1330.00,0,0,0
2023-08-23T08:41:35Z,23.92,79.86,100,8,43.43,102.10,139.00,1313.00,null,null,null
2023-08-23T08:42:35Z,23.92,79.74,100,8,34.60,102.10,136.00,1299.00,null,null,null
2023-08-23T08:43:35Z,23.93,79.74,100,8,39.83,102.10,138.00,1307.00,null,null,null
2023-08-23T08:44:35Z,23.92,79.67,100,8,33.14,102.10,138.00,1307.00,null,null,null
2023-08-23T08:45:35Z,23.92,79.74,99,8,37.02,102.10,133.00,1274.00,0,0,0
2023-08-23T08:46:35Z,23.93,79.74,100,7,33.73,102.10,133.00,1274.00,null,null,null
2023-08-23T08:47:35Z,23.94,79.68,100,7,33.34,102.10,130.00,1259.00,null,null,null
2023-08-23T08:48:35Z,23.92,79.63,100,8,34.08,102.11,130.00,1259.00,null,null,null
2023-08-23T08:49:35Z,23.92,79.61,100,8,37.67,102.11,127.00,1238.00,null,null,null
2023-08-23T08:50:35Z,23.92,79.59,100,7,33.74,102.11,127.00,1238.00,0,0,0
2023-08-23T08:51:35Z,23.92,79.65,100,7,37.48,102.11,126.00,1231.00,null,null,null
2023-08-23T08:52:35Z,23.94,79.54,100,7,34.27,102.11,126.00,1231.00,null,null,null
2023-08-23T08:53:35Z,23.94,79.47,99,7,33.33,102.10,124.00,1215.00,null,null,null
2023-08-23T08:54:35Z,23.92,79.57,99,7,33.45,102.10,124.00,1215.00,null,null,null
2023-08-23T08:55:35Z,23.93,79.52,100,7,34.22,102.10,122.00,1201.00,0,0,0
2023-08-23T08:56:35Z,23.93,79.51,100,7,34.27,102.09,118.00,1181.00,null,null,null
2023-08-23T08:57:35Z,23.92,79.43,100,6,32.93,102.09,118.00,1181.00,null,null,null
2023-08-23T08:58:35Z,23.93,79.39,100,6,35.94,102.08,118.00,1181.00,null,null,null
2023-08-23T08:59:35Z,23.94,79.39,100,6,36.42,102.08,118.00,1181.00,null,null,null
2023-08-23T09:00:35Z,23.92,79.35,100,6,33.22,102.08,117.00,1168.00,0,0,0
2023-08-23T09:01:35Z,23.94,79.39,100,6,33.27,102.08,112.00,1140.00,null,null,null
2023-08-23T09:02:35Z,23.92,79.29,100,6,33.54,102.08,112.00,1140.00,null,null,null
2023-08-23T09:03:35Z,23.93,79.23,100,6,33.38,102.08,112.00,1140.00,null,null,null
2023-08-23T09:04:35Z,23.93,79.27,99,6,35.34,102.09,114.00,1150.00,null,null,null
2023-08-23T09:05:35Z,23.92,79.22,99,6,33.69,102.08,110.00,1128.00,0,0,0
2023-08-23T09:06:35Z,23.93,79.27,100,6,34.85,102.09,108.00,1110.00,null,null,null
2023-08-23T09:07:35Z,23.93,79.18,100,6,33.36,102.09,108.00,1113.00,null,null,null
2023-08-23T09:08:35Z,23.92,79.15,100,5,33.60,102.09,110.00,1125.00,null,null,null
2023-08-23T09:09:35Z,23.90,79.12,100,5,33.44,102.09,110.00,1125.00,null,null,null
2023-08-23T09:10:35Z,23.90,79.11,100,5,33.56,102.10,108.00,1110.00,0,0,0
2023-08-23T09:11:35Z,23.92,79.14,100,5,33.76,102.09,106.00,1099.00,null,null,null
2023-08-23T09:12:35Z,23.93,79.08,100,5,40.47,102.10,106.00,1099.00,null,null,null
2023-08-23T09:13:35Z,23.93,79.04,100,5,33.14,102.10,106.00,1099.00,null,null,null
2023-08-23T09:14:35Z,23.90,79.03,100,5,33.72,102.11,104.00,1083.00,null,null,null
2023-08-23T09:15:35Z,23.89,79.03,100,5,34.20,102.10,104.00,1083.00,0,0,0
2023-08-23T09:16:35Z,23.93,79.01,100,5,33.92,102.10,104.00,1083.00,null,null,null
2023-08-23T09:17:35Z,23.93,78.96,100,5,37.71,102.10,102.00,1071.00,null,null,null
2023-08-23T09:18:35Z,23.92,78.95,100,5,32.92,102.10,102.00,1071.00,null,null,null
2023-08-23T09:19:35Z,23.93,78.89,100,5,33.44,102.10,100.00,1060.00,null,null,null
2023-08-23T09:20:35Z,23.90,78.87,100,4,33.31,102.10,100.00,1060.00,0,0,0
2023-08-23T09:21:35Z,23.92,78.91,100,4,34.23,102.10,100.00,1060.00,null,null,null
2023-08-23T09:22:35Z,23.92,78.85,100,4,33.88,102.10,98.00,1047.00,null,null,null
2023-08-23T09:23:35Z,23.90,78.78,100,4,33.90,102.09,98.00,1047.00,null,null,null
2023-08-23T09:24:35Z,23.90,78.80,100,4,34.29,102.09,96.00,1035.00,null,null,null
2023-08-23T09:25:35Z,23.90,78.78,100,4,33.79,102.09,93.00,1017.00,0,0,0
2023-08-23T09:26:35Z,23.92,78.79,100,4,33.78,102.09,96.00,1035.00,null,null,null
2023-08-23T09:27:35Z,23.89,78.71,100,4,33.54,102.08,96.00,1035.00,null,null,null
2023-08-23T09:28:35Z,23.90,78.65,100,4,32.98,102.09,96.00,1032.00,null,null,null
2023-08-23T09:29:35Z,23.93,78.62,100,3,33.91,102.08,93.00,1014.00,null,null,null
2023-08-23T09:30:35Z,23.89,78.65,100,4,33.23,102.08,93.00,1014.00,0,0,0
2023-08-23T09:31:35Z,23.89,78.64,100,3,33.49,102.08,92.00,1004.00,null,null,null
2023-08-23T09:32:35Z,23.93,78.59,100,4,33.37,102.08,92.00,1004.00,null,null,null
2023-08-23T09:33:35Z,23.92,78.54,100,3,33.03,102.08,92.00,1004.00,null,null,null
2023-08-23T09:34:35Z,23.89,78.48,100,3,34.02,102.08,90.00,992.00,null,null,null
2023-08-23T09:35:35Z,23.89,78.51,100,3,33.43,102.08,90.00,992.00,0,0,0
2023-08-23T09:36:35Z,23.88,78.53,100,3,37.81,102.08,88.00,981.00,null,null,null
2023-08-23T09:37:35Z,23.90,78.45,100,3,33.34,102.08,86.00,970.00,null,null,null
2023-08-23T09:38:35Z,23.90,78.44,100,3,33.36,102.08,86.00,970.00,null,null,null
2023-08-23T09:39:35Z,23.88,78.42,99,3,36.74,102.08,86.00,970.00,null,null,null
2023-08-23T09:40:35Z,23.88,78.47,99,3,36.15,102.08,86.00,970.00,0,0,0
2023-08-23T09:41:35Z,23.90,78.42,100,2,34.48,102.08,88.00,981.00,null,null,null
2023-08-23T09:42:35Z,23.89,78.42,100,2,33.72,102.08,86.00,970.00,null,null,null
2023-08-23T09:43:35Z,23.90,78.38,100,2,32.31,102.08,86.00,970.00,null,null,null
2023-08-23T09:44:35Z,23.92,78.37,100,2,34.06,102.08,86.00,970.00,null,null,null
2023-08-23T09:45:35Z,23.88,78.37,100,2,34.10,102.09,85.00,959.00,0,0,0
2023-08-23T09:46:35Z,23.89,78.39,100,2,36.09,102.09,83.00,949.00,null,null,null
2023-08-23T09:47:35Z,23.90,78.33,100,2,32.92,102.09,85.00,959.00,null,null,null
2023-08-23T09:48:35Z,23.88,78.31,100,2,34.16,102.08,85.00,959.00,null,null,null
2023-08-23T09:49:35Z,23.89,78.31,100,2,34.13,102.09,83.00,949.00,null,null,null
2023-08-23T09:50:35Z,23.85,78.28,100,2,33.24,102.09,83.00,949.00,0,0,0
2023-08-23T09:51:35Z,23.86,78.30,100,2,32.93,102.08,81.00,935.00,null,null,null
2023-08-23T09:52:35Z,23.89,78.25,99,2,38.23,102.08,81.00,935.00,null,null,null
2023-08-23T09:53:35Z,23.88,78.27,100,2,33.96,102.08,81.00,935.00,null,null,null
2023-08-23T09:54:35Z,23.88,78.22,99,2,34.68,102.07,81.00,935.00,null,null,null
2023-08-23T09:55:35Z,23.88,78.20,100,2,35.95,102.06,83.00,945.00,0,0,0
2023-08-23T09:56:35Z,23.83,78.20,100,2,33.56,102.07,81.00,933.00,null,null,null
2023-08-23T09:57:35Z,23.88,78.15,100,2,33.62,102.07,81.00,933.00,null,null,null
2023-08-23T09:58:35Z,23.86,78.13,100,2,34.35,102.07,81.00,933.00,null,null,null
2023-08-23T09:59:35Z,23.85,78.08,100,2,32.94,102.06,79.00,923.00,null,null,null
2023-08-23T10:00:35Z,23.88,78.09,100,2,34.43,102.06,78.00,913.00,0,0,0
2023-08-23T10:01:35Z,23.86,78.08,100,1,33.56,102.05,78.00,913.00,null,null,null
2023-08-23T10:02:35Z,23.89,77.99,99,1,34.63,102.05,78.00,913.00,null,null,null
2023-08-23T10:03:35Z,23.85,78.01,100,1,33.73,102.06,76.00,902.00,null,null,null
2023-08-23T10:04:35Z,23.88,77.96,100,1,33.62,102.06,76.00,902.00,null,null,null
2023-08-23T10:05:35Z,23.85,77.97,100,1,36.60,102.06,76.00,902.00,0,0,0
2023-08-23T10:06:35Z,23.83,77.95,100,1,33.93,102.07,74.00,891.00,null,null,null
2023-08-23T10:07:35Z,23.86,77.90,100,1,33.11,102.06,76.00,902.00,null,null,null
2023-08-23T10:08:35Z,23.85,77.90,100,1,34.18,102.06,74.00,891.00,null,null,null
2023-08-23T10:09:35Z,23.85,77.87,100,1,35.24,102.06,74.00,891.00,null,null,null
2023-08-23T10:10:35Z,23.82,77.88,100,1,35.76,102.06,73.00,882.00,0,0,0
2023-08-23T10:11:35Z,23.85,77.89,99,1,34.60,102.06,74.00,891.00,null,null,null
2023-08-23T10:12:35Z,23.85,77.80,100,1,33.62,102.07,74.00,891.00,null,null,null
2023-08-23T10:13:35Z,23.86,77.80,99,1,34.52,102.06,73.00,882.00,null,null,null
2023-08-23T10:14:35Z,23.85,77.80,100,1,33.17,102.07,71.00,872.00,null,null,null
2023-08-23T10:15:35Z,23.82,77.81,100,1,33.98,102.07,71.00,872.00,0,0,0
2023-08-23T10:16:35Z,23.82,77.82,100,1,34.26,102.06,71.00,872.00,null,null,null
2023-08-23T10:17:35Z,23.88,77.76,100,1,34.13,102.06,71.00,872.00,null,null,null
2023-08-23T10:18:35Z,23.86,77.73,100,1,33.50,102.06,70.00,863.00,null,null,null
2023-08-23T10:19:35Z,23.82,77.72,100,1,46.70,102.06,69.00,857.00,null,null,null
2023-08-23T10:20:35Z,23.83,77.71,100,1,34.46,102.06,71.00,870.00,0,0,0
2023-08-23T10:21:35Z,23.80,77.72,100,1,35.51,102.06,71.00,870.00,null,null,null
2023-08-23T10:22:35Z,23.88,77.68,100,1,33.23,102.06,73.00,880.00,null,null,null
2023-08-23T10:23:35Z,23.86,77.65,99,1,34.85,102.06,71.00,870.00,null,null,null
2023-08-23T10:24:35Z,23.85,77.69,100,1,35.11,102.06,71.00,870.00,null,null,null
2023-08-23T10:25:35Z,23.85,77.60,100,1,34.50,102.06,69.00,857.00,0,0,0
2023-08-23T10:26:35Z,23.85,77.67,99,1,36.64,102.06,66.00,838.00,null,null,null
2023-08-23T10:27:35Z,23.85,77.63,100,1,33.91,102.05,68.00,851.00,null,null,null
2023-08-23T10:28:35Z,23.85,77.59,100,1,33.11,102.06,69.00,857.00,null,null,null
2023-08-23T10:29:35Z,23.85,77.60,99,1,33.20,102.05,68.00,851.00,null,null,null
2023-08-23T10:30:35Z,23.83,77.52,100,1,33.54,102.06,66.00,838.00,0,0,0
2023-08-23T10:31:35Z,23.86,77.60,100,1,34.56,102.05,65.00,832.00,null,null,null
2023-08-23T10:32:35Z,23.85,77.55,100,2,33.37,102.05,66.00,838.00,null,null,null
2023-08-23T10:33:35Z,23.83,77.49,100,1,34.59,102.06,66.00,838.00,null,null,null
2023-08-23T10:34:35Z,23.83,77.50,99,1,33.33,102.06,65.00,832.00,null,null,null
2023-08-23T10:35:35Z,23.83,77.48,100,1,34.47,102.06,65.00,832.00,0,0,0
2023-08-23T10:36:35Z,23.83,77.49,100,1,34.23,102.05,65.00,832.00,null,null,null
2023-08-23T10:37:35Z,23.85,77.46,100,1,34.75,102.05,65.00,832.00,null,null,null
2023-08-23T10:38:35Z,23.86,77.49,100,1,38.41,102.05,64.00,821.00,null,null,null
2023-08-23T10:39:35Z,23.86,77.43,100,1,33.11,102.05,64.00,821.00,null,null,null
2023-08-23T10:40:35Z,23.83,77.46,100,1,34.73,102.05,64.00,821.00,0,0,0
2023-08-23T10:41:35Z,23.85,77.46,100,0,33.37,102.05,64.00,821.00,null,null,null
2023-08-23T10:42:35Z,23.85,77.43,99,0,33.60,102.05,64.00,821.00,null,null,null
2023-08-23T10:43:35Z,23.85,77.36,100,0,33.73,102.05,62.00,813.00,null,null,null
2023-08-23T10:44:35Z,23.83,77.39,100,0,33.55,102.05,62.00,813.00,null,null,null
2023-08-23T10:45:35Z,23.85,77.40,100,0,34.38,102.05,62.00,813.00,0,0,0
2023-08-23T10:46:35Z,23.82,77.38,100,0,33.87,102.06,61.00,804.00,null,null,null
2023-08-23T10:47:35Z,23.85,77.38,100,0,32.83,102.05,61.00,804.00,null,null,null
2023-08-23T10:48:35Z,23.82,77.34,99,0,34.40,102.05,61.00,804.00,null,null,null
2023-08-23T10:49:35Z,23.85,77.33,100,0,33.28,102.05,61.00,804.00,null,null,null
2023-08-23T10:50:35Z,23.88,77.33,99,0,34.54,102.05,61.00,804.00,0,0,0
2023-08-23T10:51:35Z,23.85,77.38,100,0,38.08,102.04,61.00,804.00,null,null,null
2023-08-23T10:52:35Z,23.86,77.30,100,0,34.74,102.05,60.00,795.00,null,null,null
2023-08-23T10:53:35Z,23.85,77.28,100,0,34.52,102.04,61.00,804.00,null,null,null
2023-08-23T10:54:35Z,23.83,77.31,100,0,33.37,102.04,60.00,795.00,null,null,null
2023-08-23T10:55:35Z,23.83,77.26,100,1,34.05,102.04,58.00,785.00,0,0,0
2023-08-23T10:56:35Z,23.85,77.25,100,0,33.81,102.04,58.00,785.00,null,null,null
2023-08-23T10:57:35Z,23.82,77.19,99,1,33.30,102.05,57.00,780.00,null,null,null
2023-08-23T10:58:35Z,23.85,77.15,99,1,33.94,102.05,59.00,793.00,null,null,null
2023-08-23T10:59:35Z,23.85,77.16,100,1,33.38,102.04,58.00,787.00,null,null,null
2023-08-23T11:00:35Z,23.82,77.19,100,1,35.52,102.04,56.00,774.00,0,0,0
2023-08-23T11:01:35Z,23.83,77.18,100,0,33.41,102.04,58.00,787.00,null,null,null
2023-08-23T11:02:35Z,23.83,77.17,100,1,39.04,102.04,58.00,787.00,null,null,null
2023-08-23T11:03:35Z,24.16,77.11,99,1,23.77,102.04,59.00,793.00,null,null,null
2023-08-23T11:04:35Z,24.16,77.08,99,0,26.89,102.04,56.00,774.00,null,null,null
2023-08-23T11:05:35Z,24.18,77.08,99,0,24.76,102.03,56.00,774.00,0,0,0
2023-08-23T11:06:35Z,24.18,77.04,99,1,25.62,102.03,55.00,765.00,null,null,null
2023-08-23T11:07:35Z,24.23,76.91,99,1,32.69,102.02,55.00,765.00,null,null,null
2023-08-23T11:08:35Z,24.28,76.85,99,0,24.35,102.02,56.00,774.00,null,null,null
2023-08-23T11:09:35Z,24.28,76.77,99,0,29.23,102.02,53.00,752.00,null,null,null
2023-08-23T11:10:35Z,24.29,76.70,99,1,24.39,102.02,52.00,744.00,0,0,0
2023-08-23T11:11:35Z,24.32,76.63,99,1,25.70,102.02,53.00,749.00,null,null,null
2023-08-23T11:12:35Z,24.36,76.56,99,0,22.37,102.01,52.00,742.00,null,null,null
2023-08-23T11:13:35Z,24.39,76.56,99,0,23.81,102.01,53.00,749.00,null,null,null
2023-08-23T11:14:35Z,24.39,76.48,99,1,38.49,102.01,52.00,742.00,null,null,null
2023-08-23T11:15:35Z,24.36,76.43,99,1,25.06,102.01,52.00,742.00,0,0,0
2023-08-23T11:16:35Z,24.39,76.43,99,1,28.91,102.01,52.00,742.00,null,null,null
2023-08-23T11:17:35Z,24.42,76.40,99,0,26.11,102.02,53.00,749.00,null,null,null
2023-08-23T11:18:35Z,24.42,76.30,99,1,27.12,102.02,52.00,742.00,null,null,null
2023-08-23T11:19:35Z,24.42,76.31,99,1,25.62,102.02,52.00,742.00,null,null,null
2023-08-23T11:20:35Z,24.45,76.29,99,1,25.95,102.02,52.00,742.00,0,0,0
2023-08-23T11:21:35Z,24.45,76.24,99,0,26.60,102.02,52.00,742.00,null,null,null
2023-08-23T11:22:35Z,24.43,76.22,99,1,29.00,102.02,51.00,737.00,null,null,null
2023-08-23T11:23:35Z,24.49,76.19,99,1,24.86,102.01,52.00,746.00,null,null,null
2023-08-23T11:24:35Z,24.49,76.14,99,1,25.90,102.01,51.00,737.00,null,null,null
2023-08-23T11:25:35Z,24.47,76.16,99,0,20.09,102.01,51.00,737.00,0,0,0
2023-08-23T11:26:35Z,24.50,76.10,99,0,24.65,102.01,51.00,737.00,null,null,null
2023-08-23T11:27:35Z,24.50,76.02,99,1,22.24,102.01,51.00,737.00,null,null,null
2023-08-23T11:28:35Z,24.51,76.04,99,1,21.71,102.01,51.00,737.00,null,null,null
2023-08-23T11:29:35Z,24.53,75.99,99,0,28.30,102.00,50.00,733.00,null,null,null
2023-08-23T11:30:35Z,24.49,75.98,99,0,29.08,102.00,51.00,737.00,0,0,0
2023-08-23T11:31:35Z,24.53,75.97,99,0,26.08,102.01,51.00,737.00,null,null,null
2023-08-23T11:32:35Z,24.51,75.94,99,1,24.50,102.00,50.00,733.00,null,null,null
2023-08-23T11:33:35Z,24.51,75.89,99,0,23.20,102.00,50.00,733.00,null,null,null
2023-08-23T11:34:35Z,24.51,75.86,99,0,25.26,102.00,51.00,737.00,null,null,null
2023-08-23T11:35:35Z,24.49,75.92,99,0,23.54,102.00,50.00,733.00,0,0,0
2023-08-23T11:36:35Z,24.47,76.01,99,0,23.05,102.00,50.00,733.00,null,null,null
2023-08-23T11:37:35Z,24.45,76.01,99,0,36.05,102.00,50.00,733.00,null,null,null
2023-08-23T11:38:35Z,24.42,76.08,99,0,23.54,101.99,50.00,733.00,null,null,null
2023-08-23T11:39:35Z,24.39,76.16,99,0,50.11,101.99,47.00,710.00,null,null,null
2023-08-23T11:40:35Z,24.36,76.15,99,0,31.19,101.99,47.00,710.00,0,0,0
2023-08-23T11:41:35Z,24.35,76.25,99,1,26.16,101.99,47.00,710.00,null,null,null
2023-08-23T11:42:35Z,24.33,76.22,99,1,24.35,101.99,46.00,702.00,null,null,null
2023-08-23T11:43:35Z,24.30,76.26,99,1,21.56,101.98,47.00,710.00,null,null,null
2023-08-23T11:44:35Z,24.29,76.30,99,1,26.41,101.98,47.00,710.00,null,null,null
2023-08-23T11:45:35Z,24.28,76.35,99,1,24.86,101.98,46.00,702.00,0,0,0
2023-08-23T11:46:35Z,24.28,76.37,99,1,31.62,101.98,46.00,702.00,null,null,null
2023-08-23T11:47:35Z,24.26,76.35,99,1,24.39,101.98,46.00,706.00,null,null,null
2023-08-23T11:48:35Z,24.24,76.39,99,1,29.77,101.98,46.00,706.00,null,null,null
2023-08-23T11:49:35Z,24.24,76.38,99,1,22.49,101.98,49.00,728.00,null,null,null
2023-08-23T11:50:35Z,24.26,76.43,99,1,21.34,101.98,49.00,728.00,0,0,0
2023-08-23T11:51:35Z,24.23,76.53,99,1,23.59,101.98,43.00,688.00,null,null,null
2023-08-23T11:52:35Z,24.22,76.49,99,1,31.46,101.98,47.00,715.00,null,null,null
2023-08-23T11:53:35Z,24.22,76.46,99,1,39.63,101.98,49.00,728.00,null,null,null
2023-08-23T11:54:35Z,24.20,76.49,99,1,23.94,101.97,49.00,728.00,null,null,null
2023-08-23T11:55:35Z,24.20,76.47,99,1,28.37,101.97,47.00,715.00,0,0,0
2023-08-23T11:56:35Z,24.22,76.54,99,1,24.39,101.97,47.00,715.00,null,null,null
2023-08-23T11:57:35Z,24.20,76.54,99,1,27.36,101.97,49.00,728.00,null,null,null
2023-08-23T11:58:35Z,24.19,76.55,99,1,22.89,101.97,47.00,715.00,null,null,null
2023-08-23T11:59:35Z,24.18,76.51,99,1,39.06,101.97,47.00,715.00,null,null,null
2023-08-23T12:00:35Z,24.16,76.51,99,1,25.70,101.96,47.00,715.00,0,0,0
2023-08-23T12:01:35Z,24.20,76.54,98,0,24.89,101.97,47.00,715.00,null,null,null
2023-08-23T12:02:35Z,24.18,76.54,98,0,22.37,101.97,47.00,712.00,null,null,null
2023-08-23T12:03:35Z,24.18,76.54,99,0,32.75,101.97,47.00,715.00,null,null,null
2023-08-23T12:04:35Z,24.19,76.51,99,0,51.65,101.96,47.00,712.00,null,null,null
