TIME,TEMP,HUM,BATT,LIGHT,NOISE_A,PRESS,CCS811_VOCS,CCS811_ECO2,PM_1,PM_25,PM_10
ISO 8601,C,%,%,Lux,dBA,kPa,ppb,ppm,ug/m3,ug/m3,ug/m3
Time,Temperature,Humidity,Battery,Light,Noise dBA,Barometric pressure,VOC Gas CCS811,eCO2 Gas CCS811,PM 1.0,PM 2.5,PM 10.0
,55,56,10,14,53,58,113,112,89,87,88
2023-08-12T00:00:10Z,24.19,75.93,100,0,38.52,101.55,43.00,683.00,0,0,0
2023-08-12T00:01:10Z,24.21,75.91,100,0,40.64,101.55,43.00,683.00,null,null,null
2023-08-12T00:02:10Z,24.20,75.86,99,0,35.74,101.55,43.00,683.00,null,null,null
2023-08-12T00:03:10Z,24.19,75.80,100,0,41.17,101.55,43.00,683.00,null,null,null
2023-08-12T00:04:10Z,24.19,75.81,100,0,39.40,101.55,41.00,675.00,null,null,null
2023-08-12T00:05:10Z,24.17,75.83,99,0,34.24,101.55,43.00,683.00,0,0,0
2023-08-12T00:06:10Z,24.19,75.83,100,0,34.81,101.54,41.00,675.00,null,null,null
2023-08-12T00:07:10Z,24.19,75.82,99,0,38.29,101.54,41.00,675.00,null,null,null
2023-08-12T00:08:10Z,24.19,75.78,100,0,35.44,101.54,43.00,683.00,null,null,null
2023-08-12T00:09:10Z,24.19,75.75,100,0,39.02,101.54,43.00,683.00,null,null,null
2023-08-12T00:10:10Z,24.20,75.79,100,0,41.56,101.54,43.00,683.00,0,0,0
2023-08-12T00:11:10Z,24.17,75.83,100,0,40.67,101.55,43.00,683.00,null,null,null
2023-08-12T00:12:10Z,24.17,75.81,100,0,42.08,101.55,43.00,683.00,null,null,null
2023-08-12T00:13:10Z,24.21,75.76,99,0,45.79,101.55,43.00,683.00,null,null,null
2023-08-12T00:14:10Z,24.16,75.69,99,0,37.13,101.55,43.00,683.00,null,null,null
2023-08-12T00:15:10Z,24.16,75.69,100,0,44.98,101.54,44.00,690.00,0,0,0
2023-08-12T00:16:10Z,24.20,75.67,100,0,36.15,101.54,44.00,690.00,null,null,null
2023-08-12T00:17:10Z,24.19,75.65,99,0,33.78,101.53,44.00,690.00,null,null,null
2023-08-12T00:18:10Z,24.16,75.65,100,0,37.35,101.53,45.00,699.00,null,null,null
2023-08-12T00:19:10Z,24.16,75.66,100,0,41.29,101.53,44.00,690.00,null,null,null
2023-08-12T00:20:10Z,24.16,75.67,100,0,41.08,101.53,44.00,690.00,0,0,0
2023-08-12T00:21:10Z,24.17,75.71,100,0,35.30,101.53,45.00,699.00,null,null,null
2023-08-12T00:22:10Z,24.13,75.68,100,0,35.70,101.53,44.00,690.00,null,null,null
2023-08-12T00:23:10Z,24.16,75.68,100,0,35.80,101.53,45.00,699.00,null,null,null
2023-08-12T00:24:10Z,24.16,75.66,100,0,36.28,101.53,44.00,690.00,null,null,null
2023-08-12T00:25:10Z,24.13,75.69,99,0,38.94,101.53,44.00,690.00,0,0,0
2023-08-12T00:26:10Z,24.16,75.69,100,0,53.04,101.53,44.00,690.00,null,null,null
2023-08-12T00:27:10Z,24.15,75.64,100,0,39.49,101.53,44.00,690.00,null,null,null
2023-08-12T00:28:10Z,24.15,75.68,100,0,35.51,101.53,44.00,690.00,null,null,null
2023-08-12T00:29:10Z,24.13,75.67,100,0,45.21,101.52,42.00,682.00,null,null,null
2023-08-12T00:30:10Z,24.12,75.74,100,0,46.70,101.53,42.00,682.00,0,0,0
2023-08-12T00:31:10Z,24.13,75.75,100,0,43.73,101.52,42.00,682.00,null,null,null
2023-08-12T00:32:10Z,24.13,75.73,99,0,36.63,101.52,42.00,682.00,null,null,null
2023-08-12T00:33:10Z,24.13,75.62,100,0,41.67,101.52,41.00,675.00,null,null,null
2023-08-12T00:34:10Z,24.13,75.64,100,0,38.15,101.52,41.00,674.00,null,null,null
2023-08-12T00:35:10Z,24.10,75.66,99,0,33.59,101.52,41.00,674.00,0,0,0
2023-08-12T00:36:10Z,24.13,75.71,100,0,34.50,101.52,40.00,666.00,null,null,null
2023-08-12T00:37:10Z,24.12,75.65,99,0,39.38,101.52,41.00,674.00,null,null,null
2023-08-12T00:38:10Z,24.13,75.61,100,0,34.14,101.51,40.00,666.00,null,null,null
2023-08-12T00:39:10Z,24.10,75.64,100,0,37.56,101.52,40.00,666.00,null,null,null
2023-08-12T00:40:10Z,24.10,75.65,100,0,36.06,101.52,40.00,666.00,0,0,0
2023-08-12T00:41:10Z,24.12,75.74,100,0,51.02,101.52,39.00,657.00,null,null,null
2023-08-12T00:42:10Z,24.10,75.73,100,0,34.49,101.51,37.00,649.00,null,null,null
2023-08-12T00:43:10Z,24.12,75.74,100,0,43.66,101.51,37.00,649.00,null,null,null
2023-08-12T00:44:10Z,24.09,75.74,100,0,40.21,101.52,37.00,649.00,null,null,null
2023-08-12T00:45:10Z,24.12,75.82,100,0,36.53,101.52,38.00,652.00,0,0,0
2023-08-12T00:46:10Z,24.12,75.96,99,0,34.88,101.52,37.00,646.00,null,null,null
2023-08-12T00:47:10Z,24.10,75.91,100,0,37.40,101.51,38.00,653.00,null,null,null
2023-08-12T00:48:10Z,24.10,75.88,99,0,39.79,101.52,37.00,646.00,null,null,null
2023-08-12T00:49:10Z,24.09,75.84,100,0,42.19,101.51,37.00,643.00,null,null,null
2023-08-12T00:50:10Z,24.10,75.76,100,0,44.43,101.52,36.00,638.00,0,0,0
2023-08-12T00:51:10Z,24.10,75.81,100,0,36.71,101.52,36.00,638.00,null,null,null
2023-08-12T00:52:10Z,24.10,75.75,100,0,34.69,101.51,36.00,638.00,null,null,null
2023-08-12T00:53:10Z,24.10,75.74,99,0,32.84,101.51,35.00,631.00,null,null,null
2023-08-12T00:54:10Z,24.10,75.66,100,0,34.37,101.51,36.00,637.00,null,null,null
2023-08-12T00:55:10Z,24.08,75.68,100,0,34.32,101.51,34.00,629.00,0,0,0
2023-08-12T00:56:10Z,24.09,75.68,100,0,37.34,101.51,36.00,637.00,null,null,null
2023-08-12T00:57:10Z,24.12,75.66,100,0,50.21,101.51,34.00,629.00,null,null,null
2023-08-12T00:58:10Z,24.08,75.68,99,0,33.97,101.52,34.00,629.00,null,null,null
2023-08-12T00:59:10Z,24.08,75.65,99,0,52.92,101.52,34.00,624.00,null,null,null
2023-08-12T01:00:10Z,24.09,75.62,100,0,34.83,101.51,34.00,629.00,0,0,0
2023-08-12T01:01:10Z,24.08,75.65,100,0,35.96,101.51,34.00,624.00,null,null,null
2023-08-12T01:02:10Z,24.08,75.73,100,0,36.48,101.51,34.00,624.00,null,null,null
2023-08-12T01:03:10Z,24.08,75.71,100,0,36.33,101.51,34.00,629.00,null,null,null
2023-08-12T01:04:10Z,24.08,75.71,99,0,35.08,101.50,34.00,624.00,null,null,null
2023-08-12T01:05:10Z,24.09,75.71,99,0,41.59,101.51,34.00,624.00,0,0,0
2023-08-12T01:06:10Z,24.06,75.84,100,0,36.69,101.50,34.00,629.00,null,null,null
2023-08-12T01:07:10Z,24.08,75.86,100,0,34.78,101.51,35.00,631.00,null,null,null
2023-08-12T01:08:10Z,24.06,75.84,100,0,34.54,101.51,35.00,631.00,null,null,null
2023-08-12T01:09:10Z,24.06,75.83,100,0,36.35,101.50,34.00,624.00,null,null,null
2023-08-12T01:10:10Z,24.06,75.84,99,0,50.26,101.51,33.00,618.00,0,0,0
2023-08-12T01:11:10Z,24.05,75.78,100,0,52.13,101.51,32.00,615.00,null,null,null
2023-08-12T01:12:10Z,24.08,75.75,100,0,52.90,101.51,32.00,615.00,null,null,null
2023-08-12T01:13:10Z,24.08,75.75,100,0,36.28,101.50,32.00,615.00,null,null,null
2023-08-12T01:14:10Z,24.03,75.73,100,0,38.48,101.51,32.00,615.00,null,null,null
2023-08-12T01:15:10Z,24.03,75.69,100,0,35.09,101.50,32.00,615.00,0,0,0
2023-08-12T01:16:10Z,24.05,75.68,100,0,33.52,101.50,32.00,614.00,null,null,null
2023-08-12T01:17:10Z,24.05,75.64,100,0,35.01,101.50,32.00,614.00,null,null,null
2023-08-12T01:18:10Z,24.05,75.64,99,0,35.04,101.50,32.00,614.00,null,null,null
2023-08-12T01:19:10Z,24.08,75.66,100,0,34.11,101.50,32.00,614.00,null,null,null
2023-08-12T01:20:10Z,24.05,75.62,100,0,37.16,101.49,32.00,614.00,0,0,0
2023-08-12T01:21:10Z,24.06,75.71,99,0,44.94,101.49,31.00,607.00,null,null,null
2023-08-12T01:22:10Z,24.05,75.70,99,0,36.20,101.49,32.00,614.00,null,null,null
2023-08-12T01:23:10Z,24.05,75.59,99,0,40.83,101.49,32.00,614.00,null,null,null
2023-08-12T01:24:10Z,24.03,75.60,100,0,48.90,101.49,32.00,614.00,null,null,null
2023-08-12T01:25:10Z,24.05,75.68,100,0,42.62,101.50,31.00,607.00,0,0,0
2023-08-12T01:26:10Z,24.05,75.64,100,0,37.63,101.50,31.00,607.00,null,null,null
2023-08-12T01:27:10Z,24.06,75.63,100,0,35.53,101.50,31.00,607.00,null,null,null
2023-08-12T01:28:10Z,24.03,75.60,100,0,44.44,101.50,31.00,607.00,null,null,null
2023-08-12T01:29:10Z,24.05,75.55,100,0,39.86,101.50,31.00,607.00,null,null,null
2023-08-12T01:30:10Z,24.05,75.52,100,0,33.69,101.50,30.00,600.00,0,0,0
2023-08-12T01:31:10Z,24.02,75.55,100,0,36.73,101.50,30.00,600.00,null,null,null
2023-08-12T01:32:10Z,24.05,75.49,100,0,34.34,101.50,30.00,600.00,null,null,null
2023-08-12T01:33:10Z,24.05,75.40,100,0,40.27,101.50,29.00,594.00,null,null,null
2023-08-12T01:34:10Z,24.02,75.51,99,0,43.69,101.49,29.00,594.00,null,null,null
2023-08-12T01:35:10Z,24.02,75.59,100,0,37.27,101.49,29.00,594.00,0,0,0
2023-08-12T01:36:10Z,24.03,75.62,99,0,40.31,101.50,30.00,600.00,null,null,null
2023-08-12T01:37:10Z,24.02,75.59,99,0,33.15,101.50,30.00,600.00,null,null,null
2023-08-12T01:38:10Z,24.05,75.60,99,0,36.34,101.50,30.00,600.00,null,null,null
2023-08-12T01:39:10Z,24.02,75.60,99,0,34.07,101.50,30.00,600.00,null,null,null
2023-08-12T01:40:10Z,24.00,75.56,100,0,37.19,101.50,29.00,594.00,0,0,0
2023-08-12T01:41:10Z,24.02,75.58,100,0,53.18,101.50,29.00,594.00,null,null,null
2023-08-12T01:42:10Z,24.03,75.61,99,0,43.77,101.50,30.00,600.00,null,null,null
2023-08-12T01:43:10Z,24.00,75.65,100,0,34.36,101.50,29.00,594.00,null,null,null
2023-08-12T01:44:10Z,24.00,75.75,100,0,37.19,101.49,29.00,594.00,null,null,null
2023-08-12T01:45:10Z,24.00,75.69,100,0,33.08,101.49,28.00,589.00,0,0,0
2023-08-12T01:46:10Z,24.00,75.67,100,0,45.57,101.49,29.00,594.00,null,null,null
2023-08-12T01:47:10Z,24.02,75.57,100,0,40.20,101.49,28.00,589.00,null,null,null
2023-08-12T01:48:10Z,23.99,75.55,99,0,32.99,101.49,28.00,589.00,null,null,null
2023-08-12T01:49:10Z,24.00,75.56,99,0,51.76,101.49,28.00,589.00,null,null,null
2023-08-12T01:50:10Z,24.00,75.64,99,0,51.43,101.49,29.00,594.00,0,0,0
2023-08-12T01:51:10Z,23.98,75.65,100,0,39.67,101.49,29.00,594.00,null,null,null
2023-08-12T01:52:10Z,23.99,75.59,99,0,54.34,101.49,29.00,594.00,null,null,null
2023-08-12T01:53:10Z,23.99,75.55,100,0,41.57,101.49,28.00,586.00,null,null,null
2023-08-12T01:54:10Z,23.99,75.58,100,0,45.02,101.48,28.00,586.00,null,null,null
2023-08-12T01:55:10Z,23.96,75.60,99,0,36.04,101.49,26.00,575.00,0,0,0
2023-08-12T01:56:10Z,24.00,75.57,99,0,49.64,101.49,26.00,575.00,null,null,null
2023-08-12T01:57:10Z,23.98,75.54,100,0,43.80,101.49,28.00,589.00,null,null,null
2023-08-12T01:58:10Z,24.00,75.54,100,0,39.01,101.49,28.00,589.00,null,null,null
2023-08-12T01:59:10Z,23.96,75.53,100,0,35.63,101.49,28.00,589.00,null,null,null
2023-08-12T02:00:10Z,23.99,75.53,100,0,42.26,101.49,28.00,586.00,0,0,0
2023-08-12T02:01:10Z,23.99,75.61,100,0,37.62,101.49,26.00,575.00,null,null,null
2023-08-12T02:02:10Z,24.00,75.55,99,0,36.33,101.49,28.00,586.00,null,null,null
2023-08-12T02:03:10Z,23.99,75.54,100,0,42.87,101.49,26.00,575.00,null,null,null
2023-08-12T02:04:10Z,23.98,75.53,100,0,34.95,101.49,28.00,586.00,null,null,null
2023-08-12T02:05:10Z,23.98,75.52,100,0,36.14,101.49,26.00,575.00,0,0,0
2023-08-12T02:06:10Z,23.98,75.51,100,0,43.50,101.49,26.00,572.00,null,null,null
2023-08-12T02:07:10Z,23.96,75.50,100,0,34.60,101.49,26.00,575.00,null,null,null
2023-08-12T02:08:10Z,23.98,75.56,100,0,37.78,101.49,26.00,575.00,null,null,null
2023-08-12T02:09:10Z,23.99,75.49,100,0,35.62,101.49,26.00,575.00,null,null,null
2023-08-12T02:10:10Z,23.94,75.52,100,0,39.25,101.49,26.00,575.00,0,0,0
2023-08-12T02:11:10Z,23.98,75.45,100,0,44.04,101.49,26.00,572.00,null,null,null
2023-08-12T02:12:10Z,23.94,75.54,100,0,34.81,101.49,26.00,572.00,null,null,null
2023-08-12T02:13:10Z,23.98,75.54,100,0,50.30,101.49,26.00,575.00,null,null,null
2023-08-12T02:14:10Z,23.94,75.52,99,0,46.32,101.49,26.00,575.00,null,null,null
2023-08-12T02:15:10Z,23.94,75.52,100,0,34.85,101.49,26.00,572.00,0,0,0
2023-08-12T02:16:10Z,23.96,75.54,100,0,49.36,101.49,26.00,572.00,null,null,null
2023-08-12T02:17:10Z,23.94,75.50,100,0,45.95,101.49,25.00,567.00,null,null,null
2023-08-12T02:18:10Z,23.96,75.62,100,0,33.92,101.49,26.00,572.00,null,null,null
2023-08-12T02:19:10Z,23.93,75.67,99,0,33.84,101.49,26.00,572.00,null,null,null
2023-08-12T02:20:10Z,23.94,75.64,100,0,33.49,101.48,26.00,572.00,0,0,0
2023-08-12T02:21:10Z,23.94,75.67,100,0,43.77,101.49,26.00,572.00,null,null,null
2023-08-12T02:22:10Z,23.94,75.61,100,0,42.17,101.48,25.00,567.00,null,null,null
2023-08-12T02:23:10Z,23.94,75.59,100,0,46.49,101.48,26.00,572.00,null,null,null
2023-08-12T02:24:10Z,23.93,75.60,100,0,37.13,101.48,25.00,567.00,null,null,null
2023-08-12T02:25:10Z,23.92,75.60,99,0,44.98,101.48,25.00,567.00,0,0,0
2023-08-12T02:26:10Z,23.92,75.67,100,0,37.94,101.48,25.00,567.00,null,null,null
2023-08-12T02:27:10Z,23.93,75.59,100,0,46.19,101.48,25.00,567.00,null,null,null
2023-08-12T02:28:10Z,23.92,75.51,100,0,36.16,101.48,24.00,564.00,null,null,null
2023-08-12T02:29:10Z,23.93,75.51,99,0,40.93,101.47,24.00,564.00,null,null,null
2023-08-12T02:30:10Z,23.90,75.57,99,0,46.18,101.47,24.00,564.00,0,0,0
2023-08-12T02:31:10Z,23.93,75.62,100,0,36.44,101.47,24.00,564.00,null,null,null
2023-08-12T02:32:10Z,23.92,75.60,100,0,36.35,101.47,24.00,564.00,null,null,null
2023-08-12T02:33:10Z,23.93,75.62,100,0,39.99,101.47,24.00,564.00,null,null,null
2023-08-12T02:34:10Z,23.92,75.59,99,0,37.23,101.47,24.00,564.00,null,null,null
2023-08-12T02:35:10Z,23.90,75.65,100,0,47.11,101.47,23.00,555.00,0,0,0
2023-08-12T02:36:10Z,23.90,75.65,99,0,45.35,101.47,23.00,555.00,null,null,null
2023-08-12T02:37:10Z,23.93,75.66,100,0,39.62,101.47,23.00,555.00,null,null,null
2023-08-12T02:38:10Z,23.92,75.62,100,0,39.17,101.47,23.00,555.00,null,null,null
2023-08-12T02:39:10Z,23.90,75.60,100,0,39.47,101.47,23.00,555.00,null,null,null
2023-08-12T02:40:10Z,23.90,75.58,99,0,37.52,101.47,23.00,555.00,0,0,0
2023-08-12T02:41:10Z,23.90,75.66,100,0,38.28,101.47,22.00,549.00,null,null,null
2023-08-12T02:42:10Z,23.94,75.61,100,0,41.33,101.47,23.00,555.00,null,null,null
2023-08-12T02:43:10Z,23.92,75.69,100,0,48.83,101.47,23.00,555.00,null,null,null
2023-08-12T02:44:10Z,23.92,75.72,100,0,38.16,101.47,23.00,555.00,null,null,null
2023-08-12T02:45:10Z,23.90,75.62,100,0,38.20,101.47,23.00,555.00,0,0,0
2023-08-12T02:46:10Z,23.92,75.66,100,0,34.09,101.48,22.00,546.00,null,null,null
2023-08-12T02:47:10Z,23.90,75.62,100,0,47.03,101.47,22.00,549.00,null,null,null
2023-08-12T02:48:10Z,23.92,75.60,99,0,34.09,101.47,22.00,549.00,null,null,null
2023-08-12T02:49:10Z,23.89,75.52,100,0,35.63,101.47,22.00,549.00,null,null,null
2023-08-12T02:50:10Z,23.88,75.54,99,0,37.06,101.48,22.00,549.00,0,0,0
2023-08-12T02:51:10Z,23.90,75.51,99,0,36.91,101.48,22.00,549.00,null,null,null
2023-08-12T02:52:10Z,23.89,75.59,100,0,36.30,101.48,22.00,546.00,null,null,null
2023-08-12T02:53:10Z,23.89,75.53,100,0,38.23,101.49,22.00,549.00,null,null,null
2023-08-12T02:54:10Z,23.88,75.64,100,0,42.43,101.49,22.00,546.00,null,null,null
2023-08-12T02:55:10Z,23.88,75.73,100,0,42.36,101.49,22.00,549.00,0,0,0
2023-08-12T02:56:10Z,23.89,75.80,100,0,43.88,101.49,23.00,555.00,null,null,null
2023-08-12T02:57:10Z,23.89,75.70,100,0,37.41,101.49,23.00,551.00,null,null,null
2023-08-12T02:58:10Z,23.89,75.63,100,0,37.17,101.50,23.00,555.00,null,null,null
2023-08-12T02:59:10Z,23.88,75.64,100,0,34.51,101.49,22.00,549.00,null,null,null
2023-08-12T03:00:10Z,23.88,75.63,100,0,38.95,101.50,23.00,555.00,0,0,0
2023-08-12T03:01:10Z,23.86,75.65,99,0,41.61,101.49,22.00,549.00,null,null,null
2023-08-12T03:02:10Z,23.86,75.68,100,0,34.15,101.49,22.00,549.00,null,null,null
2023-08-12T03:03:10Z,23.86,75.66,100,0,41.92,101.49,23.00,555.00,null,null,null
2023-08-12T03:04:10Z,23.85,75.69,99,0,39.71,101.49,23.00,555.00,null,null,null
2023-08-12T03:05:10Z,23.86,75.89,99,0,42.26,101.49,23.00,555.00,0,0,0
2023-08-12T03:06:10Z,23.85,76.11,100,0,36.35,101.49,24.00,564.00,null,null,null
2023-08-12T03:07:10Z,23.86,75.96,100,0,32.62,101.49,23.00,556.00,null,null,null
2023-08-12T03:08:10Z,23.86,75.97,99,0,32.66,101.49,24.00,564.00,null,null,null
2023-08-12T03:09:10Z,23.85,76.05,100,0,33.09,101.50,24.00,564.00,null,null,null
2023-08-12T03:10:10Z,23.83,76.04,100,0,33.32,101.49,24.00,564.00,0,0,0
2023-08-12T03:11:10Z,23.85,76.02,100,0,32.65,101.50,23.00,556.00,null,null,null
2023-08-12T03:12:10Z,23.88,76.02,100,0,33.05,101.50,24.00,564.00,null,null,null
2023-08-12T03:13:10Z,23.83,75.94,100,0,33.21,101.49,23.00,556.00,null,null,null
2023-08-12T03:14:10Z,23.88,75.86,100,0,34.86,101.50,23.00,556.00,null,null,null
2023-08-12T03:15:10Z,23.80,75.83,100,0,37.51,101.50,23.00,551.00,0,0,0
2023-08-12T03:16:10Z,23.85,75.84,100,0,32.94,101.50,22.00,545.00,null,null,null
2023-08-12T03:17:10Z,23.85,75.77,100,0,32.41,101.50,22.00,545.00,null,null,null
2023-08-12T03:18:10Z,23.85,75.81,99,0,35.91,101.50,22.00,545.00,null,null,null
2023-08-12T03:19:10Z,23.82,75.83,100,0,34.16,101.49,22.00,545.00,null,null,null
2023-08-12T03:20:10Z,23.80,75.91,100,0,32.95,101.49,23.00,551.00,0,0,0
2023-08-12T03:21:10Z,23.83,75.98,100,0,33.12,101.49,22.00,545.00,null,null,null
2023-08-12T03:22:10Z,23.86,75.92,100,0,33.14,101.50,23.00,551.00,null,null,null
2023-08-12T03:23:10Z,23.85,75.95,100,0,41.88,101.50,22.00,545.00,null,null,null
2023-08-12T03:24:10Z,23.83,75.96,100,0,33.39,101.50,23.00,551.00,null,null,null
2023-08-12T03:25:10Z,23.80,75.94,100,0,32.69,101.50,23.00,551.00,0,0,0
2023-08-12T03:26:10Z,23.83,75.85,100,0,33.78,101.51,24.00,561.00,null,null,null
2023-08-12T03:27:10Z,23.83,75.81,100,0,33.72,101.50,24.00,561.00,null,null,null
2023-08-12T03:28:10Z,23.83,75.98,100,0,33.29,101.50,24.00,561.00,null,null,null
2023-08-12T03:29:10Z,23.80,76.16,100,0,33.12,101.50,24.00,561.00,null,null,null
2023-08-12T03:30:10Z,23.83,76.07,100,0,32.62,101.50,24.00,561.00,0,0,0
2023-08-12T03:31:10Z,23.80,76.07,100,0,33.65,101.50,25.00,565.00,null,null,null
2023-08-12T03:32:10Z,23.82,75.98,100,0,33.58,101.50,24.00,561.00,null,null,null
2023-08-12T03:33:10Z,23.82,76.06,100,0,33.49,101.50,25.00,565.00,null,null,null
2023-08-12T03:34:10Z,23.83,76.09,100,0,33.51,101.50,25.00,565.00,null,null,null
2023-08-12T03:35:10Z,23.80,76.04,100,0,33.49,101.50,25.00,570.00,0,0,0
2023-08-12T03:36:10Z,23.82,76.13,100,0,33.36,101.50,25.00,570.00,null,null,null
2023-08-12T03:37:10Z,23.79,76.02,100,0,33.84,101.50,25.00,570.00,null,null,null
2023-08-12T03:38:10Z,23.79,75.96,100,0,33.44,101.50,25.00,565.00,null,null,null
2023-08-12T03:39:10Z,23.80,75.92,100,0,33.19,101.50,25.00,565.00,null,null,null
2023-08-12T03:40:10Z,23.78,75.97,100,0,33.67,101.50,25.00,565.00,0,0,0
2023-08-12T03:41:10Z,23.78,76.04,99,0,33.26,101.50,25.00,570.00,null,null,null
2023-08-12T03:42:10Z,23.79,76.07,99,0,33.43,101.50,25.00,570.00,null,null,null
2023-08-12T03:43:10Z,23.79,75.99,100,0,32.88,101.49,25.00,565.00,null,null,null
2023-08-12T03:44:10Z,23.78,76.03,100,0,34.03,101.50,25.00,565.00,null,null,null
2023-08-12T03:45:10Z,23.78,75.98,99,0,36.94,101.50,25.00,565.00,0,0,0
2023-08-12T03:46:10Z,23.78,76.03,100,0,35.12,101.50,24.00,561.00,null,null,null
2023-08-12T03:47:10Z,23.79,75.98,99,0,33.10,101.50,24.00,561.00,null,null,null
2023-08-12T03:48:10Z,23.76,75.99,100,0,35.00,101.49,24.00,561.00,null,null,null
2023-08-12T03:49:10Z,23.80,75.97,100,0,34.60,101.49,24.00,561.00,null,null,null
2023-08-12T03:50:10Z,23.76,76.15,100,0,36.29,101.49,25.00,565.00,0,0,0
2023-08-12T03:51:10Z,23.76,76.31,100,0,40.70,101.49,25.00,565.00,null,null,null
2023-08-12T03:52:10Z,23.78,76.27,100,0,40.19,101.49,23.00,556.00,null,null,null
2023-08-12T03:53:10Z,23.78,76.21,99,0,45.33,101.49,25.00,567.00,null,null,null
2023-08-12T03:54:10Z,23.76,76.21,100,0,38.17,101.49,35.00,633.00,null,null,null
2023-08-12T03:55:10Z,23.75,76.18,100,0,38.19,101.49,44.00,692.00,0,0,0
2023-08-12T03:56:10Z,23.76,76.18,100,0,49.70,101.49,46.00,708.00,null,null,null
2023-08-12T03:57:10Z,23.76,76.12,100,0,46.32,101.49,49.00,728.00,null,null,null
2023-08-12T03:58:10Z,23.73,76.03,100,0,35.65,101.49,47.00,715.00,null,null,null
2023-08-12T03:59:10Z,23.75,76.03,100,0,37.63,101.48,57.00,780.00,null,null,null
2023-08-12T04:00:10Z,23.73,76.02,100,0,37.41,101.48,57.00,780.00,0,0,0
2023-08-12T04:01:10Z,23.75,76.11,99,0,43.57,101.48,45.00,700.00,null,null,null
2023-08-12T04:02:10Z,23.72,75.97,100,0,51.70,101.48,43.00,683.00,null,null,null
2023-08-12T04:03:10Z,23.78,76.02,100,0,39.10,101.48,52.00,746.00,null,null,null
2023-08-12T04:04:10Z,23.75,76.00,99,0,39.14,101.48,40.00,668.00,null,null,null
2023-08-12T04:05:10Z,23.73,75.99,99,0,45.74,101.49,38.00,652.00,0,0,0
2023-08-12T04:06:10Z,23.73,75.93,100,0,39.78,101.49,46.00,702.00,null,null,null
2023-08-12T04:07:10Z,23.73,75.89,99,0,46.78,101.48,47.00,710.00,null,null,null
2023-08-12T04:08:10Z,23.73,75.82,100,0,41.76,101.48,48.00,717.00,null,null,null
2023-08-12T04:09:10Z,23.73,75.72,100,0,41.10,101.48,50.00,730.00,null,null,null
2023-08-12T04:10:10Z,23.72,75.86,100,0,35.57,101.48,52.00,744.00,0,0,0
2023-08-12T04:11:10Z,23.72,76.00,100,0,36.06,101.47,51.00,737.00,null,null,null
2023-08-12T04:12:10Z,23.72,76.05,99,0,45.78,101.47,51.00,737.00,null,null,null
2023-08-12T04:13:10Z,23.73,76.05,100,0,47.55,101.47,50.00,730.00,null,null,null
2023-08-12T04:14:10Z,23.71,76.19,100,0,39.15,101.47,50.00,730.00,null,null,null
2023-08-12T04:15:10Z,23.69,76.18,100,0,47.80,101.47,50.00,730.00,0,0,0
2023-08-12T04:16:10Z,23.69,76.28,99,0,37.39,101.47,50.00,730.00,null,null,null
2023-08-12T04:17:10Z,23.71,76.17,100,0,36.71,101.47,47.00,714.00,null,null,null
2023-08-12T04:18:10Z,23.72,76.14,100,0,40.32,101.47,47.00,710.00,null,null,null
2023-08-12T04:19:10Z,23.72,76.23,100,0,39.33,101.47,47.00,710.00,null,null,null
2023-08-12T04:20:10Z,23.68,76.19,100,0,53.57,101.46,47.00,710.00,0,0,0
2023-08-12T04:21:10Z,23.69,76.09,100,0,38.12,101.47,46.00,702.00,null,null,null
2023-08-12T04:22:10Z,23.69,76.10,100,0,37.88,101.46,46.00,702.00,null,null,null
2023-08-12T04:23:10Z,23.71,76.13,100,0,40.78,101.46,46.00,702.00,null,null,null
2023-08-12T04:24:10Z,23.69,76.22,100,0,38.88,101.46,46.00,702.00,null,null,null
2023-08-12T04:25:10Z,23.68,76.19,100,0,39.35,101.46,46.00,702.00,0,0,0
2023-08-12T04:26:10Z,23.69,76.23,100,0,45.92,101.46,44.00,694.00,null,null,null
2023-08-12T04:27:10Z,23.68,76.16,100,0,37.12,101.46,44.00,694.00,null,null,null
2023-08-12T04:28:10Z,23.66,76.22,100,0,35.63,101.46,44.00,694.00,null,null,null
2023-08-12T04:29:10Z,23.66,76.19,100,0,45.44,101.46,43.00,688.00,null,null,null
2023-08-12T04:30:10Z,23.65,76.26,99,0,36.74,101.46,43.00,688.00,0,0,0
2023-08-12T04:31:10Z,23.71,76.32,100,0,39.78,101.46,53.00,749.00,null,null,null
2023-08-12T04:32:10Z,23.69,76.31,100,0,41.99,101.46,86.00,970.00,null,null,null
2023-08-12T04:33:10Z,23.68,76.26,100,0,37.53,101.46,102.00,1074.00,null,null,null
2023-08-12T04:34:10Z,23.66,76.36,100,0,41.19,101.46,110.00,1128.00,null,null,null
2023-08-12T04:35:10Z,23.66,76.37,100,0,46.15,101.46,113.00,1144.00,0,0,0
2023-08-12T04:36:10Z,23.66,76.40,100,0,42.38,101.46,110.00,1128.00,null,null,null
2023-08-12T04:37:10Z,23.68,76.32,100,0,39.95,101.46,105.00,1090.00,null,null,null
2023-08-12T04:38:10Z,23.65,76.28,100,0,45.25,101.46,96.00,1032.00,null,null,null
2023-08-12T04:39:10Z,23.65,76.31,100,0,39.13,101.46,92.00,1009.00,null,null,null
2023-08-12T04:40:10Z,23.63,76.35,100,0,38.86,101.46,92.00,1009.00,0,0,0
2023-08-12T04:41:10Z,23.66,76.35,100,0,41.84,101.46,90.00,997.00,null,null,null
2023-08-12T04:42:10Z,23.66,76.28,100,0,38.65,101.45,83.00,949.00,null,null,null
2023-08-12T04:43:10Z,23.66,76.33,100,0,35.78,101.45,79.00,925.00,null,null,null
2023-08-12T04:44:10Z,23.65,76.38,100,0,39.09,101.45,78.00,915.00,null,null,null
2023-08-12T04:45:10Z,23.63,76.36,100,0,40.77,101.45,74.00,891.00,0,0,0
2023-08-12T04:46:10Z,23.63,76.48,99,0,45.90,101.44,70.00,863.00,null,null,null
2023-08-12T04:47:10Z,23.66,76.42,99,0,41.55,101.44,70.00,863.00,null,null,null
2023-08-12T04:48:10Z,23.65,76.41,100,0,37.12,101.44,70.00,863.00,null,null,null
2023-08-12T04:49:10Z,23.65,76.46,100,0,40.19,101.44,68.00,851.00,null,null,null
2023-08-12T04:50:10Z,23.62,76.41,99,0,40.84,101.44,67.00,840.00,0,0,0
2023-08-12T04:51:10Z,23.63,76.53,99,0,37.53,101.44,65.00,832.00,null,null,null
2023-08-12T04:52:10Z,23.63,76.64,100,0,47.39,101.43,65.00,832.00,null,null,null
2023-08-12T04:53:10Z,23.62,76.61,99,0,40.75,101.43,64.00,821.00,null,null,null
2023-08-12T04:54:10Z,23.63,76.60,99,0,45.13,101.43,64.00,821.00,null,null,null
2023-08-12T04:55:10Z,23.62,76.63,99,0,40.62,101.43,64.00,821.00,0,0,0
2023-08-12T04:56:10Z,23.63,76.71,100,0,42.41,101.43,62.00,813.00,null,null,null
2023-08-12T04:57:10Z,23.65,76.64,100,0,42.49,101.43,62.00,813.00,null,null,null
2023-08-12T04:58:10Z,23.62,76.76,100,0,36.29,101.43,62.00,813.00,null,null,null
2023-08-12T04:59:10Z,23.62,76.60,100,0,44.07,101.43,61.00,806.00,null,null,null
2023-08-12T05:00:10Z,23.62,76.64,100,0,45.30,101.43,61.00,804.00,0,0,0
2023-08-12T05:01:10Z,23.61,76.60,100,0,35.85,101.43,61.00,804.00,null,null,null
2023-08-12T05:02:10Z,23.62,76.52,100,0,52.18,101.42,60.00,795.00,null,null,null
2023-08-12T05:03:10Z,23.62,76.43,99,0,39.48,101.43,58.00,785.00,null,null,null
2023-08-12T05:04:10Z,23.62,76.44,99,0,39.60,101.43,58.00,785.00,null,null,null
2023-08-12T05:05:10Z,23.58,76.46,100,0,37.45,101.43,62.00,813.00,0,0,0
2023-08-12T05:06:10Z,23.58,76.44,100,0,47.36,101.43,65.00,832.00,null,null,null
2023-08-12T05:07:10Z,23.59,76.55,100,0,36.79,101.42,68.00,851.00,null,null,null
2023-08-12T05:08:10Z,23.61,76.52,100,0,43.95,101.42,68.00,851.00,null,null,null
2023-08-12T05:09:10Z,23.61,76.62,99,0,36.03,101.42,68.00,851.00,null,null,null
2023-08-12T05:10:10Z,23.59,76.59,100,0,39.88,101.43,67.00,840.00,0,0,0
2023-08-12T05:11:10Z,23.59,76.56,100,0,47.65,101.42,67.00,840.00,null,null,null
2023-08-12T05:12:10Z,23.59,76.54,99,0,38.45,101.42,65.00,832.00,null,null,null
2023-08-12T05:13:10Z,23.59,76.58,100,0,39.29,101.43,65.00,832.00,null,null,null
2023-08-12T05:14:10Z,23.59,76.62,100,0,40.08,101.43,64.00,821.00,null,null,null
2023-08-12T05:15:10Z,23.57,76.61,99,0,34.50,101.43,64.00,821.00,0,0,0
2023-08-12T05:16:10Z,23.59,76.66,99,0,41.89,101.43,64.00,821.00,null,null,null
2023-08-12T05:17:10Z,23.57,76.60,99,0,40.45,101.43,62.00,813.00,null,null,null
2023-08-12T05:18:10Z,23.59,76.51,100,0,42.07,101.42,61.00,804.00,null,null,null
2023-08-12T05:19:10Z,23.59,76.56,100,0,38.03,101.42,61.00,804.00,null,null,null
2023-08-12T05:20:10Z,23.57,76.63,99,0,39.88,101.42,61.00,804.00,0,0,0
2023-08-12T05:21:10Z,23.57,76.66,99,0,51.13,101.42,61.00,804.00,null,null,null
2023-08-12T05:22:10Z,23.58,76.60,100,0,38.29,101.42,61.00,804.00,null,null,null
2023-08-12T05:23:10Z,23.59,76.54,100,0,39.07,101.43,61.00,804.00,null,null,null
2023-08-12T05:24:10Z,23.57,76.55,100,0,49.74,101.42,60.00,795.00,null,null,null
2023-08-12T05:25:10Z,23.55,76.60,99,0,34.27,101.43,60.00,795.00,0,0,0
2023-08-12T05:26:10Z,23.58,76.71,100,0,39.23,101.42,58.00,785.00,null,null,null
2023-08-12T05:27:10Z,23.57,76.67,99,0,35.38,101.43,60.00,795.00,null,null,null
2023-08-12T05:28:10Z,23.57,76.70,100,0,36.62,101.43,60.00,795.00,null,null,null
2023-08-12T05:29:10Z,23.55,76.68,100,0,45.43,101.44,62.00,813.00,null,null,null
2023-08-12T05:30:10Z,23.55,76.70,100,0,38.96,101.43,64.00,821.00,0,0,0
2023-08-12T05:31:10Z,23.57,76.66,100,0,38.93,101.43,67.00,840.00,null,null,null
2023-08-12T05:32:10Z,23.58,76.63,100,0,42.08,101.43,70.00,863.00,null,null,null
2023-08-12T05:33:10Z,23.58,76.68,100,0,43.14,101.43,70.00,863.00,null,null,null
2023-08-12T05:34:10Z,23.55,76.66,100,0,36.78,101.43,70.00,863.00,null,null,null
2023-08-12T05:35:10Z,23.57,76.68,100,0,36.79,101.44,68.00,851.00,0,0,0
2023-08-12T05:36:10Z,23.57,76.69,99,0,40.60,101.43,68.00,851.00,null,null,null
2023-08-12T05:37:10Z,23.57,76.71,100,0,48.18,101.43,67.00,840.00,null,null,null
2023-08-12T05:38:10Z,23.59,76.68,100,0,41.48,101.43,67.00,840.00,null,null,null
2023-08-12T05:39:10Z,23.55,76.65,100,0,42.53,101.43,67.00,840.00,null,null,null
2023-08-12T05:40:10Z,23.55,76.69,99,0,48.59,101.43,65.00,832.00,0,0,0
2023-08-12T05:41:10Z,23.52,76.78,100,0,44.82,101.43,65.00,832.00,null,null,null
2023-08-12T05:42:10Z,23.58,76.78,100,0,35.95,101.43,66.00,834.00,null,null,null
2023-08-12T05:43:10Z,23.58,76.76,100,0,40.19,101.43,64.00,825.00,null,null,null
2023-08-12T05:44:10Z,23.55,76.79,99,0,39.41,101.43,64.00,825.00,null,null,null
2023-08-12T05:45:10Z,23.54,76.72,100,0,35.44,101.43,63.00,815.00,0,0,0
2023-08-12T05:46:10Z,23.57,76.94,99,0,35.20,101.43,65.00,832.00,null,null,null
2023-08-12T05:47:10Z,23.59,76.81,100,0,35.18,101.44,63.00,815.00,null,null,null
2023-08-12T05:48:10Z,23.58,76.88,100,0,39.07,101.43,64.00,825.00,null,null,null
2023-08-12T05:49:10Z,23.57,76.91,99,0,40.42,101.44,63.00,815.00,null,null,null
2023-08-12T05:50:10Z,23.54,76.82,100,0,34.74,101.43,63.00,815.00,0,0,0
2023-08-12T05:51:10Z,23.57,76.98,100,0,39.33,101.44,63.00,815.00,null,null,null
2023-08-12T05:52:10Z,23.58,76.87,100,0,36.43,101.43,63.00,815.00,null,null,null
2023-08-12T05:53:10Z,23.58,76.82,100,0,37.02,101.43,61.00,806.00,null,null,null
2023-08-12T05:54:10Z,23.55,76.89,100,0,38.25,101.43,63.00,815.00,null,null,null
2023-08-12T05:55:10Z,23.57,76.93,100,0,42.30,101.43,61.00,806.00,0,0,0
2023-08-12T05:56:10Z,23.57,77.01,100,0,39.98,101.44,63.00,815.00,null,null,null
2023-08-12T05:57:10Z,23.58,77.00,99,0,39.67,101.44,61.00,806.00,null,null,null
2023-08-12T05:58:10Z,23.57,76.93,100,0,34.83,101.44,60.00,798.00,null,null,null
2023-08-12T05:59:10Z,23.59,76.87,100,0,43.06,101.44,61.00,806.00,null,null,null
2023-08-12T06:00:10Z,23.57,77.02,100,0,37.10,101.44,60.00,798.00,0,0,0
2023-08-12T06:01:10Z,23.55,77.07,99,0,36.89,101.44,60.00,798.00,null,null,null
2023-08-12T06:02:10Z,23.59,76.96,100,0,39.53,101.44,64.00,825.00,null,null,null
2023-08-12T06:03:10Z,23.59,76.82,100,0,36.39,101.44,61.00,806.00,null,null,null
2023-08-12T06:04:10Z,23.57,76.99,100,0,38.11,101.44,61.00,806.00,null,null,null
2023-08-12T06:05:10Z,23.57,76.91,99,0,41.80,101.44,60.00,798.00,0,0,0
2023-08-12T06:06:10Z,23.59,77.07,100,0,37.64,101.44,60.00,798.00,null,null,null
2023-08-12T06:07:10Z,23.61,76.95,100,0,54.67,101.44,60.00,798.00,null,null,null
2023-08-12T06:08:10Z,23.58,76.90,100,0,38.93,101.44,60.00,798.00,null,null,null
2023-08-12T06:09:10Z,23.57,76.94,100,0,44.41,101.44,60.00,798.00,null,null,null
2023-08-12T06:10:10Z,23.57,77.04,100,0,41.26,101.45,60.00,798.00,0,0,0
2023-08-12T06:11:10Z,23.58,77.11,100,0,35.78,101.45,60.00,798.00,null,null,null
2023-08-12T06:12:10Z,23.57,76.91,100,0,42.78,101.44,64.00,825.00,null,null,null
2023-08-12T06:13:10Z,23.58,76.92,100,0,54.28,101.44,67.00,844.00,null,null,null
2023-08-12T06:14:10Z,23.58,76.94,100,0,44.15,101.45,72.00,874.00,null,null,null
2023-08-12T06:15:10Z,23.58,77.08,100,0,38.62,101.45,77.00,907.00,0,0,0
2023-08-12T06:16:10Z,23.58,77.15,100,0,42.68,101.45,78.00,918.00,null,null,null
2023-08-12T06:17:10Z,23.59,77.04,100,0,39.62,101.44,80.00,927.00,null,null,null
2023-08-12T06:18:10Z,23.59,77.11,100,0,45.43,101.44,80.00,927.00,null,null,null
2023-08-12T06:19:10Z,23.59,76.97,99,0,35.20,101.44,82.00,940.00,null,null,null
2023-08-12T06:20:10Z,23.54,77.05,100,0,38.50,101.44,82.00,940.00,0,0,0
2023-08-12T06:21:10Z,23.55,77.21,99,0,45.26,101.44,82.00,940.00,null,null,null
2023-08-12T06:22:10Z,23.61,77.12,100,0,41.01,101.45,80.00,927.00,null,null,null
2023-08-12T06:23:10Z,23.59,77.12,100,0,35.51,101.44,80.00,927.00,null,null,null
2023-08-12T06:24:10Z,23.58,77.27,100,0,34.24,101.45,80.00,927.00,null,null,null
2023-08-12T06:25:10Z,23.57,77.06,100,0,41.72,101.44,77.00,909.00,0,0,0
2023-08-12T06:26:10Z,23.58,77.12,100,0,40.39,101.44,78.00,918.00,null,null,null
2023-08-12T06:27:10Z,23.61,77.22,100,0,39.00,101.43,78.00,918.00,null,null,null
2023-08-12T06:28:10Z,23.58,77.10,100,0,35.94,101.44,77.00,907.00,null,null,null
2023-08-12T06:29:10Z,23.58,77.12,100,0,36.97,101.44,77.00,907.00,null,null,null
2023-08-12T06:30:10Z,23.57,77.24,99,0,36.04,101.44,77.00,907.00,0,0,0
2023-08-12T06:31:10Z,23.59,77.25,100,0,36.55,101.44,77.00,907.00,null,null,null
2023-08-12T06:32:10Z,23.57,77.22,100,0,48.83,101.44,76.00,900.00,null,null,null
2023-08-12T06:33:10Z,23.58,77.10,100,0,37.97,101.44,77.00,907.00,null,null,null
2023-08-12T06:34:10Z,23.59,77.21,99,0,42.08,101.45,77.00,907.00,null,null,null
2023-08-12T06:35:10Z,23.59,77.11,100,0,41.96,101.44,75.00,897.00,0,0,0
2023-08-12T06:36:10Z,23.58,77.16,100,0,36.54,101.44,75.00,897.00,null,null,null
2023-08-12T06:37:10Z,23.61,77.16,100,0,37.88,101.44,75.00,897.00,null,null,null
2023-08-12T06:38:10Z,23.59,77.09,99,0,38.98,101.44,75.00,897.00,null,null,null
2023-08-12T06:39:10Z,23.58,77.04,99,0,37.50,101.44,73.00,885.00,null,null,null
2023-08-12T06:40:10Z,23.57,77.00,100,0,39.43,101.44,72.00,874.00,0,0,0
2023-08-12T06:41:10Z,23.57,76.99,100,0,45.66,101.45,72.00,874.00,null,null,null
2023-08-12T06:42:10Z,23.61,76.99,100,0,43.28,101.44,73.00,885.00,null,null,null
2023-08-12T06:43:10Z,23.58,76.99,100,0,40.87,101.44,70.00,865.00,null,null,null
2023-08-12T06:44:10Z,23.59,76.94,99,0,36.50,101.44,70.00,865.00,null,null,null
2023-08-12T06:45:10Z,23.58,76.83,100,0,43.06,101.44,70.00,865.00,0,0,0
2023-08-12T06:46:10Z,23.61,76.81,100,0,37.45,101.44,72.00,874.00,null,null,null
2023-08-12T06:47:10Z,23.61,76.70,100,0,48.12,101.44,83.00,951.00,null,null,null
2023-08-12T06:48:10Z,23.58,76.75,100,0,41.28,101.44,92.00,1009.00,null,null,null
2023-08-12T06:49:10Z,23.59,76.74,100,0,50.85,101.44,93.00,1017.00,null,null,null
2023-08-12T06:50:10Z,23.59,76.74,100,0,36.93,101.44,100.00,1062.00,0,0,0
2023-08-12T06:51:10Z,23.57,76.77,100,0,46.34,101.44,100.00,1062.00,null,null,null
2023-08-12T06:52:10Z,23.59,76.71,99,0,50.54,101.43,103.00,1081.00,null,null,null
2023-08-12T06:53:10Z,23.59,76.70,100,0,36.75,101.44,105.00,1090.00,null,null,null
2023-08-12T06:54:10Z,23.59,76.75,100,0,36.86,101.44,106.00,1102.00,null,null,null
2023-08-12T06:55:10Z,23.59,76.73,100,0,36.25,101.44,103.00,1081.00,0,0,0
2023-08-12T06:56:10Z,23.59,76.81,100,0,38.79,101.44,106.00,1102.00,null,null,null
2023-08-12T06:57:10Z,23.61,76.75,100,0,43.50,101.44,103.00,1081.00,null,null,null
2023-08-12T06:58:10Z,23.59,76.71,100,0,42.52,101.43,105.00,1093.00,null,null,null
2023-08-12T06:59:10Z,23.59,76.78,99,0,36.06,101.44,106.00,1102.00,null,null,null
2023-08-12T07:00:10Z,23.58,76.80,100,0,38.39,101.44,105.00,1093.00,0,0,0
2023-08-12T07:01:10Z,23.59,76.87,99,0,41.02,101.43,103.00,1081.00,null,null,null
2023-08-12T07:02:10Z,23.59,76.83,100,0,36.95,101.44,101.00,1065.00,null,null,null
2023-08-12T07:03:10Z,23.61,76.81,100,0,42.60,101.43,103.00,1081.00,null,null,null
2023-08-12T07:04:10Z,23.61,76.82,100,0,41.59,101.44,99.00,1053.00,null,null,null
2023-08-12T07:05:10Z,23.59,76.85,100,0,39.33,101.44,99.00,1053.00,0,0,0
2023-08-12T07:06:10Z,23.59,76.93,100,0,47.63,101.43,99.00,1053.00,null,null,null
2023-08-12T07:07:10Z,23.61,76.91,99,0,50.42,101.43,97.00,1041.00,null,null,null
2023-08-12T07:08:10Z,23.57,76.86,100,0,43.95,101.43,97.00,1041.00,null,null,null
2023-08-12T07:09:10Z,23.59,76.86,100,0,46.36,101.43,93.00,1017.00,null,null,null
2023-08-12T07:10:10Z,23.59,76.92,100,0,36.34,101.43,93.00,1017.00,0,0,0
2023-08-12T07:11:10Z,23.61,76.93,100,0,39.39,101.43,93.00,1012.00,null,null,null
2023-08-12T07:12:10Z,23.59,76.91,100,0,45.23,101.44,93.00,1017.00,null,null,null
2023-08-12T07:13:10Z,23.59,76.93,100,0,38.90,101.44,93.00,1017.00,null,null,null
2023-08-12T07:14:10Z,23.61,76.96,100,0,37.70,101.44,93.00,1012.00,null,null,null
2023-08-12T07:15:10Z,23.59,76.99,100,0,39.04,101.44,91.00,1001.00,0,0,0
2023-08-12T07:16:10Z,23.58,77.05,99,0,35.02,101.44,91.00,1001.00,null,null,null
2023-08-12T07:17:10Z,23.62,77.03,100,0,39.99,101.44,91.00,1001.00,null,null,null
2023-08-12T07:18:10Z,23.62,76.99,100,0,34.79,101.44,91.00,1001.00,null,null,null
2023-08-12T07:19:10Z,23.59,76.94,100,0,35.65,101.45,87.00,972.00,null,null,null
2023-08-12T07:20:10Z,23.62,76.95,99,0,42.58,101.44,85.00,961.00,0,0,0
2023-08-12T07:21:10Z,23.61,76.97,100,0,39.42,101.44,85.00,961.00,null,null,null
2023-08-12T07:22:10Z,23.59,76.92,100,0,39.12,101.44,85.00,961.00,null,null,null
2023-08-12T07:23:10Z,23.59,76.88,100,0,36.76,101.44,85.00,961.00,null,null,null
2023-08-12T07:24:10Z,23.62,76.93,100,0,35.77,101.44,83.00,951.00,null,null,null
2023-08-12T07:25:10Z,23.61,76.91,99,0,38.88,101.44,83.00,951.00,0,0,0
2023-08-12T07:26:10Z,23.59,76.93,100,0,35.78,101.45,82.00,940.00,null,null,null
2023-08-12T07:27:10Z,23.61,76.86,100,0,36.75,101.44,83.00,951.00,null,null,null
2023-08-12T07:28:10Z,23.61,76.90,100,0,45.74,101.45,82.00,940.00,null,null,null
2023-08-12T07:29:10Z,23.58,76.88,100,0,38.25,101.45,82.00,940.00,null,null,null
2023-08-12T07:30:10Z,23.59,76.93,100,0,34.64,101.45,80.00,927.00,0,0,0
2023-08-12T07:31:10Z,23.62,76.92,100,0,38.89,101.45,77.00,907.00,null,null,null
2023-08-12T07:32:10Z,23.62,76.94,100,0,45.70,101.45,80.00,927.00,null,null,null
2023-08-12T07:33:10Z,23.61,76.90,100,0,42.09,101.45,80.00,927.00,null,null,null
2023-08-12T07:34:10Z,23.58,76.87,100,0,41.24,101.45,78.00,918.00,null,null,null
2023-08-12T07:35:10Z,23.59,76.94,100,0,36.41,101.44,78.00,918.00,0,0,0
2023-08-12T07:36:10Z,23.59,76.92,100,0,41.63,101.45,77.00,907.00,null,null,null
2023-08-12T07:37:10Z,23.61,76.89,100,0,38.70,101.45,77.00,907.00,null,null,null
2023-08-12T07:38:10Z,23.59,76.90,100,0,34.85,101.45,77.00,907.00,null,null,null
2023-08-12T07:39:10Z,23.61,76.86,100,0,38.50,101.45,77.00,907.00,null,null,null
2023-08-12T07:40:10Z,23.57,76.87,100,0,34.32,101.45,77.00,907.00,0,0,0
2023-08-12T07:41:10Z,23.61,76.94,100,0,41.65,101.46,75.00,897.00,null,null,null
2023-08-12T07:42:10Z,23.63,76.87,100,0,35.33,101.46,75.00,897.00,null,null,null
2023-08-12T07:43:10Z,23.59,76.82,100,0,36.87,101.46,73.00,885.00,null,null,null
2023-08-12T07:44:10Z,23.61,76.79,100,0,45.91,101.46,72.00,874.00,null,null,null
2023-08-12T07:45:10Z,23.58,76.79,100,0,48.03,101.47,72.00,874.00,0,0,0
2023-08-12T07:46:10Z,23.61,76.84,100,0,35.87,101.46,70.00,865.00,null,null,null
2023-08-12T07:47:10Z,23.62,76.83,100,0,39.71,101.46,70.00,865.00,null,null,null
2023-08-12T07:48:10Z,23.59,76.80,100,0,37.43,101.46,70.00,865.00,null,null,null
2023-08-12T07:49:10Z,23.59,76.83,99,0,37.85,101.46,70.00,865.00,null,null,null
2023-08-12T07:50:10Z,23.61,76.81,99,1,39.59,101.46,69.00,853.00,0,0,0
2023-08-12T07:51:10Z,23.59,76.83,100,1,47.51,101.46,69.00,853.00,null,null,null
2023-08-12T07:52:10Z,23.61,76.80,100,0,38.15,101.46,69.00,853.00,null,null,null
2023-08-12T07:53:10Z,23.61,76.76,100,1,37.09,101.46,67.00,844.00,null,null,null
2023-08-12T07:54:10Z,23.62,76.79,99,1,36.26,101.45,67.00,844.00,null,null,null
2023-08-12T07:55:10Z,23.58,76.80,100,1,39.43,101.45,66.00,834.00,0,0,0
2023-08-12T07:56:10Z,23.59,76.77,100,1,38.24,101.45,66.00,834.00,null,null,null
2023-08-12T07:57:10Z,23.58,76.76,99,1,48.43,101.45,66.00,834.00,null,null,null
2023-08-12T07:58:10Z,23.59,76.80,100,0,44.95,101.45,64.00,825.00,null,null,null
2023-08-12T07:59:10Z,23.62,76.76,100,0,44.12,101.45,64.00,825.00,null,null,null
2023-08-12T08:00:10Z,23.59,76.75,100,1,39.33,101.45,63.00,815.00,0,0,0
2023-08-12T08:01:10Z,23.61,76.75,100,0,40.24,101.45,63.00,815.00,null,null,null
2023-08-12T08:02:10Z,23.59,76.74,100,1,40.49,101.45,63.00,815.00,null,null,null
2023-08-12T08:03:10Z,23.61,76.79,100,1,39.50,101.45,67.00,844.00,null,null,null
2023-08-12T08:04:10Z,23.59,76.85,100,1,36.63,101.46,64.00,825.00,null,null,null
2023-08-12T08:05:10Z,23.61,76.84,99,0,38.25,101.45,64.00,825.00,0,0,0
2023-08-12T08:06:10Z,23.61,76.91,100,0,41.08,101.45,64.00,825.00,null,null,null
2023-08-12T08:07:10Z,23.61,76.91,100,0,45.13,101.46,64.00,825.00,null,null,null
2023-08-12T08:08:10Z,23.59,76.93,100,0,35.29,101.45,64.00,825.00,null,null,null
2023-08-12T08:09:10Z,23.61,76.95,100,1,46.24,101.46,64.00,825.00,null,null,null
2023-08-12T08:10:10Z,23.59,76.91,100,1,38.33,101.45,66.00,834.00,0,0,0
2023-08-12T08:11:10Z,23.89,76.94,99,0,24.27,101.45,63.00,815.00,null,null,null
