TIME,TEMP,HUM,BATT,LIGHT,NOISE_A,PRESS,CCS811_VOCS,CCS811_ECO2,PM_1,PM_25,PM_10
ISO 8601,C,%,%,Lux,dBA,kPa,ppb,ppm,ug/m3,ug/m3,ug/m3
Time,Temperature,Humidity,Battery,Light,Noise dBA,Barometric pressure,VOC Gas CCS811,eCO2 Gas CCS811,PM 1.0,PM 2.5,PM 10.0
,55,56,10,14,53,58,113,112,89,87,88
2023-08-09T08:45:29Z,21.09,82.22,-1,2,39.93,101.82,null,null,0,0,0
2023-08-09T08:46:29Z,21.16,82.36,98,1,64.59,101.82,null,null,null,null,null
2023-08-09T08:47:29Z,21.25,82.33,100,1,35.12,101.82,null,null,null,null,null
2023-08-09T08:48:29Z,21.29,82.30,100,1,35.02,101.82,null,null,null,null,null
2023-08-09T08:49:29Z,21.33,82.14,100,1,36.51,101.82,null,null,null,null,null
2023-08-09T08:50:29Z,21.36,81.99,100,1,34.34,101.82,56.00,768.00,0,0,0
2023-08-09T08:51:29Z,21.37,82.01,100,1,33.72,101.82,38.00,650.00,null,null,null
2023-08-09T08:52:29Z,21.39,82.61,100,1,36.26,101.83,42.00,682.00,null,null,null
2023-08-09T08:53:29Z,21.44,82.18,100,1,32.79,101.83,47.00,710.00,null,null,null
2023-08-09T08:54:29Z,21.42,82.49,100,1,36.54,101.82,51.00,735.00,null,null,null
2023-08-09T08:55:29Z,21.43,82.23,100,1,33.63,101.83,53.00,752.00,0,0,0
2023-08-09T08:56:29Z,21.47,82.02,100,1,33.92,101.83,55.00,763.00,null,null,null
2023-08-09T08:57:29Z,21.46,81.90,100,1,35.65,101.83,55.00,763.00,null,null,null
2023-08-09T08:58:29Z,21.49,81.80,100,1,36.48,101.83,57.00,776.00,null,null,null
2023-08-09T08:59:29Z,21.51,81.67,100,1,33.95,101.83,57.00,776.00,null,null,null
2023-08-09T09:00:29Z,21.51,81.63,100,2,34.97,101.83,58.00,783.00,0,0,0
2023-08-09T09:01:29Z,21.51,81.50,100,2,33.39,101.83,56.00,770.00,null,null,null
2023-08-09T09:02:29Z,21.51,81.51,100,4,33.83,101.83,56.00,770.00,null,null,null
2023-08-09T09:03:29Z,21.53,81.47,100,4,32.58,101.83,56.00,770.00,null,null,null
2023-08-09T09:04:29Z,21.53,81.42,100,4,32.89,101.83,56.00,770.00,null,null,null
2023-08-09T09:05:29Z,21.54,81.40,100,5,34.11,101.82,56.00,770.00,0,0,0
2023-08-09T09:06:29Z,21.53,81.31,100,6,34.40,101.82,56.00,770.00,null,null,null
2023-08-09T09:07:29Z,21.57,81.31,100,6,35.48,101.82,56.00,770.00,null,null,null
2023-08-09T09:08:29Z,21.57,81.29,100,6,36.97,101.82,55.00,763.00,null,null,null
2023-08-09T09:09:29Z,21.58,81.21,100,6,34.32,101.83,55.00,763.00,null,null,null
2023-08-09T09:10:29Z,21.58,81.15,100,6,32.82,101.83,56.00,770.00,0,0,0
2023-08-09T09:11:29Z,21.57,81.05,100,5,32.83,101.83,54.00,761.00,null,null,null
2023-08-09T09:12:29Z,21.60,80.99,100,5,33.44,101.83,54.00,761.00,null,null,null
2023-08-09T09:13:29Z,21.60,80.90,100,5,33.84,101.82,53.00,752.00,null,null,null
2023-08-09T09:14:29Z,21.60,80.85,100,5,32.72,101.82,52.00,746.00,null,null,null
2023-08-09T09:15:29Z,21.61,80.81,100,5,33.02,101.82,52.00,746.00,0,0,0
2023-08-09T09:16:29Z,21.57,80.73,100,5,38.77,101.82,52.00,746.00,null,null,null
2023-08-09T09:17:29Z,21.58,80.66,100,5,33.86,101.82,53.00,749.00,null,null,null
2023-08-09T09:18:29Z,21.55,80.75,100,5,36.85,101.82,50.00,730.00,null,null,null
2023-08-09T09:19:29Z,21.53,80.75,100,5,33.36,101.83,49.00,726.00,null,null,null
2023-08-09T09:20:29Z,21.47,80.82,100,5,39.35,101.83,49.00,726.00,0,0,0
2023-08-09T09:21:29Z,21.44,80.86,100,5,40.13,101.83,46.00,708.00,null,null,null
2023-08-09T09:22:29Z,21.44,80.86,100,4,34.23,101.83,47.00,715.00,null,null,null
2023-08-09T09:23:29Z,21.43,80.88,100,4,34.29,101.83,47.00,715.00,null,null,null
2023-08-09T09:24:29Z,21.40,80.85,100,4,39.61,101.83,46.00,708.00,null,null,null
2023-08-09T09:25:29Z,21.37,80.91,100,4,34.34,101.83,46.00,708.00,0,0,0
2023-08-09T09:26:29Z,21.36,80.93,100,4,35.41,101.83,43.00,688.00,null,null,null
2023-08-09T09:27:29Z,21.34,80.90,100,4,36.36,101.83,44.00,692.00,null,null,null
2023-08-09T09:28:29Z,21.32,80.90,100,4,34.92,101.84,44.00,692.00,null,null,null
2023-08-09T09:29:29Z,21.33,80.91,100,4,33.93,101.83,43.00,688.00,null,null,null
2023-08-09T09:30:29Z,21.29,80.93,100,4,35.02,101.83,43.00,688.00,0,0,0
2023-08-09T09:31:29Z,21.29,80.97,100,4,34.96,101.83,42.00,679.00,null,null,null
2023-08-09T09:32:29Z,21.27,80.92,100,4,33.90,101.83,42.00,679.00,null,null,null
2023-08-09T09:33:29Z,21.30,80.94,100,4,35.48,101.83,40.00,668.00,null,null,null
2023-08-09T09:34:29Z,21.29,80.93,100,3,36.98,101.82,40.00,668.00,null,null,null
2023-08-09T09:35:29Z,21.26,80.91,100,3,34.15,101.83,40.00,665.00,0,0,0
2023-08-09T09:36:29Z,21.25,80.94,100,4,35.38,101.83,40.00,665.00,null,null,null
2023-08-09T09:37:29Z,21.25,80.90,100,4,33.78,101.83,40.00,665.00,null,null,null
2023-08-09T09:38:29Z,21.23,80.86,100,3,33.57,101.83,40.00,665.00,null,null,null
2023-08-09T09:39:29Z,21.22,80.89,100,3,42.84,101.83,47.00,714.00,null,null,null
2023-08-09T09:40:29Z,21.22,80.91,100,3,34.36,101.82,47.00,714.00,0,0,0
2023-08-09T09:41:29Z,21.22,80.93,100,3,35.60,101.82,46.00,708.00,null,null,null
2023-08-09T09:42:29Z,21.20,80.86,100,3,35.82,101.83,46.00,708.00,null,null,null
2023-08-09T09:43:29Z,21.20,80.83,100,3,34.31,101.83,45.00,700.00,null,null,null
2023-08-09T09:44:29Z,21.19,80.86,100,3,38.80,101.83,45.00,700.00,null,null,null
2023-08-09T09:45:29Z,21.19,80.82,100,3,37.41,101.83,45.00,700.00,0,0,0
2023-08-09T09:46:29Z,21.19,80.82,100,2,44.78,101.84,44.00,692.00,null,null,null
2023-08-09T09:47:29Z,21.19,80.80,100,2,36.41,101.84,44.00,692.00,null,null,null
2023-08-09T09:48:29Z,21.17,80.78,100,2,35.43,101.84,44.00,692.00,null,null,null
2023-08-09T09:49:29Z,21.16,80.80,100,2,37.37,101.85,43.00,683.00,null,null,null
2023-08-09T09:50:29Z,21.17,80.79,100,2,36.43,101.85,43.00,683.00,0,0,0
2023-08-09T09:51:29Z,21.16,80.81,100,2,36.28,101.84,43.00,683.00,null,null,null
2023-08-09T09:52:29Z,21.16,80.75,100,2,34.59,101.84,42.00,678.00,null,null,null
2023-08-09T09:53:29Z,21.19,80.70,100,2,34.43,101.85,41.00,674.00,null,null,null
2023-08-09T09:54:29Z,21.14,80.69,100,2,35.31,101.85,41.00,674.00,null,null,null
2023-08-09T09:55:29Z,21.16,80.68,100,2,35.01,101.85,41.00,671.00,0,0,0
2023-08-09T09:56:29Z,21.14,80.71,100,2,34.04,101.85,41.00,671.00,null,null,null
2023-08-09T09:57:29Z,21.16,80.64,100,2,32.91,101.85,42.00,678.00,null,null,null
2023-08-09T09:58:29Z,21.13,80.70,100,2,34.13,101.84,41.00,671.00,null,null,null
2023-08-09T09:59:29Z,21.13,80.64,100,2,34.74,101.85,41.00,671.00,null,null,null
2023-08-09T10:00:29Z,21.12,80.67,100,2,35.45,101.84,41.00,671.00,0,0,0
2023-08-09T10:01:29Z,21.10,80.66,100,2,34.52,101.84,39.00,656.00,null,null,null
2023-08-09T10:02:29Z,21.14,80.62,100,2,33.41,101.85,41.00,671.00,null,null,null
2023-08-09T10:03:29Z,21.10,80.58,100,2,38.88,101.85,39.00,660.00,null,null,null
2023-08-09T10:04:29Z,21.10,80.58,100,2,39.82,101.85,39.00,660.00,null,null,null
2023-08-09T10:05:29Z,21.09,80.60,100,2,33.51,101.85,39.00,656.00,0,0,0
2023-08-09T10:06:29Z,21.12,80.61,100,1,35.50,101.84,39.00,656.00,null,null,null
2023-08-09T10:07:29Z,21.10,80.55,100,2,33.97,101.84,39.00,656.00,null,null,null
2023-08-09T10:08:29Z,21.12,80.53,100,1,36.49,101.85,37.00,649.00,null,null,null
2023-08-09T10:09:29Z,21.10,80.49,100,1,35.93,101.85,37.00,649.00,null,null,null
2023-08-09T10:10:29Z,21.09,80.51,100,1,36.92,101.85,37.00,643.00,0,0,0
2023-08-09T10:11:29Z,21.07,80.49,100,1,37.27,101.85,37.00,643.00,null,null,null
2023-08-09T10:12:29Z,21.12,80.42,100,1,39.33,101.85,37.00,643.00,null,null,null
2023-08-09T10:13:29Z,21.10,80.42,100,1,34.64,101.85,35.00,634.00,null,null,null
2023-08-09T10:14:29Z,21.06,80.40,100,1,33.74,101.85,34.00,629.00,null,null,null
2023-08-09T10:15:29Z,21.06,80.41,100,1,39.57,101.85,34.00,629.00,0,0,0
2023-08-09T10:16:29Z,21.07,80.40,100,1,34.33,101.86,34.00,629.00,null,null,null
2023-08-09T10:17:29Z,21.07,80.34,100,1,33.81,101.86,34.00,626.00,null,null,null
2023-08-09T10:18:29Z,21.07,80.29,100,1,35.11,101.86,34.00,629.00,null,null,null
2023-08-09T10:19:29Z,21.07,80.32,100,1,35.60,101.86,34.00,626.00,null,null,null
2023-08-09T10:20:29Z,21.07,80.32,100,1,34.54,101.86,33.00,618.00,0,0,0
2023-08-09T10:21:29Z,21.06,80.28,100,1,35.00,101.86,34.00,626.00,null,null,null
2023-08-09T10:22:29Z,21.10,80.24,100,1,42.04,101.86,34.00,626.00,null,null,null
2023-08-09T10:23:29Z,21.06,80.24,100,1,36.18,101.86,34.00,624.00,null,null,null
2023-08-09T10:24:29Z,21.07,80.23,100,1,33.61,101.86,34.00,624.00,null,null,null
2023-08-09T10:25:29Z,21.07,80.27,100,1,33.80,101.86,33.00,618.00,0,0,0
2023-08-09T10:26:29Z,21.05,80.27,100,1,33.33,101.86,30.00,603.00,null,null,null
2023-08-09T10:27:29Z,21.07,80.21,100,1,35.08,101.86,30.00,603.00,null,null,null
2023-08-09T10:28:29Z,21.05,80.24,100,1,35.94,101.87,30.00,603.00,null,null,null
2023-08-09T10:29:29Z,21.06,80.23,100,1,33.91,101.87,32.00,611.00,null,null,null
2023-08-09T10:30:29Z,21.06,80.16,100,1,33.60,101.87,33.00,618.00,0,0,0
2023-08-09T10:31:29Z,21.05,80.18,100,1,33.38,101.86,30.00,603.00,null,null,null
2023-08-09T10:32:29Z,21.06,80.12,100,1,33.71,101.86,32.00,611.00,null,null,null
2023-08-09T10:33:29Z,21.05,80.07,100,1,33.71,101.86,30.00,603.00,null,null,null
2023-08-09T10:34:29Z,21.05,80.10,100,1,33.46,101.86,30.00,603.00,null,null,null
2023-08-09T10:35:29Z,21.03,80.08,100,1,33.89,101.86,30.00,603.00,0,0,0
2023-08-09T10:36:29Z,21.07,80.08,100,1,33.16,101.85,29.00,592.00,null,null,null
2023-08-09T10:37:29Z,21.05,80.07,100,1,36.90,101.86,30.00,599.00,null,null,null
2023-08-09T10:38:29Z,21.06,80.04,100,1,39.62,101.86,30.00,599.00,null,null,null
2023-08-09T10:39:29Z,21.05,80.01,100,0,35.42,101.86,30.00,599.00,null,null,null
2023-08-09T10:40:29Z,21.05,80.04,100,1,33.56,101.86,29.00,592.00,0,0,0
2023-08-09T10:41:29Z,21.03,80.03,100,1,33.32,101.86,29.00,592.00,null,null,null
2023-08-09T10:42:29Z,21.03,80.01,100,1,33.55,101.86,29.00,592.00,null,null,null
2023-08-09T10:43:29Z,21.05,79.97,100,1,33.22,101.86,29.00,592.00,null,null,null
2023-08-09T10:44:29Z,21.03,79.98,100,1,33.58,101.86,28.00,586.00,null,null,null
2023-08-09T10:45:29Z,21.03,79.98,100,1,33.94,101.86,28.00,586.00,0,0,0
2023-08-09T10:46:29Z,21.05,79.98,100,1,34.10,101.86,28.00,586.00,null,null,null
2023-08-09T10:47:29Z,21.05,79.92,100,1,34.21,101.85,28.00,586.00,null,null,null
2023-08-09T10:48:29Z,21.07,79.89,100,1,33.65,101.86,27.00,578.00,null,null,null
2023-08-09T10:49:29Z,21.03,79.91,100,1,33.87,101.85,27.00,578.00,null,null,null
2023-08-09T10:50:29Z,21.03,79.88,100,1,35.63,101.86,27.00,578.00,0,0,0
2023-08-09T10:51:29Z,21.03,79.90,100,1,33.23,101.86,26.00,575.00,null,null,null
2023-08-09T10:52:29Z,21.05,79.82,100,1,34.00,101.86,26.00,575.00,null,null,null
2023-08-09T10:53:29Z,21.03,79.84,100,1,34.10,101.87,26.00,575.00,null,null,null
2023-08-09T10:54:29Z,21.03,79.83,100,1,33.54,101.86,25.00,570.00,null,null,null
2023-08-09T10:55:29Z,21.00,79.81,100,1,33.55,101.86,26.00,575.00,0,0,0
2023-08-09T10:56:29Z,21.03,79.82,100,1,34.67,101.87,25.00,565.00,null,null,null
2023-08-09T10:57:29Z,21.06,79.77,100,1,33.52,101.87,25.00,565.00,null,null,null
2023-08-09T10:58:29Z,21.02,79.75,100,1,33.29,101.86,25.00,565.00,null,null,null
2023-08-09T10:59:29Z,21.03,79.74,100,1,33.96,101.86,25.00,565.00,null,null,null
2023-08-09T11:00:29Z,21.02,79.72,100,1,32.87,101.86,24.00,561.00,0,0,0
2023-08-09T11:01:29Z,21.02,79.67,100,1,33.17,101.87,23.00,552.00,null,null,null
2023-08-09T11:02:29Z,21.02,79.71,99,1,34.23,101.86,23.00,552.00,null,null,null
2023-08-09T11:03:29Z,21.03,79.64,100,1,33.80,101.86,24.00,561.00,null,null,null
2023-08-09T11:04:29Z,21.03,79.67,100,1,34.05,101.86,23.00,555.00,null,null,null
2023-08-09T11:05:29Z,21.02,79.64,100,0,34.10,101.86,23.00,555.00,0,0,0
2023-08-09T11:06:29Z,21.02,79.65,100,1,33.38,101.85,23.00,552.00,null,null,null
2023-08-09T11:07:29Z,21.02,79.56,100,1,34.90,101.85,23.00,552.00,null,null,null
2023-08-09T11:08:29Z,21.03,79.54,100,0,34.13,101.85,23.00,552.00,null,null,null
2023-08-09T11:09:29Z,21.02,79.54,100,0,33.44,101.85,23.00,552.00,null,null,null
2023-08-09T11:10:29Z,21.05,79.50,100,0,35.06,101.85,22.00,546.00,0,0,0
2023-08-09T11:11:29Z,21.03,79.55,100,0,40.69,101.85,21.00,542.00,null,null,null
2023-08-09T11:12:29Z,21.03,79.48,100,0,32.98,101.85,21.00,542.00,null,null,null
2023-08-09T11:13:29Z,21.03,79.45,100,0,34.83,101.85,22.00,546.00,null,null,null
2023-08-09T11:14:29Z,21.02,79.47,100,0,33.55,101.85,21.00,542.00,null,null,null
2023-08-09T11:15:29Z,21.02,79.45,100,0,35.22,101.85,21.00,542.00,0,0,0
2023-08-09T11:16:29Z,21.03,79.50,100,0,33.55,101.85,21.00,542.00,null,null,null
2023-08-09T11:17:29Z,21.02,79.43,100,0,33.72,101.85,21.00,542.00,null,null,null
2023-08-09T11:18:29Z,21.03,79.42,100,0,33.43,101.85,21.00,542.00,null,null,null
2023-08-09T11:19:29Z,21.03,79.45,100,0,34.80,101.85,20.00,536.00,null,null,null
2023-08-09T11:20:29Z,21.02,79.42,100,0,33.52,101.85,20.00,536.00,0,0,0
2023-08-09T11:21:29Z,21.02,79.45,100,0,33.05,101.84,20.00,536.00,null,null,null
2023-08-09T11:22:29Z,21.05,79.41,100,0,35.12,101.85,20.00,536.00,null,null,null
2023-08-09T11:23:29Z,21.06,79.34,100,0,34.08,101.85,19.00,530.00,null,null,null
2023-08-09T11:24:29Z,21.02,79.34,100,1,34.59,101.85,19.00,530.00,null,null,null
2023-08-09T11:25:29Z,20.99,79.36,100,1,33.24,101.85,19.00,530.00,0,0,0
2023-08-09T11:26:29Z,21.02,79.39,100,0,33.23,101.85,19.00,530.00,null,null,null
2023-08-09T11:27:29Z,21.03,79.31,100,1,33.35,101.85,19.00,526.00,null,null,null
2023-08-09T11:28:29Z,21.05,79.30,100,0,34.86,101.85,19.00,526.00,null,null,null
2023-08-09T11:29:29Z,21.00,79.30,100,0,33.31,101.85,19.00,526.00,null,null,null
2023-08-09T11:30:29Z,21.05,79.33,100,0,34.15,101.85,19.00,526.00,0,0,0
2023-08-09T11:31:29Z,21.03,79.29,100,1,33.80,101.85,18.00,523.00,null,null,null
2023-08-09T11:32:29Z,21.06,79.26,100,1,34.82,101.86,18.00,523.00,null,null,null
2023-08-09T11:33:29Z,21.06,79.25,100,1,32.54,101.85,17.00,514.00,null,null,null
2023-08-09T11:34:29Z,21.03,79.26,100,1,32.89,101.85,17.00,514.00,null,null,null
2023-08-09T11:35:29Z,21.00,79.24,100,1,34.55,101.85,17.00,514.00,0,0,0
2023-08-09T11:36:29Z,21.05,79.27,100,1,33.22,101.85,17.00,514.00,null,null,null
2023-08-09T11:37:29Z,21.05,79.21,100,1,34.10,101.85,18.00,523.00,null,null,null
2023-08-09T11:38:29Z,21.06,79.20,100,1,34.33,101.85,19.00,527.00,null,null,null
2023-08-09T11:39:29Z,21.05,79.18,100,1,33.85,101.85,17.00,518.00,null,null,null
2023-08-09T11:40:29Z,21.03,79.18,100,1,34.21,101.85,17.00,518.00,0,0,0
2023-08-09T11:41:29Z,21.03,79.17,100,0,33.60,101.85,16.00,506.00,null,null,null
2023-08-09T11:42:29Z,21.06,79.18,100,1,33.33,101.85,17.00,518.00,null,null,null
2023-08-09T11:43:29Z,21.07,79.12,100,1,34.31,101.86,17.00,515.00,null,null,null
2023-08-09T11:44:29Z,21.05,79.12,100,1,34.34,101.86,17.00,515.00,null,null,null
2023-08-09T11:45:29Z,21.05,79.11,100,1,32.74,101.86,16.00,506.00,0,0,0
2023-08-09T11:46:29Z,21.05,79.16,99,1,34.80,101.87,16.00,506.00,null,null,null
2023-08-09T11:47:29Z,21.05,79.10,100,1,33.73,101.86,17.00,515.00,null,null,null
2023-08-09T11:48:29Z,21.05,79.07,100,1,33.57,101.86,16.00,506.00,null,null,null
2023-08-09T11:49:29Z,21.05,79.03,100,0,33.86,101.86,16.00,506.00,null,null,null
2023-08-09T11:50:29Z,21.06,79.07,100,1,34.53,101.86,16.00,506.00,0,0,0
2023-08-09T11:51:29Z,21.06,79.07,100,0,33.33,101.86,16.00,506.00,null,null,null
2023-08-09T11:52:29Z,21.06,79.03,100,0,34.63,101.86,16.00,506.00,null,null,null
2023-08-09T11:53:29Z,21.06,79.00,100,0,35.27,101.86,16.00,506.00,null,null,null
2023-08-09T11:54:29Z,21.06,79.05,100,0,33.82,101.86,15.00,502.00,null,null,null
2023-08-09T11:55:29Z,21.06,79.03,100,0,34.25,101.86,15.00,502.00,0,0,0
2023-08-09T11:56:29Z,21.03,79.02,100,0,33.99,101.86,14.00,497.00,null,null,null
2023-08-09T11:57:29Z,21.05,78.97,100,0,33.65,101.86,14.00,497.00,null,null,null
2023-08-09T11:58:29Z,21.07,78.95,100,0,33.21,101.86,14.00,497.00,null,null,null
2023-08-09T11:59:29Z,21.06,78.96,100,1,33.64,101.85,14.00,497.00,null,null,null
2023-08-09T12:00:29Z,21.07,78.97,100,1,33.74,101.85,14.00,497.00,0,0,0
2023-08-09T12:01:29Z,21.06,78.94,100,1,33.56,101.85,14.00,497.00,null,null,null
2023-08-09T12:02:29Z,21.07,78.93,100,1,33.10,101.85,14.00,492.00,null,null,null
2023-08-09T12:03:29Z,21.06,78.87,100,1,35.22,101.85,14.00,492.00,null,null,null
2023-08-09T12:04:29Z,21.07,78.84,100,1,35.98,101.85,14.00,492.00,null,null,null
2023-08-09T12:05:29Z,21.07,78.87,100,1,35.60,101.85,14.00,492.00,0,0,0
2023-08-09T12:06:29Z,21.07,78.88,100,0,33.50,101.85,13.00,488.00,null,null,null
2023-08-09T12:07:29Z,21.09,78.82,100,1,32.99,101.86,15.00,500.00,null,null,null
2023-08-09T12:08:29Z,21.09,78.79,100,1,33.44,101.85,14.00,496.00,null,null,null
2023-08-09T12:09:29Z,21.07,78.82,99,1,34.71,101.85,14.00,496.00,null,null,null
2023-08-09T12:10:29Z,21.09,78.80,100,1,33.34,101.85,15.00,500.00,0,0,0
2023-08-09T12:11:29Z,21.10,78.85,100,0,33.83,101.86,13.00,488.00,null,null,null
2023-08-09T12:12:29Z,21.09,78.78,100,1,35.96,101.86,15.00,500.00,null,null,null
2023-08-09T12:13:29Z,21.10,78.74,100,1,35.00,101.86,14.00,496.00,null,null,null
2023-08-09T12:14:29Z,21.10,78.74,100,1,34.27,101.86,15.00,500.00,null,null,null
2023-08-09T12:15:29Z,21.09,78.74,100,1,33.95,101.86,17.00,514.00,0,0,0
2023-08-09T12:16:29Z,21.09,78.76,100,0,33.29,101.86,13.00,487.00,null,null,null
2023-08-09T12:17:29Z,21.09,78.69,100,0,34.59,101.86,14.00,496.00,null,null,null
2023-08-09T12:18:29Z,21.09,78.71,100,0,33.62,101.86,15.00,500.00,null,null,null
2023-08-09T12:19:29Z,21.10,78.68,100,0,33.71,101.86,14.00,493.00,null,null,null
2023-08-09T12:20:29Z,21.09,78.70,100,0,33.71,101.86,15.00,503.00,0,0,0
2023-08-09T12:21:29Z,21.10,78.72,100,0,34.63,101.86,15.00,500.00,null,null,null
2023-08-09T12:22:29Z,21.13,78.66,100,0,35.12,101.86,14.00,493.00,null,null,null
2023-08-09T12:23:29Z,21.10,78.65,100,0,33.72,101.86,15.00,500.00,null,null,null
2023-08-09T12:24:29Z,21.09,78.60,100,0,35.69,101.86,14.00,493.00,null,null,null
2023-08-09T12:25:29Z,21.07,78.63,100,0,34.18,101.86,13.00,487.00,0,0,0
2023-08-09T12:26:29Z,21.12,78.65,100,0,33.78,101.86,13.00,487.00,null,null,null
2023-08-09T12:27:29Z,21.12,78.58,100,0,35.64,101.86,13.00,487.00,null,null,null
2023-08-09T12:28:29Z,21.12,78.57,100,0,34.68,101.86,13.00,487.00,null,null,null
2023-08-09T12:29:29Z,21.13,78.58,100,0,35.92,101.86,13.00,487.00,null,null,null
2023-08-09T12:30:29Z,21.07,78.56,100,0,36.24,101.86,14.00,493.00,0,0,0
2023-08-09T12:31:29Z,21.12,78.54,100,0,34.24,101.86,13.00,487.00,null,null,null
2023-08-09T12:32:29Z,21.12,78.53,100,0,34.30,101.85,13.00,487.00,null,null,null
2023-08-09T12:33:29Z,21.14,78.43,100,0,34.25,101.86,13.00,487.00,null,null,null
2023-08-09T12:34:29Z,21.13,78.45,100,0,34.60,101.86,12.00,483.00,null,null,null
2023-08-09T12:35:29Z,21.13,78.46,100,0,33.39,101.85,12.00,483.00,0,0,0
2023-08-09T12:36:29Z,21.10,78.53,100,0,35.11,101.85,12.00,483.00,null,null,null
2023-08-09T12:37:29Z,21.13,78.42,100,0,38.64,101.85,12.00,483.00,null,null,null
2023-08-09T12:38:29Z,21.13,78.39,100,0,34.19,101.86,12.00,483.00,null,null,null
2023-08-09T12:39:29Z,21.13,78.43,100,0,34.92,101.85,12.00,483.00,null,null,null
2023-08-09T12:40:29Z,21.13,78.37,100,0,34.79,101.85,11.00,478.00,0,0,0
2023-08-09T12:41:29Z,21.13,78.41,100,0,35.84,101.86,11.00,478.00,null,null,null
2023-08-09T12:42:29Z,21.14,78.40,100,0,33.75,101.85,11.00,478.00,null,null,null
2023-08-09T12:43:29Z,21.16,78.35,100,0,35.28,101.85,11.00,478.00,null,null,null
2023-08-09T12:44:29Z,21.14,78.31,100,0,34.86,101.85,12.00,483.00,null,null,null
2023-08-09T12:45:29Z,21.13,78.35,100,0,34.40,101.86,11.00,478.00,0,0,0
2023-08-09T12:46:29Z,21.14,78.38,100,0,34.68,101.86,11.00,476.00,null,null,null
2023-08-09T12:47:29Z,21.16,78.33,100,0,33.87,101.86,11.00,478.00,null,null,null
2023-08-09T12:48:29Z,21.16,78.31,100,0,38.93,101.86,11.00,476.00,null,null,null
2023-08-09T12:49:29Z,21.16,78.30,100,0,36.73,101.86,11.00,478.00,null,null,null
2023-08-09T12:50:29Z,21.16,78.28,100,0,33.45,101.86,11.00,476.00,0,0,0
2023-08-09T12:51:29Z,21.16,78.29,100,0,32.95,101.86,9.00,465.00,null,null,null
2023-08-09T12:52:29Z,21.19,78.27,100,0,33.66,101.86,11.00,476.00,null,null,null
2023-08-09T12:53:29Z,21.17,78.24,100,0,34.19,101.85,11.00,476.00,null,null,null
2023-08-09T12:54:29Z,21.17,78.26,100,0,34.09,101.86,12.00,480.00,null,null,null
2023-08-09T12:55:29Z,21.16,78.26,100,0,33.81,101.86,11.00,476.00,0,0,0
2023-08-09T12:56:29Z,21.17,78.22,100,0,34.43,101.86,10.00,472.00,null,null,null
2023-08-09T12:57:29Z,21.20,78.22,100,0,34.47,101.86,11.00,476.00,null,null,null
2023-08-09T12:58:29Z,21.19,78.17,100,0,34.48,101.85,11.00,476.00,null,null,null
2023-08-09T12:59:29Z,21.17,78.19,100,0,34.61,101.85,11.00,476.00,null,null,null
2023-08-09T13:00:29Z,21.16,78.11,100,0,35.21,101.85,11.00,476.00,0,0,0
2023-08-09T13:01:29Z,21.17,78.11,100,0,33.70,101.85,10.00,472.00,null,null,null
2023-08-09T13:02:29Z,21.20,78.07,100,0,34.54,101.85,10.00,472.00,null,null,null
2023-08-09T13:03:29Z,21.19,78.06,100,0,35.45,101.85,10.00,472.00,null,null,null
2023-08-09T13:04:29Z,21.22,77.99,100,0,35.59,101.86,9.00,464.00,null,null,null
2023-08-09T13:05:29Z,21.22,78.02,100,0,33.97,101.86,9.00,464.00,0,0,0
2023-08-09T13:06:29Z,21.23,78.00,100,0,35.51,101.86,9.00,464.00,null,null,null
2023-08-09T13:07:29Z,21.22,77.95,100,0,33.66,101.86,9.00,464.00,null,null,null
2023-08-09T13:08:29Z,21.19,77.93,100,0,34.19,101.86,9.00,464.00,null,null,null
2023-08-09T13:09:29Z,21.20,77.95,100,0,41.71,101.86,9.00,464.00,null,null,null
2023-08-09T13:10:29Z,21.19,77.93,100,0,33.89,101.86,9.00,464.00,0,0,0
2023-08-09T13:11:29Z,21.22,77.90,100,0,36.70,101.86,9.00,461.00,null,null,null
2023-08-09T13:12:29Z,21.22,77.83,100,0,34.06,101.86,8.00,455.00,null,null,null
2023-08-09T13:13:29Z,21.23,77.84,100,0,33.06,101.86,9.00,461.00,null,null,null
2023-08-09T13:14:29Z,21.22,77.81,100,0,34.54,101.86,8.00,455.00,null,null,null
2023-08-09T13:15:29Z,21.20,77.79,100,0,33.31,101.87,8.00,455.00,0,0,0
2023-08-09T13:16:29Z,21.25,77.77,100,0,33.95,101.86,7.00,451.00,null,null,null
2023-08-09T13:17:29Z,21.23,77.72,100,0,35.74,101.86,7.00,451.00,null,null,null
2023-08-09T13:18:29Z,21.25,77.70,100,0,34.69,101.87,2.00,414.00,null,null,null
2023-08-09T13:19:29Z,21.23,77.71,100,0,33.15,101.86,3.00,421.00,null,null,null
2023-08-09T13:20:29Z,21.25,77.74,100,0,34.08,101.87,8.00,455.00,0,0,0
2023-08-09T13:21:29Z,21.25,77.69,100,0,36.90,101.87,1.00,410.00,null,null,null
2023-08-09T13:22:29Z,21.25,77.67,100,0,34.26,101.87,1.00,413.00,null,null,null
2023-08-09T13:23:29Z,21.26,77.63,100,0,35.48,101.87,2.00,417.00,null,null,null
2023-08-09T13:24:29Z,21.27,77.69,100,0,34.13,101.87,2.00,417.00,null,null,null
2023-08-09T13:25:29Z,21.25,77.62,100,0,33.47,101.87,2.00,417.00,0,0,0
2023-08-09T13:26:29Z,21.23,77.66,100,0,33.17,101.87,1.00,413.00,null,null,null
2023-08-09T13:27:29Z,21.26,77.59,100,0,32.83,101.87,8.00,455.00,null,null,null
2023-08-09T13:28:29Z,21.26,77.62,100,0,33.39,101.86,2.00,417.00,null,null,null
2023-08-09T13:29:29Z,21.26,77.61,100,0,34.03,101.87,1.00,413.00,null,null,null
2023-08-09T13:30:29Z,21.26,77.61,100,0,33.22,101.86,1.00,413.00,0,0,0
2023-08-09T13:31:29Z,21.27,77.59,100,0,34.36,101.87,2.00,417.00,null,null,null
2023-08-09T13:32:29Z,21.27,77.57,100,0,33.87,101.87,2.00,417.00,null,null,null
2023-08-09T13:33:29Z,21.29,77.58,100,0,33.78,101.87,1.00,413.00,null,null,null
2023-08-09T13:34:29Z,21.29,77.59,100,0,33.62,101.87,1.00,413.00,null,null,null
2023-08-09T13:35:29Z,21.25,77.59,100,0,36.90,101.87,1.00,413.00,0,0,0
2023-08-09T13:36:29Z,21.27,77.59,100,0,34.45,101.87,1.00,413.00,null,null,null
2023-08-09T13:37:29Z,21.29,77.56,100,0,34.05,101.87,1.00,413.00,null,null,null
2023-08-09T13:38:29Z,21.29,77.54,100,0,33.90,101.87,1.00,413.00,null,null,null
2023-08-09T13:39:29Z,21.29,77.53,100,0,35.06,101.87,1.00,413.00,null,null,null
2023-08-09T13:40:29Z,21.27,77.50,100,0,33.58,101.87,1.00,413.00,0,0,0
2023-08-09T13:41:29Z,21.30,77.49,100,0,33.83,101.88,1.00,413.00,null,null,null
2023-08-09T13:42:29Z,21.29,77.49,100,0,34.50,101.88,1.00,413.00,null,null,null
2023-08-09T13:43:29Z,21.29,77.45,100,0,37.66,101.87,1.00,413.00,null,null,null
2023-08-09T13:44:29Z,21.32,77.53,100,0,38.79,101.87,1.00,410.00,null,null,null
2023-08-09T13:45:29Z,21.27,77.46,100,0,35.03,101.87,1.00,410.00,0,0,0
2023-08-09T13:46:29Z,21.32,77.50,100,0,33.32,101.87,1.00,413.00,null,null,null
2023-08-09T13:47:29Z,21.30,77.50,100,0,35.22,101.86,1.00,410.00,null,null,null
2023-08-09T13:48:29Z,21.32,77.46,100,0,34.43,101.86,1.00,410.00,null,null,null
2023-08-09T13:49:29Z,21.32,77.42,100,0,32.15,101.87,0.00,403.00,null,null,null
2023-08-09T13:50:29Z,21.32,77.43,100,0,35.51,101.86,0.00,403.00,0,0,0
2023-08-09T13:51:29Z,21.29,77.41,100,0,34.88,101.87,0.00,403.00,null,null,null
2023-08-09T13:52:29Z,21.32,77.35,99,0,33.95,101.87,0.00,403.00,null,null,null
2023-08-09T13:53:29Z,21.32,77.35,100,0,33.86,101.87,0.00,403.00,null,null,null
2023-08-09T13:54:29Z,21.33,77.39,100,0,33.74,101.87,0.00,403.00,null,null,null
2023-08-09T13:55:29Z,21.30,77.38,100,0,38.71,101.87,0.00,403.00,0,0,0
2023-08-09T13:56:29Z,21.34,77.35,100,0,33.72,101.87,0.00,400.00,null,null,null
2023-08-09T13:57:29Z,21.36,77.32,100,0,33.93,101.87,0.00,405.00,null,null,null
2023-08-09T13:58:29Z,21.34,77.28,100,0,33.18,101.87,0.00,405.00,null,null,null
2023-08-09T13:59:29Z,21.33,77.29,100,0,33.57,101.87,0.00,405.00,null,null,null
2023-08-09T14:00:29Z,21.36,77.28,100,0,36.65,101.87,0.00,405.00,0,0,0
2023-08-09T14:01:29Z,21.34,77.31,100,0,42.09,101.87,0.00,405.00,null,null,null
2023-08-09T14:02:29Z,21.36,77.27,100,0,33.80,101.86,0.00,405.00,null,null,null
2023-08-09T14:03:29Z,21.36,77.25,100,0,38.09,101.86,0.00,405.00,null,null,null
2023-08-09T14:04:29Z,21.33,77.25,100,0,38.91,101.86,0.00,405.00,null,null,null
2023-08-09T14:05:29Z,21.36,77.28,100,0,35.65,101.86,0.00,400.00,0,0,0
2023-08-09T14:06:29Z,21.34,77.26,100,0,40.68,101.87,0.00,405.00,null,null,null
2023-08-09T14:07:29Z,21.37,77.20,100,0,49.90,101.86,0.00,405.00,null,null,null
2023-08-09T14:08:29Z,21.39,77.16,100,0,34.04,101.87,0.00,403.00,null,null,null
2023-08-09T14:09:29Z,21.34,77.18,100,0,33.39,101.87,0.00,403.00,null,null,null
2023-08-09T14:10:29Z,21.36,77.19,100,0,33.54,101.87,0.00,403.00,0,0,0
2023-08-09T14:11:29Z,21.40,77.16,100,0,41.70,101.87,0.00,403.00,null,null,null
2023-08-09T14:12:29Z,21.40,77.15,100,0,36.05,101.87,0.00,403.00,null,null,null
2023-08-09T14:13:29Z,21.40,77.09,100,0,35.38,101.87,1.00,408.00,null,null,null
2023-08-09T14:14:29Z,21.37,77.16,100,0,36.52,101.86,0.00,403.00,null,null,null
2023-08-09T14:15:29Z,21.36,77.12,100,0,40.80,101.86,0.00,403.00,0,0,0
2023-08-09T14:16:29Z,21.39,77.13,100,0,49.52,101.87,0.00,403.00,null,null,null
2023-08-09T14:17:29Z,21.40,77.10,100,0,35.09,101.87,0.00,403.00,null,null,null
2023-08-09T14:18:29Z,21.40,77.12,100,0,37.37,101.86,0.00,403.00,null,null,null
2023-08-09T14:19:29Z,21.39,77.08,100,0,34.66,101.86,0.00,400.00,null,null,null
2023-08-09T14:20:29Z,21.40,77.10,100,0,34.28,101.86,0.00,403.00,0,0,0
2023-08-09T14:21:29Z,21.40,77.08,100,0,33.84,101.87,0.00,403.00,null,null,null
2023-08-09T14:22:29Z,21.42,77.04,100,0,34.17,101.86,0.00,400.00,null,null,null
2023-08-09T14:23:29Z,21.42,77.01,100,0,35.42,101.86,0.00,400.00,null,null,null
2023-08-09T14:24:29Z,21.40,77.00,100,0,34.54,101.86,0.00,405.00,null,null,null
2023-08-09T14:25:29Z,21.43,77.03,100,0,36.81,101.86,0.00,405.00,0,0,0
2023-08-09T14:26:29Z,21.40,77.00,100,0,33.77,101.85,0.00,405.00,null,null,null
2023-08-09T14:27:29Z,21.43,76.96,100,0,35.04,101.86,0.00,400.00,null,null,null
2023-08-09T14:28:29Z,21.44,76.92,100,0,33.75,101.86,0.00,400.00,null,null,null
2023-08-09T14:29:29Z,21.44,76.94,100,0,33.96,101.86,0.00,400.00,null,null,null
2023-08-09T14:30:29Z,21.42,76.96,100,0,33.33,101.86,0.00,400.00,0,0,0
2023-08-09T14:31:29Z,21.42,76.94,100,0,41.53,101.86,0.00,400.00,null,null,null
2023-08-09T14:32:29Z,21.43,76.89,100,0,33.52,101.86,1.00,409.00,null,null,null
2023-08-09T14:33:29Z,21.44,76.87,100,0,33.76,101.86,1.00,409.00,null,null,null
2023-08-09T14:34:29Z,21.44,76.87,100,0,39.26,101.86,0.00,405.00,null,null,null
2023-08-09T14:35:29Z,21.44,76.90,100,0,33.61,101.86,0.00,405.00,0,0,0
2023-08-09T14:36:29Z,21.44,76.86,100,0,34.15,101.86,0.00,405.00,null,null,null
2023-08-09T14:37:29Z,21.47,76.80,100,0,37.71,101.86,0.00,405.00,null,null,null
2023-08-09T14:38:29Z,21.46,76.82,100,0,34.08,101.86,0.00,405.00,null,null,null
2023-08-09T14:39:29Z,21.46,76.81,100,0,33.52,101.86,0.00,405.00,null,null,null
2023-08-09T14:40:29Z,21.46,76.82,100,0,33.67,101.86,0.00,405.00,0,0,0
2023-08-09T14:41:29Z,21.46,76.79,99,0,33.25,101.86,0.00,400.00,null,null,null
2023-08-09T14:42:29Z,21.49,76.79,100,0,34.34,101.86,0.00,405.00,null,null,null
2023-08-09T14:43:29Z,21.47,76.79,100,0,33.76,101.86,0.00,405.00,null,null,null
2023-08-09T14:44:29Z,21.47,76.77,100,0,33.71,101.86,0.00,405.00,null,null,null
2023-08-09T14:45:29Z,21.47,76.77,100,0,33.83,101.86,0.00,405.00,0,0,0
2023-08-09T14:46:29Z,21.47,76.75,100,0,39.68,101.86,0.00,400.00,null,null,null
2023-08-09T14:47:29Z,21.49,76.77,100,0,33.90,101.86,0.00,400.00,null,null,null
2023-08-09T14:48:29Z,21.49,76.73,100,0,33.48,101.86,0.00,400.00,null,null,null
2023-08-09T14:49:29Z,21.49,76.71,100,0,34.17,101.86,0.00,403.00,null,null,null
2023-08-09T14:50:29Z,21.46,76.74,100,0,38.96,101.86,0.00,403.00,0,0,0
2023-08-09T14:51:29Z,21.51,76.67,100,0,33.62,101.86,0.00,400.00,null,null,null
2023-08-09T14:52:29Z,21.50,76.62,100,0,33.79,101.86,0.00,403.00,null,null,null
2023-08-09T14:53:29Z,21.50,76.64,100,0,36.56,101.86,0.00,403.00,null,null,null
2023-08-09T14:54:29Z,21.49,76.68,100,0,33.82,101.86,0.00,400.00,null,null,null
2023-08-09T14:55:29Z,21.47,76.64,100,0,35.95,101.86,0.00,400.00,0,0,0
2023-08-09T14:56:29Z,21.49,76.63,100,0,33.05,101.86,0.00,400.00,null,null,null
2023-08-09T14:57:29Z,21.53,76.62,100,0,32.76,101.86,0.00,400.00,null,null,null
2023-08-09T14:58:29Z,21.57,76.59,100,0,37.22,101.85,0.00,400.00,null,null,null
2023-08-09T14:59:29Z,21.51,76.63,100,0,32.16,101.86,0.00,405.00,null,null,null
2023-08-09T15:00:29Z,21.51,76.65,100,0,35.45,101.86,0.00,405.00,0,0,0
2023-08-09T15:01:29Z,21.51,76.60,100,0,35.07,101.86,0.00,400.00,null,null,null
2023-08-09T15:02:29Z,21.54,76.59,100,0,34.15,101.86,0.00,405.00,null,null,null
2023-08-09T15:03:29Z,21.55,76.56,100,0,42.25,101.86,0.00,405.00,null,null,null
2023-08-09T15:04:29Z,21.54,76.54,99,0,34.66,101.86,0.00,405.00,null,null,null
2023-08-09T15:05:29Z,21.53,76.59,100,0,33.52,101.86,0.00,400.00,0,0,0
2023-08-09T15:06:29Z,21.53,76.51,100,0,34.42,101.86,0.00,400.00,null,null,null
2023-08-09T15:07:29Z,21.54,76.48,100,0,34.57,101.86,0.00,405.00,null,null,null
2023-08-09T15:08:29Z,21.55,76.51,100,0,34.96,101.86,0.00,405.00,null,null,null
2023-08-09T15:09:29Z,21.54,76.51,100,0,35.46,101.86,0.00,400.00,null,null,null
2023-08-09T15:10:29Z,21.53,76.54,100,0,33.80,101.86,0.00,400.00,0,0,0
2023-08-09T15:11:29Z,21.55,76.45,100,0,34.83,101.86,0.00,400.00,null,null,null
2023-08-09T15:12:29Z,21.55,76.50,100,0,34.27,101.86,0.00,400.00,null,null,null
2023-08-09T15:13:29Z,21.54,76.43,100,0,34.74,101.86,0.00,400.00,null,null,null
2023-08-09T15:14:29Z,21.57,76.47,100,0,38.00,101.86,0.00,400.00,null,null,null
2023-08-09T15:15:29Z,21.55,76.49,100,0,36.15,101.86,0.00,400.00,0,0,0
2023-08-09T15:16:29Z,21.55,76.40,100,0,36.17,101.87,0.00,400.00,null,null,null
2023-08-09T15:17:29Z,21.54,76.41,100,0,34.83,101.86,0.00,400.00,null,null,null
2023-08-09T15:18:29Z,21.57,76.41,100,0,47.17,101.87,0.00,400.00,null,null,null
2023-08-09T15:19:29Z,21.57,76.42,100,0,35.77,101.87,0.00,400.00,null,null,null
2023-08-09T15:20:29Z,21.57,76.41,100,0,34.65,101.86,0.00,400.00,0,0,0
2023-08-09T15:21:29Z,21.57,76.35,100,0,33.76,101.86,0.00,405.00,null,null,null
2023-08-09T15:22:29Z,21.60,76.37,100,0,33.97,101.86,0.00,400.00,null,null,null
2023-08-09T15:23:29Z,21.58,76.40,100,0,43.12,101.85,0.00,405.00,null,null,null
2023-08-09T15:24:29Z,21.58,76.39,100,0,33.42,101.86,0.00,405.00,null,null,null
2023-08-09T15:25:29Z,21.58,76.40,100,0,33.83,101.86,0.00,405.00,0,0,0
2023-08-09T15:26:29Z,21.58,76.34,100,0,33.83,101.85,0.00,405.00,null,null,null
2023-08-09T15:27:29Z,21.60,76.36,100,0,33.36,101.85,0.00,405.00,null,null,null
2023-08-09T15:28:29Z,21.60,76.35,100,0,34.08,101.86,0.00,400.00,null,null,null
2023-08-09T15:29:29Z,21.58,76.38,100,0,34.70,101.86,0.00,405.00,null,null,null
2023-08-09T15:30:29Z,21.57,76.38,100,0,33.61,101.86,0.00,400.00,0,0,0
2023-08-09T15:31:29Z,21.61,76.28,100,0,35.09,101.86,0.00,400.00,null,null,null
2023-08-09T15:32:29Z,21.61,76.31,100,0,35.68,101.85,0.00,405.00,null,null,null
2023-08-09T15:33:29Z,21.61,76.33,100,0,33.37,101.85,0.00,400.00,null,null,null
2023-08-09T15:34:29Z,21.60,76.33,100,0,33.19,101.86,0.00,400.00,null,null,null
2023-08-09T15:35:29Z,21.57,76.33,100,0,35.74,101.85,0.00,400.00,0,0,0
2023-08-09T15:36:29Z,21.63,76.25,100,0,33.64,101.85,0.00,400.00,null,null,null
2023-08-09T15:37:29Z,21.65,76.29,100,0,33.78,101.84,1.00,407.00,null,null,null
2023-08-09T15:38:29Z,21.61,76.24,100,0,34.16,101.85,1.00,407.00,null,null,null
2023-08-09T15:39:29Z,21.61,76.31,100,0,35.80,101.84,1.00,409.00,null,null,null
2023-08-09T15:40:29Z,21.63,76.31,100,0,34.97,101.85,1.00,407.00,0,0,0
2023-08-09T15:41:29Z,21.63,76.27,100,0,33.76,101.84,0.00,400.00,null,null,null
2023-08-09T15:42:29Z,21.63,76.25,100,0,37.05,101.84,1.00,407.00,null,null,null
2023-08-09T15:43:29Z,21.65,76.27,100,0,35.87,101.84,0.00,405.00,null,null,null
2023-08-09T15:44:29Z,21.65,76.27,100,0,33.60,101.84,0.00,405.00,null,null,null
2023-08-09T15:45:29Z,21.63,76.24,100,0,36.38,101.84,0.00,405.00,0,0,0
2023-08-09T15:46:29Z,21.61,76.20,100,0,35.19,101.84,1.00,407.00,null,null,null
2023-08-09T15:47:29Z,21.65,76.24,100,0,33.58,101.84,0.00,402.00,null,null,null
2023-08-09T15:48:29Z,21.65,76.21,100,0,34.86,101.84,1.00,407.00,null,null,null
2023-08-09T15:49:29Z,21.64,76.22,100,0,34.23,101.84,1.00,407.00,null,null,null
2023-08-09T15:50:29Z,21.65,76.24,100,0,33.84,101.85,1.00,409.00,0,0,0
2023-08-09T15:51:29Z,21.64,76.18,100,0,34.84,101.85,1.00,407.00,null,null,null
2023-08-09T15:52:29Z,21.65,76.21,100,0,33.47,101.85,1.00,407.00,null,null,null
2023-08-09T15:53:29Z,21.65,76.17,100,0,33.51,101.85,1.00,407.00,null,null,null
2023-08-09T15:54:29Z,21.64,76.18,100,0,34.12,101.85,1.00,409.00,null,null,null
2023-08-09T15:55:29Z,21.64,76.22,99,0,34.94,101.85,1.00,407.00,0,0,0
2023-08-09T15:56:29Z,21.65,76.14,100,0,33.56,101.85,1.00,407.00,null,null,null
2023-08-09T15:57:29Z,21.65,76.18,100,0,33.71,101.85,1.00,407.00,null,null,null
2023-08-09T15:58:29Z,21.68,76.14,100,0,35.78,101.85,1.00,409.00,null,null,null
2023-08-09T15:59:29Z,21.67,76.19,100,0,33.49,101.85,1.00,407.00,null,null,null
2023-08-09T16:00:29Z,21.67,76.21,100,0,34.78,101.85,1.00,409.00,0,0,0
2023-08-09T16:01:29Z,21.67,76.17,100,0,null,101.85,1.00,407.00,null,null,null
2023-08-09T16:02:29Z,21.67,76.17,99,0,33.46,101.85,1.00,409.00,null,null,null
2023-08-09T16:03:29Z,21.68,76.16,100,0,35.00,101.85,1.00,407.00,null,null,null
2023-08-09T16:04:29Z,21.65,76.16,100,0,33.35,101.85,1.00,407.00,null,null,null
2023-08-09T16:05:29Z,21.68,76.17,100,0,36.87,101.85,1.00,409.00,0,0,0
2023-08-09T16:06:29Z,21.68,76.11,100,0,33.56,101.84,1.00,409.00,null,null,null
2023-08-09T16:07:29Z,21.70,76.09,100,0,33.81,101.85,1.00,407.00,null,null,null
2023-08-09T16:08:29Z,21.70,76.13,100,0,33.18,101.85,1.00,407.00,null,null,null
2023-08-09T16:09:29Z,21.68,76.16,100,0,33.29,101.85,0.00,402.00,null,null,null
2023-08-09T16:10:29Z,21.68,76.17,100,0,35.07,101.85,0.00,402.00,0,0,0
2023-08-09T16:11:29Z,21.68,76.11,100,0,33.79,101.85,0.00,402.00,null,null,null
2023-08-09T16:12:29Z,21.70,76.10,100,0,35.51,101.84,1.00,409.00,null,null,null
2023-08-09T16:13:29Z,21.70,76.07,100,0,33.09,101.84,1.00,409.00,null,null,null
2023-08-09T16:14:29Z,21.71,76.11,100,0,33.43,101.84,1.00,409.00,null,null,null
2023-08-09T16:15:29Z,21.70,76.10,100,0,35.10,101.84,1.00,409.00,0,0,0
2023-08-09T16:16:29Z,21.70,76.06,100,0,44.38,101.84,1.00,407.00,null,null,null
2023-08-09T16:17:29Z,21.73,76.05,100,0,36.24,101.84,1.00,407.00,null,null,null
2023-08-09T16:18:29Z,21.74,76.06,100,0,34.36,101.84,1.00,407.00,null,null,null
2023-08-09T16:19:29Z,21.73,76.06,100,0,46.14,101.84,1.00,409.00,null,null,null
2023-08-09T16:20:29Z,21.70,76.04,100,0,40.58,101.84,1.00,409.00,0,0,0
2023-08-09T16:21:29Z,21.71,76.01,100,0,34.53,101.83,1.00,409.00,null,null,null
2023-08-09T16:22:29Z,21.75,76.04,100,0,34.00,101.84,1.00,409.00,null,null,null
2023-08-09T16:23:29Z,21.74,76.03,100,0,33.63,101.84,0.00,400.00,null,null,null
2023-08-09T16:24:29Z,21.74,76.05,100,0,34.37,101.84,2.00,416.00,null,null,null
2023-08-09T16:25:29Z,21.74,76.03,100,0,35.79,101.84,2.00,416.00,0,0,0
2023-08-09T16:26:29Z,21.73,75.94,100,0,36.47,101.83,2.00,416.00,null,null,null
2023-08-09T16:27:29Z,21.74,75.94,100,0,34.00,101.84,3.00,421.00,null,null,null
2023-08-09T16:28:29Z,21.74,75.97,100,0,35.01,101.83,2.00,416.00,null,null,null
2023-08-09T16:29:29Z,21.73,75.98,100,0,37.21,101.83,3.00,421.00,null,null,null
2023-08-09T16:30:29Z,21.74,75.98,100,0,34.79,101.83,3.00,421.00,0,0,0
2023-08-09T16:31:29Z,21.75,75.88,100,0,40.24,101.83,3.00,421.00,null,null,null
2023-08-09T16:32:29Z,21.77,75.91,100,0,34.37,101.83,0.00,400.00,null,null,null
2023-08-09T16:33:29Z,21.77,75.90,100,0,33.50,101.83,0.00,400.00,null,null,null
2023-08-09T16:34:29Z,21.75,75.91,100,0,34.12,101.83,0.00,400.00,null,null,null
2023-08-09T16:35:29Z,21.74,75.93,100,0,38.93,101.83,0.00,400.00,0,0,0
2023-08-09T16:36:29Z,21.77,75.82,100,0,34.39,101.84,3.00,425.00,null,null,null
2023-08-09T16:37:29Z,21.77,75.86,100,0,36.16,101.83,0.00,405.00,null,null,null
2023-08-09T16:38:29Z,21.78,75.84,100,0,33.95,101.83,0.00,405.00,null,null,null
2023-08-09T16:39:29Z,21.78,75.94,100,0,37.46,101.83,0.00,405.00,null,null,null
2023-08-09T16:40:29Z,21.74,75.88,100,0,33.30,101.83,0.00,405.00,0,0,0
2023-08-09T16:41:29Z,21.78,75.81,100,0,37.29,101.83,3.00,425.00,null,null,null
2023-08-09T16:42:29Z,21.77,75.81,100,0,33.54,101.83,1.00,409.00,null,null,null
2023-08-09T16:43:29Z,21.75,75.80,100,0,33.25,101.83,0.00,405.00,null,null,null
2023-08-09T16:44:29Z,21.77,75.82,100,0,35.15,101.83,0.00,405.00,null,null,null
2023-08-09T16:45:29Z,21.77,75.87,100,0,37.92,101.83,0.00,405.00,0,0,0
2023-08-09T16:46:29Z,21.75,75.78,100,0,40.82,101.83,0.00,405.00,null,null,null
2023-08-09T16:47:29Z,21.78,75.84,100,0,33.69,101.83,1.00,409.00,null,null,null
2023-08-09T16:48:29Z,21.78,75.82,100,0,34.07,101.83,1.00,409.00,null,null,null
2023-08-09T16:49:29Z,21.78,75.82,100,0,34.17,101.83,1.00,409.00,null,null,null
2023-08-09T16:50:29Z,21.78,75.87,100,0,33.56,101.83,1.00,409.00,0,0,0
2023-08-09T16:51:29Z,21.80,75.78,100,0,34.23,101.83,0.00,405.00,null,null,null
2023-08-09T16:52:29Z,21.80,75.83,100,0,35.63,101.83,2.00,414.00,null,null,null
2023-08-09T16:53:29Z,21.81,75.79,100,0,32.88,101.83,2.00,414.00,null,null,null
2023-08-09T16:54:29Z,21.78,75.84,100,0,33.34,101.83,2.00,414.00,null,null,null
2023-08-09T16:55:29Z,21.82,75.87,100,0,34.83,101.83,2.00,414.00,0,0,0
2023-08-09T16:56:29Z,21.81,75.82,100,0,34.28,101.82,2.00,414.00,null,null,null
2023-08-09T16:57:29Z,21.82,75.81,100,0,36.33,101.82,2.00,414.00,null,null,null
2023-08-09T16:58:29Z,21.82,75.82,100,0,34.21,101.83,2.00,414.00,null,null,null
2023-08-09T16:59:29Z,21.82,75.83,100,0,33.22,101.82,2.00,414.00,null,null,null
2023-08-09T17:00:29Z,21.81,75.81,100,0,34.88,101.82,2.00,417.00,0,0,0
2023-08-09T17:01:29Z,21.82,75.77,100,0,33.66,101.82,2.00,414.00,null,null,null
2023-08-09T17:02:29Z,21.81,75.81,100,0,34.34,101.82,2.00,417.00,null,null,null
2023-08-09T17:03:29Z,21.84,75.79,100,0,33.67,101.82,2.00,417.00,null,null,null
2023-08-09T17:04:29Z,21.82,75.81,100,0,33.54,101.82,2.00,414.00,null,null,null
2023-08-09T17:05:29Z,21.82,75.80,100,0,33.87,101.82,2.00,417.00,0,0,0
2023-08-09T17:06:29Z,21.82,75.75,100,0,34.02,101.83,2.00,417.00,null,null,null
2023-08-09T17:07:29Z,21.84,75.76,100,0,33.93,101.82,2.00,417.00,null,null,null
2023-08-09T17:08:29Z,21.81,75.78,100,0,33.60,101.82,3.00,422.00,null,null,null
2023-08-09T17:09:29Z,21.84,75.81,100,0,34.73,101.82,2.00,417.00,null,null,null
2023-08-09T17:10:29Z,21.82,75.82,100,0,42.94,101.82,3.00,422.00,0,0,0
2023-08-09T17:11:29Z,21.84,75.78,100,0,43.96,101.82,3.00,422.00,null,null,null
2023-08-09T17:12:29Z,21.84,75.76,100,0,35.69,101.82,3.00,422.00,null,null,null
2023-08-09T17:13:29Z,21.84,75.74,100,0,34.77,101.82,3.00,422.00,null,null,null
2023-08-09T17:14:29Z,21.87,75.79,100,0,45.09,101.82,4.00,427.00,null,null,null
2023-08-09T17:15:29Z,21.82,75.83,100,0,34.63,101.82,3.00,422.00,0,0,0
2023-08-09T17:16:29Z,21.84,75.73,100,0,33.45,101.82,3.00,424.00,null,null,null
2023-08-09T17:17:29Z,21.88,75.81,100,0,34.68,101.82,4.00,427.00,null,null,null
2023-08-09T17:18:29Z,21.87,75.77,100,0,33.51,101.82,3.00,424.00,null,null,null
2023-08-09T17:19:29Z,21.84,75.76,100,0,38.55,101.82,3.00,422.00,null,null,null
2023-08-09T17:20:29Z,21.84,75.75,100,0,33.68,101.82,3.00,422.00,0,0,0
2023-08-09T17:21:29Z,21.84,75.71,99,0,36.00,101.82,3.00,422.00,null,null,null
2023-08-09T17:22:29Z,21.88,75.76,100,0,34.21,101.82,3.00,424.00,null,null,null
2023-08-09T17:23:29Z,21.90,75.77,100,0,34.42,101.82,5.00,433.00,null,null,null
2023-08-09T17:24:29Z,21.87,75.72,100,0,37.03,101.82,3.00,424.00,null,null,null
2023-08-09T17:25:29Z,21.85,75.80,100,0,37.74,101.82,4.00,427.00,0,0,0
2023-08-09T17:26:29Z,21.88,75.69,100,0,33.69,101.82,3.00,422.00,null,null,null
2023-08-09T17:27:29Z,21.90,75.71,100,0,33.95,101.82,4.00,427.00,null,null,null
2023-08-09T17:28:29Z,21.90,75.69,100,0,44.99,101.83,4.00,427.00,null,null,null
2023-08-09T17:29:29Z,21.85,75.68,99,0,45.19,101.83,4.00,427.00,null,null,null
2023-08-09T17:30:29Z,21.88,75.74,100,0,33.64,101.83,4.00,427.00,0,0,0
2023-08-09T17:31:29Z,21.88,75.68,100,0,34.68,101.83,4.00,427.00,null,null,null
2023-08-09T17:32:29Z,21.88,75.68,100,0,35.71,101.83,5.00,436.00,null,null,null
2023-08-09T17:33:29Z,21.90,75.69,100,0,36.82,101.83,5.00,436.00,null,null,null
2023-08-09T17:34:29Z,21.90,75.69,100,0,34.23,101.83,5.00,439.00,null,null,null
2023-08-09T17:35:29Z,21.87,75.67,100,0,33.97,101.83,6.00,444.00,0,0,0
2023-08-09T17:36:29Z,21.88,75.65,100,0,36.86,101.82,8.00,454.00,null,null,null
2023-08-09T17:37:29Z,21.91,75.66,100,0,35.65,101.83,9.00,465.00,null,null,null
2023-08-09T17:38:29Z,21.91,75.67,100,0,35.58,101.83,10.00,472.00,null,null,null
2023-08-09T17:39:29Z,21.90,75.63,100,0,33.88,101.83,13.00,488.00,null,null,null
2023-08-09T17:40:29Z,21.91,75.66,100,0,34.15,101.82,16.00,508.00,0,0,0
2023-08-09T17:41:29Z,21.91,75.58,100,0,34.21,101.83,20.00,536.00,null,null,null
2023-08-09T17:42:29Z,21.91,75.61,99,0,34.89,101.83,25.00,566.00,null,null,null
2023-08-09T17:43:29Z,21.90,75.58,100,0,36.02,101.83,28.00,586.00,null,null,null
2023-08-09T17:44:29Z,21.90,75.61,100,0,35.36,101.83,32.00,614.00,null,null,null
2023-08-09T17:45:29Z,21.92,75.64,99,0,36.22,101.83,35.00,634.00,0,0,0
2023-08-09T17:46:29Z,21.92,75.55,100,0,34.21,101.83,36.00,641.00,null,null,null
2023-08-09T17:47:29Z,21.94,75.57,100,0,33.12,101.83,39.00,656.00,null,null,null
2023-08-09T17:48:29Z,21.94,75.56,100,0,37.70,101.83,42.00,679.00,null,null,null
2023-08-09T17:49:29Z,21.94,75.56,100,0,34.82,101.83,42.00,679.00,null,null,null
2023-08-09T17:50:29Z,21.90,75.59,100,0,35.45,101.83,45.00,697.00,0,0,0
2023-08-09T17:51:29Z,21.92,75.51,100,0,33.76,101.83,46.00,704.00,null,null,null
2023-08-09T17:52:29Z,21.92,75.51,100,0,37.06,101.83,47.00,712.00,null,null,null
2023-08-09T17:53:29Z,21.95,75.52,100,0,33.40,101.83,48.00,719.00,null,null,null
2023-08-09T17:54:29Z,21.92,75.54,100,0,33.35,101.83,48.00,719.00,null,null,null
2023-08-09T17:55:29Z,21.91,75.59,100,0,34.77,101.83,50.00,732.00,0,0,0
2023-08-09T17:56:29Z,21.95,75.46,100,0,35.52,101.83,50.00,732.00,null,null,null
2023-08-09T17:57:29Z,21.95,75.49,100,0,33.83,101.83,50.00,732.00,null,null,null
2023-08-09T17:58:29Z,21.95,75.48,100,0,34.15,101.83,51.00,740.00,null,null,null
2023-08-09T17:59:29Z,21.95,75.47,100,0,33.50,101.83,53.00,748.00,null,null,null
2023-08-09T18:00:29Z,21.92,75.50,100,0,34.26,101.83,53.00,748.00,0,0,0
2023-08-09T18:01:29Z,21.94,75.34,100,0,35.26,101.83,51.00,740.00,null,null,null
2023-08-09T18:02:29Z,21.94,75.43,100,0,34.45,101.83,53.00,748.00,null,null,null
2023-08-09T18:03:29Z,21.94,75.41,100,0,34.34,101.84,54.00,759.00,null,null,null
2023-08-09T18:04:29Z,21.95,75.43,100,0,33.96,101.83,54.00,759.00,null,null,null
2023-08-09T18:05:29Z,21.94,75.44,100,0,34.09,101.83,54.00,759.00,0,0,0
2023-08-09T18:06:29Z,21.94,75.35,100,0,33.85,101.83,51.00,740.00,null,null,null
2023-08-09T18:07:29Z,21.97,75.33,100,0,34.99,101.83,54.00,759.00,null,null,null
2023-08-09T18:08:29Z,21.98,75.38,100,0,35.27,101.83,54.00,759.00,null,null,null
2023-08-09T18:09:29Z,21.97,75.36,100,0,34.03,101.83,54.00,759.00,null,null,null
2023-08-09T18:10:29Z,21.95,75.38,99,0,32.87,101.83,56.00,768.00,0,0,0
2023-08-09T18:11:29Z,21.97,75.30,100,0,33.56,101.83,54.00,759.00,null,null,null
2023-08-09T18:12:29Z,21.98,75.32,100,0,38.66,101.83,54.00,759.00,null,null,null
2023-08-09T18:13:29Z,21.98,75.30,100,0,34.99,101.83,54.00,759.00,null,null,null
2023-08-09T18:14:29Z,21.95,75.31,100,0,33.85,101.83,54.00,759.00,null,null,null
2023-08-09T18:15:29Z,21.97,75.35,100,0,33.79,101.83,54.00,759.00,0,0,0
2023-08-09T18:16:29Z,21.97,75.27,100,0,36.64,101.83,53.00,748.00,null,null,null
2023-08-09T18:17:29Z,21.98,75.26,100,0,34.45,101.83,53.00,748.00,null,null,null
2023-08-09T18:18:29Z,21.95,75.24,100,0,34.44,101.83,53.00,748.00,null,null,null
2023-08-09T18:19:29Z,21.97,75.26,100,0,34.73,101.83,53.00,754.00,null,null,null
2023-08-09T18:20:29Z,21.98,75.26,100,0,34.18,101.83,53.00,748.00,0,0,0
2023-08-09T18:21:29Z,21.98,75.18,100,0,36.53,101.84,51.00,740.00,null,null,null
2023-08-09T18:22:29Z,21.98,75.18,100,0,34.64,101.84,52.00,746.00,null,null,null
2023-08-09T18:23:29Z,22.00,75.21,100,0,33.63,101.84,52.00,746.00,null,null,null
2023-08-09T18:24:29Z,21.97,75.27,100,0,34.16,101.84,52.00,746.00,null,null,null
2023-08-09T18:25:29Z,21.97,75.23,100,0,34.05,101.84,51.00,740.00,0,0,0
2023-08-09T18:26:29Z,21.97,75.09,100,0,35.74,101.84,52.00,746.00,null,null,null
2023-08-09T18:27:29Z,22.00,75.12,100,0,33.86,101.84,51.00,737.00,null,null,null
2023-08-09T18:28:29Z,22.00,75.12,100,0,34.28,101.84,52.00,746.00,null,null,null
2023-08-09T18:29:29Z,22.00,75.15,100,0,34.99,101.83,51.00,737.00,null,null,null
2023-08-09T18:30:29Z,21.98,75.13,100,0,34.46,101.84,51.00,737.00,0,0,0
2023-08-09T18:31:29Z,21.98,75.09,100,0,33.41,101.83,51.00,737.00,null,null,null
2023-08-09T18:32:29Z,22.01,75.07,100,0,35.36,101.83,51.00,737.00,null,null,null
2023-08-09T18:33:29Z,22.00,75.08,100,0,33.63,101.84,51.00,737.00,null,null,null
2023-08-09T18:34:29Z,22.04,75.08,100,0,34.92,101.83,52.00,746.00,null,null,null
2023-08-09T18:35:29Z,22.00,75.13,100,0,34.65,101.84,52.00,746.00,0,0,0
2023-08-09T18:36:29Z,21.98,75.07,100,0,33.92,101.84,51.00,737.00,null,null,null
2023-08-09T18:37:29Z,22.00,75.07,100,0,33.27,101.84,53.00,754.00,null,null,null
2023-08-09T18:38:29Z,22.01,75.11,100,0,38.74,101.85,53.00,754.00,null,null,null
2023-08-09T18:39:29Z,22.02,75.14,100,0,36.97,101.84,53.00,754.00,null,null,null
2023-08-09T18:40:29Z,22.00,75.15,100,0,36.25,101.84,53.00,754.00,0,0,0
2023-08-09T18:41:29Z,22.01,75.10,100,0,33.53,101.84,51.00,737.00,null,null,null
2023-08-09T18:42:29Z,22.01,75.11,100,0,37.19,101.84,53.00,754.00,null,null,null
2023-08-09T18:43:29Z,22.01,75.09,100,0,33.52,101.84,52.00,746.00,null,null,null
2023-08-09T18:44:29Z,22.04,75.11,100,0,34.48,101.84,52.00,746.00,null,null,null
2023-08-09T18:45:29Z,22.01,75.12,100,0,33.59,101.84,52.00,746.00,0,0,0
2023-08-09T18:46:29Z,22.04,75.06,100,0,34.26,101.84,51.00,737.00,null,null,null
2023-08-09T18:47:29Z,22.04,75.04,100,0,33.73,101.84,51.00,737.00,null,null,null
2023-08-09T18:48:29Z,22.02,75.04,100,0,33.75,101.84,50.00,730.00,null,null,null
2023-08-09T18:49:29Z,22.01,75.08,100,0,33.52,101.84,48.00,717.00,null,null,null
2023-08-09T18:50:29Z,22.04,75.09,100,0,34.01,101.84,48.00,717.00,0,0,0
2023-08-09T18:51:29Z,22.01,74.97,100,0,33.47,101.85,48.00,717.00,null,null,null
2023-08-09T18:52:29Z,22.04,74.98,100,0,33.60,101.84,47.00,710.00,null,null,null
2023-08-09T18:53:29Z,22.02,74.98,100,0,34.34,101.84,48.00,717.00,null,null,null
2023-08-09T18:54:29Z,22.01,75.00,100,0,35.93,101.85,47.00,710.00,null,null,null
2023-08-09T18:55:29Z,22.01,75.01,100,0,34.20,101.85,47.00,710.00,0,0,0
2023-08-09T18:56:29Z,22.05,74.92,100,0,34.30,101.85,46.00,702.00,null,null,null
2023-08-09T18:57:29Z,22.05,74.93,100,0,34.38,101.85,46.00,702.00,null,null,null
2023-08-09T18:58:29Z,22.02,74.99,100,0,34.44,101.85,46.00,702.00,null,null,null
2023-08-09T18:59:29Z,22.01,74.98,100,0,35.78,101.84,44.00,694.00,null,null,null
2023-08-09T19:00:29Z,22.01,75.04,100,0,34.85,101.84,44.00,694.00,0,0,0
2023-08-09T19:01:29Z,22.04,74.89,100,0,36.94,101.84,44.00,694.00,null,null,null
2023-08-09T19:02:29Z,22.04,74.93,100,0,35.13,101.84,43.00,686.00,null,null,null
2023-08-09T19:03:29Z,22.04,74.91,100,0,37.41,101.84,43.00,686.00,null,null,null
2023-08-09T19:04:29Z,22.02,74.96,100,0,33.85,101.84,43.00,686.00,null,null,null
2023-08-09T19:05:29Z,22.05,75.01,100,0,33.86,101.84,43.00,686.00,0,0,0
2023-08-09T19:06:29Z,22.02,74.88,100,0,32.93,101.84,43.00,686.00,null,null,null
2023-08-09T19:07:29Z,22.06,74.92,100,0,35.67,101.84,43.00,686.00,null,null,null
2023-08-09T19:08:29Z,22.04,74.93,100,0,38.40,101.84,44.00,694.00,null,null,null
2023-08-09T19:09:29Z,22.04,74.99,100,0,33.95,101.84,44.00,694.00,null,null,null
2023-08-09T19:10:29Z,22.02,75.01,100,0,35.70,101.84,43.00,686.00,0,0,0
2023-08-09T19:11:29Z,22.05,74.96,100,0,33.47,101.84,43.00,686.00,null,null,null
2023-08-09T19:12:29Z,22.05,74.99,100,0,33.56,101.84,44.00,694.00,null,null,null
2023-08-09T19:13:29Z,22.06,74.97,100,0,45.49,101.84,43.00,686.00,null,null,null
2023-08-09T19:14:29Z,22.05,75.02,100,0,33.33,101.84,43.00,686.00,null,null,null
2023-08-09T19:15:29Z,22.04,75.02,100,0,33.80,101.84,43.00,686.00,0,0,0
2023-08-09T19:16:29Z,22.06,75.00,100,0,32.65,101.84,42.00,678.00,null,null,null
2023-08-09T19:17:29Z,22.05,75.04,100,0,33.72,101.84,43.00,686.00,null,null,null
2023-08-09T19:18:29Z,22.05,75.05,100,0,33.46,101.84,43.00,686.00,null,null,null
2023-08-09T19:19:29Z,22.05,75.07,100,0,35.20,101.84,42.00,678.00,null,null,null
2023-08-09T19:20:29Z,22.06,75.09,100,0,36.44,101.84,42.00,678.00,0,0,0
2023-08-09T19:21:29Z,22.05,74.99,100,0,34.09,101.84,41.00,671.00,null,null,null
2023-08-09T19:22:29Z,22.08,75.02,100,0,34.56,101.84,41.00,671.00,null,null,null
2023-08-09T19:23:29Z,22.04,75.02,100,0,38.37,101.84,41.00,671.00,null,null,null
2023-08-09T19:24:29Z,22.06,75.02,100,0,33.59,101.84,39.00,660.00,null,null,null
2023-08-09T19:25:29Z,22.08,75.09,100,0,34.74,101.84,39.00,660.00,0,0,0
2023-08-09T19:26:29Z,22.09,75.02,100,0,34.66,101.84,38.00,653.00,null,null,null
2023-08-09T19:27:29Z,22.09,75.00,100,0,36.37,101.84,38.00,653.00,null,null,null
2023-08-09T19:28:29Z,22.08,75.02,100,0,35.41,101.84,38.00,653.00,null,null,null
2023-08-09T19:29:29Z,22.08,75.04,100,0,33.61,101.85,38.00,653.00,null,null,null
2023-08-09T19:30:29Z,22.06,75.06,100,0,34.48,101.85,37.00,646.00,0,0,0
2023-08-09T19:31:29Z,22.11,75.03,100,0,33.07,101.84,37.00,646.00,null,null,null
2023-08-09T19:32:29Z,22.09,75.03,100,0,33.96,101.85,37.00,646.00,null,null,null
2023-08-09T19:33:29Z,22.06,75.06,100,0,33.78,101.85,38.00,653.00,null,null,null
2023-08-09T19:34:29Z,22.08,75.08,100,0,33.54,101.85,38.00,653.00,null,null,null
2023-08-09T19:35:29Z,22.06,75.12,100,0,34.53,101.85,38.00,653.00,0,0,0
2023-08-09T19:36:29Z,22.09,75.13,100,0,35.88,101.85,38.00,653.00,null,null,null
2023-08-09T19:37:29Z,22.11,75.17,100,0,35.31,101.85,38.00,653.00,null,null,null
2023-08-09T19:38:29Z,22.09,75.18,100,0,34.71,101.85,37.00,646.00,null,null,null
2023-08-09T19:39:29Z,22.09,75.18,100,0,34.75,101.85,37.00,646.00,null,null,null
2023-08-09T19:40:29Z,22.06,75.20,100,0,34.21,101.85,37.00,646.00,0,0,0
2023-08-09T19:41:29Z,22.12,75.19,100,0,33.69,101.85,36.00,640.00,null,null,null
2023-08-09T19:42:29Z,22.09,75.25,100,0,34.40,101.86,36.00,640.00,null,null,null
2023-08-09T19:43:29Z,22.11,75.19,100,0,34.17,101.86,35.00,634.00,null,null,null
2023-08-09T19:44:29Z,22.09,75.25,100,0,35.48,101.86,36.00,640.00,null,null,null
2023-08-09T19:45:29Z,22.08,75.27,100,0,35.04,101.86,36.00,640.00,0,0,0
2023-08-09T19:46:29Z,22.09,75.32,100,0,35.56,101.86,34.00,627.00,null,null,null
2023-08-09T19:47:29Z,22.11,75.26,100,0,34.82,101.87,35.00,634.00,null,null,null
2023-08-09T19:48:29Z,22.11,75.30,100,0,37.49,101.87,34.00,627.00,null,null,null
2023-08-09T19:49:29Z,22.11,75.32,100,0,33.91,101.87,34.00,627.00,null,null,null
2023-08-09T19:50:29Z,22.08,75.35,100,0,35.08,101.87,34.00,627.00,0,0,0
2023-08-09T19:51:29Z,22.11,75.37,100,0,34.58,101.88,33.00,620.00,null,null,null
2023-08-09T19:52:29Z,22.09,75.33,100,0,36.08,101.88,35.00,634.00,null,null,null
2023-08-09T19:53:29Z,22.11,75.34,100,0,36.13,101.88,34.00,627.00,null,null,null
2023-08-09T19:54:29Z,22.11,75.40,100,0,35.38,101.88,34.00,627.00,null,null,null
2023-08-09T19:55:29Z,22.12,75.38,100,0,35.59,101.88,34.00,627.00,0,0,0
2023-08-09T19:56:29Z,22.12,75.45,99,0,37.00,101.88,34.00,627.00,null,null,null
2023-08-09T19:57:29Z,22.13,75.40,100,0,36.14,101.88,33.00,620.00,null,null,null
2023-08-09T19:58:29Z,22.13,75.40,100,0,34.44,101.89,33.00,620.00,null,null,null
2023-08-09T19:59:29Z,22.12,75.43,100,0,36.94,101.88,32.00,614.00,null,null,null
2023-08-09T20:00:29Z,22.09,75.45,100,0,35.02,101.89,32.00,614.00,0,0,0
2023-08-09T20:01:29Z,22.12,75.47,100,0,35.15,101.89,31.00,605.00,null,null,null
2023-08-09T20:02:29Z,22.12,75.47,100,0,34.67,101.89,32.00,614.00,null,null,null
2023-08-09T20:03:29Z,22.13,75.46,100,0,34.57,101.89,32.00,614.00,null,null,null
2023-08-09T20:04:29Z,22.13,75.46,100,0,42.40,101.89,31.00,605.00,null,null,null
2023-08-09T20:05:29Z,22.13,75.46,100,0,38.55,101.89,30.00,599.00,0,0,0
2023-08-09T20:06:29Z,22.12,75.47,100,0,35.94,101.89,30.00,599.00,null,null,null
2023-08-09T20:07:29Z,22.11,75.51,100,0,35.91,101.89,30.00,599.00,null,null,null
2023-08-09T20:08:29Z,22.12,75.49,100,0,36.12,101.89,29.00,592.00,null,null,null
2023-08-09T20:09:29Z,22.11,75.51,100,0,47.53,101.89,29.00,592.00,null,null,null
2023-08-09T20:10:29Z,22.12,75.48,100,0,34.50,101.89,29.00,592.00,0,0,0
2023-08-09T20:11:29Z,22.13,75.53,100,0,35.16,101.89,29.00,592.00,null,null,null
2023-08-09T20:12:29Z,22.13,75.51,100,0,38.97,101.90,29.00,592.00,null,null,null
2023-08-09T20:13:29Z,22.12,75.52,100,0,38.70,101.89,29.00,592.00,null,null,null
2023-08-09T20:14:29Z,22.15,75.53,100,0,33.56,101.89,29.00,592.00,null,null,null
2023-08-09T20:15:29Z,22.11,75.53,100,0,34.12,101.89,28.00,586.00,0,0,0
2023-08-09T20:16:29Z,22.13,75.54,100,0,35.63,101.89,28.00,586.00,null,null,null
2023-08-09T20:17:29Z,22.13,75.59,100,0,35.95,101.89,28.00,586.00,null,null,null
2023-08-09T20:18:29Z,22.15,75.52,100,0,37.21,101.89,27.00,578.00,null,null,null
2023-08-09T20:19:29Z,22.13,75.55,100,0,35.79,101.90,26.00,574.00,null,null,null
2023-08-09T20:20:29Z,22.11,75.56,100,0,38.12,101.89,26.00,574.00,0,0,0
2023-08-09T20:21:29Z,22.11,75.62,99,0,50.64,101.90,26.00,574.00,null,null,null
2023-08-09T20:22:29Z,22.15,75.53,100,0,40.34,101.90,27.00,578.00,null,null,null
2023-08-09T20:23:29Z,22.16,75.58,100,0,39.82,101.90,28.00,586.00,null,null,null
2023-08-09T20:24:29Z,22.16,75.56,100,0,35.35,101.91,28.00,586.00,null,null,null
2023-08-09T20:25:29Z,22.15,75.58,100,0,36.59,101.90,27.00,578.00,0,0,0
2023-08-09T20:26:29Z,22.15,75.60,100,0,43.69,101.91,25.00,566.00,null,null,null
2023-08-09T20:27:29Z,22.13,75.52,100,0,34.88,101.91,27.00,578.00,null,null,null
2023-08-09T20:28:29Z,22.13,75.58,100,0,36.48,101.91,30.00,599.00,null,null,null
2023-08-09T20:29:29Z,22.15,75.59,100,0,35.56,101.91,34.00,627.00,null,null,null
2023-08-09T20:30:29Z,22.13,75.63,100,0,36.38,101.91,37.00,649.00,0,0,0
2023-08-09T20:31:29Z,22.15,75.75,100,0,35.89,101.91,45.00,697.00,null,null,null
2023-08-09T20:32:29Z,22.18,75.74,100,0,35.74,101.91,46.00,706.00,null,null,null
2023-08-09T20:33:29Z,22.15,75.75,100,0,40.47,101.91,51.00,740.00,null,null,null
2023-08-09T20:34:29Z,22.15,75.80,100,0,37.16,101.92,53.00,752.00,null,null,null
2023-08-09T20:35:29Z,22.16,75.87,100,0,34.98,101.92,54.00,761.00,0,0,0
2023-08-09T20:36:29Z,22.15,76.10,100,0,34.95,101.92,57.00,778.00,null,null,null
2023-08-09T20:37:29Z,22.16,76.05,100,0,34.32,101.92,56.00,770.00,null,null,null
2023-08-09T20:38:29Z,22.16,76.12,100,0,36.93,101.92,57.00,778.00,null,null,null
2023-08-09T20:39:29Z,22.16,76.12,100,0,33.94,101.92,56.00,770.00,null,null,null
2023-08-09T20:40:29Z,22.15,76.23,100,0,40.85,101.92,56.00,770.00,0,0,0
2023-08-09T20:41:29Z,22.18,76.54,100,0,33.69,101.91,57.00,778.00,null,null,null
2023-08-09T20:42:29Z,22.18,76.48,100,0,34.36,101.92,58.00,783.00,null,null,null
2023-08-09T20:43:29Z,22.18,76.50,100,0,33.71,101.92,58.00,783.00,null,null,null
2023-08-09T20:44:29Z,22.16,76.59,100,0,36.98,101.92,59.00,793.00,null,null,null
2023-08-09T20:45:29Z,22.16,76.67,100,0,34.22,101.92,58.00,783.00,0,0,0
2023-08-09T20:46:29Z,22.18,77.09,100,0,34.13,101.92,62.00,810.00,null,null,null
2023-08-09T20:47:29Z,22.16,77.01,100,0,35.16,101.93,65.00,827.00,null,null,null
2023-08-09T20:48:29Z,22.19,77.11,100,0,33.54,101.93,77.00,909.00,null,null,null
2023-08-09T20:49:29Z,22.19,77.14,100,0,40.70,101.92,87.00,972.00,null,null,null
2023-08-09T20:50:29Z,22.19,77.17,100,0,34.28,101.92,94.00,1019.00,0,0,0
2023-08-09T20:51:29Z,22.21,77.55,100,0,36.45,101.93,100.00,1062.00,null,null,null
2023-08-09T20:52:29Z,22.22,77.47,100,0,34.09,101.93,101.00,1068.00,null,null,null
2023-08-09T20:53:29Z,22.19,77.46,100,0,36.84,101.93,103.00,1081.00,null,null,null
2023-08-09T20:54:29Z,22.19,77.37,100,0,40.04,101.92,103.00,1081.00,null,null,null
2023-08-09T20:55:29Z,22.21,77.42,100,0,33.39,101.93,103.00,1081.00,0,0,0
2023-08-09T20:56:29Z,22.23,77.67,100,0,32.13,101.93,103.00,1081.00,null,null,null
2023-08-09T20:57:29Z,22.22,77.49,100,0,36.43,101.93,103.00,1081.00,null,null,null
2023-08-09T20:58:29Z,22.22,77.48,100,0,34.30,101.93,110.00,1128.00,null,null,null
2023-08-09T20:59:29Z,22.22,77.46,100,0,34.95,101.93,117.00,1171.00,null,null,null
2023-08-09T21:00:29Z,22.23,77.50,100,0,33.03,101.93,135.00,1291.00,0,0,0
2023-08-09T21:01:29Z,22.23,78.17,100,0,33.85,101.93,140.00,1321.00,null,null,null
2023-08-09T21:02:29Z,22.23,78.17,100,0,44.35,101.93,149.00,1380.00,null,null,null
2023-08-09T21:03:29Z,22.23,78.17,100,0,49.55,101.93,149.00,1380.00,null,null,null
2023-08-09T21:04:29Z,22.23,78.45,100,0,46.95,101.93,152.00,1404.00,null,null,null
2023-08-09T21:05:29Z,22.25,78.11,100,0,50.49,101.93,147.00,1367.00,0,0,0
2023-08-09T21:06:29Z,22.26,78.03,100,0,33.71,101.94,124.00,1220.00,null,null,null
2023-08-09T21:07:29Z,22.28,77.83,100,0,35.04,101.94,124.00,1220.00,null,null,null
2023-08-09T21:08:29Z,22.26,77.76,100,0,39.01,101.94,124.00,1220.00,null,null,null
2023-08-09T21:09:29Z,22.26,77.72,100,0,36.71,101.94,124.00,1220.00,null,null,null
2023-08-09T21:10:29Z,22.28,77.73,99,0,35.64,101.94,123.00,1212.00,0,0,0
2023-08-09T21:11:29Z,22.28,77.81,100,0,34.11,101.94,121.00,1198.00,null,null,null
2023-08-09T21:12:29Z,22.28,77.67,99,0,35.13,101.94,120.00,1188.00,null,null,null
2023-08-09T21:13:29Z,22.28,77.64,100,0,33.95,101.94,119.00,1184.00,null,null,null
2023-08-09T21:14:29Z,22.29,77.61,100,0,33.23,101.94,113.00,1147.00,null,null,null
2023-08-09T21:15:29Z,22.26,77.61,100,0,37.53,101.94,113.00,1147.00,0,0,0
2023-08-09T21:16:29Z,22.26,77.68,100,0,33.13,101.94,111.00,1134.00,null,null,null
2023-08-09T21:17:29Z,22.28,77.58,100,0,34.12,101.94,111.00,1134.00,null,null,null
2023-08-09T21:18:29Z,22.31,77.50,100,0,39.53,101.94,109.00,1122.00,null,null,null
2023-08-09T21:19:29Z,22.29,77.56,100,0,43.15,101.94,106.00,1099.00,null,null,null
2023-08-09T21:20:29Z,22.28,77.50,100,0,42.87,101.94,104.00,1086.00,0,0,0
2023-08-09T21:21:29Z,22.28,77.55,100,0,36.04,101.94,102.00,1074.00,null,null,null
2023-08-09T21:22:29Z,22.28,77.50,100,0,33.83,101.94,100.00,1060.00,null,null,null
2023-08-09T21:23:29Z,22.29,77.42,99,0,35.46,101.94,100.00,1060.00,null,null,null
2023-08-09T21:24:29Z,22.28,77.49,100,0,43.91,101.94,98.00,1047.00,null,null,null
2023-08-09T21:25:29Z,22.28,77.42,100,0,44.58,101.94,96.00,1035.00,0,0,0
2023-08-09T21:26:29Z,22.26,77.61,100,0,57.33,101.95,96.00,1035.00,null,null,null
2023-08-09T21:27:29Z,22.31,77.55,100,0,58.87,101.94,96.00,1035.00,null,null,null
2023-08-09T21:28:29Z,22.28,77.51,100,0,53.19,101.94,93.00,1017.00,null,null,null
2023-08-09T21:29:29Z,22.31,77.52,100,0,56.91,101.94,93.00,1017.00,null,null,null
2023-08-09T21:30:29Z,22.28,77.52,100,0,52.14,101.94,93.00,1017.00,0,0,0
2023-08-09T21:31:29Z,22.31,77.71,100,0,43.06,101.94,92.00,1004.00,null,null,null
2023-08-09T21:32:29Z,22.28,77.59,100,0,40.82,101.94,92.00,1004.00,null,null,null
2023-08-09T21:33:29Z,22.31,77.65,100,0,36.73,101.94,92.00,1004.00,null,null,null
2023-08-09T21:34:29Z,22.29,77.57,100,0,45.51,101.95,92.00,1004.00,null,null,null
2023-08-09T21:35:29Z,22.29,77.58,100,0,null,101.95,92.00,1004.00,0,0,0
2023-08-09T21:36:29Z,22.29,77.73,100,0,39.54,101.94,89.00,987.00,null,null,null
2023-08-09T21:37:29Z,22.29,77.60,100,0,50.56,101.95,92.00,1004.00,null,null,null
2023-08-09T21:38:29Z,22.31,77.59,100,0,51.62,101.95,89.00,987.00,null,null,null
2023-08-09T21:39:29Z,22.32,77.58,100,0,48.29,101.95,89.00,987.00,null,null,null
2023-08-09T21:40:29Z,22.29,77.60,100,0,34.56,101.96,89.00,987.00,0,0,0
2023-08-09T21:41:29Z,22.29,77.75,100,0,42.69,101.95,87.00,975.00,null,null,null
2023-08-09T21:42:29Z,22.32,77.64,100,0,37.30,101.96,87.00,977.00,null,null,null
2023-08-09T21:43:29Z,22.32,77.60,100,0,49.84,101.96,87.00,975.00,null,null,null
2023-08-09T21:44:29Z,22.32,77.61,100,0,36.08,101.96,85.00,961.00,null,null,null
2023-08-09T21:45:29Z,22.29,77.59,100,0,34.00,101.96,85.00,961.00,0,0,0
2023-08-09T21:46:29Z,22.31,77.67,100,0,52.70,101.96,85.00,961.00,null,null,null
2023-08-09T21:47:29Z,22.32,77.57,100,0,35.20,101.96,83.00,951.00,null,null,null
2023-08-09T21:48:29Z,22.32,77.57,100,0,42.49,101.96,83.00,951.00,null,null,null
2023-08-09T21:49:29Z,22.31,77.52,100,0,52.17,101.95,83.00,951.00,null,null,null
2023-08-09T21:50:29Z,22.32,77.55,99,0,33.65,101.96,82.00,940.00,0,0,0
2023-08-09T21:51:29Z,22.33,77.62,100,0,43.79,101.95,82.00,940.00,null,null,null
2023-08-09T21:52:29Z,22.33,77.52,100,0,58.31,101.96,82.00,940.00,null,null,null
2023-08-09T21:53:29Z,22.32,77.52,100,0,33.94,101.96,82.00,940.00,null,null,null
2023-08-09T21:54:29Z,22.32,77.49,100,0,39.67,101.96,82.00,940.00,null,null,null
2023-08-09T21:55:29Z,22.29,77.50,100,0,58.76,101.96,80.00,927.00,0,0,0
2023-08-09T21:56:29Z,22.32,77.65,100,0,33.74,101.96,82.00,940.00,null,null,null
2023-08-09T21:57:29Z,22.35,77.54,99,0,33.35,101.96,80.00,927.00,null,null,null
2023-08-09T21:58:29Z,22.32,77.50,100,0,33.81,101.96,80.00,927.00,null,null,null
2023-08-09T21:59:29Z,22.32,77.46,100,0,51.46,101.96,80.00,927.00,null,null,null
2023-08-09T22:00:29Z,22.32,77.47,100,0,54.17,101.96,80.00,927.00,0,0,0
2023-08-09T22:01:29Z,22.33,77.57,100,0,60.14,101.96,80.00,927.00,null,null,null
2023-08-09T22:02:29Z,22.36,77.46,100,0,40.11,101.96,93.00,1017.00,null,null,null
2023-08-09T22:03:29Z,22.35,77.48,100,0,33.49,101.96,106.00,1099.00,null,null,null
2023-08-09T22:04:29Z,22.33,77.46,100,0,34.89,101.96,126.00,1231.00,null,null,null
2023-08-09T22:05:29Z,22.31,77.50,100,0,33.94,101.96,142.00,1334.00,0,0,0
2023-08-09T22:06:29Z,22.35,77.58,100,0,33.74,101.97,148.00,1376.00,null,null,null
2023-08-09T22:07:29Z,22.33,77.48,100,0,34.81,101.96,148.00,1376.00,null,null,null
2023-08-09T22:08:29Z,22.65,77.54,99,0,49.12,101.96,148.00,1376.00,null,null,null
2023-08-09T22:09:29Z,22.63,77.71,99,0,39.05,101.97,145.00,1352.00,null,null,null
2023-08-09T22:10:29Z,22.68,77.61,99,0,48.71,101.97,null,null,0,0,0
2023-08-09T22:11:29Z,22.71,77.75,99,0,52.45,101.97,151.00,1393.00,null,null,null
2023-08-09T22:12:29Z,22.76,77.62,99,0,63.59,101.97,143.00,1341.00,null,null,null
2023-08-09T22:13:29Z,22.76,77.92,99,0,48.68,101.97,125.00,1224.00,null,null,null
2023-08-09T22:14:29Z,22.81,78.19,99,0,48.39,101.97,121.00,1198.00,null,null,null
2023-08-09T22:15:29Z,22.86,77.79,99,0,57.44,101.97,118.00,1181.00,0,0,0
2023-08-09T22:16:29Z,22.86,77.99,99,0,44.17,101.97,118.00,1181.00,null,null,null
2023-08-09T22:17:29Z,22.89,78.53,99,0,42.77,101.97,115.00,1159.00,null,null,null
2023-08-09T22:18:29Z,22.92,78.27,99,0,44.81,101.97,114.00,1150.00,null,null,null
2023-08-09T22:19:29Z,22.94,77.90,99,0,36.53,101.97,112.00,1137.00,null,null,null
2023-08-09T22:20:29Z,22.97,77.79,99,0,37.76,101.97,113.00,1147.00,0,0,0
2023-08-09T22:21:29Z,22.97,77.76,99,0,50.51,101.97,111.00,1134.00,null,null,null
2023-08-09T22:22:29Z,23.00,77.60,99,0,48.97,101.97,109.00,1118.00,null,null,null
2023-08-09T22:23:29Z,23.03,77.60,99,0,48.52,101.97,110.00,1128.00,null,null,null
2023-08-09T22:24:29Z,23.04,77.70,99,0,47.14,101.97,108.00,1110.00,null,null,null
