TIME,TEMP,HUM,BATT,LIGHT,NOISE_A,PRESS,CCS811_VOCS,CCS811_ECO2,PM_1,PM_25,PM_10
ISO 8601,C,%,%,Lux,dBA,kPa,ppb,ppm,ug/m3,ug/m3,ug/m3
Time,Temperature,Humidity,Battery,Light,Noise dBA,Barometric pressure,VOC Gas CCS811,eCO2 Gas CCS811,PM 1.0,PM 2.5,PM 10.0
,55,56,10,14,53,58,113,112,89,87,88
2023-08-09T03:00:01Z,20.91,80.55,-1,0,37.53,101.51,null,null,0,0,0
2023-08-09T03:01:01Z,20.96,80.57,97,0,44.53,101.51,null,null,null,null,null
2023-08-09T03:02:01Z,21.05,80.42,100,0,34.11,101.52,null,null,null,null,null
2023-08-09T03:03:01Z,21.06,80.26,100,0,53.59,101.51,null,null,null,null,null
2023-08-09T03:04:01Z,21.07,80.15,100,0,32.64,101.51,null,null,null,null,null
2023-08-09T03:05:01Z,21.14,80.06,100,0,34.11,101.51,73.00,882.00,0,0,0
2023-08-09T03:06:01Z,21.16,79.96,100,0,33.28,101.51,67.00,844.00,null,null,null
2023-08-09T03:07:01Z,21.19,79.85,100,0,46.05,101.52,73.00,880.00,null,null,null
2023-08-09T03:08:01Z,21.22,79.78,100,0,33.22,101.51,75.00,897.00,null,null,null
2023-08-09T03:09:01Z,21.25,79.72,100,0,33.12,101.52,74.00,889.00,null,null,null
2023-08-09T03:10:01Z,21.23,79.66,100,0,51.55,101.52,74.00,887.00,0,0,0
2023-08-09T03:11:01Z,21.26,79.63,100,0,34.01,101.52,73.00,880.00,null,null,null
2023-08-09T03:12:01Z,21.27,79.54,100,0,36.29,101.52,71.00,868.00,null,null,null
2023-08-09T03:13:01Z,21.32,79.54,100,0,32.79,101.52,68.00,848.00,null,null,null
2023-08-09T03:14:01Z,21.27,79.47,100,0,33.30,101.52,66.00,838.00,null,null,null
2023-08-09T03:15:01Z,21.32,79.48,100,0,33.05,101.53,65.00,827.00,0,0,0
2023-08-09T03:16:01Z,21.34,79.46,100,0,33.06,101.53,65.00,827.00,null,null,null
2023-08-09T03:17:01Z,21.33,79.39,100,0,32.36,101.53,63.00,819.00,null,null,null
2023-08-09T03:18:01Z,21.36,79.36,100,0,41.11,101.54,62.00,810.00,null,null,null
2023-08-09T03:19:01Z,21.34,79.33,99,0,41.07,101.54,62.00,810.00,null,null,null
2023-08-09T03:20:01Z,21.36,79.37,100,0,33.75,101.54,62.00,810.00,0,0,0
2023-08-09T03:21:01Z,21.37,79.41,99,0,35.11,101.54,62.00,810.00,null,null,null
2023-08-09T03:22:01Z,21.36,79.32,100,0,40.83,101.54,61.00,806.00,null,null,null
2023-08-09T03:23:01Z,21.40,79.36,100,0,32.57,101.54,62.00,808.00,null,null,null
2023-08-09T03:24:01Z,21.39,79.33,100,0,33.16,101.54,59.00,791.00,null,null,null
2023-08-09T03:25:01Z,21.39,79.33,100,0,38.49,101.55,59.00,791.00,0,0,0
2023-08-09T03:26:01Z,21.40,79.31,100,0,43.26,101.55,59.00,791.00,null,null,null
2023-08-09T03:27:01Z,21.42,79.22,100,0,34.82,101.55,59.00,791.00,null,null,null
2023-08-09T03:28:01Z,21.43,79.21,100,0,37.36,101.55,59.00,793.00,null,null,null
2023-08-09T03:29:01Z,21.42,79.15,100,0,33.46,101.55,58.00,783.00,null,null,null
2023-08-09T03:30:01Z,21.42,79.18,100,0,33.35,101.55,58.00,783.00,0,0,0
2023-08-09T03:31:01Z,21.39,79.13,100,0,36.59,101.56,58.00,783.00,null,null,null
2023-08-09T03:32:01Z,21.40,79.11,100,0,33.83,101.56,56.00,768.00,null,null,null
2023-08-09T03:33:01Z,21.36,79.16,100,0,32.72,101.56,55.00,763.00,null,null,null
2023-08-09T03:34:01Z,21.30,79.29,100,0,35.15,101.56,55.00,763.00,null,null,null
2023-08-09T03:35:01Z,21.30,79.33,100,0,44.69,101.56,55.00,763.00,0,0,0
2023-08-09T03:36:01Z,21.27,79.38,100,0,43.11,101.56,53.00,748.00,null,null,null
2023-08-09T03:37:01Z,21.23,79.41,100,0,33.34,101.56,53.00,748.00,null,null,null
2023-08-09T03:38:01Z,21.23,79.51,100,0,33.88,101.56,52.00,746.00,null,null,null
2023-08-09T03:39:01Z,21.19,79.58,100,0,33.66,101.56,52.00,746.00,null,null,null
2023-08-09T03:40:01Z,21.19,79.61,99,0,32.78,101.57,52.00,746.00,0,0,0
2023-08-09T03:41:01Z,21.16,79.69,100,0,37.54,101.57,50.00,733.00,null,null,null
2023-08-09T03:42:01Z,21.14,79.69,100,0,33.51,101.57,52.00,746.00,null,null,null
2023-08-09T03:43:01Z,21.13,79.74,100,0,34.22,101.57,52.00,742.00,null,null,null
2023-08-09T03:44:01Z,21.13,79.80,99,0,38.06,101.57,52.00,742.00,null,null,null
2023-08-09T03:45:01Z,21.09,79.83,100,0,35.40,101.58,52.00,742.00,0,0,0
2023-08-09T03:46:01Z,21.10,79.90,100,0,36.50,101.58,55.00,763.00,null,null,null
2023-08-09T03:47:01Z,21.10,79.94,100,0,33.84,101.58,58.00,785.00,null,null,null
2023-08-09T03:48:01Z,21.07,79.95,100,0,35.02,101.58,61.00,802.00,null,null,null
2023-08-09T03:49:01Z,21.05,79.99,100,0,32.88,101.58,62.00,810.00,null,null,null
2023-08-09T03:50:01Z,21.06,80.04,100,0,36.76,101.57,63.00,819.00,0,0,0
2023-08-09T03:51:01Z,21.05,80.07,100,0,33.67,101.57,61.00,802.00,null,null,null
2023-08-09T03:52:01Z,21.03,80.00,100,0,33.59,101.57,61.00,802.00,null,null,null
2023-08-09T03:53:01Z,21.02,79.99,100,0,34.83,101.57,60.00,795.00,null,null,null
2023-08-09T03:54:01Z,21.03,80.07,100,0,36.20,101.57,59.00,793.00,null,null,null
2023-08-09T03:55:01Z,21.00,79.98,100,0,32.40,101.57,58.00,783.00,0,0,0
2023-08-09T03:56:01Z,21.00,80.06,100,0,33.91,101.58,56.00,774.00,null,null,null
2023-08-09T03:57:01Z,21.00,80.03,100,0,39.53,101.57,55.00,765.00,null,null,null
2023-08-09T03:58:01Z,20.98,80.04,100,0,40.37,101.58,55.00,765.00,null,null,null
2023-08-09T03:59:01Z,20.96,80.13,100,0,34.07,101.58,54.00,761.00,null,null,null
2023-08-09T04:00:01Z,20.96,80.15,100,0,41.85,101.58,54.00,761.00,0,0,0
2023-08-09T04:01:01Z,20.96,80.17,100,0,33.09,101.58,54.00,761.00,null,null,null
2023-08-09T04:02:01Z,20.96,80.14,99,0,35.42,101.59,53.00,752.00,null,null,null
2023-08-09T04:03:01Z,20.96,80.13,100,0,37.62,101.59,53.00,752.00,null,null,null
2023-08-09T04:04:01Z,20.95,80.11,100,0,37.84,101.59,51.00,740.00,null,null,null
2023-08-09T04:05:01Z,20.95,80.15,100,0,35.35,101.59,51.00,735.00,0,0,0
2023-08-09T04:06:01Z,20.95,80.20,100,0,47.24,101.59,51.00,735.00,null,null,null
2023-08-09T04:07:01Z,20.95,80.19,100,0,45.56,101.59,49.00,728.00,null,null,null
2023-08-09T04:08:01Z,20.92,80.17,100,0,35.22,101.59,49.00,728.00,null,null,null
2023-08-09T04:09:01Z,20.92,80.17,100,0,50.84,101.60,51.00,740.00,null,null,null
2023-08-09T04:10:01Z,20.93,80.25,100,0,38.40,101.59,49.00,728.00,0,0,0
2023-08-09T04:11:01Z,20.93,80.31,100,0,33.74,101.60,47.00,712.00,null,null,null
2023-08-09T04:12:01Z,20.93,80.23,100,0,42.27,101.60,48.00,717.00,null,null,null
2023-08-09T04:13:01Z,20.93,80.23,100,0,42.33,101.59,48.00,717.00,null,null,null
2023-08-09T04:14:01Z,20.93,80.24,100,0,37.17,101.60,48.00,717.00,null,null,null
2023-08-09T04:15:01Z,20.89,80.21,100,0,34.43,101.59,47.00,710.00,0,0,0
2023-08-09T04:16:01Z,20.92,80.20,100,0,33.51,101.60,44.00,694.00,null,null,null
2023-08-09T04:17:01Z,20.91,80.19,100,0,35.54,101.60,46.00,702.00,null,null,null
2023-08-09T04:18:01Z,20.91,80.17,100,0,33.24,101.60,46.00,702.00,null,null,null
2023-08-09T04:19:01Z,20.91,80.23,100,0,36.67,101.60,46.00,702.00,null,null,null
2023-08-09T04:20:01Z,20.89,80.22,100,0,34.62,101.60,46.00,702.00,0,0,0
2023-08-09T04:21:01Z,20.89,80.24,100,0,37.19,101.60,43.00,688.00,null,null,null
2023-08-09T04:22:01Z,20.91,80.16,100,0,37.88,101.60,43.00,688.00,null,null,null
2023-08-09T04:23:01Z,20.92,80.16,100,0,50.02,101.60,43.00,688.00,null,null,null
2023-08-09T04:24:01Z,20.88,80.19,100,0,44.16,101.60,43.00,688.00,null,null,null
2023-08-09T04:25:01Z,20.88,80.21,100,0,37.95,101.60,43.00,683.00,0,0,0
2023-08-09T04:26:01Z,20.88,80.24,100,0,46.25,101.60,43.00,683.00,null,null,null
2023-08-09T04:27:01Z,20.89,80.19,100,0,36.47,101.60,43.00,683.00,null,null,null
2023-08-09T04:28:01Z,20.86,80.17,99,0,33.60,101.60,41.00,675.00,null,null,null
2023-08-09T04:29:01Z,20.88,80.23,100,0,36.33,101.60,41.00,675.00,null,null,null
2023-08-09T04:30:01Z,20.85,80.25,100,0,36.94,101.61,41.00,675.00,0,0,0
2023-08-09T04:31:01Z,20.86,80.31,100,0,36.42,101.61,41.00,671.00,null,null,null
2023-08-09T04:32:01Z,20.88,80.24,100,0,49.42,101.61,39.00,660.00,null,null,null
2023-08-09T04:33:01Z,20.89,80.26,100,0,40.05,101.61,41.00,675.00,null,null,null
2023-08-09T04:34:01Z,20.85,80.29,100,0,43.95,101.61,39.00,656.00,null,null,null
2023-08-09T04:35:01Z,20.85,80.28,100,0,33.69,101.61,39.00,656.00,0,0,0
2023-08-09T04:36:01Z,20.85,80.29,100,0,48.95,101.62,39.00,656.00,null,null,null
2023-08-09T04:37:01Z,20.86,80.27,100,0,38.10,101.62,39.00,656.00,null,null,null
2023-08-09T04:38:01Z,20.84,80.25,100,0,33.64,101.62,37.00,649.00,null,null,null
2023-08-09T04:39:01Z,20.84,80.27,100,0,32.65,101.62,37.00,643.00,null,null,null
2023-08-09T04:40:01Z,20.86,80.25,100,0,37.89,101.62,37.00,643.00,0,0,0
2023-08-09T04:41:01Z,20.82,80.27,100,0,36.71,101.62,37.00,643.00,null,null,null
2023-08-09T04:42:01Z,20.85,80.25,100,0,36.70,101.62,39.00,656.00,null,null,null
2023-08-09T04:43:01Z,20.82,80.24,100,0,35.73,101.62,37.00,649.00,null,null,null
2023-08-09T04:44:01Z,20.81,80.26,100,0,40.87,101.62,37.00,649.00,null,null,null
2023-08-09T04:45:01Z,20.84,80.30,100,0,33.02,101.62,37.00,643.00,0,0,0
2023-08-09T04:46:01Z,20.82,80.33,99,0,36.11,101.62,34.00,629.00,null,null,null
2023-08-09T04:47:01Z,20.84,80.36,100,0,48.16,101.62,37.00,643.00,null,null,null
2023-08-09T04:48:01Z,20.84,80.33,100,0,39.17,101.62,35.00,634.00,null,null,null
2023-08-09T04:49:01Z,20.84,80.29,100,0,34.26,101.62,35.00,634.00,null,null,null
2023-08-09T04:50:01Z,20.82,80.32,100,0,41.12,101.62,35.00,634.00,0,0,0
2023-08-09T04:51:01Z,20.81,80.37,100,0,44.22,101.62,35.00,634.00,null,null,null
2023-08-09T04:52:01Z,20.82,80.35,100,0,35.30,101.62,35.00,634.00,null,null,null
2023-08-09T04:53:01Z,20.81,80.39,100,0,40.24,101.62,35.00,634.00,null,null,null
2023-08-09T04:54:01Z,20.79,80.43,100,0,43.51,101.61,35.00,634.00,null,null,null
2023-08-09T04:55:01Z,20.81,80.44,100,0,34.68,101.61,35.00,634.00,0,0,0
2023-08-09T04:56:01Z,20.84,80.40,100,0,35.35,101.62,35.00,634.00,null,null,null
2023-08-09T04:57:01Z,20.81,80.37,100,0,34.97,101.62,34.00,629.00,null,null,null
2023-08-09T04:58:01Z,20.79,80.37,100,0,39.61,101.62,34.00,629.00,null,null,null
2023-08-09T04:59:01Z,20.81,80.40,100,0,39.07,101.62,34.00,629.00,null,null,null
2023-08-09T05:00:01Z,20.79,80.42,100,0,35.46,101.62,34.00,626.00,0,0,0
2023-08-09T05:01:01Z,20.81,80.38,100,0,43.16,101.63,34.00,629.00,null,null,null
2023-08-09T05:02:01Z,20.81,80.38,100,0,40.45,101.63,34.00,626.00,null,null,null
2023-08-09T05:03:01Z,20.82,80.35,100,0,36.19,101.63,34.00,626.00,null,null,null
2023-08-09T05:04:01Z,20.81,80.39,100,0,46.61,101.63,34.00,626.00,null,null,null
2023-08-09T05:05:01Z,20.78,80.42,100,0,39.71,101.63,34.00,626.00,0,0,0
2023-08-09T05:06:01Z,20.81,80.42,100,0,35.84,101.63,34.00,626.00,null,null,null
2023-08-09T05:07:01Z,20.79,80.41,100,0,34.58,101.63,34.00,626.00,null,null,null
2023-08-09T05:08:01Z,20.81,80.41,99,0,49.73,101.62,34.00,626.00,null,null,null
2023-08-09T05:09:01Z,20.82,80.38,100,0,34.86,101.62,33.00,618.00,null,null,null
2023-08-09T05:10:01Z,20.76,80.37,100,0,33.23,101.63,33.00,618.00,0,0,0
2023-08-09T05:11:01Z,20.81,80.43,100,0,44.64,101.62,33.00,618.00,null,null,null
2023-08-09T05:12:01Z,20.79,80.35,100,0,36.21,101.63,32.00,614.00,null,null,null
2023-08-09T05:13:01Z,20.81,80.38,99,0,36.83,101.63,32.00,614.00,null,null,null
2023-08-09T05:14:01Z,20.78,80.40,100,0,35.46,101.63,32.00,614.00,null,null,null
2023-08-09T05:15:01Z,20.78,80.40,100,0,39.50,101.63,33.00,618.00,0,0,0
2023-08-09T05:16:01Z,20.81,80.41,100,0,33.71,101.63,30.00,603.00,null,null,null
2023-08-09T05:17:01Z,20.79,80.38,100,0,35.82,101.63,32.00,614.00,null,null,null
2023-08-09T05:18:01Z,20.79,80.36,100,0,37.05,101.63,33.00,618.00,null,null,null
2023-08-09T05:19:01Z,20.79,80.40,100,0,32.26,101.63,32.00,614.00,null,null,null
2023-08-09T05:20:01Z,20.76,80.44,100,0,43.58,101.64,33.00,618.00,0,0,0
2023-08-09T05:21:01Z,20.76,80.45,100,0,40.20,101.63,30.00,603.00,null,null,null
2023-08-09T05:22:01Z,20.79,80.41,100,0,42.18,101.63,30.00,603.00,null,null,null
2023-08-09T05:23:01Z,20.76,80.42,100,0,33.66,101.63,30.00,603.00,null,null,null
2023-08-09T05:24:01Z,20.75,80.42,100,0,37.18,101.63,30.00,603.00,null,null,null
2023-08-09T05:25:01Z,20.76,80.38,100,0,35.62,101.63,30.00,603.00,0,0,0
2023-08-09T05:26:01Z,20.79,80.48,100,0,36.35,101.64,30.00,603.00,null,null,null
2023-08-09T05:27:01Z,20.79,80.45,100,0,34.64,101.63,30.00,603.00,null,null,null
2023-08-09T05:28:01Z,20.78,80.45,100,0,44.76,101.63,30.00,603.00,null,null,null
2023-08-09T05:29:01Z,20.79,80.46,100,0,37.60,101.63,30.00,603.00,null,null,null
2023-08-09T05:30:01Z,20.76,80.48,99,0,46.83,101.64,30.00,603.00,0,0,0
2023-08-09T05:31:01Z,20.81,80.50,100,0,40.35,101.64,30.00,603.00,null,null,null
2023-08-09T05:32:01Z,20.78,80.41,100,0,35.92,101.65,30.00,603.00,null,null,null
2023-08-09T05:33:01Z,20.79,80.39,100,0,35.06,101.65,30.00,599.00,null,null,null
2023-08-09T05:34:01Z,20.78,80.40,100,0,42.44,101.65,30.00,603.00,null,null,null
2023-08-09T05:35:01Z,20.76,80.45,100,0,41.32,101.65,30.00,599.00,0,0,0
2023-08-09T05:36:01Z,20.78,80.46,100,0,42.18,101.64,30.00,599.00,null,null,null
2023-08-09T05:37:01Z,20.81,80.41,100,0,38.32,101.64,30.00,599.00,null,null,null
2023-08-09T05:38:01Z,20.78,80.42,100,0,41.79,101.64,30.00,599.00,null,null,null
2023-08-09T05:39:01Z,20.79,80.43,100,0,41.02,101.64,30.00,599.00,null,null,null
2023-08-09T05:40:01Z,20.76,80.43,100,0,42.99,101.64,29.00,594.00,0,0,0
2023-08-09T05:41:01Z,20.78,80.49,100,0,39.49,101.63,30.00,599.00,null,null,null
2023-08-09T05:42:01Z,20.79,80.42,100,0,32.87,101.63,29.00,594.00,null,null,null
2023-08-09T05:43:01Z,20.81,80.43,100,0,39.22,101.63,30.00,599.00,null,null,null
2023-08-09T05:44:01Z,20.78,80.40,100,0,35.81,101.63,29.00,594.00,null,null,null
2023-08-09T05:45:01Z,20.78,80.41,100,0,32.91,101.64,28.00,588.00,0,0,0
2023-08-09T05:46:01Z,20.79,80.46,100,0,33.46,101.64,28.00,588.00,null,null,null
2023-08-09T05:47:01Z,20.79,80.44,100,0,42.60,101.64,28.00,588.00,null,null,null
2023-08-09T05:48:01Z,20.79,80.41,100,0,33.50,101.64,29.00,594.00,null,null,null
2023-08-09T05:49:01Z,20.79,80.42,99,0,49.76,101.64,29.00,594.00,null,null,null
2023-08-09T05:50:01Z,20.78,80.40,100,0,34.45,101.65,29.00,594.00,0,0,0
2023-08-09T05:51:01Z,20.78,80.49,100,0,35.35,101.65,27.00,580.00,null,null,null
2023-08-09T05:52:01Z,20.81,80.43,100,0,34.52,101.65,29.00,594.00,null,null,null
2023-08-09T05:53:01Z,20.81,80.42,100,0,33.72,101.65,29.00,594.00,null,null,null
2023-08-09T05:54:01Z,20.79,80.39,100,0,35.91,101.65,29.00,594.00,null,null,null
2023-08-09T05:55:01Z,20.78,80.48,100,0,37.38,101.66,28.00,588.00,0,0,0
2023-08-09T05:56:01Z,20.79,80.52,100,0,37.06,101.66,27.00,580.00,null,null,null
2023-08-09T05:57:01Z,20.79,80.45,100,0,33.61,101.65,28.00,588.00,null,null,null
2023-08-09T05:58:01Z,20.81,80.43,100,0,35.24,101.66,28.00,588.00,null,null,null
2023-08-09T05:59:01Z,20.82,80.41,100,0,34.31,101.65,28.00,588.00,null,null,null
2023-08-09T06:00:01Z,20.78,80.48,100,0,34.98,101.65,28.00,588.00,0,0,0
2023-08-09T06:01:01Z,20.79,80.50,100,0,34.25,101.65,28.00,588.00,null,null,null
2023-08-09T06:02:01Z,20.81,80.41,100,0,39.01,101.65,28.00,588.00,null,null,null
2023-08-09T06:03:01Z,20.81,80.48,100,0,37.76,101.65,28.00,588.00,null,null,null
2023-08-09T06:04:01Z,20.81,80.51,100,0,35.65,101.65,28.00,588.00,null,null,null
2023-08-09T06:05:01Z,20.78,80.53,100,0,33.23,101.66,27.00,580.00,0,0,0
2023-08-09T06:06:01Z,20.79,80.55,100,0,37.12,101.66,26.00,574.00,null,null,null
2023-08-09T06:07:01Z,20.79,80.49,100,0,42.73,101.66,27.00,580.00,null,null,null
2023-08-09T06:08:01Z,20.79,80.48,100,0,33.86,101.67,26.00,574.00,null,null,null
2023-08-09T06:09:01Z,20.79,80.51,100,0,32.92,101.67,27.00,580.00,null,null,null
2023-08-09T06:10:01Z,20.79,80.53,100,0,43.96,101.68,26.00,574.00,0,0,0
2023-08-09T06:11:01Z,20.79,80.57,99,0,35.47,101.68,26.00,574.00,null,null,null
2023-08-09T06:12:01Z,20.79,80.53,100,0,33.17,101.68,26.00,574.00,null,null,null
2023-08-09T06:13:01Z,20.81,80.50,100,0,41.01,101.69,26.00,574.00,null,null,null
2023-08-09T06:14:01Z,20.81,80.47,100,0,33.18,101.68,26.00,574.00,null,null,null
2023-08-09T06:15:01Z,20.79,80.51,100,0,33.16,101.68,26.00,574.00,0,0,0
2023-08-09T06:16:01Z,20.78,80.54,100,0,37.08,101.69,27.00,580.00,null,null,null
2023-08-09T06:17:01Z,20.81,80.47,99,0,42.25,101.69,27.00,580.00,null,null,null
2023-08-09T06:18:01Z,20.81,80.46,100,0,35.93,101.70,25.00,570.00,null,null,null
2023-08-09T06:19:01Z,20.81,80.44,100,0,36.39,101.70,25.00,570.00,null,null,null
2023-08-09T06:20:01Z,20.75,80.51,100,0,36.60,101.70,25.00,570.00,0,0,0
2023-08-09T06:21:01Z,20.79,80.59,100,0,35.15,101.70,27.00,580.00,null,null,null
2023-08-09T06:22:01Z,20.81,80.56,100,0,41.17,101.70,27.00,580.00,null,null,null
2023-08-09T06:23:01Z,20.82,80.51,100,0,33.56,101.71,27.00,580.00,null,null,null
2023-08-09T06:24:01Z,20.79,80.54,100,0,40.38,101.70,27.00,580.00,null,null,null
2023-08-09T06:25:01Z,20.82,80.57,100,0,35.12,101.71,27.00,580.00,0,0,0
2023-08-09T06:26:01Z,20.81,80.67,100,0,42.18,101.71,25.00,570.00,null,null,null
2023-08-09T06:27:01Z,20.82,80.57,100,0,38.55,101.71,27.00,580.00,null,null,null
2023-08-09T06:28:01Z,20.82,80.61,100,0,43.62,101.70,27.00,580.00,null,null,null
2023-08-09T06:29:01Z,20.84,80.60,100,0,42.25,101.70,27.00,580.00,null,null,null
2023-08-09T06:30:01Z,20.82,80.60,100,0,33.14,101.70,26.00,574.00,0,0,0
2023-08-09T06:31:01Z,20.81,80.65,100,0,34.02,101.69,26.00,574.00,null,null,null
2023-08-09T06:32:01Z,20.81,80.60,100,0,39.54,101.69,27.00,580.00,null,null,null
2023-08-09T06:33:01Z,20.81,80.59,100,0,43.54,101.70,27.00,580.00,null,null,null
2023-08-09T06:34:01Z,20.81,80.62,100,0,33.96,101.70,26.00,574.00,null,null,null
2023-08-09T06:35:01Z,20.82,80.62,100,0,35.83,101.70,26.00,574.00,0,0,0
2023-08-09T06:36:01Z,20.81,80.62,100,0,39.08,101.70,26.00,574.00,null,null,null
2023-08-09T06:37:01Z,20.82,80.59,100,0,35.30,101.70,26.00,574.00,null,null,null
2023-08-09T06:38:01Z,20.82,80.57,100,0,36.21,101.70,26.00,574.00,null,null,null
2023-08-09T06:39:01Z,20.81,80.67,100,0,43.79,101.70,26.00,574.00,null,null,null
2023-08-09T06:40:01Z,20.84,80.63,100,0,38.45,101.70,26.00,574.00,0,0,0
2023-08-09T06:41:01Z,20.79,80.73,100,0,46.09,101.71,25.00,570.00,null,null,null
2023-08-09T06:42:01Z,20.79,80.70,100,0,41.20,101.70,26.00,574.00,null,null,null
2023-08-09T06:43:01Z,20.81,80.63,100,0,34.93,101.70,26.00,574.00,null,null,null
2023-08-09T06:44:01Z,20.84,80.71,100,0,32.62,101.70,26.00,574.00,null,null,null
2023-08-09T06:45:01Z,20.81,80.66,100,0,38.75,101.71,26.00,574.00,0,0,0
2023-08-09T06:46:01Z,20.79,80.73,100,0,44.58,101.71,26.00,574.00,null,null,null
2023-08-09T06:47:01Z,20.82,80.65,100,0,42.31,101.71,26.00,574.00,null,null,null
2023-08-09T06:48:01Z,20.82,80.66,100,0,39.28,101.71,26.00,574.00,null,null,null
2023-08-09T06:49:01Z,20.81,80.67,100,0,54.45,101.71,26.00,574.00,null,null,null
2023-08-09T06:50:01Z,20.79,80.69,99,0,34.61,101.71,26.00,574.00,0,0,0
2023-08-09T06:51:01Z,20.81,80.72,100,0,41.26,101.71,25.00,570.00,null,null,null
2023-08-09T06:52:01Z,20.82,80.70,100,0,42.44,101.72,25.00,570.00,null,null,null
2023-08-09T06:53:01Z,20.84,80.65,100,0,41.83,101.71,25.00,570.00,null,null,null
2023-08-09T06:54:01Z,20.81,80.66,100,0,42.33,101.71,27.00,580.00,null,null,null
2023-08-09T06:55:01Z,20.81,80.62,100,0,32.80,101.72,26.00,574.00,0,0,0
2023-08-09T06:56:01Z,20.81,80.66,100,0,46.28,101.72,25.00,566.00,null,null,null
2023-08-09T06:57:01Z,20.85,80.65,100,0,43.03,101.72,25.00,570.00,null,null,null
2023-08-09T06:58:01Z,20.84,80.57,100,0,46.41,101.72,25.00,566.00,null,null,null
2023-08-09T06:59:01Z,20.84,80.59,100,0,41.59,101.72,25.00,566.00,null,null,null
2023-08-09T07:00:01Z,20.79,80.59,100,0,35.50,101.72,25.00,566.00,0,0,0
2023-08-09T07:01:01Z,20.82,80.59,100,0,46.72,101.72,23.00,552.00,null,null,null
2023-08-09T07:02:01Z,20.85,80.51,100,0,34.15,101.73,24.00,560.00,null,null,null
2023-08-09T07:03:01Z,20.84,80.48,100,0,36.52,101.73,24.00,560.00,null,null,null
2023-08-09T07:04:01Z,20.82,80.48,100,0,36.30,101.73,24.00,560.00,null,null,null
2023-08-09T07:05:01Z,20.82,80.53,100,0,45.64,101.73,23.00,552.00,0,0,0
2023-08-09T07:06:01Z,20.82,80.52,100,0,34.72,101.73,23.00,552.00,null,null,null
2023-08-09T07:07:01Z,20.85,80.43,100,0,40.48,101.72,24.00,560.00,null,null,null
2023-08-09T07:08:01Z,20.85,80.42,100,0,32.83,101.73,23.00,552.00,null,null,null
2023-08-09T07:09:01Z,20.84,80.42,100,0,41.87,101.73,22.00,548.00,null,null,null
2023-08-09T07:10:01Z,20.82,80.41,100,0,34.24,101.72,23.00,552.00,0,0,0
2023-08-09T07:11:01Z,20.82,80.44,100,0,33.43,101.72,22.00,548.00,null,null,null
2023-08-09T07:12:01Z,20.84,80.39,100,0,34.60,101.73,22.00,548.00,null,null,null
2023-08-09T07:13:01Z,20.86,80.39,100,0,33.57,101.72,22.00,548.00,null,null,null
2023-08-09T07:14:01Z,20.82,80.42,100,0,36.51,101.72,22.00,548.00,null,null,null
2023-08-09T07:15:01Z,20.84,80.38,100,0,32.74,101.72,22.00,548.00,0,0,0
2023-08-09T07:16:01Z,20.82,80.43,100,0,42.27,101.72,22.00,548.00,null,null,null
2023-08-09T07:17:01Z,20.85,80.52,100,0,41.50,101.72,22.00,545.00,null,null,null
2023-08-09T07:18:01Z,20.86,80.47,100,0,36.15,101.73,22.00,548.00,null,null,null
2023-08-09T07:19:01Z,20.81,80.41,100,0,38.63,101.74,22.00,548.00,null,null,null
2023-08-09T07:20:01Z,20.85,80.43,100,2,41.47,101.74,22.00,545.00,0,0,0
2023-08-09T07:21:01Z,20.85,80.50,100,2,54.05,101.74,22.00,545.00,null,null,null
2023-08-09T07:22:01Z,20.86,80.48,100,2,33.10,101.75,22.00,548.00,null,null,null
2023-08-09T07:23:01Z,20.86,80.49,100,2,33.13,101.74,23.00,552.00,null,null,null
2023-08-09T07:24:01Z,20.86,80.49,100,2,35.85,101.74,23.00,552.00,null,null,null
2023-08-09T07:25:01Z,20.84,80.51,100,2,31.91,101.74,23.00,552.00,0,0,0
2023-08-09T07:26:01Z,20.84,80.60,100,2,35.14,101.75,24.00,560.00,null,null,null
2023-08-09T07:27:01Z,20.86,80.59,99,2,37.19,101.75,24.00,560.00,null,null,null
2023-08-09T07:28:01Z,20.85,80.50,99,2,39.27,101.75,30.00,599.00,null,null,null
2023-08-09T07:29:01Z,20.88,80.54,100,2,54.21,101.75,71.00,872.00,null,null,null
2023-08-09T07:30:01Z,20.86,80.60,100,2,32.83,101.76,84.00,954.00,0,0,0
2023-08-09T07:31:01Z,20.86,80.60,100,2,36.22,101.75,85.00,964.00,null,null,null
2023-08-09T07:32:01Z,20.88,80.57,100,2,35.66,101.75,87.00,972.00,null,null,null
2023-08-09T07:33:01Z,20.86,80.54,100,2,33.20,101.76,85.00,964.00,null,null,null
2023-08-09T07:34:01Z,20.88,80.56,100,2,45.54,101.76,82.00,942.00,null,null,null
2023-08-09T07:35:01Z,20.88,80.57,100,2,53.09,101.76,81.00,933.00,0,0,0
2023-08-09T07:36:01Z,20.86,80.61,100,2,33.36,101.76,79.00,920.00,null,null,null
2023-08-09T07:37:01Z,20.89,80.56,99,2,34.50,101.76,77.00,909.00,null,null,null
2023-08-09T07:38:01Z,20.89,80.51,100,2,32.99,101.76,76.00,902.00,null,null,null
2023-08-09T07:39:01Z,20.89,80.51,100,2,33.91,101.76,76.00,902.00,null,null,null
2023-08-09T07:40:01Z,20.85,80.51,100,2,33.44,101.76,76.00,902.00,0,0,0
2023-08-09T07:41:01Z,20.86,80.53,99,2,37.84,101.77,74.00,891.00,null,null,null
2023-08-09T07:42:01Z,20.85,80.43,100,2,34.97,101.77,73.00,880.00,null,null,null
2023-08-09T07:43:01Z,20.89,80.42,99,2,34.12,101.77,74.00,891.00,null,null,null
2023-08-09T07:44:01Z,20.86,80.42,100,2,32.89,101.77,73.00,880.00,null,null,null
2023-08-09T07:45:01Z,20.86,80.37,100,2,32.83,101.77,71.00,872.00,0,0,0
2023-08-09T07:46:01Z,20.89,80.38,100,3,33.41,101.77,70.00,863.00,null,null,null
2023-08-09T07:47:01Z,20.88,80.32,100,2,38.16,101.78,69.00,855.00,null,null,null
2023-08-09T07:48:01Z,20.89,80.30,100,2,33.30,101.77,67.00,840.00,null,null,null
2023-08-09T07:49:01Z,20.86,80.29,100,2,33.41,101.77,66.00,836.00,null,null,null
2023-08-09T07:50:01Z,20.86,80.27,100,3,33.43,101.77,65.00,827.00,0,0,0
2023-08-09T07:51:01Z,20.91,80.28,100,2,34.00,101.78,63.00,817.00,null,null,null
2023-08-09T07:52:01Z,20.89,80.27,100,2,32.72,101.77,61.00,802.00,null,null,null
2023-08-09T07:53:01Z,20.88,80.25,99,2,33.36,101.78,59.00,793.00,null,null,null
2023-08-09T07:54:01Z,20.88,80.25,99,3,33.55,101.78,58.00,785.00,null,null,null
2023-08-09T07:55:01Z,20.88,80.38,100,2,32.80,101.78,56.00,768.00,0,0,0
2023-08-09T07:56:01Z,20.91,80.38,100,2,32.81,101.78,56.00,768.00,null,null,null
2023-08-09T07:57:01Z,20.89,80.32,100,2,34.17,101.78,54.00,759.00,null,null,null
2023-08-09T07:58:01Z,20.89,80.36,100,3,32.41,101.77,52.00,746.00,null,null,null
2023-08-09T07:59:01Z,20.88,80.40,100,5,34.34,101.77,50.00,733.00,null,null,null
2023-08-09T08:00:01Z,20.85,80.51,100,5,32.92,101.78,50.00,733.00,0,0,0
2023-08-09T08:01:01Z,20.89,80.56,100,4,33.47,101.78,50.00,730.00,null,null,null
2023-08-09T08:02:01Z,20.89,80.56,100,5,39.01,101.78,50.00,730.00,null,null,null
2023-08-09T08:03:01Z,20.89,80.54,100,5,34.31,101.78,48.00,717.00,null,null,null
2023-08-09T08:04:01Z,20.88,80.61,100,4,41.63,101.78,48.00,717.00,null,null,null
2023-08-09T08:05:01Z,20.88,80.67,100,5,38.57,101.78,47.00,712.00,0,0,0
2023-08-09T08:06:01Z,20.91,80.72,100,3,41.77,101.79,45.00,697.00,null,null,null
2023-08-09T08:07:01Z,20.89,80.65,100,4,33.84,101.79,46.00,704.00,null,null,null
2023-08-09T08:08:01Z,20.91,80.68,100,3,33.31,101.78,45.00,697.00,null,null,null
2023-08-09T08:09:01Z,20.88,80.62,100,4,34.13,101.78,45.00,697.00,null,null,null
2023-08-09T08:10:01Z,20.89,80.62,100,5,37.00,101.78,45.00,697.00,0,0,0
2023-08-09T08:11:01Z,20.91,80.71,100,5,35.45,101.78,43.00,688.00,null,null,null
2023-08-09T08:12:01Z,20.92,80.70,100,5,38.03,101.78,45.00,697.00,null,null,null
2023-08-09T08:13:01Z,20.91,80.72,100,5,46.54,101.78,43.00,688.00,null,null,null
2023-08-09T08:14:01Z,20.91,80.72,100,1,33.56,101.78,43.00,688.00,null,null,null
2023-08-09T08:15:01Z,20.89,80.73,100,6,57.76,101.78,42.00,682.00,0,0,0
2023-08-09T08:16:01Z,20.91,80.79,100,6,55.00,101.79,42.00,682.00,null,null,null
2023-08-09T08:17:01Z,20.91,80.70,100,6,43.89,101.79,42.00,678.00,null,null,null
2023-08-09T08:18:01Z,20.91,80.75,100,5,33.02,101.79,42.00,682.00,null,null,null
2023-08-09T08:19:01Z,20.89,80.68,100,5,33.67,101.79,42.00,678.00,null,null,null
2023-08-09T08:20:01Z,20.89,80.62,100,3,34.74,101.79,42.00,678.00,0,0,0
2023-08-09T08:21:01Z,20.92,80.65,100,6,34.70,101.79,42.00,678.00,null,null,null
2023-08-09T08:22:01Z,20.92,80.61,100,5,37.52,101.79,42.00,678.00,null,null,null
2023-08-09T08:23:01Z,20.95,80.57,100,5,42.71,101.79,41.00,671.00,null,null,null
2023-08-09T08:24:01Z,20.92,80.55,100,6,35.35,101.79,41.00,671.00,null,null,null
2023-08-09T08:25:01Z,20.89,80.55,100,6,37.52,101.79,41.00,671.00,0,0,0
2023-08-09T08:26:01Z,20.91,80.58,100,7,41.91,101.79,39.00,660.00,null,null,null
2023-08-09T08:27:01Z,20.92,80.53,100,8,49.12,101.79,39.00,660.00,null,null,null
2023-08-09T08:28:01Z,20.92,80.53,100,5,35.01,101.79,39.00,660.00,null,null,null
2023-08-09T08:29:01Z,20.91,80.53,100,7,53.59,101.79,39.00,660.00,null,null,null
2023-08-09T08:30:01Z,20.93,80.63,100,8,40.94,101.79,39.00,660.00,0,0,0
2023-08-09T08:31:01Z,20.92,80.62,100,8,40.55,101.79,37.00,649.00,null,null,null
2023-08-09T08:32:01Z,20.93,80.52,100,8,34.83,101.80,39.00,656.00,null,null,null
2023-08-09T08:33:01Z,20.91,80.56,100,8,55.02,101.79,39.00,656.00,null,null,null
2023-08-09T08:34:01Z,20.92,80.72,100,8,33.64,101.79,41.00,671.00,null,null,null
2023-08-09T08:35:01Z,20.93,80.91,100,8,55.48,101.79,42.00,678.00,0,0,0
2023-08-09T08:36:01Z,20.95,81.12,100,8,33.36,101.80,41.00,674.00,null,null,null
2023-08-09T08:37:01Z,20.96,81.00,100,8,33.94,101.79,42.00,678.00,null,null,null
2023-08-09T08:38:01Z,20.95,81.04,100,6,34.15,101.79,42.00,678.00,null,null,null
2023-08-09T08:39:01Z,20.95,81.04,100,3,32.66,101.80,41.00,674.00,null,null,null
2023-08-09T08:40:01Z,20.96,81.08,100,2,34.86,101.80,41.00,674.00,0,0,0
2023-08-09T08:41:01Z,21.26,81.20,99,1,38.10,101.80,39.00,657.00,null,null,null
2023-08-09T08:42:01Z,21.29,83.03,99,1,36.48,101.80,40.00,666.00,null,null,null
2023-08-09T08:43:01Z,21.33,82.38,99,1,38.56,101.81,37.00,645.00,null,null,null
2023-08-09T08:44:01Z,21.36,81.86,99,2,30.60,101.81,37.00,649.00,null,null,null
2023-08-09T08:45:01Z,21.39,81.95,99,1,34.82,101.81,40.00,666.00,0,0,0
