TIME,TEMP,HUM,BATT,LIGHT,NOISE_A,PRESS,CCS811_VOCS,CCS811_ECO2,PM_1,PM_25,PM_10
ISO 8601,C,%,%,Lux,dBA,kPa,ppb,ppm,ug/m3,ug/m3,ug/m3
Time,Temperature,Humidity,Battery,Light,Noise dBA,Barometric pressure,VOC Gas CCS811,eCO2 Gas CCS811,PM 1.0,PM 2.5,PM 10.0
,55,56,10,14,53,58,113,112,89,87,88
2023-08-22T00:00:29Z,23.76,75.70,100,0,44.52,102.07,8.00,455.00,null,null,null
2023-08-22T00:01:29Z,23.76,75.65,100,0,40.26,102.07,9.00,465.00,null,null,null
2023-08-22T00:02:29Z,23.76,75.68,100,0,36.26,102.06,9.00,465.00,null,null,null
2023-08-22T00:03:29Z,23.76,75.69,100,0,42.48,102.06,9.00,465.00,null,null,null
2023-08-22T00:04:29Z,23.76,75.71,100,0,46.50,102.06,9.00,465.00,0,0,0
2023-08-22T00:05:29Z,23.76,75.76,100,0,38.33,102.05,11.00,473.00,null,null,null
2023-08-22T00:06:29Z,23.76,75.70,100,0,42.74,102.05,10.00,466.00,null,null,null
2023-08-22T00:07:29Z,23.76,75.73,100,0,34.55,102.05,11.00,473.00,null,null,null
2023-08-22T00:08:29Z,23.73,75.75,100,0,35.02,102.06,11.00,473.00,null,null,null
2023-08-22T00:09:29Z,23.73,75.75,100,0,43.91,102.05,17.00,517.00,0,0,0
2023-08-22T00:10:29Z,23.72,75.84,100,0,39.71,102.06,17.00,517.00,null,null,null
2023-08-22T00:11:29Z,23.73,75.76,99,0,38.35,102.06,17.00,517.00,null,null,null
2023-08-22T00:12:29Z,23.73,75.76,99,0,41.78,102.07,18.00,523.00,null,null,null
2023-08-22T00:13:29Z,23.73,75.79,100,0,36.85,102.06,18.00,523.00,null,null,null
2023-08-22T00:14:29Z,23.71,75.81,100,0,33.58,102.06,18.00,523.00,0,0,0
2023-08-22T00:15:29Z,23.73,75.84,100,0,37.32,102.06,18.00,523.00,null,null,null
2023-08-22T00:16:29Z,23.73,75.85,100,0,41.86,102.06,19.00,526.00,null,null,null
2023-08-22T00:17:29Z,23.72,75.81,100,0,45.50,102.06,19.00,526.00,null,null,null
2023-08-22T00:18:29Z,23.72,75.88,100,0,39.32,102.06,19.00,526.00,null,null,null
2023-08-22T00:19:29Z,23.71,75.89,100,0,35.59,102.06,19.00,526.00,0,0,0
2023-08-22T00:20:29Z,23.69,75.91,100,0,41.45,102.06,19.00,530.00,null,null,null
2023-08-22T00:21:29Z,23.68,75.87,100,0,42.10,102.06,19.00,526.00,null,null,null
2023-08-22T00:22:29Z,23.72,75.88,100,0,38.03,102.06,19.00,526.00,null,null,null
2023-08-22T00:23:29Z,23.69,75.89,99,0,41.14,102.06,19.00,526.00,null,null,null
2023-08-22T00:24:29Z,23.71,75.86,100,0,40.28,102.06,19.00,526.00,0,0,0
2023-08-22T00:25:29Z,23.68,75.95,100,0,35.81,102.06,19.00,526.00,null,null,null
2023-08-22T00:26:29Z,23.71,75.94,100,0,41.82,102.06,19.00,530.00,null,null,null
2023-08-22T00:27:29Z,23.71,75.93,100,0,46.86,102.05,19.00,530.00,null,null,null
2023-08-22T00:28:29Z,23.71,75.93,100,0,46.26,102.05,19.00,530.00,null,null,null
2023-08-22T00:29:29Z,23.68,75.88,100,0,46.87,102.06,19.00,530.00,0,0,0
2023-08-22T00:30:29Z,23.68,75.96,100,0,35.43,102.06,19.00,526.00,null,null,null
2023-08-22T00:31:29Z,23.69,75.95,100,0,34.19,102.05,19.00,526.00,null,null,null
2023-08-22T00:32:29Z,23.66,75.96,100,0,42.94,102.06,19.00,526.00,null,null,null
2023-08-22T00:33:29Z,23.69,75.91,100,0,35.61,102.05,19.00,530.00,null,null,null
2023-08-22T00:34:29Z,23.66,75.94,100,0,48.83,102.06,20.00,537.00,0,0,0
2023-08-22T00:35:29Z,23.68,76.06,100,0,42.25,102.05,19.00,526.00,null,null,null
2023-08-22T00:36:29Z,23.68,75.97,100,0,48.49,102.05,20.00,537.00,null,null,null
2023-08-22T00:37:29Z,23.66,75.97,99,0,44.76,102.05,20.00,537.00,null,null,null
2023-08-22T00:38:29Z,23.66,75.96,100,0,43.23,102.05,19.00,530.00,null,null,null
2023-08-22T00:39:29Z,23.68,75.89,100,0,44.68,102.05,19.00,530.00,0,0,0
2023-08-22T00:40:29Z,23.66,75.82,100,0,46.85,102.05,19.00,526.00,null,null,null
2023-08-22T00:41:29Z,23.66,75.81,100,0,42.66,102.04,19.00,530.00,null,null,null
2023-08-22T00:42:29Z,23.66,75.82,100,0,47.40,102.04,19.00,526.00,null,null,null
2023-08-22T00:43:29Z,23.65,75.86,100,0,47.84,102.04,19.00,530.00,null,null,null
2023-08-22T00:44:29Z,23.63,75.99,100,0,37.41,102.04,19.00,530.00,0,0,0
2023-08-22T00:45:29Z,23.65,76.04,100,0,44.11,102.03,20.00,537.00,null,null,null
2023-08-22T00:46:29Z,23.66,75.98,100,0,42.32,102.03,20.00,537.00,null,null,null
2023-08-22T00:47:29Z,23.68,76.03,100,0,43.97,102.03,20.00,537.00,null,null,null
2023-08-22T00:48:29Z,23.66,75.96,100,0,49.75,102.03,21.00,542.00,null,null,null
2023-08-22T00:49:29Z,23.63,76.01,100,0,45.87,102.03,21.00,542.00,0,0,0
2023-08-22T00:50:29Z,23.63,76.07,100,0,41.88,102.03,21.00,542.00,null,null,null
2023-08-22T00:51:29Z,23.65,76.05,100,0,52.10,102.03,21.00,542.00,null,null,null
2023-08-22T00:52:29Z,23.65,76.02,100,0,46.18,102.02,22.00,546.00,null,null,null
2023-08-22T00:53:29Z,23.63,76.00,100,0,50.45,102.02,21.00,542.00,null,null,null
2023-08-22T00:54:29Z,23.62,76.02,100,0,43.88,102.02,22.00,546.00,0,0,0
2023-08-22T00:55:29Z,23.62,76.08,100,0,42.08,102.02,22.00,546.00,null,null,null
2023-08-22T00:56:29Z,23.63,75.99,100,0,37.65,102.02,22.00,546.00,null,null,null
2023-08-22T00:57:29Z,23.63,76.02,100,0,33.85,102.03,22.00,546.00,null,null,null
2023-08-22T00:58:29Z,23.62,76.07,100,0,33.23,102.03,22.00,546.00,null,null,null
2023-08-22T00:59:29Z,23.61,76.09,100,0,41.52,102.03,22.00,546.00,0,0,0
2023-08-22T01:00:29Z,23.63,76.21,100,0,33.92,102.04,23.00,552.00,null,null,null
2023-08-22T01:01:29Z,23.63,76.15,100,0,50.13,102.03,23.00,552.00,null,null,null
2023-08-22T01:02:29Z,23.62,76.15,100,0,38.97,102.03,23.00,555.00,null,null,null
2023-08-22T01:03:29Z,23.59,76.22,100,0,44.46,102.03,23.00,555.00,null,null,null
2023-08-22T01:04:29Z,23.61,76.26,100,0,47.84,102.03,23.00,552.00,0,0,0
2023-08-22T01:05:29Z,23.61,76.31,100,0,40.33,102.03,23.00,552.00,null,null,null
2023-08-22T01:06:29Z,23.62,76.26,100,0,33.75,102.03,23.00,552.00,null,null,null
2023-08-22T01:07:29Z,23.62,76.22,100,0,36.62,102.03,22.00,549.00,null,null,null
2023-08-22T01:08:29Z,23.59,76.19,100,0,38.19,102.03,23.00,552.00,null,null,null
2023-08-22T01:09:29Z,23.59,76.17,100,0,43.45,102.03,23.00,552.00,0,0,0
2023-08-22T01:10:29Z,23.61,76.21,100,0,35.79,102.03,23.00,552.00,null,null,null
2023-08-22T01:11:29Z,23.62,76.24,100,0,37.44,102.03,22.00,546.00,null,null,null
2023-08-22T01:12:29Z,23.62,76.28,99,0,42.35,102.03,23.00,552.00,null,null,null
2023-08-22T01:13:29Z,23.59,76.25,100,0,41.63,102.03,23.00,552.00,null,null,null
2023-08-22T01:14:29Z,23.58,76.28,100,0,75.29,102.03,22.00,549.00,0,0,0
2023-08-22T01:15:29Z,23.58,76.31,100,0,37.83,102.03,21.00,543.00,null,null,null
2023-08-22T01:16:29Z,23.59,76.29,100,0,37.97,102.03,22.00,549.00,null,null,null
2023-08-22T01:17:29Z,23.62,76.22,99,0,37.89,102.03,22.00,549.00,null,null,null
2023-08-22T01:18:29Z,23.58,76.21,100,0,35.72,102.03,23.00,552.00,null,null,null
2023-08-22T01:19:29Z,23.59,76.23,100,0,49.88,102.03,23.00,552.00,0,0,0
2023-08-22T01:20:29Z,23.58,76.21,100,0,46.87,102.03,21.00,542.00,null,null,null
2023-08-22T01:21:29Z,23.59,76.19,100,0,33.00,102.03,23.00,552.00,null,null,null
2023-08-22T01:22:29Z,23.61,76.19,100,0,52.03,102.03,23.00,552.00,null,null,null
2023-08-22T01:23:29Z,23.59,76.17,100,0,43.42,102.03,23.00,552.00,null,null,null
2023-08-22T01:24:29Z,23.57,76.17,100,0,34.14,102.03,23.00,552.00,0,0,0
2023-08-22T01:25:29Z,23.59,76.20,100,0,51.76,102.02,22.00,546.00,null,null,null
2023-08-22T01:26:29Z,23.58,76.22,100,0,34.59,102.02,23.00,555.00,null,null,null
2023-08-22T01:27:29Z,23.58,76.21,99,0,37.04,102.02,23.00,552.00,null,null,null
2023-08-22T01:28:29Z,23.57,76.14,99,0,45.37,102.02,23.00,552.00,null,null,null
2023-08-22T01:29:29Z,23.57,76.16,100,0,35.45,102.02,23.00,552.00,0,0,0
2023-08-22T01:30:29Z,23.57,76.29,100,0,35.05,102.02,23.00,555.00,null,null,null
2023-08-22T01:31:29Z,23.59,76.26,99,0,43.11,102.03,23.00,552.00,null,null,null
2023-08-22T01:32:29Z,23.59,76.23,100,0,38.24,102.03,23.00,552.00,null,null,null
2023-08-22T01:33:29Z,23.57,76.24,100,0,39.33,102.03,23.00,555.00,null,null,null
2023-08-22T01:34:29Z,23.55,76.26,100,0,42.70,102.03,23.00,555.00,0,0,0
2023-08-22T01:35:29Z,23.58,76.34,100,0,34.92,102.03,23.00,552.00,null,null,null
2023-08-22T01:36:29Z,23.57,76.32,100,0,47.80,102.03,24.00,564.00,null,null,null
2023-08-22T01:37:29Z,23.58,76.29,100,0,49.17,102.02,24.00,564.00,null,null,null
2023-08-22T01:38:29Z,23.57,76.37,100,0,38.48,102.02,25.00,566.00,null,null,null
2023-08-22T01:39:29Z,23.58,76.38,100,0,46.89,102.02,24.00,564.00,0,0,0
2023-08-22T01:40:29Z,23.55,76.43,100,0,46.68,102.02,25.00,566.00,null,null,null
2023-08-22T01:41:29Z,23.58,76.36,100,0,41.50,102.02,25.00,566.00,null,null,null
2023-08-22T01:42:29Z,23.55,76.31,100,0,43.21,102.02,24.00,564.00,null,null,null
2023-08-22T01:43:29Z,23.57,76.36,100,0,46.75,102.02,24.00,564.00,null,null,null
2023-08-22T01:44:29Z,23.55,76.36,100,0,41.05,102.01,25.00,566.00,0,0,0
2023-08-22T01:45:29Z,23.55,76.45,100,0,33.59,102.01,25.00,566.00,null,null,null
2023-08-22T01:46:29Z,23.58,76.39,100,0,35.79,102.01,25.00,566.00,null,null,null
2023-08-22T01:47:29Z,23.58,76.47,100,0,40.78,102.01,24.00,564.00,null,null,null
2023-08-22T01:48:29Z,23.54,76.46,100,0,49.03,102.01,24.00,564.00,null,null,null
2023-08-22T01:49:29Z,23.57,76.43,99,0,38.12,102.01,24.00,564.00,0,0,0
2023-08-22T01:50:29Z,23.55,76.53,100,0,33.46,102.01,24.00,564.00,null,null,null
2023-08-22T01:51:29Z,23.57,76.46,100,0,43.85,102.01,23.00,552.00,null,null,null
2023-08-22T01:52:29Z,23.54,76.46,100,0,40.16,102.01,24.00,564.00,null,null,null
2023-08-22T01:53:29Z,23.54,76.45,100,0,37.63,102.01,23.00,552.00,null,null,null
2023-08-22T01:54:29Z,23.52,76.49,100,0,36.77,102.01,23.00,552.00,0,0,0
2023-08-22T01:55:29Z,23.55,76.53,100,0,51.04,102.01,23.00,552.00,null,null,null
2023-08-22T01:56:29Z,23.55,76.44,100,0,36.14,102.01,23.00,552.00,null,null,null
2023-08-22T01:57:29Z,23.55,76.44,100,0,48.40,102.00,23.00,552.00,null,null,null
2023-08-22T01:58:29Z,23.55,76.42,100,0,50.15,102.00,23.00,552.00,null,null,null
2023-08-22T01:59:29Z,23.51,76.40,100,0,42.75,102.00,23.00,552.00,0,0,0
2023-08-22T02:00:29Z,23.54,76.49,100,0,45.81,102.00,21.00,543.00,null,null,null
2023-08-22T02:01:29Z,23.54,76.37,100,0,49.29,102.01,23.00,552.00,null,null,null
2023-08-22T02:02:29Z,23.54,76.35,99,0,41.93,102.01,22.00,549.00,null,null,null
2023-08-22T02:03:29Z,23.54,76.35,100,0,33.74,102.01,22.00,549.00,null,null,null
2023-08-22T02:04:29Z,23.52,76.42,100,0,36.95,102.02,22.00,549.00,0,0,0
2023-08-22T02:05:29Z,23.54,76.48,100,0,38.83,102.01,22.00,549.00,null,null,null
2023-08-22T02:06:29Z,23.52,76.40,100,0,34.02,102.02,22.00,549.00,null,null,null
2023-08-22T02:07:29Z,23.55,76.39,99,0,46.16,102.02,22.00,549.00,null,null,null
2023-08-22T02:08:29Z,23.54,76.37,100,0,35.53,102.01,22.00,549.00,null,null,null
2023-08-22T02:09:29Z,23.51,76.37,100,0,34.13,102.01,22.00,549.00,0,0,0
2023-08-22T02:10:29Z,23.51,76.36,100,0,39.08,102.01,22.00,549.00,null,null,null
2023-08-22T02:11:29Z,23.52,76.33,100,0,42.83,102.01,22.00,549.00,null,null,null
2023-08-22T02:12:29Z,23.51,76.34,100,0,36.53,102.01,22.00,549.00,null,null,null
2023-08-22T02:13:29Z,23.51,76.36,100,0,47.01,102.01,26.00,577.00,null,null,null
2023-08-22T02:14:29Z,23.52,76.37,99,0,49.14,102.01,29.00,591.00,0,0,0
2023-08-22T02:15:29Z,23.52,76.41,100,0,42.76,102.01,31.00,605.00,null,null,null
2023-08-22T02:16:29Z,23.51,76.37,100,0,36.29,102.01,32.00,614.00,null,null,null
2023-08-22T02:17:29Z,23.52,76.32,100,0,33.92,102.01,33.00,620.00,null,null,null
2023-08-22T02:18:29Z,23.51,76.30,99,0,35.13,102.01,33.00,620.00,null,null,null
2023-08-22T02:19:29Z,23.51,76.36,99,0,42.10,102.01,41.00,675.00,0,0,0
2023-08-22T02:20:29Z,23.50,76.37,100,0,51.66,102.01,53.00,752.00,null,null,null
2023-08-22T02:21:29Z,23.50,76.36,100,0,41.87,102.01,59.00,793.00,null,null,null
2023-08-22T02:22:29Z,23.52,76.32,100,0,34.77,102.01,63.00,819.00,null,null,null
2023-08-22T02:23:29Z,23.50,76.32,100,0,34.71,102.01,65.00,830.00,null,null,null
2023-08-22T02:24:29Z,23.48,76.34,100,0,41.03,102.01,65.00,830.00,0,0,0
2023-08-22T02:25:29Z,23.50,76.39,100,0,35.74,102.01,68.00,848.00,null,null,null
2023-08-22T02:26:29Z,23.51,76.32,100,0,43.22,102.01,66.00,838.00,null,null,null
2023-08-22T02:27:29Z,23.48,76.33,100,0,46.82,102.01,68.00,848.00,null,null,null
2023-08-22T02:28:29Z,23.48,76.36,100,0,42.51,102.01,66.00,838.00,null,null,null
2023-08-22T02:29:29Z,23.47,76.37,100,0,37.36,102.00,66.00,838.00,0,0,0
2023-08-22T02:30:29Z,23.50,76.38,100,0,34.69,102.00,63.00,819.00,null,null,null
2023-08-22T02:31:29Z,23.48,76.34,100,0,44.71,102.00,63.00,819.00,null,null,null
2023-08-22T02:32:29Z,23.48,76.38,100,0,40.37,102.00,63.00,815.00,null,null,null
2023-08-22T02:33:29Z,23.50,76.32,100,0,36.99,102.00,63.00,815.00,null,null,null
2023-08-22T02:34:29Z,23.45,76.35,99,0,39.00,102.00,63.00,815.00,0,0,0
2023-08-22T02:35:29Z,23.47,76.38,100,0,45.84,102.00,63.00,815.00,null,null,null
2023-08-22T02:36:29Z,23.48,76.33,100,0,38.27,101.99,59.00,793.00,null,null,null
2023-08-22T02:37:29Z,23.47,76.38,100,0,43.36,102.00,58.00,787.00,null,null,null
2023-08-22T02:38:29Z,23.47,76.32,100,0,35.79,102.00,58.00,787.00,null,null,null
2023-08-22T02:39:29Z,23.47,76.33,100,0,52.05,102.00,56.00,772.00,0,0,0
2023-08-22T02:40:29Z,23.47,76.38,99,0,34.71,101.99,53.00,752.00,null,null,null
2023-08-22T02:41:29Z,23.47,76.30,100,0,39.15,101.99,53.00,752.00,null,null,null
2023-08-22T02:42:29Z,23.47,76.30,100,0,38.64,101.99,53.00,752.00,null,null,null
2023-08-22T02:43:29Z,23.45,76.30,99,0,38.38,101.99,52.00,746.00,null,null,null
2023-08-22T02:44:29Z,23.48,76.31,100,0,34.71,101.99,52.00,746.00,0,0,0
2023-08-22T02:45:29Z,23.50,76.39,100,0,37.87,101.99,50.00,733.00,null,null,null
2023-08-22T02:46:29Z,23.47,76.36,99,0,35.81,101.99,50.00,733.00,null,null,null
2023-08-22T02:47:29Z,23.47,76.32,100,0,44.07,102.00,50.00,733.00,null,null,null
2023-08-22T02:48:29Z,23.45,76.31,100,0,42.63,102.00,49.00,728.00,null,null,null
2023-08-22T02:49:29Z,23.44,76.30,100,0,35.77,102.00,49.00,728.00,0,0,0
2023-08-22T02:50:29Z,23.45,76.40,100,0,41.13,102.00,48.00,717.00,null,null,null
2023-08-22T02:51:29Z,23.45,76.36,100,0,43.13,102.00,48.00,717.00,null,null,null
2023-08-22T02:52:29Z,23.45,76.34,100,0,36.26,102.01,47.00,710.00,null,null,null
2023-08-22T02:53:29Z,23.47,76.39,100,0,40.33,102.01,39.00,657.00,null,null,null
2023-08-22T02:54:29Z,23.44,76.40,100,0,34.15,102.01,39.00,657.00,0,0,0
2023-08-22T02:55:29Z,23.42,76.48,100,0,44.19,102.01,38.00,652.00,null,null,null
2023-08-22T02:56:29Z,23.44,76.42,100,0,43.11,102.00,38.00,652.00,null,null,null
2023-08-22T02:57:29Z,23.45,76.39,100,0,55.86,102.00,37.00,643.00,null,null,null
2023-08-22T02:58:29Z,23.45,76.41,100,0,43.10,102.00,37.00,643.00,null,null,null
2023-08-22T02:59:29Z,23.44,76.43,100,0,36.33,101.99,36.00,638.00,0,0,0
2023-08-22T03:00:29Z,23.44,76.53,100,0,34.06,101.99,35.00,631.00,null,null,null
2023-08-22T03:01:29Z,23.45,76.49,100,0,37.51,101.99,35.00,631.00,null,null,null
2023-08-22T03:02:29Z,23.44,76.44,100,0,38.40,101.99,35.00,631.00,null,null,null
2023-08-22T03:03:29Z,23.44,76.49,99,0,43.10,101.99,34.00,627.00,null,null,null
2023-08-22T03:04:29Z,23.41,76.40,100,0,40.09,101.99,33.00,617.00,0,0,0
2023-08-22T03:05:29Z,23.44,76.58,100,0,40.51,101.99,33.00,617.00,null,null,null
2023-08-22T03:06:29Z,23.42,76.61,100,0,44.95,101.99,33.00,617.00,null,null,null
2023-08-22T03:07:29Z,23.44,76.52,99,0,35.14,101.99,32.00,614.00,null,null,null
2023-08-22T03:08:29Z,23.44,76.55,100,0,34.23,101.98,32.00,614.00,null,null,null
2023-08-22T03:09:29Z,23.41,76.56,100,0,33.99,101.98,31.00,605.00,0,0,0
2023-08-22T03:10:29Z,23.41,76.68,100,0,40.12,101.98,31.00,605.00,null,null,null
2023-08-22T03:11:29Z,23.44,76.65,99,0,38.51,101.98,30.00,600.00,null,null,null
2023-08-22T03:12:29Z,23.47,76.57,100,0,45.76,101.98,29.00,594.00,null,null,null
2023-08-22T03:13:29Z,23.44,76.59,100,0,49.09,101.98,29.00,594.00,null,null,null
2023-08-22T03:14:29Z,23.39,76.60,100,0,36.06,101.98,29.00,594.00,0,0,0
2023-08-22T03:15:29Z,23.41,76.64,99,0,40.50,101.98,29.00,594.00,null,null,null
2023-08-22T03:16:29Z,23.42,76.63,100,0,38.19,101.98,30.00,600.00,null,null,null
2023-08-22T03:17:29Z,23.45,76.58,100,0,53.26,101.98,29.00,594.00,null,null,null
2023-08-22T03:18:29Z,23.42,76.72,100,0,40.45,101.98,29.00,594.00,null,null,null
2023-08-22T03:19:29Z,23.39,76.71,100,0,43.14,101.99,29.00,594.00,0,0,0
2023-08-22T03:20:29Z,23.42,76.72,100,0,47.65,101.98,27.00,580.00,null,null,null
2023-08-22T03:21:29Z,23.42,76.65,100,0,49.36,101.98,28.00,588.00,null,null,null
2023-08-22T03:22:29Z,23.42,76.63,100,0,34.19,101.98,27.00,580.00,null,null,null
2023-08-22T03:23:29Z,23.44,76.59,100,0,34.19,101.98,27.00,580.00,null,null,null
2023-08-22T03:24:29Z,23.39,76.56,99,0,36.86,101.98,27.00,580.00,0,0,0
2023-08-22T03:25:29Z,23.41,76.56,99,0,39.52,101.99,26.00,575.00,null,null,null
2023-08-22T03:26:29Z,23.42,76.53,100,0,40.52,101.98,26.00,575.00,null,null,null
2023-08-22T03:27:29Z,23.44,76.48,99,0,46.63,101.98,26.00,575.00,null,null,null
2023-08-22T03:28:29Z,23.41,76.47,100,0,38.66,101.98,26.00,575.00,null,null,null
2023-08-22T03:29:29Z,23.41,76.53,100,0,49.20,101.98,25.00,569.00,0,0,0
2023-08-22T03:30:29Z,23.41,76.52,100,0,46.19,101.99,25.00,569.00,null,null,null
2023-08-22T03:31:29Z,23.41,76.47,100,0,48.89,101.98,25.00,569.00,null,null,null
2023-08-22T03:32:29Z,23.41,76.49,100,0,35.82,101.99,25.00,569.00,null,null,null
2023-08-22T03:33:29Z,23.41,76.47,100,0,42.70,101.99,25.00,569.00,null,null,null
2023-08-22T03:34:29Z,23.38,76.47,100,0,43.21,101.99,25.00,569.00,0,0,0
2023-08-22T03:35:29Z,23.38,76.55,100,0,35.71,101.99,25.00,569.00,null,null,null
2023-08-22T03:36:29Z,23.41,76.49,99,0,36.96,101.99,24.00,564.00,null,null,null
2023-08-22T03:37:29Z,23.41,76.48,100,0,34.41,101.98,25.00,569.00,null,null,null
2023-08-22T03:38:29Z,23.39,76.46,100,0,35.04,101.98,24.00,564.00,null,null,null
2023-08-22T03:39:29Z,23.38,76.45,100,0,40.28,101.98,24.00,564.00,0,0,0
2023-08-22T03:40:29Z,23.41,76.49,100,0,36.38,101.97,24.00,564.00,null,null,null
2023-08-22T03:41:29Z,23.42,76.46,100,0,47.36,101.97,24.00,564.00,null,null,null
2023-08-22T03:42:29Z,23.39,76.44,100,0,39.21,101.98,24.00,564.00,null,null,null
2023-08-22T03:43:29Z,23.38,76.39,100,0,39.61,101.99,24.00,564.00,null,null,null
2023-08-22T03:44:29Z,23.38,76.43,100,0,33.98,101.99,24.00,564.00,0,0,0
2023-08-22T03:45:29Z,23.39,76.46,100,0,49.14,101.99,24.00,564.00,null,null,null
2023-08-22T03:46:29Z,23.39,76.40,100,0,39.63,101.98,24.00,564.00,null,null,null
2023-08-22T03:47:29Z,23.41,76.40,100,0,45.51,101.98,24.00,564.00,null,null,null
2023-08-22T03:48:29Z,23.38,76.37,100,0,44.84,101.98,26.00,575.00,null,null,null
2023-08-22T03:49:29Z,23.38,76.31,99,0,47.38,101.98,30.00,600.00,0,0,0
2023-08-22T03:50:29Z,23.38,76.36,99,0,42.15,101.98,34.00,627.00,null,null,null
2023-08-22T03:51:29Z,23.37,76.31,100,0,44.54,101.97,39.00,657.00,null,null,null
2023-08-22T03:52:29Z,23.38,76.34,100,0,35.17,101.98,42.00,678.00,null,null,null
2023-08-22T03:53:29Z,23.38,76.37,100,0,45.84,101.98,45.00,697.00,null,null,null
2023-08-22T03:54:29Z,23.35,76.32,100,0,40.13,101.99,45.00,697.00,0,0,0
2023-08-22T03:55:29Z,23.38,76.47,100,0,43.42,101.98,47.00,714.00,null,null,null
2023-08-22T03:56:29Z,23.38,76.45,100,0,40.26,101.99,50.00,732.00,null,null,null
2023-08-22T03:57:29Z,23.37,76.43,99,0,39.29,101.99,51.00,735.00,null,null,null
2023-08-22T03:58:29Z,23.35,76.42,100,0,43.74,101.99,51.00,735.00,null,null,null
2023-08-22T03:59:29Z,23.37,76.42,100,0,45.76,101.99,51.00,735.00,0,0,0
2023-08-22T04:00:29Z,23.37,76.47,100,0,35.36,101.99,50.00,732.00,null,null,null
2023-08-22T04:01:29Z,23.38,76.41,100,0,33.40,101.99,50.00,732.00,null,null,null
2023-08-22T04:02:29Z,23.37,76.36,100,0,42.49,101.99,48.00,719.00,null,null,null
2023-08-22T04:03:29Z,23.37,76.59,100,0,33.42,101.99,50.00,732.00,null,null,null
2023-08-22T04:04:29Z,23.35,76.57,100,0,34.46,101.98,47.00,714.00,0,0,0
2023-08-22T04:05:29Z,23.35,76.69,99,0,35.16,101.98,47.00,714.00,null,null,null
2023-08-22T04:06:29Z,23.37,76.59,100,0,33.51,101.98,47.00,714.00,null,null,null
2023-08-22T04:07:29Z,23.37,76.70,100,0,34.64,101.98,46.00,704.00,null,null,null
2023-08-22T04:08:29Z,23.34,76.61,100,0,34.35,101.98,46.00,704.00,null,null,null
2023-08-22T04:09:29Z,23.34,76.61,100,0,34.39,101.98,45.00,697.00,0,0,0
2023-08-22T04:10:29Z,23.35,76.64,100,0,null,101.97,42.00,682.00,null,null,null
2023-08-22T04:11:29Z,23.37,76.59,100,0,36.44,101.97,42.00,682.00,null,null,null
2023-08-22T04:12:29Z,23.35,76.57,100,0,34.51,101.98,42.00,678.00,null,null,null
2023-08-22T04:13:29Z,23.35,76.53,100,0,33.71,101.98,41.00,672.00,null,null,null
2023-08-22T04:14:29Z,23.35,76.54,100,0,33.98,101.98,41.00,672.00,0,0,0
2023-08-22T04:15:29Z,23.35,76.69,99,0,34.80,101.98,41.00,672.00,null,null,null
2023-08-22T04:16:29Z,23.37,76.66,100,0,35.49,101.98,41.00,672.00,null,null,null
2023-08-22T04:17:29Z,23.35,76.59,100,0,34.22,101.98,40.00,666.00,null,null,null
2023-08-22T04:18:29Z,23.35,76.59,100,0,33.65,101.98,40.00,666.00,null,null,null
2023-08-22T04:19:29Z,23.35,76.65,100,0,33.50,101.98,39.00,657.00,0,0,0
2023-08-22T04:20:29Z,23.34,76.63,100,0,33.69,101.98,39.00,657.00,null,null,null
2023-08-22T04:21:29Z,23.35,76.57,100,0,33.94,101.98,39.00,657.00,null,null,null
2023-08-22T04:22:29Z,23.34,76.53,100,0,34.08,101.97,39.00,657.00,null,null,null
2023-08-22T04:23:29Z,23.35,76.55,100,0,34.67,101.97,38.00,652.00,null,null,null
2023-08-22T04:24:29Z,23.34,76.48,100,0,34.14,101.97,38.00,652.00,0,0,0
2023-08-22T04:25:29Z,23.34,76.56,100,0,33.80,101.97,38.00,652.00,null,null,null
2023-08-22T04:26:29Z,23.38,76.52,99,0,34.31,101.97,38.00,652.00,null,null,null
2023-08-22T04:27:29Z,23.35,76.46,100,0,35.10,101.97,37.00,643.00,null,null,null
2023-08-22T04:28:29Z,23.32,76.45,100,0,34.17,101.97,38.00,652.00,null,null,null
2023-08-22T04:29:29Z,23.32,76.58,100,0,34.42,101.97,38.00,652.00,0,0,0
2023-08-22T04:30:29Z,23.34,76.58,100,0,36.13,101.98,38.00,652.00,null,null,null
2023-08-22T04:31:29Z,23.30,76.56,100,0,35.24,101.98,38.00,652.00,null,null,null
2023-08-22T04:32:29Z,23.37,76.46,100,0,34.68,101.98,38.00,652.00,null,null,null
2023-08-22T04:33:29Z,23.34,76.49,100,0,34.49,101.98,38.00,652.00,null,null,null
2023-08-22T04:34:29Z,23.30,76.54,100,0,37.18,101.97,38.00,652.00,0,0,0
2023-08-22T04:35:29Z,23.32,76.65,100,0,33.95,101.97,39.00,657.00,null,null,null
2023-08-22T04:36:29Z,23.32,76.59,100,0,33.43,101.97,40.00,666.00,null,null,null
2023-08-22T04:37:29Z,23.34,76.54,100,0,33.64,101.97,40.00,666.00,null,null,null
2023-08-22T04:38:29Z,23.32,76.53,100,0,33.32,101.97,39.00,657.00,null,null,null
2023-08-22T04:39:29Z,23.30,76.52,99,0,34.42,101.97,39.00,657.00,0,0,0
2023-08-22T04:40:29Z,23.31,76.55,100,0,35.09,101.97,38.00,652.00,null,null,null
2023-08-22T04:41:29Z,23.31,76.52,99,0,35.18,101.97,39.00,657.00,null,null,null
2023-08-22T04:42:29Z,23.32,76.50,100,0,34.25,101.97,39.00,657.00,null,null,null
2023-08-22T04:43:29Z,23.31,76.51,99,0,35.46,101.96,39.00,657.00,null,null,null
2023-08-22T04:44:29Z,23.30,76.52,100,0,38.41,101.96,39.00,657.00,0,0,0
2023-08-22T04:45:29Z,23.30,76.59,100,0,35.11,101.96,38.00,652.00,null,null,null
2023-08-22T04:46:29Z,23.32,76.50,100,0,34.06,101.96,39.00,657.00,null,null,null
2023-08-22T04:47:29Z,23.32,76.53,100,0,33.63,101.96,38.00,652.00,null,null,null
2023-08-22T04:48:29Z,23.30,76.51,100,0,35.45,101.96,38.00,652.00,null,null,null
2023-08-22T04:49:29Z,23.30,76.48,100,0,33.43,101.96,38.00,652.00,0,0,0
2023-08-22T04:50:29Z,23.31,76.63,100,0,36.12,101.96,39.00,657.00,null,null,null
2023-08-22T04:51:29Z,23.30,76.58,100,0,34.06,101.97,39.00,657.00,null,null,null
2023-08-22T04:52:29Z,23.30,76.60,100,0,34.38,101.97,40.00,666.00,null,null,null
2023-08-22T04:53:29Z,23.30,76.59,100,0,35.26,101.97,39.00,657.00,null,null,null
2023-08-22T04:54:29Z,23.30,76.58,100,0,34.39,101.97,40.00,666.00,0,0,0
2023-08-22T04:55:29Z,23.28,76.66,100,0,34.01,101.97,40.00,666.00,null,null,null
2023-08-22T04:56:29Z,23.31,76.64,99,0,34.44,101.98,39.00,657.00,null,null,null
2023-08-22T04:57:29Z,23.28,76.58,100,0,36.02,101.98,40.00,666.00,null,null,null
2023-08-22T04:58:29Z,23.28,76.78,100,0,35.46,101.98,40.00,666.00,null,null,null
2023-08-22T04:59:29Z,23.28,76.73,100,0,34.50,101.98,39.00,659.00,0,0,0
2023-08-22T05:00:29Z,23.25,76.75,100,0,35.03,101.98,41.00,672.00,null,null,null
2023-08-22T05:01:29Z,23.30,76.73,100,0,35.42,101.98,40.00,666.00,null,null,null
2023-08-22T05:02:29Z,23.30,76.76,100,0,34.66,101.99,41.00,672.00,null,null,null
2023-08-22T05:03:29Z,23.27,76.74,100,0,34.55,101.99,40.00,666.00,null,null,null
2023-08-22T05:04:29Z,23.27,76.81,100,0,34.77,101.99,41.00,672.00,0,0,0
2023-08-22T05:05:29Z,23.27,76.96,100,0,40.27,101.99,40.00,666.00,null,null,null
2023-08-22T05:06:29Z,23.30,76.92,100,0,34.56,101.99,40.00,666.00,null,null,null
2023-08-22T05:07:29Z,23.28,76.90,100,0,33.40,101.99,41.00,672.00,null,null,null
2023-08-22T05:08:29Z,23.25,77.04,100,0,34.20,101.99,41.00,672.00,null,null,null
2023-08-22T05:09:29Z,23.25,77.14,100,0,37.40,101.99,41.00,675.00,0,0,0
2023-08-22T05:10:29Z,23.27,77.28,100,0,35.66,102.00,41.00,675.00,null,null,null
2023-08-22T05:11:29Z,23.27,77.14,100,0,33.92,101.99,40.00,666.00,null,null,null
2023-08-22T05:12:29Z,23.30,77.10,100,0,36.37,102.00,41.00,672.00,null,null,null
2023-08-22T05:13:29Z,23.27,77.27,100,0,35.98,102.00,41.00,675.00,null,null,null
2023-08-22T05:14:29Z,23.25,77.19,99,0,34.72,102.00,41.00,675.00,0,0,0
2023-08-22T05:15:29Z,23.25,77.52,99,0,37.52,102.00,43.00,683.00,null,null,null
2023-08-22T05:16:29Z,23.28,77.43,100,0,33.50,102.00,44.00,692.00,null,null,null
2023-08-22T05:17:29Z,23.30,77.30,100,0,34.86,102.00,48.00,719.00,null,null,null
2023-08-22T05:18:29Z,23.24,77.29,100,0,37.26,102.00,46.00,708.00,null,null,null
2023-08-22T05:19:29Z,23.25,77.47,100,0,33.80,102.00,56.00,772.00,0,0,0
2023-08-22T05:20:29Z,23.22,77.59,100,0,35.69,102.00,47.00,715.00,null,null,null
2023-08-22T05:21:29Z,23.25,77.50,100,0,34.74,102.00,58.00,785.00,null,null,null
2023-08-22T05:22:29Z,23.24,77.41,100,0,34.96,102.00,47.00,715.00,null,null,null
2023-08-22T05:23:29Z,23.25,77.36,100,0,35.71,101.99,57.00,780.00,null,null,null
2023-08-22T05:24:29Z,23.25,77.35,100,0,34.28,101.99,47.00,715.00,0,0,0
2023-08-22T05:25:29Z,23.24,77.47,100,0,40.06,101.99,48.00,719.00,null,null,null
2023-08-22T05:26:29Z,23.25,77.42,100,0,34.77,101.99,58.00,785.00,null,null,null
2023-08-22T05:27:29Z,23.24,77.39,100,0,37.06,101.99,47.00,715.00,null,null,null
2023-08-22T05:28:29Z,23.25,77.36,100,0,35.38,101.99,58.00,785.00,null,null,null
2023-08-22T05:29:29Z,23.21,77.29,99,0,33.87,101.99,47.00,715.00,0,0,0
2023-08-22T05:30:29Z,23.22,77.43,100,0,35.19,102.00,58.00,785.00,null,null,null
2023-08-22T05:31:29Z,23.28,77.35,100,0,36.27,102.00,57.00,780.00,null,null,null
2023-08-22T05:32:29Z,23.24,77.44,100,0,34.62,102.00,48.00,719.00,null,null,null
2023-08-22T05:33:29Z,23.24,77.37,100,0,33.99,101.99,57.00,780.00,null,null,null
2023-08-22T05:34:29Z,23.22,77.36,100,0,34.49,101.99,56.00,772.00,0,0,0
2023-08-22T05:35:29Z,23.20,77.39,100,0,33.98,101.99,57.00,780.00,null,null,null
2023-08-22T05:36:29Z,23.24,77.33,100,0,34.90,101.99,55.00,765.00,null,null,null
2023-08-22T05:37:29Z,23.22,77.28,100,0,34.19,101.99,55.00,765.00,null,null,null
2023-08-22T05:38:29Z,23.22,77.25,100,0,35.83,101.99,55.00,765.00,null,null,null
2023-08-22T05:39:29Z,23.21,77.28,99,0,33.64,101.99,56.00,772.00,0,0,0
2023-08-22T05:40:29Z,23.21,77.33,100,0,35.84,101.99,55.00,765.00,null,null,null
2023-08-22T05:41:29Z,23.24,77.31,100,0,34.39,101.99,56.00,772.00,null,null,null
2023-08-22T05:42:29Z,23.24,77.22,99,0,35.95,102.00,56.00,772.00,null,null,null
2023-08-22T05:43:29Z,23.21,77.26,100,0,35.53,102.00,56.00,772.00,null,null,null
2023-08-22T05:44:29Z,23.21,77.24,100,0,36.76,102.00,53.00,754.00,0,0,0
2023-08-22T05:45:29Z,23.20,77.29,100,0,34.66,102.00,54.00,761.00,null,null,null
2023-08-22T05:46:29Z,23.21,77.30,99,0,34.07,101.99,53.00,754.00,null,null,null
2023-08-22T05:47:29Z,23.21,77.26,100,0,34.85,101.99,55.00,765.00,null,null,null
2023-08-22T05:48:29Z,23.21,77.29,100,0,34.44,101.99,62.00,808.00,null,null,null
2023-08-22T05:49:29Z,23.20,77.26,100,0,34.66,101.99,67.00,840.00,0,0,0
2023-08-22T05:50:29Z,23.21,77.41,100,0,34.89,102.00,68.00,851.00,null,null,null
2023-08-22T05:51:29Z,23.18,77.30,100,0,35.55,102.00,89.00,987.00,null,null,null
2023-08-22T05:52:29Z,23.20,77.31,100,0,37.76,102.00,140.00,1324.00,null,null,null
2023-08-22T05:53:29Z,23.18,77.33,100,0,36.69,102.00,140.00,1324.00,null,null,null
2023-08-22T05:54:29Z,23.21,77.41,100,0,36.55,102.00,187.00,1523.00,0,0,0
2023-08-22T05:55:29Z,23.21,77.46,100,0,38.24,102.01,199.00,1540.00,null,null,null
2023-08-22T05:56:29Z,23.21,77.39,99,0,37.15,102.01,211.00,1556.00,null,null,null
2023-08-22T05:57:29Z,23.21,77.38,100,0,33.38,102.01,208.00,1552.00,null,null,null
2023-08-22T05:58:29Z,23.20,77.39,100,0,36.38,102.01,204.00,1547.00,null,null,null
2023-08-22T05:59:29Z,23.18,77.37,100,0,36.60,102.01,196.00,1536.00,0,0,0
2023-08-22T06:00:29Z,23.21,77.52,100,0,35.80,102.01,193.00,1531.00,null,null,null
2023-08-22T06:01:29Z,23.21,77.51,100,0,34.25,102.01,190.00,1527.00,null,null,null
2023-08-22T06:02:29Z,23.22,77.53,100,0,36.63,102.01,184.00,1519.00,null,null,null
2023-08-22T06:03:29Z,23.20,77.62,100,0,35.03,102.01,178.00,1509.00,null,null,null
2023-08-22T06:04:29Z,23.20,77.53,100,0,34.71,102.01,175.00,1505.00,0,0,0
2023-08-22T06:05:29Z,23.20,77.55,100,0,38.77,102.01,163.00,1474.00,null,null,null
2023-08-22T06:06:29Z,23.20,77.50,100,0,35.87,102.01,163.00,1474.00,null,null,null
2023-08-22T06:07:29Z,23.18,77.55,100,0,36.03,102.01,160.00,1453.00,null,null,null
2023-08-22T06:08:29Z,23.15,77.74,100,0,41.90,102.01,154.00,1416.00,null,null,null
2023-08-22T06:09:29Z,23.20,77.71,99,0,36.79,102.01,152.00,1400.00,0,0,0
2023-08-22T06:10:29Z,23.18,77.67,100,0,35.12,102.00,146.00,1364.00,null,null,null
2023-08-22T06:11:29Z,23.20,77.73,100,0,35.40,102.01,144.00,1349.00,null,null,null
2023-08-22T06:12:29Z,23.21,77.56,100,0,36.41,102.00,140.00,1324.00,null,null,null
2023-08-22T06:13:29Z,23.17,77.56,100,0,35.01,102.00,135.00,1288.00,null,null,null
2023-08-22T06:14:29Z,23.17,77.80,100,0,39.13,102.00,131.00,1266.00,0,0,0
2023-08-22T06:15:29Z,23.17,77.67,100,0,34.10,102.01,128.00,1242.00,null,null,null
2023-08-22T06:16:29Z,23.21,77.63,100,0,36.59,102.01,127.00,1238.00,null,null,null
2023-08-22T06:17:29Z,23.20,77.61,100,0,35.22,102.01,122.00,1207.00,null,null,null
2023-08-22T06:18:29Z,23.17,77.62,100,0,35.50,102.01,121.00,1195.00,null,null,null
2023-08-22T06:19:29Z,23.17,77.77,99,0,35.24,102.01,118.00,1181.00,0,0,0
2023-08-22T06:20:29Z,23.18,77.70,100,0,34.94,102.01,115.00,1156.00,null,null,null
2023-08-22T06:21:29Z,23.18,77.78,100,0,36.12,102.01,114.00,1150.00,null,null,null
2023-08-22T06:22:29Z,23.18,77.77,100,0,35.77,102.01,110.00,1128.00,null,null,null
2023-08-22T06:23:29Z,23.17,77.61,100,0,34.44,102.01,108.00,1113.00,null,null,null
2023-08-22T06:24:29Z,23.15,77.71,99,0,33.81,102.00,110.00,1125.00,0,0,0
2023-08-22T06:25:29Z,23.17,77.66,100,0,34.44,102.01,108.00,1110.00,null,null,null
2023-08-22T06:26:29Z,23.17,77.72,100,0,36.46,102.01,106.00,1099.00,null,null,null
2023-08-22T06:27:29Z,23.17,77.63,100,0,35.73,102.01,102.00,1074.00,null,null,null
2023-08-22T06:28:29Z,23.17,77.60,100,0,34.62,102.01,102.00,1074.00,null,null,null
2023-08-22T06:29:29Z,23.14,77.64,100,0,34.97,102.01,100.00,1062.00,0,0,0
2023-08-22T06:30:29Z,23.17,77.73,100,0,36.93,102.01,94.00,1019.00,null,null,null
2023-08-22T06:31:29Z,23.17,77.64,100,0,35.26,102.02,94.00,1019.00,null,null,null
2023-08-22T06:32:29Z,23.14,77.67,99,0,36.24,102.01,92.00,1009.00,null,null,null
2023-08-22T06:33:29Z,23.12,77.62,99,0,35.58,102.01,92.00,1009.00,null,null,null
2023-08-22T06:34:29Z,23.12,77.75,100,0,35.22,102.02,94.00,1019.00,0,0,0
2023-08-22T06:35:29Z,23.15,77.80,100,0,34.36,102.02,89.00,990.00,null,null,null
2023-08-22T06:36:29Z,23.17,77.86,100,0,35.62,102.02,89.00,990.00,null,null,null
2023-08-22T06:37:29Z,23.15,77.87,100,0,35.50,102.03,91.00,1001.00,null,null,null
2023-08-22T06:38:29Z,23.15,77.88,100,0,38.50,102.03,89.00,990.00,null,null,null
2023-08-22T06:39:29Z,23.14,77.88,100,0,34.92,102.02,89.00,990.00,0,0,0
2023-08-22T06:40:29Z,23.17,77.83,100,0,35.28,102.03,84.00,956.00,null,null,null
2023-08-22T06:41:29Z,23.14,77.86,100,0,37.24,102.03,84.00,956.00,null,null,null
2023-08-22T06:42:29Z,23.14,77.90,100,0,34.48,102.03,84.00,956.00,null,null,null
2023-08-22T06:43:29Z,23.15,77.77,99,0,34.13,102.03,83.00,945.00,null,null,null
2023-08-22T06:44:29Z,23.12,77.88,100,0,39.94,102.04,83.00,945.00,0,0,0
2023-08-22T06:45:29Z,23.14,77.96,100,0,35.11,102.03,81.00,933.00,null,null,null
2023-08-22T06:46:29Z,23.14,77.80,100,0,35.21,102.03,81.00,933.00,null,null,null
2023-08-22T06:47:29Z,23.12,77.86,100,0,36.42,102.02,81.00,933.00,null,null,null
2023-08-22T06:48:29Z,23.15,77.92,100,0,34.15,102.03,83.00,945.00,null,null,null
2023-08-22T06:49:29Z,23.14,77.90,100,0,35.59,102.02,81.00,933.00,0,0,0
2023-08-22T06:50:29Z,23.14,77.97,100,0,34.05,102.03,79.00,923.00,null,null,null
2023-08-22T06:51:29Z,23.15,77.89,99,0,35.44,102.03,81.00,933.00,null,null,null
2023-08-22T06:52:29Z,23.15,77.98,100,0,35.94,102.02,79.00,923.00,null,null,null
2023-08-22T06:53:29Z,23.11,77.99,100,0,35.19,102.02,79.00,923.00,null,null,null
2023-08-22T06:54:29Z,23.14,77.89,100,0,34.56,102.03,78.00,913.00,0,0,0
2023-08-22T06:55:29Z,23.14,77.97,100,0,34.23,102.03,83.00,945.00,null,null,null
2023-08-22T06:56:29Z,23.12,78.00,100,0,33.94,102.03,87.00,977.00,null,null,null
2023-08-22T06:57:29Z,23.14,77.92,100,0,34.12,102.03,91.00,1001.00,null,null,null
2023-08-22T06:58:29Z,23.14,78.02,99,0,35.12,102.04,93.00,1012.00,null,null,null
2023-08-22T06:59:29Z,23.14,78.02,100,0,35.73,102.04,93.00,1012.00,0,0,0
2023-08-22T07:00:29Z,23.15,78.10,99,0,34.44,102.04,93.00,1012.00,null,null,null
2023-08-22T07:01:29Z,23.15,78.06,100,0,36.28,102.04,93.00,1012.00,null,null,null
2023-08-22T07:02:29Z,23.14,78.09,100,0,34.49,102.04,93.00,1012.00,null,null,null
2023-08-22T07:03:29Z,23.12,78.09,100,0,37.21,102.04,93.00,1012.00,null,null,null
2023-08-22T07:04:29Z,23.12,78.03,99,0,37.53,102.04,93.00,1012.00,0,0,0
2023-08-22T07:05:29Z,23.12,78.17,100,0,34.23,102.04,93.00,1012.00,null,null,null
2023-08-22T07:06:29Z,23.11,78.15,100,0,35.65,102.04,91.00,1001.00,null,null,null
2023-08-22T07:07:29Z,23.14,78.14,100,0,34.51,102.04,91.00,1001.00,null,null,null
2023-08-22T07:08:29Z,23.12,78.09,100,0,33.82,102.04,91.00,1001.00,null,null,null
2023-08-22T07:09:29Z,23.11,78.16,100,0,35.59,102.05,89.00,990.00,0,0,0
2023-08-22T07:10:29Z,23.12,78.15,100,0,35.44,102.05,89.00,990.00,null,null,null
2023-08-22T07:11:29Z,23.12,78.11,99,0,37.28,102.05,89.00,990.00,null,null,null
2023-08-22T07:12:29Z,23.12,78.18,100,0,34.09,102.05,89.00,990.00,null,null,null
2023-08-22T07:13:29Z,23.12,78.11,99,0,36.28,102.05,89.00,990.00,null,null,null
2023-08-22T07:14:29Z,23.14,78.14,100,0,34.38,102.05,89.00,990.00,0,0,0
2023-08-22T07:15:29Z,23.12,78.16,100,0,35.05,102.05,84.00,956.00,null,null,null
2023-08-22T07:16:29Z,23.14,78.10,100,0,33.94,102.05,86.00,967.00,null,null,null
2023-08-22T07:17:29Z,23.12,78.24,100,0,33.99,102.06,86.00,967.00,null,null,null
2023-08-22T07:18:29Z,23.11,78.25,100,1,34.11,102.06,86.00,967.00,null,null,null
2023-08-22T07:19:29Z,23.11,78.21,100,0,35.78,102.07,85.00,959.00,0,0,0
2023-08-22T07:20:29Z,23.12,78.32,100,0,34.42,102.06,84.00,956.00,null,null,null
2023-08-22T07:21:29Z,23.12,78.30,100,0,34.05,102.06,85.00,959.00,null,null,null
2023-08-22T07:22:29Z,23.10,78.28,100,0,34.40,102.06,85.00,959.00,null,null,null
2023-08-22T07:23:29Z,23.11,78.29,100,0,35.26,102.06,83.00,949.00,null,null,null
2023-08-22T07:24:29Z,23.11,78.22,99,0,34.25,102.06,83.00,949.00,0,0,0
2023-08-22T07:25:29Z,23.12,78.42,100,0,34.46,102.06,84.00,956.00,null,null,null
2023-08-22T07:26:29Z,23.12,78.26,100,0,34.99,102.06,83.00,949.00,null,null,null
2023-08-22T07:27:29Z,23.14,78.26,100,0,36.23,102.07,81.00,935.00,null,null,null
2023-08-22T07:28:29Z,23.12,78.27,100,0,35.50,102.06,81.00,935.00,null,null,null
2023-08-22T07:29:29Z,23.10,78.28,100,0,35.42,102.06,81.00,935.00,0,0,0
2023-08-22T07:30:29Z,23.14,78.38,100,0,37.18,102.06,81.00,935.00,null,null,null
2023-08-22T07:31:29Z,23.12,78.37,99,0,34.29,102.06,81.00,935.00,null,null,null
2023-08-22T07:32:29Z,23.12,78.25,100,0,34.32,102.06,79.00,925.00,null,null,null
2023-08-22T07:33:29Z,23.11,78.27,100,0,36.53,102.06,81.00,935.00,null,null,null
2023-08-22T07:34:29Z,23.10,78.27,100,0,34.32,102.07,79.00,925.00,0,0,0
2023-08-22T07:35:29Z,23.11,78.38,100,0,34.47,102.06,79.00,925.00,null,null,null
2023-08-22T07:36:29Z,23.12,78.22,100,0,35.67,102.07,78.00,915.00,null,null,null
2023-08-22T07:37:29Z,23.11,78.17,100,0,35.20,102.06,78.00,913.00,null,null,null
2023-08-22T07:38:29Z,23.11,78.18,99,0,34.10,102.06,76.00,902.00,null,null,null
2023-08-22T07:39:29Z,23.11,78.26,100,0,35.47,102.06,78.00,913.00,0,0,0
2023-08-22T07:40:29Z,23.11,78.33,100,0,34.88,102.06,75.00,895.00,null,null,null
2023-08-22T07:41:29Z,23.11,78.26,100,0,33.73,102.07,75.00,895.00,null,null,null
2023-08-22T07:42:29Z,23.12,78.32,99,0,36.67,102.07,76.00,905.00,null,null,null
2023-08-22T07:43:29Z,23.11,78.28,99,0,43.81,102.07,86.00,970.00,null,null,null
2023-08-22T07:44:29Z,23.11,78.40,100,0,35.92,102.06,86.00,970.00,0,0,0
2023-08-22T07:45:29Z,23.10,78.42,100,0,46.72,102.05,86.00,970.00,null,null,null
2023-08-22T07:46:29Z,23.14,78.38,100,0,35.89,102.05,86.00,970.00,null,null,null
2023-08-22T07:47:29Z,23.12,78.32,100,0,34.71,102.05,117.00,1174.00,null,null,null
2023-08-22T07:48:29Z,23.14,78.37,100,0,49.35,102.05,156.00,1425.00,null,null,null
2023-08-22T07:49:29Z,23.11,78.41,100,0,36.92,102.06,174.00,1503.00,0,0,0
2023-08-22T07:50:29Z,23.11,78.45,100,0,35.01,102.06,186.00,1521.00,null,null,null
2023-08-22T07:51:29Z,23.14,78.43,100,0,43.75,102.07,186.00,1521.00,null,null,null
2023-08-22T07:52:29Z,23.12,78.37,100,0,48.23,102.08,195.00,1534.00,null,null,null
2023-08-22T07:53:29Z,23.11,78.36,100,0,57.61,102.08,195.00,1534.00,null,null,null
2023-08-22T07:54:29Z,23.11,78.43,100,0,35.10,102.08,192.00,1530.00,0,0,0
2023-08-22T07:55:29Z,23.08,78.52,100,0,54.20,102.07,186.00,1521.00,null,null,null
2023-08-22T07:56:29Z,23.14,78.47,100,0,53.21,102.08,183.00,1517.00,null,null,null
2023-08-22T07:57:29Z,23.12,78.43,100,1,52.35,102.08,188.00,1525.00,null,null,null
2023-08-22T07:58:29Z,23.14,78.44,100,0,39.35,102.08,192.00,1530.00,null,null,null
2023-08-22T07:59:29Z,23.11,78.48,100,0,33.94,102.07,195.00,1534.00,0,0,0
2023-08-22T08:00:29Z,23.11,78.47,100,0,42.31,102.07,199.00,1540.00,null,null,null
2023-08-22T08:01:29Z,23.11,78.48,100,0,47.83,102.07,207.00,1550.00,null,null,null
2023-08-22T08:02:29Z,23.12,78.40,99,0,34.69,102.07,209.00,1555.00,null,null,null
2023-08-22T08:03:29Z,23.14,78.45,100,0,35.26,102.07,209.00,1555.00,null,null,null
2023-08-22T08:04:29Z,23.12,78.39,100,0,45.68,102.07,207.00,1550.00,0,0,0
2023-08-22T08:05:29Z,23.11,78.51,100,0,34.06,102.07,204.00,1546.00,null,null,null
2023-08-22T08:06:29Z,23.10,78.45,99,1,40.59,102.07,204.00,1546.00,null,null,null
2023-08-22T08:07:29Z,23.12,78.54,100,2,35.19,102.07,204.00,1546.00,null,null,null
2023-08-22T08:08:29Z,23.12,78.47,100,1,35.01,102.08,195.00,1534.00,null,null,null
2023-08-22T08:09:29Z,23.11,78.44,99,0,34.98,102.08,192.00,1530.00,0,0,0
2023-08-22T08:10:29Z,23.14,78.56,100,0,33.83,102.09,188.00,1525.00,null,null,null
2023-08-22T08:11:29Z,23.11,78.50,100,0,34.04,102.08,199.00,1540.00,null,null,null
2023-08-22T08:12:29Z,23.12,78.55,99,0,33.22,102.09,204.00,1546.00,null,null,null
2023-08-22T08:13:29Z,23.12,78.40,100,0,34.96,102.09,204.00,1546.00,null,null,null
2023-08-22T08:14:29Z,23.08,78.39,100,0,36.57,102.09,204.00,1546.00,0,0,0
2023-08-22T08:15:29Z,23.10,78.50,100,0,33.15,102.10,199.00,1540.00,null,null,null
2023-08-22T08:16:29Z,23.12,78.40,100,0,35.31,102.10,195.00,1534.00,null,null,null
2023-08-22T08:17:29Z,23.12,78.40,100,1,34.75,102.10,192.00,1530.00,null,null,null
2023-08-22T08:18:29Z,23.11,78.36,100,0,35.43,102.11,188.00,1525.00,null,null,null
2023-08-22T08:19:29Z,23.11,78.33,100,0,35.31,102.10,183.00,1517.00,0,0,0
2023-08-22T08:20:29Z,23.14,78.37,100,0,34.19,102.10,180.00,1513.00,null,null,null
2023-08-22T08:21:29Z,23.12,78.28,100,0,34.85,102.10,180.00,1513.00,null,null,null
2023-08-22T08:22:29Z,23.12,78.41,100,0,51.59,102.10,177.00,1507.00,null,null,null
2023-08-22T08:23:29Z,23.11,78.38,99,0,44.12,102.10,174.00,1503.00,null,null,null
2023-08-22T08:24:29Z,23.10,78.46,100,1,34.98,102.09,174.00,1503.00,0,0,0
2023-08-22T08:25:29Z,23.10,78.47,100,1,35.45,102.09,171.00,1499.00,null,null,null
2023-08-22T08:26:29Z,23.12,78.40,100,1,33.29,102.09,171.00,1499.00,null,null,null
2023-08-22T08:27:29Z,23.14,78.37,100,0,37.87,102.09,168.00,1495.00,null,null,null
2023-08-22T08:28:29Z,23.11,78.33,100,2,34.14,102.09,162.00,1465.00,null,null,null
2023-08-22T08:29:29Z,23.12,78.29,100,8,35.40,102.09,166.00,1491.00,0,0,0
2023-08-22T08:30:29Z,23.10,78.36,99,3,36.13,102.09,166.00,1491.00,null,null,null
2023-08-22T08:31:29Z,23.17,78.26,100,2,34.38,102.09,162.00,1465.00,null,null,null
2023-08-22T08:32:29Z,23.12,78.22,100,1,34.83,102.09,159.00,1445.00,null,null,null
2023-08-22T08:33:29Z,23.15,78.22,100,4,33.42,102.09,157.00,1436.00,null,null,null
2023-08-22T08:34:29Z,23.11,78.20,100,7,33.62,102.10,155.00,1420.00,0,0,0
2023-08-22T08:35:29Z,23.17,78.19,100,3,34.89,102.10,150.00,1389.00,null,null,null
2023-08-22T08:36:29Z,23.15,78.15,100,8,33.73,102.10,150.00,1389.00,null,null,null
2023-08-22T08:37:29Z,23.12,78.10,100,9,34.50,102.10,147.00,1367.00,null,null,null
2023-08-22T08:38:29Z,23.12,78.09,100,9,45.90,102.10,145.00,1352.00,null,null,null
2023-08-22T08:39:29Z,23.12,78.05,100,1,35.58,102.10,139.00,1313.00,0,0,0
2023-08-22T08:40:29Z,23.12,78.13,100,6,34.92,102.11,138.00,1307.00,null,null,null
2023-08-22T08:41:29Z,23.14,78.07,99,9,37.37,102.11,139.00,1313.00,null,null,null
2023-08-22T08:42:29Z,23.12,78.02,100,9,34.33,102.11,139.00,1313.00,null,null,null
2023-08-22T08:43:29Z,23.12,78.04,100,1,34.62,102.11,139.00,1313.00,null,null,null
2023-08-22T08:44:29Z,23.14,78.06,100,1,33.61,102.11,138.00,1307.00,0,0,0
2023-08-22T08:45:29Z,23.14,78.04,100,6,34.21,102.10,135.00,1291.00,null,null,null
2023-08-22T08:46:29Z,23.17,77.99,100,2,33.54,102.11,135.00,1291.00,null,null,null
2023-08-22T08:47:29Z,23.15,78.00,100,1,33.80,102.10,135.00,1291.00,null,null,null
2023-08-22T08:48:29Z,23.11,78.00,100,1,35.13,102.10,133.00,1277.00,null,null,null
2023-08-22T08:49:29Z,23.14,77.98,100,2,34.34,102.09,130.00,1255.00,0,0,0
2023-08-22T08:50:29Z,23.14,78.03,100,3,35.21,102.10,130.00,1255.00,null,null,null
2023-08-22T08:51:29Z,23.15,77.95,100,3,34.66,102.10,130.00,1255.00,null,null,null
2023-08-22T08:52:29Z,23.14,77.94,100,2,34.77,102.10,130.00,1255.00,null,null,null
2023-08-22T08:53:29Z,23.12,77.96,100,1,35.12,102.10,128.00,1242.00,null,null,null
2023-08-22T08:54:29Z,23.14,77.94,100,7,35.47,102.10,126.00,1228.00,0,0,0
2023-08-22T08:55:29Z,23.14,77.96,100,7,33.71,102.09,126.00,1228.00,null,null,null
2023-08-22T08:56:29Z,23.15,77.93,100,4,42.60,102.09,123.00,1212.00,null,null,null
2023-08-22T08:57:29Z,23.15,77.88,100,8,40.32,102.09,121.00,1198.00,null,null,null
2023-08-22T08:58:29Z,23.14,77.85,100,7,37.87,102.09,119.00,1184.00,null,null,null
2023-08-22T08:59:29Z,23.14,77.88,100,5,37.06,102.09,117.00,1171.00,0,0,0
2023-08-22T09:00:29Z,23.15,77.92,99,5,34.51,102.10,119.00,1184.00,null,null,null
2023-08-22T09:01:29Z,23.15,77.84,100,7,34.58,102.10,115.00,1156.00,null,null,null
2023-08-22T09:02:29Z,23.14,77.84,100,2,34.17,102.10,115.00,1156.00,null,null,null
2023-08-22T09:03:29Z,23.17,77.83,99,4,41.81,102.10,110.00,1128.00,null,null,null
2023-08-22T09:04:29Z,23.15,77.84,99,1,35.32,102.10,112.00,1140.00,0,0,0
2023-08-22T09:05:29Z,23.14,77.89,100,6,34.46,102.10,110.00,1128.00,null,null,null
2023-08-22T09:06:29Z,23.15,77.89,100,7,34.10,102.10,110.00,1128.00,null,null,null
2023-08-22T09:07:29Z,23.14,77.82,100,7,34.78,102.10,108.00,1113.00,null,null,null
2023-08-22T09:08:29Z,23.14,77.84,100,6,39.70,102.10,108.00,1113.00,null,null,null
2023-08-22T09:09:29Z,23.15,77.86,100,6,36.88,102.10,108.00,1113.00,0,0,0
2023-08-22T09:10:29Z,23.14,77.83,100,2,44.33,102.10,108.00,1113.00,null,null,null
2023-08-22T09:11:29Z,23.15,77.83,100,1,33.71,102.10,108.00,1113.00,null,null,null
2023-08-22T09:12:29Z,23.18,77.80,100,6,35.16,102.09,108.00,1113.00,null,null,null
2023-08-22T09:13:29Z,23.18,77.79,100,1,33.96,102.09,106.00,1102.00,null,null,null
2023-08-22T09:14:29Z,23.17,77.81,100,5,35.30,102.09,108.00,1113.00,0,0,0
2023-08-22T09:15:29Z,23.15,77.86,100,5,38.35,102.09,103.00,1077.00,null,null,null
2023-08-22T09:16:29Z,23.14,77.82,100,5,36.70,102.09,106.00,1102.00,null,null,null
2023-08-22T09:17:29Z,23.15,77.78,100,5,35.38,102.09,105.00,1090.00,null,null,null
2023-08-22T09:18:29Z,23.17,77.79,100,5,33.76,102.09,105.00,1090.00,null,null,null
2023-08-22T09:19:29Z,23.15,77.77,100,5,35.40,102.10,103.00,1077.00,0,0,0
2023-08-22T09:20:29Z,23.15,77.87,100,1,36.16,102.10,101.00,1065.00,null,null,null
2023-08-22T09:21:29Z,23.14,77.81,100,1,35.38,102.10,103.00,1077.00,null,null,null
2023-08-22T09:22:29Z,23.17,77.75,100,0,36.01,102.10,103.00,1077.00,null,null,null
2023-08-22T09:23:29Z,23.15,77.78,100,1,40.51,102.10,101.00,1065.00,null,null,null
2023-08-22T09:24:29Z,23.15,77.79,100,5,34.71,102.10,101.00,1065.00,0,0,0
2023-08-22T09:25:29Z,23.14,77.86,100,4,36.90,102.10,101.00,1065.00,null,null,null
2023-08-22T09:26:29Z,23.17,77.84,100,3,36.77,102.10,101.00,1065.00,null,null,null
2023-08-22T09:27:29Z,23.15,77.79,100,2,38.54,102.10,101.00,1065.00,null,null,null
2023-08-22T09:28:29Z,23.15,77.79,100,2,35.45,102.10,99.00,1053.00,null,null,null
2023-08-22T09:29:29Z,23.15,77.78,100,2,37.65,102.11,99.00,1053.00,0,0,0
2023-08-22T09:30:29Z,23.17,77.80,100,2,37.27,102.11,97.00,1041.00,null,null,null
2023-08-22T09:31:29Z,23.17,77.78,100,2,33.44,102.10,97.00,1041.00,null,null,null
2023-08-22T09:32:29Z,23.15,77.76,100,2,36.04,102.10,97.00,1041.00,null,null,null
2023-08-22T09:33:29Z,23.14,77.79,100,1,36.88,102.10,95.00,1029.00,null,null,null
2023-08-22T09:34:29Z,23.14,77.77,100,4,35.06,102.10,95.00,1029.00,0,0,0
2023-08-22T09:35:29Z,23.15,77.82,100,3,42.86,102.09,95.00,1029.00,null,null,null
2023-08-22T09:36:29Z,23.17,77.72,100,2,42.52,102.09,93.00,1012.00,null,null,null
2023-08-22T09:37:29Z,23.17,77.76,100,4,38.63,102.09,94.00,1019.00,null,null,null
2023-08-22T09:38:29Z,23.14,77.72,100,4,35.07,102.10,91.00,1001.00,null,null,null
2023-08-22T09:39:29Z,23.15,77.71,100,3,38.85,102.10,92.00,1009.00,0,0,0
2023-08-22T09:40:29Z,23.15,77.75,100,3,34.63,102.09,92.00,1009.00,null,null,null
2023-08-22T09:41:29Z,23.17,77.71,100,3,34.14,102.10,89.00,990.00,null,null,null
2023-08-22T09:42:29Z,23.15,77.67,100,3,37.91,102.10,90.00,997.00,null,null,null
2023-08-22T09:43:29Z,23.15,77.71,100,1,36.00,102.10,90.00,997.00,null,null,null
2023-08-22T09:44:29Z,23.15,77.71,100,3,38.21,102.10,89.00,987.00,0,0,0
2023-08-22T09:45:29Z,23.15,77.73,100,2,37.84,102.11,89.00,987.00,null,null,null
2023-08-22T09:46:29Z,23.17,77.71,100,2,37.51,102.11,89.00,987.00,null,null,null
2023-08-22T09:47:29Z,23.15,77.69,100,1,39.68,102.10,89.00,987.00,null,null,null
2023-08-22T09:48:29Z,23.15,77.74,100,1,36.46,102.10,89.00,987.00,null,null,null
2023-08-22T09:49:29Z,23.12,77.68,100,3,37.20,102.10,89.00,987.00,0,0,0
2023-08-22T09:50:29Z,23.14,77.80,100,3,34.35,102.10,90.00,997.00,null,null,null
2023-08-22T09:51:29Z,23.14,77.73,100,3,36.77,102.10,86.00,967.00,null,null,null
2023-08-22T09:52:29Z,23.17,77.69,100,1,35.68,102.10,87.00,975.00,null,null,null
2023-08-22T09:53:29Z,23.15,77.76,99,1,35.72,102.10,87.00,975.00,null,null,null
2023-08-22T09:54:29Z,23.12,77.74,99,3,34.71,102.10,86.00,967.00,0,0,0
2023-08-22T09:55:29Z,23.17,77.80,100,3,35.78,102.11,84.00,954.00,null,null,null
2023-08-22T09:56:29Z,23.14,77.76,99,3,33.61,102.10,84.00,956.00,null,null,null
2023-08-22T09:57:29Z,23.17,77.73,100,2,34.71,102.11,84.00,956.00,null,null,null
2023-08-22T09:58:29Z,23.15,77.75,100,1,35.36,102.11,85.00,964.00,null,null,null
2023-08-22T09:59:29Z,23.17,77.77,100,1,37.13,102.11,83.00,945.00,0,0,0
2023-08-22T10:00:29Z,23.12,77.80,100,1,35.36,102.11,83.00,945.00,null,null,null
2023-08-22T10:01:29Z,23.17,77.77,99,0,35.93,102.11,83.00,945.00,null,null,null
2023-08-22T10:02:29Z,23.15,77.79,99,0,35.23,102.11,83.00,945.00,null,null,null
2023-08-22T10:03:29Z,23.14,77.80,100,0,33.54,102.11,83.00,945.00,null,null,null
2023-08-22T10:04:29Z,23.15,77.79,100,1,37.64,102.11,81.00,933.00,0,0,0
2023-08-22T10:05:29Z,23.14,77.82,99,0,34.64,102.11,83.00,945.00,null,null,null
2023-08-22T10:06:29Z,23.14,77.78,100,0,33.96,102.11,83.00,945.00,null,null,null
2023-08-22T10:07:29Z,23.15,77.82,100,1,37.58,102.11,81.00,933.00,null,null,null
2023-08-22T10:08:29Z,23.14,77.77,99,1,34.90,102.11,79.00,923.00,null,null,null
2023-08-22T10:09:29Z,23.15,77.83,100,1,34.08,102.11,81.00,933.00,0,0,0
2023-08-22T10:10:29Z,23.17,77.86,100,1,34.31,102.11,79.00,923.00,null,null,null
2023-08-22T10:11:29Z,23.15,77.84,100,1,34.91,102.11,79.00,923.00,null,null,null
2023-08-22T10:12:29Z,23.15,77.79,100,1,33.96,102.10,78.00,913.00,null,null,null
2023-08-22T10:13:29Z,23.15,77.80,100,1,34.12,102.10,79.00,923.00,null,null,null
2023-08-22T10:14:29Z,23.11,77.78,99,1,33.53,102.10,78.00,913.00,0,0,0
2023-08-22T10:15:29Z,23.14,77.90,99,1,37.10,102.10,79.00,923.00,null,null,null
2023-08-22T10:16:29Z,23.14,77.76,100,2,34.19,102.11,78.00,913.00,null,null,null
2023-08-22T10:17:29Z,23.14,77.80,100,2,33.70,102.10,79.00,923.00,null,null,null
2023-08-22T10:18:29Z,23.14,77.84,100,2,34.21,102.10,78.00,913.00,null,null,null
2023-08-22T10:19:29Z,23.11,77.79,100,2,33.78,102.10,79.00,923.00,0,0,0
2023-08-22T10:20:29Z,23.14,77.85,100,1,34.33,102.10,78.00,913.00,null,null,null
2023-08-22T10:21:29Z,23.17,77.83,100,1,34.26,102.09,78.00,913.00,null,null,null
2023-08-22T10:22:29Z,23.14,77.82,100,2,33.63,102.10,78.00,913.00,null,null,null
2023-08-22T10:23:29Z,23.14,77.74,100,2,34.67,102.09,78.00,913.00,null,null,null
2023-08-22T10:24:29Z,23.11,77.78,100,2,34.61,102.10,77.00,909.00,0,0,0
2023-08-22T10:25:29Z,23.12,77.83,100,2,33.86,102.10,74.00,891.00,null,null,null
2023-08-22T10:26:29Z,23.15,77.77,100,2,33.74,102.10,74.00,891.00,null,null,null
2023-08-22T10:27:29Z,23.14,77.73,100,2,33.61,102.10,74.00,891.00,null,null,null
2023-08-22T10:28:29Z,23.11,77.75,100,1,38.13,102.09,74.00,891.00,null,null,null
2023-08-22T10:29:29Z,23.14,77.72,100,1,33.78,102.09,79.00,920.00,0,0,0
2023-08-22T10:30:29Z,23.14,77.75,100,1,34.25,102.09,76.00,900.00,null,null,null
2023-08-22T10:31:29Z,23.12,77.73,99,1,34.97,102.09,76.00,902.00,null,null,null
2023-08-22T10:32:29Z,23.14,77.77,100,2,33.54,102.09,76.00,900.00,null,null,null
2023-08-22T10:33:29Z,23.14,77.73,100,2,34.16,102.09,76.00,902.00,null,null,null
2023-08-22T10:34:29Z,23.12,77.74,100,1,34.55,102.08,76.00,900.00,0,0,0
2023-08-22T10:35:29Z,23.12,77.77,100,1,34.63,102.09,74.00,889.00,null,null,null
2023-08-22T10:36:29Z,23.14,77.72,100,0,35.29,102.09,74.00,891.00,null,null,null
2023-08-22T10:37:29Z,23.14,77.70,100,0,33.85,102.09,74.00,889.00,null,null,null
2023-08-22T10:38:29Z,23.14,77.67,100,0,35.96,102.08,76.00,900.00,null,null,null
2023-08-22T10:39:29Z,23.12,77.68,100,1,34.49,102.08,74.00,889.00,0,0,0
2023-08-22T10:40:29Z,23.14,77.73,100,1,34.33,102.09,73.00,882.00,null,null,null
2023-08-22T10:41:29Z,23.14,77.72,100,1,33.40,102.08,74.00,889.00,null,null,null
2023-08-22T10:42:29Z,23.15,77.69,100,1,34.48,102.09,73.00,882.00,null,null,null
2023-08-22T10:43:29Z,23.11,77.68,100,1,35.46,102.09,73.00,882.00,null,null,null
2023-08-22T10:44:29Z,23.12,77.67,99,1,42.65,102.08,73.00,882.00,0,0,0
2023-08-22T10:45:29Z,23.12,77.75,100,1,36.06,102.08,71.00,870.00,null,null,null
2023-08-22T10:46:29Z,23.12,77.71,100,1,32.97,102.08,72.00,874.00,null,null,null
2023-08-22T10:47:29Z,23.14,77.72,100,0,36.76,102.08,70.00,863.00,null,null,null
2023-08-22T10:48:29Z,23.12,77.68,99,0,35.16,102.08,71.00,870.00,null,null,null
2023-08-22T10:49:29Z,23.11,77.73,100,1,33.88,102.08,70.00,863.00,0,0,0
2023-08-22T10:50:29Z,23.12,77.77,100,0,33.71,102.08,71.00,870.00,null,null,null
2023-08-22T10:51:29Z,23.14,77.71,99,0,35.16,102.08,69.00,853.00,null,null,null
2023-08-22T10:52:29Z,23.14,77.71,100,1,33.98,102.08,70.00,863.00,null,null,null
2023-08-22T10:53:29Z,23.14,77.71,100,1,34.61,102.07,70.00,863.00,null,null,null
2023-08-22T10:54:29Z,23.11,77.75,100,1,34.02,102.07,68.00,851.00,0,0,0
2023-08-22T10:55:29Z,23.15,77.78,100,0,33.79,102.08,67.00,844.00,null,null,null
2023-08-22T10:56:29Z,23.12,77.72,100,1,33.99,102.07,67.00,844.00,null,null,null
2023-08-22T10:57:29Z,23.12,77.71,100,0,33.61,102.07,68.00,851.00,null,null,null
2023-08-22T10:58:29Z,23.14,77.71,99,1,35.66,102.07,68.00,851.00,null,null,null
2023-08-22T10:59:29Z,23.10,77.75,99,0,33.88,102.07,68.00,851.00,0,0,0
2023-08-22T11:00:29Z,23.12,77.80,100,0,36.20,102.07,66.00,834.00,null,null,null
2023-08-22T11:01:29Z,23.15,77.77,100,0,34.76,102.07,66.00,834.00,null,null,null
2023-08-22T11:02:29Z,23.12,77.77,100,1,34.21,102.06,66.00,834.00,null,null,null
2023-08-22T11:03:29Z,23.11,77.78,100,1,34.10,102.06,66.00,834.00,null,null,null
2023-08-22T11:04:29Z,23.12,77.82,100,0,33.89,102.07,64.00,825.00,0,0,0
2023-08-22T11:05:29Z,23.11,77.90,100,0,34.08,102.07,64.00,825.00,null,null,null
2023-08-22T11:06:29Z,23.14,77.86,99,1,35.04,102.07,63.00,815.00,null,null,null
2023-08-22T11:07:29Z,23.11,77.83,99,1,37.02,102.07,64.00,825.00,null,null,null
2023-08-22T11:08:29Z,23.10,77.94,100,1,36.49,102.07,64.00,825.00,null,null,null
2023-08-22T11:09:29Z,23.11,77.94,99,1,33.57,102.07,64.00,825.00,0,0,0
2023-08-22T11:10:29Z,23.11,78.02,100,1,35.07,102.07,63.00,815.00,null,null,null
2023-08-22T11:11:29Z,23.12,78.17,100,1,33.48,102.07,63.00,815.00,null,null,null
2023-08-22T11:12:29Z,23.14,78.15,100,1,34.67,102.08,63.00,815.00,null,null,null
2023-08-22T11:13:29Z,23.11,78.32,100,1,38.17,102.08,63.00,815.00,null,null,null
2023-08-22T11:14:29Z,23.12,78.50,99,1,35.76,102.07,62.00,808.00,0,0,0
2023-08-22T11:15:29Z,23.12,78.54,100,1,33.43,102.07,60.00,795.00,null,null,null
2023-08-22T11:16:29Z,23.14,78.51,100,1,33.86,102.07,60.00,795.00,null,null,null
2023-08-22T11:17:29Z,23.45,78.85,99,0,37.46,102.07,60.00,800.00,null,null,null
2023-08-22T11:18:29Z,23.45,78.70,99,0,29.33,102.07,49.00,726.00,null,null,null
2023-08-22T11:19:29Z,23.50,79.33,99,0,32.89,102.06,50.00,732.00,0,0,0
2023-08-22T11:20:29Z,23.52,79.17,99,0,35.94,102.06,48.00,719.00,null,null,null
2023-08-22T11:21:29Z,23.57,79.28,99,1,33.47,102.06,50.00,730.00,null,null,null
2023-08-22T11:22:29Z,23.61,79.12,99,0,52.77,102.06,48.00,719.00,null,null,null
2023-08-22T11:23:29Z,23.62,78.94,99,1,48.84,102.06,50.00,730.00,null,null,null
2023-08-22T11:24:29Z,23.67,78.87,99,1,33.71,102.06,50.00,730.00,0,0,0
2023-08-22T11:25:29Z,23.69,78.95,99,1,33.24,102.07,50.00,730.00,null,null,null
2023-08-22T11:26:29Z,23.75,78.77,99,1,42.39,102.06,50.00,730.00,null,null,null
2023-08-22T11:27:29Z,23.75,78.63,99,1,23.90,102.06,40.00,668.00,null,null,null
2023-08-22T11:28:29Z,23.78,78.72,99,1,57.10,102.06,41.00,671.00,null,null,null
2023-08-22T11:29:29Z,23.80,78.84,99,1,32.78,102.06,39.00,657.00,0,0,0
2023-08-22T11:30:29Z,23.80,79.70,99,1,33.79,102.06,38.00,652.00,null,null,null
2023-08-22T11:31:29Z,23.82,79.12,99,0,40.18,102.06,39.00,657.00,null,null,null
2023-08-22T11:32:29Z,23.84,79.05,99,0,60.99,102.06,38.00,652.00,null,null,null
2023-08-22T11:33:29Z,23.84,79.18,99,0,51.00,102.06,38.00,652.00,null,null,null
2023-08-22T11:34:29Z,23.88,79.03,99,0,65.72,102.06,38.00,652.00,0,0,0
2023-08-22T11:35:29Z,23.88,79.42,99,1,61.58,102.06,38.00,652.00,null,null,null
