TIME,TEMP,HUM,BATT,LIGHT,NOISE_A,PRESS,CCS811_VOCS,CCS811_ECO2,PM_1,PM_25,PM_10
ISO 8601,C,%,%,Lux,dBA,kPa,ppb,ppm,ug/m3,ug/m3,ug/m3
Time,Temperature,Humidity,Battery,Light,Noise dBA,Barometric pressure,VOC Gas CCS811,eCO2 Gas CCS811,PM 1.0,PM 2.5,PM 10.0
,55,56,10,14,53,58,113,112,89,87,88
2023-09-17T00:00:43Z,24.66,52.97,72,0,26.57,101.24,8.00,457.00,null,null,null
2023-09-17T00:01:43Z,24.61,52.93,71,0,30.70,101.25,8.00,457.00,null,null,null
2023-09-17T00:02:43Z,24.60,52.97,71,0,29.79,101.25,8.00,457.00,0,0,0
2023-09-17T00:03:43Z,24.59,52.93,71,0,37.49,101.25,8.00,457.00,null,null,null
2023-09-17T00:04:43Z,24.59,52.97,71,0,32.93,101.25,9.00,462.00,null,null,null
2023-09-17T00:05:43Z,24.61,52.99,71,0,31.14,101.26,9.00,462.00,null,null,null
2023-09-17T00:06:43Z,24.60,52.95,71,0,26.55,101.25,9.00,462.00,null,null,null
2023-09-17T00:07:43Z,24.59,53.01,71,0,35.70,101.25,9.00,462.00,0,0,0
2023-09-17T00:08:43Z,24.57,52.99,71,0,26.80,101.25,8.00,457.00,null,null,null
2023-09-17T00:09:43Z,24.60,53.00,71,0,30.12,101.25,9.00,462.00,null,null,null
2023-09-17T00:10:43Z,24.59,52.98,71,0,31.58,101.25,9.00,462.00,null,null,null
2023-09-17T00:11:43Z,24.59,53.03,71,0,30.34,101.25,8.00,457.00,null,null,null
2023-09-17T00:12:43Z,24.56,53.07,71,0,25.90,101.25,9.00,462.00,0,0,0
2023-09-17T00:13:43Z,24.59,53.01,71,0,26.16,101.25,8.00,457.00,null,null,null
2023-09-17T00:14:43Z,24.56,53.01,71,0,31.29,101.25,9.00,462.00,null,null,null
2023-09-17T00:15:43Z,24.57,53.04,71,0,39.19,101.25,9.00,462.00,null,null,null
2023-09-17T00:16:43Z,24.57,53.04,71,0,28.70,101.25,9.00,462.00,null,null,null
2023-09-17T00:17:43Z,24.53,53.02,71,0,30.18,101.25,9.00,462.00,0,0,0
2023-09-17T00:18:43Z,24.54,53.08,71,0,28.09,101.25,9.00,462.00,null,null,null
2023-09-17T00:19:43Z,24.54,53.04,71,0,31.22,101.24,8.00,457.00,null,null,null
2023-09-17T00:20:43Z,24.54,53.04,71,0,38.55,101.24,8.00,457.00,null,null,null
2023-09-17T00:21:43Z,24.53,53.11,71,0,28.04,101.24,9.00,462.00,null,null,null
2023-09-17T00:22:43Z,24.53,53.11,71,0,35.74,101.24,9.00,462.00,0,0,0
2023-09-17T00:23:43Z,24.53,53.13,71,0,37.72,101.24,8.00,457.00,null,null,null
2023-09-17T00:24:43Z,24.51,53.09,71,0,31.62,101.24,9.00,462.00,null,null,null
2023-09-17T00:25:43Z,24.53,53.13,71,0,32.84,101.24,8.00,457.00,null,null,null
2023-09-17T00:26:43Z,24.53,53.11,71,0,27.14,101.24,8.00,457.00,null,null,null
2023-09-17T00:27:43Z,24.50,53.17,71,0,30.09,101.24,9.00,462.00,0,0,0
2023-09-17T00:28:43Z,24.51,53.16,71,0,31.51,101.24,9.00,462.00,null,null,null
2023-09-17T00:29:43Z,24.50,53.21,71,0,28.95,101.24,8.00,457.00,null,null,null
2023-09-17T00:30:43Z,24.51,53.14,71,0,29.76,101.23,8.00,457.00,null,null,null
2023-09-17T00:31:43Z,24.49,53.16,71,0,35.83,101.24,8.00,457.00,null,null,null
2023-09-17T00:32:43Z,24.51,53.20,71,0,31.57,101.23,9.00,462.00,0,0,0
2023-09-17T00:33:43Z,24.51,53.21,71,0,45.77,101.23,8.00,457.00,null,null,null
2023-09-17T00:34:43Z,24.47,53.18,71,0,32.20,101.24,8.00,457.00,null,null,null
2023-09-17T00:35:43Z,24.50,53.21,71,0,30.13,101.23,8.00,457.00,null,null,null
2023-09-17T00:36:43Z,24.50,53.21,71,0,37.14,101.23,8.00,457.00,null,null,null
2023-09-17T00:37:43Z,24.49,53.22,71,0,39.91,101.23,8.00,457.00,0,0,0
2023-09-17T00:38:43Z,24.49,53.27,71,0,37.14,101.24,8.00,457.00,null,null,null
2023-09-17T00:39:43Z,24.50,53.24,71,0,29.50,101.23,7.00,452.00,null,null,null
2023-09-17T00:40:43Z,24.47,53.25,71,0,27.69,101.24,8.00,457.00,null,null,null
2023-09-17T00:41:43Z,24.49,53.22,71,0,29.62,101.23,8.00,457.00,null,null,null
2023-09-17T00:42:43Z,24.47,53.29,71,0,29.88,101.23,8.00,457.00,0,0,0
2023-09-17T00:43:43Z,24.46,53.28,71,0,26.57,101.23,7.00,450.00,null,null,null
2023-09-17T00:44:43Z,24.50,53.28,71,0,33.45,101.23,7.00,450.00,null,null,null
2023-09-17T00:45:43Z,24.45,53.24,71,0,30.79,101.23,7.00,450.00,null,null,null
2023-09-17T00:46:43Z,24.45,53.30,71,0,26.84,101.22,7.00,450.00,null,null,null
2023-09-17T00:47:43Z,24.45,53.29,71,0,27.49,101.22,7.00,452.00,0,0,0
2023-09-17T00:48:43Z,24.45,53.30,71,0,28.17,101.22,7.00,450.00,null,null,null
2023-09-17T00:49:43Z,24.49,53.29,71,0,32.18,101.22,7.00,452.00,null,null,null
2023-09-17T00:50:43Z,24.45,53.30,71,0,28.67,101.22,7.00,452.00,null,null,null
2023-09-17T00:51:43Z,24.46,53.35,71,0,30.77,101.22,7.00,452.00,null,null,null
2023-09-17T00:52:43Z,24.43,53.31,71,0,27.99,101.22,7.00,452.00,0,0,0
2023-09-17T00:53:43Z,24.40,53.36,71,0,29.98,101.21,7.00,450.00,null,null,null
2023-09-17T00:54:43Z,24.43,53.33,71,0,38.63,101.21,7.00,452.00,null,null,null
2023-09-17T00:55:43Z,24.42,53.36,71,0,29.48,101.21,7.00,452.00,null,null,null
2023-09-17T00:56:43Z,24.42,53.38,71,0,37.81,101.21,7.00,452.00,null,null,null
2023-09-17T00:57:43Z,24.42,53.41,71,0,30.79,101.21,7.00,452.00,0,0,0
2023-09-17T00:58:43Z,24.43,53.35,71,0,35.17,101.21,7.00,452.00,null,null,null
2023-09-17T00:59:43Z,24.45,53.38,71,0,35.15,101.21,7.00,452.00,null,null,null
2023-09-17T01:00:43Z,24.45,53.35,71,0,27.10,101.20,7.00,452.00,null,null,null
2023-09-17T01:01:43Z,24.39,53.40,71,0,25.90,101.21,7.00,452.00,null,null,null
2023-09-17T01:02:43Z,24.42,53.44,71,0,30.69,101.21,7.00,452.00,0,0,0
2023-09-17T01:03:43Z,24.39,53.40,71,0,25.73,101.21,7.00,452.00,null,null,null
2023-09-17T01:04:43Z,24.39,53.41,71,0,30.89,101.21,7.00,452.00,null,null,null
2023-09-17T01:05:43Z,24.39,53.44,71,0,28.73,101.21,7.00,452.00,null,null,null
2023-09-17T01:06:43Z,24.40,53.43,71,0,37.17,101.21,7.00,452.00,null,null,null
2023-09-17T01:07:43Z,24.40,53.42,71,0,28.61,101.21,7.00,452.00,0,0,0
2023-09-17T01:08:43Z,24.39,53.43,71,0,33.70,101.21,7.00,452.00,null,null,null
2023-09-17T01:09:43Z,24.40,53.45,71,0,28.22,101.21,7.00,452.00,null,null,null
2023-09-17T01:10:43Z,24.39,53.42,71,0,32.75,101.21,7.00,452.00,null,null,null
2023-09-17T01:11:43Z,24.38,53.45,71,0,38.48,101.21,7.00,452.00,null,null,null
2023-09-17T01:12:43Z,24.39,53.49,71,0,29.15,101.21,7.00,452.00,0,0,0
2023-09-17T01:13:43Z,24.40,53.48,71,0,28.44,101.21,7.00,452.00,null,null,null
2023-09-17T01:14:43Z,24.39,53.46,71,0,35.20,101.21,7.00,452.00,null,null,null
2023-09-17T01:15:43Z,24.39,53.50,71,0,32.02,101.21,7.00,452.00,null,null,null
2023-09-17T01:16:43Z,24.39,53.51,71,0,27.66,101.21,7.00,452.00,null,null,null
2023-09-17T01:17:43Z,24.36,53.51,71,0,32.83,101.21,7.00,452.00,0,0,0
2023-09-17T01:18:43Z,24.38,53.54,71,0,26.89,101.21,7.00,452.00,null,null,null
2023-09-17T01:19:43Z,24.38,53.51,71,0,43.31,101.21,7.00,452.00,null,null,null
2023-09-17T01:20:43Z,24.38,53.51,71,0,27.90,101.21,7.00,450.00,null,null,null
2023-09-17T01:21:43Z,24.36,53.56,71,0,43.53,101.21,7.00,450.00,null,null,null
2023-09-17T01:22:43Z,24.35,53.55,71,0,31.77,101.21,7.00,452.00,0,0,0
2023-09-17T01:23:43Z,24.38,53.55,71,0,29.21,101.21,7.00,450.00,null,null,null
2023-09-17T01:24:43Z,24.36,53.55,71,0,31.37,101.21,7.00,450.00,null,null,null
2023-09-17T01:25:43Z,24.35,53.51,71,0,29.56,101.21,7.00,450.00,null,null,null
2023-09-17T01:26:43Z,24.32,53.60,71,0,26.19,101.21,7.00,450.00,null,null,null
2023-09-17T01:27:43Z,24.33,53.55,71,0,31.10,101.21,7.00,450.00,0,0,0
2023-09-17T01:28:43Z,24.36,53.61,71,0,28.85,101.21,7.00,450.00,null,null,null
2023-09-17T01:29:43Z,24.36,53.61,71,0,32.69,101.21,7.00,452.00,null,null,null
2023-09-17T01:30:43Z,24.36,53.64,71,0,37.14,101.20,7.00,452.00,null,null,null
2023-09-17T01:31:43Z,24.36,53.59,71,0,27.26,101.20,7.00,452.00,null,null,null
2023-09-17T01:32:43Z,24.35,53.62,71,0,29.47,101.20,7.00,452.00,0,0,0
2023-09-17T01:33:43Z,24.35,53.63,71,0,32.12,101.19,7.00,450.00,null,null,null
2023-09-17T01:34:43Z,24.35,53.65,71,0,34.44,101.19,7.00,452.00,null,null,null
2023-09-17T01:35:43Z,24.33,53.65,70,0,27.96,101.19,7.00,452.00,null,null,null
2023-09-17T01:36:43Z,24.36,53.64,71,0,28.92,101.19,7.00,452.00,null,null,null
2023-09-17T01:37:43Z,24.35,53.66,70,0,27.59,101.18,7.00,452.00,0,0,0
2023-09-17T01:38:43Z,24.33,53.67,71,0,26.03,101.18,7.00,446.00,null,null,null
2023-09-17T01:39:43Z,24.33,53.69,71,0,30.66,101.18,7.00,452.00,null,null,null
2023-09-17T01:40:43Z,24.33,53.70,71,0,25.26,101.18,7.00,452.00,null,null,null
2023-09-17T01:41:43Z,24.32,53.69,70,0,40.85,101.18,7.00,452.00,null,null,null
2023-09-17T01:42:43Z,24.33,53.71,71,0,30.25,101.18,7.00,450.00,0,0,0
2023-09-17T01:43:43Z,24.32,53.69,70,0,31.93,101.18,7.00,452.00,null,null,null
2023-09-17T01:44:43Z,24.33,53.72,71,0,34.23,101.18,7.00,452.00,null,null,null
2023-09-17T01:45:43Z,24.32,53.70,70,0,30.35,101.18,7.00,452.00,null,null,null
2023-09-17T01:46:43Z,24.32,53.72,71,0,33.25,101.18,7.00,452.00,null,null,null
2023-09-17T01:47:43Z,24.35,53.77,70,0,26.97,101.18,7.00,450.00,0,0,0
2023-09-17T01:48:43Z,24.32,53.72,70,0,32.64,101.18,7.00,447.00,null,null,null
2023-09-17T01:49:43Z,24.33,53.71,71,0,31.66,101.18,7.00,452.00,null,null,null
2023-09-17T01:50:43Z,24.32,53.77,71,0,29.23,101.18,7.00,452.00,null,null,null
2023-09-17T01:51:43Z,24.32,53.75,71,0,29.35,101.18,6.00,445.00,null,null,null
2023-09-17T01:52:43Z,24.30,53.81,70,0,31.21,101.18,6.00,445.00,0,0,0
2023-09-17T01:53:43Z,24.32,53.77,70,0,29.54,101.19,7.00,447.00,null,null,null
2023-09-17T01:54:43Z,24.33,53.76,70,0,30.82,101.18,7.00,447.00,null,null,null
2023-09-17T01:55:43Z,24.30,53.82,71,0,27.71,101.19,7.00,447.00,null,null,null
2023-09-17T01:56:43Z,24.30,53.81,70,0,26.38,101.19,7.00,447.00,null,null,null
2023-09-17T01:57:43Z,24.29,53.81,70,0,38.66,101.18,7.00,447.00,0,0,0
2023-09-17T01:58:43Z,24.29,53.85,70,0,26.80,101.19,7.00,447.00,null,null,null
2023-09-17T01:59:43Z,24.30,53.85,70,0,29.83,101.18,7.00,447.00,null,null,null
2023-09-17T02:00:43Z,24.32,53.85,70,0,30.53,101.19,7.00,447.00,null,null,null
2023-09-17T02:01:43Z,24.30,53.87,70,0,27.08,101.18,7.00,447.00,null,null,null
2023-09-17T02:02:43Z,24.29,53.86,70,0,28.14,101.18,7.00,447.00,0,0,0
2023-09-17T02:03:43Z,24.30,53.87,70,0,27.44,101.18,7.00,447.00,null,null,null
2023-09-17T02:04:43Z,24.30,53.88,70,0,27.40,101.18,7.00,447.00,null,null,null
2023-09-17T02:05:43Z,24.30,53.83,70,0,28.14,101.17,7.00,447.00,null,null,null
2023-09-17T02:06:43Z,24.28,53.86,70,0,25.22,101.18,7.00,447.00,null,null,null
2023-09-17T02:07:43Z,24.28,53.90,70,0,33.93,101.17,6.00,445.00,0,0,0
2023-09-17T02:08:43Z,24.29,53.92,70,0,33.31,101.18,6.00,445.00,null,null,null
2023-09-17T02:09:43Z,24.28,53.89,70,0,32.39,101.18,6.00,445.00,null,null,null
2023-09-17T02:10:43Z,24.28,53.91,70,0,37.39,101.18,7.00,447.00,null,null,null
2023-09-17T02:11:43Z,24.29,53.94,70,0,30.23,101.17,7.00,447.00,null,null,null
2023-09-17T02:12:43Z,24.28,53.97,70,0,26.00,101.17,7.00,447.00,0,0,0
2023-09-17T02:13:43Z,24.28,53.92,70,0,29.38,101.17,6.00,445.00,null,null,null
2023-09-17T02:14:43Z,24.28,53.92,70,0,33.57,101.17,7.00,447.00,null,null,null
2023-09-17T02:15:43Z,24.29,53.98,70,0,27.53,101.17,7.00,447.00,null,null,null
2023-09-17T02:16:43Z,24.29,53.95,70,0,26.87,101.16,7.00,447.00,null,null,null
2023-09-17T02:17:43Z,24.23,53.96,70,0,27.14,101.16,7.00,447.00,0,0,0
2023-09-17T02:18:43Z,24.29,53.95,70,0,31.59,101.16,8.00,454.00,null,null,null
2023-09-17T02:19:43Z,24.26,53.95,70,0,32.62,101.16,7.00,447.00,null,null,null
2023-09-17T02:20:43Z,24.28,53.97,70,0,27.32,101.16,7.00,447.00,null,null,null
2023-09-17T02:21:43Z,24.29,54.03,70,0,28.48,101.16,7.00,447.00,null,null,null
2023-09-17T02:22:43Z,24.28,54.01,70,0,38.44,101.16,7.00,447.00,0,0,0
2023-09-17T02:23:43Z,24.26,53.97,70,0,27.24,101.16,7.00,447.00,null,null,null
2023-09-17T02:24:43Z,24.26,54.04,70,0,32.92,101.16,7.00,447.00,null,null,null
2023-09-17T02:25:43Z,24.29,54.01,70,0,23.25,101.16,7.00,447.00,null,null,null
2023-09-17T02:26:43Z,24.24,54.02,70,0,29.92,101.16,7.00,447.00,null,null,null
2023-09-17T02:27:43Z,24.26,54.08,70,0,28.04,101.16,8.00,457.00,0,0,0
2023-09-17T02:28:43Z,24.28,54.04,70,0,28.63,101.16,7.00,447.00,null,null,null
2023-09-17T02:29:43Z,24.26,54.03,70,0,32.87,101.16,7.00,447.00,null,null,null
2023-09-17T02:30:43Z,24.28,54.05,70,0,27.49,101.16,7.00,447.00,null,null,null
2023-09-17T02:31:43Z,24.26,54.09,70,0,32.81,101.16,7.00,447.00,null,null,null
2023-09-17T02:32:43Z,24.23,54.06,70,0,30.37,101.16,7.00,452.00,0,0,0
2023-09-17T02:33:43Z,24.23,54.03,70,0,27.28,101.16,8.00,457.00,null,null,null
2023-09-17T02:34:43Z,24.24,54.14,70,0,32.35,101.16,9.00,460.00,null,null,null
2023-09-17T02:35:43Z,24.24,54.09,70,0,30.90,101.16,9.00,460.00,null,null,null
2023-09-17T02:36:43Z,24.26,54.08,70,0,25.56,101.16,9.00,460.00,null,null,null
2023-09-17T02:37:43Z,24.24,54.15,70,0,37.64,101.16,7.00,452.00,0,0,0
2023-09-17T02:38:43Z,24.24,54.08,70,0,33.08,101.15,8.00,457.00,null,null,null
2023-09-17T02:39:43Z,24.26,54.10,70,0,31.56,101.15,9.00,460.00,null,null,null
2023-09-17T02:40:43Z,24.24,54.13,70,0,30.83,101.15,7.00,452.00,null,null,null
2023-09-17T02:41:43Z,24.23,54.13,70,0,29.26,101.15,8.00,457.00,null,null,null
2023-09-17T02:42:43Z,24.22,54.14,70,0,30.29,101.14,9.00,460.00,0,0,0
2023-09-17T02:43:43Z,24.23,54.11,70,0,30.79,101.14,9.00,460.00,null,null,null
2023-09-17T02:44:43Z,24.24,54.18,70,0,30.58,101.14,9.00,460.00,null,null,null
2023-09-17T02:45:43Z,24.26,54.12,70,0,29.51,101.14,9.00,460.00,null,null,null
2023-09-17T02:46:43Z,24.23,54.19,70,0,30.41,101.14,7.00,452.00,null,null,null
2023-09-17T02:47:43Z,24.22,54.18,70,0,27.12,101.14,9.00,460.00,0,0,0
2023-09-17T02:48:43Z,24.23,54.19,70,0,33.34,101.14,8.00,454.00,null,null,null
2023-09-17T02:49:43Z,24.23,54.14,70,0,34.10,101.14,8.00,457.00,null,null,null
2023-09-17T02:50:43Z,24.22,54.19,70,0,28.85,101.14,8.00,457.00,null,null,null
2023-09-17T02:51:43Z,24.22,54.20,70,0,24.39,101.14,8.00,457.00,null,null,null
2023-09-17T02:52:43Z,24.22,54.16,70,0,27.64,101.14,9.00,460.00,0,0,0
2023-09-17T02:53:43Z,24.23,54.25,70,0,32.73,101.14,8.00,457.00,null,null,null
2023-09-17T02:54:43Z,24.22,54.23,70,0,40.16,101.14,8.00,455.00,null,null,null
2023-09-17T02:55:43Z,24.23,54.26,70,0,28.28,101.13,9.00,460.00,null,null,null
2023-09-17T02:56:43Z,24.22,54.21,70,0,23.49,101.14,8.00,455.00,null,null,null
2023-09-17T02:57:43Z,24.22,54.26,70,0,26.26,101.14,9.00,460.00,0,0,0
2023-09-17T02:58:43Z,24.20,54.21,70,0,35.93,101.14,7.00,448.00,null,null,null
2023-09-17T02:59:43Z,24.22,54.25,70,0,29.43,101.13,9.00,460.00,null,null,null
