TIME,TEMP,HUM,BATT,LIGHT,NOISE_A,PRESS,CCS811_VOCS,CCS811_ECO2,PM_1,PM_25,PM_10
ISO 8601,C,%,%,Lux,dBA,kPa,ppb,ppm,ug/m3,ug/m3,ug/m3
Time,Temperature,Humidity,Battery,Light,Noise dBA,Barometric pressure,VOC Gas CCS811,eCO2 Gas CCS811,PM 1.0,PM 2.5,PM 10.0
,55,56,10,14,53,58,113,112,89,87,88
2023-08-25T23:59:46Z,25.66,75.53,99,0,59.02,100.86,31.00,607.00,0,0,0
2023-08-26T00:00:46Z,25.66,75.80,99,0,38.87,100.87,29.00,594.00,null,null,null
2023-08-26T00:01:46Z,25.60,75.79,99,0,36.92,100.86,29.00,596.00,null,null,null
2023-08-26T00:02:46Z,25.63,75.40,99,0,44.52,100.86,29.00,596.00,null,null,null
2023-08-26T00:03:46Z,25.60,75.96,99,0,36.53,100.87,29.00,594.00,null,null,null
2023-08-26T00:04:46Z,25.59,75.98,100,0,35.32,100.86,28.00,586.00,0,0,0
2023-08-26T00:05:46Z,25.59,75.55,99,0,50.98,100.87,25.00,569.00,null,null,null
2023-08-26T00:06:46Z,25.56,75.02,100,0,38.46,100.86,27.00,580.00,null,null,null
2023-08-26T00:07:46Z,25.57,75.89,99,0,44.95,100.86,26.00,575.00,null,null,null
2023-08-26T00:08:46Z,25.56,75.52,99,0,34.42,100.86,26.00,575.00,null,null,null
2023-08-26T00:09:46Z,25.54,76.05,99,0,55.05,100.86,25.00,570.00,0,0,0
2023-08-26T00:10:46Z,25.53,76.30,99,0,45.67,100.85,25.00,569.00,null,null,null
2023-08-26T00:11:46Z,25.53,75.80,99,0,44.46,100.86,25.00,566.00,null,null,null
2023-08-26T00:12:46Z,25.50,75.92,99,0,35.26,100.86,25.00,569.00,null,null,null
2023-08-26T00:13:46Z,25.51,76.19,99,0,38.34,100.87,25.00,569.00,null,null,null
2023-08-26T00:14:46Z,25.47,76.27,99,0,32.90,100.86,25.00,566.00,0,0,0
2023-08-26T00:15:46Z,25.49,76.23,99,0,33.74,100.86,23.00,551.00,null,null,null
2023-08-26T00:16:46Z,25.47,75.91,99,0,35.44,100.86,24.00,560.00,null,null,null
2023-08-26T00:17:46Z,25.46,75.99,100,0,65.29,100.86,25.00,566.00,null,null,null
2023-08-26T00:18:46Z,25.47,75.91,99,0,33.28,100.86,25.00,566.00,null,null,null
2023-08-26T00:19:46Z,25.45,75.93,99,0,42.85,100.86,23.00,553.00,0,0,0
2023-08-26T00:20:46Z,25.45,76.25,100,0,35.12,100.86,22.00,546.00,null,null,null
2023-08-26T00:21:46Z,25.43,76.21,99,0,44.05,100.86,23.00,551.00,null,null,null
2023-08-26T00:22:46Z,25.42,76.03,99,0,47.54,100.86,22.00,546.00,null,null,null
2023-08-26T00:23:46Z,25.40,76.28,99,0,43.93,100.86,21.00,540.00,null,null,null
2023-08-26T00:24:46Z,25.40,76.32,99,0,58.43,100.86,21.00,543.00,0,0,0
2023-08-26T00:25:46Z,25.39,76.14,99,0,57.63,100.86,20.00,537.00,null,null,null
2023-08-26T00:26:46Z,25.40,76.16,99,0,56.01,100.86,21.00,540.00,null,null,null
2023-08-26T00:27:46Z,25.39,75.57,99,0,59.34,100.86,20.00,536.00,null,null,null
2023-08-26T00:28:46Z,25.38,76.07,99,0,35.01,100.86,21.00,540.00,null,null,null
2023-08-26T00:29:46Z,25.35,76.51,99,0,34.57,100.86,19.00,530.00,0,0,0
2023-08-26T00:30:46Z,25.33,76.60,99,0,57.33,100.85,19.00,527.00,null,null,null
2023-08-26T00:31:46Z,25.33,76.85,99,0,34.67,100.85,20.00,533.00,null,null,null
2023-08-26T00:32:46Z,25.33,76.78,99,0,37.08,100.85,19.00,529.00,null,null,null
2023-08-26T00:33:46Z,25.32,76.95,99,0,46.43,100.85,18.00,523.00,null,null,null
2023-08-26T00:34:46Z,25.28,76.70,99,0,50.33,100.84,19.00,529.00,0,0,0
2023-08-26T00:35:46Z,25.29,76.14,99,0,68.25,100.85,19.00,527.00,null,null,null
2023-08-26T00:36:46Z,25.29,76.35,99,0,52.37,100.85,19.00,527.00,null,null,null
2023-08-26T00:37:46Z,25.29,76.49,99,0,53.96,100.84,18.00,524.00,null,null,null
2023-08-26T00:38:46Z,25.25,76.65,100,0,48.94,100.84,18.00,524.00,null,null,null
2023-08-26T00:39:46Z,25.25,77.01,99,0,33.18,100.84,18.00,519.00,0,0,0
2023-08-26T00:40:46Z,25.25,76.80,99,0,37.71,100.84,17.00,515.00,null,null,null
2023-08-26T00:41:46Z,25.26,76.57,99,0,46.39,100.84,16.00,506.00,null,null,null
2023-08-26T00:42:46Z,25.23,76.92,99,0,49.79,100.84,16.00,506.00,null,null,null
2023-08-26T00:43:46Z,25.22,77.20,99,0,50.40,100.84,18.00,519.00,null,null,null
2023-08-26T00:44:46Z,25.22,77.09,99,0,65.77,100.84,19.00,530.00,0,0,0
2023-08-26T00:45:46Z,25.21,76.99,99,0,41.40,100.84,18.00,524.00,null,null,null
2023-08-26T00:46:46Z,25.22,76.70,99,0,48.93,100.84,19.00,530.00,null,null,null
2023-08-26T00:47:46Z,25.22,76.65,100,0,49.06,100.84,20.00,534.00,null,null,null
2023-08-26T00:48:46Z,25.18,76.70,99,0,46.07,100.84,20.00,534.00,null,null,null
2023-08-26T00:49:46Z,25.19,77.06,99,0,36.12,100.84,20.00,534.00,0,0,0
2023-08-26T00:50:46Z,25.16,77.19,99,0,42.34,100.84,18.00,524.00,null,null,null
2023-08-26T00:51:46Z,25.18,76.73,99,0,60.71,100.84,20.00,534.00,null,null,null
2023-08-26T00:52:46Z,25.14,76.92,99,0,44.38,100.84,20.00,534.00,null,null,null
2023-08-26T00:53:46Z,25.14,76.81,99,0,37.83,100.84,19.00,530.00,null,null,null
2023-08-26T00:54:46Z,25.11,76.96,99,0,40.86,100.83,19.00,530.00,0,0,0
2023-08-26T00:55:46Z,25.14,77.30,99,0,33.56,100.84,18.00,524.00,null,null,null
2023-08-26T00:56:46Z,25.14,77.39,100,0,52.48,100.84,19.00,526.00,null,null,null
2023-08-26T00:57:46Z,25.12,77.34,100,0,47.50,100.84,19.00,526.00,null,null,null
2023-08-26T00:58:46Z,25.11,77.46,99,0,36.95,100.83,19.00,526.00,null,null,null
2023-08-26T00:59:46Z,25.11,77.52,99,0,50.52,100.84,19.00,530.00,0,0,0
2023-08-26T01:00:46Z,25.09,77.53,99,0,32.83,100.84,18.00,519.00,null,null,null
2023-08-26T01:01:46Z,25.09,76.98,99,0,46.04,100.84,19.00,526.00,null,null,null
2023-08-26T01:02:46Z,25.11,77.62,100,0,45.22,100.84,19.00,530.00,null,null,null
2023-08-26T01:03:46Z,25.07,77.67,99,0,58.09,100.84,19.00,526.00,null,null,null
2023-08-26T01:04:46Z,25.07,77.49,99,0,47.75,100.84,19.00,526.00,0,0,0
2023-08-26T01:05:46Z,25.07,77.52,99,0,56.03,100.84,19.00,526.00,null,null,null
2023-08-26T01:06:46Z,25.08,77.97,99,0,45.57,100.84,19.00,530.00,null,null,null
2023-08-26T01:07:46Z,25.07,77.92,99,0,41.42,100.84,19.00,526.00,null,null,null
2023-08-26T01:08:46Z,25.07,77.57,99,0,33.65,100.84,19.00,526.00,null,null,null
2023-08-26T01:09:46Z,25.03,77.62,99,0,54.04,100.84,19.00,526.00,0,0,0
2023-08-26T01:10:46Z,25.03,77.49,99,0,45.78,100.84,19.00,526.00,null,null,null
2023-08-26T01:11:46Z,25.02,77.38,99,0,36.22,100.84,19.00,526.00,null,null,null
2023-08-26T01:12:46Z,25.02,77.70,100,0,33.03,100.83,18.00,519.00,null,null,null
2023-08-26T01:13:46Z,25.01,77.63,99,0,33.57,100.83,18.00,519.00,null,null,null
2023-08-26T01:14:46Z,25.02,77.72,99,0,33.54,100.83,18.00,519.00,0,0,0
2023-08-26T01:15:46Z,24.98,77.54,99,0,51.24,100.83,18.00,519.00,null,null,null
2023-08-26T01:16:46Z,25.01,77.61,99,0,33.86,100.83,17.00,517.00,null,null,null
2023-08-26T01:17:46Z,25.01,77.73,99,0,48.79,100.84,18.00,519.00,null,null,null
2023-08-26T01:18:46Z,24.96,77.89,100,0,37.77,100.83,17.00,517.00,null,null,null
2023-08-26T01:19:46Z,24.95,77.73,99,0,42.82,100.83,16.00,508.00,0,0,0
2023-08-26T01:20:46Z,24.98,77.72,99,0,57.55,100.84,17.00,517.00,null,null,null
2023-08-26T01:21:46Z,24.99,77.85,99,0,42.23,100.84,17.00,517.00,null,null,null
2023-08-26T01:22:46Z,24.95,77.84,99,0,33.82,100.83,16.00,508.00,null,null,null
2023-08-26T01:23:46Z,24.95,77.96,99,0,34.38,100.83,16.00,508.00,null,null,null
2023-08-26T01:24:46Z,24.94,78.07,99,0,44.54,100.84,16.00,508.00,0,0,0
2023-08-26T01:25:46Z,24.95,77.96,100,0,36.43,100.84,15.00,500.00,null,null,null
2023-08-26T01:26:46Z,24.95,77.88,99,0,52.80,100.83,15.00,500.00,null,null,null
2023-08-26T01:27:46Z,24.95,77.87,99,0,43.33,100.83,15.00,500.00,null,null,null
2023-08-26T01:28:46Z,24.94,77.82,99,0,40.16,100.83,15.00,500.00,null,null,null
2023-08-26T01:29:46Z,24.89,77.89,99,0,45.86,100.84,15.00,500.00,0,0,0
2023-08-26T01:30:46Z,24.91,78.44,99,0,49.89,100.84,15.00,500.00,null,null,null
2023-08-26T01:31:46Z,24.92,78.55,99,0,56.94,100.84,15.00,503.00,null,null,null
2023-08-26T01:32:46Z,24.91,78.42,99,0,49.49,100.84,15.00,503.00,null,null,null
2023-08-26T01:33:46Z,24.89,78.35,100,0,54.94,100.83,15.00,503.00,null,null,null
2023-08-26T01:34:46Z,24.88,78.47,100,0,47.89,100.83,14.00,496.00,0,0,0
2023-08-26T01:35:46Z,24.88,78.66,99,0,45.89,100.83,14.00,493.00,null,null,null
2023-08-26T01:36:46Z,24.88,78.78,99,0,42.00,100.83,15.00,503.00,null,null,null
2023-08-26T01:37:46Z,24.91,78.76,99,0,48.04,100.83,15.00,500.00,null,null,null
2023-08-26T01:38:46Z,24.88,78.58,99,0,38.75,100.84,15.00,500.00,null,null,null
2023-08-26T01:39:46Z,24.87,78.30,99,0,45.23,100.83,14.00,496.00,0,0,0
2023-08-26T01:40:46Z,24.88,78.41,99,0,41.45,100.84,14.00,493.00,null,null,null
2023-08-26T01:41:46Z,24.88,78.30,100,0,56.93,100.83,14.00,496.00,null,null,null
2023-08-26T01:42:46Z,24.85,78.55,99,0,33.48,100.83,14.00,496.00,null,null,null
2023-08-26T01:43:46Z,24.85,78.50,99,0,35.08,100.83,14.00,493.00,null,null,null
2023-08-26T01:44:46Z,24.85,79.00,100,0,62.81,100.83,14.00,493.00,0,0,0
2023-08-26T01:45:46Z,24.85,79.17,100,0,53.34,100.83,14.00,492.00,null,null,null
2023-08-26T01:46:46Z,24.85,79.15,100,0,33.71,100.83,14.00,492.00,null,null,null
2023-08-26T01:47:46Z,24.87,79.13,99,0,40.16,100.83,14.00,492.00,null,null,null
2023-08-26T01:48:46Z,24.84,78.98,99,0,35.49,100.83,13.00,488.00,null,null,null
2023-08-26T01:49:46Z,24.84,78.77,99,0,35.85,100.83,13.00,488.00,0,0,0
2023-08-26T01:50:46Z,24.84,78.65,99,0,48.68,100.82,13.00,488.00,null,null,null
2023-08-26T01:51:46Z,24.82,78.82,99,0,33.58,100.83,13.00,487.00,null,null,null
2023-08-26T01:52:46Z,24.82,78.87,100,0,42.96,100.83,12.00,483.00,null,null,null
2023-08-26T01:53:46Z,24.82,79.30,99,0,46.46,100.83,13.00,488.00,null,null,null
2023-08-26T01:54:46Z,24.79,78.96,99,0,58.42,100.83,12.00,480.00,0,0,0
2023-08-26T01:55:46Z,24.85,79.78,100,0,61.32,100.82,14.00,492.00,null,null,null
2023-08-26T01:56:46Z,24.82,79.93,99,0,62.85,100.82,12.00,485.00,null,null,null
2023-08-26T01:57:46Z,24.85,80.01,99,0,55.41,100.82,12.00,485.00,null,null,null
2023-08-26T01:58:46Z,24.85,80.09,99,0,60.47,100.82,14.00,493.00,null,null,null
2023-08-26T01:59:46Z,24.85,80.04,99,0,61.78,100.82,14.00,493.00,0,0,0
2023-08-26T02:00:46Z,24.88,80.09,99,0,62.03,100.81,14.00,493.00,null,null,null
2023-08-26T02:01:46Z,24.91,80.07,99,0,66.22,100.82,14.00,496.00,null,null,null
2023-08-26T02:02:46Z,24.88,80.05,99,0,60.08,100.81,14.00,496.00,null,null,null
2023-08-26T02:03:46Z,24.88,80.00,99,0,58.98,100.81,15.00,501.00,null,null,null
2023-08-26T02:04:46Z,24.89,80.03,100,0,61.29,100.81,15.00,501.00,0,0,0
2023-08-26T02:05:46Z,24.91,79.99,99,0,59.25,100.81,15.00,505.00,null,null,null
2023-08-26T02:06:46Z,24.89,79.95,100,0,57.93,100.81,15.00,501.00,null,null,null
2023-08-26T02:07:46Z,24.92,79.91,99,0,55.52,100.81,15.00,501.00,null,null,null
2023-08-26T02:08:46Z,24.92,79.88,99,0,61.54,100.81,15.00,505.00,null,null,null
2023-08-26T02:09:46Z,24.92,79.86,100,0,58.46,100.81,15.00,505.00,0,0,0
2023-08-26T02:10:46Z,24.94,79.84,99,0,59.53,100.81,15.00,501.00,null,null,null
2023-08-26T02:11:46Z,24.92,79.82,99,0,57.32,100.81,15.00,501.00,null,null,null
2023-08-26T02:12:46Z,24.95,79.77,99,0,63.78,100.81,15.00,505.00,null,null,null
2023-08-26T02:13:46Z,24.95,79.74,99,0,58.85,100.81,15.00,505.00,null,null,null
2023-08-26T02:14:46Z,24.92,79.75,99,0,59.27,100.81,15.00,505.00,0,0,0
2023-08-26T02:15:46Z,24.96,79.68,99,0,61.74,100.81,15.00,501.00,null,null,null
2023-08-26T02:16:46Z,24.96,79.64,99,0,60.19,100.81,16.00,508.00,null,null,null
2023-08-26T02:17:46Z,24.99,79.58,99,0,62.73,100.81,16.00,508.00,null,null,null
2023-08-26T02:18:46Z,24.98,79.59,99,0,54.92,100.82,16.00,508.00,null,null,null
2023-08-26T02:19:46Z,24.98,79.61,99,0,59.90,100.81,16.00,508.00,0,0,0
2023-08-26T02:20:46Z,24.98,79.57,99,0,58.51,100.82,15.00,503.00,null,null,null
2023-08-26T02:21:46Z,25.01,79.55,99,0,60.31,100.81,16.00,508.00,null,null,null
2023-08-26T02:22:46Z,25.01,79.48,99,0,61.62,100.81,16.00,508.00,null,null,null
2023-08-26T02:23:46Z,24.98,79.46,99,0,60.80,100.81,16.00,508.00,null,null,null
2023-08-26T02:24:46Z,24.99,79.50,99,0,55.93,100.81,16.00,508.00,0,0,0
2023-08-26T02:25:46Z,25.02,79.43,99,0,55.10,100.82,15.00,503.00,null,null,null
2023-08-26T02:26:46Z,25.03,79.43,100,0,56.66,100.82,16.00,508.00,null,null,null
2023-08-26T02:27:46Z,25.02,79.36,99,0,63.33,100.81,16.00,508.00,null,null,null
2023-08-26T02:28:46Z,25.02,79.42,99,0,58.89,100.81,16.00,508.00,null,null,null
2023-08-26T02:29:46Z,25.01,79.35,99,0,60.11,100.81,16.00,508.00,0,0,0
2023-08-26T02:30:46Z,25.02,79.37,99,0,58.98,100.82,15.00,503.00,null,null,null
2023-08-26T02:31:46Z,25.07,79.34,99,0,59.13,100.81,16.00,508.00,null,null,null
2023-08-26T02:32:46Z,25.05,79.27,100,0,55.65,100.82,16.00,508.00,null,null,null
2023-08-26T02:33:46Z,25.05,79.28,100,0,59.08,100.82,15.00,503.00,null,null,null
2023-08-26T02:34:46Z,25.02,79.28,99,0,61.26,100.82,16.00,508.00,0,0,0
2023-08-26T02:35:46Z,25.05,79.26,99,0,58.58,100.82,16.00,508.00,null,null,null
2023-08-26T02:36:46Z,25.03,79.24,99,0,60.61,100.81,15.00,503.00,null,null,null
2023-08-26T02:37:46Z,25.05,79.22,99,0,59.18,100.82,17.00,517.00,null,null,null
2023-08-26T02:38:46Z,25.03,79.26,99,0,57.75,100.81,17.00,517.00,null,null,null
2023-08-26T02:39:46Z,25.03,79.29,99,0,63.17,100.81,15.00,503.00,0,0,0
2023-08-26T02:40:46Z,25.08,79.27,99,0,57.34,100.81,16.00,508.00,null,null,null
2023-08-26T02:41:46Z,25.07,79.24,99,0,58.92,100.81,15.00,503.00,null,null,null
2023-08-26T02:42:46Z,25.09,79.17,99,0,59.70,100.81,16.00,508.00,null,null,null
2023-08-26T02:43:46Z,25.05,79.14,99,0,56.89,100.81,16.00,508.00,null,null,null
2023-08-26T02:44:46Z,25.07,79.23,99,0,60.49,100.81,15.00,502.00,0,0,0
2023-08-26T02:45:46Z,25.09,79.29,99,0,61.87,100.81,16.00,508.00,null,null,null
2023-08-26T02:46:46Z,25.08,79.27,99,0,59.61,100.81,15.00,503.00,null,null,null
2023-08-26T02:47:46Z,25.11,79.25,99,0,57.90,100.81,15.00,503.00,null,null,null
2023-08-26T02:48:46Z,25.08,79.29,99,0,57.99,100.81,15.00,503.00,null,null,null
2023-08-26T02:49:46Z,25.09,79.28,99,0,59.28,100.81,15.00,503.00,0,0,0
2023-08-26T02:50:46Z,25.08,79.26,99,0,57.69,100.82,15.00,503.00,null,null,null
2023-08-26T02:51:46Z,25.08,79.29,99,0,56.08,100.82,15.00,503.00,null,null,null
2023-08-26T02:52:46Z,25.08,79.23,100,0,55.60,100.82,15.00,503.00,null,null,null
2023-08-26T02:53:46Z,25.08,79.22,99,0,58.54,100.82,16.00,508.00,null,null,null
2023-08-26T02:54:46Z,25.08,79.28,99,0,58.46,100.82,16.00,508.00,0,0,0
2023-08-26T02:55:46Z,25.09,79.29,99,0,58.15,100.82,14.00,498.00,null,null,null
2023-08-26T02:56:46Z,25.09,79.20,99,0,56.13,100.82,14.00,498.00,null,null,null
2023-08-26T02:57:46Z,25.12,79.20,99,0,59.88,100.82,15.00,502.00,null,null,null
2023-08-26T02:58:46Z,25.09,79.20,99,0,60.65,100.83,16.00,508.00,null,null,null
2023-08-26T02:59:46Z,25.08,79.24,99,0,63.16,100.82,16.00,508.00,0,0,0
2023-08-26T03:00:46Z,25.09,79.23,99,0,59.10,100.83,15.00,502.00,null,null,null
2023-08-26T03:01:46Z,25.11,79.18,99,0,58.11,100.83,16.00,508.00,null,null,null
2023-08-26T03:02:46Z,25.11,79.13,99,0,58.44,100.83,16.00,508.00,null,null,null
2023-08-26T03:03:46Z,25.11,79.13,99,0,58.77,100.83,16.00,508.00,null,null,null
2023-08-26T03:04:46Z,25.09,79.13,99,0,59.90,100.82,15.00,502.00,0,0,0
2023-08-26T03:05:46Z,25.11,79.14,99,0,58.42,100.82,15.00,500.00,null,null,null
2023-08-26T03:06:46Z,25.09,79.10,100,0,59.71,100.83,15.00,502.00,null,null,null
2023-08-26T03:07:46Z,25.09,79.05,99,0,64.53,100.83,15.00,502.00,null,null,null
2023-08-26T03:08:46Z,25.09,79.02,99,0,61.84,100.82,15.00,502.00,null,null,null
2023-08-26T03:09:46Z,25.09,79.03,99,0,56.96,100.82,15.00,502.00,0,0,0
2023-08-26T03:10:46Z,25.11,78.99,99,0,56.04,100.82,14.00,492.00,null,null,null
2023-08-26T03:11:46Z,25.14,78.99,99,0,57.74,100.82,15.00,502.00,null,null,null
2023-08-26T03:12:46Z,25.11,78.96,100,0,58.27,100.82,15.00,502.00,null,null,null
2023-08-26T03:13:46Z,25.11,78.99,99,0,60.59,100.82,15.00,502.00,null,null,null
2023-08-26T03:14:46Z,25.11,78.96,100,0,58.58,100.82,15.00,502.00,0,0,0
2023-08-26T03:15:46Z,25.11,79.01,100,0,59.57,100.82,15.00,502.00,null,null,null
2023-08-26T03:16:46Z,25.09,78.91,99,0,57.81,100.82,15.00,502.00,null,null,null
2023-08-26T03:17:46Z,25.11,78.89,100,0,55.59,100.81,15.00,502.00,null,null,null
2023-08-26T03:18:46Z,25.09,78.92,100,0,56.54,100.81,15.00,502.00,null,null,null
2023-08-26T03:19:46Z,25.11,78.96,99,0,55.10,100.81,15.00,500.00,0,0,0
2023-08-26T03:20:46Z,25.11,78.97,99,0,55.85,100.82,15.00,502.00,null,null,null
2023-08-26T03:21:46Z,25.11,78.93,99,0,54.59,100.81,15.00,500.00,null,null,null
2023-08-26T03:22:46Z,25.11,78.94,99,0,58.03,100.82,15.00,502.00,null,null,null
2023-08-26T03:23:46Z,25.08,78.95,100,0,60.18,100.81,15.00,500.00,null,null,null
2023-08-26T03:24:46Z,25.09,78.98,99,0,58.20,100.81,15.00,502.00,0,0,0
2023-08-26T03:25:46Z,25.09,78.98,99,0,58.23,100.82,15.00,500.00,null,null,null
2023-08-26T03:26:46Z,25.08,78.87,99,0,60.76,100.82,15.00,500.00,null,null,null
2023-08-26T03:27:46Z,25.12,78.90,99,0,61.12,100.81,15.00,500.00,null,null,null
2023-08-26T03:28:46Z,25.08,78.87,100,0,60.42,100.82,15.00,500.00,null,null,null
2023-08-26T03:29:46Z,25.08,78.91,99,0,60.45,100.82,15.00,500.00,0,0,0
2023-08-26T03:30:46Z,25.11,78.91,100,0,59.34,100.82,15.00,500.00,null,null,null
2023-08-26T03:31:46Z,25.11,78.88,100,0,61.01,100.82,15.00,500.00,null,null,null
2023-08-26T03:32:46Z,25.09,78.79,99,0,61.40,100.82,15.00,500.00,null,null,null
2023-08-26T03:33:46Z,25.11,78.77,99,0,59.19,100.82,15.00,500.00,null,null,null
2023-08-26T03:34:46Z,25.08,78.84,100,0,61.95,100.81,15.00,500.00,0,0,0
2023-08-26T03:35:46Z,25.07,78.83,99,0,58.97,100.82,15.00,500.00,null,null,null
2023-08-26T03:36:46Z,25.08,78.80,99,0,56.27,100.81,15.00,500.00,null,null,null
2023-08-26T03:37:46Z,25.09,78.78,99,0,57.17,100.81,15.00,500.00,null,null,null
2023-08-26T03:38:46Z,25.08,78.79,99,0,59.76,100.81,15.00,500.00,null,null,null
2023-08-26T03:39:46Z,25.07,78.78,100,0,59.21,100.81,14.00,492.00,0,0,0
2023-08-26T03:40:46Z,25.07,78.76,99,0,57.61,100.81,14.00,492.00,null,null,null
2023-08-26T03:41:46Z,25.08,78.75,99,0,58.38,100.81,14.00,492.00,null,null,null
2023-08-26T03:42:46Z,25.09,78.74,99,0,61.88,100.81,14.00,492.00,null,null,null
2023-08-26T03:43:46Z,25.08,78.72,99,0,57.08,100.81,14.00,496.00,null,null,null
2023-08-26T03:44:46Z,25.07,78.72,100,0,60.07,100.80,14.00,496.00,0,0,0
2023-08-26T03:45:46Z,25.08,78.74,100,0,57.52,100.81,14.00,493.00,null,null,null
2023-08-26T03:46:46Z,25.07,78.73,99,0,56.71,100.80,14.00,496.00,null,null,null
2023-08-26T03:47:46Z,25.09,78.74,100,0,57.91,100.80,14.00,496.00,null,null,null
2023-08-26T03:48:46Z,25.07,78.73,99,0,61.44,100.80,14.00,496.00,null,null,null
2023-08-26T03:49:46Z,25.05,78.73,99,0,60.94,100.80,14.00,496.00,0,0,0
2023-08-26T03:50:46Z,25.08,78.73,99,0,57.70,100.80,13.00,487.00,null,null,null
2023-08-26T03:51:46Z,25.08,78.70,99,0,61.04,100.80,14.00,496.00,null,null,null
2023-08-26T03:52:46Z,25.08,78.78,99,0,59.23,100.80,14.00,496.00,null,null,null
2023-08-26T03:53:46Z,25.07,78.77,99,0,57.47,100.80,14.00,492.00,null,null,null
2023-08-26T03:54:46Z,25.08,78.74,99,0,60.03,100.80,14.00,492.00,0,0,0
2023-08-26T03:55:46Z,25.07,78.74,99,0,57.47,100.80,13.00,487.00,null,null,null
2023-08-26T03:56:46Z,25.08,78.71,99,0,61.20,100.80,14.00,493.00,null,null,null
2023-08-26T03:57:46Z,25.05,78.66,99,0,59.80,100.80,14.00,493.00,null,null,null
2023-08-26T03:58:46Z,25.05,78.71,99,0,58.27,100.80,14.00,493.00,null,null,null
2023-08-26T03:59:46Z,25.05,78.76,100,0,58.40,100.80,14.00,493.00,0,0,0
2023-08-26T04:00:46Z,25.03,78.77,99,0,61.11,100.79,13.00,488.00,null,null,null
2023-08-26T04:01:46Z,25.05,78.71,99,0,64.71,100.79,13.00,488.00,null,null,null
2023-08-26T04:02:46Z,25.05,78.72,100,0,60.33,100.79,14.00,493.00,null,null,null
2023-08-26T04:03:46Z,25.03,78.66,99,0,61.05,100.79,14.00,493.00,null,null,null
2023-08-26T04:04:46Z,25.01,78.65,99,0,60.18,100.79,14.00,493.00,0,0,0
2023-08-26T04:05:46Z,25.03,78.74,99,0,60.09,100.78,14.00,493.00,null,null,null
2023-08-26T04:06:46Z,25.03,78.70,99,0,59.96,100.78,13.00,487.00,null,null,null
2023-08-26T04:07:46Z,25.01,78.67,99,0,58.97,100.79,13.00,487.00,null,null,null
2023-08-26T04:08:46Z,25.03,78.70,99,0,60.39,100.79,13.00,487.00,null,null,null
2023-08-26T04:09:46Z,25.02,78.73,99,0,56.74,100.78,13.00,487.00,0,0,0
2023-08-26T04:10:46Z,25.02,78.76,100,0,62.22,100.79,13.00,487.00,null,null,null
2023-08-26T04:11:46Z,25.01,78.74,99,0,55.95,100.79,12.00,483.00,null,null,null
2023-08-26T04:12:46Z,25.01,78.71,99,0,60.40,100.79,13.00,487.00,null,null,null
2023-08-26T04:13:46Z,25.02,78.76,100,0,62.65,100.79,13.00,487.00,null,null,null
2023-08-26T04:14:46Z,25.01,78.74,99,0,59.81,100.79,12.00,483.00,0,0,0
2023-08-26T04:15:46Z,25.01,78.74,99,0,58.92,100.79,13.00,487.00,null,null,null
2023-08-26T04:16:46Z,25.02,78.73,100,0,56.85,100.79,13.00,487.00,null,null,null
2023-08-26T04:17:46Z,24.99,78.80,100,0,60.43,100.79,13.00,487.00,null,null,null
2023-08-26T04:18:46Z,24.99,78.84,99,0,57.96,100.79,12.00,483.00,null,null,null
2023-08-26T04:19:46Z,24.99,78.87,99,0,62.49,100.79,12.00,483.00,0,0,0
2023-08-26T04:20:46Z,25.01,78.90,99,0,59.77,100.79,12.00,483.00,null,null,null
2023-08-26T04:21:46Z,25.01,78.88,99,0,62.68,100.79,12.00,483.00,null,null,null
2023-08-26T04:22:46Z,24.99,78.90,99,0,59.46,100.79,12.00,483.00,null,null,null
2023-08-26T04:23:46Z,25.01,78.85,99,0,60.75,100.79,12.00,483.00,null,null,null
2023-08-26T04:24:46Z,24.96,78.84,99,0,57.01,100.79,12.00,483.00,0,0,0
2023-08-26T04:25:46Z,24.95,78.83,100,0,62.29,100.79,22.00,546.00,null,null,null
2023-08-26T04:26:46Z,24.99,78.81,99,0,57.83,100.79,28.00,588.00,null,null,null
2023-08-26T04:27:46Z,24.98,78.81,100,0,60.44,100.79,32.00,615.00,null,null,null
2023-08-26T04:28:46Z,24.98,78.85,100,0,57.59,100.79,36.00,637.00,null,null,null
2023-08-26T04:29:46Z,24.95,78.82,99,0,57.00,100.79,37.00,649.00,0,0,0
2023-08-26T04:30:46Z,24.94,78.78,99,0,57.29,100.79,37.00,649.00,null,null,null
2023-08-26T04:31:46Z,24.98,78.79,99,0,59.68,100.79,41.00,672.00,null,null,null
2023-08-26T04:32:46Z,25.01,78.73,99,0,57.56,100.79,42.00,679.00,null,null,null
2023-08-26T04:33:46Z,24.98,78.78,100,0,60.89,100.79,42.00,678.00,null,null,null
2023-08-26T04:34:46Z,24.95,78.78,99,0,60.77,100.79,42.00,679.00,0,0,0
2023-08-26T04:35:46Z,24.96,78.77,99,0,58.88,100.79,40.00,665.00,null,null,null
2023-08-26T04:36:46Z,24.96,78.73,100,0,60.26,100.79,41.00,672.00,null,null,null
2023-08-26T04:37:46Z,24.95,78.69,99,0,57.26,100.79,42.00,678.00,null,null,null
2023-08-26T04:38:46Z,24.95,78.70,100,0,61.96,100.79,42.00,678.00,null,null,null
2023-08-26T04:39:46Z,24.95,78.71,99,0,58.47,100.79,42.00,678.00,0,0,0
2023-08-26T04:40:46Z,24.94,78.72,99,0,56.31,100.79,41.00,671.00,null,null,null
2023-08-26T04:41:46Z,24.95,78.67,99,0,59.53,100.79,42.00,678.00,null,null,null
2023-08-26T04:42:46Z,24.95,78.65,100,0,59.00,100.79,41.00,671.00,null,null,null
2023-08-26T04:43:46Z,24.95,78.64,99,0,59.13,100.79,40.00,665.00,null,null,null
2023-08-26T04:44:46Z,24.92,78.68,100,0,58.99,100.79,41.00,671.00,0,0,0
2023-08-26T04:45:46Z,24.92,78.64,99,0,58.07,100.79,40.00,665.00,null,null,null
2023-08-26T04:46:46Z,24.94,78.63,100,0,56.59,100.79,40.00,665.00,null,null,null
2023-08-26T04:47:46Z,24.94,78.64,99,0,59.37,100.79,40.00,665.00,null,null,null
2023-08-26T04:48:46Z,24.91,78.63,99,0,59.89,100.79,38.00,653.00,null,null,null
2023-08-26T04:49:46Z,24.92,78.60,99,0,58.20,100.79,38.00,653.00,0,0,0
2023-08-26T04:50:46Z,24.92,78.61,99,0,58.90,100.79,37.00,649.00,null,null,null
2023-08-26T04:51:46Z,24.94,78.58,99,0,54.95,100.79,37.00,649.00,null,null,null
2023-08-26T04:52:46Z,24.94,78.62,99,0,56.15,100.79,37.00,649.00,null,null,null
2023-08-26T04:53:46Z,24.92,78.63,100,0,60.86,100.79,37.00,649.00,null,null,null
2023-08-26T04:54:46Z,24.89,78.65,99,0,57.08,100.79,36.00,641.00,0,0,0
2023-08-26T04:55:46Z,24.91,78.67,99,0,56.99,100.79,36.00,641.00,null,null,null
2023-08-26T04:56:46Z,24.91,78.61,99,0,57.36,100.79,35.00,634.00,null,null,null
2023-08-26T04:57:46Z,24.92,78.62,99,0,58.77,100.79,35.00,634.00,null,null,null
2023-08-26T04:58:46Z,24.91,78.64,99,0,58.99,100.79,35.00,634.00,null,null,null
2023-08-26T04:59:46Z,24.88,78.65,100,0,56.70,100.79,34.00,627.00,0,0,0
2023-08-26T05:00:46Z,24.92,78.65,99,0,57.31,100.79,34.00,627.00,null,null,null
2023-08-26T05:01:46Z,24.89,78.64,100,0,55.56,100.79,34.00,627.00,null,null,null
2023-08-26T05:02:46Z,24.88,78.63,99,0,59.86,100.79,33.00,620.00,null,null,null
2023-08-26T05:03:46Z,24.88,78.65,100,0,null,100.79,32.00,614.00,null,null,null
2023-08-26T05:04:46Z,24.88,78.61,100,0,59.77,100.79,32.00,614.00,0,0,0
2023-08-26T05:05:46Z,24.88,78.67,99,0,59.13,100.79,32.00,614.00,null,null,null
2023-08-26T05:06:46Z,24.88,78.62,99,0,61.95,100.79,32.00,614.00,null,null,null
2023-08-26T05:07:46Z,24.91,78.66,99,0,65.39,100.79,32.00,611.00,null,null,null
2023-08-26T05:08:46Z,24.88,78.65,99,0,58.99,100.79,32.00,614.00,null,null,null
2023-08-26T05:09:46Z,24.85,78.67,100,0,58.61,100.79,32.00,614.00,0,0,0
2023-08-26T05:10:46Z,24.84,78.67,100,0,57.59,100.79,32.00,611.00,null,null,null
2023-08-26T05:11:46Z,24.87,78.64,99,0,62.99,100.79,32.00,611.00,null,null,null
2023-08-26T05:12:46Z,24.87,78.64,100,0,59.06,100.79,30.00,599.00,null,null,null
2023-08-26T05:13:46Z,24.87,78.60,100,0,60.90,100.79,30.00,599.00,null,null,null
2023-08-26T05:14:46Z,24.85,78.65,99,0,59.90,100.79,29.00,592.00,0,0,0
2023-08-26T05:15:46Z,24.84,78.64,99,0,61.03,100.79,29.00,592.00,null,null,null
2023-08-26T05:16:46Z,24.88,78.64,100,0,60.42,100.79,32.00,611.00,null,null,null
2023-08-26T05:17:46Z,24.87,78.63,99,0,58.98,100.79,29.00,592.00,null,null,null
2023-08-26T05:18:46Z,24.85,78.65,100,0,55.47,100.79,29.00,592.00,null,null,null
2023-08-26T05:19:46Z,24.82,78.65,99,0,58.26,100.79,29.00,592.00,0,0,0
2023-08-26T05:20:46Z,24.85,78.69,99,0,62.54,100.79,26.00,577.00,null,null,null
2023-08-26T05:21:46Z,24.85,78.68,99,0,58.06,100.79,29.00,592.00,null,null,null
2023-08-26T05:22:46Z,24.84,78.69,99,0,56.99,100.80,28.00,589.00,null,null,null
2023-08-26T05:23:46Z,24.84,78.72,99,0,59.96,100.80,28.00,589.00,null,null,null
2023-08-26T05:24:46Z,24.82,78.73,100,0,58.18,100.79,27.00,581.00,0,0,0
2023-08-26T05:25:46Z,24.85,78.75,99,0,58.09,100.80,26.00,577.00,null,null,null
2023-08-26T05:26:46Z,24.84,78.71,99,0,59.68,100.79,26.00,577.00,null,null,null
2023-08-26T05:27:46Z,24.82,78.68,99,0,57.77,100.80,26.00,577.00,null,null,null
2023-08-26T05:28:46Z,24.82,78.67,100,0,59.43,100.80,26.00,577.00,null,null,null
2023-08-26T05:29:46Z,24.78,78.77,100,0,33.56,100.79,26.00,577.00,0,0,0
2023-08-26T05:30:46Z,24.82,78.46,100,0,35.43,100.80,26.00,572.00,null,null,null
2023-08-26T05:31:46Z,24.79,78.21,100,0,35.77,100.79,26.00,577.00,null,null,null
2023-08-26T05:32:46Z,24.78,78.25,100,0,36.36,100.79,26.00,574.00,null,null,null
2023-08-26T05:33:46Z,24.77,78.11,99,0,34.41,100.79,25.00,569.00,null,null,null
2023-08-26T05:34:46Z,24.74,78.31,99,0,33.82,100.79,25.00,567.00,0,0,0
2023-08-26T05:35:46Z,24.74,78.41,99,0,34.51,100.79,32.00,612.00,null,null,null
2023-08-26T05:36:46Z,24.75,78.34,99,0,35.17,100.79,32.00,612.00,null,null,null
2023-08-26T05:37:46Z,24.74,78.58,99,0,36.69,100.79,24.00,564.00,null,null,null
2023-08-26T05:38:46Z,24.72,78.49,99,0,39.09,100.79,30.00,603.00,null,null,null
2023-08-26T05:39:46Z,24.71,78.53,99,0,37.63,100.79,29.00,592.00,0,0,0
2023-08-26T05:40:46Z,24.68,78.59,99,0,36.15,100.79,30.00,599.00,null,null,null
2023-08-26T05:41:46Z,24.68,78.49,99,0,37.14,100.79,30.00,599.00,null,null,null
2023-08-26T05:42:46Z,24.67,78.52,99,0,34.31,100.79,29.00,592.00,null,null,null
2023-08-26T05:43:46Z,24.64,78.63,99,0,34.54,100.79,29.00,592.00,null,null,null
2023-08-26T05:44:46Z,24.63,78.66,99,0,34.94,100.79,28.00,589.00,0,0,0
2023-08-26T05:45:46Z,24.63,78.32,99,0,34.08,100.80,28.00,589.00,null,null,null
2023-08-26T05:46:46Z,24.66,78.36,99,0,35.82,100.80,28.00,589.00,null,null,null
2023-08-26T05:47:46Z,24.61,78.63,100,0,34.54,100.79,28.00,589.00,null,null,null
2023-08-26T05:48:46Z,24.61,78.79,99,0,34.23,100.80,28.00,589.00,null,null,null
2023-08-26T05:49:46Z,24.57,78.77,100,0,33.91,100.80,28.00,584.00,0,0,0
2023-08-26T05:50:46Z,24.56,78.76,99,0,38.06,100.79,27.00,578.00,null,null,null
2023-08-26T05:51:46Z,24.57,79.02,99,0,33.47,100.80,27.00,578.00,null,null,null
2023-08-26T05:52:46Z,24.60,78.92,99,0,34.30,100.80,28.00,584.00,null,null,null
2023-08-26T05:53:46Z,24.53,78.87,99,0,37.41,100.80,27.00,578.00,null,null,null
2023-08-26T05:54:46Z,24.54,78.72,99,0,35.32,100.80,27.00,578.00,0,0,0
2023-08-26T05:55:46Z,24.54,78.69,99,0,34.57,100.80,27.00,578.00,null,null,null
2023-08-26T05:56:46Z,24.53,78.92,100,0,34.78,100.80,27.00,578.00,null,null,null
2023-08-26T05:57:46Z,24.50,78.53,99,0,35.66,100.80,25.00,567.00,null,null,null
2023-08-26T05:58:46Z,24.51,78.78,100,0,34.28,100.80,25.00,567.00,null,null,null
2023-08-26T05:59:46Z,24.48,78.86,99,0,35.85,100.79,25.00,567.00,0,0,0
2023-08-26T06:00:46Z,24.43,78.70,99,0,33.61,100.80,25.00,567.00,null,null,null
2023-08-26T06:01:46Z,24.47,78.39,99,0,38.39,100.80,25.00,567.00,null,null,null
2023-08-26T06:02:46Z,24.45,78.55,99,0,33.99,100.80,25.00,567.00,null,null,null
2023-08-26T06:03:46Z,24.44,78.76,100,0,36.25,100.80,24.00,560.00,null,null,null
2023-08-26T06:04:46Z,24.41,78.95,99,0,35.23,100.79,24.00,564.00,0,0,0
2023-08-26T06:05:46Z,24.41,78.68,99,0,34.38,100.80,23.00,553.00,null,null,null
2023-08-26T06:06:46Z,24.39,78.86,99,0,37.59,100.80,24.00,560.00,null,null,null
2023-08-26T06:07:46Z,24.39,78.83,99,0,34.67,100.80,23.00,553.00,null,null,null
2023-08-26T06:08:46Z,24.39,78.82,100,0,34.77,100.80,23.00,553.00,null,null,null
2023-08-26T06:09:46Z,24.36,78.88,99,0,36.11,100.79,23.00,553.00,0,0,0
2023-08-26T06:10:46Z,24.36,78.71,99,0,34.95,100.80,21.00,540.00,null,null,null
2023-08-26T06:11:46Z,24.34,78.53,99,0,36.97,100.79,23.00,553.00,null,null,null
2023-08-26T06:12:46Z,24.34,78.84,100,0,35.06,100.79,23.00,553.00,null,null,null
2023-08-26T06:13:46Z,24.33,79.04,99,0,34.95,100.79,22.00,549.00,null,null,null
2023-08-26T06:14:46Z,24.31,79.05,100,0,36.49,100.79,22.00,549.00,0,0,0
2023-08-26T06:15:46Z,24.31,78.80,99,0,34.14,100.78,21.00,543.00,null,null,null
2023-08-26T06:16:46Z,24.30,78.82,100,0,34.59,100.78,21.00,543.00,null,null,null
2023-08-26T06:17:46Z,24.30,78.93,100,0,34.41,100.79,21.00,540.00,null,null,null
2023-08-26T06:18:46Z,24.26,78.98,100,0,32.84,100.79,21.00,540.00,null,null,null
2023-08-26T06:19:46Z,24.27,79.05,100,0,34.61,100.79,21.00,540.00,0,0,0
2023-08-26T06:20:46Z,24.27,79.23,99,0,35.00,100.79,21.00,540.00,null,null,null
2023-08-26T06:21:46Z,24.24,78.97,99,0,34.42,100.78,21.00,540.00,null,null,null
2023-08-26T06:22:46Z,24.24,79.02,99,0,36.97,100.79,23.00,551.00,null,null,null
2023-08-26T06:23:46Z,24.24,79.50,99,0,35.19,100.79,23.00,556.00,null,null,null
2023-08-26T06:24:46Z,24.23,79.59,99,0,34.56,100.79,23.00,552.00,0,0,0
2023-08-26T06:25:46Z,24.21,79.63,99,0,33.81,100.79,23.00,552.00,null,null,null
2023-08-26T06:26:46Z,24.24,79.61,99,0,34.58,100.79,24.00,560.00,null,null,null
2023-08-26T06:27:46Z,24.21,79.62,99,0,34.12,100.79,24.00,560.00,null,null,null
2023-08-26T06:28:46Z,24.21,79.56,99,0,34.69,100.79,24.00,560.00,null,null,null
2023-08-26T06:29:46Z,24.20,79.55,100,0,34.80,100.80,24.00,560.00,0,0,0
2023-08-26T06:30:46Z,24.21,79.45,99,0,35.47,100.80,24.00,560.00,null,null,null
2023-08-26T06:31:46Z,24.20,79.47,100,0,34.51,100.80,23.00,552.00,null,null,null
2023-08-26T06:32:46Z,24.19,79.35,99,0,34.64,100.80,23.00,552.00,null,null,null
2023-08-26T06:33:46Z,24.16,79.28,99,0,34.88,100.80,23.00,552.00,null,null,null
2023-08-26T06:34:46Z,24.16,79.32,99,0,33.62,100.80,23.00,552.00,0,0,0
2023-08-26T06:35:46Z,24.16,79.29,99,0,34.36,100.80,23.00,552.00,null,null,null
2023-08-26T06:36:46Z,24.16,79.24,99,0,36.00,100.80,23.00,552.00,null,null,null
2023-08-26T06:37:46Z,24.15,79.38,99,0,35.71,100.80,23.00,556.00,null,null,null
2023-08-26T06:38:46Z,24.15,79.39,99,0,37.91,100.80,22.00,546.00,null,null,null
2023-08-26T06:39:46Z,24.15,79.41,99,0,37.87,100.80,22.00,546.00,0,0,0
2023-08-26T06:40:46Z,24.12,79.25,100,0,34.37,100.80,21.00,540.00,null,null,null
2023-08-26T06:41:46Z,24.13,79.25,100,0,36.27,100.79,21.00,540.00,null,null,null
2023-08-26T06:42:46Z,24.13,79.27,99,1,56.69,100.80,21.00,540.00,null,null,null
2023-08-26T06:43:46Z,24.13,79.23,99,1,34.93,100.80,21.00,540.00,null,null,null
2023-08-26T06:44:46Z,24.09,79.41,99,1,36.89,100.80,22.00,546.00,0,0,0
2023-08-26T06:45:46Z,24.13,79.52,99,1,35.57,100.80,20.00,536.00,null,null,null
2023-08-26T06:46:46Z,24.12,79.46,100,1,35.10,100.80,22.00,546.00,null,null,null
2023-08-26T06:47:46Z,24.12,79.50,99,1,35.51,100.80,23.00,552.00,null,null,null
2023-08-26T06:48:46Z,24.12,79.58,99,1,35.62,100.81,23.00,552.00,null,null,null
2023-08-26T06:49:46Z,24.12,79.52,100,1,38.54,100.80,22.00,546.00,0,0,0
2023-08-26T06:50:46Z,24.09,79.56,99,0,35.09,100.80,21.00,540.00,null,null,null
2023-08-26T06:51:46Z,24.13,79.55,100,1,34.47,100.81,22.00,546.00,null,null,null
2023-08-26T06:52:46Z,24.10,79.47,99,0,38.03,100.80,23.00,552.00,null,null,null
2023-08-26T06:53:46Z,24.12,79.53,100,1,35.86,100.81,22.00,546.00,null,null,null
2023-08-26T06:54:46Z,24.09,79.47,99,1,38.32,100.81,22.00,546.00,0,0,0
2023-08-26T06:55:46Z,24.13,79.49,99,0,35.84,100.81,22.00,546.00,null,null,null
2023-08-26T06:56:46Z,24.12,79.44,99,1,37.46,100.81,22.00,546.00,null,null,null
2023-08-26T06:57:46Z,24.13,79.41,99,0,35.35,100.80,22.00,546.00,null,null,null
2023-08-26T06:58:46Z,24.12,79.49,99,0,36.25,100.81,22.00,546.00,null,null,null
2023-08-26T06:59:46Z,24.12,79.57,100,0,35.90,100.81,22.00,546.00,0,0,0
2023-08-26T07:00:46Z,24.10,79.67,99,0,35.07,100.81,23.00,552.00,null,null,null
2023-08-26T07:01:46Z,24.12,79.62,99,0,35.50,100.81,23.00,552.00,null,null,null
2023-08-26T07:02:46Z,24.09,79.51,99,0,37.01,100.80,23.00,552.00,null,null,null
2023-08-26T07:03:46Z,24.10,79.65,99,0,37.12,100.80,23.00,552.00,null,null,null
2023-08-26T07:04:46Z,24.09,79.88,99,0,35.61,100.80,24.00,560.00,0,0,0
2023-08-26T07:05:46Z,24.09,79.85,99,0,35.27,100.80,22.00,549.00,null,null,null
2023-08-26T07:06:46Z,24.08,79.89,100,0,34.52,100.80,22.00,549.00,null,null,null
2023-08-26T07:07:46Z,24.10,79.83,99,0,34.49,100.80,22.00,549.00,null,null,null
2023-08-26T07:08:46Z,24.09,80.07,99,0,34.72,100.80,23.00,555.00,null,null,null
2023-08-26T07:09:46Z,24.08,79.88,99,0,34.61,100.80,22.00,549.00,0,0,0
2023-08-26T07:10:46Z,24.08,79.94,99,0,34.63,100.80,22.00,549.00,null,null,null
2023-08-26T07:11:46Z,24.09,79.98,99,0,34.22,100.80,22.00,549.00,null,null,null
2023-08-26T07:12:46Z,24.09,79.94,99,0,34.21,100.80,23.00,555.00,null,null,null
2023-08-26T07:13:46Z,24.08,80.18,100,0,37.54,100.81,22.00,549.00,null,null,null
2023-08-26T07:14:46Z,24.05,80.15,99,0,35.04,100.81,23.00,555.00,0,0,0
2023-08-26T07:15:46Z,24.05,80.21,99,0,36.05,100.81,22.00,549.00,null,null,null
2023-08-26T07:16:46Z,24.09,80.22,99,0,34.36,100.81,23.00,555.00,null,null,null
2023-08-26T07:17:46Z,24.06,80.23,99,0,35.96,100.81,23.00,555.00,null,null,null
2023-08-26T07:18:46Z,24.08,80.14,99,0,38.28,100.81,22.00,549.00,null,null,null
2023-08-26T07:19:46Z,24.06,80.12,99,0,34.73,100.81,22.00,549.00,0,0,0
2023-08-26T07:20:46Z,24.05,80.13,99,0,33.68,100.81,22.00,549.00,null,null,null
2023-08-26T07:21:46Z,24.05,79.99,99,0,35.11,100.81,22.00,549.00,null,null,null
2023-08-26T07:22:46Z,24.06,79.71,99,0,36.42,100.81,20.00,537.00,null,null,null
2023-08-26T07:23:46Z,24.02,79.84,99,0,35.65,100.81,21.00,540.00,null,null,null
2023-08-26T07:24:46Z,24.02,80.12,100,0,34.29,100.81,20.00,537.00,0,0,0
2023-08-26T07:25:46Z,24.02,80.27,100,0,35.80,100.82,20.00,537.00,null,null,null
2023-08-26T07:26:46Z,24.03,80.28,99,0,34.55,100.82,22.00,549.00,null,null,null
2023-08-26T07:27:46Z,24.05,80.26,99,0,34.62,100.82,22.00,545.00,null,null,null
2023-08-26T07:28:46Z,24.03,80.09,99,0,35.14,100.82,21.00,539.00,null,null,null
2023-08-26T07:29:46Z,24.00,80.07,99,0,35.29,100.82,21.00,543.00,0,0,0
2023-08-26T07:30:46Z,24.05,80.21,99,0,36.00,100.82,20.00,537.00,null,null,null
2023-08-26T07:31:46Z,24.02,80.15,99,0,35.14,100.82,21.00,543.00,null,null,null
2023-08-26T07:32:46Z,24.03,80.07,99,0,35.42,100.81,36.00,638.00,null,null,null
2023-08-26T07:33:46Z,24.02,80.25,100,0,35.81,100.81,66.00,834.00,null,null,null
2023-08-26T07:34:46Z,24.00,80.31,99,0,39.38,100.81,136.00,1299.00,0,0,0
2023-08-26T07:35:46Z,24.00,80.35,99,0,35.05,100.82,166.00,1495.00,null,null,null
2023-08-26T07:36:46Z,24.05,80.38,99,0,35.07,100.82,195.00,1534.00,null,null,null
2023-08-26T07:37:46Z,23.99,80.22,99,0,33.97,100.82,195.00,1534.00,null,null,null
2023-08-26T07:38:46Z,23.99,80.36,99,0,36.98,100.82,186.00,1522.00,null,null,null
2023-08-26T07:39:46Z,24.00,80.38,99,0,35.05,100.82,175.00,1505.00,0,0,0
2023-08-26T07:40:46Z,23.99,80.21,100,0,35.06,100.82,160.00,1453.00,null,null,null
2023-08-26T07:41:46Z,23.99,80.20,99,0,41.54,100.82,151.00,1393.00,null,null,null
2023-08-26T07:42:46Z,23.99,80.15,99,0,35.56,100.82,148.00,1372.00,null,null,null
2023-08-26T07:43:46Z,23.99,80.23,99,0,35.26,100.82,140.00,1324.00,null,null,null
2023-08-26T07:44:46Z,23.99,80.23,99,0,33.74,100.82,133.00,1274.00,0,0,0
2023-08-26T07:45:46Z,23.98,80.14,99,0,35.11,100.82,130.00,1255.00,null,null,null
2023-08-26T07:46:46Z,23.99,80.20,99,0,38.56,100.82,126.00,1228.00,null,null,null
2023-08-26T07:47:46Z,23.99,80.00,99,0,34.95,100.82,121.00,1195.00,null,null,null
2023-08-26T07:48:46Z,23.99,80.03,99,0,36.87,100.82,118.00,1181.00,null,null,null
2023-08-26T07:49:46Z,23.96,80.17,99,0,35.89,100.82,117.00,1168.00,0,0,0
2023-08-26T07:50:46Z,23.94,80.19,99,1,36.98,100.82,113.00,1147.00,null,null,null
2023-08-26T07:51:46Z,23.96,80.19,99,1,36.66,100.82,112.00,1140.00,null,null,null
2023-08-26T07:52:46Z,23.94,80.19,99,1,35.54,100.83,112.00,1140.00,null,null,null
2023-08-26T07:53:46Z,23.94,80.28,99,2,36.69,100.82,110.00,1128.00,null,null,null
2023-08-26T07:54:46Z,23.96,80.24,99,2,34.58,100.82,107.00,1105.00,0,0,0
2023-08-26T07:55:46Z,23.98,80.27,100,1,33.60,100.83,108.00,1113.00,null,null,null
2023-08-26T07:56:46Z,23.96,80.23,99,2,36.70,100.82,104.00,1086.00,null,null,null
2023-08-26T07:57:46Z,23.98,80.20,100,2,35.84,100.83,105.00,1095.00,null,null,null
2023-08-26T07:58:46Z,23.94,80.30,99,2,37.17,100.83,104.00,1083.00,null,null,null
2023-08-26T07:59:46Z,23.96,80.30,99,2,35.92,100.83,100.00,1062.00,0,0,0
2023-08-26T08:00:46Z,23.96,80.42,99,2,35.64,100.83,99.00,1050.00,null,null,null
2023-08-26T08:01:46Z,23.98,80.42,99,1,34.66,100.84,99.00,1050.00,null,null,null
2023-08-26T08:02:46Z,23.98,80.48,100,1,34.48,100.84,97.00,1038.00,null,null,null
2023-08-26T08:03:46Z,23.98,80.55,99,2,35.53,100.84,97.00,1038.00,null,null,null
2023-08-26T08:04:46Z,23.94,80.54,99,2,34.59,100.84,90.00,997.00,0,0,0
2023-08-26T08:05:46Z,23.96,80.62,99,2,33.95,100.85,88.00,983.00,null,null,null
2023-08-26T08:06:46Z,23.99,80.57,99,2,36.83,100.85,87.00,972.00,null,null,null
2023-08-26T08:07:46Z,23.98,80.58,99,1,36.69,100.85,87.00,972.00,null,null,null
2023-08-26T08:08:46Z,23.96,80.61,99,0,35.55,100.85,88.00,983.00,null,null,null
2023-08-26T08:09:46Z,23.98,80.70,99,1,37.06,100.85,85.00,961.00,0,0,0
2023-08-26T08:10:46Z,23.98,80.75,99,2,35.96,100.85,82.00,940.00,null,null,null
2023-08-26T08:11:46Z,23.98,80.73,99,2,33.80,100.85,81.00,933.00,null,null,null
2023-08-26T08:12:46Z,23.99,80.73,99,0,48.33,100.85,80.00,927.00,null,null,null
2023-08-26T08:13:46Z,23.98,80.70,99,2,43.42,100.85,78.00,918.00,null,null,null
2023-08-26T08:14:46Z,23.98,80.64,99,2,35.85,100.85,77.00,907.00,0,0,0
2023-08-26T08:15:46Z,23.98,80.64,99,2,38.60,100.85,71.00,868.00,null,null,null
2023-08-26T08:16:46Z,24.00,80.65,100,2,36.19,100.85,72.00,877.00,null,null,null
2023-08-26T08:17:46Z,24.00,80.63,99,2,35.40,100.85,72.00,877.00,null,null,null
2023-08-26T08:18:46Z,23.96,80.70,100,2,35.66,100.85,71.00,868.00,null,null,null
2023-08-26T08:19:46Z,23.96,80.75,99,2,37.01,100.85,69.00,855.00,0,0,0
2023-08-26T08:20:46Z,23.98,80.73,99,2,37.78,100.85,67.00,840.00,null,null,null
2023-08-26T08:21:46Z,23.99,80.73,99,2,40.78,100.85,67.00,846.00,null,null,null
2023-08-26T08:22:46Z,23.98,80.75,100,2,34.92,100.85,66.00,836.00,null,null,null
2023-08-26T08:23:46Z,24.00,80.71,99,2,35.15,100.85,65.00,832.00,null,null,null
2023-08-26T08:24:46Z,23.98,80.79,100,2,34.44,100.85,65.00,827.00,0,0,0
2023-08-26T08:25:46Z,23.98,80.84,99,2,46.07,100.85,62.00,813.00,null,null,null
2023-08-26T08:26:46Z,24.00,80.82,99,2,39.19,100.85,62.00,813.00,null,null,null
2023-08-26T08:27:46Z,24.00,80.81,99,2,37.32,100.85,61.00,804.00,null,null,null
2023-08-26T08:28:46Z,23.99,80.86,99,2,35.96,100.85,61.00,804.00,null,null,null
2023-08-26T08:29:46Z,23.96,80.87,99,1,33.76,100.85,60.00,795.00,0,0,0
2023-08-26T08:30:46Z,23.99,80.91,99,2,35.62,100.85,60.00,795.00,null,null,null
2023-08-26T08:31:46Z,24.00,80.88,99,0,34.99,100.85,60.00,795.00,null,null,null
2023-08-26T08:32:46Z,24.00,80.87,99,2,35.44,100.85,58.00,785.00,null,null,null
2023-08-26T08:33:46Z,24.00,80.88,99,2,49.02,100.85,58.00,785.00,null,null,null
2023-08-26T08:34:46Z,23.98,80.90,100,2,44.18,100.85,57.00,776.00,0,0,0
2023-08-26T08:35:46Z,23.96,80.95,99,2,35.07,100.85,57.00,776.00,null,null,null
2023-08-26T08:36:46Z,23.96,80.92,99,2,37.33,100.85,56.00,768.00,null,null,null
2023-08-26T08:37:46Z,23.98,80.93,99,2,52.74,100.85,56.00,768.00,null,null,null
2023-08-26T08:38:46Z,23.99,80.93,99,2,36.79,100.85,54.00,759.00,null,null,null
2023-08-26T08:39:46Z,23.96,80.98,99,2,36.50,100.85,54.00,759.00,0,0,0
2023-08-26T08:40:46Z,23.99,81.07,99,2,33.31,100.85,54.00,759.00,null,null,null
2023-08-26T08:41:46Z,24.00,81.01,99,2,35.96,100.85,54.00,759.00,null,null,null
2023-08-26T08:42:46Z,23.99,81.06,99,2,34.90,100.84,53.00,752.00,null,null,null
2023-08-26T08:43:46Z,23.99,81.06,99,2,35.54,100.85,53.00,752.00,null,null,null
2023-08-26T08:44:46Z,23.98,81.16,99,2,33.30,100.85,52.00,742.00,0,0,0
2023-08-26T08:45:46Z,23.96,81.16,100,2,35.77,100.85,52.00,742.00,null,null,null
2023-08-26T08:46:46Z,23.99,81.15,99,2,34.06,100.85,52.00,742.00,null,null,null
2023-08-26T08:47:46Z,24.02,81.14,100,2,37.21,100.85,51.00,735.00,null,null,null
2023-08-26T08:48:46Z,23.98,81.13,99,1,40.31,100.85,51.00,735.00,null,null,null
2023-08-26T08:49:46Z,23.99,81.14,99,2,36.59,100.85,51.00,735.00,0,0,0
2023-08-26T08:50:46Z,23.99,81.17,99,2,34.93,100.85,52.00,742.00,null,null,null
2023-08-26T08:51:46Z,24.00,81.15,99,2,33.74,100.85,49.00,728.00,null,null,null
2023-08-26T08:52:46Z,23.99,81.12,99,2,34.22,100.85,49.00,728.00,null,null,null
2023-08-26T08:53:46Z,23.99,81.18,99,2,35.74,100.85,47.00,715.00,null,null,null
2023-08-26T08:54:46Z,23.98,81.16,99,2,34.88,100.85,49.00,728.00,0,0,0
2023-08-26T08:55:46Z,23.98,81.18,99,2,36.14,100.85,45.00,700.00,null,null,null
2023-08-26T08:56:46Z,23.99,81.17,99,2,34.83,100.85,47.00,715.00,null,null,null
2023-08-26T08:57:46Z,23.99,81.13,99,2,41.94,100.85,46.00,708.00,null,null,null
2023-08-26T08:58:46Z,23.99,81.18,100,1,51.50,100.85,45.00,700.00,null,null,null
2023-08-26T08:59:46Z,23.96,81.13,99,1,54.63,100.85,46.00,708.00,0,0,0
2023-08-26T09:00:46Z,23.96,81.20,99,2,47.91,100.86,44.00,692.00,null,null,null
2023-08-26T09:01:46Z,23.98,81.15,99,2,74.60,100.86,45.00,700.00,null,null,null
2023-08-26T09:02:46Z,23.99,81.13,99,1,54.53,100.86,44.00,692.00,null,null,null
2023-08-26T09:03:46Z,23.99,81.16,99,2,35.89,100.86,45.00,700.00,null,null,null
2023-08-26T09:04:46Z,23.99,81.16,99,1,52.31,100.86,44.00,692.00,0,0,0
2023-08-26T09:05:46Z,23.99,81.27,99,0,36.80,100.87,45.00,700.00,null,null,null
2023-08-26T09:06:46Z,23.98,81.20,99,0,35.10,100.86,43.00,686.00,null,null,null
2023-08-26T09:07:46Z,23.98,81.19,99,0,36.37,100.87,44.00,692.00,null,null,null
2023-08-26T09:08:46Z,24.00,81.22,99,1,34.71,100.87,43.00,688.00,null,null,null
2023-08-26T09:09:46Z,23.96,81.23,99,0,33.56,100.86,44.00,692.00,0,0,0
2023-08-26T09:10:46Z,23.96,81.26,99,1,34.55,100.87,43.00,688.00,null,null,null
2023-08-26T09:11:46Z,23.99,81.23,99,1,34.77,100.87,42.00,682.00,null,null,null
2023-08-26T09:12:46Z,23.96,81.13,99,1,35.71,100.87,43.00,688.00,null,null,null
2023-08-26T09:13:46Z,23.98,81.18,99,1,33.95,100.86,43.00,688.00,null,null,null
2023-08-26T09:14:46Z,23.98,81.20,99,1,35.74,100.87,41.00,675.00,0,0,0
2023-08-26T09:15:46Z,23.96,81.21,99,1,34.81,100.87,41.00,675.00,null,null,null
2023-08-26T09:16:46Z,23.98,81.20,99,1,38.32,100.87,41.00,675.00,null,null,null
2023-08-26T09:17:46Z,23.96,81.17,99,1,34.73,100.86,40.00,668.00,null,null,null
2023-08-26T09:18:46Z,23.96,81.20,99,1,47.37,100.86,41.00,675.00,null,null,null
2023-08-26T09:19:46Z,23.96,81.25,99,1,35.18,100.86,40.00,668.00,0,0,0
2023-08-26T09:20:46Z,23.96,81.30,99,1,35.08,100.86,39.00,657.00,null,null,null
2023-08-26T09:21:46Z,23.99,81.20,99,0,34.55,100.87,39.00,660.00,null,null,null
2023-08-26T09:22:46Z,23.96,81.16,99,1,35.58,100.86,40.00,668.00,null,null,null
2023-08-26T09:23:46Z,23.96,81.20,99,1,36.36,100.86,40.00,668.00,null,null,null
2023-08-26T09:24:46Z,23.96,81.21,99,1,33.56,100.86,40.00,665.00,0,0,0
2023-08-26T09:25:46Z,23.98,81.25,99,1,37.87,100.86,40.00,665.00,null,null,null
2023-08-26T09:26:46Z,23.99,81.21,99,0,33.82,100.86,39.00,657.00,null,null,null
2023-08-26T09:27:46Z,23.96,81.20,99,0,35.30,100.87,40.00,668.00,null,null,null
2023-08-26T09:28:46Z,23.96,81.14,99,0,36.84,100.87,39.00,656.00,null,null,null
2023-08-26T09:29:46Z,23.94,81.17,99,0,36.18,100.87,38.00,650.00,0,0,0
2023-08-26T09:30:46Z,23.93,81.21,100,0,34.09,100.86,38.00,650.00,null,null,null
2023-08-26T09:31:46Z,23.96,81.21,99,0,36.77,100.86,38.00,650.00,null,null,null
2023-08-26T09:32:46Z,23.98,81.16,99,0,34.93,100.86,39.00,656.00,null,null,null
2023-08-26T09:33:46Z,23.96,81.18,99,0,36.96,100.86,39.00,656.00,null,null,null
2023-08-26T09:34:46Z,23.94,81.16,99,0,35.04,100.86,38.00,650.00,0,0,0
2023-08-26T09:35:46Z,23.93,81.18,99,0,36.03,100.86,36.00,641.00,null,null,null
2023-08-26T09:36:46Z,23.96,81.17,100,0,34.08,100.86,38.00,650.00,null,null,null
2023-08-26T09:37:46Z,23.96,81.14,99,0,33.31,100.87,39.00,656.00,null,null,null
2023-08-26T09:38:46Z,23.93,81.12,99,1,36.86,100.87,36.00,641.00,null,null,null
2023-08-26T09:39:46Z,23.92,81.18,99,0,37.36,100.86,38.00,650.00,0,0,0
2023-08-26T09:40:46Z,23.93,81.20,100,0,34.09,100.86,35.00,634.00,null,null,null
2023-08-26T09:41:46Z,23.93,81.16,99,0,35.23,100.86,36.00,641.00,null,null,null
2023-08-26T09:42:46Z,23.93,81.11,99,1,35.08,100.87,36.00,641.00,null,null,null
2023-08-26T09:43:46Z,23.92,81.15,99,0,58.04,100.86,36.00,641.00,null,null,null
2023-08-26T09:44:46Z,23.92,81.23,99,0,35.29,100.86,36.00,641.00,0,0,0
2023-08-26T09:45:46Z,23.92,81.25,99,1,46.30,100.86,35.00,634.00,null,null,null
2023-08-26T09:46:46Z,23.92,81.23,99,0,44.64,100.86,36.00,637.00,null,null,null
2023-08-26T09:47:46Z,23.93,81.18,99,1,34.94,100.85,36.00,641.00,null,null,null
2023-08-26T09:48:46Z,23.93,81.20,99,1,36.75,100.86,35.00,634.00,null,null,null
2023-08-26T09:49:46Z,23.92,81.22,99,1,35.03,100.85,35.00,634.00,0,0,0
2023-08-26T09:50:46Z,23.90,81.26,99,0,36.26,100.86,35.00,634.00,null,null,null
2023-08-26T09:51:46Z,23.92,81.21,99,1,34.68,100.85,34.00,629.00,null,null,null
2023-08-26T09:52:46Z,23.92,81.18,99,1,38.20,100.85,35.00,634.00,null,null,null
2023-08-26T09:53:46Z,23.92,81.15,99,1,34.29,100.85,35.00,634.00,null,null,null
2023-08-26T09:54:46Z,23.93,81.18,99,1,36.66,100.85,35.00,634.00,0,0,0
2023-08-26T09:55:46Z,23.93,81.20,99,1,33.92,100.85,35.00,634.00,null,null,null
2023-08-26T09:56:46Z,23.90,81.16,99,0,35.82,100.85,34.00,629.00,null,null,null
2023-08-26T09:57:46Z,23.94,81.15,99,1,35.14,100.85,34.00,629.00,null,null,null
2023-08-26T09:58:46Z,23.92,81.13,99,0,38.84,100.85,33.00,623.00,null,null,null
2023-08-26T09:59:46Z,23.90,81.18,99,0,34.56,100.84,33.00,623.00,0,0,0
2023-08-26T10:00:46Z,23.93,81.22,99,0,34.40,100.85,33.00,623.00,null,null,null
2023-08-26T10:01:46Z,23.90,81.12,99,1,35.35,100.85,34.00,629.00,null,null,null
2023-08-26T10:02:46Z,23.90,81.10,100,0,35.77,100.85,33.00,623.00,null,null,null
2023-08-26T10:03:46Z,23.89,81.14,99,1,45.92,100.85,33.00,623.00,null,null,null
2023-08-26T10:04:46Z,23.89,81.11,99,1,34.31,100.85,33.00,618.00,0,0,0
2023-08-26T10:05:46Z,23.90,81.08,100,0,38.85,100.85,33.00,623.00,null,null,null
2023-08-26T10:06:46Z,23.92,81.06,99,0,35.87,100.84,33.00,623.00,null,null,null
2023-08-26T10:07:46Z,23.89,81.02,99,0,36.07,100.84,33.00,623.00,null,null,null
2023-08-26T10:08:46Z,23.89,81.03,99,0,38.54,100.84,33.00,618.00,null,null,null
2023-08-26T10:09:46Z,23.88,81.04,100,1,35.40,100.84,32.00,614.00,0,0,0
2023-08-26T10:10:46Z,23.88,81.02,99,0,33.78,100.84,32.00,614.00,null,null,null
2023-08-26T10:11:46Z,23.94,81.00,99,1,36.39,100.84,32.00,614.00,null,null,null
2023-08-26T10:12:46Z,23.89,81.01,99,1,46.09,100.83,32.00,614.00,null,null,null
2023-08-26T10:13:46Z,23.89,81.00,99,0,36.38,100.84,32.00,614.00,null,null,null
2023-08-26T10:14:46Z,23.89,81.03,99,1,36.24,100.84,32.00,614.00,0,0,0
2023-08-26T10:15:46Z,23.89,81.06,99,0,37.45,100.84,31.00,607.00,null,null,null
2023-08-26T10:16:46Z,23.90,81.01,99,0,50.15,100.84,32.00,614.00,null,null,null
2023-08-26T10:17:46Z,23.89,81.00,99,0,37.05,100.84,32.00,614.00,null,null,null
2023-08-26T10:18:46Z,23.92,80.97,99,0,62.60,100.84,32.00,614.00,null,null,null
2023-08-26T10:19:46Z,23.89,81.04,99,0,38.24,100.84,31.00,607.00,0,0,0
2023-08-26T10:20:46Z,23.89,81.08,99,0,33.47,100.84,30.00,600.00,null,null,null
2023-08-26T10:21:46Z,23.92,81.02,99,0,34.35,100.84,31.00,607.00,null,null,null
2023-08-26T10:22:46Z,23.86,81.21,99,1,60.19,100.83,31.00,607.00,null,null,null
2023-08-26T10:23:46Z,23.88,81.09,99,1,66.11,100.83,30.00,600.00,null,null,null
2023-08-26T10:24:46Z,23.89,81.08,99,0,63.73,100.83,30.00,600.00,0,0,0
2023-08-26T10:25:46Z,23.89,81.12,99,0,53.63,100.83,30.00,600.00,null,null,null
2023-08-26T10:26:46Z,23.88,81.09,99,0,49.04,100.83,30.00,600.00,null,null,null
2023-08-26T10:27:46Z,23.89,81.02,99,0,50.31,100.83,30.00,600.00,null,null,null
2023-08-26T10:28:46Z,23.89,81.08,100,1,40.39,100.83,30.00,600.00,null,null,null
2023-08-26T10:29:46Z,23.86,81.07,99,1,50.85,100.83,30.00,600.00,0,0,0
2023-08-26T10:30:46Z,23.89,81.09,99,1,40.92,100.84,30.00,600.00,null,null,null
2023-08-26T10:31:46Z,23.90,81.08,99,1,40.67,100.83,30.00,600.00,null,null,null
2023-08-26T10:32:46Z,23.89,81.05,99,0,55.69,100.83,30.00,600.00,null,null,null
2023-08-26T10:33:46Z,23.88,81.06,99,0,50.40,100.83,30.00,600.00,null,null,null
2023-08-26T10:34:46Z,23.88,81.09,99,0,45.12,100.83,29.00,596.00,0,0,0
2023-08-26T10:35:46Z,23.88,81.10,99,0,47.33,100.83,30.00,600.00,null,null,null
2023-08-26T10:36:46Z,23.90,81.01,100,1,54.97,100.83,29.00,596.00,null,null,null
2023-08-26T10:37:46Z,23.90,81.02,99,0,43.90,100.84,29.00,596.00,null,null,null
2023-08-26T10:38:46Z,23.89,80.97,99,0,53.64,100.83,29.00,596.00,null,null,null
2023-08-26T10:39:46Z,23.88,81.03,99,0,52.60,100.83,29.00,596.00,0,0,0
2023-08-26T10:40:46Z,23.89,81.04,99,0,52.58,100.84,29.00,596.00,null,null,null
2023-08-26T10:41:46Z,23.88,80.98,99,0,60.34,100.84,29.00,596.00,null,null,null
2023-08-26T10:42:46Z,23.88,80.98,100,0,37.41,100.84,29.00,596.00,null,null,null
2023-08-26T10:43:46Z,23.88,81.03,100,0,45.49,100.84,29.00,596.00,null,null,null
2023-08-26T10:44:46Z,23.86,80.96,100,0,56.83,100.85,28.00,588.00,0,0,0
2023-08-26T10:45:46Z,23.88,81.01,100,0,34.70,100.84,29.00,596.00,null,null,null
2023-08-26T10:46:46Z,23.88,80.96,99,0,44.06,100.84,28.00,588.00,null,null,null
2023-08-26T10:47:46Z,23.88,80.96,99,0,49.24,100.84,28.00,588.00,null,null,null
2023-08-26T10:48:46Z,23.85,80.94,99,0,52.03,100.84,28.00,588.00,null,null,null
2023-08-26T10:49:46Z,23.86,80.91,99,0,61.41,100.84,28.00,588.00,0,0,0
2023-08-26T10:50:46Z,23.86,80.97,100,0,43.24,100.84,27.00,581.00,null,null,null
2023-08-26T10:51:46Z,23.90,80.94,99,0,45.01,100.84,28.00,588.00,null,null,null
2023-08-26T10:52:46Z,23.88,80.95,99,0,68.03,100.84,26.00,575.00,null,null,null
2023-08-26T10:53:46Z,23.88,80.91,99,0,53.78,100.83,27.00,581.00,null,null,null
2023-08-26T10:54:46Z,23.88,80.89,99,0,55.29,100.84,26.00,575.00,0,0,0
2023-08-26T10:55:46Z,23.86,80.90,99,0,59.89,100.84,26.00,575.00,null,null,null
2023-08-26T10:56:46Z,23.88,80.81,99,0,64.27,100.83,27.00,581.00,null,null,null
2023-08-26T10:57:46Z,23.90,80.83,99,0,49.26,100.83,27.00,581.00,null,null,null
2023-08-26T10:58:46Z,23.86,80.81,99,0,37.50,100.83,26.00,575.00,null,null,null
2023-08-26T10:59:46Z,23.86,80.86,99,0,62.82,100.83,27.00,581.00,0,0,0
2023-08-26T11:00:46Z,23.86,80.84,99,0,53.85,100.83,26.00,572.00,null,null,null
2023-08-26T11:01:46Z,23.89,80.81,100,0,65.49,100.83,27.00,581.00,null,null,null
2023-08-26T11:02:46Z,23.88,80.75,99,1,45.86,100.83,26.00,575.00,null,null,null
2023-08-26T11:03:46Z,23.88,80.81,99,1,42.15,100.83,26.00,575.00,null,null,null
2023-08-26T11:04:46Z,23.85,80.79,99,1,51.02,100.83,26.00,572.00,0,0,0
2023-08-26T11:05:46Z,23.86,80.78,99,1,34.79,100.83,26.00,572.00,null,null,null
2023-08-26T11:06:46Z,23.88,80.73,99,1,49.69,100.83,28.00,588.00,null,null,null
2023-08-26T11:07:46Z,23.86,80.73,99,1,55.21,100.83,30.00,603.00,null,null,null
2023-08-26T11:08:46Z,23.85,80.68,100,1,41.22,100.83,33.00,623.00,null,null,null
2023-08-26T11:09:46Z,23.88,80.68,99,1,61.85,100.83,36.00,638.00,0,0,0
2023-08-26T11:10:46Z,23.86,80.73,100,1,36.48,100.83,37.00,645.00,null,null,null
2023-08-26T11:11:46Z,23.89,80.68,100,1,46.41,100.83,39.00,659.00,null,null,null
2023-08-26T11:12:46Z,23.86,80.68,99,0,44.31,100.83,38.00,653.00,null,null,null
2023-08-26T11:13:46Z,23.86,80.67,99,0,42.71,100.83,39.00,659.00,null,null,null
2023-08-26T11:14:46Z,23.85,80.73,99,1,35.46,100.83,38.00,653.00,0,0,0
2023-08-26T11:15:46Z,23.89,80.72,99,0,41.35,100.83,40.00,668.00,null,null,null
2023-08-26T11:16:46Z,23.86,80.69,99,0,42.76,100.83,40.00,668.00,null,null,null
2023-08-26T11:17:46Z,23.85,80.70,100,0,58.01,100.83,39.00,659.00,null,null,null
2023-08-26T11:18:46Z,23.89,80.70,99,0,44.99,100.83,39.00,659.00,null,null,null
2023-08-26T11:19:46Z,23.83,80.72,99,0,47.00,100.84,39.00,659.00,0,0,0
2023-08-26T11:20:46Z,23.83,80.80,100,0,52.38,100.84,38.00,653.00,null,null,null
2023-08-26T11:21:46Z,23.88,80.75,99,0,47.15,100.84,39.00,656.00,null,null,null
2023-08-26T11:22:46Z,23.88,80.74,99,0,44.57,100.85,38.00,650.00,null,null,null
2023-08-26T11:23:46Z,23.88,80.71,99,0,42.81,100.84,38.00,653.00,null,null,null
2023-08-26T11:24:46Z,23.85,80.71,99,0,58.47,100.84,38.00,653.00,0,0,0
2023-08-26T11:25:46Z,23.83,80.72,100,0,55.01,100.84,38.00,653.00,null,null,null
2023-08-26T11:26:46Z,23.88,80.69,100,0,49.57,100.83,40.00,668.00,null,null,null
2023-08-26T11:27:46Z,23.83,80.64,99,0,56.29,100.84,38.00,653.00,null,null,null
2023-08-26T11:28:46Z,23.85,80.68,99,0,63.42,100.84,39.00,659.00,null,null,null
2023-08-26T11:29:46Z,23.86,80.66,100,0,34.06,100.84,38.00,653.00,0,0,0
2023-08-26T11:30:46Z,23.88,80.71,100,0,39.92,100.84,38.00,653.00,null,null,null
2023-08-26T11:31:46Z,23.89,80.66,99,0,52.00,100.84,40.00,668.00,null,null,null
2023-08-26T11:32:46Z,23.88,80.67,99,0,55.34,100.84,44.00,692.00,null,null,null
2023-08-26T11:33:46Z,23.83,80.67,99,0,51.22,100.84,44.00,692.00,null,null,null
2023-08-26T11:34:46Z,23.86,80.70,100,0,51.52,100.83,45.00,697.00,0,0,0
2023-08-26T11:35:46Z,23.85,80.70,99,0,48.11,100.84,46.00,704.00,null,null,null
2023-08-26T11:36:46Z,23.83,80.70,99,0,40.88,100.84,46.00,704.00,null,null,null
2023-08-26T11:37:46Z,23.86,80.62,100,0,54.51,100.84,50.00,732.00,null,null,null
2023-08-26T11:38:46Z,23.83,80.65,99,0,53.41,100.84,47.00,712.00,null,null,null
2023-08-26T11:39:46Z,23.83,80.65,99,1,54.19,100.84,46.00,704.00,0,0,0
2023-08-26T11:40:46Z,23.88,80.66,99,1,62.99,100.83,45.00,697.00,null,null,null
2023-08-26T11:41:46Z,23.86,80.60,99,1,42.07,100.83,45.00,697.00,null,null,null
2023-08-26T11:42:46Z,23.88,80.58,99,1,42.46,100.83,45.00,697.00,null,null,null
2023-08-26T11:43:46Z,23.88,80.58,99,1,57.40,100.83,45.00,697.00,null,null,null
2023-08-26T11:44:46Z,23.85,80.60,99,1,52.36,100.83,45.00,697.00,0,0,0
2023-08-26T11:45:46Z,23.83,80.61,99,1,41.96,100.83,42.00,679.00,null,null,null
2023-08-26T11:46:46Z,23.86,80.56,100,1,45.20,100.83,44.00,692.00,null,null,null
2023-08-26T11:47:46Z,23.86,80.51,99,1,51.56,100.83,42.00,679.00,null,null,null
2023-08-26T11:48:46Z,23.86,80.58,99,1,53.46,100.83,41.00,672.00,null,null,null
2023-08-26T11:49:46Z,23.86,80.56,99,1,42.51,100.83,41.00,672.00,0,0,0
2023-08-26T11:50:46Z,23.86,80.64,99,1,49.94,100.83,41.00,672.00,null,null,null
2023-08-26T11:51:46Z,23.89,80.55,100,1,49.12,100.83,41.00,672.00,null,null,null
2023-08-26T11:52:46Z,23.86,80.56,99,0,61.88,100.82,40.00,668.00,null,null,null
2023-08-26T11:53:46Z,23.85,80.52,99,0,56.74,100.82,39.00,659.00,null,null,null
2023-08-26T11:54:46Z,23.85,80.58,99,1,44.44,100.82,40.00,668.00,0,0,0
2023-08-26T11:55:46Z,23.88,80.58,99,1,51.74,100.82,39.00,659.00,null,null,null
2023-08-26T11:56:46Z,23.88,80.51,99,1,51.53,100.82,39.00,659.00,null,null,null
2023-08-26T11:57:46Z,23.86,80.51,99,1,44.03,100.82,38.00,653.00,null,null,null
2023-08-26T11:58:46Z,23.86,80.53,99,1,55.72,100.82,37.00,645.00,null,null,null
2023-08-26T11:59:46Z,23.86,80.53,99,1,59.96,100.82,38.00,653.00,0,0,0
2023-08-26T12:00:46Z,23.86,80.56,100,0,54.97,100.82,37.00,645.00,null,null,null
2023-08-26T12:01:46Z,23.86,80.51,99,0,57.26,100.82,37.00,645.00,null,null,null
2023-08-26T12:02:46Z,23.88,80.50,99,0,46.40,100.82,37.00,645.00,null,null,null
2023-08-26T12:03:46Z,23.86,80.47,99,0,46.28,100.82,37.00,645.00,null,null,null
2023-08-26T12:04:46Z,23.86,80.48,99,0,47.30,100.82,36.00,638.00,0,0,0
2023-08-26T12:05:46Z,23.85,80.53,99,0,48.97,100.81,36.00,638.00,null,null,null
2023-08-26T12:06:46Z,23.85,80.46,100,0,43.42,100.82,36.00,638.00,null,null,null
2023-08-26T12:07:46Z,23.88,80.47,99,1,50.70,100.81,36.00,638.00,null,null,null
2023-08-26T12:08:46Z,23.88,80.42,99,1,46.95,100.81,35.00,633.00,null,null,null
2023-08-26T12:09:46Z,23.86,80.49,99,1,51.25,100.81,35.00,633.00,0,0,0
2023-08-26T12:10:46Z,23.89,80.46,99,1,53.95,100.81,34.00,626.00,null,null,null
2023-08-26T12:11:46Z,23.89,80.43,99,1,34.78,100.81,34.00,626.00,null,null,null
2023-08-26T12:12:46Z,23.88,80.41,99,1,53.53,100.81,35.00,633.00,null,null,null
2023-08-26T12:13:46Z,23.86,80.41,99,1,53.14,100.81,35.00,633.00,null,null,null
2023-08-26T12:14:46Z,23.88,80.42,99,1,64.67,100.82,37.00,645.00,0,0,0
2023-08-26T12:15:46Z,23.86,80.43,99,0,48.58,100.82,37.00,645.00,null,null,null
2023-08-26T12:16:46Z,23.86,80.38,99,0,44.14,100.81,38.00,653.00,null,null,null
2023-08-26T12:17:46Z,23.85,80.39,99,0,57.60,100.81,38.00,653.00,null,null,null
2023-08-26T12:18:46Z,23.88,80.33,99,0,53.86,100.81,39.00,659.00,null,null,null
2023-08-26T12:19:46Z,23.86,80.38,99,0,62.38,100.81,39.00,659.00,0,0,0
2023-08-26T12:20:46Z,23.86,80.43,99,0,48.80,100.82,38.00,653.00,null,null,null
2023-08-26T12:21:46Z,23.86,80.36,99,1,60.71,100.81,40.00,668.00,null,null,null
2023-08-26T12:22:46Z,23.88,80.36,99,0,55.78,100.82,40.00,668.00,null,null,null
2023-08-26T12:23:46Z,23.86,80.36,99,0,52.90,100.82,39.00,659.00,null,null,null
2023-08-26T12:24:46Z,23.88,80.42,99,0,48.61,100.82,38.00,653.00,0,0,0
2023-08-26T12:25:46Z,23.89,80.43,99,0,49.42,100.82,38.00,653.00,null,null,null
2023-08-26T12:26:46Z,23.88,80.39,99,0,33.67,100.82,38.00,653.00,null,null,null
2023-08-26T12:27:46Z,23.89,80.40,99,0,50.94,100.82,39.00,659.00,null,null,null
2023-08-26T12:28:46Z,23.88,80.34,99,0,63.35,100.82,38.00,653.00,null,null,null
2023-08-26T12:29:46Z,23.86,80.36,100,0,35.26,100.82,38.00,653.00,0,0,0
2023-08-26T12:30:46Z,23.86,80.41,99,0,46.61,100.83,38.00,653.00,null,null,null
2023-08-26T12:31:46Z,23.90,80.32,99,0,35.25,100.83,38.00,653.00,null,null,null
2023-08-26T12:32:46Z,23.90,80.37,99,0,37.82,100.83,38.00,653.00,null,null,null
2023-08-26T12:33:46Z,23.88,80.31,100,0,33.44,100.83,38.00,653.00,null,null,null
2023-08-26T12:34:46Z,23.88,80.36,100,0,44.79,100.84,38.00,653.00,0,0,0
2023-08-26T12:35:46Z,23.90,80.42,99,0,39.21,100.84,37.00,645.00,null,null,null
2023-08-26T12:36:46Z,23.90,80.33,99,0,53.73,100.84,38.00,653.00,null,null,null
2023-08-26T12:37:46Z,23.90,80.35,99,0,68.07,100.83,38.00,653.00,null,null,null
2023-08-26T12:38:46Z,23.89,80.41,99,0,56.57,100.84,38.00,653.00,null,null,null
2023-08-26T12:39:46Z,23.88,80.44,99,0,44.90,100.84,38.00,653.00,0,0,0
2023-08-26T12:40:46Z,23.89,80.48,99,0,74.23,100.84,38.00,653.00,null,null,null
2023-08-26T12:41:46Z,23.89,80.43,99,0,36.06,100.84,38.00,653.00,null,null,null
2023-08-26T12:42:46Z,23.89,80.44,99,0,51.74,100.85,37.00,645.00,null,null,null
2023-08-26T12:43:46Z,23.90,80.43,99,0,75.57,100.85,37.00,645.00,null,null,null
2023-08-26T12:44:46Z,23.89,80.51,99,0,61.83,100.85,37.00,645.00,0,0,0
2023-08-26T12:45:46Z,23.89,80.55,99,0,56.18,100.85,38.00,653.00,null,null,null
2023-08-26T12:46:46Z,23.92,80.49,99,0,44.15,100.86,37.00,645.00,null,null,null
2023-08-26T12:47:46Z,23.90,80.46,99,0,62.98,100.87,36.00,638.00,null,null,null
2023-08-26T12:48:46Z,23.90,80.60,99,0,69.00,100.87,36.00,638.00,null,null,null
2023-08-26T12:49:46Z,23.89,80.59,99,0,51.06,100.88,36.00,638.00,0,0,0
2023-08-26T12:50:46Z,23.89,80.70,100,0,62.50,100.88,36.00,638.00,null,null,null
2023-08-26T12:51:46Z,23.90,80.64,100,0,34.16,100.88,36.00,638.00,null,null,null
2023-08-26T12:52:46Z,23.92,80.62,99,0,34.16,100.88,35.00,633.00,null,null,null
2023-08-26T12:53:46Z,23.90,80.62,99,0,72.34,100.88,35.00,633.00,null,null,null
2023-08-26T12:54:46Z,23.90,80.70,100,0,47.31,100.88,34.00,626.00,0,0,0
2023-08-26T12:55:46Z,23.90,80.71,99,0,38.71,100.88,33.00,623.00,null,null,null
2023-08-26T12:56:46Z,23.90,80.70,99,0,37.89,100.87,33.00,623.00,null,null,null
2023-08-26T12:57:46Z,23.93,80.69,100,0,40.79,100.87,33.00,623.00,null,null,null
2023-08-26T12:58:46Z,23.90,80.75,99,0,42.02,100.87,33.00,623.00,null,null,null
2023-08-26T12:59:46Z,23.92,80.84,99,1,33.62,100.87,33.00,623.00,0,0,0
2023-08-26T13:00:46Z,23.92,80.86,99,1,58.50,100.86,33.00,618.00,null,null,null
2023-08-26T13:01:46Z,23.92,80.85,99,1,59.51,100.86,33.00,623.00,null,null,null
2023-08-26T13:02:46Z,23.92,80.91,99,0,47.63,100.86,33.00,618.00,null,null,null
2023-08-26T13:03:46Z,23.93,80.85,99,0,44.32,100.86,33.00,618.00,null,null,null
2023-08-26T13:04:46Z,23.92,80.89,99,0,50.75,100.86,33.00,618.00,0,0,0
2023-08-26T13:05:46Z,23.93,80.96,99,0,65.95,100.86,31.00,607.00,null,null,null
2023-08-26T13:06:46Z,23.94,80.94,99,0,73.81,100.86,32.00,614.00,null,null,null
2023-08-26T13:07:46Z,23.93,80.91,99,0,34.63,100.86,32.00,614.00,null,null,null
2023-08-26T13:08:46Z,23.92,80.98,99,0,77.19,100.85,32.00,614.00,null,null,null
2023-08-26T13:09:46Z,23.90,80.97,100,0,74.80,100.85,32.00,614.00,0,0,0
2023-08-26T13:10:46Z,23.92,81.00,99,0,57.01,100.85,32.00,614.00,null,null,null
2023-08-26T13:11:46Z,23.94,80.95,100,0,58.64,100.85,32.00,614.00,null,null,null
2023-08-26T13:12:46Z,23.94,80.90,99,0,49.77,100.85,32.00,614.00,null,null,null
2023-08-26T13:13:46Z,23.94,80.93,99,0,69.39,100.85,31.00,607.00,null,null,null
2023-08-26T13:14:46Z,23.92,80.97,99,0,43.10,100.85,31.00,607.00,0,0,0
2023-08-26T13:15:46Z,23.93,81.01,100,0,39.29,100.85,31.00,607.00,null,null,null
2023-08-26T13:16:46Z,23.93,81.00,99,0,33.42,100.85,31.00,607.00,null,null,null
2023-08-26T13:17:46Z,23.93,81.02,99,0,34.28,100.85,31.00,607.00,null,null,null
2023-08-26T13:18:46Z,23.94,80.95,99,0,33.08,100.85,30.00,600.00,null,null,null
2023-08-26T13:19:46Z,23.92,80.93,99,0,36.10,100.85,30.00,600.00,0,0,0
2023-08-26T13:20:46Z,23.94,80.99,99,0,38.76,100.85,31.00,607.00,null,null,null
2023-08-26T13:21:46Z,23.94,80.88,99,1,41.82,100.85,30.00,600.00,null,null,null
2023-08-26T13:22:46Z,23.94,80.84,99,1,37.47,100.85,30.00,600.00,null,null,null
2023-08-26T13:23:46Z,23.96,80.83,99,1,33.56,100.84,30.00,600.00,null,null,null
2023-08-26T13:24:46Z,23.94,80.82,99,1,34.81,100.85,29.00,596.00,0,0,0
2023-08-26T13:25:46Z,23.94,80.83,99,1,36.73,100.84,29.00,596.00,null,null,null
2023-08-26T13:26:46Z,23.96,80.75,99,1,36.10,100.84,29.00,596.00,null,null,null
2023-08-26T13:27:46Z,23.99,80.75,99,1,36.06,100.84,29.00,596.00,null,null,null
2023-08-26T13:28:46Z,23.96,80.74,99,1,38.30,100.84,29.00,596.00,null,null,null
2023-08-26T13:29:46Z,23.93,80.82,99,1,58.83,100.84,30.00,599.00,0,0,0
2023-08-26T13:30:46Z,23.94,80.75,99,1,42.94,100.84,29.00,596.00,null,null,null
2023-08-26T13:31:46Z,23.96,80.70,99,1,72.21,100.84,30.00,600.00,null,null,null
2023-08-26T13:32:46Z,23.94,80.70,99,1,56.22,100.84,32.00,612.00,null,null,null
2023-08-26T13:33:46Z,23.96,80.71,99,1,38.30,100.85,30.00,603.00,null,null,null
2023-08-26T13:34:46Z,23.94,80.75,99,1,62.44,100.85,32.00,612.00,0,0,0
2023-08-26T13:35:46Z,23.96,80.82,99,0,50.39,100.85,32.00,614.00,null,null,null
2023-08-26T13:36:46Z,23.96,80.79,99,0,44.20,100.85,32.00,614.00,null,null,null
2023-08-26T13:37:46Z,23.96,80.88,99,0,54.34,100.85,31.00,607.00,null,null,null
2023-08-26T13:38:46Z,23.94,80.83,99,0,58.76,100.85,32.00,614.00,null,null,null
2023-08-26T13:39:46Z,23.96,80.93,99,0,40.05,100.85,32.00,614.00,0,0,0
2023-08-26T13:40:46Z,23.94,80.96,100,0,47.57,100.85,32.00,614.00,null,null,null
2023-08-26T13:41:46Z,23.96,80.89,99,0,48.27,100.85,32.00,614.00,null,null,null
2023-08-26T13:42:46Z,23.96,80.96,99,0,49.22,100.85,32.00,614.00,null,null,null
2023-08-26T13:43:46Z,23.98,81.00,99,0,51.10,100.85,32.00,614.00,null,null,null
2023-08-26T13:44:46Z,23.98,80.95,99,0,38.90,100.85,32.00,614.00,0,0,0
2023-08-26T13:45:46Z,23.94,81.10,99,0,57.92,100.85,32.00,614.00,null,null,null
2023-08-26T13:46:46Z,23.96,81.12,99,1,63.83,100.85,33.00,618.00,null,null,null
2023-08-26T13:47:46Z,23.98,81.06,99,1,55.14,100.84,33.00,618.00,null,null,null
2023-08-26T13:48:46Z,23.99,81.14,99,1,35.34,100.84,33.00,618.00,null,null,null
2023-08-26T13:49:46Z,23.98,81.10,99,1,33.96,100.84,33.00,618.00,0,0,0
2023-08-26T13:50:46Z,23.98,81.13,99,1,44.16,100.84,31.00,607.00,null,null,null
2023-08-26T13:51:46Z,23.98,81.09,99,1,57.16,100.85,33.00,618.00,null,null,null
2023-08-26T13:52:46Z,24.00,81.10,99,1,50.53,100.84,32.00,614.00,null,null,null
2023-08-26T13:53:46Z,23.99,81.10,99,1,43.21,100.84,32.00,614.00,null,null,null
2023-08-26T13:54:46Z,23.98,81.11,99,1,56.93,100.84,32.00,614.00,0,0,0
2023-08-26T13:55:46Z,23.99,81.15,100,1,47.70,100.83,32.00,614.00,null,null,null
2023-08-26T13:56:46Z,23.99,81.10,99,1,45.07,100.83,32.00,614.00,null,null,null
2023-08-26T13:57:46Z,23.99,81.14,99,1,53.62,100.83,32.00,614.00,null,null,null
2023-08-26T13:58:46Z,24.00,81.09,99,1,50.35,100.83,32.00,614.00,null,null,null
2023-08-26T13:59:46Z,23.99,81.06,99,1,46.39,100.83,32.00,614.00,0,0,0
2023-08-26T14:00:46Z,24.00,81.07,99,0,34.28,100.83,31.00,607.00,null,null,null
2023-08-26T14:01:46Z,23.99,81.02,100,0,35.70,100.83,32.00,614.00,null,null,null
2023-08-26T14:02:46Z,24.02,80.98,99,0,54.17,100.83,31.00,607.00,null,null,null
2023-08-26T14:03:46Z,24.02,81.01,99,0,45.09,100.82,31.00,607.00,null,null,null
2023-08-26T14:04:46Z,23.99,81.05,99,0,56.09,100.82,31.00,607.00,0,0,0
2023-08-26T14:05:46Z,23.99,81.03,99,0,58.04,100.82,31.00,607.00,null,null,null
2023-08-26T14:06:46Z,24.03,81.01,100,0,46.99,100.82,31.00,607.00,null,null,null
2023-08-26T14:07:46Z,24.00,80.97,100,0,56.47,100.82,31.00,607.00,null,null,null
2023-08-26T14:08:46Z,23.99,80.96,99,0,55.34,100.82,31.00,607.00,null,null,null
2023-08-26T14:09:46Z,23.99,80.92,99,0,36.36,100.82,31.00,607.00,0,0,0
2023-08-26T14:10:46Z,24.02,80.94,99,0,55.73,100.82,30.00,600.00,null,null,null
2023-08-26T14:11:46Z,24.03,80.88,99,0,45.44,100.82,30.00,600.00,null,null,null
2023-08-26T14:12:46Z,24.00,80.80,99,0,48.24,100.81,30.00,600.00,null,null,null
2023-08-26T14:13:46Z,24.02,80.77,99,0,38.81,100.81,29.00,596.00,null,null,null
2023-08-26T14:14:46Z,24.02,80.75,100,0,52.97,100.82,29.00,596.00,0,0,0
2023-08-26T14:15:46Z,24.02,80.74,99,0,34.75,100.82,29.00,596.00,null,null,null
2023-08-26T14:16:46Z,24.00,80.68,99,0,55.04,100.82,30.00,599.00,null,null,null
2023-08-26T14:17:46Z,24.05,80.70,99,0,45.10,100.83,30.00,599.00,null,null,null
2023-08-26T14:18:46Z,24.03,80.71,99,0,38.55,100.83,30.00,599.00,null,null,null
2023-08-26T14:19:46Z,24.02,80.68,99,0,43.75,100.84,29.00,591.00,0,0,0
2023-08-26T14:20:46Z,24.02,80.70,100,0,36.76,100.83,29.00,591.00,null,null,null
2023-08-26T14:21:46Z,24.03,80.62,100,0,33.23,100.84,29.00,591.00,null,null,null
2023-08-26T14:22:46Z,24.02,80.60,99,0,35.35,100.84,29.00,591.00,null,null,null
2023-08-26T14:23:46Z,24.02,80.59,99,0,33.64,100.83,29.00,591.00,null,null,null
2023-08-26T14:24:46Z,24.02,80.57,99,0,34.30,100.84,29.00,591.00,0,0,0
2023-08-26T14:25:46Z,24.00,80.56,99,0,42.91,100.83,27.00,578.00,null,null,null
2023-08-26T14:26:46Z,24.03,80.51,99,0,57.45,100.83,28.00,586.00,null,null,null
2023-08-26T14:27:46Z,24.05,80.48,99,0,63.15,100.83,28.00,586.00,null,null,null
2023-08-26T14:28:46Z,23.99,80.50,99,1,53.08,100.83,28.00,586.00,null,null,null
2023-08-26T14:29:46Z,24.02,80.50,99,1,55.41,100.83,28.00,586.00,0,0,0
2023-08-26T14:30:46Z,24.03,80.51,100,1,36.49,100.83,26.00,575.00,null,null,null
2023-08-26T14:31:46Z,24.02,80.47,99,1,36.87,100.83,28.00,586.00,null,null,null
2023-08-26T14:32:46Z,24.02,80.47,99,0,36.46,100.83,28.00,586.00,null,null,null
2023-08-26T14:33:46Z,24.02,80.48,99,0,47.99,100.83,28.00,586.00,null,null,null
2023-08-26T14:34:46Z,24.02,80.47,100,1,37.26,100.82,28.00,586.00,0,0,0
2023-08-26T14:35:46Z,24.02,80.58,99,0,43.55,100.82,28.00,586.00,null,null,null
2023-08-26T14:36:46Z,24.05,80.50,100,0,55.80,100.82,29.00,591.00,null,null,null
2023-08-26T14:37:46Z,24.06,80.49,100,0,36.83,100.82,28.00,586.00,null,null,null
2023-08-26T14:38:46Z,24.03,80.47,99,0,50.15,100.82,29.00,591.00,null,null,null
2023-08-26T14:39:46Z,24.03,80.46,99,0,53.65,100.82,29.00,591.00,0,0,0
2023-08-26T14:40:46Z,24.03,80.48,99,0,34.44,100.82,29.00,591.00,null,null,null
2023-08-26T14:41:46Z,24.06,80.45,99,0,46.29,100.83,29.00,591.00,null,null,null
2023-08-26T14:42:46Z,24.05,80.42,100,0,34.44,100.83,30.00,599.00,null,null,null
2023-08-26T14:43:46Z,24.03,80.43,99,0,41.99,100.82,30.00,599.00,null,null,null
2023-08-26T14:44:46Z,24.02,80.47,99,0,40.30,100.82,24.00,561.00,0,0,0
2023-08-26T14:45:46Z,24.05,80.41,100,0,60.06,100.82,23.00,555.00,null,null,null
2023-08-26T14:46:46Z,24.06,80.41,99,0,52.73,100.83,24.00,561.00,null,null,null
2023-08-26T14:47:46Z,24.05,80.39,99,0,59.23,100.82,24.00,561.00,null,null,null
2023-08-26T14:48:46Z,24.06,80.37,99,0,38.42,100.82,24.00,561.00,null,null,null
2023-08-26T14:49:46Z,24.06,80.30,99,0,53.07,100.82,24.00,561.00,0,0,0
2023-08-26T14:50:46Z,24.03,80.24,99,0,37.62,100.82,25.00,567.00,null,null,null
2023-08-26T14:51:46Z,24.06,80.28,99,0,35.25,100.82,25.00,566.00,null,null,null
2023-08-26T14:52:46Z,24.06,80.30,99,0,54.69,100.82,24.00,561.00,null,null,null
2023-08-26T14:53:46Z,24.05,80.33,99,0,51.14,100.82,25.00,567.00,null,null,null
2023-08-26T14:54:46Z,24.03,80.36,99,0,52.16,100.83,24.00,561.00,0,0,0
2023-08-26T14:55:46Z,24.09,80.33,99,0,42.95,100.82,25.00,567.00,null,null,null
2023-08-26T14:56:46Z,24.08,80.29,99,0,40.87,100.83,25.00,567.00,null,null,null
2023-08-26T14:57:46Z,24.06,80.28,99,0,50.34,100.82,24.00,561.00,null,null,null
2023-08-26T14:58:46Z,24.05,80.25,99,0,37.13,100.82,24.00,561.00,null,null,null
2023-08-26T14:59:46Z,24.05,80.26,99,0,34.94,100.82,25.00,567.00,0,0,0
2023-08-26T15:00:46Z,24.05,80.31,100,0,35.44,100.82,25.00,567.00,null,null,null
2023-08-26T15:01:46Z,24.08,80.23,99,0,34.49,100.82,25.00,567.00,null,null,null
2023-08-26T15:02:46Z,24.06,80.22,99,0,48.29,100.83,25.00,566.00,null,null,null
2023-08-26T15:03:46Z,24.08,80.22,100,0,38.48,100.82,24.00,561.00,null,null,null
2023-08-26T15:04:46Z,24.05,80.17,99,0,55.02,100.83,24.00,561.00,0,0,0
2023-08-26T15:05:46Z,24.06,80.17,99,0,52.40,100.83,25.00,566.00,null,null,null
2023-08-26T15:06:46Z,24.08,80.14,99,0,34.13,100.83,25.00,566.00,null,null,null
2023-08-26T15:07:46Z,24.08,80.09,99,0,33.90,100.84,25.00,566.00,null,null,null
2023-08-26T15:08:46Z,24.08,80.10,99,0,59.78,100.84,25.00,566.00,null,null,null
2023-08-26T15:09:46Z,24.05,80.08,100,0,48.34,100.84,25.00,566.00,0,0,0
2023-08-26T15:10:46Z,24.08,80.10,100,0,41.99,100.84,23.00,552.00,null,null,null
2023-08-26T15:11:46Z,24.08,80.06,99,0,57.34,100.84,25.00,566.00,null,null,null
2023-08-26T15:12:46Z,24.08,80.07,99,0,33.16,100.84,24.00,561.00,null,null,null
2023-08-26T15:13:46Z,24.08,80.14,99,0,38.73,100.85,25.00,566.00,null,null,null
2023-08-26T15:14:46Z,24.08,80.20,99,0,52.73,100.85,25.00,566.00,0,0,0
2023-08-26T15:15:46Z,24.08,80.14,99,0,34.45,100.86,24.00,561.00,null,null,null
2023-08-26T15:16:46Z,24.09,80.13,99,0,40.69,100.86,24.00,561.00,null,null,null
2023-08-26T15:17:46Z,24.06,80.06,99,0,42.51,100.86,25.00,566.00,null,null,null
2023-08-26T15:18:46Z,24.08,80.15,99,0,40.21,100.86,25.00,566.00,null,null,null
2023-08-26T15:19:46Z,24.08,80.15,99,0,42.98,100.87,25.00,566.00,0,0,0
2023-08-26T15:20:46Z,24.08,80.16,99,0,39.12,100.87,25.00,566.00,null,null,null
2023-08-26T15:21:46Z,24.10,80.07,99,0,43.91,100.88,26.00,572.00,null,null,null
2023-08-26T15:22:46Z,24.09,80.09,99,0,52.19,100.88,26.00,577.00,null,null,null
2023-08-26T15:23:46Z,24.08,80.10,99,0,48.04,100.88,28.00,586.00,null,null,null
2023-08-26T15:24:46Z,24.09,80.22,99,0,60.17,100.89,30.00,597.00,0,0,0
2023-08-26T15:25:46Z,24.08,80.19,99,0,55.80,100.89,30.00,603.00,null,null,null
2023-08-26T15:26:46Z,24.08,80.13,100,0,34.35,100.89,32.00,614.00,null,null,null
2023-08-26T15:27:46Z,24.10,80.10,99,0,37.17,100.89,32.00,614.00,null,null,null
2023-08-26T15:28:46Z,24.09,80.13,99,0,42.46,100.89,34.00,626.00,null,null,null
2023-08-26T15:29:46Z,24.09,80.16,99,0,52.58,100.89,33.00,618.00,0,0,0
2023-08-26T15:30:46Z,24.09,80.18,99,0,35.14,100.90,34.00,626.00,null,null,null
2023-08-26T15:31:46Z,24.08,80.14,99,0,51.31,100.90,34.00,626.00,null,null,null
2023-08-26T15:32:46Z,24.09,80.15,100,0,32.87,100.89,34.00,626.00,null,null,null
2023-08-26T15:33:46Z,24.08,80.15,99,0,48.78,100.89,34.00,626.00,null,null,null
2023-08-26T15:34:46Z,24.08,80.14,100,0,41.49,100.90,33.00,618.00,0,0,0
2023-08-26T15:35:46Z,24.09,80.15,99,0,63.71,100.90,34.00,626.00,null,null,null
2023-08-26T15:36:46Z,24.08,80.08,99,0,52.99,100.90,33.00,618.00,null,null,null
2023-08-26T15:37:46Z,24.10,80.06,100,0,45.01,100.89,33.00,618.00,null,null,null
2023-08-26T15:38:46Z,24.09,80.09,99,0,43.91,100.89,32.00,614.00,null,null,null
2023-08-26T15:39:46Z,24.08,80.06,100,0,49.79,100.89,32.00,614.00,0,0,0
2023-08-26T15:40:46Z,24.09,80.13,99,0,56.05,100.89,32.00,614.00,null,null,null
2023-08-26T15:41:46Z,24.09,80.08,99,0,48.01,100.88,32.00,614.00,null,null,null
2023-08-26T15:42:46Z,24.10,80.00,99,0,67.51,100.88,30.00,603.00,null,null,null
2023-08-26T15:43:46Z,24.09,79.94,99,0,48.65,100.88,30.00,597.00,null,null,null
2023-08-26T15:44:46Z,24.08,79.95,99,0,66.68,100.87,29.00,592.00,0,0,0
2023-08-26T15:45:46Z,24.09,79.93,99,0,41.22,100.87,29.00,592.00,null,null,null
2023-08-26T15:46:46Z,24.10,79.89,99,0,41.78,100.87,28.00,586.00,null,null,null
2023-08-26T15:47:46Z,24.09,79.79,99,0,46.58,100.87,28.00,586.00,null,null,null
2023-08-26T15:48:46Z,24.08,79.81,99,0,68.84,100.88,30.00,597.00,null,null,null
2023-08-26T15:49:46Z,24.08,79.72,99,0,47.97,100.88,28.00,586.00,0,0,0
2023-08-26T15:50:46Z,24.08,79.55,99,0,58.63,100.87,28.00,586.00,null,null,null
2023-08-26T15:51:46Z,24.09,79.55,99,0,49.05,100.87,28.00,589.00,null,null,null
2023-08-26T15:52:46Z,24.08,79.56,99,0,59.81,100.87,28.00,586.00,null,null,null
2023-08-26T15:53:46Z,24.06,79.50,99,0,50.77,100.87,28.00,586.00,null,null,null
2023-08-26T15:54:46Z,24.06,79.47,99,0,50.60,100.86,28.00,586.00,0,0,0
2023-08-26T15:55:46Z,24.06,79.39,99,0,46.56,100.86,26.00,575.00,null,null,null
2023-08-26T15:56:46Z,24.08,79.38,99,0,52.04,100.86,27.00,580.00,null,null,null
2023-08-26T15:57:46Z,24.06,79.33,99,0,56.61,100.86,27.00,580.00,null,null,null
2023-08-26T15:58:46Z,24.06,79.33,100,0,52.39,100.85,27.00,580.00,null,null,null
2023-08-26T15:59:46Z,24.06,79.32,99,0,35.86,100.85,26.00,575.00,0,0,0
2023-08-26T16:00:46Z,24.08,79.30,100,0,35.83,100.86,26.00,575.00,null,null,null
2023-08-26T16:01:46Z,24.08,79.30,99,0,52.33,100.85,27.00,580.00,null,null,null
2023-08-26T16:02:46Z,24.09,79.38,99,0,63.95,100.86,26.00,575.00,null,null,null
2023-08-26T16:03:46Z,24.06,79.35,99,1,48.66,100.86,27.00,580.00,null,null,null
2023-08-26T16:04:46Z,24.06,79.39,99,1,48.67,100.86,27.00,580.00,0,0,0
2023-08-26T16:05:46Z,24.09,79.36,99,0,55.49,100.86,27.00,580.00,null,null,null
2023-08-26T16:06:46Z,24.06,79.37,99,0,55.16,100.85,27.00,580.00,null,null,null
2023-08-26T16:07:46Z,24.09,79.36,99,0,47.17,100.85,27.00,580.00,null,null,null
2023-08-26T16:08:46Z,24.08,79.38,99,0,43.49,100.85,27.00,580.00,null,null,null
2023-08-26T16:09:46Z,24.06,79.37,99,0,56.62,100.85,26.00,575.00,0,0,0
2023-08-26T16:10:46Z,24.08,79.47,99,0,41.68,100.85,27.00,580.00,null,null,null
2023-08-26T16:11:46Z,24.09,79.40,99,1,55.73,100.85,27.00,580.00,null,null,null
2023-08-26T16:12:46Z,24.09,79.46,99,0,38.19,100.84,27.00,580.00,null,null,null
2023-08-26T16:13:46Z,24.08,79.44,99,0,48.67,100.84,28.00,586.00,null,null,null
2023-08-26T16:14:46Z,24.08,79.44,99,0,41.13,100.84,28.00,586.00,0,0,0
2023-08-26T16:15:46Z,24.08,79.45,100,0,41.20,100.84,28.00,586.00,null,null,null
2023-08-26T16:16:46Z,24.08,79.41,99,0,50.98,100.84,28.00,586.00,null,null,null
2023-08-26T16:17:46Z,24.09,79.52,99,0,40.47,100.85,28.00,589.00,null,null,null
2023-08-26T16:18:46Z,24.08,79.56,99,0,41.15,100.85,28.00,589.00,null,null,null
2023-08-26T16:19:46Z,24.06,79.77,99,0,47.59,100.85,28.00,589.00,0,0,0
2023-08-26T16:20:46Z,24.09,79.76,100,0,57.03,100.85,28.00,586.00,null,null,null
2023-08-26T16:21:46Z,24.09,79.70,99,0,48.62,100.85,29.00,592.00,null,null,null
2023-08-26T16:22:46Z,24.09,79.62,99,0,43.12,100.85,28.00,589.00,null,null,null
2023-08-26T16:23:46Z,24.08,79.69,100,0,47.94,100.85,28.00,589.00,null,null,null
2023-08-26T16:24:46Z,24.38,79.86,99,0,35.19,100.85,28.00,589.00,0,0,0
2023-08-26T16:25:46Z,24.40,80.02,99,0,47.70,100.85,24.00,564.00,null,null,null
2023-08-26T16:26:46Z,24.43,79.92,99,0,46.52,100.86,26.00,574.00,null,null,null
2023-08-26T16:27:46Z,24.46,79.98,99,0,58.97,100.86,25.00,567.00,null,null,null
2023-08-26T16:28:46Z,24.50,80.06,99,0,56.01,100.86,26.00,574.00,null,null,null
