TIME,TEMP,HUM,BATT,LIGHT,NOISE_A,PRESS,CCS811_VOCS,CCS811_ECO2,PM_1,PM_25,PM_10
ISO 8601,C,%,%,Lux,dBA,kPa,ppb,ppm,ug/m3,ug/m3,ug/m3
Time,Temperature,Humidity,Battery,Light,Noise dBA,Barometric pressure,VOC Gas CCS811,eCO2 Gas CCS811,PM 1.0,PM 2.5,PM 10.0
,55,56,10,14,53,58,113,112,89,87,88
2023-09-02T23:59:59Z,22.32,80.71,99,0,51.42,102.56,10.00,470.00,null,null,null
2023-09-03T00:00:59Z,22.33,80.72,99,0,61.01,102.56,11.00,475.00,null,null,null
2023-09-03T00:01:59Z,22.33,80.69,99,0,67.17,102.56,11.00,475.00,null,null,null
2023-09-03T00:02:59Z,22.32,80.72,99,0,66.34,102.56,11.00,475.00,null,null,null
2023-09-03T00:03:59Z,22.31,80.71,99,0,66.68,102.55,11.00,475.00,0,0,0
2023-09-03T00:04:59Z,22.33,80.73,99,0,71.10,102.55,11.00,475.00,null,null,null
2023-09-03T00:05:59Z,22.33,80.61,100,0,61.65,102.55,11.00,475.00,null,null,null
2023-09-03T00:06:59Z,22.32,80.70,100,0,67.52,102.55,11.00,475.00,null,null,null
2023-09-03T00:07:59Z,22.33,80.72,100,0,56.39,102.55,11.00,475.00,null,null,null
2023-09-03T00:08:59Z,22.31,80.78,100,0,64.54,102.55,11.00,475.00,0,0,0
2023-09-03T00:09:59Z,22.31,80.77,99,0,65.77,102.55,10.00,472.00,null,null,null
2023-09-03T00:10:59Z,22.35,80.67,99,0,73.46,102.55,10.00,472.00,null,null,null
2023-09-03T00:11:59Z,22.35,80.74,100,0,74.76,102.54,11.00,475.00,null,null,null
2023-09-03T00:12:59Z,22.31,80.64,99,0,61.67,102.54,11.00,475.00,null,null,null
2023-09-03T00:13:59Z,22.32,80.60,99,0,34.42,102.54,10.00,470.00,0,0,0
2023-09-03T00:14:59Z,22.33,80.73,100,0,36.24,102.54,10.00,470.00,null,null,null
2023-09-03T00:15:59Z,22.35,80.53,99,0,41.38,102.54,10.00,470.00,null,null,null
2023-09-03T00:16:59Z,22.32,80.71,100,0,35.88,102.54,10.00,470.00,null,null,null
2023-09-03T00:17:59Z,22.31,80.70,99,0,34.33,102.54,10.00,470.00,null,null,null
2023-09-03T00:18:59Z,22.29,80.74,100,0,36.97,102.54,10.00,470.00,0,0,0
2023-09-03T00:19:59Z,22.32,80.77,99,0,35.15,102.54,10.00,470.00,null,null,null
2023-09-03T00:20:59Z,22.32,80.71,99,0,36.01,102.54,9.00,465.00,null,null,null
2023-09-03T00:21:59Z,22.33,80.68,99,0,36.69,102.54,10.00,470.00,null,null,null
2023-09-03T00:22:59Z,22.31,80.73,99,0,42.00,102.54,10.00,470.00,null,null,null
2023-09-03T00:23:59Z,22.29,80.80,99,0,46.15,102.54,10.00,470.00,0,0,0
2023-09-03T00:24:59Z,22.31,80.82,99,0,44.75,102.54,9.00,465.00,null,null,null
2023-09-03T00:25:59Z,22.33,80.81,100,0,51.95,102.54,9.00,460.00,null,null,null
2023-09-03T00:26:59Z,22.33,80.78,100,0,52.48,102.54,9.00,460.00,null,null,null
2023-09-03T00:27:59Z,22.31,80.73,99,0,53.15,102.54,9.00,460.00,null,null,null
2023-09-03T00:28:59Z,22.31,80.73,99,0,37.07,102.54,9.00,460.00,0,0,0
2023-09-03T00:29:59Z,22.32,80.89,99,0,40.57,102.54,8.00,459.00,null,null,null
2023-09-03T00:30:59Z,22.33,80.83,99,0,41.02,102.54,9.00,465.00,null,null,null
2023-09-03T00:31:59Z,22.33,80.84,100,0,35.87,102.53,9.00,465.00,null,null,null
2023-09-03T00:32:59Z,22.31,80.86,99,0,50.59,102.53,9.00,465.00,null,null,null
2023-09-03T00:33:59Z,22.29,80.83,99,0,59.03,102.53,9.00,465.00,0,0,0
2023-09-03T00:34:59Z,22.32,80.77,99,0,52.25,102.53,8.00,456.00,null,null,null
2023-09-03T00:35:59Z,22.33,80.88,100,0,38.58,102.53,9.00,460.00,null,null,null
2023-09-03T00:36:59Z,22.31,80.90,100,0,37.00,102.53,9.00,465.00,null,null,null
2023-09-03T00:37:59Z,22.29,80.88,99,0,52.74,102.53,9.00,465.00,null,null,null
2023-09-03T00:38:59Z,22.29,80.88,99,0,37.59,102.53,9.00,465.00,0,0,0
2023-09-03T00:39:59Z,22.32,80.92,99,0,46.98,102.53,9.00,465.00,null,null,null
2023-09-03T00:40:59Z,22.32,80.83,99,0,34.91,102.53,9.00,460.00,null,null,null
2023-09-03T00:41:59Z,22.31,80.85,99,0,34.63,102.54,9.00,465.00,null,null,null
2023-09-03T00:42:59Z,22.31,80.81,99,0,36.91,102.53,9.00,460.00,null,null,null
2023-09-03T00:43:59Z,22.29,80.83,100,0,37.50,102.53,9.00,465.00,0,0,0
2023-09-03T00:44:59Z,22.29,80.87,99,0,39.77,102.54,9.00,460.00,null,null,null
2023-09-03T00:45:59Z,22.31,80.80,99,0,37.44,102.54,9.00,465.00,null,null,null
2023-09-03T00:46:59Z,22.31,80.86,99,0,47.09,102.53,9.00,460.00,null,null,null
2023-09-03T00:47:59Z,22.31,80.84,99,0,39.92,102.54,9.00,465.00,null,null,null
2023-09-03T00:48:59Z,22.31,80.89,99,0,39.91,102.53,9.00,465.00,0,0,0
2023-09-03T00:49:59Z,22.32,80.93,100,0,35.60,102.54,14.00,498.00,null,null,null
2023-09-03T00:50:59Z,22.32,80.83,99,0,38.68,102.53,17.00,518.00,null,null,null
2023-09-03T00:51:59Z,22.31,80.90,99,0,49.36,102.53,19.00,531.00,null,null,null
2023-09-03T00:52:59Z,22.29,80.85,99,0,43.81,102.53,20.00,537.00,null,null,null
2023-09-03T00:53:59Z,22.29,80.90,99,0,47.85,102.53,21.00,542.00,0,0,0
2023-09-03T00:54:59Z,22.29,80.87,99,0,50.65,102.53,21.00,542.00,null,null,null
2023-09-03T00:55:59Z,22.31,80.83,100,0,53.29,102.53,21.00,542.00,null,null,null
2023-09-03T00:56:59Z,22.31,80.79,100,0,33.95,102.53,20.00,537.00,null,null,null
2023-09-03T00:57:59Z,22.29,80.79,99,0,35.90,102.54,20.00,537.00,null,null,null
2023-09-03T00:58:59Z,22.28,80.84,99,0,44.82,102.54,19.00,531.00,0,0,0
2023-09-03T00:59:59Z,22.29,80.85,100,0,39.70,102.54,19.00,527.00,null,null,null
2023-09-03T01:00:59Z,22.32,80.86,99,0,36.72,102.54,19.00,527.00,null,null,null
2023-09-03T01:01:59Z,22.31,80.97,99,0,44.62,102.54,18.00,520.00,null,null,null
2023-09-03T01:02:59Z,22.31,81.04,99,0,33.48,102.55,17.00,518.00,null,null,null
2023-09-03T01:03:59Z,22.31,81.00,100,0,49.96,102.54,17.00,514.00,0,0,0
2023-09-03T01:04:59Z,22.29,80.94,99,0,42.55,102.54,17.00,514.00,null,null,null
2023-09-03T01:05:59Z,22.29,81.00,99,0,39.50,102.54,17.00,514.00,null,null,null
2023-09-03T01:06:59Z,22.29,80.99,99,0,37.68,102.54,17.00,518.00,null,null,null
2023-09-03T01:07:59Z,22.31,80.96,100,0,39.16,102.54,17.00,518.00,null,null,null
2023-09-03T01:08:59Z,22.28,80.93,99,0,49.50,102.55,17.00,514.00,0,0,0
2023-09-03T01:09:59Z,22.29,80.84,100,0,48.67,102.54,14.00,498.00,null,null,null
2023-09-03T01:10:59Z,22.31,80.79,99,0,46.48,102.54,15.00,502.00,null,null,null
2023-09-03T01:11:59Z,22.31,80.82,99,0,47.43,102.54,14.00,498.00,null,null,null
2023-09-03T01:12:59Z,22.28,80.87,99,0,46.21,102.54,14.00,498.00,null,null,null
2023-09-03T01:13:59Z,22.29,80.86,100,0,41.98,102.54,14.00,498.00,0,0,0
2023-09-03T01:14:59Z,22.31,80.86,99,0,36.84,102.54,12.00,483.00,null,null,null
2023-09-03T01:15:59Z,22.31,80.86,100,0,38.56,102.54,14.00,495.00,null,null,null
2023-09-03T01:16:59Z,22.31,80.92,100,0,42.11,102.54,14.00,495.00,null,null,null
2023-09-03T01:17:59Z,22.31,81.01,99,0,40.65,102.54,14.00,495.00,null,null,null
2023-09-03T01:18:59Z,22.29,81.13,99,0,34.91,102.54,14.00,495.00,0,0,0
2023-09-03T01:19:59Z,22.31,81.11,100,0,35.48,102.54,14.00,495.00,null,null,null
2023-09-03T01:20:59Z,22.29,81.16,99,0,34.32,102.54,14.00,498.00,null,null,null
2023-09-03T01:21:59Z,22.31,81.19,99,0,35.49,102.55,14.00,495.00,null,null,null
2023-09-03T01:22:59Z,22.29,81.17,99,0,36.81,102.54,14.00,495.00,null,null,null
2023-09-03T01:23:59Z,22.29,81.11,99,0,57.47,102.54,14.00,498.00,0,0,0
2023-09-03T01:24:59Z,22.29,81.14,99,0,35.22,102.54,14.00,495.00,null,null,null
2023-09-03T01:25:59Z,22.31,81.18,99,0,46.02,102.54,14.00,495.00,null,null,null
2023-09-03T01:26:59Z,22.29,81.13,99,0,46.00,102.54,14.00,495.00,null,null,null
2023-09-03T01:27:59Z,22.28,81.27,99,0,39.75,102.55,14.00,495.00,null,null,null
2023-09-03T01:28:59Z,22.28,81.27,99,0,51.86,102.55,13.00,491.00,0,0,0
2023-09-03T01:29:59Z,22.29,81.18,100,0,35.70,102.55,13.00,491.00,null,null,null
2023-09-03T01:30:59Z,22.32,81.18,100,0,41.46,102.55,13.00,488.00,null,null,null
2023-09-03T01:31:59Z,22.29,81.42,100,0,36.52,102.56,14.00,495.00,null,null,null
2023-09-03T01:32:59Z,22.29,81.36,99,0,41.64,102.55,13.00,491.00,null,null,null
2023-09-03T01:33:59Z,22.29,81.42,99,0,48.15,102.55,13.00,491.00,0,0,0
2023-09-03T01:34:59Z,22.29,81.40,99,0,49.48,102.55,13.00,491.00,null,null,null
2023-09-03T01:35:59Z,22.29,81.44,100,0,40.95,102.55,13.00,491.00,null,null,null
2023-09-03T01:36:59Z,22.29,81.43,100,0,36.99,102.55,13.00,491.00,null,null,null
2023-09-03T01:37:59Z,22.29,81.39,99,0,52.43,102.56,12.00,485.00,null,null,null
2023-09-03T01:38:59Z,22.31,81.32,99,0,48.55,102.56,12.00,485.00,0,0,0
2023-09-03T01:39:59Z,22.32,81.33,100,0,41.86,102.56,12.00,485.00,null,null,null
2023-09-03T01:40:59Z,22.31,81.31,99,0,52.08,102.56,12.00,485.00,null,null,null
2023-09-03T01:41:59Z,22.29,81.20,99,0,51.89,102.56,12.00,485.00,null,null,null
2023-09-03T01:42:59Z,22.29,81.20,99,0,39.65,102.56,12.00,480.00,null,null,null
2023-09-03T01:43:59Z,22.28,81.19,99,0,55.56,102.56,14.00,495.00,0,0,0
2023-09-03T01:44:59Z,22.28,81.29,99,0,47.03,102.56,12.00,483.00,null,null,null
2023-09-03T01:45:59Z,22.31,81.25,100,0,59.97,102.56,13.00,491.00,null,null,null
2023-09-03T01:46:59Z,22.28,81.26,100,0,46.90,102.56,13.00,491.00,null,null,null
2023-09-03T01:47:59Z,22.28,81.19,99,0,57.21,102.56,13.00,491.00,null,null,null
2023-09-03T01:48:59Z,22.28,81.21,99,0,42.86,102.56,14.00,495.00,0,0,0
2023-09-03T01:49:59Z,22.26,81.22,99,0,35.76,102.56,12.00,483.00,null,null,null
2023-09-03T01:50:59Z,22.29,81.15,99,0,46.34,102.55,14.00,495.00,null,null,null
2023-09-03T01:51:59Z,22.28,81.12,100,0,46.33,102.56,14.00,495.00,null,null,null
2023-09-03T01:52:59Z,22.26,81.16,100,0,37.22,102.55,14.00,495.00,null,null,null
2023-09-03T01:53:59Z,22.26,81.15,100,0,51.78,102.56,14.00,495.00,0,0,0
2023-09-03T01:54:59Z,22.29,81.21,99,0,54.02,102.55,14.00,495.00,null,null,null
2023-09-03T01:55:59Z,22.28,81.10,99,0,52.78,102.55,14.00,495.00,null,null,null
2023-09-03T01:56:59Z,22.29,81.05,100,0,39.40,102.55,13.00,488.00,null,null,null
2023-09-03T01:57:59Z,22.29,81.11,100,0,42.65,102.55,14.00,495.00,null,null,null
2023-09-03T01:58:59Z,22.28,81.12,100,0,37.01,102.56,13.00,488.00,0,0,0
2023-09-03T01:59:59Z,22.26,81.01,100,0,39.24,102.56,13.00,488.00,null,null,null
2023-09-03T02:00:59Z,22.28,81.04,99,0,35.63,102.56,14.00,495.00,null,null,null
2023-09-03T02:01:59Z,22.28,81.05,99,0,35.03,102.57,13.00,488.00,null,null,null
2023-09-03T02:02:59Z,22.25,81.11,99,0,39.20,102.57,13.00,488.00,null,null,null
2023-09-03T02:03:59Z,22.25,81.15,99,0,37.42,102.57,13.00,488.00,0,0,0
2023-09-03T02:04:59Z,22.26,81.13,99,0,46.70,102.57,14.00,495.00,null,null,null
2023-09-03T02:05:59Z,22.28,81.15,99,0,47.17,102.57,13.00,488.00,null,null,null
2023-09-03T02:06:59Z,22.26,81.11,99,0,52.93,102.57,14.00,495.00,null,null,null
2023-09-03T02:07:59Z,22.26,81.13,99,0,54.53,102.57,14.00,495.00,null,null,null
2023-09-03T02:08:59Z,22.25,81.20,99,0,46.84,102.57,14.00,495.00,0,0,0
2023-09-03T02:09:59Z,22.26,81.20,100,0,41.23,102.57,14.00,495.00,null,null,null
2023-09-03T02:10:59Z,22.25,81.11,99,0,42.30,102.57,14.00,495.00,null,null,null
2023-09-03T02:11:59Z,22.26,81.10,100,0,44.62,102.57,14.00,495.00,null,null,null
2023-09-03T02:12:59Z,22.26,81.17,100,0,55.20,102.57,14.00,495.00,null,null,null
2023-09-03T02:13:59Z,22.22,81.20,99,0,37.69,102.57,14.00,495.00,0,0,0
2023-09-03T02:14:59Z,22.23,81.24,99,0,42.78,102.57,21.00,542.00,null,null,null
2023-09-03T02:15:59Z,22.25,81.18,99,0,43.35,102.58,22.00,546.00,null,null,null
2023-09-03T02:16:59Z,22.25,81.20,100,0,47.14,102.58,14.00,495.00,null,null,null
2023-09-03T02:17:59Z,22.25,81.17,100,0,37.90,102.58,14.00,495.00,null,null,null
2023-09-03T02:18:59Z,22.22,81.20,99,0,46.15,102.58,14.00,495.00,0,0,0
2023-09-03T02:19:59Z,22.25,81.21,99,0,41.67,102.58,14.00,495.00,null,null,null
2023-09-03T02:20:59Z,22.25,81.17,99,0,38.86,102.58,14.00,498.00,null,null,null
2023-09-03T02:21:59Z,22.23,81.24,99,0,46.57,102.58,15.00,502.00,null,null,null
2023-09-03T02:22:59Z,22.25,81.23,100,0,54.33,102.58,23.00,551.00,null,null,null
2023-09-03T02:23:59Z,22.22,81.23,99,0,48.85,102.58,17.00,514.00,0,0,0
2023-09-03T02:24:59Z,22.25,81.22,100,0,34.26,102.58,22.00,546.00,null,null,null
2023-09-03T02:25:59Z,22.23,81.17,99,0,36.07,102.58,17.00,514.00,null,null,null
2023-09-03T02:26:59Z,22.25,81.15,99,0,39.64,102.59,23.00,551.00,null,null,null
2023-09-03T02:27:59Z,22.22,81.17,99,0,38.41,102.59,15.00,502.00,null,null,null
2023-09-03T02:28:59Z,22.23,81.22,99,0,34.55,102.59,23.00,551.00,0,0,0
2023-09-03T02:29:59Z,22.22,81.20,99,0,38.04,102.59,23.00,551.00,null,null,null
2023-09-03T02:30:59Z,22.25,81.18,100,0,49.54,102.59,24.00,560.00,null,null,null
2023-09-03T02:31:59Z,22.25,81.17,99,0,48.09,102.59,17.00,514.00,null,null,null
2023-09-03T02:32:59Z,22.23,81.20,99,0,36.64,102.59,17.00,514.00,null,null,null
2023-09-03T02:33:59Z,22.22,81.23,100,0,35.07,102.59,24.00,560.00,0,0,0
2023-09-03T02:34:59Z,22.22,81.22,99,0,47.25,102.59,24.00,560.00,null,null,null
2023-09-03T02:35:59Z,22.23,81.16,100,0,39.15,102.59,24.00,560.00,null,null,null
2023-09-03T02:36:59Z,22.23,81.20,100,0,46.54,102.60,24.00,560.00,null,null,null
2023-09-03T02:37:59Z,22.22,81.13,99,0,38.25,102.60,24.00,560.00,null,null,null
2023-09-03T02:38:59Z,22.22,81.18,99,0,39.44,102.60,23.00,551.00,0,0,0
2023-09-03T02:39:59Z,22.22,81.19,100,0,48.55,102.60,23.00,551.00,null,null,null
2023-09-03T02:40:59Z,22.23,81.20,99,0,41.35,102.60,24.00,560.00,null,null,null
2023-09-03T02:41:59Z,22.26,81.15,99,0,48.16,102.60,24.00,560.00,null,null,null
2023-09-03T02:42:59Z,22.21,81.15,100,0,35.93,102.60,15.00,502.00,null,null,null
2023-09-03T02:43:59Z,22.23,81.18,99,0,49.98,102.61,23.00,551.00,0,0,0
2023-09-03T02:44:59Z,22.22,81.12,99,0,49.34,102.61,23.00,551.00,null,null,null
2023-09-03T02:45:59Z,22.22,81.13,99,0,36.19,102.61,23.00,551.00,null,null,null
2023-09-03T02:46:59Z,22.23,81.16,99,0,55.48,102.61,23.00,551.00,null,null,null
2023-09-03T02:47:59Z,22.21,81.13,99,0,34.43,102.62,23.00,551.00,null,null,null
2023-09-03T02:48:59Z,22.19,81.16,99,0,34.75,102.62,22.00,546.00,0,0,0
2023-09-03T02:49:59Z,22.19,81.10,100,0,38.72,102.61,22.00,546.00,null,null,null
2023-09-03T02:50:59Z,22.22,81.02,99,0,37.91,102.62,23.00,551.00,null,null,null
2023-09-03T02:51:59Z,22.22,81.12,99,0,36.22,102.61,22.00,546.00,null,null,null
2023-09-03T02:52:59Z,22.21,81.07,99,0,36.15,102.62,22.00,546.00,null,null,null
2023-09-03T02:53:59Z,22.21,81.09,100,0,47.23,102.62,21.00,542.00,0,0,0
2023-09-03T02:54:59Z,22.19,81.05,99,0,58.52,102.62,22.00,546.00,null,null,null
2023-09-03T02:55:59Z,22.19,81.05,99,0,44.18,102.62,22.00,546.00,null,null,null
2023-09-03T02:56:59Z,22.19,81.10,99,0,35.62,102.62,22.00,546.00,null,null,null
2023-09-03T02:57:59Z,22.21,81.09,100,0,38.89,102.62,22.00,546.00,null,null,null
2023-09-03T02:58:59Z,22.19,81.16,99,0,43.38,102.62,22.00,546.00,0,0,0
2023-09-03T02:59:59Z,22.19,81.13,99,0,39.88,102.62,21.00,542.00,null,null,null
