TIME,TEMP,HUM,BATT,LIGHT,NOISE_A,PRESS,CCS811_VOCS,CCS811_ECO2,PM_1,PM_25,PM_10
ISO 8601,C,%,%,Lux,dBA,kPa,ppb,ppm,ug/m3,ug/m3,ug/m3
Time,Temperature,Humidity,Battery,Light,Noise dBA,Barometric pressure,VOC Gas CCS811,eCO2 Gas CCS811,PM 1.0,PM 2.5,PM 10.0
,55,56,10,14,53,58,113,112,89,87,88
2023-08-14T00:00:17Z,23.19,66.21,99,0,52.68,101.00,47.00,712.00,null,null,null
2023-08-14T00:01:17Z,23.19,66.03,99,0,51.89,101.00,46.00,704.00,null,null,null
2023-08-14T00:02:17Z,23.19,66.00,99,0,54.72,101.00,47.00,712.00,null,null,null
2023-08-14T00:03:17Z,23.18,66.04,99,0,56.70,101.00,46.00,704.00,null,null,null
2023-08-14T00:04:17Z,23.18,66.02,99,0,52.68,101.00,47.00,712.00,0,0,0
2023-08-14T00:05:17Z,23.19,66.21,99,0,56.64,101.00,47.00,712.00,null,null,null
2023-08-14T00:06:17Z,23.19,66.03,99,0,54.87,101.00,46.00,704.00,null,null,null
2023-08-14T00:07:17Z,23.18,65.94,99,0,53.83,100.99,47.00,712.00,null,null,null
2023-08-14T00:08:17Z,23.16,65.92,99,0,52.19,100.99,46.00,704.00,null,null,null
2023-08-14T00:09:17Z,23.16,65.90,99,0,51.97,100.99,46.00,704.00,0,0,0
2023-08-14T00:10:17Z,23.19,66.12,99,0,51.37,100.99,47.00,712.00,null,null,null
2023-08-14T00:11:17Z,23.16,66.01,99,0,52.84,100.99,47.00,712.00,null,null,null
2023-08-14T00:12:17Z,23.18,66.00,99,0,53.23,100.99,47.00,712.00,null,null,null
2023-08-14T00:13:17Z,23.18,66.03,99,0,51.49,100.98,47.00,712.00,null,null,null
2023-08-14T00:14:17Z,23.15,65.99,99,0,52.43,100.98,47.00,712.00,0,0,0
2023-08-14T00:15:17Z,23.16,66.24,99,0,55.53,100.98,47.00,712.00,null,null,null
2023-08-14T00:16:17Z,23.16,66.05,99,0,52.54,100.98,47.00,712.00,null,null,null
2023-08-14T00:17:17Z,23.18,65.99,99,0,56.61,100.98,47.00,712.00,null,null,null
2023-08-14T00:18:17Z,23.16,66.04,99,0,51.68,100.98,47.00,712.00,null,null,null
2023-08-14T00:19:17Z,23.16,66.14,99,0,52.15,100.98,47.00,712.00,0,0,0
2023-08-14T00:20:17Z,23.18,66.31,99,0,53.01,100.98,47.00,712.00,null,null,null
2023-08-14T00:21:17Z,23.19,66.17,99,0,58.33,100.98,47.00,710.00,null,null,null
2023-08-14T00:22:17Z,23.16,66.11,99,0,52.09,100.97,47.00,712.00,null,null,null
2023-08-14T00:23:17Z,23.18,66.10,99,0,55.14,100.98,48.00,717.00,null,null,null
2023-08-14T00:24:17Z,23.18,66.08,99,0,53.78,100.97,47.00,712.00,0,0,0
2023-08-14T00:25:17Z,23.16,66.28,99,0,52.70,100.98,47.00,712.00,null,null,null
2023-08-14T00:26:17Z,23.15,66.09,99,0,52.31,100.98,47.00,710.00,null,null,null
2023-08-14T00:27:17Z,23.18,66.06,99,0,51.20,100.98,48.00,717.00,null,null,null
2023-08-14T00:28:17Z,23.18,66.04,99,0,51.39,100.97,47.00,712.00,null,null,null
2023-08-14T00:29:17Z,23.18,66.04,99,0,54.81,100.97,47.00,712.00,0,0,0
2023-08-14T00:30:17Z,23.18,66.23,99,0,58.66,100.97,48.00,717.00,null,null,null
2023-08-14T00:31:17Z,23.18,66.06,99,0,52.05,100.97,47.00,712.00,null,null,null
2023-08-14T00:32:17Z,23.18,66.06,99,0,50.35,100.97,48.00,717.00,null,null,null
2023-08-14T00:33:17Z,23.15,65.96,99,0,51.89,100.97,47.00,712.00,null,null,null
2023-08-14T00:34:17Z,23.16,66.01,99,0,52.60,100.97,47.00,712.00,0,0,0
2023-08-14T00:35:17Z,23.18,66.17,99,0,54.13,100.97,47.00,712.00,null,null,null
2023-08-14T00:36:17Z,23.16,65.99,99,0,49.67,100.97,48.00,717.00,null,null,null
2023-08-14T00:37:17Z,23.19,65.99,99,0,50.97,100.97,47.00,712.00,null,null,null
2023-08-14T00:38:17Z,23.18,65.96,99,0,52.00,100.97,48.00,717.00,null,null,null
2023-08-14T00:39:17Z,23.18,65.96,99,0,56.18,100.97,47.00,712.00,0,0,0
2023-08-14T00:40:17Z,23.19,66.14,99,0,53.51,100.96,47.00,712.00,null,null,null
2023-08-14T00:41:17Z,23.16,65.99,99,0,54.49,100.97,48.00,717.00,null,null,null
2023-08-14T00:42:17Z,23.18,65.91,99,0,54.12,100.97,47.00,712.00,null,null,null
2023-08-14T00:43:17Z,23.16,65.93,99,0,51.41,100.97,47.00,712.00,null,null,null
2023-08-14T00:44:17Z,23.16,65.88,99,0,51.84,100.97,47.00,712.00,0,0,0
2023-08-14T00:45:17Z,23.19,66.04,99,0,53.05,100.96,47.00,712.00,null,null,null
2023-08-14T00:46:17Z,23.19,65.92,99,0,52.74,100.96,47.00,712.00,null,null,null
2023-08-14T00:47:17Z,23.18,65.92,99,0,54.46,100.96,47.00,712.00,null,null,null
2023-08-14T00:48:17Z,23.15,65.85,99,0,55.75,100.96,47.00,712.00,null,null,null
2023-08-14T00:49:17Z,23.18,65.84,99,0,50.86,100.96,47.00,712.00,0,0,0
2023-08-14T00:50:17Z,23.18,66.03,99,0,51.59,100.96,46.00,704.00,null,null,null
2023-08-14T00:51:17Z,23.19,65.89,99,0,49.60,100.96,47.00,712.00,null,null,null
2023-08-14T00:52:17Z,23.16,65.85,99,0,52.03,100.96,47.00,712.00,null,null,null
2023-08-14T00:53:17Z,23.18,65.80,99,0,52.09,100.96,47.00,712.00,null,null,null
2023-08-14T00:54:17Z,23.16,65.80,99,0,51.69,100.95,47.00,712.00,0,0,0
2023-08-14T00:55:17Z,23.16,65.96,99,0,55.11,100.96,46.00,704.00,null,null,null
2023-08-14T00:56:17Z,23.18,65.82,99,0,53.43,100.96,47.00,712.00,null,null,null
2023-08-14T00:57:17Z,23.16,65.78,99,0,53.32,100.96,47.00,712.00,null,null,null
2023-08-14T00:58:17Z,23.15,65.78,99,0,53.69,100.96,46.00,704.00,null,null,null
2023-08-14T00:59:17Z,23.19,65.78,99,0,54.79,100.95,46.00,704.00,0,0,0
2023-08-14T01:00:17Z,23.18,65.91,99,0,52.66,100.95,46.00,704.00,null,null,null
2023-08-14T01:01:17Z,23.15,65.80,99,0,51.07,100.95,46.00,704.00,null,null,null
2023-08-14T01:02:17Z,23.16,65.79,99,0,54.39,100.95,46.00,704.00,null,null,null
2023-08-14T01:03:17Z,23.18,65.73,99,0,52.07,100.95,46.00,704.00,null,null,null
2023-08-14T01:04:17Z,23.15,65.73,99,0,51.32,100.95,47.00,710.00,0,0,0
2023-08-14T01:05:17Z,23.16,65.89,99,0,55.32,100.95,47.00,710.00,null,null,null
2023-08-14T01:06:17Z,23.16,65.78,99,0,52.44,100.95,45.00,697.00,null,null,null
2023-08-14T01:07:17Z,23.16,65.79,99,0,54.05,100.95,46.00,704.00,null,null,null
2023-08-14T01:08:17Z,23.15,65.74,99,0,55.52,100.95,46.00,704.00,null,null,null
2023-08-14T01:09:17Z,23.15,65.70,99,0,54.13,100.95,46.00,702.00,0,0,0
2023-08-14T01:10:17Z,23.16,65.89,99,0,53.38,100.95,47.00,710.00,null,null,null
2023-08-14T01:11:17Z,23.16,65.78,99,0,50.40,100.95,46.00,704.00,null,null,null
2023-08-14T01:12:17Z,23.16,65.74,99,0,51.29,100.94,46.00,704.00,null,null,null
2023-08-14T01:13:17Z,23.16,65.68,99,0,49.61,100.94,46.00,702.00,null,null,null
2023-08-14T01:14:17Z,23.15,65.70,99,0,55.46,100.94,47.00,710.00,0,0,0
2023-08-14T01:15:17Z,23.16,65.84,99,0,54.16,100.94,46.00,702.00,null,null,null
2023-08-14T01:16:17Z,23.18,65.73,99,0,53.00,100.93,45.00,697.00,null,null,null
2023-08-14T01:17:17Z,23.16,65.70,99,0,51.09,100.94,46.00,702.00,null,null,null
2023-08-14T01:18:17Z,23.15,65.68,99,0,52.24,100.93,44.00,692.00,null,null,null
2023-08-14T01:19:17Z,23.15,65.68,99,0,53.79,100.94,46.00,702.00,0,0,0
2023-08-14T01:20:17Z,23.15,65.81,99,0,54.88,100.93,46.00,702.00,null,null,null
2023-08-14T01:21:17Z,23.15,65.75,99,0,53.38,100.94,45.00,697.00,null,null,null
2023-08-14T01:22:17Z,23.13,65.69,99,0,57.48,100.94,46.00,704.00,null,null,null
2023-08-14T01:23:17Z,23.16,65.69,99,0,51.68,100.93,46.00,702.00,null,null,null
2023-08-14T01:24:17Z,23.15,65.61,99,0,53.86,100.93,46.00,702.00,0,0,0
2023-08-14T01:25:17Z,23.15,65.81,99,0,51.91,100.93,46.00,702.00,null,null,null
2023-08-14T01:26:17Z,23.15,65.68,99,0,52.50,100.93,45.00,697.00,null,null,null
2023-08-14T01:27:17Z,23.15,65.65,99,0,52.78,100.92,46.00,702.00,null,null,null
2023-08-14T01:28:17Z,23.15,65.65,99,0,52.91,100.93,46.00,702.00,null,null,null
2023-08-14T01:29:17Z,23.15,65.62,99,0,52.21,100.93,47.00,710.00,0,0,0
2023-08-14T01:30:17Z,23.15,65.76,99,0,54.17,100.92,46.00,702.00,null,null,null
2023-08-14T01:31:17Z,23.16,65.65,99,0,53.54,100.92,45.00,697.00,null,null,null
2023-08-14T01:32:17Z,23.15,65.61,99,0,53.69,100.92,47.00,710.00,null,null,null
2023-08-14T01:33:17Z,23.13,65.61,99,0,51.67,100.92,48.00,717.00,null,null,null
2023-08-14T01:34:17Z,23.15,65.64,99,0,55.91,100.92,48.00,717.00,0,0,0
2023-08-14T01:35:17Z,23.12,65.70,99,0,54.04,100.92,48.00,717.00,null,null,null
2023-08-14T01:36:17Z,23.15,65.65,99,0,53.81,100.92,48.00,717.00,null,null,null
2023-08-14T01:37:17Z,23.15,65.56,99,0,55.12,100.91,48.00,717.00,null,null,null
2023-08-14T01:38:17Z,23.12,65.61,99,0,52.71,100.92,48.00,717.00,null,null,null
2023-08-14T01:39:17Z,23.11,65.60,99,0,50.58,100.92,48.00,717.00,0,0,0
2023-08-14T01:40:17Z,23.16,65.75,99,0,52.33,100.91,48.00,717.00,null,null,null
2023-08-14T01:41:17Z,23.13,65.58,99,0,53.61,100.91,47.00,712.00,null,null,null
2023-08-14T01:42:17Z,23.15,65.54,99,0,53.33,100.91,48.00,717.00,null,null,null
2023-08-14T01:43:17Z,23.13,65.57,99,0,51.70,100.91,48.00,717.00,null,null,null
2023-08-14T01:44:17Z,23.13,65.55,99,0,53.38,100.91,47.00,710.00,0,0,0
2023-08-14T01:45:17Z,23.13,65.70,99,0,53.74,100.92,48.00,717.00,null,null,null
2023-08-14T01:46:17Z,23.15,65.57,99,0,53.46,100.92,47.00,710.00,null,null,null
2023-08-14T01:47:17Z,23.13,65.55,99,0,52.43,100.91,48.00,717.00,null,null,null
2023-08-14T01:48:17Z,23.13,65.55,99,0,53.99,100.91,47.00,710.00,null,null,null
2023-08-14T01:49:17Z,23.12,65.56,99,0,53.53,100.91,48.00,717.00,0,0,0
2023-08-14T01:50:17Z,23.12,65.67,99,0,54.13,100.91,47.00,710.00,null,null,null
2023-08-14T01:51:17Z,23.12,65.56,99,0,53.88,100.91,48.00,717.00,null,null,null
2023-08-14T01:52:17Z,23.13,65.52,99,0,51.04,100.91,47.00,710.00,null,null,null
2023-08-14T01:53:17Z,23.13,65.52,99,0,52.80,100.90,48.00,717.00,null,null,null
2023-08-14T01:54:17Z,23.12,65.50,99,0,52.19,100.91,47.00,710.00,0,0,0
2023-08-14T01:55:17Z,23.11,65.68,99,0,55.18,100.90,48.00,717.00,null,null,null
2023-08-14T01:56:17Z,23.12,65.59,99,0,55.27,100.90,47.00,710.00,null,null,null
2023-08-14T01:57:17Z,23.13,65.48,99,0,51.14,100.90,48.00,717.00,null,null,null
2023-08-14T01:58:17Z,23.12,65.48,99,0,54.91,100.90,47.00,710.00,null,null,null
2023-08-14T01:59:17Z,23.13,65.47,99,0,53.50,100.90,47.00,710.00,0,0,0
2023-08-14T02:00:17Z,23.11,65.63,99,0,54.27,100.90,48.00,717.00,null,null,null
2023-08-14T02:01:17Z,23.12,65.52,99,0,53.95,100.90,48.00,717.00,null,null,null
2023-08-14T02:02:17Z,23.12,65.51,99,0,52.96,100.90,47.00,710.00,null,null,null
2023-08-14T02:03:17Z,23.11,65.47,99,0,53.40,100.90,47.00,710.00,null,null,null
2023-08-14T02:04:17Z,23.11,65.48,99,0,54.37,100.90,47.00,710.00,0,0,0
2023-08-14T02:05:17Z,23.12,65.62,99,0,55.02,100.90,47.00,710.00,null,null,null
2023-08-14T02:06:17Z,23.11,65.47,99,0,54.44,100.90,47.00,710.00,null,null,null
2023-08-14T02:07:17Z,23.12,65.48,99,0,51.87,100.90,47.00,710.00,null,null,null
2023-08-14T02:08:17Z,23.08,65.51,99,0,57.61,100.90,47.00,710.00,null,null,null
2023-08-14T02:09:17Z,23.09,65.47,99,0,54.64,100.90,47.00,710.00,0,0,0
2023-08-14T02:10:17Z,23.11,65.59,99,0,53.36,100.90,47.00,710.00,null,null,null
2023-08-14T02:11:17Z,23.11,65.48,99,0,54.69,100.90,47.00,710.00,null,null,null
2023-08-14T02:12:17Z,23.12,65.51,99,0,54.86,100.90,47.00,710.00,null,null,null
2023-08-14T02:13:17Z,23.11,65.45,99,0,53.73,100.89,47.00,710.00,null,null,null
2023-08-14T02:14:17Z,23.09,65.45,99,0,52.03,100.89,47.00,710.00,0,0,0
2023-08-14T02:15:17Z,23.11,65.59,99,0,53.59,100.89,47.00,710.00,null,null,null
2023-08-14T02:16:17Z,23.11,65.48,99,0,55.32,100.89,47.00,710.00,null,null,null
2023-08-14T02:17:17Z,23.11,65.46,99,0,55.17,100.89,47.00,710.00,null,null,null
2023-08-14T02:18:17Z,23.08,65.50,99,0,52.80,100.89,47.00,710.00,null,null,null
2023-08-14T02:19:17Z,23.08,65.49,99,0,53.00,100.88,46.00,702.00,0,0,0
2023-08-14T02:20:17Z,23.11,65.58,99,0,53.06,100.89,47.00,710.00,null,null,null
2023-08-14T02:21:17Z,23.12,65.50,99,0,53.44,100.89,47.00,710.00,null,null,null
2023-08-14T02:22:17Z,23.12,65.47,99,0,52.04,100.89,47.00,710.00,null,null,null
2023-08-14T02:23:17Z,23.09,65.43,99,0,54.12,100.90,46.00,702.00,null,null,null
2023-08-14T02:24:17Z,23.06,65.44,99,0,53.52,100.89,46.00,702.00,0,0,0
2023-08-14T02:25:17Z,23.11,65.55,99,0,54.85,100.89,46.00,702.00,null,null,null
2023-08-14T02:26:17Z,23.09,65.46,99,0,54.74,100.90,47.00,710.00,null,null,null
2023-08-14T02:27:17Z,23.11,65.44,99,0,51.31,100.89,46.00,702.00,null,null,null
2023-08-14T02:28:17Z,23.06,65.44,99,0,50.37,100.89,46.00,702.00,null,null,null
2023-08-14T02:29:17Z,23.08,65.41,99,0,51.66,100.89,46.00,702.00,0,0,0
2023-08-14T02:30:17Z,23.09,65.57,99,0,57.48,100.89,46.00,702.00,null,null,null
2023-08-14T02:31:17Z,23.11,65.43,99,0,53.85,100.89,46.00,702.00,null,null,null
2023-08-14T02:32:17Z,23.11,65.48,99,0,54.35,100.89,46.00,702.00,null,null,null
2023-08-14T02:33:17Z,23.08,65.43,99,0,53.83,100.89,46.00,702.00,null,null,null
2023-08-14T02:34:17Z,23.05,65.40,99,0,52.24,100.89,46.00,702.00,0,0,0
2023-08-14T02:35:17Z,23.08,65.58,99,0,54.70,100.89,46.00,702.00,null,null,null
2023-08-14T02:36:17Z,23.09,65.46,99,0,54.66,100.89,46.00,702.00,null,null,null
2023-08-14T02:37:17Z,23.08,65.44,99,0,54.04,100.89,44.00,692.00,null,null,null
2023-08-14T02:38:17Z,23.09,65.42,99,0,55.22,100.88,46.00,702.00,null,null,null
2023-08-14T02:39:17Z,23.08,65.41,99,0,56.53,100.89,44.00,692.00,0,0,0
2023-08-14T02:40:17Z,23.08,65.49,99,0,51.60,100.88,44.00,692.00,null,null,null
2023-08-14T02:41:17Z,23.06,65.43,99,0,55.27,100.88,46.00,702.00,null,null,null
2023-08-14T02:42:17Z,23.09,65.40,99,0,54.88,100.88,44.00,692.00,null,null,null
2023-08-14T02:43:17Z,23.09,65.36,99,0,52.82,100.88,44.00,692.00,null,null,null
2023-08-14T02:44:17Z,23.06,65.40,99,0,52.83,100.88,44.00,692.00,0,0,0
2023-08-14T02:45:17Z,23.11,65.47,99,0,51.70,100.87,44.00,692.00,null,null,null
2023-08-14T02:46:17Z,23.09,65.41,99,0,50.93,100.88,44.00,692.00,null,null,null
2023-08-14T02:47:17Z,23.08,65.39,99,0,54.61,100.88,44.00,692.00,null,null,null
2023-08-14T02:48:17Z,23.05,65.37,99,0,50.42,100.88,44.00,692.00,null,null,null
2023-08-14T02:49:17Z,23.03,65.40,99,0,55.70,100.88,44.00,692.00,0,0,0
2023-08-14T02:50:17Z,23.06,65.50,99,0,54.75,100.88,44.00,692.00,null,null,null
2023-08-14T02:51:17Z,23.08,65.39,99,0,52.72,100.88,43.00,686.00,null,null,null
2023-08-14T02:52:17Z,23.09,65.35,99,0,56.23,100.88,44.00,692.00,null,null,null
2023-08-14T02:53:17Z,23.05,65.37,99,0,52.82,100.88,44.00,692.00,null,null,null
2023-08-14T02:54:17Z,23.06,65.38,99,0,52.08,100.88,43.00,686.00,0,0,0
2023-08-14T02:55:17Z,23.08,65.47,99,0,52.28,100.88,44.00,692.00,null,null,null
2023-08-14T02:56:17Z,23.05,65.37,99,0,52.43,100.88,43.00,686.00,null,null,null
2023-08-14T02:57:17Z,23.06,65.35,99,0,51.99,100.88,44.00,692.00,null,null,null
2023-08-14T02:58:17Z,23.05,65.36,99,0,49.34,100.89,43.00,686.00,null,null,null
2023-08-14T02:59:17Z,23.05,65.39,99,0,51.70,100.89,43.00,686.00,0,0,0
