TIME,TEMP,HUM,BATT,LIGHT,NOISE_A,PRESS,CCS811_VOCS,CCS811_ECO2,PM_1,PM_25,PM_10
ISO 8601,C,%,%,Lux,dBA,kPa,ppb,ppm,ug/m3,ug/m3,ug/m3
Time,Temperature,Humidity,Battery,Light,Noise dBA,Barometric pressure,VOC Gas CCS811,eCO2 Gas CCS811,PM 1.0,PM 2.5,PM 10.0
,55,56,10,14,53,58,113,112,89,87,88
2023-08-28T00:00:02Z,21.79,68.37,99,0,47.75,101.03,151.00,1397.00,0,0,0
2023-08-28T00:01:02Z,21.81,68.35,99,0,49.08,101.02,151.00,1397.00,null,null,null
2023-08-28T00:02:02Z,21.82,68.29,99,0,48.33,101.03,151.00,1397.00,null,null,null
2023-08-28T00:03:02Z,21.81,68.28,99,0,52.00,101.02,151.00,1397.00,null,null,null
2023-08-28T00:04:02Z,21.82,68.19,99,0,47.41,101.02,151.00,1397.00,null,null,null
2023-08-28T00:05:02Z,21.82,68.20,99,0,46.82,101.02,153.00,1408.00,0,0,0
2023-08-28T00:06:02Z,21.85,68.10,99,0,47.76,101.02,156.00,1425.00,null,null,null
2023-08-28T00:07:02Z,21.85,68.08,99,0,52.14,101.02,153.00,1408.00,null,null,null
2023-08-28T00:08:02Z,21.86,68.03,99,0,46.92,101.02,153.00,1408.00,null,null,null
2023-08-28T00:09:02Z,21.86,67.98,99,0,51.18,101.02,153.00,1408.00,null,null,null
2023-08-28T00:10:02Z,21.86,68.01,99,0,46.52,101.02,151.00,1393.00,0,0,0
2023-08-28T00:11:02Z,21.89,67.93,99,0,49.50,101.02,151.00,1393.00,null,null,null
2023-08-28T00:12:02Z,21.88,67.87,99,0,46.61,101.02,151.00,1393.00,null,null,null
2023-08-28T00:13:02Z,21.89,67.82,99,0,49.74,101.02,151.00,1393.00,null,null,null
2023-08-28T00:14:02Z,21.88,67.84,99,0,51.77,101.02,151.00,1393.00,null,null,null
2023-08-28T00:15:02Z,21.89,67.76,99,0,50.08,101.02,151.00,1393.00,0,0,0
2023-08-28T00:16:02Z,21.89,67.75,99,0,49.95,101.02,151.00,1393.00,null,null,null
2023-08-28T00:17:02Z,21.90,67.74,99,0,50.25,101.02,151.00,1393.00,null,null,null
2023-08-28T00:18:02Z,21.90,67.68,99,0,48.43,101.02,153.00,1408.00,null,null,null
2023-08-28T00:19:02Z,21.89,67.65,99,0,51.12,101.02,153.00,1408.00,null,null,null
2023-08-28T00:20:02Z,21.89,67.65,99,0,47.14,101.02,153.00,1408.00,0,0,0
2023-08-28T00:21:02Z,21.90,67.61,99,0,47.70,101.02,153.00,1408.00,null,null,null
2023-08-28T00:22:02Z,21.93,67.56,99,0,48.12,101.02,153.00,1408.00,null,null,null
2023-08-28T00:23:02Z,21.92,67.51,99,0,50.31,101.02,153.00,1408.00,null,null,null
2023-08-28T00:24:02Z,21.93,67.47,99,0,48.15,101.02,153.00,1408.00,null,null,null
2023-08-28T00:25:02Z,21.92,67.47,99,0,48.14,101.02,153.00,1408.00,0,0,0
2023-08-28T00:26:02Z,21.92,67.44,99,0,49.95,101.01,153.00,1408.00,null,null,null
2023-08-28T00:27:02Z,21.96,67.40,99,0,49.50,101.02,153.00,1408.00,null,null,null
2023-08-28T00:28:02Z,21.93,67.37,99,0,45.01,101.02,153.00,1408.00,null,null,null
2023-08-28T00:29:02Z,21.93,67.36,99,0,48.39,101.01,153.00,1408.00,null,null,null
2023-08-28T00:30:02Z,21.94,67.31,99,0,49.30,101.01,158.00,1441.00,0,0,0
2023-08-28T00:31:02Z,21.94,67.32,99,0,48.71,101.02,166.00,1491.00,null,null,null
2023-08-28T00:32:02Z,21.93,67.30,99,0,49.03,101.02,171.00,1499.00,null,null,null
2023-08-28T00:33:02Z,21.96,67.21,99,0,44.95,101.01,178.00,1509.00,null,null,null
2023-08-28T00:34:02Z,21.94,67.22,99,0,50.33,101.02,183.00,1517.00,null,null,null
2023-08-28T00:35:02Z,21.93,67.19,99,0,47.77,101.02,186.00,1521.00,0,0,0
2023-08-28T00:36:02Z,21.96,67.16,99,0,49.80,101.02,186.00,1521.00,null,null,null
2023-08-28T00:37:02Z,21.99,67.13,99,0,48.54,101.01,183.00,1517.00,null,null,null
2023-08-28T00:38:02Z,21.96,67.15,99,0,47.49,101.02,186.00,1521.00,null,null,null
2023-08-28T00:39:02Z,21.93,67.05,99,0,51.13,101.01,183.00,1517.00,null,null,null
2023-08-28T00:40:02Z,21.94,67.09,99,0,49.03,101.01,183.00,1517.00,0,0,0
2023-08-28T00:41:02Z,21.96,67.06,99,0,49.79,101.01,183.00,1517.00,null,null,null
2023-08-28T00:42:02Z,21.97,67.04,99,0,49.78,101.02,183.00,1517.00,null,null,null
2023-08-28T00:43:02Z,21.97,67.02,99,0,50.99,101.01,183.00,1517.00,null,null,null
2023-08-28T00:44:02Z,21.97,66.98,99,0,49.15,101.01,183.00,1517.00,null,null,null
2023-08-28T00:45:02Z,21.97,66.96,99,0,48.49,101.01,180.00,1513.00,0,0,0
2023-08-28T00:46:02Z,21.97,66.93,99,0,47.98,101.01,180.00,1513.00,null,null,null
2023-08-28T00:47:02Z,21.96,66.89,99,0,47.80,101.01,177.00,1507.00,null,null,null
2023-08-28T00:48:02Z,21.99,66.89,99,0,47.95,101.01,180.00,1513.00,null,null,null
2023-08-28T00:49:02Z,21.97,66.88,99,0,45.80,101.01,177.00,1507.00,null,null,null
2023-08-28T00:50:02Z,21.99,66.84,99,0,46.36,101.01,177.00,1507.00,0,0,0
2023-08-28T00:51:02Z,21.97,66.82,99,0,47.23,101.02,177.00,1507.00,null,null,null
2023-08-28T00:52:02Z,21.99,66.77,99,0,48.92,101.01,173.00,1502.00,null,null,null
2023-08-28T00:53:02Z,21.96,66.77,99,0,51.25,101.02,173.00,1502.00,null,null,null
2023-08-28T00:54:02Z,21.99,66.72,99,0,46.76,101.01,173.00,1502.00,null,null,null
2023-08-28T00:55:02Z,21.97,66.74,99,0,49.53,101.01,175.00,1505.00,0,0,0
2023-08-28T00:56:02Z,21.99,66.73,99,0,49.94,101.01,172.00,1501.00,null,null,null
2023-08-28T00:57:02Z,21.99,66.70,99,0,47.09,101.01,175.00,1505.00,null,null,null
2023-08-28T00:58:02Z,22.00,66.71,99,0,48.02,101.01,175.00,1505.00,null,null,null
2023-08-28T00:59:02Z,21.97,66.65,99,0,48.76,101.02,175.00,1505.00,null,null,null
2023-08-28T01:00:02Z,21.96,66.62,99,0,46.47,101.02,175.00,1505.00,0,0,0
2023-08-28T01:01:02Z,22.02,66.62,99,0,48.85,101.02,175.00,1505.00,null,null,null
2023-08-28T01:02:02Z,21.99,66.55,99,0,48.38,101.02,172.00,1501.00,null,null,null
2023-08-28T01:03:02Z,22.00,66.55,99,0,47.09,101.02,172.00,1501.00,null,null,null
2023-08-28T01:04:02Z,21.99,66.54,99,0,50.95,101.02,172.00,1501.00,null,null,null
2023-08-28T01:05:02Z,22.00,66.53,99,0,48.10,101.02,172.00,1501.00,0,0,0
2023-08-28T01:06:02Z,22.00,66.49,99,0,51.23,101.02,172.00,1501.00,null,null,null
2023-08-28T01:07:02Z,22.00,66.49,99,0,46.94,101.02,172.00,1501.00,null,null,null
2023-08-28T01:08:02Z,21.99,66.47,99,0,49.20,101.02,170.00,1497.00,null,null,null
2023-08-28T01:09:02Z,21.99,66.47,99,0,47.65,101.02,170.00,1497.00,null,null,null
2023-08-28T01:10:02Z,21.99,66.44,99,0,47.31,101.02,170.00,1497.00,0,0,0
2023-08-28T01:11:02Z,21.99,66.43,99,0,50.13,101.02,166.00,1491.00,null,null,null
2023-08-28T01:12:02Z,22.00,66.41,99,0,51.74,101.01,170.00,1497.00,null,null,null
2023-08-28T01:13:02Z,21.99,66.39,99,0,52.65,101.01,170.00,1497.00,null,null,null
2023-08-28T01:14:02Z,22.02,66.38,99,0,48.05,101.01,170.00,1497.00,null,null,null
2023-08-28T01:15:02Z,21.99,66.35,99,0,49.11,101.01,166.00,1491.00,0,0,0
2023-08-28T01:16:02Z,21.99,66.31,99,0,46.13,101.01,163.00,1470.00,null,null,null
2023-08-28T01:17:02Z,22.00,66.27,99,0,48.50,101.01,166.00,1491.00,null,null,null
2023-08-28T01:18:02Z,21.99,66.34,99,0,51.38,101.01,166.00,1491.00,null,null,null
2023-08-28T01:19:02Z,21.97,66.26,99,0,48.48,101.01,166.00,1491.00,null,null,null
2023-08-28T01:20:02Z,21.99,66.25,99,0,52.17,101.01,166.00,1491.00,0,0,0
2023-08-28T01:21:02Z,22.00,66.23,99,0,49.58,101.01,163.00,1470.00,null,null,null
2023-08-28T01:22:02Z,22.00,66.22,99,0,48.72,101.01,165.00,1487.00,null,null,null
2023-08-28T01:23:02Z,22.00,66.22,99,0,50.90,101.01,165.00,1487.00,null,null,null
2023-08-28T01:24:02Z,22.00,66.19,99,0,49.07,101.01,165.00,1487.00,null,null,null
2023-08-28T01:25:02Z,21.97,66.22,99,0,50.57,101.02,168.00,1495.00,0,0,0
2023-08-28T01:26:02Z,22.02,66.17,99,0,49.68,101.01,172.00,1501.00,null,null,null
2023-08-28T01:27:02Z,22.00,66.13,99,0,49.71,101.01,172.00,1501.00,null,null,null
2023-08-28T01:28:02Z,21.99,66.16,99,0,49.98,101.02,175.00,1505.00,null,null,null
2023-08-28T01:29:02Z,21.99,66.13,99,0,46.88,101.02,175.00,1505.00,null,null,null
2023-08-28T01:30:02Z,21.97,66.10,99,0,48.37,101.02,175.00,1505.00,0,0,0
2023-08-28T01:31:02Z,22.02,66.13,99,0,51.68,101.02,172.00,1501.00,null,null,null
2023-08-28T01:32:02Z,22.00,66.10,99,0,48.84,101.02,175.00,1505.00,null,null,null
2023-08-28T01:33:02Z,21.99,66.10,99,0,48.46,101.01,175.00,1505.00,null,null,null
2023-08-28T01:34:02Z,22.02,66.10,99,0,47.87,101.02,175.00,1505.00,null,null,null
2023-08-28T01:35:02Z,21.97,66.05,99,0,49.85,101.02,172.00,1501.00,0,0,0
2023-08-28T01:36:02Z,21.99,66.05,99,0,48.50,101.02,168.00,1495.00,null,null,null
2023-08-28T01:37:02Z,22.00,66.03,99,0,50.65,101.02,172.00,1501.00,null,null,null
2023-08-28T01:38:02Z,21.99,66.01,99,0,47.73,101.02,172.00,1501.00,null,null,null
2023-08-28T01:39:02Z,21.99,66.01,99,0,47.51,101.02,168.00,1495.00,null,null,null
2023-08-28T01:40:02Z,21.97,65.97,99,0,47.19,101.02,168.00,1495.00,0,0,0
2023-08-28T01:41:02Z,21.97,65.97,99,0,49.82,101.02,165.00,1487.00,null,null,null
2023-08-28T01:42:02Z,21.99,65.99,99,0,45.78,101.02,168.00,1495.00,null,null,null
2023-08-28T01:43:02Z,22.00,65.93,99,0,49.08,101.02,168.00,1495.00,null,null,null
2023-08-28T01:44:02Z,21.99,65.93,99,0,49.04,101.02,168.00,1495.00,null,null,null
2023-08-28T01:45:02Z,21.97,65.93,99,0,50.40,101.02,168.00,1495.00,0,0,0
2023-08-28T01:46:02Z,21.97,65.90,99,0,49.62,101.02,165.00,1487.00,null,null,null
2023-08-28T01:47:02Z,21.99,65.88,99,0,48.62,101.02,168.00,1495.00,null,null,null
2023-08-28T01:48:02Z,21.97,65.87,99,0,47.77,101.02,165.00,1487.00,null,null,null
2023-08-28T01:49:02Z,21.97,65.90,99,0,50.09,101.02,168.00,1495.00,null,null,null
2023-08-28T01:50:02Z,21.97,65.88,99,0,47.21,101.02,165.00,1487.00,0,0,0
2023-08-28T01:51:02Z,21.99,65.84,99,0,48.60,101.02,163.00,1470.00,null,null,null
2023-08-28T01:52:02Z,21.99,65.85,99,0,48.96,101.02,165.00,1487.00,null,null,null
2023-08-28T01:53:02Z,21.97,65.82,99,0,48.12,101.01,163.00,1470.00,null,null,null
2023-08-28T01:54:02Z,22.00,65.81,99,0,51.27,101.02,163.00,1470.00,null,null,null
2023-08-28T01:55:02Z,21.96,65.77,99,0,47.92,101.01,163.00,1470.00,0,0,0
2023-08-28T01:56:02Z,21.97,65.79,99,0,47.29,101.01,163.00,1470.00,null,null,null
2023-08-28T01:57:02Z,21.97,65.79,99,0,48.83,101.02,163.00,1470.00,null,null,null
2023-08-28T01:58:02Z,21.97,65.75,99,0,50.99,101.02,163.00,1470.00,null,null,null
2023-08-28T01:59:02Z,21.97,65.75,99,0,50.68,101.02,160.00,1453.00,null,null,null
2023-08-28T02:00:02Z,21.97,65.75,99,0,49.12,101.01,160.00,1453.00,0,0,0
2023-08-28T02:01:02Z,21.99,65.78,99,0,46.81,101.02,160.00,1453.00,null,null,null
2023-08-28T02:02:02Z,21.99,65.71,99,0,52.36,101.02,160.00,1453.00,null,null,null
2023-08-28T02:03:02Z,21.96,65.72,99,0,51.80,101.01,162.00,1465.00,null,null,null
2023-08-28T02:04:02Z,21.94,65.76,99,0,47.78,101.01,162.00,1465.00,null,null,null
2023-08-28T02:05:02Z,21.96,65.70,99,0,48.77,101.01,160.00,1453.00,0,0,0
2023-08-28T02:06:02Z,21.99,65.72,99,0,51.00,101.01,158.00,1441.00,null,null,null
2023-08-28T02:07:02Z,21.94,65.71,99,0,47.76,101.01,162.00,1465.00,null,null,null
2023-08-28T02:08:02Z,21.96,65.71,99,0,47.23,101.01,162.00,1465.00,null,null,null
2023-08-28T02:09:02Z,21.96,65.71,99,0,50.91,101.01,162.00,1465.00,null,null,null
2023-08-28T02:10:02Z,21.96,65.69,99,0,48.16,101.01,158.00,1441.00,0,0,0
2023-08-28T02:11:02Z,21.96,65.63,99,0,49.36,101.01,156.00,1425.00,null,null,null
2023-08-28T02:12:02Z,21.96,65.62,99,0,47.21,101.01,158.00,1441.00,null,null,null
2023-08-28T02:13:02Z,21.97,65.62,99,0,48.14,101.01,158.00,1441.00,null,null,null
2023-08-28T02:14:02Z,21.94,65.60,99,0,50.07,101.01,158.00,1441.00,null,null,null
2023-08-28T02:15:02Z,21.94,65.63,99,0,46.20,101.01,158.00,1441.00,0,0,0
2023-08-28T02:16:02Z,21.96,65.56,99,0,46.18,101.01,156.00,1425.00,null,null,null
2023-08-28T02:17:02Z,21.96,65.60,99,0,48.06,101.01,156.00,1425.00,null,null,null
2023-08-28T02:18:02Z,21.97,65.56,99,0,48.71,101.01,158.00,1441.00,null,null,null
2023-08-28T02:19:02Z,21.94,65.55,99,0,46.87,101.00,156.00,1425.00,null,null,null
2023-08-28T02:20:02Z,21.94,65.57,99,0,47.89,101.01,152.00,1400.00,0,0,0
2023-08-28T02:21:02Z,21.97,65.56,99,0,47.58,101.00,152.00,1400.00,null,null,null
2023-08-28T02:22:02Z,21.94,65.53,99,0,49.33,101.01,152.00,1400.00,null,null,null
2023-08-28T02:23:02Z,21.94,65.52,99,0,49.69,101.01,156.00,1425.00,null,null,null
2023-08-28T02:24:02Z,21.94,65.53,99,0,49.45,101.01,152.00,1400.00,null,null,null
2023-08-28T02:25:02Z,21.92,65.58,99,0,49.90,101.01,152.00,1400.00,0,0,0
2023-08-28T02:26:02Z,21.92,65.51,99,0,49.99,101.01,149.00,1380.00,null,null,null
2023-08-28T02:27:02Z,21.94,65.53,99,0,49.17,101.01,152.00,1400.00,null,null,null
2023-08-28T02:28:02Z,21.96,65.50,99,0,53.05,101.00,149.00,1380.00,null,null,null
2023-08-28T02:29:02Z,21.94,65.47,99,0,51.17,101.00,152.00,1400.00,null,null,null
2023-08-28T02:30:02Z,21.93,65.52,99,0,47.84,101.01,149.00,1380.00,0,0,0
2023-08-28T02:31:02Z,21.94,65.51,99,0,47.60,101.01,149.00,1380.00,null,null,null
2023-08-28T02:32:02Z,21.93,65.46,99,0,48.69,101.01,149.00,1380.00,null,null,null
2023-08-28T02:33:02Z,21.93,65.48,99,0,48.32,101.00,149.00,1380.00,null,null,null
2023-08-28T02:34:02Z,21.93,65.44,99,0,48.08,101.01,156.00,1425.00,null,null,null
2023-08-28T02:35:02Z,21.93,65.42,99,0,49.67,101.01,158.00,1441.00,0,0,0
2023-08-28T02:36:02Z,21.92,65.44,99,0,49.91,101.01,158.00,1441.00,null,null,null
2023-08-28T02:37:02Z,21.93,65.38,99,0,48.59,101.01,162.00,1465.00,null,null,null
2023-08-28T02:38:02Z,21.92,65.42,99,0,46.24,101.01,162.00,1465.00,null,null,null
2023-08-28T02:39:02Z,21.92,65.42,99,0,45.84,101.01,164.00,1482.00,null,null,null
2023-08-28T02:40:02Z,21.92,65.46,99,0,49.94,101.01,164.00,1482.00,0,0,0
2023-08-28T02:41:02Z,21.92,65.41,99,0,46.73,101.01,162.00,1465.00,null,null,null
2023-08-28T02:42:02Z,21.93,65.36,99,0,48.01,101.01,162.00,1465.00,null,null,null
2023-08-28T02:43:02Z,21.93,65.36,99,0,51.55,101.01,162.00,1465.00,null,null,null
2023-08-28T02:44:02Z,21.92,65.38,99,0,47.46,101.01,162.00,1465.00,null,null,null
2023-08-28T02:45:02Z,21.90,65.36,99,0,45.07,101.01,162.00,1465.00,0,0,0
2023-08-28T02:46:02Z,21.93,65.34,99,0,49.16,101.01,156.00,1425.00,null,null,null
2023-08-28T02:47:02Z,21.94,65.34,99,0,50.44,101.01,162.00,1465.00,null,null,null
2023-08-28T02:48:02Z,21.92,65.33,99,0,48.00,101.00,158.00,1441.00,null,null,null
2023-08-28T02:49:02Z,21.89,65.35,99,0,47.35,101.00,158.00,1441.00,null,null,null
2023-08-28T02:50:02Z,21.90,65.32,99,0,50.54,101.01,158.00,1441.00,0,0,0
2023-08-28T02:51:02Z,21.90,65.39,99,0,46.84,101.01,156.00,1425.00,null,null,null
2023-08-28T02:52:02Z,21.92,65.33,99,0,48.14,101.01,162.00,1465.00,null,null,null
2023-08-28T02:53:02Z,21.89,65.24,99,0,49.54,101.01,156.00,1425.00,null,null,null
2023-08-28T02:54:02Z,21.92,65.32,99,0,50.76,101.01,157.00,1436.00,null,null,null
2023-08-28T02:55:02Z,21.89,65.28,99,0,50.39,101.01,156.00,1425.00,0,0,0
2023-08-28T02:56:02Z,21.89,65.30,99,0,52.41,101.01,152.00,1400.00,null,null,null
2023-08-28T02:57:02Z,21.90,65.30,99,0,48.62,101.01,152.00,1400.00,null,null,null
2023-08-28T02:58:02Z,21.92,65.25,99,0,51.08,101.01,152.00,1400.00,null,null,null
2023-08-28T02:59:02Z,21.89,65.29,99,0,48.05,101.01,156.00,1425.00,null,null,null
