TIME,TEMP,HUM,BATT,LIGHT,NOISE_A,PRESS,CCS811_VOCS,CCS811_ECO2,PM_1,PM_25,PM_10
ISO 8601,C,%,%,Lux,dBA,kPa,ppb,ppm,ug/m3,ug/m3,ug/m3
Time,Temperature,Humidity,Battery,Light,Noise dBA,Barometric pressure,VOC Gas CCS811,eCO2 Gas CCS811,PM 1.0,PM 2.5,PM 10.0
,55,56,10,14,53,58,113,112,89,87,88
2023-09-18T00:00:03Z,24.71,57.72,69,0,33.14,100.18,5.00,435.00,0,0,0
2023-09-18T00:01:03Z,24.72,57.71,69,0,30.97,100.18,5.00,435.00,null,null,null
2023-09-18T00:02:03Z,24.72,57.68,69,0,33.45,100.18,6.00,441.00,null,null,null
2023-09-18T00:03:03Z,24.75,57.71,69,0,29.83,100.16,6.00,441.00,null,null,null
2023-09-18T00:04:03Z,24.73,57.75,69,0,33.82,100.16,5.00,434.00,null,null,null
2023-09-18T00:05:03Z,24.73,57.73,69,0,33.82,100.15,5.00,435.00,0,0,0
2023-09-18T00:06:03Z,24.72,57.73,69,0,36.34,100.16,6.00,441.00,null,null,null
2023-09-18T00:07:03Z,24.73,57.71,69,0,32.35,100.17,6.00,441.00,null,null,null
2023-09-18T00:08:03Z,24.75,57.72,69,0,33.76,100.16,6.00,441.00,null,null,null
2023-09-18T00:09:03Z,24.72,57.73,69,0,33.45,100.15,5.00,434.00,null,null,null
2023-09-18T00:10:03Z,24.71,57.75,69,0,37.61,100.15,6.00,441.00,0,0,0
2023-09-18T00:11:03Z,24.72,57.75,69,0,33.68,100.14,5.00,435.00,null,null,null
2023-09-18T00:12:03Z,24.72,57.71,69,0,34.06,100.14,5.00,435.00,null,null,null
2023-09-18T00:13:03Z,24.72,57.71,69,0,30.46,100.14,6.00,441.00,null,null,null
2023-09-18T00:14:03Z,24.69,57.73,69,0,28.48,100.14,6.00,441.00,null,null,null
2023-09-18T00:15:03Z,24.71,57.72,69,0,28.31,100.14,6.00,441.00,0,0,0
2023-09-18T00:16:03Z,24.71,57.76,69,0,34.07,100.12,6.00,441.00,null,null,null
2023-09-18T00:17:03Z,24.71,57.72,69,0,32.23,100.11,5.00,435.00,null,null,null
2023-09-18T00:18:03Z,24.71,57.71,69,0,30.82,100.12,6.00,441.00,null,null,null
2023-09-18T00:19:03Z,24.72,57.76,69,0,28.77,100.12,6.00,441.00,null,null,null
2023-09-18T00:20:03Z,24.72,57.73,69,0,31.70,100.12,5.00,435.00,0,0,0
2023-09-18T00:21:03Z,24.71,57.76,69,0,30.81,100.10,6.00,441.00,null,null,null
2023-09-18T00:22:03Z,24.71,57.71,69,0,30.93,100.10,5.00,435.00,null,null,null
2023-09-18T00:23:03Z,24.69,57.75,69,0,27.75,100.09,6.00,441.00,null,null,null
2023-09-18T00:24:03Z,24.69,57.76,69,0,29.08,100.08,5.00,435.00,null,null,null
2023-09-18T00:25:03Z,24.71,57.78,69,0,32.30,100.07,5.00,435.00,0,0,0
2023-09-18T00:26:03Z,24.69,57.74,69,0,31.17,100.07,5.00,435.00,null,null,null
2023-09-18T00:27:03Z,24.72,57.73,69,0,31.67,100.06,6.00,441.00,null,null,null
2023-09-18T00:28:03Z,24.69,57.78,69,0,30.29,100.05,6.00,441.00,null,null,null
2023-09-18T00:29:03Z,24.69,57.77,69,0,32.97,100.05,5.00,435.00,null,null,null
2023-09-18T00:30:03Z,24.68,57.78,69,0,34.16,100.05,5.00,435.00,0,0,0
2023-09-18T00:31:03Z,24.71,57.73,69,0,28.84,100.06,5.00,439.00,null,null,null
2023-09-18T00:32:03Z,24.69,57.74,69,0,30.08,100.05,6.00,441.00,null,null,null
2023-09-18T00:33:03Z,24.69,57.78,69,0,30.22,100.05,6.00,444.00,null,null,null
2023-09-18T00:34:03Z,24.71,57.80,69,0,28.37,100.05,5.00,435.00,null,null,null
2023-09-18T00:35:03Z,24.68,57.78,69,0,32.59,100.05,5.00,439.00,0,0,0
2023-09-18T00:36:03Z,24.66,57.76,69,0,30.29,100.05,5.00,435.00,null,null,null
2023-09-18T00:37:03Z,24.68,57.80,69,0,32.36,100.05,5.00,439.00,null,null,null
2023-09-18T00:38:03Z,24.68,57.79,69,0,28.68,100.04,5.00,435.00,null,null,null
2023-09-18T00:39:03Z,24.71,57.84,69,0,31.26,100.04,5.00,439.00,null,null,null
2023-09-18T00:40:03Z,24.66,57.80,69,0,33.17,100.04,5.00,439.00,0,0,0
2023-09-18T00:41:03Z,24.68,57.77,69,0,29.56,100.04,5.00,435.00,null,null,null
2023-09-18T00:42:03Z,24.68,57.74,68,0,25.41,100.04,5.00,435.00,null,null,null
2023-09-18T00:43:03Z,24.68,57.79,69,0,33.06,100.04,6.00,441.00,null,null,null
2023-09-18T00:44:03Z,24.66,57.80,69,0,33.68,100.04,5.00,435.00,null,null,null
2023-09-18T00:45:03Z,24.68,57.82,69,0,32.47,100.04,5.00,435.00,0,0,0
2023-09-18T00:46:03Z,24.68,57.80,69,0,32.13,100.03,5.00,439.00,null,null,null
2023-09-18T00:47:03Z,24.68,57.77,68,0,28.64,100.03,5.00,435.00,null,null,null
2023-09-18T00:48:03Z,24.68,57.81,69,0,29.33,100.02,5.00,435.00,null,null,null
2023-09-18T00:49:03Z,24.65,57.85,68,0,30.75,100.02,5.00,435.00,null,null,null
2023-09-18T00:50:03Z,24.64,57.80,68,0,33.13,100.02,5.00,435.00,0,0,0
2023-09-18T00:51:03Z,24.66,57.80,68,0,30.89,100.02,5.00,435.00,null,null,null
2023-09-18T00:52:03Z,24.65,57.81,68,0,30.19,100.02,5.00,435.00,null,null,null
2023-09-18T00:53:03Z,24.65,57.77,68,0,30.96,100.01,5.00,435.00,null,null,null
2023-09-18T00:54:03Z,24.64,57.84,68,0,30.10,100.02,5.00,435.00,null,null,null
2023-09-18T00:55:03Z,24.64,57.84,68,0,31.92,100.02,5.00,435.00,0,0,0
2023-09-18T00:56:03Z,24.65,57.87,68,0,29.28,100.02,5.00,439.00,null,null,null
2023-09-18T00:57:03Z,24.66,57.80,68,0,31.25,100.02,5.00,435.00,null,null,null
2023-09-18T00:58:03Z,24.66,57.81,68,0,29.13,100.02,5.00,435.00,null,null,null
2023-09-18T00:59:03Z,24.64,57.82,68,0,30.73,100.02,5.00,435.00,null,null,null
2023-09-18T01:00:03Z,24.66,57.86,68,0,32.47,100.02,5.00,435.00,0,0,0
2023-09-18T01:01:03Z,24.64,57.86,68,0,30.86,100.01,5.00,435.00,null,null,null
2023-09-18T01:02:03Z,24.66,57.81,68,0,30.36,100.01,5.00,439.00,null,null,null
2023-09-18T01:03:03Z,24.64,57.81,68,0,32.12,100.01,5.00,435.00,null,null,null
2023-09-18T01:04:03Z,24.65,57.83,68,0,31.82,100.01,5.00,435.00,null,null,null
2023-09-18T01:05:03Z,24.65,57.87,68,0,31.71,100.01,5.00,439.00,0,0,0
2023-09-18T01:06:03Z,24.65,57.84,68,0,30.01,100.01,5.00,435.00,null,null,null
2023-09-18T01:07:03Z,24.64,57.86,68,0,33.64,100.01,5.00,435.00,null,null,null
2023-09-18T01:08:03Z,24.62,57.91,68,0,30.81,100.01,5.00,435.00,null,null,null
2023-09-18T01:09:03Z,24.62,57.86,68,0,28.11,100.00,5.00,435.00,null,null,null
2023-09-18T01:10:03Z,24.59,57.87,68,0,30.86,100.00,5.00,435.00,0,0,0
2023-09-18T01:11:03Z,24.62,57.88,68,0,28.25,100.00,5.00,435.00,null,null,null
2023-09-18T01:12:03Z,24.64,57.82,68,0,33.39,100.00,5.00,435.00,null,null,null
2023-09-18T01:13:03Z,24.64,57.87,68,0,30.53,100.00,5.00,435.00,null,null,null
2023-09-18T01:14:03Z,24.64,57.89,68,0,31.24,100.00,5.00,435.00,null,null,null
2023-09-18T01:15:03Z,24.61,57.89,68,0,32.94,100.00,5.00,435.00,0,0,0
2023-09-18T01:16:03Z,24.65,57.84,68,0,30.52,99.99,5.00,435.00,null,null,null
2023-09-18T01:17:03Z,24.64,57.88,68,0,29.70,99.99,5.00,435.00,null,null,null
2023-09-18T01:18:03Z,24.62,57.86,68,0,28.42,99.99,5.00,435.00,null,null,null
2023-09-18T01:19:03Z,24.62,57.90,68,0,29.81,99.98,5.00,435.00,null,null,null
2023-09-18T01:20:03Z,24.61,57.93,68,0,31.20,99.98,5.00,435.00,0,0,0
2023-09-18T01:21:03Z,24.61,57.87,68,0,31.97,99.99,5.00,435.00,null,null,null
2023-09-18T01:22:03Z,24.59,57.83,68,0,32.68,99.98,5.00,435.00,null,null,null
2023-09-18T01:23:03Z,24.61,57.90,68,0,29.57,99.98,5.00,435.00,null,null,null
2023-09-18T01:24:03Z,24.59,57.87,68,0,30.57,99.98,5.00,435.00,null,null,null
2023-09-18T01:25:03Z,24.61,57.94,68,0,30.07,99.97,5.00,435.00,0,0,0
2023-09-18T01:26:03Z,24.59,57.93,68,0,31.22,99.97,5.00,435.00,null,null,null
2023-09-18T01:27:03Z,24.61,57.89,68,0,31.92,99.97,5.00,435.00,null,null,null
2023-09-18T01:28:03Z,24.59,57.89,68,0,30.31,99.96,5.00,435.00,null,null,null
2023-09-18T01:29:03Z,24.59,57.90,68,0,29.61,99.96,5.00,435.00,null,null,null
2023-09-18T01:30:03Z,24.59,57.93,68,0,34.78,99.95,5.00,435.00,0,0,0
2023-09-18T01:31:03Z,24.59,57.93,68,0,32.30,99.94,5.00,435.00,null,null,null
2023-09-18T01:32:03Z,24.58,57.93,68,0,31.79,99.93,5.00,435.00,null,null,null
2023-09-18T01:33:03Z,24.61,57.93,68,0,28.67,99.93,5.00,435.00,null,null,null
2023-09-18T01:34:03Z,24.59,57.93,68,0,27.57,99.93,5.00,435.00,null,null,null
2023-09-18T01:35:03Z,24.57,57.94,68,0,31.77,99.93,5.00,435.00,0,0,0
2023-09-18T01:36:03Z,24.58,57.90,68,0,30.75,99.93,5.00,435.00,null,null,null
2023-09-18T01:37:03Z,24.59,57.91,68,0,30.08,99.93,5.00,435.00,null,null,null
2023-09-18T01:38:03Z,24.59,57.92,68,0,30.25,99.93,5.00,435.00,null,null,null
2023-09-18T01:39:03Z,24.58,57.93,68,0,30.27,99.92,5.00,435.00,null,null,null
2023-09-18T01:40:03Z,24.58,57.95,68,0,31.12,99.91,5.00,435.00,0,0,0
2023-09-18T01:41:03Z,24.59,57.94,67,0,29.48,99.92,5.00,435.00,null,null,null
2023-09-18T01:42:03Z,24.57,57.93,67,0,34.80,99.91,5.00,435.00,null,null,null
2023-09-18T01:43:03Z,24.57,57.94,68,0,29.49,99.91,5.00,435.00,null,null,null
2023-09-18T01:44:03Z,24.59,57.95,68,0,27.38,99.90,5.00,435.00,null,null,null
2023-09-18T01:45:03Z,24.57,57.95,68,0,31.64,99.90,5.00,435.00,0,0,0
2023-09-18T01:46:03Z,24.59,57.91,67,0,29.57,99.89,4.00,428.00,null,null,null
2023-09-18T01:47:03Z,24.57,57.93,67,0,27.69,99.89,5.00,435.00,null,null,null
2023-09-18T01:48:03Z,24.58,57.94,68,0,29.33,99.89,5.00,435.00,null,null,null
2023-09-18T01:49:03Z,24.58,57.98,67,0,31.11,99.88,5.00,435.00,null,null,null
2023-09-18T01:50:03Z,24.57,57.98,67,0,33.34,99.88,5.00,435.00,0,0,0
2023-09-18T01:51:03Z,24.57,57.98,67,0,31.08,99.88,3.00,424.00,null,null,null
2023-09-18T01:52:03Z,24.58,57.91,67,0,31.70,99.88,5.00,435.00,null,null,null
2023-09-18T01:53:03Z,24.58,57.96,67,0,30.29,99.87,5.00,435.00,null,null,null
2023-09-18T01:54:03Z,24.55,57.96,67,0,29.40,99.87,5.00,435.00,null,null,null
2023-09-18T01:55:03Z,24.55,57.99,67,0,29.54,99.86,4.00,428.00,0,0,0
2023-09-18T01:56:03Z,24.57,57.99,67,0,30.30,99.86,4.00,428.00,null,null,null
2023-09-18T01:57:03Z,24.58,58.00,67,0,30.11,99.86,4.00,428.00,null,null,null
2023-09-18T01:58:03Z,24.55,58.00,67,0,29.32,99.86,5.00,435.00,null,null,null
2023-09-18T01:59:03Z,24.55,57.98,67,0,31.27,99.85,5.00,435.00,null,null,null
2023-09-18T02:00:03Z,24.55,57.99,67,0,30.28,99.86,4.00,428.00,0,0,0
2023-09-18T02:01:03Z,24.57,58.00,67,0,32.07,99.86,4.00,428.00,null,null,null
2023-09-18T02:02:03Z,24.57,57.97,67,0,32.37,99.86,4.00,428.00,null,null,null
2023-09-18T02:03:03Z,24.55,57.99,67,0,27.47,99.86,5.00,435.00,null,null,null
2023-09-18T02:04:03Z,24.54,58.02,67,0,30.11,99.87,5.00,435.00,null,null,null
2023-09-18T02:05:03Z,24.54,57.99,67,0,30.60,99.88,4.00,428.00,0,0,0
2023-09-18T02:06:03Z,24.55,58.00,67,0,30.45,99.89,3.00,424.00,null,null,null
2023-09-18T02:07:03Z,24.54,58.01,67,0,27.20,99.89,5.00,435.00,null,null,null
2023-09-18T02:08:03Z,24.52,58.02,67,0,32.90,99.88,5.00,435.00,null,null,null
2023-09-18T02:09:03Z,24.51,58.02,67,0,30.37,99.88,4.00,428.00,null,null,null
2023-09-18T02:10:03Z,24.54,58.01,67,0,29.11,99.88,4.00,428.00,0,0,0
2023-09-18T02:11:03Z,24.54,58.01,67,0,29.67,99.88,3.00,424.00,null,null,null
2023-09-18T02:12:03Z,24.54,57.98,67,0,30.14,99.88,4.00,428.00,null,null,null
2023-09-18T02:13:03Z,24.52,57.99,67,0,29.73,99.87,4.00,428.00,null,null,null
2023-09-18T02:14:03Z,24.55,58.03,67,0,30.49,99.88,4.00,428.00,null,null,null
2023-09-18T02:15:03Z,24.52,58.04,67,0,29.92,99.87,4.00,428.00,0,0,0
2023-09-18T02:16:03Z,24.54,58.00,67,0,32.08,99.87,3.00,424.00,null,null,null
2023-09-18T02:17:03Z,24.54,58.02,67,0,32.23,99.87,4.00,428.00,null,null,null
2023-09-18T02:18:03Z,24.52,57.99,67,0,32.03,99.86,4.00,428.00,null,null,null
2023-09-18T02:19:03Z,24.52,58.03,67,0,26.93,99.87,4.00,428.00,null,null,null
2023-09-18T02:20:03Z,24.50,58.04,67,0,31.82,99.87,4.00,428.00,0,0,0
2023-09-18T02:21:03Z,24.55,58.03,67,0,31.97,99.87,3.00,424.00,null,null,null
2023-09-18T02:22:03Z,24.52,58.04,67,0,30.06,99.87,4.00,428.00,null,null,null
2023-09-18T02:23:03Z,24.52,58.02,67,0,31.59,99.88,4.00,428.00,null,null,null
2023-09-18T02:24:03Z,24.52,58.04,67,0,30.53,99.87,5.00,435.00,null,null,null
2023-09-18T02:25:03Z,24.50,58.04,67,0,32.78,99.87,4.00,428.00,0,0,0
2023-09-18T02:26:03Z,24.52,58.05,67,0,31.74,99.88,3.00,424.00,null,null,null
2023-09-18T02:27:03Z,24.51,58.05,67,0,32.08,99.88,3.00,424.00,null,null,null
2023-09-18T02:28:03Z,24.52,58.08,67,0,29.20,99.87,3.00,424.00,null,null,null
2023-09-18T02:29:03Z,24.50,58.07,67,0,31.36,99.87,3.00,424.00,null,null,null
2023-09-18T02:30:03Z,24.54,58.04,67,0,32.77,99.87,3.00,424.00,0,0,0
2023-09-18T02:31:03Z,24.50,58.05,66,0,31.82,99.87,3.00,424.00,null,null,null
2023-09-18T02:32:03Z,24.51,58.05,66,0,32.12,99.87,3.00,424.00,null,null,null
2023-09-18T02:33:03Z,24.52,58.06,66,0,30.27,99.87,3.00,424.00,null,null,null
2023-09-18T02:34:03Z,24.50,58.08,67,0,29.37,99.87,3.00,424.00,null,null,null
2023-09-18T02:35:03Z,24.52,58.07,67,0,33.36,99.87,3.00,424.00,0,0,0
2023-09-18T02:36:03Z,24.51,58.09,67,0,31.49,99.86,3.00,424.00,null,null,null
2023-09-18T02:37:03Z,24.51,58.08,67,0,29.44,99.86,4.00,428.00,null,null,null
2023-09-18T02:38:03Z,24.51,58.06,67,0,32.51,99.86,4.00,428.00,null,null,null
2023-09-18T02:39:03Z,24.51,58.08,66,0,31.68,99.87,4.00,428.00,null,null,null
2023-09-18T02:40:03Z,24.48,58.12,67,0,32.60,99.86,3.00,424.00,0,0,0
2023-09-18T02:41:03Z,24.48,58.08,66,0,30.62,99.87,3.00,424.00,null,null,null
2023-09-18T02:42:03Z,24.50,58.08,66,0,31.54,99.87,3.00,424.00,null,null,null
2023-09-18T02:43:03Z,24.50,58.07,67,0,31.19,99.86,3.00,424.00,null,null,null
2023-09-18T02:44:03Z,24.50,58.06,66,0,32.62,99.86,3.00,424.00,null,null,null
2023-09-18T02:45:03Z,24.47,58.12,67,0,32.55,99.86,3.00,424.00,0,0,0
2023-09-18T02:46:03Z,24.48,58.06,66,0,27.34,99.86,3.00,424.00,null,null,null
2023-09-18T02:47:03Z,24.50,58.11,66,0,31.22,99.86,4.00,428.00,null,null,null
2023-09-18T02:48:03Z,24.50,58.11,66,0,27.12,99.86,3.00,424.00,null,null,null
2023-09-18T02:49:03Z,24.50,58.09,66,0,26.53,99.86,4.00,428.00,null,null,null
2023-09-18T02:50:03Z,24.47,58.15,66,0,34.60,99.85,3.00,424.00,0,0,0
2023-09-18T02:51:03Z,24.48,58.09,66,0,37.23,99.86,3.00,424.00,null,null,null
2023-09-18T02:52:03Z,24.51,58.11,66,0,30.70,99.85,3.00,424.00,null,null,null
2023-09-18T02:53:03Z,24.48,58.10,66,0,28.27,99.85,3.00,424.00,null,null,null
2023-09-18T02:54:03Z,24.50,58.10,66,0,31.09,99.85,3.00,424.00,null,null,null
2023-09-18T02:55:03Z,24.45,58.12,66,0,30.21,99.85,3.00,424.00,0,0,0
2023-09-18T02:56:03Z,24.48,58.07,66,0,29.28,99.85,3.00,424.00,null,null,null
2023-09-18T02:57:03Z,24.50,58.12,66,0,30.73,99.85,3.00,424.00,null,null,null
2023-09-18T02:58:03Z,24.48,58.14,66,0,31.06,99.85,3.00,424.00,null,null,null
2023-09-18T02:59:03Z,24.47,58.09,66,0,29.86,99.85,3.00,424.00,null,null,null
