TIME,TEMP,HUM,BATT,LIGHT,NOISE_A,PRESS,CCS811_VOCS,CCS811_ECO2,PM_1,PM_25,PM_10
ISO 8601,C,%,%,Lux,dBA,kPa,ppb,ppm,ug/m3,ug/m3,ug/m3
Time,Temperature,Humidity,Battery,Light,Noise dBA,Barometric pressure,VOC Gas CCS811,eCO2 Gas CCS811,PM 1.0,PM 2.5,PM 10.0
,55,56,10,14,53,58,113,112,89,87,88
2023-09-04T00:00:03Z,22.87,75.04,99,0,66.79,102.32,862.00,2072.00,0,0,0
2023-09-04T00:01:03Z,22.87,75.01,99,0,63.67,102.32,878.00,2078.00,null,null,null
2023-09-04T00:02:03Z,22.87,75.03,99,0,64.22,102.32,878.00,2078.00,null,null,null
2023-09-04T00:03:03Z,22.84,74.98,99,0,63.79,102.33,862.00,2072.00,null,null,null
2023-09-04T00:04:03Z,22.84,74.98,99,0,64.58,102.32,862.00,2072.00,null,null,null
2023-09-04T00:05:03Z,22.84,74.95,99,0,68.91,102.32,862.00,2072.00,0,0,0
2023-09-04T00:06:03Z,22.85,74.98,99,0,68.05,102.32,862.00,2072.00,null,null,null
2023-09-04T00:07:03Z,22.85,74.91,99,0,63.03,102.32,862.00,2072.00,null,null,null
2023-09-04T00:08:03Z,22.85,74.89,99,0,66.19,102.31,862.00,2072.00,null,null,null
2023-09-04T00:09:03Z,22.85,74.90,99,0,60.74,102.31,862.00,2072.00,null,null,null
2023-09-04T00:10:03Z,22.84,74.86,99,0,63.77,102.30,862.00,2072.00,0,0,0
2023-09-04T00:11:03Z,22.85,74.87,99,0,65.37,102.31,862.00,2072.00,null,null,null
2023-09-04T00:12:03Z,22.84,74.89,99,0,60.07,102.31,862.00,2072.00,null,null,null
2023-09-04T00:13:03Z,22.85,74.80,99,0,68.70,102.31,862.00,2072.00,null,null,null
2023-09-04T00:14:03Z,22.81,74.80,99,0,65.57,102.31,846.00,2062.00,null,null,null
2023-09-04T00:15:03Z,22.84,74.83,99,0,65.49,102.31,846.00,2062.00,0,0,0
2023-09-04T00:16:03Z,22.84,74.83,99,0,66.37,102.31,846.00,2062.00,null,null,null
2023-09-04T00:17:03Z,22.82,74.75,99,0,65.49,102.31,846.00,2062.00,null,null,null
2023-09-04T00:18:03Z,22.85,74.80,99,0,62.49,102.31,846.00,2062.00,null,null,null
2023-09-04T00:19:03Z,22.82,74.84,99,0,65.00,102.31,846.00,2062.00,null,null,null
2023-09-04T00:20:03Z,22.79,74.82,99,0,63.41,102.31,846.00,2062.00,0,0,0
2023-09-04T00:21:03Z,22.81,74.79,99,0,60.39,102.31,846.00,2062.00,null,null,null
2023-09-04T00:22:03Z,22.82,74.81,99,0,57.50,102.31,846.00,2062.00,null,null,null
2023-09-04T00:23:03Z,22.82,74.80,99,0,61.93,102.31,846.00,2062.00,null,null,null
2023-09-04T00:24:03Z,22.79,74.76,99,0,63.86,102.31,846.00,2062.00,null,null,null
2023-09-04T00:25:03Z,22.82,74.76,99,0,65.07,102.31,846.00,2062.00,0,0,0
2023-09-04T00:26:03Z,22.79,74.70,99,0,59.79,102.31,829.00,2052.00,null,null,null
2023-09-04T00:27:03Z,22.82,74.70,99,0,66.77,102.30,854.00,2066.00,null,null,null
2023-09-04T00:28:03Z,22.78,74.67,99,0,55.20,102.30,854.00,2066.00,null,null,null
2023-09-04T00:29:03Z,22.81,74.63,99,0,61.69,102.30,836.00,2056.00,null,null,null
2023-09-04T00:30:03Z,22.78,74.72,99,0,68.41,102.30,836.00,2056.00,0,0,0
2023-09-04T00:31:03Z,22.81,74.72,99,0,68.09,102.29,836.00,2056.00,null,null,null
2023-09-04T00:32:03Z,22.79,74.68,99,0,67.32,102.29,836.00,2056.00,null,null,null
2023-09-04T00:33:03Z,22.79,74.68,99,0,58.59,102.30,836.00,2056.00,null,null,null
2023-09-04T00:34:03Z,22.76,74.61,99,0,67.66,102.30,836.00,2056.00,null,null,null
2023-09-04T00:35:03Z,22.79,74.68,99,0,64.47,102.30,836.00,2056.00,0,0,0
2023-09-04T00:36:03Z,22.81,74.65,99,0,66.44,102.30,836.00,2056.00,null,null,null
2023-09-04T00:37:03Z,22.79,74.63,99,0,60.23,102.30,836.00,2056.00,null,null,null
2023-09-04T00:38:03Z,22.79,74.62,99,0,60.60,102.31,836.00,2056.00,null,null,null
2023-09-04T00:39:03Z,22.76,74.58,99,0,65.29,102.30,836.00,2056.00,null,null,null
2023-09-04T00:40:03Z,22.78,74.60,99,0,64.57,102.30,836.00,2056.00,0,0,0
2023-09-04T00:41:03Z,22.76,74.67,99,0,56.93,102.31,836.00,2056.00,null,null,null
2023-09-04T00:42:03Z,22.79,74.64,99,0,62.86,102.31,836.00,2056.00,null,null,null
2023-09-04T00:43:03Z,22.79,74.63,99,0,65.71,102.30,836.00,2056.00,null,null,null
2023-09-04T00:44:03Z,22.76,74.64,99,0,64.10,102.30,836.00,2056.00,null,null,null
2023-09-04T00:45:03Z,22.76,74.49,99,0,65.34,102.30,836.00,2056.00,0,0,0
2023-09-04T00:46:03Z,22.79,74.58,99,0,64.68,102.30,836.00,2056.00,null,null,null
2023-09-04T00:47:03Z,22.78,74.54,99,0,61.75,102.30,836.00,2056.00,null,null,null
2023-09-04T00:48:03Z,22.76,74.52,99,0,59.38,102.30,836.00,2056.00,null,null,null
2023-09-04T00:49:03Z,22.75,74.55,99,0,61.14,102.30,823.00,2048.00,null,null,null
2023-09-04T00:50:03Z,22.74,74.57,99,0,60.90,102.30,836.00,2056.00,0,0,0
2023-09-04T00:51:03Z,22.76,74.54,99,0,62.86,102.30,854.00,2066.00,null,null,null
2023-09-04T00:52:03Z,22.79,74.45,99,0,63.81,102.30,836.00,2056.00,null,null,null
2023-09-04T00:53:03Z,22.76,74.45,99,0,66.36,102.29,854.00,2066.00,null,null,null
2023-09-04T00:54:03Z,22.76,74.42,99,0,65.33,102.29,836.00,2056.00,null,null,null
2023-09-04T00:55:03Z,22.75,74.40,99,0,64.46,102.29,836.00,2056.00,0,0,0
2023-09-04T00:56:03Z,22.75,74.35,99,0,64.14,102.29,836.00,2056.00,null,null,null
2023-09-04T00:57:03Z,22.76,74.38,99,0,69.66,102.29,836.00,2056.00,null,null,null
2023-09-04T00:58:03Z,22.74,74.43,99,0,65.26,102.29,836.00,2056.00,null,null,null
2023-09-04T00:59:03Z,22.75,74.40,99,0,64.07,102.28,872.00,2076.00,null,null,null
2023-09-04T01:00:03Z,22.74,74.44,99,0,68.95,102.28,836.00,2056.00,0,0,0
2023-09-04T01:01:03Z,22.75,74.47,99,0,65.70,102.28,886.00,2082.00,null,null,null
2023-09-04T01:02:03Z,22.74,74.43,99,0,66.73,102.28,836.00,2056.00,null,null,null
2023-09-04T01:03:03Z,22.74,74.41,99,0,64.52,102.28,872.00,2076.00,null,null,null
2023-09-04T01:04:03Z,22.74,74.45,99,0,62.54,102.27,886.00,2082.00,null,null,null
2023-09-04T01:05:03Z,22.72,74.40,99,0,63.86,102.27,903.00,2092.00,0,0,0
2023-09-04T01:06:03Z,22.74,74.36,99,0,66.01,102.27,903.00,2092.00,null,null,null
2023-09-04T01:07:03Z,22.75,74.37,99,0,69.14,102.28,903.00,2092.00,null,null,null
2023-09-04T01:08:03Z,22.74,74.35,99,0,61.75,102.27,886.00,2082.00,null,null,null
2023-09-04T01:09:03Z,22.74,74.33,99,0,68.42,102.27,903.00,2092.00,null,null,null
2023-09-04T01:10:03Z,22.71,74.38,99,0,64.76,102.27,903.00,2092.00,0,0,0
2023-09-04T01:11:03Z,22.72,74.30,99,0,64.61,102.28,917.00,2098.00,null,null,null
2023-09-04T01:12:03Z,22.74,74.31,99,0,61.29,102.27,903.00,2092.00,null,null,null
2023-09-04T01:13:03Z,22.72,74.34,99,0,61.15,102.27,903.00,2092.00,null,null,null
2023-09-04T01:14:03Z,22.71,74.33,99,0,57.51,102.27,903.00,2092.00,null,null,null
2023-09-04T01:15:03Z,22.71,74.32,99,0,67.44,102.27,917.00,2098.00,0,0,0
2023-09-04T01:16:03Z,22.70,74.28,99,0,66.87,102.27,917.00,2098.00,null,null,null
2023-09-04T01:17:03Z,22.72,74.29,99,0,68.21,102.27,903.00,2092.00,null,null,null
2023-09-04T01:18:03Z,22.71,74.30,99,0,59.70,102.27,903.00,2092.00,null,null,null
2023-09-04T01:19:03Z,22.72,74.30,99,0,71.07,102.26,917.00,2098.00,null,null,null
2023-09-04T01:20:03Z,22.70,74.35,99,0,50.36,102.27,903.00,2092.00,0,0,0
2023-09-04T01:21:03Z,22.71,74.28,99,0,62.49,102.26,903.00,2092.00,null,null,null
2023-09-04T01:22:03Z,22.70,74.27,99,0,61.53,102.26,903.00,2092.00,null,null,null
2023-09-04T01:23:03Z,22.70,74.22,99,0,64.29,102.26,917.00,2098.00,null,null,null
2023-09-04T01:24:03Z,22.71,74.24,99,0,65.60,102.26,911.00,2094.00,null,null,null
2023-09-04T01:25:03Z,22.71,74.27,99,0,66.20,102.26,911.00,2094.00,0,0,0
2023-09-04T01:26:03Z,22.71,74.27,99,0,53.67,102.27,903.00,2092.00,null,null,null
2023-09-04T01:27:03Z,22.71,74.25,99,0,63.94,102.27,903.00,2092.00,null,null,null
2023-09-04T01:28:03Z,22.70,74.25,99,0,61.20,102.26,903.00,2092.00,null,null,null
2023-09-04T01:29:03Z,22.71,74.29,99,0,59.74,102.26,903.00,2092.00,null,null,null
2023-09-04T01:30:03Z,22.70,74.27,99,0,62.48,102.26,903.00,2092.00,0,0,0
2023-09-04T01:31:03Z,22.70,74.29,99,0,56.55,102.26,903.00,2092.00,null,null,null
2023-09-04T01:32:03Z,22.71,74.19,99,0,65.20,102.26,886.00,2082.00,null,null,null
2023-09-04T01:33:03Z,22.71,74.21,99,0,59.13,102.26,894.00,2088.00,null,null,null
2023-09-04T01:34:03Z,22.68,74.22,99,0,67.37,102.26,911.00,2094.00,null,null,null
2023-09-04T01:35:03Z,22.70,74.24,99,0,63.55,102.26,911.00,2094.00,0,0,0
2023-09-04T01:36:03Z,22.70,74.19,99,0,59.42,102.26,894.00,2088.00,null,null,null
2023-09-04T01:37:03Z,22.70,74.17,99,0,62.77,102.26,911.00,2094.00,null,null,null
2023-09-04T01:38:03Z,22.70,74.19,99,0,62.72,102.25,911.00,2094.00,null,null,null
2023-09-04T01:39:03Z,22.67,74.16,99,0,60.38,102.25,925.00,2102.00,null,null,null
2023-09-04T01:40:03Z,22.70,74.17,99,0,61.10,102.25,911.00,2094.00,0,0,0
2023-09-04T01:41:03Z,22.70,74.10,99,0,67.83,102.25,911.00,2094.00,null,null,null
2023-09-04T01:42:03Z,22.70,74.11,99,0,63.30,102.25,911.00,2094.00,null,null,null
2023-09-04T01:43:03Z,22.68,74.08,99,0,62.37,102.25,911.00,2094.00,null,null,null
2023-09-04T01:44:03Z,22.67,74.12,99,0,60.44,102.25,911.00,2094.00,null,null,null
2023-09-04T01:45:03Z,22.68,74.12,99,0,65.15,102.26,911.00,2094.00,0,0,0
2023-09-04T01:46:03Z,22.68,74.04,99,0,68.80,102.25,911.00,2094.00,null,null,null
2023-09-04T01:47:03Z,22.70,74.08,99,0,59.62,102.26,911.00,2094.00,null,null,null
2023-09-04T01:48:03Z,22.68,74.07,99,0,67.22,102.26,911.00,2094.00,null,null,null
2023-09-04T01:49:03Z,22.68,74.03,99,0,64.77,102.26,911.00,2094.00,null,null,null
2023-09-04T01:50:03Z,22.67,74.14,99,0,66.48,102.25,911.00,2094.00,0,0,0
2023-09-04T01:51:03Z,22.68,74.10,99,0,67.33,102.25,911.00,2094.00,null,null,null
2023-09-04T01:52:03Z,22.67,74.05,99,0,59.61,102.25,911.00,2094.00,null,null,null
2023-09-04T01:53:03Z,22.68,74.04,99,0,67.02,102.25,911.00,2094.00,null,null,null
2023-09-04T01:54:03Z,22.67,73.95,99,0,66.12,102.25,911.00,2094.00,null,null,null
2023-09-04T01:55:03Z,22.65,73.98,99,0,63.74,102.25,911.00,2094.00,0,0,0
2023-09-04T01:56:03Z,22.68,74.04,99,0,66.33,102.25,911.00,2094.00,null,null,null
2023-09-04T01:57:03Z,22.67,73.93,99,0,67.60,102.24,911.00,2094.00,null,null,null
2023-09-04T01:58:03Z,22.65,73.97,99,0,64.45,102.24,911.00,2094.00,null,null,null
2023-09-04T01:59:03Z,22.67,73.94,99,0,62.23,102.24,911.00,2094.00,null,null,null
2023-09-04T02:00:03Z,22.67,73.92,99,0,62.12,102.24,911.00,2094.00,0,0,0
2023-09-04T02:01:03Z,22.67,73.83,99,0,66.58,102.24,911.00,2094.00,null,null,null
2023-09-04T02:02:03Z,22.67,73.82,99,0,59.62,102.23,911.00,2094.00,null,null,null
2023-09-04T02:03:03Z,22.65,73.78,99,0,71.11,102.23,911.00,2094.00,null,null,null
2023-09-04T02:04:03Z,22.67,73.88,99,0,60.47,102.24,911.00,2094.00,null,null,null
2023-09-04T02:05:03Z,22.62,73.88,99,0,59.79,102.23,911.00,2094.00,0,0,0
2023-09-04T02:06:03Z,22.67,73.88,99,0,63.45,102.22,911.00,2094.00,null,null,null
2023-09-04T02:07:03Z,22.67,73.83,99,0,61.92,102.22,894.00,2088.00,null,null,null
2023-09-04T02:08:03Z,22.65,73.82,99,0,69.26,102.23,911.00,2094.00,null,null,null
2023-09-04T02:09:03Z,22.67,73.77,99,0,65.76,102.22,894.00,2088.00,null,null,null
2023-09-04T02:10:03Z,22.64,73.81,99,0,61.13,102.22,911.00,2094.00,0,0,0
2023-09-04T02:11:03Z,22.64,73.85,99,0,66.90,102.22,894.00,2088.00,null,null,null
2023-09-04T02:12:03Z,22.64,73.74,99,0,60.89,102.23,911.00,2094.00,null,null,null
2023-09-04T02:13:03Z,22.62,73.79,99,0,68.51,102.23,903.00,2092.00,null,null,null
2023-09-04T02:14:03Z,22.64,73.79,99,0,67.49,102.23,911.00,2094.00,null,null,null
2023-09-04T02:15:03Z,22.62,73.76,99,0,60.44,102.23,894.00,2088.00,0,0,0
2023-09-04T02:16:03Z,22.65,73.78,99,0,65.40,102.23,911.00,2094.00,null,null,null
2023-09-04T02:17:03Z,22.62,73.82,99,0,68.38,102.23,894.00,2088.00,null,null,null
2023-09-04T02:18:03Z,22.62,73.76,99,0,58.58,102.23,911.00,2094.00,null,null,null
2023-09-04T02:19:03Z,22.62,73.78,99,0,64.71,102.23,894.00,2088.00,null,null,null
2023-09-04T02:20:03Z,22.64,73.72,99,0,63.92,102.23,911.00,2094.00,0,0,0
2023-09-04T02:21:03Z,22.64,73.70,99,0,69.51,102.23,903.00,2092.00,null,null,null
2023-09-04T02:22:03Z,22.64,73.75,99,0,62.53,102.22,920.00,2098.00,null,null,null
2023-09-04T02:23:03Z,22.62,73.81,99,0,59.15,102.23,894.00,2088.00,null,null,null
2023-09-04T02:24:03Z,22.62,73.75,99,0,67.77,102.23,894.00,2088.00,null,null,null
2023-09-04T02:25:03Z,22.61,73.73,99,0,65.89,102.23,894.00,2088.00,0,0,0
2023-09-04T02:26:03Z,22.62,73.75,99,0,61.18,102.23,903.00,2092.00,null,null,null
2023-09-04T02:27:03Z,22.64,73.65,99,0,67.28,102.23,894.00,2088.00,null,null,null
2023-09-04T02:28:03Z,22.62,73.76,99,0,68.93,102.23,903.00,2092.00,null,null,null
2023-09-04T02:29:03Z,22.61,73.71,99,0,64.70,102.23,894.00,2088.00,null,null,null
2023-09-04T02:30:03Z,22.58,73.77,99,0,59.96,102.23,903.00,2092.00,0,0,0
2023-09-04T02:31:03Z,22.64,73.67,99,0,61.80,102.23,894.00,2088.00,null,null,null
2023-09-04T02:32:03Z,22.61,73.75,99,0,60.72,102.23,903.00,2092.00,null,null,null
2023-09-04T02:33:03Z,22.62,73.78,99,0,63.39,102.22,894.00,2088.00,null,null,null
2023-09-04T02:34:03Z,22.62,73.81,99,0,59.94,102.22,894.00,2088.00,null,null,null
2023-09-04T02:35:03Z,22.61,73.78,99,0,58.87,102.22,894.00,2088.00,0,0,0
2023-09-04T02:36:03Z,22.61,73.80,99,0,62.70,102.22,894.00,2088.00,null,null,null
2023-09-04T02:37:03Z,22.61,73.79,99,0,61.47,102.22,894.00,2088.00,null,null,null
2023-09-04T02:38:03Z,22.61,73.77,99,0,61.05,102.21,894.00,2088.00,null,null,null
2023-09-04T02:39:03Z,22.61,73.71,99,0,65.18,102.22,894.00,2088.00,null,null,null
2023-09-04T02:40:03Z,22.58,73.70,99,0,64.23,102.22,903.00,2092.00,0,0,0
2023-09-04T02:41:03Z,22.58,73.72,99,0,63.47,102.22,903.00,2092.00,null,null,null
2023-09-04T02:42:03Z,22.58,73.73,99,0,66.29,102.22,903.00,2092.00,null,null,null
2023-09-04T02:43:03Z,22.61,73.68,99,0,64.52,102.22,903.00,2092.00,null,null,null
2023-09-04T02:44:03Z,22.60,73.75,99,0,55.92,102.22,903.00,2092.00,null,null,null
2023-09-04T02:45:03Z,22.57,73.78,99,0,61.16,102.22,894.00,2088.00,0,0,0
2023-09-04T02:46:03Z,22.57,73.73,99,0,64.53,102.21,894.00,2088.00,null,null,null
2023-09-04T02:47:03Z,22.60,73.62,99,2,67.78,102.19,903.00,2092.00,null,null,null
2023-09-04T02:48:03Z,22.58,73.73,99,0,64.53,102.19,890.00,2084.00,null,null,null
2023-09-04T02:49:03Z,22.58,73.72,99,0,64.49,102.20,903.00,2092.00,null,null,null
2023-09-04T02:50:03Z,22.57,73.62,99,0,66.58,102.19,903.00,2092.00,0,0,0
2023-09-04T02:51:03Z,22.58,73.63,99,1,66.03,102.20,903.00,2092.00,null,null,null
2023-09-04T02:52:03Z,22.58,73.63,99,0,62.10,102.20,903.00,2092.00,null,null,null
2023-09-04T02:53:03Z,22.61,73.66,99,1,62.59,102.20,903.00,2092.00,null,null,null
2023-09-04T02:54:03Z,22.58,73.62,99,0,62.52,102.20,903.00,2092.00,null,null,null
2023-09-04T02:55:03Z,22.57,73.78,99,0,61.93,102.21,903.00,2092.00,0,0,0
2023-09-04T02:56:03Z,22.60,73.61,99,0,68.42,102.21,881.00,2080.00,null,null,null
2023-09-04T02:57:03Z,22.58,73.61,99,0,58.24,102.21,903.00,2092.00,null,null,null
2023-09-04T02:58:03Z,22.58,73.74,99,0,66.95,102.21,903.00,2092.00,null,null,null
2023-09-04T02:59:03Z,22.60,73.81,99,0,65.78,102.20,903.00,2092.00,null,null,null
