TIME,TEMP,HUM,BATT,LIGHT,NOISE_A,PRESS,CCS811_VOCS,CCS811_ECO2,PM_1,PM_25,PM_10
ISO 8601,C,%,%,Lux,dBA,kPa,ppb,ppm,ug/m3,ug/m3,ug/m3
Time,Temperature,Humidity,Battery,Light,Noise dBA,Barometric pressure,VOC Gas CCS811,eCO2 Gas CCS811,PM 1.0,PM 2.5,PM 10.0
,55,56,10,14,53,58,113,112,89,87,88
2023-08-21T00:00:02Z,23.94,66.89,99,0,49.73,102.05,46.00,704.00,0,0,0
2023-08-21T00:01:02Z,23.93,66.95,99,0,49.68,102.06,46.00,704.00,null,null,null
2023-08-21T00:02:02Z,23.94,66.92,99,0,49.65,102.06,46.00,704.00,null,null,null
2023-08-21T00:03:02Z,23.93,66.90,99,0,52.67,102.06,46.00,704.00,null,null,null
2023-08-21T00:04:02Z,23.93,66.89,99,0,51.75,102.06,44.00,694.00,null,null,null
2023-08-21T00:05:02Z,23.93,66.94,99,0,55.34,102.06,46.00,704.00,0,0,0
2023-08-21T00:06:02Z,23.95,66.95,99,0,52.69,102.06,44.00,694.00,null,null,null
2023-08-21T00:07:02Z,23.95,66.91,99,0,52.73,102.06,46.00,704.00,null,null,null
2023-08-21T00:08:02Z,23.94,66.94,99,0,48.24,102.06,46.00,704.00,null,null,null
2023-08-21T00:09:02Z,23.94,66.88,99,0,50.95,102.06,46.00,704.00,null,null,null
2023-08-21T00:10:02Z,23.91,66.91,99,0,51.13,102.06,46.00,704.00,0,0,0
2023-08-21T00:11:02Z,23.93,66.98,99,0,53.52,102.06,44.00,694.00,null,null,null
2023-08-21T00:12:02Z,23.94,66.93,99,0,48.24,102.06,46.00,704.00,null,null,null
2023-08-21T00:13:02Z,23.94,66.96,99,0,50.78,102.06,46.00,704.00,null,null,null
2023-08-21T00:14:02Z,23.91,66.95,99,0,51.52,102.06,46.00,704.00,null,null,null
2023-08-21T00:15:02Z,23.91,66.95,99,0,50.61,102.06,44.00,694.00,0,0,0
2023-08-21T00:16:02Z,23.93,67.04,99,0,54.98,102.06,44.00,694.00,null,null,null
2023-08-21T00:17:02Z,23.91,66.95,99,0,49.31,102.05,44.00,694.00,null,null,null
2023-08-21T00:18:02Z,23.90,66.96,99,0,49.50,102.05,44.00,694.00,null,null,null
2023-08-21T00:19:02Z,23.88,66.96,99,0,53.12,102.05,44.00,694.00,null,null,null
2023-08-21T00:20:02Z,23.90,66.95,99,0,50.24,102.05,44.00,694.00,0,0,0
2023-08-21T00:21:02Z,23.90,67.06,99,0,50.36,102.05,44.00,694.00,null,null,null
2023-08-21T00:22:02Z,23.90,66.99,99,0,51.52,102.05,44.00,694.00,null,null,null
2023-08-21T00:23:02Z,23.88,66.94,99,0,50.36,102.05,44.00,694.00,null,null,null
2023-08-21T00:24:02Z,23.87,66.94,99,0,50.63,102.05,44.00,694.00,null,null,null
2023-08-21T00:25:02Z,23.90,66.94,99,0,53.36,102.05,44.00,694.00,0,0,0
2023-08-21T00:26:02Z,23.90,67.04,99,0,49.42,102.05,46.00,704.00,null,null,null
2023-08-21T00:27:02Z,23.87,66.98,99,0,51.43,102.05,46.00,704.00,null,null,null
2023-08-21T00:28:02Z,23.87,66.97,99,0,49.61,102.05,46.00,704.00,null,null,null
2023-08-21T00:29:02Z,23.85,66.93,99,0,52.49,102.04,46.00,704.00,null,null,null
2023-08-21T00:30:02Z,23.87,66.99,99,0,52.00,102.05,46.00,704.00,0,0,0
2023-08-21T00:31:02Z,23.87,67.01,99,0,51.48,102.04,46.00,704.00,null,null,null
2023-08-21T00:32:02Z,23.87,66.98,99,0,55.39,102.04,46.00,704.00,null,null,null
2023-08-21T00:33:02Z,23.85,66.94,99,0,50.27,102.04,46.00,704.00,null,null,null
2023-08-21T00:34:02Z,23.87,66.98,99,0,48.98,102.04,46.00,704.00,null,null,null
2023-08-21T00:35:02Z,23.87,66.98,99,0,50.33,102.04,46.00,704.00,0,0,0
2023-08-21T00:36:02Z,23.85,67.01,99,0,49.34,102.04,46.00,704.00,null,null,null
2023-08-21T00:37:02Z,23.84,66.99,99,0,53.06,102.05,47.00,712.00,null,null,null
2023-08-21T00:38:02Z,23.85,66.95,99,0,53.27,102.04,46.00,704.00,null,null,null
2023-08-21T00:39:02Z,23.83,66.92,99,0,50.53,102.05,46.00,704.00,null,null,null
2023-08-21T00:40:02Z,23.84,66.95,99,0,50.08,102.05,46.00,704.00,0,0,0
2023-08-21T00:41:02Z,23.85,67.00,99,0,56.73,102.05,46.00,704.00,null,null,null
2023-08-21T00:42:02Z,23.84,66.98,99,0,54.61,102.05,46.00,704.00,null,null,null
2023-08-21T00:43:02Z,23.84,66.95,99,0,52.29,102.05,46.00,704.00,null,null,null
2023-08-21T00:44:02Z,23.81,66.97,99,0,51.63,102.05,46.00,704.00,null,null,null
2023-08-21T00:45:02Z,23.81,66.94,99,0,51.64,102.05,46.00,704.00,0,0,0
2023-08-21T00:46:02Z,23.84,66.98,99,0,52.57,102.05,46.00,704.00,null,null,null
2023-08-21T00:47:02Z,23.83,66.96,99,0,50.26,102.04,46.00,704.00,null,null,null
2023-08-21T00:48:02Z,23.81,66.98,99,0,50.85,102.04,46.00,704.00,null,null,null
2023-08-21T00:49:02Z,23.83,66.97,99,0,50.84,102.05,46.00,704.00,null,null,null
2023-08-21T00:50:02Z,23.81,66.99,99,0,55.18,102.05,46.00,704.00,0,0,0
2023-08-21T00:51:02Z,23.80,66.99,99,0,52.94,102.05,46.00,704.00,null,null,null
2023-08-21T00:52:02Z,23.81,66.93,99,0,50.81,102.05,46.00,704.00,null,null,null
2023-08-21T00:53:02Z,23.83,66.97,99,0,50.65,102.05,46.00,704.00,null,null,null
2023-08-21T00:54:02Z,23.80,66.96,99,0,54.28,102.05,46.00,704.00,null,null,null
2023-08-21T00:55:02Z,23.78,66.98,99,0,50.35,102.05,46.00,704.00,0,0,0
2023-08-21T00:56:02Z,23.81,67.05,99,0,53.00,102.04,46.00,704.00,null,null,null
2023-08-21T00:57:02Z,23.78,66.98,99,0,51.83,102.05,46.00,704.00,null,null,null
2023-08-21T00:58:02Z,23.78,66.98,99,0,49.01,102.04,46.00,704.00,null,null,null
2023-08-21T00:59:02Z,23.80,66.97,99,0,54.39,102.05,46.00,704.00,null,null,null
2023-08-21T01:00:02Z,23.78,66.96,99,0,52.34,102.05,46.00,704.00,0,0,0
2023-08-21T01:01:02Z,23.77,67.02,99,0,51.21,102.04,46.00,704.00,null,null,null
2023-08-21T01:02:02Z,23.78,66.96,99,0,50.45,102.04,46.00,704.00,null,null,null
2023-08-21T01:03:02Z,23.77,66.96,99,0,50.97,102.05,46.00,704.00,null,null,null
2023-08-21T01:04:02Z,23.76,66.95,99,0,49.44,102.04,46.00,704.00,null,null,null
2023-08-21T01:05:02Z,23.76,66.95,99,0,49.28,102.05,46.00,704.00,0,0,0
2023-08-21T01:06:02Z,23.76,66.97,99,0,51.45,102.05,44.00,694.00,null,null,null
2023-08-21T01:07:02Z,23.78,66.98,99,0,54.27,102.04,44.00,694.00,null,null,null
2023-08-21T01:08:02Z,23.76,66.98,99,0,51.87,102.05,44.00,694.00,null,null,null
2023-08-21T01:09:02Z,23.77,66.95,99,0,51.68,102.05,46.00,704.00,null,null,null
2023-08-21T01:10:02Z,23.76,66.93,99,0,50.41,102.04,44.00,694.00,0,0,0
2023-08-21T01:11:02Z,23.74,67.02,99,0,56.27,102.04,44.00,694.00,null,null,null
2023-08-21T01:12:02Z,23.76,66.99,99,0,51.18,102.05,41.00,675.00,null,null,null
2023-08-21T01:13:02Z,23.74,66.98,99,0,51.85,102.05,46.00,704.00,null,null,null
2023-08-21T01:14:02Z,23.76,66.97,99,0,49.61,102.05,43.00,683.00,null,null,null
2023-08-21T01:15:02Z,23.74,67.00,99,0,52.67,102.05,44.00,694.00,0,0,0
2023-08-21T01:16:02Z,23.76,67.04,99,0,52.14,102.05,43.00,683.00,null,null,null
2023-08-21T01:17:02Z,23.73,67.01,99,0,53.99,102.05,44.00,694.00,null,null,null
2023-08-21T01:18:02Z,23.73,66.96,99,0,51.27,102.05,43.00,683.00,null,null,null
2023-08-21T01:19:02Z,23.74,67.01,99,0,48.82,102.05,43.00,683.00,null,null,null
2023-08-21T01:20:02Z,23.70,66.98,99,0,50.29,102.05,43.00,683.00,0,0,0
2023-08-21T01:21:02Z,23.74,67.01,99,0,51.19,102.05,41.00,675.00,null,null,null
2023-08-21T01:22:02Z,23.73,67.01,99,0,51.87,102.05,44.00,692.00,null,null,null
2023-08-21T01:23:02Z,23.71,66.99,99,0,49.98,102.06,43.00,683.00,null,null,null
2023-08-21T01:24:02Z,23.71,66.98,99,0,51.59,102.05,43.00,683.00,null,null,null
2023-08-21T01:25:02Z,23.70,66.99,99,0,52.23,102.06,43.00,683.00,0,0,0
2023-08-21T01:26:02Z,23.71,67.06,99,0,51.14,102.06,43.00,683.00,null,null,null
2023-08-21T01:27:02Z,23.73,67.05,99,0,49.60,102.05,44.00,692.00,null,null,null
2023-08-21T01:28:02Z,23.69,67.01,99,0,51.93,102.05,46.00,704.00,null,null,null
2023-08-21T01:29:02Z,23.71,67.03,99,0,50.65,102.05,46.00,704.00,null,null,null
2023-08-21T01:30:02Z,23.69,66.99,99,0,51.89,102.06,43.00,683.00,0,0,0
2023-08-21T01:31:02Z,23.71,67.05,99,0,48.61,102.05,43.00,683.00,null,null,null
2023-08-21T01:32:02Z,23.71,67.04,99,0,50.54,102.06,44.00,692.00,null,null,null
2023-08-21T01:33:02Z,23.70,67.03,99,0,50.08,102.05,46.00,704.00,null,null,null
2023-08-21T01:34:02Z,23.66,67.02,99,0,51.17,102.06,46.00,704.00,null,null,null
2023-08-21T01:35:02Z,23.66,67.02,99,0,50.83,102.06,43.00,683.00,0,0,0
2023-08-21T01:36:02Z,23.70,67.12,99,0,51.90,102.06,43.00,683.00,null,null,null
2023-08-21T01:37:02Z,23.70,67.07,99,0,51.98,102.06,44.00,692.00,null,null,null
2023-08-21T01:38:02Z,23.69,67.04,99,0,51.06,102.06,46.00,708.00,null,null,null
2023-08-21T01:39:02Z,23.67,67.03,99,0,51.03,102.06,46.00,708.00,null,null,null
2023-08-21T01:40:02Z,23.67,67.05,99,0,51.86,102.06,46.00,708.00,0,0,0
2023-08-21T01:41:02Z,23.67,67.13,99,0,52.74,102.05,46.00,704.00,null,null,null
2023-08-21T01:42:02Z,23.69,67.07,99,0,50.15,102.06,46.00,704.00,null,null,null
2023-08-21T01:43:02Z,23.67,67.10,99,0,49.68,102.06,44.00,692.00,null,null,null
2023-08-21T01:44:02Z,23.66,67.07,99,0,51.74,102.05,46.00,708.00,null,null,null
2023-08-21T01:45:02Z,23.64,67.06,99,0,52.27,102.06,46.00,708.00,0,0,0
2023-08-21T01:46:02Z,23.66,67.11,99,0,49.07,102.05,46.00,704.00,null,null,null
2023-08-21T01:47:02Z,23.67,67.10,99,0,53.08,102.05,46.00,704.00,null,null,null
2023-08-21T01:48:02Z,23.66,67.09,99,0,50.73,102.05,43.00,683.00,null,null,null
2023-08-21T01:49:02Z,23.66,67.09,99,0,51.33,102.05,44.00,692.00,null,null,null
2023-08-21T01:50:02Z,23.62,67.05,99,0,49.31,102.05,46.00,708.00,0,0,0
2023-08-21T01:51:02Z,23.66,67.14,99,0,54.76,102.05,46.00,704.00,null,null,null
2023-08-21T01:52:02Z,23.64,67.12,99,0,54.97,102.06,46.00,704.00,null,null,null
2023-08-21T01:53:02Z,23.63,67.10,99,0,48.98,102.05,44.00,692.00,null,null,null
2023-08-21T01:54:02Z,23.63,67.06,99,0,54.04,102.05,46.00,708.00,null,null,null
2023-08-21T01:55:02Z,23.64,67.06,99,0,49.40,102.05,46.00,708.00,0,0,0
2023-08-21T01:56:02Z,23.66,67.14,99,0,51.48,102.06,46.00,708.00,null,null,null
2023-08-21T01:57:02Z,23.66,67.11,99,0,50.94,102.06,44.00,692.00,null,null,null
2023-08-21T01:58:02Z,23.63,67.08,99,0,50.84,102.05,46.00,704.00,null,null,null
2023-08-21T01:59:02Z,23.62,67.09,99,0,49.51,102.05,46.00,704.00,null,null,null
2023-08-21T02:00:02Z,23.63,67.08,99,0,53.26,102.05,46.00,708.00,0,0,0
2023-08-21T02:01:02Z,23.64,67.17,99,0,51.78,102.06,46.00,708.00,null,null,null
2023-08-21T02:02:02Z,23.64,67.12,99,0,50.56,102.06,46.00,708.00,null,null,null
2023-08-21T02:03:02Z,23.62,67.10,99,0,51.85,102.06,46.00,708.00,null,null,null
2023-08-21T02:04:02Z,23.62,67.09,99,0,51.72,102.06,46.00,708.00,null,null,null
2023-08-21T02:05:02Z,23.60,67.09,99,0,52.56,102.06,46.00,708.00,0,0,0
2023-08-21T02:06:02Z,23.62,67.16,99,0,47.83,102.06,46.00,708.00,null,null,null
2023-08-21T02:07:02Z,23.60,67.13,99,0,49.56,102.06,46.00,708.00,null,null,null
2023-08-21T02:08:02Z,23.63,67.14,99,0,52.32,102.06,46.00,708.00,null,null,null
2023-08-21T02:09:02Z,23.59,67.11,99,0,50.09,102.06,46.00,708.00,null,null,null
2023-08-21T02:10:02Z,23.62,67.11,99,0,49.03,102.06,46.00,708.00,0,0,0
2023-08-21T02:11:02Z,23.62,67.23,99,0,54.24,102.06,46.00,708.00,null,null,null
2023-08-21T02:12:02Z,23.62,67.13,99,0,51.54,102.06,47.00,715.00,null,null,null
2023-08-21T02:13:02Z,23.60,67.10,99,0,53.08,102.06,44.00,692.00,null,null,null
2023-08-21T02:14:02Z,23.60,67.12,99,0,52.93,102.06,46.00,708.00,null,null,null
2023-08-21T02:15:02Z,23.59,67.12,99,0,53.38,102.06,46.00,708.00,0,0,0
2023-08-21T02:16:02Z,23.60,67.20,99,0,53.05,102.06,46.00,708.00,null,null,null
2023-08-21T02:17:02Z,23.62,67.12,99,0,55.15,102.06,47.00,715.00,null,null,null
2023-08-21T02:18:02Z,23.59,67.11,99,0,53.75,102.06,46.00,704.00,null,null,null
2023-08-21T02:19:02Z,23.59,67.13,99,0,46.41,102.06,46.00,704.00,null,null,null
2023-08-21T02:20:02Z,23.60,67.13,99,0,50.20,102.06,46.00,704.00,0,0,0
2023-08-21T02:21:02Z,23.60,67.21,99,0,49.28,102.06,46.00,704.00,null,null,null
2023-08-21T02:22:02Z,23.57,67.11,99,0,51.15,102.06,46.00,704.00,null,null,null
2023-08-21T02:23:02Z,23.57,67.12,99,0,51.86,102.06,46.00,704.00,null,null,null
2023-08-21T02:24:02Z,23.59,67.08,99,0,54.18,102.06,46.00,708.00,null,null,null
2023-08-21T02:25:02Z,23.54,67.14,99,0,51.60,102.06,46.00,708.00,0,0,0
2023-08-21T02:26:02Z,23.56,67.21,99,0,51.31,102.06,46.00,708.00,null,null,null
2023-08-21T02:27:02Z,23.57,67.14,99,0,50.13,102.06,46.00,708.00,null,null,null
2023-08-21T02:28:02Z,23.57,67.17,99,0,51.92,102.06,46.00,708.00,null,null,null
2023-08-21T02:29:02Z,23.56,67.14,99,0,51.92,102.06,46.00,708.00,null,null,null
2023-08-21T02:30:02Z,23.54,67.13,99,0,50.77,102.06,47.00,715.00,0,0,0
2023-08-21T02:31:02Z,23.56,67.19,99,0,49.69,102.06,47.00,715.00,null,null,null
2023-08-21T02:32:02Z,23.56,67.17,99,0,50.70,102.06,49.00,728.00,null,null,null
2023-08-21T02:33:02Z,23.54,67.17,99,0,52.38,102.06,49.00,728.00,null,null,null
2023-08-21T02:34:02Z,23.56,67.09,99,0,51.28,102.06,49.00,728.00,null,null,null
2023-08-21T02:35:02Z,23.54,67.12,99,0,53.46,102.06,49.00,728.00,0,0,0
2023-08-21T02:36:02Z,23.54,67.24,99,0,49.95,102.06,51.00,740.00,null,null,null
2023-08-21T02:37:02Z,23.54,67.16,99,0,51.19,102.06,47.00,715.00,null,null,null
2023-08-21T02:38:02Z,23.56,67.11,99,0,53.70,102.06,51.00,740.00,null,null,null
2023-08-21T02:39:02Z,23.54,67.15,99,0,50.93,102.06,47.00,715.00,null,null,null
2023-08-21T02:40:02Z,23.53,67.14,99,0,50.43,102.06,51.00,740.00,0,0,0
2023-08-21T02:41:02Z,23.54,67.19,99,0,55.91,102.06,47.00,715.00,null,null,null
2023-08-21T02:42:02Z,23.56,67.18,99,0,50.12,102.06,49.00,728.00,null,null,null
2023-08-21T02:43:02Z,23.54,67.18,99,0,51.83,102.06,51.00,740.00,null,null,null
2023-08-21T02:44:02Z,23.52,67.15,99,0,54.23,102.06,47.00,715.00,null,null,null
2023-08-21T02:45:02Z,23.50,67.19,99,0,50.50,102.06,51.00,740.00,0,0,0
2023-08-21T02:46:02Z,23.52,67.22,99,0,53.15,102.06,47.00,715.00,null,null,null
2023-08-21T02:47:02Z,23.53,67.14,99,0,52.54,102.07,51.00,740.00,null,null,null
2023-08-21T02:48:02Z,23.54,67.17,99,0,51.05,102.06,47.00,715.00,null,null,null
2023-08-21T02:49:02Z,23.53,67.16,99,0,48.16,102.07,51.00,740.00,null,null,null
2023-08-21T02:50:02Z,23.50,67.16,99,0,52.99,102.07,47.00,715.00,0,0,0
2023-08-21T02:51:02Z,23.53,67.22,99,0,50.02,102.07,49.00,728.00,null,null,null
2023-08-21T02:52:02Z,23.52,67.16,99,0,49.66,102.07,51.00,740.00,null,null,null
2023-08-21T02:53:02Z,23.53,67.17,99,0,49.48,102.07,47.00,715.00,null,null,null
2023-08-21T02:54:02Z,23.50,67.15,99,0,53.59,102.07,49.00,728.00,null,null,null
2023-08-21T02:55:02Z,23.50,67.20,99,0,49.50,102.07,51.00,740.00,0,0,0
2023-08-21T02:56:02Z,23.52,67.25,99,0,53.35,102.07,47.00,715.00,null,null,null
2023-08-21T02:57:02Z,23.52,67.20,99,0,51.60,102.07,45.00,700.00,null,null,null
2023-08-21T02:58:02Z,23.49,67.16,99,0,51.89,102.07,46.00,706.00,null,null,null
2023-08-21T02:59:02Z,23.49,67.19,99,0,52.80,102.06,46.00,706.00,null,null,null
