TIME,TEMP,HUM,BATT,LIGHT,NOISE_A,PRESS,CCS811_VOCS,CCS811_ECO2,PM_1,PM_25,PM_10
ISO 8601,C,%,%,Lux,dBA,kPa,ppb,ppm,ug/m3,ug/m3,ug/m3
Time,Temperature,Humidity,Battery,Light,Noise dBA,Barometric pressure,VOC Gas CCS811,eCO2 Gas CCS811,PM 1.0,PM 2.5,PM 10.0
,55,56,10,14,53,58,113,112,89,87,88
2023-08-07T00:00:13Z,22.23,61.51,99,0,46.49,101.65,3.00,423.00,null,null,null
2023-08-07T00:01:13Z,22.23,61.52,99,0,48.02,101.65,3.00,420.00,null,null,null
2023-08-07T00:02:13Z,22.24,61.49,99,0,44.53,101.65,3.00,423.00,null,null,null
2023-08-07T00:03:13Z,22.21,61.51,99,0,42.43,101.64,3.00,423.00,null,null,null
2023-08-07T00:04:13Z,22.23,61.57,99,0,41.98,101.64,2.00,418.00,0,0,0
2023-08-07T00:05:13Z,22.20,61.50,99,0,47.05,101.64,0.00,405.00,null,null,null
2023-08-07T00:06:13Z,22.21,61.53,99,0,43.79,101.64,0.00,405.00,null,null,null
2023-08-07T00:07:13Z,22.21,61.54,99,0,44.90,101.64,1.00,408.00,null,null,null
2023-08-07T00:08:13Z,22.23,61.55,99,0,42.04,101.64,0.00,402.00,null,null,null
2023-08-07T00:09:13Z,22.20,61.54,99,0,48.60,101.64,0.00,400.00,0,0,0
2023-08-07T00:10:13Z,22.20,61.57,99,0,44.92,101.64,0.00,400.00,null,null,null
2023-08-07T00:11:13Z,22.21,61.58,99,0,44.15,101.64,0.00,402.00,null,null,null
2023-08-07T00:12:13Z,22.20,61.54,99,0,60.16,101.65,0.00,400.00,null,null,null
2023-08-07T00:13:13Z,22.21,61.56,99,0,46.18,101.64,0.00,403.00,null,null,null
2023-08-07T00:14:13Z,22.20,61.64,99,0,40.55,101.65,0.00,401.00,0,0,0
2023-08-07T00:15:13Z,22.20,61.56,99,0,43.61,101.65,0.00,400.00,null,null,null
2023-08-07T00:16:13Z,22.18,61.57,99,0,40.42,101.65,0.00,403.00,null,null,null
2023-08-07T00:17:13Z,22.21,61.58,99,0,40.41,101.65,0.00,405.00,null,null,null
2023-08-07T00:18:13Z,22.18,61.59,99,0,45.97,101.65,0.00,401.00,null,null,null
2023-08-07T00:19:13Z,22.18,61.65,99,0,43.79,101.65,0.00,400.00,0,0,0
2023-08-07T00:20:13Z,22.20,61.58,99,0,49.34,101.65,0.00,400.00,null,null,null
2023-08-07T00:21:13Z,22.21,61.57,99,0,48.30,101.65,0.00,400.00,null,null,null
2023-08-07T00:22:13Z,22.18,61.61,99,0,42.89,101.65,1.00,407.00,null,null,null
2023-08-07T00:23:13Z,22.17,61.62,99,0,43.74,101.65,0.00,405.00,null,null,null
2023-08-07T00:24:13Z,22.18,61.62,99,0,39.58,101.65,0.00,401.00,0,0,0
2023-08-07T00:25:13Z,22.18,61.58,99,0,43.27,101.65,0.00,400.00,null,null,null
2023-08-07T00:26:13Z,22.21,61.60,99,0,47.16,101.65,0.00,401.00,null,null,null
2023-08-07T00:27:13Z,22.17,61.61,99,0,45.00,101.66,0.00,403.00,null,null,null
2023-08-07T00:28:13Z,22.20,61.60,99,0,39.77,101.65,0.00,403.00,null,null,null
2023-08-07T00:29:13Z,22.17,61.61,99,0,42.52,101.66,0.00,400.00,0,0,0
2023-08-07T00:30:13Z,22.18,61.64,99,0,44.78,101.65,0.00,400.00,null,null,null
2023-08-07T00:31:13Z,22.17,61.61,99,0,44.75,101.65,0.00,401.00,null,null,null
2023-08-07T00:32:13Z,22.17,61.62,99,0,48.97,101.65,0.00,400.00,null,null,null
2023-08-07T00:33:13Z,22.17,61.64,99,0,48.17,101.65,0.00,403.00,null,null,null
2023-08-07T00:34:13Z,22.16,61.62,99,0,46.15,101.65,0.00,401.00,0,0,0
2023-08-07T00:35:13Z,22.17,61.56,99,0,46.85,101.65,0.00,400.00,null,null,null
2023-08-07T00:36:13Z,22.14,61.58,99,0,37.82,101.65,0.00,403.00,null,null,null
2023-08-07T00:37:13Z,22.17,61.63,99,0,45.89,101.65,0.00,403.00,null,null,null
2023-08-07T00:38:13Z,22.17,61.63,99,0,45.27,101.65,0.00,400.00,null,null,null
2023-08-07T00:39:13Z,22.14,61.68,99,0,42.77,101.65,0.00,403.00,0,0,0
2023-08-07T00:40:13Z,22.16,61.69,99,0,54.00,101.65,0.00,400.00,null,null,null
2023-08-07T00:41:13Z,22.17,61.64,99,0,44.13,101.65,0.00,403.00,null,null,null
2023-08-07T00:42:13Z,22.17,61.68,99,0,53.08,101.65,0.00,401.00,null,null,null
2023-08-07T00:43:13Z,22.17,61.67,99,0,44.24,101.65,0.00,400.00,null,null,null
2023-08-07T00:44:13Z,22.14,61.68,99,0,47.06,101.64,0.00,400.00,0,0,0
2023-08-07T00:45:13Z,22.16,61.67,99,0,44.24,101.64,0.00,400.00,null,null,null
2023-08-07T00:46:13Z,22.13,61.67,99,0,40.42,101.64,1.00,407.00,null,null,null
2023-08-07T00:47:13Z,22.16,61.65,99,0,46.03,101.64,0.00,406.00,null,null,null
2023-08-07T00:48:13Z,22.14,61.70,99,0,66.92,101.64,0.00,405.00,null,null,null
2023-08-07T00:49:13Z,22.13,61.67,99,0,44.24,101.64,0.00,401.00,0,0,0
2023-08-07T00:50:13Z,22.13,61.62,99,0,43.18,101.65,0.00,400.00,null,null,null
2023-08-07T00:51:13Z,22.13,61.63,99,0,38.69,101.64,0.00,400.00,null,null,null
2023-08-07T00:52:13Z,22.13,61.68,99,0,44.42,101.64,1.00,407.00,null,null,null
2023-08-07T00:53:13Z,22.13,61.64,99,0,43.53,101.64,0.00,403.00,null,null,null
2023-08-07T00:54:13Z,22.10,61.70,99,0,47.61,101.64,0.00,405.00,0,0,0
2023-08-07T00:55:13Z,22.14,61.69,99,0,44.73,101.64,0.00,400.00,null,null,null
2023-08-07T00:56:13Z,22.13,61.69,99,0,42.88,101.64,0.00,402.00,null,null,null
2023-08-07T00:57:13Z,22.13,61.70,99,0,44.85,101.64,0.00,400.00,null,null,null
2023-08-07T00:58:13Z,22.10,61.73,99,0,48.32,101.64,1.00,407.00,null,null,null
2023-08-07T00:59:13Z,22.13,61.69,99,0,42.44,101.64,0.00,403.00,0,0,0
2023-08-07T01:00:13Z,22.12,61.65,99,0,42.36,101.63,0.00,400.00,null,null,null
2023-08-07T01:01:13Z,22.10,61.69,99,0,46.36,101.64,0.00,405.00,null,null,null
2023-08-07T01:02:13Z,22.12,61.71,99,0,47.29,101.63,0.00,403.00,null,null,null
2023-08-07T01:03:13Z,22.10,61.71,99,0,46.72,101.63,0.00,402.00,null,null,null
2023-08-07T01:04:13Z,22.12,61.68,99,0,43.47,101.63,0.00,406.00,0,0,0
2023-08-07T01:05:13Z,22.10,61.68,99,0,47.54,101.63,0.00,400.00,null,null,null
2023-08-07T01:06:13Z,22.12,61.70,99,0,41.83,101.64,0.00,405.00,null,null,null
2023-08-07T01:07:13Z,22.09,61.71,99,0,43.82,101.64,0.00,403.00,null,null,null
2023-08-07T01:08:13Z,22.10,61.73,99,0,42.71,101.64,0.00,402.00,null,null,null
2023-08-07T01:09:13Z,22.07,61.69,99,0,44.87,101.64,0.00,400.00,0,0,0
2023-08-07T01:10:13Z,22.10,61.68,99,0,41.34,101.64,0.00,400.00,null,null,null
2023-08-07T01:11:13Z,22.10,61.69,99,0,43.32,101.64,0.00,400.00,null,null,null
2023-08-07T01:12:13Z,22.10,61.72,99,0,44.16,101.64,1.00,407.00,null,null,null
2023-08-07T01:13:13Z,22.09,61.73,99,0,45.67,101.64,0.00,403.00,null,null,null
2023-08-07T01:14:13Z,22.09,61.73,99,0,46.56,101.64,0.00,400.00,0,0,0
2023-08-07T01:15:13Z,22.09,61.72,99,0,46.89,101.64,0.00,400.00,null,null,null
2023-08-07T01:16:13Z,22.09,61.69,99,0,41.47,101.64,0.00,400.00,null,null,null
2023-08-07T01:17:13Z,22.09,61.71,99,0,41.01,101.64,0.00,405.00,null,null,null
2023-08-07T01:18:13Z,22.06,61.74,99,0,45.02,101.65,0.00,401.00,null,null,null
2023-08-07T01:19:13Z,22.07,61.73,99,0,46.09,101.65,0.00,400.00,0,0,0
2023-08-07T01:20:13Z,22.09,61.73,99,0,45.00,101.65,0.00,400.00,null,null,null
2023-08-07T01:21:13Z,22.09,61.72,99,0,43.10,101.65,0.00,405.00,null,null,null
2023-08-07T01:22:13Z,22.06,61.72,99,0,42.66,101.65,0.00,406.00,null,null,null
2023-08-07T01:23:13Z,22.10,61.73,99,0,39.89,101.65,0.00,405.00,null,null,null
2023-08-07T01:24:13Z,22.06,61.75,99,0,45.57,101.65,0.00,401.00,0,0,0
2023-08-07T01:25:13Z,22.07,61.72,99,0,42.09,101.65,0.00,400.00,null,null,null
2023-08-07T01:26:13Z,22.06,61.73,99,0,47.56,101.64,0.00,403.00,null,null,null
2023-08-07T01:27:13Z,22.06,61.72,99,0,44.26,101.65,0.00,405.00,null,null,null
2023-08-07T01:28:13Z,22.07,61.78,99,0,44.30,101.65,0.00,403.00,null,null,null
2023-08-07T01:29:13Z,22.04,61.73,99,0,42.20,101.65,0.00,400.00,0,0,0
2023-08-07T01:30:13Z,22.06,61.70,99,0,43.74,101.65,0.00,400.00,null,null,null
2023-08-07T01:31:13Z,22.06,61.73,99,0,44.87,101.64,0.00,403.00,null,null,null
2023-08-07T01:32:13Z,22.04,61.76,99,0,44.58,101.65,0.00,405.00,null,null,null
2023-08-07T01:33:13Z,22.06,61.74,99,0,45.92,101.65,0.00,400.00,null,null,null
2023-08-07T01:34:13Z,22.04,61.78,99,0,43.86,101.65,0.00,403.00,0,0,0
2023-08-07T01:35:13Z,22.06,61.74,99,0,43.59,101.65,0.00,400.00,null,null,null
2023-08-07T01:36:13Z,22.04,61.75,99,0,43.42,101.65,0.00,403.00,null,null,null
2023-08-07T01:37:13Z,22.02,61.74,99,0,46.96,101.65,0.00,400.00,null,null,null
2023-08-07T01:38:13Z,22.03,61.74,99,0,39.44,101.65,1.00,408.00,null,null,null
2023-08-07T01:39:13Z,22.02,61.78,99,0,41.16,101.65,0.00,405.00,0,0,0
2023-08-07T01:40:13Z,22.04,61.76,99,0,42.52,101.65,0.00,400.00,null,null,null
2023-08-07T01:41:13Z,22.03,61.74,99,0,46.64,101.65,0.00,400.00,null,null,null
2023-08-07T01:42:13Z,22.03,61.77,99,0,47.24,101.65,1.00,407.00,null,null,null
2023-08-07T01:43:13Z,22.02,61.80,99,0,48.33,101.64,0.00,405.00,null,null,null
2023-08-07T01:44:13Z,22.02,61.76,99,0,49.10,101.65,0.00,403.00,0,0,0
2023-08-07T01:45:13Z,22.02,61.80,99,0,47.07,101.65,0.00,400.00,null,null,null
2023-08-07T01:46:13Z,22.02,61.78,99,0,44.33,101.65,0.00,400.00,null,null,null
2023-08-07T01:47:13Z,22.02,61.82,99,0,45.44,101.65,0.00,403.00,null,null,null
2023-08-07T01:48:13Z,22.02,61.77,99,0,44.15,101.65,0.00,400.00,null,null,null
2023-08-07T01:49:13Z,22.00,61.80,99,0,41.32,101.65,0.00,405.00,0,0,0
2023-08-07T01:50:13Z,22.00,61.80,99,0,45.11,101.64,0.00,400.00,null,null,null
2023-08-07T01:51:13Z,22.02,61.80,99,0,41.36,101.65,0.00,400.00,null,null,null
2023-08-07T01:52:13Z,22.00,61.77,99,0,40.67,101.64,0.00,406.00,null,null,null
2023-08-07T01:53:13Z,22.00,61.78,99,0,41.43,101.64,0.00,406.00,null,null,null
2023-08-07T01:54:13Z,21.99,61.80,99,0,41.06,101.64,0.00,405.00,0,0,0
2023-08-07T01:55:13Z,21.97,61.78,99,0,46.75,101.64,0.00,400.00,null,null,null
2023-08-07T01:56:13Z,21.97,61.80,99,0,48.17,101.64,0.00,400.00,null,null,null
2023-08-07T01:57:13Z,22.00,61.80,99,0,45.57,101.64,0.00,406.00,null,null,null
2023-08-07T01:58:13Z,21.97,61.77,99,0,39.03,101.64,0.00,402.00,null,null,null
2023-08-07T01:59:13Z,21.99,61.80,99,0,43.72,101.64,0.00,405.00,0,0,0
2023-08-07T02:00:13Z,22.00,61.80,99,0,40.55,101.63,0.00,400.00,null,null,null
2023-08-07T02:01:13Z,22.00,61.84,99,0,42.39,101.63,0.00,403.00,null,null,null
2023-08-07T02:02:13Z,22.00,61.80,99,0,41.20,101.64,0.00,406.00,null,null,null
2023-08-07T02:03:13Z,22.00,61.83,99,0,47.96,101.64,0.00,405.00,null,null,null
2023-08-07T02:04:13Z,21.97,61.88,99,0,34.88,101.64,0.00,402.00,0,0,0
2023-08-07T02:05:13Z,21.99,61.76,99,0,47.61,101.64,0.00,400.00,null,null,null
2023-08-07T02:06:13Z,21.97,61.83,99,0,40.64,101.64,0.00,400.00,null,null,null
2023-08-07T02:07:13Z,21.99,61.84,99,0,41.92,101.64,0.00,403.00,null,null,null
2023-08-07T02:08:13Z,21.96,61.80,99,0,40.28,101.64,0.00,406.00,null,null,null
2023-08-07T02:09:13Z,21.96,61.79,99,0,44.07,101.64,0.00,405.00,0,0,0
2023-08-07T02:10:13Z,21.97,61.81,99,0,42.93,101.64,0.00,400.00,null,null,null
2023-08-07T02:11:13Z,21.97,61.83,99,0,45.85,101.63,0.00,405.00,null,null,null
2023-08-07T02:12:13Z,21.96,61.81,99,0,43.74,101.64,0.00,405.00,null,null,null
2023-08-07T02:13:13Z,21.96,61.83,99,0,37.58,101.64,1.00,409.00,null,null,null
2023-08-07T02:14:13Z,21.96,61.85,99,0,48.57,101.63,1.00,410.00,0,0,0
2023-08-07T02:15:13Z,21.96,61.86,99,0,47.32,101.63,0.00,400.00,null,null,null
2023-08-07T02:16:13Z,21.97,61.82,99,0,43.31,101.63,0.00,403.00,null,null,null
2023-08-07T02:17:13Z,21.94,61.85,99,0,46.53,101.63,0.00,400.00,null,null,null
2023-08-07T02:18:13Z,21.93,61.81,99,0,45.57,101.63,0.00,406.00,null,null,null
2023-08-07T02:19:13Z,21.93,61.85,99,0,44.35,101.63,0.00,402.00,0,0,0
2023-08-07T02:20:13Z,21.96,61.85,99,0,41.44,101.63,0.00,400.00,null,null,null
2023-08-07T02:21:13Z,21.96,61.84,99,0,45.08,101.63,0.00,400.00,null,null,null
2023-08-07T02:22:13Z,21.93,61.82,99,0,47.21,101.63,0.00,403.00,null,null,null
2023-08-07T02:23:13Z,21.93,61.85,99,0,39.93,101.63,0.00,400.00,null,null,null
2023-08-07T02:24:13Z,21.93,61.85,99,0,41.06,101.63,0.00,400.00,0,0,0
2023-08-07T02:25:13Z,21.93,61.85,99,0,37.33,101.63,0.00,400.00,null,null,null
2023-08-07T02:26:13Z,21.94,61.83,99,0,45.95,101.63,0.00,405.00,null,null,null
2023-08-07T02:27:13Z,21.94,61.82,99,0,43.80,101.63,0.00,405.00,null,null,null
2023-08-07T02:28:13Z,21.93,61.87,99,0,46.23,101.63,0.00,403.00,null,null,null
2023-08-07T02:29:13Z,21.93,61.89,99,0,43.95,101.63,0.00,401.00,0,0,0
2023-08-07T02:30:13Z,21.90,61.88,99,0,44.56,101.64,0.00,400.00,null,null,null
2023-08-07T02:31:13Z,21.93,61.80,99,0,40.08,101.63,0.00,405.00,null,null,null
2023-08-07T02:32:13Z,21.90,61.85,99,0,42.11,101.64,0.00,401.00,null,null,null
2023-08-07T02:33:13Z,21.90,61.85,99,0,46.50,101.64,0.00,405.00,null,null,null
2023-08-07T02:34:13Z,21.90,61.86,99,0,46.44,101.64,0.00,401.00,0,0,0
2023-08-07T02:35:13Z,21.90,61.88,99,0,43.63,101.64,0.00,400.00,null,null,null
2023-08-07T02:36:13Z,21.92,61.85,99,0,45.54,101.64,0.00,400.00,null,null,null
2023-08-07T02:37:13Z,21.92,61.83,99,0,42.08,101.64,0.00,405.00,null,null,null
2023-08-07T02:38:13Z,21.89,61.85,99,0,45.27,101.64,0.00,401.00,null,null,null
2023-08-07T02:39:13Z,21.88,61.87,99,0,46.95,101.64,0.00,405.00,0,0,0
2023-08-07T02:40:13Z,21.88,61.88,99,0,42.22,101.64,0.00,400.00,null,null,null
2023-08-07T02:41:13Z,21.90,61.89,99,0,40.73,101.64,0.00,403.00,null,null,null
2023-08-07T02:42:13Z,21.88,61.91,99,0,43.10,101.64,0.00,405.00,null,null,null
2023-08-07T02:43:13Z,21.88,61.86,99,0,46.89,101.64,0.00,405.00,null,null,null
2023-08-07T02:44:13Z,21.88,61.87,99,0,41.72,101.64,0.00,401.00,0,0,0
2023-08-07T02:45:13Z,21.89,61.93,99,0,39.71,101.64,0.00,400.00,null,null,null
2023-08-07T02:46:13Z,21.89,61.89,99,0,48.48,101.64,0.00,403.00,null,null,null
2023-08-07T02:47:13Z,21.89,61.89,99,0,46.83,101.65,0.00,400.00,null,null,null
2023-08-07T02:48:13Z,21.88,61.91,99,0,47.33,101.64,0.00,405.00,null,null,null
2023-08-07T02:49:13Z,21.88,61.86,99,0,41.46,101.65,0.00,401.00,0,0,0
2023-08-07T02:50:13Z,21.86,61.88,99,0,44.57,101.65,0.00,400.00,null,null,null
2023-08-07T02:51:13Z,21.88,61.91,99,0,40.84,101.65,0.00,400.00,null,null,null
2023-08-07T02:52:13Z,21.88,61.89,99,0,40.98,101.65,0.00,403.00,null,null,null
2023-08-07T02:53:13Z,21.86,61.90,99,0,43.77,101.65,0.00,405.00,null,null,null
2023-08-07T02:54:13Z,21.85,61.87,99,0,42.99,101.65,0.00,405.00,0,0,0
2023-08-07T02:55:13Z,21.86,61.93,99,0,42.53,101.65,0.00,400.00,null,null,null
2023-08-07T02:56:13Z,21.86,61.90,99,0,40.54,101.65,0.00,400.00,null,null,null
2023-08-07T02:57:13Z,21.86,61.92,99,0,47.05,101.65,0.00,403.00,null,null,null
2023-08-07T02:58:13Z,21.86,61.94,99,0,41.76,101.65,0.00,400.00,null,null,null
2023-08-07T02:59:13Z,21.86,61.92,99,0,47.06,101.64,0.00,400.00,0,0,0
2023-08-07T03:00:13Z,21.88,61.95,99,0,46.84,101.64,0.00,400.00,null,null,null
2023-08-07T03:01:13Z,21.89,61.92,99,0,42.45,101.64,0.00,400.00,null,null,null
2023-08-07T03:02:13Z,21.85,61.91,99,0,43.93,101.65,1.00,409.00,null,null,null
2023-08-07T03:03:13Z,21.85,61.94,99,0,45.45,101.64,0.00,406.00,null,null,null
2023-08-07T03:04:13Z,21.83,61.94,99,0,45.88,101.64,0.00,406.00,0,0,0
2023-08-07T03:05:13Z,21.83,61.94,99,0,49.06,101.65,0.00,400.00,null,null,null
2023-08-07T03:06:13Z,21.83,61.96,99,0,45.24,101.64,0.00,400.00,null,null,null
2023-08-07T03:07:13Z,21.83,61.98,99,0,44.94,101.65,0.00,406.00,null,null,null
2023-08-07T03:08:13Z,21.83,61.96,99,0,43.80,101.65,0.00,406.00,null,null,null
2023-08-07T03:09:13Z,21.83,62.03,99,0,43.89,101.65,0.00,406.00,0,0,0
2023-08-07T03:10:13Z,21.85,61.99,99,0,44.70,101.64,0.00,400.00,null,null,null
2023-08-07T03:11:13Z,21.85,61.98,99,0,45.85,101.64,0.00,400.00,null,null,null
2023-08-07T03:12:13Z,21.86,62.02,99,0,42.85,101.63,1.00,409.00,null,null,null
2023-08-07T03:13:13Z,21.85,62.03,99,0,45.72,101.63,1.00,410.00,null,null,null
2023-08-07T03:14:13Z,21.85,62.10,99,0,42.11,101.64,1.00,410.00,0,0,0
2023-08-07T03:15:13Z,21.83,62.14,99,0,49.59,101.65,0.00,402.00,null,null,null
2023-08-07T03:16:13Z,21.83,62.15,99,0,44.60,101.64,0.00,401.00,null,null,null
2023-08-07T03:17:13Z,21.83,62.15,99,0,44.31,101.64,1.00,407.00,null,null,null
2023-08-07T03:18:13Z,21.82,62.20,99,0,48.82,101.64,1.00,411.00,null,null,null
2023-08-07T03:19:13Z,21.83,62.21,99,0,44.41,101.64,1.00,411.00,0,0,0
2023-08-07T03:20:13Z,21.83,62.30,99,0,43.91,101.64,0.00,401.00,null,null,null
2023-08-07T03:21:13Z,21.83,62.23,99,0,39.72,101.64,0.00,400.00,null,null,null
2023-08-07T03:22:13Z,21.83,62.27,99,0,43.77,101.65,1.00,409.00,null,null,null
2023-08-07T03:23:13Z,21.83,62.24,99,0,48.12,101.65,0.00,406.00,null,null,null
2023-08-07T03:24:13Z,21.83,62.29,99,0,48.37,101.64,1.00,409.00,0,0,0
2023-08-07T03:25:13Z,21.85,62.37,99,0,41.64,101.64,0.00,400.00,null,null,null
2023-08-07T03:26:13Z,21.85,62.37,99,0,43.64,101.64,0.00,400.00,null,null,null
2023-08-07T03:27:13Z,21.83,62.37,99,0,42.31,101.64,0.00,406.00,null,null,null
2023-08-07T03:28:13Z,21.86,62.43,99,0,42.26,101.64,0.00,406.00,null,null,null
