TIME,TEMP,HUM,BATT,LIGHT,NOISE_A,PRESS,CCS811_VOCS,CCS811_ECO2,PM_1,PM_25,PM_10
ISO 8601,C,%,%,Lux,dBA,kPa,ppb,ppm,ug/m3,ug/m3,ug/m3
Time,Temperature,Humidity,Battery,Light,Noise dBA,Barometric pressure,VOC Gas CCS811,eCO2 Gas CCS811,PM 1.0,PM 2.5,PM 10.0
,55,56,10,14,53,58,113,112,89,87,88
2023-09-11T00:00:02Z,26.93,64.37,99,0,65.41,101.05,51.00,737.00,0,0,0
2023-09-11T00:01:02Z,26.94,64.45,99,0,65.00,101.05,48.00,717.00,null,null,null
2023-09-11T00:02:02Z,26.94,64.42,99,0,61.04,101.05,50.00,730.00,null,null,null
2023-09-11T00:03:02Z,26.91,64.42,99,0,60.21,101.05,47.00,712.00,null,null,null
2023-09-11T00:04:02Z,26.93,64.45,99,0,60.34,101.05,47.00,712.00,null,null,null
2023-09-11T00:05:02Z,26.91,64.46,99,0,62.97,101.06,46.00,706.00,0,0,0
2023-09-11T00:06:02Z,26.91,64.50,99,0,66.10,101.05,46.00,706.00,null,null,null
2023-09-11T00:07:02Z,26.90,64.49,99,0,60.77,101.05,45.00,699.00,null,null,null
2023-09-11T00:08:02Z,26.90,64.46,99,0,60.79,101.05,45.00,699.00,null,null,null
2023-09-11T00:09:02Z,26.90,64.50,99,0,59.59,101.05,45.00,699.00,null,null,null
2023-09-11T00:10:02Z,26.88,64.54,99,0,53.77,101.05,45.00,699.00,0,0,0
2023-09-11T00:11:02Z,26.91,64.48,99,0,66.08,101.05,44.00,690.00,null,null,null
2023-09-11T00:12:02Z,26.87,64.58,99,0,59.71,101.05,45.00,699.00,null,null,null
2023-09-11T00:13:02Z,26.87,64.57,99,0,59.19,101.05,44.00,690.00,null,null,null
2023-09-11T00:14:02Z,26.86,64.61,99,0,60.89,101.05,44.00,690.00,null,null,null
2023-09-11T00:15:02Z,26.84,64.59,99,0,64.44,101.05,42.00,682.00,0,0,0
2023-09-11T00:16:02Z,26.87,64.58,99,0,57.26,101.05,42.00,682.00,null,null,null
2023-09-11T00:17:02Z,26.84,64.57,99,0,65.46,101.05,42.00,682.00,null,null,null
2023-09-11T00:18:02Z,26.83,64.61,99,0,63.51,101.05,41.00,672.00,null,null,null
2023-09-11T00:19:02Z,26.84,64.62,99,0,57.45,101.05,41.00,672.00,null,null,null
2023-09-11T00:20:02Z,26.81,64.67,99,0,59.24,101.04,41.00,672.00,0,0,0
2023-09-11T00:21:02Z,26.86,64.69,99,0,58.58,101.04,40.00,665.00,null,null,null
2023-09-11T00:22:02Z,26.80,64.65,99,0,65.78,101.04,39.00,656.00,null,null,null
2023-09-11T00:23:02Z,26.81,64.69,99,0,61.73,101.04,39.00,656.00,null,null,null
2023-09-11T00:24:02Z,26.79,64.70,99,0,62.29,101.04,39.00,656.00,null,null,null
2023-09-11T00:25:02Z,26.77,64.77,99,0,60.40,101.03,37.00,649.00,0,0,0
2023-09-11T00:26:02Z,26.79,64.71,99,0,64.64,101.03,36.00,641.00,null,null,null
2023-09-11T00:27:02Z,26.77,64.77,99,0,59.54,101.03,36.00,640.00,null,null,null
2023-09-11T00:28:02Z,26.77,64.71,99,0,56.39,101.03,35.00,633.00,null,null,null
2023-09-11T00:29:02Z,26.77,64.77,99,0,56.37,101.03,35.00,633.00,null,null,null
2023-09-11T00:30:02Z,26.76,64.81,99,0,62.68,101.03,35.00,633.00,0,0,0
2023-09-11T00:31:02Z,26.76,64.81,99,0,67.67,101.02,34.00,626.00,null,null,null
2023-09-11T00:32:02Z,26.76,64.77,99,0,62.42,101.02,34.00,626.00,null,null,null
2023-09-11T00:33:02Z,26.74,64.77,99,0,64.42,101.02,35.00,633.00,null,null,null
2023-09-11T00:34:02Z,26.71,64.84,99,0,61.56,101.03,40.00,668.00,null,null,null
2023-09-11T00:35:02Z,26.73,64.82,99,0,68.37,101.03,40.00,668.00,0,0,0
2023-09-11T00:36:02Z,26.74,64.83,99,0,59.61,101.03,40.00,668.00,null,null,null
2023-09-11T00:37:02Z,26.74,64.84,99,0,60.25,101.03,40.00,668.00,null,null,null
2023-09-11T00:38:02Z,26.71,64.80,99,0,64.37,101.02,40.00,668.00,null,null,null
2023-09-11T00:39:02Z,26.70,64.87,99,0,52.94,101.03,39.00,656.00,null,null,null
2023-09-11T00:40:02Z,26.70,64.81,99,0,58.40,101.03,40.00,668.00,0,0,0
2023-09-11T00:41:02Z,26.71,64.88,99,0,59.51,101.03,39.00,656.00,null,null,null
2023-09-11T00:42:02Z,26.68,64.83,99,0,60.33,101.03,40.00,668.00,null,null,null
2023-09-11T00:43:02Z,26.67,64.83,99,0,63.98,101.03,39.00,656.00,null,null,null
2023-09-11T00:44:02Z,26.70,64.89,99,0,56.95,101.03,39.00,656.00,null,null,null
2023-09-11T00:45:02Z,26.67,64.94,99,0,63.64,101.03,37.00,649.00,0,0,0
2023-09-11T00:46:02Z,26.66,64.85,99,0,64.06,101.03,37.00,649.00,null,null,null
2023-09-11T00:47:02Z,26.67,64.85,99,0,63.94,101.02,39.00,656.00,null,null,null
2023-09-11T00:48:02Z,26.66,64.93,99,0,66.78,101.03,39.00,656.00,null,null,null
2023-09-11T00:49:02Z,26.67,64.95,99,0,61.57,101.02,39.00,656.00,null,null,null
2023-09-11T00:50:02Z,26.64,64.98,99,0,63.91,101.02,39.00,656.00,0,0,0
2023-09-11T00:51:02Z,26.64,65.00,99,0,60.69,101.01,37.00,649.00,null,null,null
2023-09-11T00:52:02Z,26.63,64.97,99,0,63.74,101.01,37.00,649.00,null,null,null
2023-09-11T00:53:02Z,26.64,64.95,99,0,59.75,101.02,37.00,649.00,null,null,null
2023-09-11T00:54:02Z,26.59,64.97,99,0,64.36,101.01,37.00,649.00,null,null,null
2023-09-11T00:55:02Z,26.62,64.98,99,0,55.12,101.01,36.00,641.00,0,0,0
2023-09-11T00:56:02Z,26.63,64.98,99,0,57.55,101.02,36.00,641.00,null,null,null
2023-09-11T00:57:02Z,26.60,65.01,99,0,62.31,101.02,37.00,649.00,null,null,null
2023-09-11T00:58:02Z,26.59,65.04,99,0,57.99,101.02,36.00,641.00,null,null,null
2023-09-11T00:59:02Z,26.60,65.08,99,0,59.06,101.01,36.00,641.00,null,null,null
2023-09-11T01:00:02Z,26.57,65.13,99,0,60.18,101.01,36.00,638.00,0,0,0
2023-09-11T01:01:02Z,26.59,65.17,99,0,65.37,101.02,36.00,638.00,null,null,null
2023-09-11T01:02:02Z,26.60,65.10,99,0,66.58,101.01,36.00,638.00,null,null,null
2023-09-11T01:03:02Z,26.57,65.22,99,0,60.16,101.01,36.00,638.00,null,null,null
2023-09-11T01:04:02Z,26.56,65.19,99,0,62.76,101.01,36.00,638.00,null,null,null
2023-09-11T01:05:02Z,26.57,65.19,99,0,53.23,101.02,34.00,627.00,0,0,0
2023-09-11T01:06:02Z,26.57,65.17,99,0,65.53,101.02,34.00,627.00,null,null,null
2023-09-11T01:07:02Z,26.57,65.14,99,0,55.86,101.01,36.00,638.00,null,null,null
2023-09-11T01:08:02Z,26.56,65.23,99,0,52.85,101.02,36.00,638.00,null,null,null
2023-09-11T01:09:02Z,26.53,65.19,99,0,56.12,101.01,34.00,627.00,null,null,null
2023-09-11T01:10:02Z,26.52,65.23,99,0,59.34,101.02,34.00,627.00,0,0,0
2023-09-11T01:11:02Z,26.53,65.19,99,0,65.69,101.02,34.00,627.00,null,null,null
2023-09-11T01:12:02Z,26.52,65.17,99,0,62.05,101.01,34.00,627.00,null,null,null
2023-09-11T01:13:02Z,26.50,65.15,99,0,58.54,101.01,34.00,627.00,null,null,null
2023-09-11T01:14:02Z,26.52,65.19,99,0,57.46,101.02,34.00,627.00,null,null,null
2023-09-11T01:15:02Z,26.49,65.23,99,0,57.15,101.01,34.00,627.00,0,0,0
2023-09-11T01:16:02Z,26.50,65.18,99,0,66.02,101.01,33.00,620.00,null,null,null
2023-09-11T01:17:02Z,26.52,65.17,99,0,62.92,101.01,33.00,620.00,null,null,null
2023-09-11T01:18:02Z,26.50,65.12,99,0,59.55,101.01,33.00,620.00,null,null,null
2023-09-11T01:19:02Z,26.49,65.14,99,0,60.47,101.01,33.00,620.00,null,null,null
2023-09-11T01:20:02Z,26.50,65.16,99,0,56.58,101.01,33.00,620.00,0,0,0
2023-09-11T01:21:02Z,26.49,65.18,99,0,60.57,101.01,32.00,614.00,null,null,null
2023-09-11T01:22:02Z,26.49,65.12,99,0,55.13,101.01,32.00,614.00,null,null,null
2023-09-11T01:23:02Z,26.49,65.17,99,0,62.08,101.01,32.00,611.00,null,null,null
2023-09-11T01:24:02Z,26.47,65.17,99,0,60.42,101.01,32.00,611.00,null,null,null
2023-09-11T01:25:02Z,26.44,65.18,99,0,62.06,101.01,30.00,599.00,0,0,0
2023-09-11T01:26:02Z,26.47,65.19,99,0,57.84,101.01,30.00,599.00,null,null,null
2023-09-11T01:27:02Z,26.47,65.20,99,0,65.44,101.01,30.00,599.00,null,null,null
2023-09-11T01:28:02Z,26.47,65.19,99,0,61.98,101.01,30.00,599.00,null,null,null
2023-09-11T01:29:02Z,26.44,65.22,99,0,57.34,101.01,30.00,599.00,null,null,null
2023-09-11T01:30:02Z,26.43,65.23,99,0,60.62,101.02,29.00,592.00,0,0,0
2023-09-11T01:31:02Z,26.44,65.22,99,0,63.26,101.01,29.00,592.00,null,null,null
2023-09-11T01:32:02Z,26.46,65.18,99,0,63.66,101.02,29.00,592.00,null,null,null
2023-09-11T01:33:02Z,26.44,65.12,99,0,53.17,101.02,29.00,592.00,null,null,null
2023-09-11T01:34:02Z,26.40,65.22,99,0,61.57,101.02,29.00,592.00,null,null,null
2023-09-11T01:35:02Z,26.40,65.29,99,0,60.02,101.02,29.00,592.00,0,0,0
2023-09-11T01:36:02Z,26.42,65.20,99,0,60.06,101.02,28.00,588.00,null,null,null
2023-09-11T01:37:02Z,26.42,65.23,99,0,59.20,101.03,29.00,592.00,null,null,null
2023-09-11T01:38:02Z,26.40,65.21,99,0,63.30,101.02,29.00,592.00,null,null,null
2023-09-11T01:39:02Z,26.40,65.19,99,0,59.54,101.02,29.00,592.00,null,null,null
2023-09-11T01:40:02Z,26.40,65.19,99,0,59.16,101.03,29.00,592.00,0,0,0
2023-09-11T01:41:02Z,26.40,65.25,99,0,63.33,101.03,29.00,592.00,null,null,null
2023-09-11T01:42:02Z,26.37,65.24,99,0,63.67,101.02,27.00,580.00,null,null,null
2023-09-11T01:43:02Z,26.39,65.18,99,0,54.00,101.02,27.00,578.00,null,null,null
2023-09-11T01:44:02Z,26.36,65.19,99,0,59.46,101.02,27.00,578.00,null,null,null
2023-09-11T01:45:02Z,26.36,65.23,99,0,60.14,101.02,28.00,586.00,0,0,0
2023-09-11T01:46:02Z,26.36,65.22,99,0,54.91,101.02,27.00,578.00,null,null,null
2023-09-11T01:47:02Z,26.37,65.21,99,0,55.13,101.02,27.00,578.00,null,null,null
2023-09-11T01:48:02Z,26.37,65.22,99,0,56.74,101.02,28.00,586.00,null,null,null
2023-09-11T01:49:02Z,26.35,65.21,99,0,57.89,101.02,27.00,578.00,null,null,null
2023-09-11T01:50:02Z,26.35,65.25,99,0,62.12,101.02,27.00,578.00,0,0,0
2023-09-11T01:51:02Z,26.35,65.27,99,0,60.84,101.02,27.00,580.00,null,null,null
2023-09-11T01:52:02Z,26.35,65.24,99,0,62.94,101.01,26.00,574.00,null,null,null
2023-09-11T01:53:02Z,26.35,65.20,99,0,57.66,101.02,27.00,578.00,null,null,null
2023-09-11T01:54:02Z,26.33,65.25,99,0,60.87,101.02,25.00,570.00,null,null,null
2023-09-11T01:55:02Z,26.32,65.25,99,0,65.22,101.01,26.00,574.00,0,0,0
2023-09-11T01:56:02Z,26.30,65.26,99,0,59.31,101.02,26.00,574.00,null,null,null
2023-09-11T01:57:02Z,26.30,65.27,99,0,57.77,101.02,26.00,574.00,null,null,null
2023-09-11T01:58:02Z,26.32,65.25,99,0,56.06,101.01,25.00,566.00,null,null,null
2023-09-11T01:59:02Z,26.30,65.30,99,0,55.09,101.01,25.00,566.00,null,null,null
2023-09-11T02:00:02Z,26.32,65.32,99,0,60.35,101.01,24.00,561.00,0,0,0
2023-09-11T02:01:02Z,26.30,65.30,99,0,61.72,101.01,25.00,566.00,null,null,null
2023-09-11T02:02:02Z,26.28,65.27,99,0,65.95,101.01,24.00,561.00,null,null,null
2023-09-11T02:03:02Z,26.29,65.27,99,0,55.18,101.01,25.00,566.00,null,null,null
2023-09-11T02:04:02Z,26.32,65.33,99,0,61.16,101.01,24.00,561.00,null,null,null
2023-09-11T02:05:02Z,26.28,65.29,99,0,57.83,101.01,25.00,566.00,0,0,0
2023-09-11T02:06:02Z,26.29,65.27,99,0,64.27,101.01,24.00,561.00,null,null,null
2023-09-11T02:07:02Z,26.29,65.29,99,0,55.33,101.01,25.00,566.00,null,null,null
2023-09-11T02:08:02Z,26.25,65.36,99,0,58.67,101.00,23.00,553.00,null,null,null
2023-09-11T02:09:02Z,26.25,65.37,99,0,61.69,101.00,24.00,561.00,null,null,null
2023-09-11T02:10:02Z,26.25,65.37,99,0,57.27,101.00,22.00,548.00,0,0,0
2023-09-11T02:11:02Z,26.25,65.37,99,0,68.16,101.01,23.00,553.00,null,null,null
2023-09-11T02:12:02Z,26.26,65.34,99,0,54.40,101.01,23.00,553.00,null,null,null
2023-09-11T02:13:02Z,26.23,65.33,99,0,64.31,101.01,23.00,553.00,null,null,null
2023-09-11T02:14:02Z,26.26,65.36,99,0,64.65,101.01,22.00,546.00,null,null,null
2023-09-11T02:15:02Z,26.25,65.36,99,0,52.24,101.01,19.00,527.00,0,0,0
2023-09-11T02:16:02Z,26.25,65.36,99,0,55.76,101.01,16.00,508.00,null,null,null
2023-09-11T02:17:02Z,26.25,65.40,99,0,58.77,101.01,18.00,523.00,null,null,null
2023-09-11T02:18:02Z,26.23,65.45,99,0,61.42,101.00,18.00,523.00,null,null,null
2023-09-11T02:19:02Z,26.22,65.42,99,0,65.27,101.00,17.00,517.00,null,null,null
2023-09-11T02:20:02Z,26.19,65.47,99,0,60.90,101.00,17.00,517.00,0,0,0
2023-09-11T02:21:02Z,26.23,65.41,99,0,61.48,101.00,16.00,506.00,null,null,null
2023-09-11T02:22:02Z,26.21,65.48,99,0,58.48,101.01,17.00,517.00,null,null,null
2023-09-11T02:23:02Z,26.21,65.47,99,0,57.85,101.01,18.00,523.00,null,null,null
2023-09-11T02:24:02Z,26.21,65.50,99,0,52.32,101.00,17.00,517.00,null,null,null
2023-09-11T02:25:02Z,26.18,65.57,99,0,61.02,101.01,18.00,523.00,0,0,0
2023-09-11T02:26:02Z,26.19,65.56,99,0,60.30,101.01,17.00,517.00,null,null,null
2023-09-11T02:27:02Z,26.18,65.55,99,0,60.16,101.00,18.00,523.00,null,null,null
2023-09-11T02:28:02Z,26.18,65.57,99,0,55.81,101.00,18.00,523.00,null,null,null
2023-09-11T02:29:02Z,26.16,65.59,99,0,60.22,101.00,17.00,517.00,null,null,null
2023-09-11T02:30:02Z,26.15,65.67,99,0,65.65,101.00,18.00,523.00,0,0,0
2023-09-11T02:31:02Z,26.18,65.53,99,0,63.02,101.00,17.00,517.00,null,null,null
2023-09-11T02:32:02Z,26.15,65.53,99,0,64.48,101.00,17.00,517.00,null,null,null
2023-09-11T02:33:02Z,26.16,65.49,99,0,62.60,101.00,17.00,517.00,null,null,null
2023-09-11T02:34:02Z,26.18,65.52,99,0,61.27,101.00,18.00,523.00,null,null,null
2023-09-11T02:35:02Z,26.12,65.53,99,0,65.45,101.00,18.00,523.00,0,0,0
2023-09-11T02:36:02Z,26.15,65.50,99,0,64.99,101.00,17.00,517.00,null,null,null
2023-09-11T02:37:02Z,26.16,65.50,99,0,64.41,101.00,17.00,517.00,null,null,null
2023-09-11T02:38:02Z,26.15,65.51,99,0,60.91,101.00,18.00,523.00,null,null,null
2023-09-11T02:39:02Z,26.13,65.58,99,0,56.71,101.00,17.00,517.00,null,null,null
2023-09-11T02:40:02Z,26.11,65.61,99,0,54.22,101.00,17.00,517.00,0,0,0
2023-09-11T02:41:02Z,26.13,65.60,99,0,63.77,101.00,17.00,517.00,null,null,null
2023-09-11T02:42:02Z,26.09,65.63,99,0,61.83,101.00,17.00,517.00,null,null,null
2023-09-11T02:43:02Z,26.12,65.57,99,0,63.99,101.00,18.00,523.00,null,null,null
2023-09-11T02:44:02Z,26.12,65.64,99,0,58.73,101.00,17.00,517.00,null,null,null
2023-09-11T02:45:02Z,26.11,65.70,99,0,57.43,100.99,17.00,517.00,0,0,0
2023-09-11T02:46:02Z,26.12,65.63,99,0,56.60,100.99,17.00,517.00,null,null,null
2023-09-11T02:47:02Z,26.11,65.66,99,0,62.50,100.99,17.00,517.00,null,null,null
2023-09-11T02:48:02Z,26.09,65.71,99,0,69.08,100.99,17.00,517.00,null,null,null
2023-09-11T02:49:02Z,26.08,65.81,99,0,58.32,100.99,17.00,517.00,null,null,null
2023-09-11T02:50:02Z,26.09,65.81,99,0,59.07,100.99,16.00,508.00,0,0,0
2023-09-11T02:51:02Z,26.11,65.75,99,0,58.30,100.99,16.00,508.00,null,null,null
2023-09-11T02:52:02Z,26.08,65.75,99,0,58.53,100.99,17.00,518.00,null,null,null
2023-09-11T02:53:02Z,26.08,65.79,99,0,59.36,100.99,18.00,523.00,null,null,null
2023-09-11T02:54:02Z,26.05,65.79,99,0,61.72,100.99,17.00,518.00,null,null,null
2023-09-11T02:55:02Z,26.08,65.77,99,0,54.46,100.98,18.00,523.00,0,0,0
2023-09-11T02:56:02Z,26.09,65.74,99,0,61.29,100.98,18.00,523.00,null,null,null
2023-09-11T02:57:02Z,26.06,65.71,99,0,60.37,100.98,19.00,527.00,null,null,null
2023-09-11T02:58:02Z,26.06,65.74,99,0,60.71,100.99,19.00,527.00,null,null,null
2023-09-11T02:59:02Z,26.05,65.76,99,0,60.68,100.99,18.00,523.00,null,null,null
