TIME,TEMP,HUM,BATT,LIGHT,NOISE_A,PRESS,CCS811_VOCS,CCS811_ECO2,PM_1,PM_25,PM_10
ISO 8601,C,%,%,Lux,dBA,kPa,ppb,ppm,ug/m3,ug/m3,ug/m3
Time,Temperature,Humidity,Battery,Light,Noise dBA,Barometric pressure,VOC Gas CCS811,eCO2 Gas CCS811,PM 1.0,PM 2.5,PM 10.0
,55,56,10,14,53,58,113,112,89,87,88
2023-09-19T00:00:03Z,22.75,55.56,43,0,31.57,100.53,1.00,413.00,0,0,0
2023-09-19T00:01:03Z,22.74,55.58,42,0,32.11,100.54,1.00,413.00,null,null,null
2023-09-19T00:02:03Z,22.77,55.55,42,0,27.73,100.53,3.00,425.00,null,null,null
2023-09-19T00:03:03Z,22.75,55.59,43,0,26.95,100.53,2.00,417.00,null,null,null
2023-09-19T00:04:03Z,22.73,55.56,42,0,25.35,100.53,1.00,413.00,null,null,null
2023-09-19T00:05:03Z,22.75,55.60,42,0,33.21,100.53,3.00,425.00,0,0,0
2023-09-19T00:06:03Z,22.73,55.66,42,0,26.19,100.53,2.00,417.00,null,null,null
2023-09-19T00:07:03Z,22.74,55.60,42,0,26.43,100.52,3.00,425.00,null,null,null
2023-09-19T00:08:03Z,22.73,55.58,42,0,23.49,100.53,3.00,425.00,null,null,null
2023-09-19T00:09:03Z,22.73,55.58,42,0,28.39,100.52,3.00,425.00,null,null,null
2023-09-19T00:10:03Z,22.74,55.65,42,0,29.43,100.53,3.00,425.00,0,0,0
2023-09-19T00:11:03Z,22.74,55.66,42,0,30.31,100.53,5.00,434.00,null,null,null
2023-09-19T00:12:03Z,22.73,55.64,42,0,30.60,100.52,5.00,434.00,null,null,null
2023-09-19T00:13:03Z,22.74,55.61,42,0,29.04,100.52,5.00,434.00,null,null,null
2023-09-19T00:14:03Z,22.71,55.59,42,0,27.94,100.52,5.00,434.00,null,null,null
2023-09-19T00:15:03Z,22.70,55.66,42,0,28.37,100.52,5.00,434.00,0,0,0
2023-09-19T00:16:03Z,22.71,55.65,42,0,33.44,100.53,3.00,425.00,null,null,null
2023-09-19T00:17:03Z,22.74,55.58,42,0,28.68,100.52,3.00,425.00,null,null,null
2023-09-19T00:18:03Z,22.74,55.64,42,0,27.36,100.52,5.00,434.00,null,null,null
2023-09-19T00:19:03Z,22.73,55.63,42,0,29.16,100.52,5.00,434.00,null,null,null
2023-09-19T00:20:03Z,22.70,55.60,42,0,33.37,100.51,5.00,436.00,0,0,0
2023-09-19T00:21:03Z,22.73,55.63,42,0,31.99,100.52,5.00,434.00,null,null,null
2023-09-19T00:22:03Z,22.71,55.68,42,0,26.24,100.52,5.00,436.00,null,null,null
2023-09-19T00:23:03Z,22.73,55.68,42,0,26.31,100.52,5.00,436.00,null,null,null
2023-09-19T00:24:03Z,22.70,55.71,42,0,26.50,100.51,5.00,436.00,null,null,null
2023-09-19T00:25:03Z,22.67,55.70,42,0,32.24,100.51,5.00,436.00,0,0,0
2023-09-19T00:26:03Z,22.71,55.73,42,0,31.76,100.51,5.00,436.00,null,null,null
2023-09-19T00:27:03Z,22.71,55.64,42,0,26.53,100.52,5.00,436.00,null,null,null
2023-09-19T00:28:03Z,22.70,55.67,42,0,23.35,100.51,5.00,436.00,null,null,null
2023-09-19T00:29:03Z,22.70,55.69,43,0,28.01,100.51,5.00,436.00,null,null,null
2023-09-19T00:30:03Z,22.67,55.72,42,0,32.26,100.51,5.00,436.00,0,0,0
2023-09-19T00:31:03Z,22.69,55.70,42,0,32.30,100.50,5.00,436.00,null,null,null
2023-09-19T00:32:03Z,22.69,55.68,42,0,27.02,100.50,5.00,436.00,null,null,null
2023-09-19T00:33:03Z,22.70,55.70,42,0,29.62,100.50,5.00,436.00,null,null,null
2023-09-19T00:34:03Z,22.69,55.71,42,0,27.34,100.50,5.00,436.00,null,null,null
2023-09-19T00:35:03Z,22.67,55.71,42,0,32.25,100.50,5.00,436.00,0,0,0
2023-09-19T00:36:03Z,22.67,55.72,42,0,29.30,100.51,5.00,436.00,null,null,null
2023-09-19T00:37:03Z,22.69,55.71,42,0,26.24,100.50,5.00,436.00,null,null,null
2023-09-19T00:38:03Z,22.69,55.74,42,0,27.71,100.50,5.00,436.00,null,null,null
2023-09-19T00:39:03Z,22.69,55.76,42,0,24.15,100.50,5.00,436.00,null,null,null
2023-09-19T00:40:03Z,22.66,55.74,42,0,30.43,100.50,5.00,433.00,0,0,0
2023-09-19T00:41:03Z,22.67,55.74,42,0,33.26,100.51,5.00,434.00,null,null,null
2023-09-19T00:42:03Z,22.69,55.76,42,0,29.89,100.51,5.00,434.00,null,null,null
2023-09-19T00:43:03Z,22.66,55.69,42,0,23.35,100.50,5.00,434.00,null,null,null
2023-09-19T00:44:03Z,22.67,55.65,42,0,27.73,100.51,5.00,433.00,null,null,null
2023-09-19T00:45:03Z,22.63,55.77,42,0,29.82,100.51,5.00,436.00,0,0,0
2023-09-19T00:46:03Z,22.67,55.76,42,0,30.48,100.52,3.00,422.00,null,null,null
2023-09-19T00:47:03Z,22.64,55.74,42,0,25.76,100.52,5.00,433.00,null,null,null
2023-09-19T00:48:03Z,22.64,55.74,42,0,28.93,100.52,5.00,436.00,null,null,null
2023-09-19T00:49:03Z,22.66,55.77,42,0,27.12,100.52,5.00,436.00,null,null,null
2023-09-19T00:50:03Z,22.63,55.82,42,0,32.54,100.53,5.00,433.00,0,0,0
2023-09-19T00:51:03Z,22.66,55.78,42,0,29.60,100.53,5.00,433.00,null,null,null
2023-09-19T00:52:03Z,22.67,55.77,42,0,34.04,100.53,5.00,433.00,null,null,null
2023-09-19T00:53:03Z,22.64,55.77,42,0,26.60,100.52,5.00,433.00,null,null,null
2023-09-19T00:54:03Z,22.64,55.78,42,0,27.38,100.53,5.00,433.00,null,null,null
2023-09-19T00:55:03Z,22.60,55.77,42,0,29.04,100.53,5.00,433.00,0,0,0
2023-09-19T00:56:03Z,22.64,55.81,42,0,28.14,100.52,4.00,428.00,null,null,null
2023-09-19T00:57:03Z,22.64,55.79,42,0,29.57,100.53,4.00,428.00,null,null,null
2023-09-19T00:58:03Z,22.66,55.75,42,0,29.95,100.53,4.00,428.00,null,null,null
2023-09-19T00:59:03Z,22.64,55.78,42,0,26.43,100.53,4.00,428.00,null,null,null
2023-09-19T01:00:03Z,22.61,55.76,42,0,31.62,100.53,4.00,428.00,0,0,0
2023-09-19T01:01:03Z,22.61,55.80,42,0,28.98,100.53,4.00,428.00,null,null,null
2023-09-19T01:02:03Z,22.63,55.77,42,0,31.22,100.53,4.00,428.00,null,null,null
2023-09-19T01:03:03Z,22.61,55.83,42,0,25.26,100.53,3.00,422.00,null,null,null
2023-09-19T01:04:03Z,22.61,55.82,42,0,23.98,100.53,4.00,428.00,null,null,null
2023-09-19T01:05:03Z,22.61,55.85,42,0,33.42,100.53,4.00,428.00,0,0,0
2023-09-19T01:06:03Z,22.61,55.87,42,0,30.70,100.53,3.00,422.00,null,null,null
2023-09-19T01:07:03Z,22.63,55.78,42,0,26.78,100.53,4.00,428.00,null,null,null
2023-09-19T01:08:03Z,22.60,55.77,42,0,28.52,100.53,4.00,428.00,null,null,null
2023-09-19T01:09:03Z,22.58,55.87,42,0,26.97,100.53,4.00,428.00,null,null,null
2023-09-19T01:10:03Z,22.61,55.84,42,0,30.24,100.53,3.00,422.00,0,0,0
2023-09-19T01:11:03Z,22.61,55.87,42,0,28.34,100.53,3.00,422.00,null,null,null
2023-09-19T01:12:03Z,22.63,55.91,42,0,26.24,100.53,4.00,428.00,null,null,null
2023-09-19T01:13:03Z,22.60,55.86,42,0,31.74,100.53,4.00,428.00,null,null,null
2023-09-19T01:14:03Z,22.57,55.88,42,0,28.30,100.53,4.00,428.00,null,null,null
2023-09-19T01:15:03Z,22.58,55.89,42,0,28.37,100.53,4.00,428.00,0,0,0
2023-09-19T01:16:03Z,22.58,55.91,42,0,27.32,100.53,4.00,428.00,null,null,null
2023-09-19T01:17:03Z,22.58,55.94,42,0,26.71,100.53,3.00,422.00,null,null,null
2023-09-19T01:18:03Z,22.60,55.88,42,0,27.71,100.53,3.00,422.00,null,null,null
2023-09-19T01:19:03Z,22.58,55.92,42,0,27.64,100.53,4.00,428.00,null,null,null
2023-09-19T01:20:03Z,22.57,55.90,42,0,33.87,100.53,4.00,428.00,0,0,0
2023-09-19T01:21:03Z,22.60,55.96,42,0,26.78,100.53,3.00,422.00,null,null,null
2023-09-19T01:22:03Z,22.60,55.87,42,0,27.53,100.53,3.00,422.00,null,null,null
2023-09-19T01:23:03Z,22.58,55.93,42,0,26.48,100.53,4.00,428.00,null,null,null
2023-09-19T01:24:03Z,22.57,55.99,42,0,24.27,100.53,4.00,428.00,null,null,null
2023-09-19T01:25:03Z,22.57,56.00,42,0,33.09,100.54,3.00,422.00,0,0,0
2023-09-19T01:26:03Z,22.57,55.95,42,0,29.32,100.54,3.00,422.00,null,null,null
2023-09-19T01:27:03Z,22.57,55.97,42,0,25.53,100.54,4.00,428.00,null,null,null
2023-09-19T01:28:03Z,22.55,55.97,42,0,28.14,100.54,4.00,428.00,null,null,null
2023-09-19T01:29:03Z,22.55,56.00,42,0,24.43,100.54,3.00,422.00,null,null,null
2023-09-19T01:30:03Z,22.53,55.99,42,0,31.94,100.54,3.00,422.00,0,0,0
2023-09-19T01:31:03Z,22.57,55.99,42,0,29.41,100.54,4.00,428.00,null,null,null
2023-09-19T01:32:03Z,22.57,55.97,42,0,26.43,100.54,3.00,422.00,null,null,null
2023-09-19T01:33:03Z,22.55,56.02,42,0,28.14,100.54,3.00,422.00,null,null,null
2023-09-19T01:34:03Z,22.54,56.02,42,0,26.38,100.54,3.00,422.00,null,null,null
2023-09-19T01:35:03Z,22.53,55.93,42,0,28.50,100.54,3.00,422.00,0,0,0
2023-09-19T01:36:03Z,22.55,55.94,42,0,30.21,100.54,3.00,420.00,null,null,null
2023-09-19T01:37:03Z,22.55,56.00,41,0,29.70,100.54,4.00,428.00,null,null,null
2023-09-19T01:38:03Z,22.55,55.99,42,0,29.00,100.54,3.00,422.00,null,null,null
2023-09-19T01:39:03Z,22.51,56.00,42,0,26.46,100.54,3.00,422.00,null,null,null
2023-09-19T01:40:03Z,22.54,56.05,42,0,32.79,100.54,4.00,428.00,0,0,0
2023-09-19T01:41:03Z,22.53,56.02,41,0,28.67,100.54,3.00,422.00,null,null,null
2023-09-19T01:42:03Z,22.54,56.00,42,0,30.27,100.54,4.00,428.00,null,null,null
2023-09-19T01:43:03Z,22.53,56.04,42,0,27.32,100.54,3.00,422.00,null,null,null
2023-09-19T01:44:03Z,22.54,56.00,42,0,26.93,100.53,3.00,422.00,null,null,null
2023-09-19T01:45:03Z,22.50,56.04,42,0,31.19,100.53,3.00,422.00,0,0,0
2023-09-19T01:46:03Z,22.51,56.05,41,0,30.51,100.53,3.00,422.00,null,null,null
2023-09-19T01:47:03Z,22.53,56.02,42,0,26.03,100.53,3.00,422.00,null,null,null
2023-09-19T01:48:03Z,22.54,56.05,42,0,30.62,100.53,3.00,422.00,null,null,null
2023-09-19T01:49:03Z,22.53,56.06,42,0,26.50,100.53,3.00,422.00,null,null,null
2023-09-19T01:50:03Z,22.51,56.06,42,0,28.73,100.53,3.00,422.00,0,0,0
2023-09-19T01:51:03Z,22.51,56.05,41,0,49.15,100.53,3.00,422.00,null,null,null
2023-09-19T01:52:03Z,22.53,56.06,42,0,29.78,100.53,3.00,422.00,null,null,null
2023-09-19T01:53:03Z,22.51,55.99,42,0,25.82,100.53,3.00,422.00,null,null,null
2023-09-19T01:54:03Z,22.53,56.06,42,0,27.18,100.53,3.00,420.00,null,null,null
2023-09-19T01:55:03Z,22.50,56.06,41,0,33.05,100.53,3.00,422.00,0,0,0
2023-09-19T01:56:03Z,22.51,56.06,41,0,30.36,100.53,3.00,422.00,null,null,null
2023-09-19T01:57:03Z,22.53,56.05,41,0,24.72,100.53,3.00,422.00,null,null,null
2023-09-19T01:58:03Z,22.51,56.09,41,0,30.60,100.53,3.00,420.00,null,null,null
2023-09-19T01:59:03Z,22.50,56.07,41,0,30.01,100.53,3.00,420.00,null,null,null
2023-09-19T02:00:03Z,22.50,56.09,42,0,27.12,100.53,3.00,422.00,0,0,0
2023-09-19T02:01:03Z,22.50,56.12,42,0,30.49,100.53,3.00,420.00,null,null,null
2023-09-19T02:02:03Z,22.50,56.13,42,0,29.07,100.52,3.00,422.00,null,null,null
2023-09-19T02:03:03Z,22.50,56.11,41,0,26.78,100.52,3.00,422.00,null,null,null
2023-09-19T02:04:03Z,22.50,56.10,42,0,24.50,100.52,3.00,420.00,null,null,null
2023-09-19T02:05:03Z,22.48,56.14,42,0,29.88,100.52,3.00,422.00,0,0,0
2023-09-19T02:06:03Z,22.50,56.13,42,0,31.12,100.53,3.00,420.00,null,null,null
2023-09-19T02:07:03Z,22.48,56.08,41,0,24.89,100.52,3.00,422.00,null,null,null
2023-09-19T02:08:03Z,22.48,56.08,41,0,27.90,100.53,3.00,420.00,null,null,null
2023-09-19T02:09:03Z,22.50,56.08,41,0,30.01,100.53,3.00,422.00,null,null,null
2023-09-19T02:10:03Z,22.47,56.09,42,0,31.21,100.53,3.00,422.00,0,0,0
2023-09-19T02:11:03Z,22.47,56.12,41,0,28.98,100.53,3.00,420.00,null,null,null
2023-09-19T02:12:03Z,22.51,56.15,42,0,28.44,100.53,3.00,422.00,null,null,null
2023-09-19T02:13:03Z,22.48,56.11,41,0,25.13,100.52,3.00,422.00,null,null,null
2023-09-19T02:14:03Z,22.48,56.15,41,0,30.78,100.52,3.00,420.00,null,null,null
2023-09-19T02:15:03Z,22.44,56.16,41,0,30.81,100.53,3.00,422.00,0,0,0
2023-09-19T02:16:03Z,22.48,56.20,41,0,30.88,100.53,3.00,422.00,null,null,null
2023-09-19T02:17:03Z,22.47,56.17,41,0,25.53,100.53,3.00,420.00,null,null,null
2023-09-19T02:18:03Z,22.47,56.23,41,0,24.46,100.53,3.00,422.00,null,null,null
2023-09-19T02:19:03Z,22.47,56.18,41,0,27.68,100.53,3.00,420.00,null,null,null
2023-09-19T02:20:03Z,22.46,56.15,41,0,31.19,100.53,3.00,422.00,0,0,0
2023-09-19T02:21:03Z,22.47,56.19,41,0,30.16,100.53,3.00,420.00,null,null,null
2023-09-19T02:22:03Z,22.47,56.14,41,0,30.42,100.53,3.00,420.00,null,null,null
2023-09-19T02:23:03Z,22.46,56.09,42,0,27.99,100.54,2.00,416.00,null,null,null
2023-09-19T02:24:03Z,22.44,56.13,41,0,30.13,100.53,2.00,416.00,null,null,null
2023-09-19T02:25:03Z,22.44,56.14,41,0,31.35,100.54,2.00,416.00,0,0,0
2023-09-19T02:26:03Z,22.46,56.16,41,0,30.87,100.54,3.00,420.00,null,null,null
2023-09-19T02:27:03Z,22.47,56.16,41,0,27.24,100.55,3.00,420.00,null,null,null
2023-09-19T02:28:03Z,22.47,56.17,41,0,27.06,100.54,3.00,420.00,null,null,null
2023-09-19T02:29:03Z,22.46,56.19,41,0,25.29,100.54,3.00,422.00,null,null,null
2023-09-19T02:30:03Z,22.43,56.17,41,0,27.12,100.54,3.00,420.00,0,0,0
2023-09-19T02:31:03Z,22.43,56.13,41,0,29.58,100.54,2.00,416.00,null,null,null
2023-09-19T02:32:03Z,22.46,56.13,41,0,29.03,100.54,3.00,420.00,null,null,null
2023-09-19T02:33:03Z,22.44,56.16,41,0,33.56,100.53,3.00,420.00,null,null,null
2023-09-19T02:34:03Z,22.43,56.21,41,0,32.35,100.53,3.00,420.00,null,null,null
2023-09-19T02:35:03Z,22.43,56.16,41,0,32.28,100.54,2.00,416.00,0,0,0
2023-09-19T02:36:03Z,22.43,56.19,41,0,30.35,100.53,3.00,420.00,null,null,null
2023-09-19T02:37:03Z,22.42,56.17,41,0,26.64,100.54,3.00,420.00,null,null,null
2023-09-19T02:38:03Z,22.44,56.17,41,0,26.48,100.54,3.00,420.00,null,null,null
2023-09-19T02:39:03Z,22.42,56.14,41,0,29.73,100.54,3.00,420.00,null,null,null
2023-09-19T02:40:03Z,22.43,56.19,41,0,29.80,100.54,3.00,420.00,0,0,0
2023-09-19T02:41:03Z,22.43,56.18,41,0,30.55,100.53,2.00,416.00,null,null,null
2023-09-19T02:42:03Z,22.42,56.14,41,0,30.01,100.53,3.00,420.00,null,null,null
2023-09-19T02:43:03Z,22.40,56.18,41,0,28.66,100.52,2.00,416.00,null,null,null
2023-09-19T02:44:03Z,22.43,56.18,41,0,33.52,100.52,2.00,416.00,null,null,null
2023-09-19T02:45:03Z,22.42,56.21,41,0,32.79,100.52,2.00,416.00,0,0,0
2023-09-19T02:46:03Z,22.42,56.19,41,0,27.75,100.52,2.00,416.00,null,null,null
2023-09-19T02:47:03Z,22.40,56.15,41,0,26.34,100.52,2.00,416.00,null,null,null
2023-09-19T02:48:03Z,22.40,56.16,41,0,29.47,100.52,2.00,416.00,null,null,null
2023-09-19T02:49:03Z,22.42,56.20,41,0,25.62,100.52,1.00,411.00,null,null,null
2023-09-19T02:50:03Z,22.39,56.23,41,0,31.28,100.52,1.00,411.00,0,0,0
2023-09-19T02:51:03Z,22.39,56.16,41,0,31.99,100.52,1.00,411.00,null,null,null
2023-09-19T02:52:03Z,22.43,56.22,41,0,24.93,100.52,2.00,416.00,null,null,null
2023-09-19T02:53:03Z,22.42,56.20,41,0,28.80,100.52,2.00,416.00,null,null,null
2023-09-19T02:54:03Z,22.39,56.21,41,0,27.68,100.52,2.00,416.00,null,null,null
2023-09-19T02:55:03Z,22.37,56.27,41,0,33.54,100.51,2.00,416.00,0,0,0
2023-09-19T02:56:03Z,22.37,56.24,41,0,26.82,100.52,0.00,406.00,null,null,null
2023-09-19T02:57:03Z,22.40,56.24,41,0,28.66,100.52,2.00,416.00,null,null,null
2023-09-19T02:58:03Z,22.36,56.21,41,0,29.28,100.52,2.00,416.00,null,null,null
2023-09-19T02:59:03Z,22.37,56.27,41,0,25.70,100.52,2.00,416.00,null,null,null
