TIME,TEMP,HUM,BATT,LIGHT,NOISE_A,PRESS,CCS811_VOCS,CCS811_ECO2,PM_1,PM_25,PM_10
ISO 8601,C,%,%,Lux,dBA,kPa,ppb,ppm,ug/m3,ug/m3,ug/m3
Time,Temperature,Humidity,Battery,Light,Noise dBA,Barometric pressure,VOC Gas CCS811,eCO2 Gas CCS811,PM 1.0,PM 2.5,PM 10.0
,55,56,10,14,53,58,113,112,89,87,88
2023-08-28T00:00:05Z,22.31,60.61,99,6,32.18,101.34,184.00,1518.00,0,0,0
2023-08-28T00:01:05Z,22.37,60.62,99,5,33.67,101.34,173.00,1502.00,null,null,null
2023-08-28T00:02:05Z,22.34,60.62,99,5,33.65,101.34,164.00,1482.00,null,null,null
2023-08-28T00:03:05Z,22.37,60.60,99,5,31.90,101.34,153.00,1408.00,null,null,null
2023-08-28T00:04:05Z,22.37,60.62,99,4,36.04,101.33,148.00,1376.00,null,null,null
2023-08-28T00:05:05Z,22.41,60.82,99,3,36.24,101.33,151.00,1393.00,0,0,0
2023-08-28T00:06:05Z,22.44,60.73,99,3,36.64,101.33,146.00,1360.00,null,null,null
2023-08-28T00:07:05Z,22.47,60.54,99,3,32.67,101.33,151.00,1393.00,null,null,null
2023-08-28T00:08:05Z,22.45,60.59,99,3,43.89,101.33,151.00,1393.00,null,null,null
2023-08-28T00:09:05Z,22.45,60.45,99,3,31.70,101.33,153.00,1408.00,null,null,null
2023-08-28T00:10:05Z,22.47,60.78,99,3,40.42,101.33,153.00,1408.00,0,0,0
2023-08-28T00:11:05Z,22.47,60.69,99,3,36.41,101.33,162.00,1465.00,null,null,null
2023-08-28T00:12:05Z,22.51,60.63,99,0,38.59,101.33,181.00,1514.00,null,null,null
2023-08-28T00:13:05Z,22.48,60.46,99,0,31.44,101.33,193.00,1531.00,null,null,null
2023-08-28T00:14:05Z,22.45,60.49,99,0,31.84,101.33,193.00,1531.00,null,null,null
2023-08-28T00:15:05Z,22.41,60.34,99,0,31.15,101.33,189.00,1526.00,0,0,0
2023-08-28T00:16:05Z,22.47,60.34,99,0,30.62,101.33,189.00,1526.00,null,null,null
2023-08-28T00:17:05Z,22.44,60.19,99,0,30.87,101.33,186.00,1522.00,null,null,null
2023-08-28T00:18:05Z,22.40,60.28,99,0,31.54,101.33,183.00,1517.00,null,null,null
2023-08-28T00:19:05Z,22.40,60.19,99,0,31.77,101.33,181.00,1514.00,null,null,null
2023-08-28T00:20:05Z,22.40,60.24,99,0,32.08,101.33,175.00,1505.00,0,0,0
2023-08-28T00:21:05Z,22.39,60.21,99,0,31.66,101.32,172.00,1501.00,null,null,null
2023-08-28T00:22:05Z,22.39,60.26,99,0,31.02,101.32,169.00,1496.00,null,null,null
2023-08-28T00:23:05Z,22.37,60.24,99,0,30.73,101.32,162.00,1465.00,null,null,null
2023-08-28T00:24:05Z,22.36,60.20,99,0,32.05,101.32,161.00,1462.00,null,null,null
2023-08-28T00:25:05Z,22.34,60.25,100,0,31.40,101.32,157.00,1436.00,0,0,0
2023-08-28T00:26:05Z,22.34,60.32,99,0,31.98,101.32,153.00,1408.00,null,null,null
2023-08-28T00:27:05Z,22.34,60.27,99,0,31.67,101.33,151.00,1393.00,null,null,null
2023-08-28T00:28:05Z,22.34,60.26,100,0,32.17,101.33,148.00,1376.00,null,null,null
2023-08-28T00:29:05Z,22.33,60.22,99,0,32.51,101.32,142.00,1338.00,null,null,null
2023-08-28T00:30:05Z,22.31,60.23,99,0,33.29,101.32,142.00,1334.00,0,0,0
2023-08-28T00:31:05Z,22.30,60.27,99,0,31.98,101.32,136.00,1299.00,null,null,null
2023-08-28T00:32:05Z,22.31,60.38,99,0,32.01,101.32,133.00,1274.00,null,null,null
2023-08-28T00:33:05Z,22.28,60.37,99,0,35.09,101.32,133.00,1274.00,null,null,null
2023-08-28T00:34:05Z,22.31,60.33,99,0,31.31,101.33,133.00,1274.00,null,null,null
2023-08-28T00:35:05Z,22.27,60.30,99,0,32.52,101.32,128.00,1242.00,0,0,0
2023-08-28T00:36:05Z,22.28,60.27,99,0,32.32,101.32,123.00,1212.00,null,null,null
2023-08-28T00:37:05Z,22.28,60.20,99,0,31.02,101.32,120.00,1191.00,null,null,null
2023-08-28T00:38:05Z,22.30,60.16,99,0,32.33,101.32,121.00,1195.00,null,null,null
2023-08-28T00:39:05Z,22.28,60.10,99,0,31.87,101.32,118.00,1181.00,null,null,null
2023-08-28T00:40:05Z,22.25,60.25,99,0,32.23,101.32,117.00,1168.00,0,0,0
2023-08-28T00:41:05Z,22.23,60.35,99,0,32.26,101.32,112.00,1137.00,null,null,null
2023-08-28T00:42:05Z,22.27,60.28,99,0,31.70,101.32,128.00,1242.00,null,null,null
2023-08-28T00:43:05Z,22.24,60.21,99,0,31.70,101.32,112.00,1137.00,null,null,null
2023-08-28T00:44:05Z,22.24,60.23,99,0,31.66,101.32,125.00,1224.00,null,null,null
2023-08-28T00:45:05Z,22.23,60.38,99,0,31.64,101.32,125.00,1224.00,0,0,0
2023-08-28T00:46:05Z,22.23,60.36,99,0,32.20,101.32,121.00,1198.00,null,null,null
2023-08-28T00:47:05Z,22.24,60.42,99,0,33.36,101.31,121.00,1198.00,null,null,null
2023-08-28T00:48:05Z,22.23,60.44,99,0,32.95,101.32,119.00,1184.00,null,null,null
2023-08-28T00:49:05Z,22.20,60.35,99,0,31.51,101.32,117.00,1171.00,null,null,null
2023-08-28T00:50:05Z,22.20,60.40,100,0,32.40,101.32,117.00,1171.00,0,0,0
2023-08-28T00:51:05Z,22.21,60.42,99,0,32.39,101.32,115.00,1156.00,null,null,null
2023-08-28T00:52:05Z,22.21,60.37,99,0,32.13,101.32,110.00,1128.00,null,null,null
2023-08-28T00:53:05Z,22.20,60.37,99,0,31.92,101.32,110.00,1128.00,null,null,null
2023-08-28T00:54:05Z,22.18,60.38,99,0,32.27,101.32,108.00,1113.00,null,null,null
2023-08-28T00:55:05Z,22.18,60.51,99,0,32.94,101.32,108.00,1113.00,0,0,0
2023-08-28T00:56:05Z,22.20,60.53,99,0,32.39,101.33,106.00,1102.00,null,null,null
2023-08-28T00:57:05Z,22.20,60.43,100,0,31.51,101.33,105.00,1090.00,null,null,null
2023-08-28T00:58:05Z,22.18,60.44,99,0,32.54,101.33,105.00,1090.00,null,null,null
2023-08-28T00:59:05Z,22.14,60.45,99,0,31.97,101.33,105.00,1090.00,null,null,null
2023-08-28T01:00:05Z,22.17,60.46,99,0,31.53,101.33,103.00,1077.00,0,0,0
2023-08-28T01:01:05Z,22.17,60.40,99,0,31.67,101.33,101.00,1065.00,null,null,null
2023-08-28T01:02:05Z,22.17,60.29,99,0,31.45,101.33,101.00,1065.00,null,null,null
2023-08-28T01:03:05Z,22.18,60.27,99,0,32.33,101.33,97.00,1041.00,null,null,null
2023-08-28T01:04:05Z,22.16,60.28,99,0,33.16,101.33,95.00,1029.00,null,null,null
2023-08-28T01:05:05Z,22.13,60.34,99,0,31.43,101.33,93.00,1012.00,0,0,0
2023-08-28T01:06:05Z,22.14,60.44,99,0,31.15,101.33,91.00,1001.00,null,null,null
2023-08-28T01:07:05Z,22.16,60.27,99,0,32.27,101.33,89.00,990.00,null,null,null
2023-08-28T01:08:05Z,22.13,60.43,99,0,31.92,101.33,87.00,977.00,null,null,null
2023-08-28T01:09:05Z,22.12,60.37,99,0,32.66,101.33,87.00,977.00,null,null,null
2023-08-28T01:10:05Z,22.12,60.43,99,0,31.56,101.33,87.00,977.00,0,0,0
2023-08-28T01:11:05Z,22.10,60.56,99,0,31.52,101.32,84.00,956.00,null,null,null
2023-08-28T01:12:05Z,22.13,60.59,99,0,32.05,101.32,84.00,956.00,null,null,null
2023-08-28T01:13:05Z,22.13,60.45,99,0,32.42,101.32,83.00,945.00,null,null,null
2023-08-28T01:14:05Z,22.09,60.49,99,0,33.13,101.33,81.00,933.00,null,null,null
2023-08-28T01:15:05Z,22.09,60.54,100,0,32.17,101.32,79.00,923.00,0,0,0
2023-08-28T01:16:05Z,22.10,60.52,99,0,31.87,101.32,78.00,913.00,null,null,null
2023-08-28T01:17:05Z,22.10,60.48,99,0,32.24,101.32,78.00,913.00,null,null,null
2023-08-28T01:18:05Z,22.09,60.68,99,0,32.12,101.32,78.00,913.00,null,null,null
2023-08-28T01:19:05Z,22.07,60.55,99,0,31.80,101.32,76.00,902.00,null,null,null
2023-08-28T01:20:05Z,22.09,60.61,99,0,31.31,101.32,74.00,891.00,0,0,0
2023-08-28T01:21:05Z,22.09,60.60,99,0,32.75,101.32,74.00,891.00,null,null,null
2023-08-28T01:22:05Z,22.10,60.71,99,0,32.03,101.32,73.00,882.00,null,null,null
2023-08-28T01:23:05Z,22.07,60.64,99,0,32.57,101.32,71.00,872.00,null,null,null
2023-08-28T01:24:05Z,22.07,60.71,99,0,35.07,101.32,71.00,872.00,null,null,null
2023-08-28T01:25:05Z,22.04,60.74,99,0,32.12,101.32,74.00,891.00,0,0,0
2023-08-28T01:26:05Z,22.06,60.76,99,0,32.49,101.33,71.00,872.00,null,null,null
2023-08-28T01:27:05Z,22.09,60.92,99,0,32.09,101.32,70.00,863.00,null,null,null
2023-08-28T01:28:05Z,22.06,61.24,99,2,32.42,101.33,70.00,863.00,null,null,null
2023-08-28T01:29:05Z,22.07,61.30,99,2,31.88,101.33,71.00,872.00,null,null,null
2023-08-28T01:30:05Z,22.09,61.20,99,0,33.51,101.33,70.00,863.00,0,0,0
2023-08-28T01:31:05Z,22.12,60.97,99,0,32.06,101.33,69.00,853.00,null,null,null
2023-08-28T01:32:05Z,22.12,60.88,99,0,31.58,101.33,69.00,853.00,null,null,null
2023-08-28T01:33:05Z,22.12,60.94,99,0,31.51,101.33,66.00,834.00,null,null,null
2023-08-28T01:34:05Z,22.13,60.70,99,0,32.22,101.33,66.00,834.00,null,null,null
2023-08-28T01:35:05Z,22.13,60.76,99,0,31.88,101.33,66.00,834.00,0,0,0
2023-08-28T01:36:05Z,22.13,60.78,99,0,32.25,101.33,64.00,825.00,null,null,null
2023-08-28T01:37:05Z,22.13,60.81,99,0,31.55,101.33,63.00,815.00,null,null,null
2023-08-28T01:38:05Z,22.12,60.77,99,0,31.90,101.34,63.00,815.00,null,null,null
2023-08-28T01:39:05Z,22.10,60.72,99,0,31.85,101.33,61.00,806.00,null,null,null
2023-08-28T01:40:05Z,22.13,60.77,99,0,31.97,101.33,63.00,815.00,0,0,0
2023-08-28T01:41:05Z,22.13,60.67,99,0,31.86,101.33,61.00,806.00,null,null,null
2023-08-28T01:42:05Z,22.10,60.62,99,0,31.36,101.33,61.00,806.00,null,null,null
2023-08-28T01:43:05Z,22.10,60.61,99,0,32.91,101.33,61.00,806.00,null,null,null
2023-08-28T01:44:05Z,22.09,60.55,99,0,31.91,101.33,60.00,798.00,null,null,null
2023-08-28T01:45:05Z,22.06,60.50,100,0,31.77,101.33,59.00,793.00,0,0,0
2023-08-28T01:46:05Z,22.10,60.53,100,0,31.64,101.33,57.00,778.00,null,null,null
2023-08-28T01:47:05Z,22.12,60.50,99,0,32.34,101.33,56.00,770.00,null,null,null
2023-08-28T01:48:05Z,22.09,60.58,99,0,31.74,101.33,57.00,778.00,null,null,null
2023-08-28T01:49:05Z,22.04,60.53,99,0,34.64,101.33,57.00,778.00,null,null,null
2023-08-28T01:50:05Z,22.00,60.54,99,0,32.26,101.32,57.00,778.00,0,0,0
2023-08-28T01:51:05Z,22.03,60.43,99,0,32.40,101.33,57.00,778.00,null,null,null
2023-08-28T01:52:05Z,22.04,60.52,99,0,32.29,101.33,56.00,770.00,null,null,null
2023-08-28T01:53:05Z,22.04,60.62,99,0,31.54,101.33,56.00,770.00,null,null,null
2023-08-28T01:54:05Z,22.03,60.62,99,0,32.62,101.33,54.00,757.00,null,null,null
2023-08-28T01:55:05Z,22.00,60.63,99,0,32.69,101.33,53.00,749.00,0,0,0
2023-08-28T01:56:05Z,22.02,60.76,99,0,35.35,101.33,55.00,765.00,null,null,null
2023-08-28T01:57:05Z,22.03,60.86,99,0,31.52,101.33,53.00,748.00,null,null,null
2023-08-28T01:58:05Z,22.03,60.90,100,0,33.00,101.33,54.00,761.00,null,null,null
2023-08-28T01:59:05Z,21.99,61.11,99,0,32.08,101.33,54.00,761.00,null,null,null
2023-08-28T02:00:05Z,22.00,60.78,99,0,31.47,101.33,52.00,742.00,0,0,0
2023-08-28T02:01:05Z,21.99,60.58,100,0,32.39,101.33,53.00,748.00,null,null,null
2023-08-28T02:02:05Z,22.03,60.68,99,0,31.81,101.33,54.00,757.00,null,null,null
2023-08-28T02:03:05Z,22.00,60.61,99,0,33.09,101.33,54.00,757.00,null,null,null
2023-08-28T02:04:05Z,21.99,60.68,100,0,32.85,101.33,57.00,778.00,null,null,null
2023-08-28T02:05:05Z,21.96,60.66,99,0,32.37,101.33,66.00,834.00,0,0,0
2023-08-28T02:06:05Z,21.97,60.65,100,0,31.76,101.33,76.00,902.00,null,null,null
2023-08-28T02:07:05Z,21.97,60.59,99,0,32.45,101.32,115.00,1156.00,null,null,null
2023-08-28T02:08:05Z,21.94,60.72,99,0,32.37,101.33,133.00,1277.00,null,null,null
2023-08-28T02:09:05Z,21.93,60.80,99,0,32.07,101.33,155.00,1420.00,null,null,null
2023-08-28T02:10:05Z,21.93,60.83,99,0,32.12,101.32,170.00,1498.00,0,0,0
2023-08-28T02:11:05Z,21.96,60.82,99,0,31.69,101.33,179.00,1512.00,null,null,null
2023-08-28T02:12:05Z,21.97,60.48,99,0,31.18,101.32,163.00,1470.00,null,null,null
2023-08-28T02:13:05Z,21.94,60.47,100,0,31.97,101.33,155.00,1420.00,null,null,null
2023-08-28T02:14:05Z,21.93,60.25,99,0,32.41,101.33,155.00,1420.00,null,null,null
2023-08-28T02:15:05Z,21.89,60.40,99,0,32.78,101.32,155.00,1420.00,0,0,0
2023-08-28T02:16:05Z,21.93,60.29,99,0,30.98,101.32,158.00,1441.00,null,null,null
2023-08-28T02:17:05Z,21.93,60.28,99,0,31.95,101.32,158.00,1441.00,null,null,null
2023-08-28T02:18:05Z,21.90,60.17,99,0,32.07,101.32,158.00,1441.00,null,null,null
2023-08-28T02:19:05Z,21.89,60.19,99,0,31.14,101.32,154.00,1416.00,null,null,null
2023-08-28T02:20:05Z,21.88,60.20,100,0,32.60,101.32,152.00,1400.00,0,0,0
2023-08-28T02:21:05Z,21.88,60.14,99,0,31.86,101.32,144.00,1349.00,null,null,null
2023-08-28T02:22:05Z,21.86,60.17,99,0,38.28,101.32,144.00,1349.00,null,null,null
2023-08-28T02:23:05Z,21.85,60.10,99,0,34.50,101.31,138.00,1310.00,null,null,null
2023-08-28T02:24:05Z,21.81,60.27,99,0,31.74,101.32,137.00,1302.00,null,null,null
2023-08-28T02:25:05Z,21.81,60.16,99,0,32.48,101.32,128.00,1242.00,0,0,0
2023-08-28T02:26:05Z,21.79,60.12,99,0,32.76,101.32,127.00,1238.00,null,null,null
2023-08-28T02:27:05Z,21.78,60.11,99,0,31.84,101.32,122.00,1207.00,null,null,null
2023-08-28T02:28:05Z,21.78,60.12,99,0,32.22,101.32,118.00,1181.00,null,null,null
2023-08-28T02:29:05Z,21.75,60.10,99,0,32.50,101.32,114.00,1153.00,null,null,null
2023-08-28T02:30:05Z,21.75,60.08,99,0,32.01,101.31,110.00,1125.00,0,0,0
2023-08-28T02:31:05Z,21.72,60.08,99,0,32.19,101.32,106.00,1099.00,null,null,null
2023-08-28T02:32:05Z,21.70,59.96,99,0,32.26,101.31,117.00,1168.00,null,null,null
2023-08-28T02:33:05Z,21.70,59.99,100,0,32.40,101.32,112.00,1140.00,null,null,null
2023-08-28T02:34:05Z,21.69,60.13,99,0,32.19,101.32,108.00,1113.00,null,null,null
2023-08-28T02:35:05Z,21.68,60.07,99,0,32.19,101.32,106.00,1102.00,0,0,0
2023-08-28T02:36:05Z,21.66,60.23,99,0,33.91,101.32,105.00,1090.00,null,null,null
2023-08-28T02:37:05Z,21.66,60.06,99,0,31.41,101.32,101.00,1065.00,null,null,null
2023-08-28T02:38:05Z,21.63,60.10,100,0,32.01,101.32,97.00,1041.00,null,null,null
2023-08-28T02:39:05Z,21.63,60.12,99,0,32.45,101.32,93.00,1012.00,null,null,null
2023-08-28T02:40:05Z,21.61,60.07,99,0,32.19,101.32,93.00,1012.00,0,0,0
2023-08-28T02:41:05Z,21.62,60.10,99,0,31.00,101.32,89.00,990.00,null,null,null
2023-08-28T02:42:05Z,21.59,59.95,99,0,32.35,101.32,89.00,990.00,null,null,null
2023-08-28T02:43:05Z,21.58,60.08,99,0,31.22,101.32,84.00,956.00,null,null,null
2023-08-28T02:44:05Z,21.58,60.02,99,0,31.80,101.32,83.00,949.00,null,null,null
2023-08-28T02:45:05Z,21.54,60.06,99,0,31.95,101.33,79.00,925.00,0,0,0
2023-08-28T02:46:05Z,21.55,60.09,99,0,31.99,101.33,76.00,905.00,null,null,null
2023-08-28T02:47:05Z,21.52,60.01,99,0,31.99,101.32,75.00,895.00,null,null,null
2023-08-28T02:48:05Z,21.54,60.02,99,0,31.88,101.33,73.00,885.00,null,null,null
2023-08-28T02:49:05Z,21.49,60.03,99,0,31.25,101.33,71.00,870.00,null,null,null
2023-08-28T02:50:05Z,21.48,60.05,99,0,31.39,101.33,69.00,853.00,0,0,0
2023-08-28T02:51:05Z,21.48,60.04,99,0,32.19,101.33,67.00,844.00,null,null,null
2023-08-28T02:52:05Z,21.48,60.14,99,0,31.95,101.33,67.00,844.00,null,null,null
2023-08-28T02:53:05Z,21.45,60.12,99,0,30.63,101.32,66.00,838.00,null,null,null
2023-08-28T02:54:05Z,21.44,60.17,99,0,32.42,101.33,64.00,821.00,null,null,null
2023-08-28T02:55:05Z,21.42,60.17,99,0,31.45,101.33,65.00,830.00,0,0,0
2023-08-28T02:56:05Z,21.44,60.13,99,0,31.08,101.33,62.00,810.00,null,null,null
2023-08-28T02:57:05Z,21.45,60.12,100,0,31.16,101.34,61.00,802.00,null,null,null
2023-08-28T02:58:05Z,21.39,60.04,99,0,31.25,101.33,58.00,785.00,null,null,null
2023-08-28T02:59:05Z,21.37,60.03,99,0,30.31,101.33,57.00,780.00,null,null,null
2023-08-28T03:00:05Z,21.37,60.27,99,0,30.70,101.33,57.00,780.00,0,0,0
2023-08-28T03:01:05Z,21.37,60.26,99,0,31.09,101.33,56.00,768.00,null,null,null
2023-08-28T03:02:05Z,21.34,60.19,99,0,31.49,101.33,56.00,768.00,null,null,null
2023-08-28T03:03:05Z,21.37,60.14,99,0,31.42,101.32,54.00,759.00,null,null,null
2023-08-28T03:04:05Z,21.34,60.25,99,0,34.34,101.33,54.00,759.00,null,null,null
2023-08-28T03:05:05Z,21.34,60.28,99,0,32.01,101.33,54.00,759.00,0,0,0
2023-08-28T03:06:05Z,21.31,60.23,99,0,31.70,101.32,52.00,746.00,null,null,null
2023-08-28T03:07:05Z,21.33,60.23,99,0,31.12,101.33,53.00,752.00,null,null,null
2023-08-28T03:08:05Z,21.31,60.37,99,0,31.72,101.33,52.00,742.00,null,null,null
2023-08-28T03:09:05Z,21.30,60.27,99,0,31.35,101.33,51.00,735.00,null,null,null
2023-08-28T03:10:05Z,21.27,60.25,99,0,31.10,101.33,51.00,735.00,0,0,0
2023-08-28T03:11:05Z,21.28,60.26,99,0,30.84,101.33,50.00,730.00,null,null,null
2023-08-28T03:12:05Z,21.28,60.33,99,0,31.32,101.33,50.00,730.00,null,null,null
2023-08-28T03:13:05Z,21.27,60.24,100,0,31.69,101.33,48.00,717.00,null,null,null
2023-08-28T03:14:05Z,21.26,60.26,99,0,31.62,101.33,48.00,719.00,null,null,null
2023-08-28T03:15:05Z,21.24,60.15,99,0,30.39,101.33,46.00,702.00,0,0,0
2023-08-28T03:16:05Z,21.24,60.26,99,0,31.07,101.33,56.00,770.00,null,null,null
2023-08-28T03:17:05Z,21.23,60.21,99,0,31.35,101.33,55.00,763.00,null,null,null
2023-08-28T03:18:05Z,21.20,60.24,99,0,31.41,101.33,54.00,761.00,null,null,null
2023-08-28T03:19:05Z,21.21,60.30,99,0,31.07,101.33,54.00,761.00,null,null,null
2023-08-28T03:20:05Z,21.20,60.48,99,0,31.31,101.32,53.00,754.00,0,0,0
2023-08-28T03:21:05Z,21.18,60.46,99,0,31.05,101.32,53.00,754.00,null,null,null
2023-08-28T03:22:05Z,21.21,60.39,99,0,31.35,101.32,53.00,748.00,null,null,null
2023-08-28T03:23:05Z,21.17,60.58,99,0,30.91,101.32,53.00,754.00,null,null,null
2023-08-28T03:24:05Z,21.15,60.82,99,0,31.48,101.33,53.00,754.00,null,null,null
2023-08-28T03:25:05Z,21.14,60.66,99,0,31.27,101.33,52.00,746.00,0,0,0
2023-08-28T03:26:05Z,21.18,60.59,99,0,31.17,101.33,53.00,748.00,null,null,null
2023-08-28T03:27:05Z,21.15,60.61,99,0,31.02,101.33,51.00,740.00,null,null,null
2023-08-28T03:28:05Z,21.12,60.58,99,0,34.62,101.32,51.00,740.00,null,null,null
2023-08-28T03:29:05Z,21.14,60.86,100,0,30.85,101.32,51.00,740.00,null,null,null
2023-08-28T03:30:05Z,21.14,60.77,99,0,31.73,101.32,51.00,740.00,0,0,0
2023-08-28T03:31:05Z,21.15,60.62,99,0,31.56,101.32,50.00,732.00,null,null,null
2023-08-28T03:32:05Z,21.14,60.62,99,0,31.41,101.32,51.00,740.00,null,null,null
2023-08-28T03:33:05Z,21.14,60.88,99,0,31.45,101.32,51.00,740.00,null,null,null
2023-08-28T03:34:05Z,21.11,60.72,99,0,31.74,101.32,48.00,719.00,null,null,null
2023-08-28T03:35:05Z,21.10,60.65,99,0,31.20,101.32,50.00,732.00,0,0,0
2023-08-28T03:36:05Z,21.08,60.60,99,0,31.12,101.32,47.00,714.00,null,null,null
2023-08-28T03:37:05Z,21.11,60.63,99,0,31.56,101.32,47.00,714.00,null,null,null
2023-08-28T03:38:05Z,21.08,60.60,99,0,31.28,101.33,46.00,706.00,null,null,null
2023-08-28T03:39:05Z,21.08,60.60,99,0,30.79,101.33,46.00,706.00,null,null,null
2023-08-28T03:40:05Z,21.06,60.59,99,0,31.59,101.33,45.00,699.00,0,0,0
2023-08-28T03:41:05Z,21.07,60.68,100,0,32.11,101.33,45.00,699.00,null,null,null
2023-08-28T03:42:05Z,21.07,60.65,99,0,31.20,101.33,44.00,694.00,null,null,null
2023-08-28T03:43:05Z,21.04,60.62,99,0,34.50,101.33,44.00,694.00,null,null,null
2023-08-28T03:44:05Z,21.06,60.88,99,0,30.48,101.33,44.00,694.00,null,null,null
2023-08-28T03:45:05Z,21.03,60.96,99,0,37.08,101.33,47.00,712.00,0,0,0
2023-08-28T03:46:05Z,21.03,60.89,99,0,31.51,101.33,65.00,827.00,null,null,null
2023-08-28T03:47:05Z,21.06,61.00,100,0,31.12,101.33,76.00,902.00,null,null,null
2023-08-28T03:48:05Z,21.06,60.90,99,0,31.82,101.33,89.00,990.00,null,null,null
2023-08-28T03:49:05Z,21.00,60.88,99,0,30.83,101.33,99.00,1050.00,null,null,null
2023-08-28T03:50:05Z,21.01,61.05,100,0,31.25,101.33,108.00,1110.00,0,0,0
2023-08-28T03:51:05Z,21.00,60.80,99,0,31.82,101.34,110.00,1125.00,null,null,null
2023-08-28T03:52:05Z,21.00,60.88,99,0,34.67,101.33,120.00,1191.00,null,null,null
2023-08-28T03:53:05Z,20.96,60.97,99,0,33.66,101.33,120.00,1191.00,null,null,null
2023-08-28T03:54:05Z,20.97,60.93,99,0,31.38,101.33,135.00,1291.00,null,null,null
2023-08-28T03:55:05Z,20.94,61.00,99,0,30.87,101.33,145.00,1356.00,0,0,0
2023-08-28T03:56:05Z,20.97,61.28,99,0,33.34,101.34,167.00,1499.00,null,null,null
2023-08-28T03:57:05Z,20.97,61.00,99,0,32.07,101.34,217.00,1563.00,null,null,null
2023-08-28T03:58:05Z,20.97,60.95,99,0,31.71,101.34,238.00,1592.00,null,null,null
2023-08-28T03:59:05Z,20.96,60.91,99,0,33.36,101.34,260.00,1615.00,null,null,null
2023-08-28T04:00:05Z,20.91,61.16,99,0,31.66,101.34,265.00,1621.00,0,0,0
2023-08-28T04:01:05Z,20.96,61.04,99,0,32.25,101.34,272.00,1629.00,null,null,null
2023-08-28T04:02:05Z,20.96,60.88,99,0,34.84,101.34,268.00,1625.00,null,null,null
2023-08-28T04:03:05Z,20.94,61.08,99,0,31.12,101.34,265.00,1621.00,null,null,null
2023-08-28T04:04:05Z,20.91,60.97,99,0,31.55,101.34,260.00,1615.00,null,null,null
2023-08-28T04:05:05Z,20.89,61.08,99,0,31.44,101.34,253.00,1607.00,0,0,0
2023-08-28T04:06:05Z,20.93,60.99,99,0,30.58,101.34,248.00,1603.00,null,null,null
2023-08-28T04:07:05Z,20.96,61.04,100,0,31.67,101.34,243.00,1598.00,null,null,null
2023-08-28T04:08:05Z,20.91,60.97,99,0,31.37,101.34,235.00,1588.00,null,null,null
2023-08-28T04:09:05Z,20.90,61.14,99,0,30.96,101.34,230.00,1582.00,null,null,null
2023-08-28T04:10:05Z,20.89,61.26,99,0,31.42,101.34,224.00,1572.00,0,0,0
2023-08-28T04:11:05Z,20.89,61.14,100,0,30.43,101.34,214.00,1560.00,null,null,null
2023-08-28T04:12:05Z,20.90,61.11,99,0,36.91,101.34,210.00,1556.00,null,null,null
2023-08-28T04:13:05Z,20.89,61.15,99,0,33.39,101.34,199.00,1540.00,null,null,null
2023-08-28T04:14:05Z,20.87,61.28,99,0,33.27,101.34,196.00,1536.00,null,null,null
2023-08-28T04:15:05Z,20.86,61.29,99,0,33.90,101.34,184.00,1519.00,0,0,0
2023-08-28T04:16:05Z,20.87,61.35,99,0,34.29,101.35,178.00,1509.00,null,null,null
2023-08-28T04:17:05Z,20.86,61.35,99,0,31.36,101.35,178.00,1509.00,null,null,null
2023-08-28T04:18:05Z,20.86,61.31,99,0,32.70,101.35,175.00,1505.00,null,null,null
2023-08-28T04:19:05Z,20.87,61.41,99,0,31.50,101.35,168.00,1495.00,null,null,null
2023-08-28T04:20:05Z,20.84,61.36,99,0,34.25,101.35,164.00,1482.00,0,0,0
2023-08-28T04:21:05Z,20.87,61.29,99,0,31.29,101.36,155.00,1420.00,null,null,null
2023-08-28T04:22:05Z,20.87,61.45,100,0,30.85,101.36,150.00,1389.00,null,null,null
2023-08-28T04:23:05Z,20.89,61.39,99,0,37.84,101.36,148.00,1372.00,null,null,null
2023-08-28T04:24:05Z,20.83,61.29,99,0,30.43,101.36,143.00,1341.00,null,null,null
2023-08-28T04:25:05Z,20.86,61.26,99,0,31.05,101.37,138.00,1307.00,0,0,0
2023-08-28T04:26:05Z,20.82,61.37,99,0,31.10,101.37,131.00,1262.00,null,null,null
2023-08-28T04:27:05Z,20.84,61.30,99,0,30.90,101.37,127.00,1235.00,null,null,null
2023-08-28T04:28:05Z,20.83,61.27,99,0,42.35,101.37,122.00,1204.00,null,null,null
2023-08-28T04:29:05Z,20.83,61.17,99,0,38.57,101.37,118.00,1178.00,null,null,null
2023-08-28T04:30:05Z,20.80,61.28,99,0,34.13,101.37,114.00,1150.00,0,0,0
2023-08-28T04:31:05Z,20.80,61.28,99,0,39.98,101.37,167.00,1499.00,null,null,null
2023-08-28T04:32:05Z,20.82,61.29,99,0,38.86,101.37,248.00,1603.00,null,null,null
2023-08-28T04:33:05Z,20.82,61.30,99,0,30.84,101.37,298.00,1660.00,null,null,null
2023-08-28T04:34:05Z,20.80,61.48,99,0,31.05,101.37,318.00,1678.00,null,null,null
2023-08-28T04:35:05Z,20.80,61.45,99,0,31.92,101.37,329.00,1690.00,0,0,0
2023-08-28T04:36:05Z,20.80,61.75,99,0,36.21,101.37,334.00,1695.00,null,null,null
2023-08-28T04:37:05Z,20.83,61.56,99,4,31.13,101.37,325.00,1686.00,null,null,null
2023-08-28T04:38:05Z,20.83,61.89,99,1,41.29,101.37,345.00,1705.00,null,null,null
2023-08-28T04:39:05Z,20.89,61.97,99,0,36.86,101.37,319.00,1680.00,null,null,null
2023-08-28T04:40:05Z,20.89,61.97,99,0,36.12,101.37,319.00,1680.00,0,0,0
2023-08-28T04:41:05Z,20.93,61.97,99,0,31.96,101.37,314.00,1676.00,null,null,null
2023-08-28T04:42:05Z,20.97,61.79,99,0,31.14,101.38,295.00,1656.00,null,null,null
2023-08-28T04:43:05Z,20.97,61.62,99,0,31.29,101.38,276.00,1633.00,null,null,null
2023-08-28T04:44:05Z,20.94,61.56,99,0,36.60,101.38,268.00,1625.00,null,null,null
2023-08-28T04:45:05Z,20.93,61.56,99,0,32.78,101.38,268.00,1625.00,0,0,0
2023-08-28T04:46:05Z,20.91,61.82,99,0,31.92,101.38,279.00,1637.00,null,null,null
2023-08-28T04:47:05Z,20.96,61.70,99,0,30.66,101.38,291.00,1651.00,null,null,null
2023-08-28T04:48:05Z,20.93,61.55,99,0,30.55,101.39,283.00,1641.00,null,null,null
2023-08-28T04:49:05Z,20.90,61.43,100,0,31.66,101.38,275.00,1632.00,null,null,null
2023-08-28T04:50:05Z,20.90,61.40,99,0,31.65,101.38,261.00,1616.00,0,0,0
2023-08-28T04:51:05Z,20.91,61.43,99,0,30.77,101.39,253.00,1607.00,null,null,null
2023-08-28T04:52:05Z,20.90,61.26,99,0,31.23,101.39,240.00,1595.00,null,null,null
2023-08-28T04:53:05Z,20.86,61.24,99,0,30.61,101.39,231.00,1583.00,null,null,null
2023-08-28T04:54:05Z,20.86,61.18,99,0,31.06,101.39,220.00,1568.00,null,null,null
2023-08-28T04:55:05Z,20.82,61.14,99,0,31.59,101.39,210.00,1556.00,0,0,0
2023-08-28T04:56:05Z,20.80,61.22,99,0,43.44,101.39,199.00,1540.00,null,null,null
2023-08-28T04:57:05Z,20.80,61.01,99,0,31.37,101.39,190.00,1527.00,null,null,null
2023-08-28T04:58:05Z,20.76,61.15,100,0,34.22,101.40,184.00,1519.00,null,null,null
2023-08-28T04:59:05Z,20.79,61.15,99,0,31.68,101.39,178.00,1509.00,null,null,null
2023-08-28T05:00:05Z,20.75,61.07,99,0,39.99,101.39,167.00,1499.00,0,0,0
2023-08-28T05:01:05Z,20.78,61.26,99,0,31.93,101.39,164.00,1482.00,null,null,null
2023-08-28T05:02:05Z,20.76,61.27,99,0,38.95,101.39,155.00,1420.00,null,null,null
2023-08-28T05:03:05Z,20.76,61.27,99,0,31.25,101.39,148.00,1372.00,null,null,null
2023-08-28T05:04:05Z,20.71,61.27,99,0,34.73,101.39,148.00,1372.00,null,null,null
2023-08-28T05:05:05Z,20.72,61.23,99,0,30.84,101.39,148.00,1372.00,0,0,0
2023-08-28T05:06:05Z,20.75,61.24,99,0,30.71,101.39,144.00,1349.00,null,null,null
2023-08-28T05:07:05Z,20.73,61.25,100,0,31.24,101.39,135.00,1291.00,null,null,null
2023-08-28T05:08:05Z,20.72,61.24,99,0,32.61,101.39,135.00,1288.00,null,null,null
2023-08-28T05:09:05Z,20.68,61.35,99,0,31.16,101.39,133.00,1274.00,null,null,null
2023-08-28T05:10:05Z,20.68,61.32,99,0,34.16,101.39,124.00,1215.00,0,0,0
2023-08-28T05:11:05Z,20.69,61.26,99,0,33.65,101.39,122.00,1201.00,null,null,null
2023-08-28T05:12:05Z,20.68,61.24,99,1,32.08,101.39,115.00,1159.00,null,null,null
2023-08-28T05:13:05Z,20.68,61.31,99,1,39.19,101.39,111.00,1134.00,null,null,null
2023-08-28T05:14:05Z,20.63,61.41,99,1,31.11,101.38,107.00,1107.00,null,null,null
2023-08-28T05:15:05Z,20.62,61.29,99,1,31.66,101.38,104.00,1083.00,0,0,0
2023-08-28T05:16:05Z,20.65,61.32,99,1,32.23,101.39,100.00,1062.00,null,null,null
2023-08-28T05:17:05Z,20.65,61.27,99,1,31.22,101.39,97.00,1038.00,null,null,null
2023-08-28T05:18:05Z,20.63,61.29,100,1,31.46,101.39,92.00,1004.00,null,null,null
2023-08-28T05:19:05Z,20.62,61.46,99,2,31.10,101.38,92.00,1004.00,null,null,null
2023-08-28T05:20:05Z,20.59,61.51,99,2,32.03,101.38,86.00,970.00,0,0,0
2023-08-28T05:21:05Z,20.60,61.71,99,1,31.40,101.39,85.00,959.00,null,null,null
2023-08-28T05:22:05Z,20.62,61.41,99,1,30.43,101.39,81.00,935.00,null,null,null
2023-08-28T05:23:05Z,20.59,61.41,99,2,37.17,101.39,79.00,925.00,null,null,null
2023-08-28T05:24:05Z,20.60,61.36,100,2,31.52,101.39,77.00,907.00,null,null,null
2023-08-28T05:25:05Z,20.59,61.50,99,2,34.58,101.39,76.00,902.00,0,0,0
2023-08-28T05:26:05Z,20.62,61.52,99,2,30.84,101.39,72.00,877.00,null,null,null
2023-08-28T05:27:05Z,20.60,61.32,99,2,32.80,101.39,71.00,870.00,null,null,null
2023-08-28T05:28:05Z,20.57,61.44,99,3,36.51,101.39,71.00,870.00,null,null,null
2023-08-28T05:29:05Z,20.59,61.42,99,3,31.14,101.38,69.00,855.00,null,null,null
2023-08-28T05:30:05Z,20.56,61.42,99,2,32.55,101.39,66.00,838.00,0,0,0
2023-08-28T05:31:05Z,20.55,61.40,99,2,31.51,101.39,63.00,819.00,null,null,null
2023-08-28T05:32:05Z,20.57,61.37,100,2,44.75,101.39,63.00,815.00,null,null,null
2023-08-28T05:33:05Z,20.56,61.38,99,2,31.19,101.39,60.00,800.00,null,null,null
2023-08-28T05:34:05Z,20.56,61.47,99,2,32.42,101.39,59.00,791.00,null,null,null
2023-08-28T05:35:05Z,20.51,61.49,99,2,31.67,101.39,56.00,772.00,0,0,0
2023-08-28T05:36:05Z,20.53,61.36,99,2,30.70,101.39,55.00,765.00,null,null,null
2023-08-28T05:37:05Z,20.53,61.44,99,2,36.40,101.39,53.00,748.00,null,null,null
2023-08-28T05:38:05Z,20.52,61.47,100,2,42.45,101.39,52.00,744.00,null,null,null
2023-08-28T05:39:05Z,20.55,61.50,99,3,31.29,101.39,51.00,735.00,null,null,null
2023-08-28T05:40:05Z,20.51,61.55,99,2,31.08,101.39,53.00,748.00,0,0,0
2023-08-28T05:41:05Z,20.52,61.49,99,3,31.20,101.39,56.00,772.00,null,null,null
2023-08-28T05:42:05Z,20.52,61.42,99,3,31.77,101.39,60.00,800.00,null,null,null
2023-08-28T05:43:05Z,20.52,61.45,99,3,31.51,101.39,61.00,806.00,null,null,null
2023-08-28T05:44:05Z,20.49,61.40,99,3,33.15,101.40,63.00,819.00,null,null,null
2023-08-28T05:45:05Z,20.49,61.57,99,3,34.15,101.40,66.00,838.00,0,0,0
2023-08-28T05:46:05Z,20.49,61.96,99,3,31.70,101.40,72.00,877.00,null,null,null
2023-08-28T05:47:05Z,20.55,62.10,100,3,33.40,101.40,77.00,909.00,null,null,null
2023-08-28T05:48:05Z,20.55,62.26,100,3,31.04,101.39,80.00,927.00,null,null,null
2023-08-28T05:49:05Z,20.55,62.35,99,3,32.26,101.40,85.00,959.00,null,null,null
2023-08-28T05:50:05Z,20.57,62.40,100,4,32.42,101.39,105.00,1090.00,0,0,0
2023-08-28T05:51:05Z,20.59,62.40,99,4,34.33,101.40,125.00,1224.00,null,null,null
2023-08-28T05:52:05Z,20.60,62.39,99,4,31.06,101.39,125.00,1224.00,null,null,null
2023-08-28T05:53:05Z,20.62,62.40,99,4,32.12,101.40,150.00,1389.00,null,null,null
2023-08-28T05:54:05Z,20.65,62.39,99,4,31.93,101.40,166.00,1495.00,null,null,null
2023-08-28T05:55:05Z,20.68,62.39,99,4,34.60,101.40,181.00,1515.00,0,0,0
2023-08-28T05:56:05Z,20.68,62.45,99,4,31.02,101.40,193.00,1531.00,null,null,null
2023-08-28T05:57:05Z,20.75,62.40,99,4,32.48,101.40,206.00,1548.00,null,null,null
2023-08-28T05:58:05Z,20.75,62.44,99,4,31.88,101.41,203.00,1544.00,null,null,null
2023-08-28T05:59:05Z,20.73,62.43,99,5,30.72,101.40,206.00,1548.00,null,null,null
2023-08-28T06:00:05Z,20.75,62.44,99,5,32.30,101.41,220.00,1568.00,0,0,0
2023-08-28T06:01:05Z,20.79,62.44,99,5,31.28,101.41,209.00,1553.00,null,null,null
2023-08-28T06:02:05Z,20.82,62.34,99,5,39.10,101.41,209.00,1553.00,null,null,null
2023-08-28T06:03:05Z,20.82,62.38,99,5,31.44,101.42,209.00,1553.00,null,null,null
2023-08-28T06:04:05Z,20.82,62.38,99,5,31.27,101.41,209.00,1553.00,null,null,null
2023-08-28T06:05:05Z,20.83,62.39,99,5,30.61,101.41,216.00,1562.00,0,0,0
2023-08-28T06:06:05Z,20.86,62.44,99,5,30.63,101.42,230.00,1582.00,null,null,null
2023-08-28T06:07:05Z,20.90,62.38,99,5,31.79,101.42,239.00,1594.00,null,null,null
2023-08-28T06:08:05Z,20.87,62.30,99,5,30.77,101.42,242.00,1597.00,null,null,null
2023-08-28T06:09:05Z,20.91,62.33,99,5,31.62,101.42,242.00,1597.00,null,null,null
2023-08-28T06:10:05Z,20.90,62.35,99,6,30.51,101.42,242.00,1597.00,0,0,0
2023-08-28T06:11:05Z,20.93,62.35,99,6,29.79,101.42,242.00,1597.00,null,null,null
2023-08-28T06:12:05Z,20.93,62.33,99,6,32.42,101.42,246.00,1601.00,null,null,null
2023-08-28T06:13:05Z,20.94,62.31,99,6,32.28,101.42,246.00,1601.00,null,null,null
2023-08-28T06:14:05Z,20.94,62.31,99,6,31.08,101.42,246.00,1601.00,null,null,null
2023-08-28T06:15:05Z,20.94,62.36,99,6,34.12,101.42,246.00,1601.00,0,0,0
2023-08-28T06:16:05Z,20.99,62.32,99,6,31.30,101.42,249.00,1606.00,null,null,null
2023-08-28T06:17:05Z,21.00,62.25,99,6,33.60,101.42,246.00,1601.00,null,null,null
2023-08-28T06:18:05Z,21.01,62.25,99,7,30.37,101.42,242.00,1597.00,null,null,null
2023-08-28T06:19:05Z,21.03,62.28,99,7,30.81,101.42,242.00,1597.00,null,null,null
2023-08-28T06:20:05Z,21.03,62.32,99,7,32.78,101.42,239.00,1594.00,0,0,0
2023-08-28T06:21:05Z,21.03,62.27,99,7,31.11,101.43,235.00,1588.00,null,null,null
2023-08-28T06:22:05Z,21.08,62.32,99,7,31.90,101.43,235.00,1588.00,null,null,null
2023-08-28T06:23:05Z,21.07,62.28,99,7,30.71,101.43,235.00,1588.00,null,null,null
2023-08-28T06:24:05Z,21.07,62.28,99,7,31.31,101.43,239.00,1594.00,null,null,null
2023-08-28T06:25:05Z,21.08,62.32,99,7,31.02,101.43,249.00,1606.00,0,0,0
2023-08-28T06:26:05Z,21.11,62.29,99,8,30.72,101.44,263.00,1619.00,null,null,null
2023-08-28T06:27:05Z,21.11,62.21,99,8,31.28,101.44,269.00,1627.00,null,null,null
2023-08-28T06:28:05Z,21.12,62.29,99,8,30.05,101.44,284.00,1642.00,null,null,null
2023-08-28T06:29:05Z,21.14,62.28,99,8,30.06,101.44,288.00,1648.00,null,null,null
2023-08-28T06:30:05Z,21.12,62.28,99,9,30.36,101.43,288.00,1648.00,0,0,0
2023-08-28T06:31:05Z,21.17,62.29,99,8,32.17,101.44,281.00,1640.00,null,null,null
2023-08-28T06:32:05Z,21.15,62.23,99,9,31.65,101.43,281.00,1640.00,null,null,null
2023-08-28T06:33:05Z,21.18,62.26,99,9,30.02,101.44,284.00,1642.00,null,null,null
2023-08-28T06:34:05Z,21.20,62.20,99,9,31.00,101.44,281.00,1640.00,null,null,null
2023-08-28T06:35:05Z,21.20,62.28,99,10,31.92,101.44,284.00,1642.00,0,0,0
2023-08-28T06:36:05Z,21.21,62.22,100,10,30.62,101.44,277.00,1635.00,null,null,null
2023-08-28T06:37:05Z,21.23,62.20,99,10,30.09,101.44,276.00,1633.00,null,null,null
2023-08-28T06:38:05Z,21.26,62.17,99,10,31.04,101.44,272.00,1629.00,null,null,null
2023-08-28T06:39:05Z,21.23,62.05,99,10,33.74,101.44,234.00,1587.00,null,null,null
2023-08-28T06:40:05Z,21.26,62.17,100,10,31.70,101.44,234.00,1587.00,0,0,0
2023-08-28T06:41:05Z,21.27,62.18,100,11,31.36,101.44,265.00,1623.00,null,null,null
2023-08-28T06:42:05Z,21.28,62.19,99,11,31.01,101.45,237.00,1591.00,null,null,null
2023-08-28T06:43:05Z,21.30,62.22,99,11,32.04,101.45,234.00,1587.00,null,null,null
2023-08-28T06:44:05Z,21.28,62.19,99,11,31.50,101.45,234.00,1587.00,null,null,null
2023-08-28T06:45:05Z,21.30,62.20,99,11,31.28,101.45,237.00,1591.00,0,0,0
2023-08-28T06:46:05Z,21.31,62.21,100,11,31.18,101.45,243.00,1598.00,null,null,null
2023-08-28T06:47:05Z,21.33,62.23,99,12,38.11,101.45,269.00,1627.00,null,null,null
2023-08-28T06:48:05Z,21.34,62.20,100,11,31.90,101.45,279.00,1637.00,null,null,null
2023-08-28T06:49:05Z,21.34,62.21,99,12,30.38,101.45,279.00,1637.00,null,null,null
2023-08-28T06:50:05Z,21.34,62.11,99,12,30.97,101.45,274.00,1632.00,0,0,0
2023-08-28T06:51:05Z,21.33,62.15,99,11,31.32,101.45,269.00,1627.00,null,null,null
2023-08-28T06:52:05Z,21.37,62.15,99,10,30.24,101.45,269.00,1627.00,null,null,null
2023-08-28T06:53:05Z,21.35,62.15,99,12,30.53,101.44,265.00,1623.00,null,null,null
2023-08-28T06:54:05Z,21.37,62.12,99,9,30.48,101.45,265.00,1623.00,null,null,null
2023-08-28T06:55:05Z,21.38,62.15,99,10,32.31,101.44,262.00,1618.00,0,0,0
2023-08-28T06:56:05Z,21.41,62.09,100,12,31.71,101.44,262.00,1618.00,null,null,null
2023-08-28T06:57:05Z,21.41,62.15,99,12,30.41,101.44,255.00,1611.00,null,null,null
2023-08-28T06:58:05Z,21.44,62.10,99,11,31.59,101.44,252.00,1607.00,null,null,null
2023-08-28T06:59:05Z,21.41,62.13,99,11,31.88,101.45,252.00,1607.00,null,null,null
2023-08-28T07:00:05Z,21.41,62.19,99,12,31.45,101.45,252.00,1607.00,0,0,0
2023-08-28T07:01:05Z,21.47,62.16,99,11,31.28,101.45,247.00,1602.00,null,null,null
2023-08-28T07:02:05Z,21.45,62.05,99,11,32.14,101.45,247.00,1602.00,null,null,null
2023-08-28T07:03:05Z,21.44,61.99,99,11,32.68,101.45,243.00,1598.00,null,null,null
2023-08-28T07:04:05Z,21.44,61.98,99,12,31.87,101.45,243.00,1598.00,null,null,null
2023-08-28T07:05:05Z,21.47,61.99,100,12,31.15,101.45,243.00,1598.00,0,0,0
2023-08-28T07:06:05Z,21.49,62.05,100,11,32.47,101.45,237.00,1591.00,null,null,null
2023-08-28T07:07:05Z,21.48,62.00,99,11,37.98,101.45,243.00,1598.00,null,null,null
2023-08-28T07:08:05Z,21.51,62.01,99,11,31.51,101.45,243.00,1598.00,null,null,null
2023-08-28T07:09:05Z,21.49,62.01,99,11,31.41,101.46,237.00,1591.00,null,null,null
2023-08-28T07:10:05Z,21.49,62.09,99,11,31.69,101.46,237.00,1591.00,0,0,0
2023-08-28T07:11:05Z,21.49,62.08,99,10,30.49,101.46,237.00,1591.00,null,null,null
2023-08-28T07:12:05Z,21.54,61.96,99,9,31.25,101.46,234.00,1587.00,null,null,null
2023-08-28T07:13:05Z,21.52,61.99,99,10,31.70,101.45,234.00,1587.00,null,null,null
2023-08-28T07:14:05Z,21.52,61.93,99,10,32.85,101.46,226.00,1576.00,null,null,null
2023-08-28T07:15:05Z,21.49,62.02,99,10,31.70,101.46,230.00,1582.00,0,0,0
2023-08-28T07:16:05Z,21.52,62.07,99,9,33.34,101.46,226.00,1576.00,null,null,null
2023-08-28T07:17:05Z,21.55,62.04,99,10,32.93,101.46,226.00,1576.00,null,null,null
2023-08-28T07:18:05Z,21.55,62.05,99,9,31.28,101.46,226.00,1576.00,null,null,null
2023-08-28T07:19:05Z,21.52,62.02,99,8,31.99,101.46,226.00,1576.00,null,null,null
2023-08-28T07:20:05Z,21.52,62.03,99,8,31.59,101.46,234.00,1587.00,0,0,0
2023-08-28T07:21:05Z,21.56,62.01,99,8,31.50,101.46,247.00,1602.00,null,null,null
2023-08-28T07:22:05Z,21.55,61.90,99,8,31.38,101.46,255.00,1611.00,null,null,null
2023-08-28T07:23:05Z,21.58,61.84,99,8,31.51,101.46,255.00,1611.00,null,null,null
2023-08-28T07:24:05Z,21.56,61.90,99,8,30.83,101.46,255.00,1611.00,null,null,null
2023-08-28T07:25:05Z,21.59,62.00,99,8,33.75,101.46,252.00,1607.00,0,0,0
2023-08-28T07:26:05Z,21.58,61.96,100,8,33.79,101.46,255.00,1611.00,null,null,null
2023-08-28T07:27:05Z,21.61,61.89,99,8,31.12,101.46,252.00,1607.00,null,null,null
2023-08-28T07:28:05Z,21.59,61.71,99,8,34.06,101.46,243.00,1598.00,null,null,null
2023-08-28T07:29:05Z,21.56,61.67,99,9,35.54,101.45,243.00,1598.00,null,null,null
2023-08-28T07:30:05Z,21.58,61.77,100,9,31.77,101.46,240.00,1595.00,0,0,0
2023-08-28T07:31:05Z,21.62,61.55,99,9,30.12,101.46,234.00,1587.00,null,null,null
2023-08-28T07:32:05Z,21.61,61.68,99,10,33.59,101.46,229.00,1581.00,null,null,null
2023-08-28T07:33:05Z,21.61,61.72,99,9,32.08,101.46,229.00,1581.00,null,null,null
2023-08-28T07:34:05Z,21.61,61.75,99,8,31.67,101.46,229.00,1581.00,null,null,null
2023-08-28T07:35:05Z,21.61,61.72,99,9,31.99,101.46,223.00,1572.00,0,0,0
2023-08-28T07:36:05Z,21.63,61.70,99,10,33.82,101.46,226.00,1575.00,null,null,null
2023-08-28T07:37:05Z,21.63,61.77,99,10,31.35,101.46,222.00,1571.00,null,null,null
2023-08-28T07:38:05Z,21.61,61.55,99,13,31.64,101.46,220.00,1567.00,null,null,null
2023-08-28T07:39:05Z,21.65,61.70,99,13,31.51,101.46,215.00,1560.00,null,null,null
2023-08-28T07:40:05Z,21.62,61.69,99,11,31.18,101.46,210.00,1556.00,0,0,0
2023-08-28T07:41:05Z,21.63,61.47,99,11,31.68,101.46,200.00,1542.00,null,null,null
2023-08-28T07:42:05Z,21.66,61.67,99,10,31.53,101.46,204.00,1546.00,null,null,null
2023-08-28T07:43:05Z,21.66,61.78,99,11,32.31,101.46,204.00,1546.00,null,null,null
2023-08-28T07:44:05Z,21.66,61.83,99,10,32.16,101.45,201.00,1543.00,null,null,null
2023-08-28T07:45:05Z,21.65,61.81,99,10,32.51,101.46,201.00,1543.00,0,0,0
2023-08-28T07:46:05Z,21.66,61.87,100,10,31.74,101.46,198.00,1538.00,null,null,null
2023-08-28T07:47:05Z,21.68,61.70,99,10,32.36,101.46,198.00,1538.00,null,null,null
2023-08-28T07:48:05Z,21.69,61.75,99,10,31.43,101.46,197.00,1537.00,null,null,null
2023-08-28T07:49:05Z,21.66,61.72,99,10,32.92,101.46,148.00,1376.00,null,null,null
2023-08-28T07:50:05Z,21.68,61.68,99,10,33.99,101.46,135.00,1291.00,0,0,0
2023-08-28T07:51:05Z,21.69,61.44,99,10,31.41,101.46,127.00,1238.00,null,null,null
2023-08-28T07:52:05Z,21.68,61.52,99,15,33.82,101.46,126.00,1228.00,null,null,null
2023-08-28T07:53:05Z,21.68,61.55,99,14,36.39,101.46,126.00,1228.00,null,null,null
2023-08-28T07:54:05Z,21.68,61.60,99,13,31.03,101.46,127.00,1238.00,null,null,null
2023-08-28T07:55:05Z,21.69,61.66,99,11,30.97,101.46,126.00,1228.00,0,0,0
2023-08-28T07:56:05Z,21.73,61.24,99,11,32.00,101.46,124.00,1220.00,null,null,null
2023-08-28T07:57:05Z,21.78,61.48,99,12,32.41,101.46,122.00,1204.00,null,null,null
2023-08-28T07:58:05Z,21.79,61.45,99,11,31.69,101.46,105.00,1095.00,null,null,null
2023-08-28T07:59:05Z,21.79,61.45,99,12,34.57,101.46,104.00,1086.00,null,null,null
2023-08-28T08:00:05Z,21.76,61.42,99,13,32.74,101.46,105.00,1090.00,0,0,0
2023-08-28T08:01:05Z,21.81,61.33,99,7,32.63,101.46,105.00,1090.00,null,null,null
2023-08-28T08:02:05Z,21.85,61.40,99,12,33.41,101.46,103.00,1077.00,null,null,null
2023-08-28T08:03:05Z,21.81,61.35,99,12,32.33,101.46,103.00,1077.00,null,null,null
2023-08-28T08:04:05Z,21.85,61.36,99,11,32.45,101.47,102.00,1071.00,null,null,null
2023-08-28T08:05:05Z,21.82,61.36,99,12,33.28,101.47,98.00,1047.00,0,0,0
2023-08-28T08:06:05Z,21.82,61.29,99,12,32.44,101.46,99.00,1053.00,null,null,null
2023-08-28T08:07:05Z,21.83,61.29,99,12,31.99,101.46,102.00,1071.00,null,null,null
2023-08-28T08:08:05Z,21.82,61.31,99,13,30.91,101.46,105.00,1090.00,null,null,null
2023-08-28T08:09:05Z,21.83,61.30,99,14,31.64,101.46,114.00,1150.00,null,null,null
2023-08-28T08:10:05Z,21.83,61.40,99,14,32.07,101.46,117.00,1168.00,0,0,0
2023-08-28T08:11:05Z,21.83,61.37,99,17,30.46,101.46,117.00,1168.00,null,null,null
2023-08-28T08:12:05Z,21.83,61.53,99,16,32.33,101.46,120.00,1191.00,null,null,null
2023-08-28T08:13:05Z,21.83,61.34,99,13,32.06,101.46,118.00,1178.00,null,null,null
2023-08-28T08:14:05Z,21.82,61.30,99,14,31.79,101.46,117.00,1168.00,null,null,null
2023-08-28T08:15:05Z,21.82,61.39,99,12,32.01,101.46,117.00,1168.00,0,0,0
2023-08-28T08:16:05Z,21.85,61.28,99,13,31.51,101.46,108.00,1113.00,null,null,null
2023-08-28T08:17:05Z,21.85,61.32,99,14,34.84,101.46,105.00,1090.00,null,null,null
2023-08-28T08:18:05Z,21.86,61.33,99,15,34.29,101.46,105.00,1090.00,null,null,null
2023-08-28T08:19:05Z,21.85,61.20,99,16,31.67,101.46,106.00,1099.00,null,null,null
2023-08-28T08:20:05Z,21.82,61.36,99,17,32.29,101.46,106.00,1102.00,0,0,0
2023-08-28T08:21:05Z,21.88,61.47,99,17,32.58,101.46,103.00,1077.00,null,null,null
2023-08-28T08:22:05Z,21.88,61.20,99,14,31.77,101.46,103.00,1077.00,null,null,null
2023-08-28T08:23:05Z,21.86,61.47,99,15,32.65,101.46,104.00,1083.00,null,null,null
2023-08-28T08:24:05Z,21.85,61.51,99,15,33.63,101.46,102.00,1071.00,null,null,null
2023-08-28T08:25:05Z,21.85,61.21,99,15,31.83,101.46,99.00,1053.00,0,0,0
2023-08-28T08:26:05Z,21.86,61.43,99,16,31.91,101.46,101.00,1065.00,null,null,null
2023-08-28T08:27:05Z,21.89,61.25,99,15,32.43,101.46,96.00,1035.00,null,null,null
2023-08-28T08:28:05Z,21.88,61.16,99,15,31.95,101.46,93.00,1017.00,null,null,null
2023-08-28T08:29:05Z,21.86,61.08,99,17,30.92,101.46,92.00,1009.00,null,null,null
2023-08-28T08:30:05Z,21.88,61.15,99,16,32.08,101.46,92.00,1009.00,0,0,0
2023-08-28T08:31:05Z,21.88,61.10,99,19,35.00,101.46,90.00,997.00,null,null,null
2023-08-28T08:32:05Z,21.90,61.16,99,13,32.21,101.46,89.00,990.00,null,null,null
2023-08-28T08:33:05Z,21.92,61.18,99,15,35.71,101.46,86.00,967.00,null,null,null
2023-08-28T08:34:05Z,21.90,60.94,99,16,31.29,101.46,83.00,951.00,null,null,null
2023-08-28T08:35:05Z,21.89,60.99,99,14,31.68,101.46,79.00,923.00,0,0,0
2023-08-28T08:36:05Z,21.92,61.03,99,11,31.65,101.46,79.00,923.00,null,null,null
2023-08-28T08:37:05Z,21.90,60.99,99,12,31.48,101.46,78.00,918.00,null,null,null
2023-08-28T08:38:05Z,21.90,61.13,99,10,31.88,101.46,79.00,923.00,null,null,null
2023-08-28T08:39:05Z,21.89,61.27,99,11,31.22,101.46,82.00,940.00,null,null,null
2023-08-28T08:40:05Z,21.86,61.29,99,16,31.08,101.45,80.00,927.00,0,0,0
2023-08-28T08:41:05Z,21.88,61.08,99,12,32.19,101.45,77.00,907.00,null,null,null
2023-08-28T08:42:05Z,21.92,60.85,99,16,32.19,101.46,76.00,900.00,null,null,null
2023-08-28T08:43:05Z,21.88,60.91,99,16,34.46,101.46,76.00,900.00,null,null,null
2023-08-28T08:44:05Z,21.89,61.08,99,16,32.53,101.46,74.00,889.00,null,null,null
2023-08-28T08:45:05Z,21.88,61.19,100,12,31.60,101.46,74.00,889.00,0,0,0
2023-08-28T08:46:05Z,21.90,61.07,100,10,32.03,101.46,73.00,880.00,null,null,null
2023-08-28T08:47:05Z,21.92,60.93,99,16,30.74,101.45,73.00,880.00,null,null,null
2023-08-28T08:48:05Z,21.93,61.18,99,17,33.14,101.46,71.00,870.00,null,null,null
2023-08-28T08:49:05Z,21.92,61.15,99,13,31.71,101.46,71.00,870.00,null,null,null
2023-08-28T08:50:05Z,21.89,61.09,99,10,33.06,101.46,70.00,863.00,0,0,0
2023-08-28T08:51:05Z,21.92,61.04,99,15,32.84,101.46,70.00,863.00,null,null,null
2023-08-28T08:52:05Z,21.93,61.15,99,18,30.91,101.46,70.00,863.00,null,null,null
2023-08-28T08:53:05Z,21.93,61.02,99,17,30.71,101.46,70.00,863.00,null,null,null
2023-08-28T08:54:05Z,21.93,60.98,99,12,35.56,101.46,71.00,870.00,null,null,null
2023-08-28T08:55:05Z,21.90,60.97,99,18,32.26,101.45,74.00,889.00,0,0,0
2023-08-28T08:56:05Z,21.94,61.09,99,12,32.08,101.45,77.00,907.00,null,null,null
2023-08-28T08:57:05Z,21.96,61.21,99,16,31.77,101.45,82.00,940.00,null,null,null
2023-08-28T08:58:05Z,21.94,61.05,99,21,32.22,101.45,89.00,990.00,null,null,null
2023-08-28T08:59:05Z,21.96,61.08,99,20,32.17,101.45,92.00,1009.00,null,null,null
2023-08-28T09:00:05Z,21.94,61.06,99,14,32.44,101.45,92.00,1009.00,0,0,0
2023-08-28T09:01:05Z,21.94,60.95,100,15,31.73,101.45,92.00,1009.00,null,null,null
2023-08-28T09:02:05Z,21.96,61.07,99,12,32.23,101.45,94.00,1019.00,null,null,null
2023-08-28T09:03:05Z,21.96,61.00,99,10,32.12,101.45,94.00,1019.00,null,null,null
2023-08-28T09:04:05Z,21.99,61.11,99,10,40.28,101.45,94.00,1019.00,null,null,null
2023-08-28T09:05:05Z,21.93,60.70,99,16,31.27,101.46,92.00,1009.00,0,0,0
2023-08-28T09:06:05Z,21.96,60.73,99,12,31.48,101.45,94.00,1019.00,null,null,null
2023-08-28T09:07:05Z,21.96,60.85,99,16,32.65,101.45,97.00,1038.00,null,null,null
2023-08-28T09:08:05Z,21.96,60.97,99,12,34.71,101.45,97.00,1038.00,null,null,null
2023-08-28T09:09:05Z,21.97,60.94,99,12,31.98,101.45,100.00,1060.00,null,null,null
2023-08-28T09:10:05Z,21.97,61.11,99,20,30.88,101.45,101.00,1065.00,0,0,0
2023-08-28T09:11:05Z,21.97,60.94,99,18,34.96,101.45,106.00,1102.00,null,null,null
2023-08-28T09:12:05Z,22.00,60.95,99,20,31.92,101.45,108.00,1110.00,null,null,null
2023-08-28T09:13:05Z,22.00,61.16,99,14,31.67,101.45,108.00,1110.00,null,null,null
2023-08-28T09:14:05Z,21.97,60.98,99,15,31.79,101.46,110.00,1128.00,null,null,null
2023-08-28T09:15:05Z,21.97,61.08,99,13,31.16,101.45,105.00,1090.00,0,0,0
2023-08-28T09:16:05Z,22.00,61.07,99,14,31.23,101.45,106.00,1102.00,null,null,null
2023-08-28T09:17:05Z,22.02,61.02,99,15,31.50,101.45,105.00,1090.00,null,null,null
2023-08-28T09:18:05Z,21.99,60.94,99,23,32.30,101.45,105.00,1090.00,null,null,null
2023-08-28T09:19:05Z,21.99,60.97,99,24,31.59,101.45,106.00,1102.00,null,null,null
2023-08-28T09:20:05Z,21.99,60.98,99,25,32.19,101.45,106.00,1102.00,0,0,0
2023-08-28T09:21:05Z,22.00,61.06,99,25,36.70,101.44,105.00,1090.00,null,null,null
2023-08-28T09:22:05Z,22.03,61.06,99,19,32.12,101.44,104.00,1083.00,null,null,null
2023-08-28T09:23:05Z,22.02,61.05,99,18,30.84,101.44,105.00,1090.00,null,null,null
2023-08-28T09:24:05Z,22.00,60.82,99,23,31.72,101.44,100.00,1060.00,null,null,null
2023-08-28T09:25:05Z,21.99,60.93,99,19,32.32,101.44,100.00,1060.00,0,0,0
2023-08-28T09:26:05Z,22.02,61.02,99,17,31.38,101.44,98.00,1047.00,null,null,null
2023-08-28T09:27:05Z,22.02,60.96,99,25,31.28,101.44,98.00,1047.00,null,null,null
2023-08-28T09:28:05Z,22.03,60.97,99,24,30.74,101.44,96.00,1035.00,null,null,null
2023-08-28T09:29:05Z,22.02,61.00,100,25,31.88,101.44,94.00,1019.00,null,null,null
2023-08-28T09:30:05Z,22.02,60.68,100,25,31.84,101.45,92.00,1009.00,0,0,0
2023-08-28T09:31:05Z,22.06,60.85,99,17,31.31,101.44,92.00,1009.00,null,null,null
2023-08-28T09:32:05Z,22.06,60.99,99,27,31.79,101.44,90.00,997.00,null,null,null
2023-08-28T09:33:05Z,22.03,60.95,99,27,34.28,101.44,89.00,990.00,null,null,null
2023-08-28T09:34:05Z,22.03,60.95,99,28,31.58,101.45,89.00,990.00,null,null,null
2023-08-28T09:35:05Z,22.04,61.16,99,27,32.09,101.45,89.00,990.00,0,0,0
2023-08-28T09:36:05Z,22.03,61.24,99,28,32.18,101.44,87.00,977.00,null,null,null
2023-08-28T09:37:05Z,22.06,61.18,99,22,32.47,101.45,90.00,997.00,null,null,null
2023-08-28T09:38:05Z,22.07,60.91,99,26,31.16,101.45,89.00,990.00,null,null,null
2023-08-28T09:39:05Z,22.06,60.77,99,17,30.42,101.45,86.00,967.00,null,null,null
2023-08-28T09:40:05Z,22.06,60.91,99,21,31.74,101.45,83.00,951.00,0,0,0
2023-08-28T09:41:05Z,22.06,60.66,99,18,31.33,101.45,82.00,940.00,null,null,null
2023-08-28T09:42:05Z,22.07,60.72,99,18,33.68,101.45,77.00,909.00,null,null,null
2023-08-28T09:43:05Z,22.04,60.75,99,17,34.59,101.45,77.00,909.00,null,null,null
2023-08-28T09:44:05Z,22.07,60.90,100,15,32.42,101.45,77.00,907.00,null,null,null
2023-08-28T09:45:05Z,22.04,60.79,99,15,32.41,101.45,78.00,918.00,0,0,0
2023-08-28T09:46:05Z,22.07,61.00,100,14,32.32,101.45,87.00,977.00,null,null,null
2023-08-28T09:47:05Z,22.10,60.78,99,14,32.04,101.45,94.00,1019.00,null,null,null
2023-08-28T09:48:05Z,22.07,60.84,99,14,31.31,101.45,100.00,1060.00,null,null,null
2023-08-28T09:49:05Z,22.06,60.82,99,14,32.84,101.45,101.00,1065.00,null,null,null
2023-08-28T09:50:05Z,22.06,60.73,100,14,32.88,101.45,101.00,1065.00,0,0,0
2023-08-28T09:51:05Z,22.09,60.71,99,14,32.26,101.45,102.00,1071.00,null,null,null
2023-08-28T09:52:05Z,22.10,60.70,99,14,32.88,101.45,102.00,1071.00,null,null,null
2023-08-28T09:53:05Z,22.09,60.70,99,14,32.08,101.45,103.00,1077.00,null,null,null
2023-08-28T09:54:05Z,22.10,60.73,99,14,32.37,101.46,100.00,1060.00,null,null,null
2023-08-28T09:55:05Z,22.07,60.83,99,14,31.78,101.46,100.00,1060.00,0,0,0
2023-08-28T09:56:05Z,22.09,60.63,100,13,33.05,101.45,96.00,1035.00,null,null,null
2023-08-28T09:57:05Z,22.12,60.91,99,13,32.23,101.46,97.00,1038.00,null,null,null
2023-08-28T09:58:05Z,22.10,60.68,99,13,34.07,101.45,90.00,997.00,null,null,null
2023-08-28T09:59:05Z,22.09,60.60,99,13,33.18,101.45,90.00,997.00,null,null,null
2023-08-28T10:00:05Z,22.10,60.49,99,14,32.21,101.46,92.00,1009.00,0,0,0
2023-08-28T10:01:05Z,22.10,60.48,99,14,32.35,101.45,89.00,990.00,null,null,null
2023-08-28T10:02:05Z,22.12,60.39,99,15,32.75,101.45,89.00,990.00,null,null,null
2023-08-28T10:03:05Z,22.09,60.43,99,16,34.06,101.45,87.00,977.00,null,null,null
2023-08-28T10:04:05Z,22.09,60.83,99,17,30.76,101.46,86.00,967.00,null,null,null
2023-08-28T10:05:05Z,22.12,60.53,99,25,33.03,101.45,86.00,967.00,0,0,0
2023-08-28T10:06:05Z,22.10,60.76,99,26,32.50,101.45,87.00,977.00,null,null,null
2023-08-28T10:07:05Z,22.14,60.77,99,25,32.26,101.45,86.00,967.00,null,null,null
2023-08-28T10:08:05Z,22.14,60.52,99,26,33.03,101.45,89.00,990.00,null,null,null
2023-08-28T10:09:05Z,22.13,60.41,99,26,32.32,101.45,97.00,1038.00,null,null,null
2023-08-28T10:10:05Z,22.12,60.37,99,26,31.76,101.45,98.00,1047.00,0,0,0
2023-08-28T10:11:05Z,22.13,60.45,99,21,31.88,101.44,94.00,1019.00,null,null,null
2023-08-28T10:12:05Z,22.14,60.54,99,26,30.09,101.45,98.00,1047.00,null,null,null
2023-08-28T10:13:05Z,22.14,60.50,99,19,33.62,101.44,98.00,1047.00,null,null,null
2023-08-28T10:14:05Z,22.14,60.49,99,19,31.44,101.44,92.00,1009.00,null,null,null
2023-08-28T10:15:05Z,22.13,60.55,99,18,32.99,101.45,89.00,990.00,0,0,0
2023-08-28T10:16:05Z,22.16,60.59,99,18,31.14,101.45,89.00,990.00,null,null,null
2023-08-28T10:17:05Z,22.17,60.25,99,18,33.68,101.44,87.00,977.00,null,null,null
2023-08-28T10:18:05Z,22.13,60.43,99,18,33.07,101.44,87.00,977.00,null,null,null
2023-08-28T10:19:05Z,22.16,60.67,99,18,31.68,101.44,89.00,990.00,null,null,null
2023-08-28T10:20:05Z,22.14,60.91,99,18,31.92,101.44,94.00,1019.00,0,0,0
2023-08-28T10:21:05Z,22.16,60.69,99,20,32.71,101.44,92.00,1009.00,null,null,null
2023-08-28T10:22:05Z,22.17,60.67,99,25,33.42,101.44,94.00,1019.00,null,null,null
2023-08-28T10:23:05Z,22.16,60.20,99,24,33.74,101.44,86.00,967.00,null,null,null
2023-08-28T10:24:05Z,22.14,60.07,99,20,35.78,101.44,86.00,967.00,null,null,null
2023-08-28T10:25:05Z,22.13,60.27,99,18,32.20,101.44,85.00,959.00,0,0,0
2023-08-28T10:26:05Z,22.14,60.47,99,18,32.57,101.44,80.00,927.00,null,null,null
2023-08-28T10:27:05Z,22.17,60.64,99,18,32.38,101.44,81.00,933.00,null,null,null
2023-08-28T10:28:05Z,22.16,60.59,99,18,32.72,101.44,81.00,933.00,null,null,null
2023-08-28T10:29:05Z,22.16,60.53,99,18,30.99,101.44,81.00,933.00,null,null,null
2023-08-28T10:30:05Z,22.17,60.56,99,18,32.79,101.44,83.00,951.00,0,0,0
2023-08-28T10:31:05Z,22.20,60.55,100,18,31.22,101.44,81.00,933.00,null,null,null
2023-08-28T10:32:05Z,22.21,60.35,99,18,33.07,101.44,81.00,933.00,null,null,null
2023-08-28T10:33:05Z,22.20,60.28,100,17,31.95,101.44,78.00,918.00,null,null,null
2023-08-28T10:34:05Z,22.20,60.53,99,17,32.00,101.44,77.00,909.00,null,null,null
2023-08-28T10:35:05Z,22.20,60.48,99,25,32.45,101.44,77.00,909.00,0,0,0
2023-08-28T10:36:05Z,22.21,60.27,99,17,32.29,101.43,74.00,889.00,null,null,null
2023-08-28T10:37:05Z,22.21,60.42,99,17,31.77,101.43,73.00,880.00,null,null,null
2023-08-28T10:38:05Z,22.21,60.16,99,19,31.54,101.43,71.00,872.00,null,null,null
2023-08-28T10:39:05Z,22.23,60.18,99,18,33.44,101.43,72.00,874.00,null,null,null
2023-08-28T10:40:05Z,22.20,60.17,99,18,30.41,101.43,67.00,846.00,0,0,0
2023-08-28T10:41:05Z,22.25,60.34,99,19,31.91,101.43,69.00,853.00,null,null,null
2023-08-28T10:42:05Z,22.24,60.47,99,20,31.70,101.43,57.00,776.00,null,null,null
2023-08-28T10:43:05Z,22.25,60.51,99,20,32.45,101.43,71.00,868.00,null,null,null
2023-08-28T10:44:05Z,22.24,60.45,99,20,32.64,101.43,57.00,776.00,null,null,null
2023-08-28T10:45:05Z,22.24,60.69,99,20,35.58,101.43,71.00,868.00,0,0,0
2023-08-28T10:46:05Z,22.27,60.24,99,20,32.79,101.43,66.00,838.00,null,null,null
2023-08-28T10:47:05Z,22.27,60.22,99,20,32.39,101.43,56.00,768.00,null,null,null
2023-08-28T10:48:05Z,22.27,60.46,99,20,32.70,101.43,64.00,821.00,null,null,null
2023-08-28T10:49:05Z,22.25,60.49,99,20,34.91,101.44,69.00,855.00,null,null,null
2023-08-28T10:50:05Z,22.24,60.32,99,20,31.78,101.44,69.00,855.00,0,0,0
2023-08-28T10:51:05Z,22.27,60.39,99,21,32.10,101.44,69.00,855.00,null,null,null
2023-08-28T10:52:05Z,22.28,60.47,99,21,31.52,101.43,71.00,872.00,null,null,null
2023-08-28T10:53:05Z,22.27,60.54,99,21,31.37,101.44,69.00,855.00,null,null,null
2023-08-28T10:54:05Z,22.28,60.23,100,21,32.97,101.43,69.00,855.00,null,null,null
2023-08-28T10:55:05Z,22.25,60.41,99,21,32.52,101.43,73.00,880.00,0,0,0
2023-08-28T10:56:05Z,22.27,60.45,99,21,32.68,101.43,73.00,882.00,null,null,null
2023-08-28T10:57:05Z,22.30,60.40,99,21,32.28,101.44,74.00,887.00,null,null,null
2023-08-28T10:58:05Z,22.30,60.33,99,21,36.19,101.43,73.00,882.00,null,null,null
2023-08-28T10:59:05Z,22.28,60.06,99,20,31.64,101.43,74.00,887.00,null,null,null
2023-08-28T11:00:05Z,22.30,60.25,99,21,32.50,101.44,69.00,857.00,0,0,0
2023-08-28T11:01:05Z,22.28,60.19,99,21,31.87,101.44,66.00,834.00,null,null,null
2023-08-28T11:02:05Z,22.31,60.10,99,22,31.61,101.44,64.00,821.00,null,null,null
2023-08-28T11:03:05Z,22.30,59.99,99,22,33.20,101.44,61.00,802.00,null,null,null
2023-08-28T11:04:05Z,22.28,60.05,99,22,30.75,101.44,58.00,783.00,null,null,null
2023-08-28T11:05:05Z,22.27,60.15,100,22,38.13,101.44,58.00,783.00,0,0,0
2023-08-28T11:06:05Z,22.31,60.16,99,23,32.67,101.44,58.00,783.00,null,null,null
2023-08-28T11:07:05Z,22.33,60.26,99,29,34.76,101.44,59.00,793.00,null,null,null
2023-08-28T11:08:05Z,22.30,60.18,99,30,30.87,101.44,60.00,795.00,null,null,null
2023-08-28T11:09:05Z,22.31,60.17,99,25,32.43,101.44,61.00,806.00,null,null,null
2023-08-28T11:10:05Z,22.28,60.15,99,27,32.65,101.44,62.00,813.00,0,0,0
2023-08-28T11:11:05Z,22.33,60.12,99,24,32.93,101.44,62.00,813.00,null,null,null
2023-08-28T11:12:05Z,22.34,60.12,99,23,31.93,101.44,62.00,813.00,null,null,null
2023-08-28T11:13:05Z,22.34,60.15,99,22,31.83,101.43,62.00,813.00,null,null,null
2023-08-28T11:14:05Z,22.31,60.23,99,22,31.97,101.43,62.00,813.00,null,null,null
2023-08-28T11:15:05Z,22.31,60.21,99,21,35.23,101.43,62.00,813.00,0,0,0
2023-08-28T11:16:05Z,22.33,60.16,99,21,30.94,101.43,62.00,813.00,null,null,null
2023-08-28T11:17:05Z,22.33,60.12,99,21,32.08,101.43,64.00,821.00,null,null,null
2023-08-28T11:18:05Z,22.36,60.08,99,21,34.81,101.43,62.00,813.00,null,null,null
2023-08-28T11:19:05Z,22.34,60.07,99,21,32.23,101.44,61.00,806.00,null,null,null
2023-08-28T11:20:05Z,22.34,60.01,99,20,40.73,101.43,61.00,806.00,0,0,0
2023-08-28T11:21:05Z,22.36,60.02,99,29,31.61,101.43,58.00,783.00,null,null,null
2023-08-28T11:22:05Z,22.69,59.92,99,21,23.72,101.43,57.00,776.00,null,null,null
2023-08-28T11:23:05Z,22.71,59.82,99,22,24.50,101.43,57.00,776.00,null,null,null
2023-08-28T11:24:05Z,22.75,59.82,99,19,31.55,101.43,56.00,768.00,null,null,null
2023-08-28T11:25:05Z,22.78,59.81,99,22,24.58,101.43,51.00,740.00,0,0,0
2023-08-28T11:26:05Z,22.80,59.75,99,22,31.35,101.43,53.00,754.00,null,null,null
2023-08-28T11:27:05Z,22.84,59.68,99,16,23.94,101.43,53.00,754.00,null,null,null
2023-08-28T11:28:05Z,22.85,59.69,99,23,31.05,101.43,55.00,763.00,null,null,null
2023-08-28T11:29:05Z,22.88,59.45,99,16,25.92,101.43,56.00,772.00,null,null,null
2023-08-28T11:30:05Z,22.91,59.29,99,16,34.02,101.43,56.00,772.00,0,0,0
2023-08-28T11:31:05Z,22.94,59.31,99,16,24.15,101.43,55.00,763.00,null,null,null
2023-08-28T11:32:05Z,22.94,59.31,99,16,23.30,101.43,55.00,763.00,null,null,null
2023-08-28T11:33:05Z,22.95,59.24,99,17,25.06,101.43,55.00,763.00,null,null,null
2023-08-28T11:34:05Z,22.98,59.32,99,17,24.86,101.43,56.00,772.00,null,null,null
2023-08-28T11:35:05Z,23.01,59.29,99,17,24.68,101.43,55.00,763.00,0,0,0
2023-08-28T11:36:05Z,23.01,59.28,99,17,22.99,101.42,53.00,754.00,null,null,null
2023-08-28T11:37:05Z,23.02,59.10,99,16,22.55,101.42,53.00,754.00,null,null,null
2023-08-28T11:38:05Z,23.01,59.14,99,17,23.98,101.42,56.00,772.00,null,null,null
2023-08-28T11:39:05Z,23.02,59.27,99,17,23.68,101.42,56.00,772.00,null,null,null
2023-08-28T11:40:05Z,23.04,59.35,99,17,26.21,101.43,55.00,763.00,0,0,0
2023-08-28T11:41:05Z,23.05,59.38,99,18,30.21,101.43,null,null,null,null,null
2023-08-28T11:42:05Z,23.09,59.27,99,18,22.61,101.43,53.00,754.00,null,null,null
2023-08-28T11:43:05Z,23.08,59.29,99,18,34.00,101.42,53.00,754.00,null,null,null
2023-08-28T11:44:05Z,23.09,59.18,99,19,24.72,101.42,55.00,763.00,null,null,null
2023-08-28T11:45:05Z,23.08,59.27,99,20,42.44,101.42,56.00,772.00,0,0,0
2023-08-28T11:46:05Z,23.10,59.20,99,27,22.49,101.42,56.00,772.00,null,null,null
2023-08-28T11:47:05Z,23.10,59.14,99,28,22.94,101.42,59.00,791.00,null,null,null
2023-08-28T11:48:05Z,23.13,59.16,99,24,22.78,101.42,61.00,806.00,null,null,null
2023-08-28T11:49:05Z,23.12,59.14,99,22,25.32,101.42,64.00,825.00,null,null,null
2023-08-28T11:50:05Z,23.10,59.21,99,26,23.05,101.42,66.00,838.00,0,0,0
2023-08-28T11:51:05Z,23.13,59.19,99,26,22.89,101.42,69.00,857.00,null,null,null
2023-08-28T11:52:05Z,23.13,59.03,99,26,25.35,101.42,71.00,870.00,null,null,null
2023-08-28T11:53:05Z,23.10,59.06,99,29,22.89,101.42,69.00,857.00,null,null,null
2023-08-28T11:54:05Z,23.05,59.18,99,24,22.66,101.41,71.00,870.00,null,null,null
2023-08-28T11:55:05Z,23.01,59.27,99,28,35.61,101.43,71.00,870.00,0,0,0
2023-08-28T11:56:05Z,23.01,59.32,99,29,25.35,101.43,68.00,848.00,null,null,null
2023-08-28T11:57:05Z,22.97,59.37,99,24,25.50,101.42,68.00,848.00,null,null,null
2023-08-28T11:58:05Z,22.95,59.44,99,22,28.66,101.42,68.00,848.00,null,null,null
2023-08-28T11:59:05Z,22.89,59.50,99,19,33.41,101.43,69.00,857.00,null,null,null
2023-08-28T12:00:05Z,22.88,59.51,99,17,34.34,101.43,71.00,868.00,0,0,0
2023-08-28T12:01:05Z,22.88,59.47,99,23,25.03,101.43,71.00,868.00,null,null,null
2023-08-28T12:02:05Z,22.85,59.52,99,16,26.19,101.42,72.00,877.00,null,null,null
2023-08-28T12:03:05Z,22.85,59.64,99,18,23.10,101.42,74.00,887.00,null,null,null
2023-08-28T12:04:05Z,22.82,59.65,99,19,27.45,101.43,74.00,887.00,null,null,null
2023-08-28T12:05:05Z,22.84,59.76,99,14,24.31,101.43,76.00,905.00,0,0,0
2023-08-28T12:06:05Z,22.82,59.78,99,11,24.72,101.42,73.00,885.00,null,null,null
2023-08-28T12:07:05Z,22.84,59.74,99,11,26.97,101.43,73.00,885.00,null,null,null
2023-08-28T12:08:05Z,22.77,59.75,99,11,26.43,101.42,73.00,885.00,null,null,null
2023-08-28T12:09:05Z,22.78,59.87,99,12,27.16,101.42,73.00,885.00,null,null,null
2023-08-28T12:10:05Z,22.80,59.94,99,12,23.30,101.43,73.00,885.00,0,0,0
2023-08-28T12:11:05Z,22.77,59.87,99,13,26.48,101.43,72.00,877.00,null,null,null
2023-08-28T12:12:05Z,22.78,59.87,99,13,26.69,101.43,72.00,877.00,null,null,null
2023-08-28T12:13:05Z,22.78,59.96,99,14,38.65,101.43,72.00,877.00,null,null,null
2023-08-28T12:14:05Z,22.75,59.85,99,15,24.61,101.43,72.00,877.00,null,null,null
2023-08-28T12:15:05Z,22.75,59.80,99,16,31.33,101.43,72.00,877.00,0,0,0
2023-08-28T12:16:05Z,22.74,59.87,99,24,23.90,101.43,71.00,868.00,null,null,null
2023-08-28T12:17:05Z,22.77,59.78,99,19,36.48,101.43,74.00,889.00,null,null,null
2023-08-28T12:18:05Z,22.75,59.66,99,18,25.22,101.43,68.00,848.00,null,null,null
2023-08-28T12:19:05Z,22.75,59.54,99,18,37.49,101.43,65.00,830.00,null,null,null
2023-08-28T12:20:05Z,22.75,59.60,99,19,23.30,101.43,63.00,815.00,0,0,0
2023-08-28T12:21:05Z,22.75,59.75,99,20,25.50,101.43,63.00,815.00,null,null,null
2023-08-28T12:22:05Z,22.77,59.86,99,20,28.89,101.43,63.00,815.00,null,null,null
2023-08-28T12:23:05Z,22.75,59.87,99,19,24.93,101.43,63.00,819.00,null,null,null
2023-08-28T12:24:05Z,22.74,59.92,99,21,26.60,101.43,66.00,838.00,null,null,null
2023-08-28T12:25:05Z,22.74,59.97,99,20,23.77,101.43,70.00,865.00,0,0,0
2023-08-28T12:26:05Z,22.74,60.00,99,19,31.26,101.42,74.00,889.00,null,null,null
2023-08-28T12:27:05Z,22.78,59.90,99,19,30.17,101.42,74.00,889.00,null,null,null
2023-08-28T12:28:05Z,22.78,59.47,99,19,28.33,101.42,65.00,830.00,null,null,null
2023-08-28T12:29:05Z,22.75,59.58,99,20,28.30,101.42,64.00,825.00,null,null,null
2023-08-28T12:30:05Z,22.75,59.88,99,19,30.35,101.43,65.00,830.00,0,0,0
2023-08-28T12:31:05Z,22.80,59.90,99,19,28.95,101.43,65.00,830.00,null,null,null
2023-08-28T12:32:05Z,22.80,60.05,99,22,27.49,101.42,68.00,848.00,null,null,null
2023-08-28T12:33:05Z,22.78,60.04,99,17,24.89,101.43,68.00,848.00,null,null,null
2023-08-28T12:34:05Z,22.81,60.12,99,15,25.79,101.42,72.00,877.00,null,null,null
2023-08-28T12:35:05Z,22.82,60.13,99,15,25.73,101.42,76.00,905.00,0,0,0
2023-08-28T12:36:05Z,22.80,60.06,99,14,22.05,101.42,80.00,930.00,null,null,null
2023-08-28T12:37:05Z,22.85,59.83,99,14,24.07,101.43,80.00,930.00,null,null,null
2023-08-28T12:38:05Z,22.85,59.72,99,14,22.43,101.43,83.00,951.00,null,null,null
2023-08-28T12:39:05Z,22.81,59.80,99,14,27.28,101.43,81.00,935.00,null,null,null
2023-08-28T12:40:05Z,22.81,59.82,99,15,25.47,101.43,77.00,909.00,0,0,0
2023-08-28T12:41:05Z,22.84,59.89,99,16,22.18,101.43,79.00,925.00,null,null,null
2023-08-28T12:42:05Z,22.88,59.97,99,16,23.20,101.43,79.00,925.00,null,null,null
2023-08-28T12:43:05Z,22.85,60.02,99,17,26.21,101.42,77.00,909.00,null,null,null
2023-08-28T12:44:05Z,22.85,60.01,99,17,18.17,101.42,77.00,909.00,null,null,null
2023-08-28T12:45:05Z,22.84,60.21,99,16,23.77,101.42,79.00,925.00,0,0,0
2023-08-28T12:46:05Z,22.87,60.12,99,16,26.00,101.43,82.00,942.00,null,null,null
2023-08-28T12:47:05Z,22.85,60.01,99,16,29.32,101.43,83.00,951.00,null,null,null
2023-08-28T12:48:05Z,22.88,60.06,99,16,22.55,101.42,82.00,942.00,null,null,null
2023-08-28T12:49:05Z,22.85,60.05,99,16,20.76,101.43,80.00,930.00,null,null,null
2023-08-28T12:50:05Z,22.85,60.07,99,16,23.45,101.43,79.00,925.00,0,0,0
2023-08-28T12:51:05Z,22.87,60.14,99,16,23.45,101.43,79.00,925.00,null,null,null
2023-08-28T12:52:05Z,22.88,59.99,99,16,23.05,101.43,79.00,925.00,null,null,null
2023-08-28T12:53:05Z,22.87,60.06,99,16,59.24,101.43,79.00,925.00,null,null,null
2023-08-28T12:54:05Z,22.87,60.13,99,13,38.57,101.42,79.00,925.00,null,null,null
2023-08-28T12:55:05Z,22.88,60.09,99,14,34.64,101.42,79.00,925.00,0,0,0
