TIME,TEMP,HUM,BATT,LIGHT,NOISE_A,PRESS,CCS811_VOCS,CCS811_ECO2,PM_1,PM_25,PM_10
ISO 8601,C,%,%,Lux,dBA,kPa,ppb,ppm,ug/m3,ug/m3,ug/m3
Time,Temperature,Humidity,Battery,Light,Noise dBA,Barometric pressure,VOC Gas CCS811,eCO2 Gas CCS811,PM 1.0,PM 2.5,PM 10.0
,55,56,10,14,53,58,113,112,89,87,88
2023-08-10T00:00:49Z,22.48,65.78,100,17,29.23,102.00,26.00,575.00,0,0,0
2023-08-10T00:01:49Z,22.48,65.95,100,16,29.43,102.00,27.00,581.00,null,null,null
2023-08-10T00:02:49Z,22.52,65.78,100,16,35.55,102.00,28.00,589.00,null,null,null
2023-08-10T00:03:49Z,22.51,65.69,100,16,29.90,102.00,29.00,594.00,null,null,null
2023-08-10T00:04:49Z,22.50,65.55,100,15,29.27,102.00,30.00,599.00,null,null,null
2023-08-10T00:05:49Z,22.47,65.65,100,16,30.79,102.00,29.00,594.00,0,0,0
2023-08-10T00:06:49Z,22.47,65.63,100,16,36.32,102.00,28.00,588.00,null,null,null
2023-08-10T00:07:49Z,22.45,65.69,100,17,28.61,102.00,27.00,580.00,null,null,null
2023-08-10T00:08:49Z,22.47,65.76,100,17,30.35,102.00,30.00,599.00,null,null,null
2023-08-10T00:09:49Z,22.44,66.02,100,17,31.25,102.00,31.00,607.00,null,null,null
2023-08-10T00:10:49Z,22.43,65.74,100,17,28.61,102.00,34.00,629.00,0,0,0
2023-08-10T00:11:49Z,22.43,65.54,100,17,29.80,102.00,34.00,624.00,null,null,null
2023-08-10T00:12:49Z,22.43,65.85,100,17,31.32,102.00,40.00,665.00,null,null,null
2023-08-10T00:13:49Z,22.43,65.66,100,17,28.67,102.00,44.00,690.00,null,null,null
2023-08-10T00:14:49Z,22.41,65.54,100,16,41.09,102.00,47.00,715.00,null,null,null
2023-08-10T00:15:49Z,22.41,65.71,100,17,28.28,102.00,51.00,735.00,0,0,0
2023-08-10T00:16:49Z,22.41,65.68,100,2,34.13,102.00,49.00,728.00,null,null,null
2023-08-10T00:17:49Z,22.43,66.15,100,2,30.47,102.01,56.00,770.00,null,null,null
2023-08-10T00:18:49Z,22.44,65.97,100,2,33.66,102.01,56.00,770.00,null,null,null
2023-08-10T00:19:49Z,22.43,65.79,100,2,28.22,102.01,60.00,795.00,null,null,null
2023-08-10T00:20:49Z,22.41,65.91,100,2,27.02,102.01,62.00,813.00,0,0,0
2023-08-10T00:21:49Z,22.41,65.65,100,2,27.69,102.01,60.00,795.00,null,null,null
2023-08-10T00:22:49Z,22.44,65.62,100,2,31.12,102.01,61.00,802.00,null,null,null
2023-08-10T00:23:49Z,22.43,65.57,100,2,29.73,102.01,57.00,778.00,null,null,null
2023-08-10T00:24:49Z,22.39,65.70,100,2,46.70,102.02,53.00,752.00,null,null,null
2023-08-10T00:25:49Z,22.33,65.68,100,2,42.94,102.02,52.00,744.00,0,0,0
2023-08-10T00:26:49Z,22.33,65.70,100,2,41.14,102.01,52.00,744.00,null,null,null
2023-08-10T00:27:49Z,22.34,65.74,100,2,26.76,102.01,53.00,752.00,null,null,null
2023-08-10T00:28:49Z,22.33,65.75,100,2,28.30,102.01,53.00,752.00,null,null,null
2023-08-10T00:29:49Z,22.30,65.80,100,2,30.10,102.01,48.00,717.00,null,null,null
2023-08-10T00:30:49Z,22.28,65.83,100,2,27.66,102.01,50.00,730.00,0,0,0
2023-08-10T00:31:49Z,22.28,66.05,100,2,28.09,102.01,48.00,717.00,null,null,null
2023-08-10T00:32:49Z,22.31,66.02,100,2,28.09,102.01,47.00,710.00,null,null,null
2023-08-10T00:33:49Z,22.30,65.79,100,2,27.84,102.01,47.00,710.00,null,null,null
2023-08-10T00:34:49Z,22.28,65.68,100,2,30.22,102.01,44.00,694.00,null,null,null
2023-08-10T00:35:49Z,22.25,65.67,100,2,27.66,102.01,45.00,697.00,0,0,0
2023-08-10T00:36:49Z,22.25,65.60,100,2,40.18,102.00,40.00,668.00,null,null,null
2023-08-10T00:37:49Z,22.25,65.61,100,2,52.59,102.00,37.00,645.00,null,null,null
2023-08-10T00:38:49Z,22.24,65.61,100,2,35.15,102.00,35.00,634.00,null,null,null
2023-08-10T00:39:49Z,22.25,66.13,100,2,36.09,102.00,49.00,728.00,null,null,null
2023-08-10T00:40:49Z,22.21,65.97,100,2,48.29,102.00,41.00,671.00,0,0,0
2023-08-10T00:41:49Z,22.27,66.02,100,2,27.08,102.00,57.00,776.00,null,null,null
2023-08-10T00:42:49Z,22.28,66.01,100,2,46.40,102.00,55.00,763.00,null,null,null
2023-08-10T00:43:49Z,22.25,65.78,100,2,34.43,102.01,64.00,825.00,null,null,null
2023-08-10T00:44:49Z,22.23,65.81,100,2,31.16,102.01,64.00,825.00,null,null,null
2023-08-10T00:45:49Z,22.25,65.76,100,2,44.05,102.01,75.00,895.00,0,0,0
2023-08-10T00:46:49Z,22.27,66.01,100,2,27.68,102.01,79.00,925.00,null,null,null
2023-08-10T00:47:49Z,22.25,65.94,100,2,32.06,102.02,83.00,951.00,null,null,null
2023-08-10T00:48:49Z,22.30,66.32,100,2,29.71,102.02,78.00,915.00,null,null,null
2023-08-10T00:49:49Z,22.25,65.96,100,2,31.44,102.02,78.00,915.00,null,null,null
2023-08-10T00:50:49Z,22.25,65.86,100,2,47.65,102.02,78.00,915.00,0,0,0
2023-08-10T00:51:49Z,22.25,65.88,100,2,31.91,102.02,77.00,907.00,null,null,null
2023-08-10T00:52:49Z,22.25,65.91,100,2,27.42,102.02,75.00,895.00,null,null,null
2023-08-10T00:53:49Z,22.25,65.76,100,2,30.46,102.02,72.00,874.00,null,null,null
2023-08-10T00:54:49Z,22.23,66.00,100,2,31.20,102.02,70.00,865.00,null,null,null
2023-08-10T00:55:49Z,22.20,66.09,100,2,38.83,102.02,82.00,942.00,0,0,0
2023-08-10T00:56:49Z,22.23,65.99,100,2,40.64,102.02,82.00,942.00,null,null,null
2023-08-10T00:57:49Z,22.24,65.81,100,2,29.13,102.02,82.00,942.00,null,null,null
2023-08-10T00:58:49Z,22.23,65.94,100,2,30.60,102.02,80.00,927.00,null,null,null
2023-08-10T00:59:49Z,22.23,65.81,100,2,39.05,102.02,80.00,927.00,null,null,null
2023-08-10T01:00:49Z,22.21,65.78,100,2,27.30,102.02,78.00,918.00,0,0,0
2023-08-10T01:01:49Z,22.18,65.78,100,2,28.54,102.02,76.00,900.00,null,null,null
2023-08-10T01:02:49Z,22.20,65.79,100,2,29.38,102.01,72.00,877.00,null,null,null
2023-08-10T01:03:49Z,22.18,65.82,100,2,28.95,102.02,71.00,868.00,null,null,null
2023-08-10T01:04:49Z,22.16,65.83,100,2,29.23,102.01,67.00,840.00,null,null,null
2023-08-10T01:05:49Z,22.13,66.00,100,2,44.09,102.01,68.00,851.00,0,0,0
2023-08-10T01:06:49Z,22.14,65.91,100,2,28.40,102.01,67.00,840.00,null,null,null
2023-08-10T01:07:49Z,22.17,66.18,100,2,28.98,102.01,68.00,851.00,null,null,null
2023-08-10T01:08:49Z,22.17,65.96,100,2,49.55,102.01,67.00,840.00,null,null,null
2023-08-10T01:09:49Z,22.13,66.01,100,2,36.36,102.01,67.00,840.00,null,null,null
2023-08-10T01:10:49Z,22.16,66.09,100,2,31.43,102.01,65.00,827.00,0,0,0
2023-08-10T01:11:49Z,22.16,65.79,100,2,28.85,102.01,65.00,827.00,null,null,null
2023-08-10T01:12:49Z,22.16,65.76,100,2,42.47,102.01,61.00,804.00,null,null,null
2023-08-10T01:13:49Z,22.16,65.85,100,2,29.20,102.01,57.00,776.00,null,null,null
2023-08-10T01:14:49Z,22.14,65.93,100,2,35.75,102.01,56.00,768.00,null,null,null
2023-08-10T01:15:49Z,22.13,65.92,100,2,26.36,102.01,54.00,759.00,0,0,0
2023-08-10T01:16:49Z,22.13,65.84,100,2,34.16,102.01,52.00,742.00,null,null,null
2023-08-10T01:17:49Z,22.12,65.82,100,2,33.71,102.01,50.00,733.00,null,null,null
2023-08-10T01:18:49Z,22.10,65.95,100,2,28.84,102.01,48.00,717.00,null,null,null
2023-08-10T01:19:49Z,22.10,66.08,100,2,31.61,102.01,46.00,706.00,null,null,null
2023-08-10T01:20:49Z,22.07,66.13,100,2,44.36,102.01,46.00,706.00,0,0,0
2023-08-10T01:21:49Z,22.09,66.08,100,2,29.98,102.01,52.00,742.00,null,null,null
2023-08-10T01:22:49Z,22.10,66.01,100,2,32.60,102.01,60.00,795.00,null,null,null
2023-08-10T01:23:49Z,22.09,66.03,100,2,32.21,102.00,68.00,851.00,null,null,null
2023-08-10T01:24:49Z,22.09,66.12,100,2,29.07,102.01,76.00,900.00,null,null,null
2023-08-10T01:25:49Z,22.07,65.96,100,2,34.49,102.01,78.00,918.00,0,0,0
2023-08-10T01:26:49Z,22.07,66.08,100,1,29.81,102.00,80.00,927.00,null,null,null
2023-08-10T01:27:49Z,22.09,66.11,100,2,30.46,102.01,78.00,918.00,null,null,null
2023-08-10T01:28:49Z,22.06,66.06,100,2,41.34,102.01,77.00,909.00,null,null,null
2023-08-10T01:29:49Z,22.03,66.08,100,2,31.50,102.01,72.00,877.00,null,null,null
2023-08-10T01:30:49Z,22.02,66.17,100,2,30.58,102.01,71.00,868.00,0,0,0
2023-08-10T01:31:49Z,22.03,66.22,100,2,28.80,102.01,71.00,868.00,null,null,null
2023-08-10T01:32:49Z,22.06,66.38,100,2,28.42,102.01,72.00,877.00,null,null,null
2023-08-10T01:33:49Z,22.02,66.16,100,2,32.82,102.00,65.00,832.00,null,null,null
2023-08-10T01:34:49Z,22.00,66.31,100,2,35.04,102.01,74.00,887.00,null,null,null
2023-08-10T01:35:49Z,21.97,66.32,100,2,28.63,102.00,74.00,887.00,0,0,0
2023-08-10T01:36:49Z,22.00,66.28,100,2,28.36,102.00,76.00,900.00,null,null,null
2023-08-10T01:37:49Z,22.03,66.26,100,2,30.23,102.01,80.00,930.00,null,null,null
2023-08-10T01:38:49Z,22.02,66.49,100,2,26.87,102.01,89.00,987.00,null,null,null
2023-08-10T01:39:49Z,22.00,66.29,100,2,29.73,102.01,104.00,1083.00,null,null,null
2023-08-10T01:40:49Z,21.99,66.26,100,2,30.72,102.01,110.00,1125.00,0,0,0
2023-08-10T01:41:49Z,22.02,66.23,100,2,28.36,102.01,107.00,1107.00,null,null,null
2023-08-10T01:42:49Z,22.00,66.21,100,2,29.37,102.00,109.00,1122.00,null,null,null
2023-08-10T01:43:49Z,21.97,66.13,100,2,28.47,102.00,107.00,1107.00,null,null,null
2023-08-10T01:44:49Z,21.94,66.30,100,2,29.26,102.01,103.00,1077.00,null,null,null
2023-08-10T01:45:49Z,21.93,66.31,100,2,61.62,102.01,97.00,1041.00,0,0,0
2023-08-10T01:46:49Z,21.92,66.38,100,2,29.07,102.01,90.00,997.00,null,null,null
2023-08-10T01:47:49Z,21.89,66.41,100,2,32.50,102.01,87.00,977.00,null,null,null
2023-08-10T01:48:49Z,21.88,66.47,100,2,35.61,102.01,87.00,977.00,null,null,null
2023-08-10T01:49:49Z,21.89,66.40,100,2,33.27,102.01,89.00,987.00,null,null,null
2023-08-10T01:50:49Z,21.83,66.43,100,2,28.17,102.01,87.00,977.00,0,0,0
2023-08-10T01:51:49Z,21.82,66.42,100,2,37.95,102.01,80.00,930.00,null,null,null
2023-08-10T01:52:49Z,21.82,66.59,100,2,30.19,102.01,80.00,930.00,null,null,null
2023-08-10T01:53:49Z,21.79,66.64,100,2,32.77,102.01,80.00,930.00,null,null,null
2023-08-10T01:54:49Z,21.79,66.61,100,2,30.05,102.01,78.00,918.00,null,null,null
2023-08-10T01:55:49Z,21.78,66.72,100,2,36.36,102.01,77.00,907.00,0,0,0
2023-08-10T01:56:49Z,21.78,66.72,100,2,35.11,102.01,76.00,900.00,null,null,null
2023-08-10T01:57:49Z,21.81,66.67,100,2,27.36,102.00,74.00,889.00,null,null,null
2023-08-10T01:58:49Z,21.79,66.72,100,2,31.12,102.00,72.00,877.00,null,null,null
2023-08-10T01:59:49Z,21.75,66.77,100,2,34.01,102.00,78.00,918.00,null,null,null
2023-08-10T02:00:49Z,21.72,66.77,100,2,27.40,102.00,78.00,918.00,0,0,0
2023-08-10T02:01:49Z,21.73,66.72,100,2,33.85,102.00,79.00,923.00,null,null,null
2023-08-10T02:02:49Z,21.72,66.69,100,2,33.94,102.00,78.00,915.00,null,null,null
2023-08-10T02:03:49Z,21.75,66.79,100,2,30.48,101.99,82.00,942.00,null,null,null
2023-08-10T02:04:49Z,21.70,66.82,100,2,27.06,101.99,84.00,956.00,null,null,null
2023-08-10T02:05:49Z,21.72,66.98,100,2,29.67,101.99,93.00,1014.00,0,0,0
2023-08-10T02:06:49Z,21.72,66.94,100,2,40.38,101.99,92.00,1004.00,null,null,null
2023-08-10T02:07:49Z,21.73,66.80,100,2,29.51,101.99,93.00,1014.00,null,null,null
2023-08-10T02:08:49Z,21.73,66.87,100,2,33.39,101.99,92.00,1004.00,null,null,null
2023-08-10T02:09:49Z,21.73,66.78,100,2,33.02,101.99,92.00,1004.00,null,null,null
2023-08-10T02:10:49Z,21.75,66.78,100,2,33.67,101.98,86.00,970.00,0,0,0
2023-08-10T02:11:49Z,21.70,66.87,100,2,29.64,101.98,81.00,933.00,null,null,null
2023-08-10T02:12:49Z,21.69,66.87,100,2,32.48,101.98,79.00,923.00,null,null,null
2023-08-10T02:13:49Z,21.70,67.02,100,2,27.12,101.98,79.00,923.00,null,null,null
2023-08-10T02:14:49Z,21.66,66.97,100,2,27.18,101.97,77.00,907.00,null,null,null
2023-08-10T02:15:49Z,21.63,67.07,100,2,34.57,101.98,75.00,897.00,0,0,0
2023-08-10T02:16:49Z,21.66,66.95,100,2,27.20,101.98,77.00,907.00,null,null,null
2023-08-10T02:17:49Z,21.65,66.95,100,2,28.91,101.98,74.00,887.00,null,null,null
2023-08-10T02:18:49Z,21.65,67.06,100,2,28.28,101.97,73.00,882.00,null,null,null
2023-08-10T02:19:49Z,21.63,67.05,100,2,29.97,101.97,67.00,846.00,null,null,null
2023-08-10T02:20:49Z,21.58,67.16,100,2,29.38,101.97,66.00,836.00,0,0,0
2023-08-10T02:21:49Z,21.59,67.21,100,2,29.72,101.97,65.00,827.00,null,null,null
2023-08-10T02:22:49Z,21.62,67.19,100,2,28.92,101.97,73.00,882.00,null,null,null
2023-08-10T02:23:49Z,21.62,67.17,100,2,29.38,101.97,73.00,882.00,null,null,null
2023-08-10T02:24:49Z,21.59,67.18,100,2,34.11,101.97,73.00,882.00,null,null,null
2023-08-10T02:25:49Z,21.56,67.25,100,2,28.80,101.96,71.00,868.00,0,0,0
2023-08-10T02:26:49Z,21.58,67.09,100,2,29.94,101.97,73.00,880.00,null,null,null
2023-08-10T02:27:49Z,21.58,67.14,100,2,27.73,101.96,83.00,945.00,null,null,null
2023-08-10T02:28:49Z,21.56,67.14,100,2,28.47,101.97,85.00,959.00,null,null,null
2023-08-10T02:29:49Z,21.54,67.18,100,2,29.35,101.96,86.00,970.00,null,null,null
2023-08-10T02:30:49Z,21.54,67.32,100,2,28.93,101.96,103.00,1081.00,0,0,0
2023-08-10T02:31:49Z,21.55,67.21,100,2,28.55,101.96,108.00,1110.00,null,null,null
2023-08-10T02:32:49Z,21.55,67.36,100,2,32.78,101.96,118.00,1181.00,null,null,null
2023-08-10T02:33:49Z,21.52,67.57,100,3,31.46,101.95,119.00,1184.00,null,null,null
2023-08-10T02:34:49Z,21.52,67.34,100,2,31.99,101.95,124.00,1215.00,null,null,null
2023-08-10T02:35:49Z,21.55,67.52,100,3,36.53,101.95,124.00,1215.00,0,0,0
2023-08-10T02:36:49Z,21.56,67.41,100,2,28.04,101.96,117.00,1171.00,null,null,null
2023-08-10T02:37:49Z,21.58,67.38,100,2,27.87,101.96,112.00,1137.00,null,null,null
2023-08-10T02:38:49Z,21.58,67.45,100,0,27.49,101.96,108.00,1110.00,null,null,null
2023-08-10T02:39:49Z,21.56,67.29,100,0,37.15,101.96,102.00,1071.00,null,null,null
2023-08-10T02:40:49Z,21.54,67.42,100,0,27.12,101.96,100.00,1060.00,0,0,0
2023-08-10T02:41:49Z,21.56,67.35,100,0,28.07,101.97,96.00,1035.00,null,null,null
2023-08-10T02:42:49Z,21.58,67.41,100,0,27.36,101.96,92.00,1007.00,null,null,null
2023-08-10T02:43:49Z,21.58,67.36,100,0,29.09,101.97,88.00,981.00,null,null,null
2023-08-10T02:44:49Z,21.54,67.28,100,0,29.33,101.96,88.00,981.00,null,null,null
2023-08-10T02:45:49Z,21.52,67.36,100,0,27.57,101.96,83.00,951.00,0,0,0
2023-08-10T02:46:49Z,21.52,67.36,100,0,27.30,101.97,85.00,961.00,null,null,null
2023-08-10T02:47:49Z,21.52,67.36,100,0,27.84,101.97,99.00,1050.00,null,null,null
2023-08-10T02:48:49Z,21.52,67.24,100,0,29.16,101.97,99.00,1050.00,null,null,null
2023-08-10T02:49:49Z,21.52,67.15,100,0,29.86,101.97,99.00,1050.00,null,null,null
2023-08-10T02:50:49Z,21.51,67.16,100,0,29.22,101.97,89.00,990.00,0,0,0
2023-08-10T02:51:49Z,21.48,67.25,100,0,27.44,101.97,87.00,977.00,null,null,null
2023-08-10T02:52:49Z,21.48,67.20,100,0,29.15,101.97,106.00,1099.00,null,null,null
2023-08-10T02:53:49Z,21.45,67.21,100,0,28.12,101.97,109.00,1122.00,null,null,null
2023-08-10T02:54:49Z,21.45,67.33,100,0,27.85,101.97,98.00,1044.00,null,null,null
2023-08-10T02:55:49Z,21.44,67.25,100,0,26.34,101.97,90.00,995.00,0,0,0
2023-08-10T02:56:49Z,21.45,67.23,100,0,29.42,101.97,90.00,995.00,null,null,null
2023-08-10T02:57:49Z,21.47,67.12,100,0,27.30,101.97,93.00,1014.00,null,null,null
2023-08-10T02:58:49Z,21.45,67.16,100,0,29.65,101.97,86.00,970.00,null,null,null
2023-08-10T02:59:49Z,21.42,67.18,100,0,29.37,101.96,86.00,970.00,null,null,null
2023-08-10T03:00:49Z,21.45,67.27,100,0,27.47,101.96,86.00,970.00,0,0,0
2023-08-10T03:01:49Z,21.44,67.19,100,0,26.97,101.97,76.00,900.00,null,null,null
2023-08-10T03:02:49Z,21.44,67.16,100,0,27.49,101.97,77.00,907.00,null,null,null
2023-08-10T03:03:49Z,21.44,67.09,100,0,26.91,101.96,73.00,882.00,null,null,null
2023-08-10T03:04:49Z,21.44,67.09,100,0,27.32,101.96,66.00,836.00,null,null,null
2023-08-10T03:05:49Z,21.39,67.11,100,0,26.93,101.96,63.00,817.00,0,0,0
2023-08-10T03:06:49Z,21.38,67.19,100,0,27.94,101.96,65.00,827.00,null,null,null
2023-08-10T03:07:49Z,21.41,67.17,100,0,28.02,101.96,62.00,808.00,null,null,null
2023-08-10T03:08:49Z,21.39,67.13,100,0,29.68,101.96,59.00,791.00,null,null,null
2023-08-10T03:09:49Z,21.39,67.20,100,0,28.99,101.96,61.00,804.00,null,null,null
2023-08-10T03:10:49Z,21.38,67.10,100,0,29.18,101.95,59.00,791.00,0,0,0
2023-08-10T03:11:49Z,21.38,67.13,100,0,27.06,101.96,56.00,768.00,null,null,null
2023-08-10T03:12:49Z,21.39,67.06,100,0,29.26,101.96,52.00,746.00,null,null,null
2023-08-10T03:13:49Z,21.37,67.07,100,0,34.20,101.95,50.00,733.00,null,null,null
2023-08-10T03:14:49Z,21.37,67.03,100,0,27.16,101.95,50.00,733.00,null,null,null
2023-08-10T03:15:49Z,21.35,67.14,100,0,27.08,101.95,48.00,717.00,0,0,0
2023-08-10T03:16:49Z,21.35,67.06,100,0,27.60,101.95,46.00,706.00,null,null,null
2023-08-10T03:17:49Z,21.37,67.09,100,0,26.38,101.95,45.00,699.00,null,null,null
2023-08-10T03:18:49Z,21.35,67.13,100,0,27.42,101.95,44.00,690.00,null,null,null
2023-08-10T03:19:49Z,21.35,67.15,100,0,28.88,101.94,44.00,690.00,null,null,null
2023-08-10T03:20:49Z,21.34,67.16,100,0,26.95,101.95,43.00,683.00,0,0,0
2023-08-10T03:21:49Z,21.35,67.12,100,0,29.01,101.95,41.00,675.00,null,null,null
2023-08-10T03:22:49Z,21.38,67.09,100,0,27.38,101.95,40.00,668.00,null,null,null
2023-08-10T03:23:49Z,21.34,67.08,100,0,28.06,101.95,40.00,668.00,null,null,null
2023-08-10T03:24:49Z,21.33,67.10,100,0,28.51,101.94,37.00,645.00,null,null,null
2023-08-10T03:25:49Z,21.31,67.13,100,0,26.34,101.94,36.00,640.00,0,0,0
2023-08-10T03:26:49Z,21.34,67.12,100,0,27.08,101.95,34.00,624.00,null,null,null
2023-08-10T03:27:49Z,21.34,67.10,100,0,27.26,101.95,36.00,640.00,null,null,null
2023-08-10T03:28:49Z,21.31,67.09,100,0,29.11,101.95,33.00,618.00,null,null,null
2023-08-10T03:29:49Z,21.30,67.07,100,0,27.49,101.94,32.00,612.00,null,null,null
2023-08-10T03:30:49Z,21.24,67.20,100,0,28.80,101.94,31.00,607.00,0,0,0
2023-08-10T03:31:49Z,21.26,67.30,100,0,27.60,101.94,38.00,650.00,null,null,null
2023-08-10T03:32:49Z,21.26,67.14,100,0,29.81,101.94,28.00,589.00,null,null,null
2023-08-10T03:33:49Z,21.26,67.30,100,0,26.87,101.94,28.00,588.00,null,null,null
2023-08-10T03:34:49Z,21.24,67.33,100,0,29.37,101.94,26.00,575.00,null,null,null
2023-08-10T03:35:49Z,21.20,67.42,100,0,27.44,101.94,34.00,627.00,0,0,0
2023-08-10T03:36:49Z,21.21,67.44,100,0,29.08,101.94,33.00,623.00,null,null,null
2023-08-10T03:37:49Z,21.21,67.42,100,0,28.63,101.94,33.00,623.00,null,null,null
2023-08-10T03:38:49Z,21.21,67.36,100,0,26.06,101.94,33.00,623.00,null,null,null
2023-08-10T03:39:49Z,21.21,67.38,100,0,27.32,101.94,33.00,623.00,null,null,null
2023-08-10T03:40:49Z,21.20,67.39,100,0,26.55,101.94,33.00,623.00,0,0,0
2023-08-10T03:41:49Z,21.21,67.30,100,0,32.80,101.94,31.00,607.00,null,null,null
2023-08-10T03:42:49Z,21.20,67.34,100,0,26.73,101.94,32.00,615.00,null,null,null
2023-08-10T03:43:49Z,21.23,67.44,100,0,27.85,101.93,31.00,607.00,null,null,null
2023-08-10T03:44:49Z,21.21,67.41,100,0,27.51,101.93,31.00,607.00,null,null,null
2023-08-10T03:45:49Z,21.17,67.52,100,0,27.22,101.94,30.00,602.00,0,0,0
2023-08-10T03:46:49Z,21.20,67.54,100,0,31.71,101.93,31.00,607.00,null,null,null
2023-08-10T03:47:49Z,21.20,67.62,100,0,29.36,101.93,30.00,602.00,null,null,null
2023-08-10T03:48:49Z,21.18,67.47,100,0,29.62,101.93,30.00,602.00,null,null,null
2023-08-10T03:49:49Z,21.17,67.47,100,0,27.02,101.93,30.00,602.00,null,null,null
2023-08-10T03:50:49Z,21.15,67.51,100,0,29.55,101.93,29.00,596.00,0,0,0
2023-08-10T03:51:49Z,21.17,67.65,100,0,32.00,101.94,28.00,589.00,null,null,null
2023-08-10T03:52:49Z,21.20,67.56,100,0,28.50,101.93,28.00,589.00,null,null,null
2023-08-10T03:53:49Z,21.18,67.53,100,0,29.37,101.93,29.00,596.00,null,null,null
2023-08-10T03:54:49Z,21.18,67.55,100,0,26.84,101.93,29.00,596.00,null,null,null
2023-08-10T03:55:49Z,21.15,67.47,100,0,30.17,101.93,29.00,596.00,0,0,0
2023-08-10T03:56:49Z,21.18,67.54,100,0,27.77,101.93,28.00,589.00,null,null,null
2023-08-10T03:57:49Z,21.18,67.65,100,0,29.23,101.93,29.00,596.00,null,null,null
2023-08-10T03:58:49Z,21.18,67.47,100,0,32.16,101.93,29.00,596.00,null,null,null
2023-08-10T03:59:49Z,21.18,67.47,100,0,29.21,101.93,32.00,615.00,null,null,null
2023-08-10T04:00:49Z,21.12,67.56,100,0,28.09,101.93,46.00,706.00,0,0,0
2023-08-10T04:01:49Z,21.18,67.59,100,0,29.47,101.93,41.00,674.00,null,null,null
2023-08-10T04:02:49Z,21.15,67.70,100,0,33.70,101.93,41.00,674.00,null,null,null
2023-08-10T04:03:49Z,21.14,67.70,100,0,29.99,101.94,40.00,668.00,null,null,null
2023-08-10T04:04:49Z,21.14,67.61,100,0,29.48,101.94,40.00,668.00,null,null,null
2023-08-10T04:05:49Z,21.11,67.68,100,0,28.04,101.94,41.00,674.00,0,0,0
2023-08-10T04:06:49Z,21.14,67.68,100,0,27.69,101.94,40.00,668.00,null,null,null
2023-08-10T04:07:49Z,21.12,67.67,100,0,31.41,101.94,39.00,659.00,null,null,null
2023-08-10T04:08:49Z,21.12,67.68,100,0,27.16,101.95,40.00,668.00,null,null,null
2023-08-10T04:09:49Z,21.10,67.60,100,0,33.93,101.95,39.00,656.00,null,null,null
2023-08-10T04:10:49Z,21.10,67.68,100,0,28.73,101.95,39.00,656.00,0,0,0
2023-08-10T04:11:49Z,21.08,67.80,100,0,27.49,101.95,39.00,656.00,null,null,null
2023-08-10T04:12:49Z,21.10,67.70,100,0,31.82,101.94,36.00,638.00,null,null,null
2023-08-10T04:13:49Z,21.06,67.77,100,0,26.71,101.94,36.00,641.00,null,null,null
2023-08-10T04:14:49Z,21.08,67.78,100,0,28.68,101.94,34.00,627.00,null,null,null
2023-08-10T04:15:49Z,21.07,67.80,100,0,27.55,101.94,34.00,627.00,0,0,0
2023-08-10T04:16:49Z,21.06,67.82,100,0,29.47,101.94,33.00,620.00,null,null,null
2023-08-10T04:17:49Z,21.07,67.76,100,0,27.12,101.94,32.00,615.00,null,null,null
2023-08-10T04:18:49Z,21.06,67.77,100,0,27.53,101.94,31.00,607.00,null,null,null
2023-08-10T04:19:49Z,21.01,67.86,100,0,32.41,101.94,30.00,600.00,null,null,null
2023-08-10T04:20:49Z,21.01,67.89,100,0,27.40,101.94,29.00,596.00,0,0,0
2023-08-10T04:21:49Z,21.03,67.80,100,0,31.36,101.95,28.00,589.00,null,null,null
2023-08-10T04:22:49Z,21.03,67.84,100,0,27.55,101.94,28.00,589.00,null,null,null
2023-08-10T04:23:49Z,21.03,67.83,100,0,26.64,101.95,28.00,589.00,null,null,null
2023-08-10T04:24:49Z,21.01,67.88,100,0,27.30,101.95,27.00,581.00,null,null,null
2023-08-10T04:25:49Z,20.99,67.93,100,0,29.47,101.95,26.00,572.00,0,0,0
2023-08-10T04:26:49Z,21.00,67.90,100,0,34.00,101.96,26.00,572.00,null,null,null
2023-08-10T04:27:49Z,21.00,67.85,100,0,27.12,101.95,26.00,572.00,null,null,null
2023-08-10T04:28:49Z,20.99,67.85,100,0,31.20,101.96,26.00,572.00,null,null,null
2023-08-10T04:29:49Z,21.01,67.85,100,0,30.46,101.95,26.00,572.00,null,null,null
2023-08-10T04:30:49Z,20.99,67.90,100,0,26.64,101.96,25.00,566.00,0,0,0
2023-08-10T04:31:49Z,21.00,67.86,100,0,27.77,101.96,23.00,552.00,null,null,null
2023-08-10T04:32:49Z,20.97,67.81,100,0,26.60,101.96,23.00,555.00,null,null,null
2023-08-10T04:33:49Z,20.97,67.85,100,0,29.60,101.96,23.00,552.00,null,null,null
2023-08-10T04:34:49Z,20.96,67.84,100,0,28.06,101.96,23.00,552.00,null,null,null
2023-08-10T04:35:49Z,20.94,67.97,100,0,26.64,101.96,22.00,546.00,0,0,0
2023-08-10T04:36:49Z,20.94,67.86,100,0,29.81,101.96,22.00,546.00,null,null,null
2023-08-10T04:37:49Z,20.96,67.97,100,0,27.92,101.96,22.00,546.00,null,null,null
2023-08-10T04:38:49Z,20.94,68.00,100,0,29.79,101.97,21.00,542.00,null,null,null
2023-08-10T04:39:49Z,20.96,67.97,100,0,28.28,101.96,22.00,546.00,null,null,null
2023-08-10T04:40:49Z,20.96,67.80,100,0,26.76,101.96,22.00,546.00,0,0,0
2023-08-10T04:41:49Z,20.96,67.72,100,0,33.97,101.97,22.00,546.00,null,null,null
2023-08-10T04:42:49Z,20.97,67.77,100,0,29.12,101.96,23.00,552.00,null,null,null
2023-08-10T04:43:49Z,20.96,67.70,100,0,29.57,101.96,21.00,542.00,null,null,null
2023-08-10T04:44:49Z,20.97,67.76,100,0,29.79,101.96,21.00,542.00,null,null,null
2023-08-10T04:45:49Z,20.94,67.72,100,0,30.36,101.96,19.00,530.00,0,0,0
2023-08-10T04:46:49Z,20.97,67.81,100,0,30.80,101.96,20.00,536.00,null,null,null
2023-08-10T04:47:49Z,20.91,67.72,100,0,29.03,101.96,18.00,524.00,null,null,null
2023-08-10T04:48:49Z,20.93,67.77,100,0,29.84,101.96,19.00,530.00,null,null,null
2023-08-10T04:49:49Z,20.90,67.76,100,0,29.37,101.97,17.00,517.00,null,null,null
2023-08-10T04:50:49Z,20.87,67.90,100,1,34.37,101.97,17.00,517.00,0,0,0
2023-08-10T04:51:49Z,20.91,67.88,100,1,27.71,101.97,17.00,517.00,null,null,null
2023-08-10T04:52:49Z,20.91,67.92,100,1,29.76,101.97,18.00,524.00,null,null,null
2023-08-10T04:53:49Z,20.89,67.85,100,1,29.13,101.97,18.00,519.00,null,null,null
2023-08-10T04:54:49Z,20.87,67.97,100,1,29.37,101.97,17.00,517.00,null,null,null
2023-08-10T04:55:49Z,20.86,67.97,100,1,27.10,101.97,16.00,506.00,0,0,0
2023-08-10T04:56:49Z,20.86,68.12,100,1,27.22,101.97,14.00,497.00,null,null,null
2023-08-10T04:57:49Z,20.89,67.93,100,2,26.84,101.97,15.00,501.00,null,null,null
2023-08-10T04:58:49Z,20.86,67.94,100,2,29.21,101.97,15.00,501.00,null,null,null
2023-08-10T04:59:49Z,20.86,67.89,100,2,28.15,101.97,15.00,501.00,null,null,null
2023-08-10T05:00:49Z,20.83,68.02,100,2,28.50,101.97,14.00,497.00,0,0,0
2023-08-10T05:01:49Z,20.83,68.05,100,2,27.94,101.97,14.00,492.00,null,null,null
2023-08-10T05:02:49Z,20.83,68.05,100,2,28.99,101.96,13.00,487.00,null,null,null
2023-08-10T05:03:49Z,20.84,68.05,100,3,26.89,101.96,13.00,487.00,null,null,null
2023-08-10T05:04:49Z,20.80,67.99,100,2,29.23,101.96,12.00,481.00,null,null,null
2023-08-10T05:05:49Z,20.78,68.05,100,2,34.02,101.96,11.00,477.00,0,0,0
2023-08-10T05:06:49Z,20.79,68.15,100,2,27.22,101.95,11.00,477.00,null,null,null
2023-08-10T05:07:49Z,20.80,67.95,100,2,27.38,101.95,11.00,477.00,null,null,null
2023-08-10T05:08:49Z,20.79,68.01,100,2,29.61,101.95,11.00,475.00,null,null,null
2023-08-10T05:09:49Z,20.78,67.98,100,3,27.57,101.96,11.00,475.00,null,null,null
2023-08-10T05:10:49Z,20.78,68.10,100,3,26.41,101.95,10.00,466.00,0,0,0
2023-08-10T05:11:49Z,20.76,68.02,100,3,29.22,101.95,10.00,466.00,null,null,null
2023-08-10T05:12:49Z,20.80,68.02,100,2,29.79,101.95,10.00,466.00,null,null,null
2023-08-10T05:13:49Z,20.79,68.05,100,2,29.84,101.96,8.00,457.00,null,null,null
2023-08-10T05:14:49Z,20.73,67.98,100,2,34.32,101.95,8.00,457.00,null,null,null
2023-08-10T05:15:49Z,20.73,68.14,100,2,28.07,101.95,8.00,457.00,0,0,0
2023-08-10T05:16:49Z,20.76,68.01,100,2,26.73,101.96,16.00,506.00,null,null,null
2023-08-10T05:17:49Z,20.82,67.81,100,3,28.14,101.95,10.00,466.00,null,null,null
2023-08-10T05:18:49Z,20.79,67.72,100,3,28.11,101.96,9.00,463.00,null,null,null
2023-08-10T05:19:49Z,20.79,67.78,100,3,28.64,101.96,9.00,462.00,null,null,null
2023-08-10T05:20:49Z,20.79,67.77,100,3,27.84,101.96,8.00,454.00,0,0,0
2023-08-10T05:21:49Z,20.82,67.74,100,3,31.41,101.96,7.00,450.00,null,null,null
2023-08-10T05:22:49Z,20.82,67.78,100,3,27.71,101.96,8.00,455.00,null,null,null
2023-08-10T05:23:49Z,20.79,67.69,100,3,28.91,101.96,6.00,445.00,null,null,null
2023-08-10T05:24:49Z,20.79,67.72,100,3,29.43,101.96,6.00,445.00,null,null,null
2023-08-10T05:25:49Z,20.79,67.74,100,3,27.89,101.96,7.00,450.00,0,0,0
2023-08-10T05:26:49Z,20.82,67.60,100,3,28.04,101.96,8.00,455.00,null,null,null
2023-08-10T05:27:49Z,20.83,67.65,100,4,28.30,101.97,8.00,455.00,null,null,null
2023-08-10T05:28:49Z,20.84,67.41,100,4,27.71,101.97,9.00,462.00,null,null,null
2023-08-10T05:29:49Z,20.83,67.42,100,3,28.88,101.96,9.00,462.00,null,null,null
2023-08-10T05:30:49Z,20.83,67.37,100,4,27.47,101.97,9.00,462.00,0,0,0
2023-08-10T05:31:49Z,20.86,67.35,100,4,28.06,101.97,8.00,459.00,null,null,null
2023-08-10T05:32:49Z,20.86,67.38,100,4,28.27,101.96,9.00,462.00,null,null,null
2023-08-10T05:33:49Z,20.86,67.36,100,4,29.63,101.96,9.00,462.00,null,null,null
2023-08-10T05:34:49Z,20.86,67.42,100,4,29.22,101.96,8.00,459.00,null,null,null
2023-08-10T05:35:49Z,20.84,67.36,100,4,27.02,101.96,8.00,459.00,0,0,0
2023-08-10T05:36:49Z,20.86,67.38,100,4,29.09,101.97,8.00,455.00,null,null,null
2023-08-10T05:37:49Z,20.89,67.31,100,4,29.28,101.97,7.00,450.00,null,null,null
2023-08-10T05:38:49Z,20.84,67.30,100,5,34.29,101.96,7.00,450.00,null,null,null
2023-08-10T05:39:49Z,20.86,67.29,100,5,29.87,101.96,8.00,459.00,null,null,null
2023-08-10T05:40:49Z,20.84,67.16,100,5,27.99,101.97,8.00,459.00,0,0,0
2023-08-10T05:41:49Z,20.90,67.15,100,5,29.86,101.96,9.00,462.00,null,null,null
2023-08-10T05:42:49Z,20.90,67.08,100,6,29.79,101.96,9.00,462.00,null,null,null
2023-08-10T05:43:49Z,20.90,66.93,100,5,27.78,101.97,9.00,462.00,null,null,null
2023-08-10T05:44:49Z,20.90,66.98,100,5,29.46,101.97,8.00,454.00,null,null,null
2023-08-10T05:45:49Z,20.89,67.00,100,5,29.88,101.96,8.00,459.00,0,0,0
2023-08-10T05:46:49Z,20.90,66.92,100,5,27.64,101.96,8.00,454.00,null,null,null
2023-08-10T05:47:49Z,20.91,66.85,100,5,28.07,101.96,8.00,459.00,null,null,null
2023-08-10T05:48:49Z,20.90,66.92,100,5,29.49,101.96,7.00,448.00,null,null,null
2023-08-10T05:49:49Z,20.86,66.50,100,5,28.76,101.96,8.00,454.00,null,null,null
2023-08-10T05:50:49Z,20.89,66.75,100,5,28.52,101.95,7.00,447.00,0,0,0
2023-08-10T05:51:49Z,20.90,67.22,100,6,27.22,101.95,8.00,454.00,null,null,null
2023-08-10T05:52:49Z,20.90,67.11,100,8,31.84,101.95,9.00,462.00,null,null,null
2023-08-10T05:53:49Z,20.93,66.87,100,9,30.83,101.96,9.00,465.00,null,null,null
2023-08-10T05:54:49Z,20.94,66.92,100,10,28.93,101.96,9.00,465.00,null,null,null
2023-08-10T05:55:49Z,20.96,66.93,100,9,26.41,101.96,9.00,465.00,0,0,0
2023-08-10T05:56:49Z,20.99,66.84,100,9,28.06,101.95,9.00,465.00,null,null,null
2023-08-10T05:57:49Z,20.99,66.74,100,8,30.06,101.95,9.00,465.00,null,null,null
2023-08-10T05:58:49Z,20.97,66.63,100,7,26.95,101.95,10.00,472.00,null,null,null
2023-08-10T05:59:49Z,21.01,66.73,100,8,29.93,101.95,10.00,472.00,null,null,null
2023-08-10T06:00:49Z,21.00,66.69,100,8,28.93,101.95,11.00,478.00,0,0,0
2023-08-10T06:01:49Z,21.03,66.64,100,7,29.95,101.95,11.00,478.00,null,null,null
2023-08-10T06:02:49Z,21.00,66.35,100,6,34.46,101.95,11.00,478.00,null,null,null
2023-08-10T06:03:49Z,21.01,66.40,100,6,31.34,101.95,9.00,462.00,null,null,null
2023-08-10T06:04:49Z,20.99,66.28,100,6,28.40,101.95,8.00,457.00,null,null,null
2023-08-10T06:05:49Z,20.99,66.35,100,5,30.61,101.96,7.00,447.00,0,0,0
2023-08-10T06:06:49Z,21.00,66.47,100,6,34.80,101.96,6.00,445.00,null,null,null
2023-08-10T06:07:49Z,21.00,66.46,100,6,27.14,101.96,7.00,447.00,null,null,null
2023-08-10T06:08:49Z,21.00,66.48,100,6,27.94,101.97,6.00,445.00,null,null,null
2023-08-10T06:09:49Z,20.94,66.33,100,6,28.07,101.97,6.00,445.00,null,null,null
2023-08-10T06:10:49Z,20.94,66.39,100,6,28.40,101.97,3.00,426.00,0,0,0
2023-08-10T06:11:49Z,20.97,66.67,100,6,27.78,101.97,4.00,432.00,null,null,null
2023-08-10T06:12:49Z,20.97,66.47,100,6,27.77,101.97,4.00,432.00,null,null,null
2023-08-10T06:13:49Z,21.00,66.65,100,7,30.13,101.97,6.00,442.00,null,null,null
2023-08-10T06:14:49Z,21.00,66.78,100,7,28.31,101.97,6.00,442.00,null,null,null
2023-08-10T06:15:49Z,21.01,66.89,100,7,27.64,101.97,8.00,454.00,0,0,0
2023-08-10T06:16:49Z,21.03,66.43,100,7,28.93,101.97,9.00,462.00,null,null,null
2023-08-10T06:17:49Z,21.01,66.23,100,7,29.81,101.97,9.00,462.00,null,null,null
2023-08-10T06:18:49Z,21.04,66.44,100,7,30.55,101.97,10.00,466.00,null,null,null
2023-08-10T06:19:49Z,21.06,66.55,100,6,27.84,101.97,10.00,472.00,null,null,null
2023-08-10T06:20:49Z,21.04,66.58,100,7,30.33,101.98,9.00,465.00,0,0,0
2023-08-10T06:21:49Z,21.08,66.51,100,7,26.89,101.97,11.00,478.00,null,null,null
2023-08-10T06:22:49Z,21.10,66.43,100,7,32.21,101.97,11.00,478.00,null,null,null
2023-08-10T06:23:49Z,21.10,66.24,100,7,29.18,101.97,11.00,478.00,null,null,null
2023-08-10T06:24:49Z,21.08,66.50,100,7,31.20,101.97,13.00,487.00,null,null,null
2023-08-10T06:25:49Z,21.08,66.34,100,7,30.79,101.98,10.00,472.00,0,0,0
2023-08-10T06:26:49Z,21.08,66.10,100,7,34.74,101.98,10.00,472.00,null,null,null
2023-08-10T06:27:49Z,21.11,66.42,100,7,32.68,101.98,9.00,462.00,null,null,null
2023-08-10T06:28:49Z,21.12,66.38,100,7,32.87,101.98,11.00,478.00,null,null,null
2023-08-10T06:29:49Z,21.08,66.27,100,8,32.35,101.98,12.00,482.00,null,null,null
2023-08-10T06:30:49Z,21.11,66.34,100,8,29.32,101.98,12.00,482.00,0,0,0
2023-08-10T06:31:49Z,21.14,66.42,100,8,29.23,101.98,12.00,482.00,null,null,null
2023-08-10T06:32:49Z,21.12,66.35,100,8,28.80,101.98,13.00,487.00,null,null,null
2023-08-10T06:33:49Z,21.15,66.44,100,8,26.34,101.98,14.00,495.00,null,null,null
2023-08-10T06:34:49Z,21.15,66.36,100,8,29.31,101.99,15.00,501.00,null,null,null
2023-08-10T06:35:49Z,21.20,66.36,100,8,29.13,101.98,17.00,515.00,0,0,0
2023-08-10T06:36:49Z,21.21,66.35,100,8,27.60,101.98,15.00,505.00,null,null,null
2023-08-10T06:37:49Z,21.21,66.08,100,8,30.02,101.98,17.00,515.00,null,null,null
2023-08-10T06:38:49Z,21.21,66.10,100,7,27.04,101.98,17.00,515.00,null,null,null
2023-08-10T06:39:49Z,21.20,66.24,100,7,27.49,101.98,18.00,520.00,null,null,null
2023-08-10T06:40:49Z,21.20,65.70,100,8,27.45,101.98,15.00,500.00,0,0,0
2023-08-10T06:41:49Z,21.21,65.89,100,8,27.68,101.98,13.00,487.00,null,null,null
2023-08-10T06:42:49Z,21.21,66.21,100,8,26.97,101.98,13.00,487.00,null,null,null
2023-08-10T06:43:49Z,21.21,65.87,100,8,32.50,101.98,12.00,483.00,null,null,null
2023-08-10T06:44:49Z,21.23,65.86,100,8,31.66,101.97,11.00,477.00,null,null,null
2023-08-10T06:45:49Z,21.20,66.13,100,8,30.21,101.97,10.00,466.00,0,0,0
2023-08-10T06:46:49Z,21.20,65.93,100,8,29.55,101.97,10.00,466.00,null,null,null
2023-08-10T06:47:49Z,21.26,66.45,100,8,27.18,101.96,13.00,487.00,null,null,null
2023-08-10T06:48:49Z,21.27,66.28,100,8,28.17,101.96,8.00,454.00,null,null,null
2023-08-10T06:49:49Z,21.24,66.32,100,8,31.04,101.96,9.00,460.00,null,null,null
2023-08-10T06:50:49Z,21.26,66.39,100,8,34.05,101.96,17.00,515.00,0,0,0
2023-08-10T06:51:49Z,21.26,66.50,100,8,30.27,101.96,17.00,515.00,null,null,null
2023-08-10T06:52:49Z,21.30,66.22,100,8,30.16,101.96,12.00,485.00,null,null,null
2023-08-10T06:53:49Z,21.30,66.06,100,8,28.14,101.96,13.00,491.00,null,null,null
2023-08-10T06:54:49Z,21.31,66.09,100,8,29.83,101.96,12.00,485.00,null,null,null
2023-08-10T06:55:49Z,21.33,66.13,100,8,29.50,101.96,12.00,480.00,0,0,0
2023-08-10T06:56:49Z,21.33,65.98,100,8,27.44,101.97,12.00,485.00,null,null,null
2023-08-10T06:57:49Z,21.33,65.73,100,8,27.32,101.97,13.00,491.00,null,null,null
2023-08-10T06:58:49Z,21.33,65.59,100,8,27.47,101.97,10.00,470.00,null,null,null
2023-08-10T06:59:49Z,21.30,65.34,100,8,27.69,101.98,5.00,438.00,null,null,null
2023-08-10T07:00:49Z,21.28,65.79,100,8,26.91,101.98,3.00,423.00,0,0,0
2023-08-10T07:01:49Z,21.31,65.70,100,8,32.68,101.98,3.00,420.00,null,null,null
2023-08-10T07:02:49Z,21.30,66.16,100,8,29.82,101.97,4.00,427.00,null,null,null
2023-08-10T07:03:49Z,21.33,66.09,100,8,29.15,101.97,6.00,444.00,null,null,null
2023-08-10T07:04:49Z,21.31,65.76,100,8,30.33,101.97,6.00,444.00,null,null,null
2023-08-10T07:05:49Z,21.31,65.89,100,8,28.14,101.97,4.00,428.00,0,0,0
2023-08-10T07:06:49Z,21.33,65.90,100,8,29.16,101.97,5.00,434.00,null,null,null
2023-08-10T07:07:49Z,21.35,66.07,100,8,29.61,101.97,6.00,444.00,null,null,null
2023-08-10T07:08:49Z,21.35,65.70,100,8,27.20,101.97,6.00,444.00,null,null,null
2023-08-10T07:09:49Z,21.37,66.26,100,8,29.11,101.97,7.00,447.00,null,null,null
2023-08-10T07:10:49Z,21.33,66.81,100,8,30.17,101.97,9.00,460.00,0,0,0
2023-08-10T07:11:49Z,21.37,66.54,100,8,31.19,101.97,11.00,476.00,null,null,null
2023-08-10T07:12:49Z,21.35,65.23,100,8,29.28,101.97,8.00,454.00,null,null,null
2023-08-10T07:13:49Z,21.39,65.89,100,9,30.66,101.97,9.00,460.00,null,null,null
2023-08-10T07:14:49Z,21.39,66.09,100,9,29.89,101.97,7.00,447.00,null,null,null
2023-08-10T07:15:49Z,21.38,66.30,100,9,34.61,101.97,7.00,447.00,0,0,0
2023-08-10T07:16:49Z,21.41,66.30,100,9,28.61,101.97,9.00,464.00,null,null,null
2023-08-10T07:17:49Z,21.41,65.38,100,8,29.87,101.97,12.00,480.00,null,null,null
2023-08-10T07:18:49Z,21.42,65.67,100,8,30.24,101.97,10.00,470.00,null,null,null
2023-08-10T07:19:49Z,21.39,65.07,100,8,28.20,101.97,8.00,459.00,null,null,null
2023-08-10T07:20:49Z,21.39,65.57,100,8,29.67,101.97,6.00,442.00,0,0,0
2023-08-10T07:21:49Z,21.42,65.80,100,8,28.17,101.97,6.00,442.00,null,null,null
2023-08-10T07:22:49Z,21.45,65.85,100,8,27.32,101.97,7.00,452.00,null,null,null
2023-08-10T07:23:49Z,21.47,64.93,100,9,30.26,101.97,7.00,452.00,null,null,null
2023-08-10T07:24:49Z,21.47,65.43,100,9,33.07,101.96,6.00,445.00,null,null,null
2023-08-10T07:25:49Z,21.42,66.36,100,8,28.09,101.97,8.00,459.00,0,0,0
2023-08-10T07:26:49Z,21.47,64.95,100,9,27.02,101.96,8.00,454.00,null,null,null
2023-08-10T07:27:49Z,21.45,65.41,100,9,34.25,101.95,6.00,445.00,null,null,null
2023-08-10T07:28:49Z,21.47,65.45,100,9,27.49,101.96,7.00,451.00,null,null,null
2023-08-10T07:29:49Z,21.49,64.88,100,9,28.42,101.95,8.00,459.00,null,null,null
2023-08-10T07:30:49Z,21.47,64.67,100,10,29.77,101.95,5.00,438.00,0,0,0
2023-08-10T07:31:49Z,21.48,65.17,100,9,30.64,101.96,5.00,433.00,null,null,null
2023-08-10T07:32:49Z,21.48,64.41,100,9,27.60,101.96,3.00,426.00,null,null,null
2023-08-10T07:33:49Z,21.48,64.26,100,9,28.06,101.95,3.00,421.00,null,null,null
2023-08-10T07:34:49Z,21.48,65.00,100,9,29.09,101.96,3.00,426.00,null,null,null
2023-08-10T07:35:49Z,21.45,65.30,100,8,28.39,101.96,5.00,433.00,0,0,0
2023-08-10T07:36:49Z,21.49,65.09,100,9,26.73,101.96,6.00,442.00,null,null,null
2023-08-10T07:37:49Z,21.52,64.65,100,9,27.64,101.96,5.00,438.00,null,null,null
2023-08-10T07:38:49Z,21.51,64.62,100,9,30.46,101.96,3.00,424.00,null,null,null
2023-08-10T07:39:49Z,21.49,64.50,100,9,29.64,101.96,7.00,446.00,null,null,null
2023-08-10T07:40:49Z,21.49,65.11,100,9,32.60,101.95,7.00,446.00,0,0,0
2023-08-10T07:41:49Z,21.52,64.93,100,9,26.55,101.95,12.00,483.00,null,null,null
2023-08-10T07:42:49Z,21.55,64.54,100,9,28.45,101.95,15.00,501.00,null,null,null
2023-08-10T07:43:49Z,21.55,65.18,100,9,31.43,101.94,15.00,503.00,null,null,null
2023-08-10T07:44:49Z,21.55,65.28,100,9,28.39,101.94,17.00,515.00,null,null,null
2023-08-10T07:45:49Z,21.56,65.19,100,9,26.97,101.94,16.00,506.00,0,0,0
2023-08-10T07:46:49Z,21.55,64.29,100,9,27.80,101.94,17.00,515.00,null,null,null
2023-08-10T07:47:49Z,21.59,65.63,100,9,28.11,101.93,15.00,503.00,null,null,null
2023-08-10T07:48:49Z,21.59,64.46,100,9,29.28,101.94,17.00,517.00,null,null,null
2023-08-10T07:49:49Z,21.61,64.87,100,10,28.64,101.93,14.00,493.00,null,null,null
2023-08-10T07:50:49Z,21.56,65.68,100,10,27.82,101.93,15.00,501.00,0,0,0
2023-08-10T07:51:49Z,21.61,64.88,100,10,27.12,101.93,16.00,506.00,null,null,null
2023-08-10T07:52:49Z,21.63,63.99,100,10,27.55,101.93,15.00,501.00,null,null,null
2023-08-10T07:53:49Z,21.61,63.69,100,10,27.22,101.93,9.00,462.00,null,null,null
2023-08-10T07:54:49Z,21.61,64.21,100,9,27.06,101.94,11.00,473.00,null,null,null
2023-08-10T07:55:49Z,21.62,65.03,100,9,29.94,101.93,11.00,476.00,0,0,0
2023-08-10T07:56:49Z,21.65,65.53,100,9,30.29,101.93,14.00,498.00,null,null,null
2023-08-10T07:57:49Z,21.66,65.26,100,9,29.76,101.93,30.00,603.00,null,null,null
2023-08-10T07:58:49Z,21.66,64.66,100,9,28.40,101.93,34.00,626.00,null,null,null
2023-08-10T07:59:49Z,21.65,64.98,100,10,28.50,101.93,38.00,653.00,null,null,null
2023-08-10T08:00:49Z,21.66,64.57,100,9,29.50,101.93,35.00,634.00,0,0,0
2023-08-10T08:01:49Z,21.70,64.33,100,9,26.50,101.93,40.00,665.00,null,null,null
2023-08-10T08:02:49Z,21.72,64.24,100,9,29.05,101.92,37.00,649.00,null,null,null
2023-08-10T08:03:49Z,21.70,64.63,100,9,32.27,101.92,38.00,652.00,null,null,null
2023-08-10T08:04:49Z,21.72,65.09,100,10,34.31,101.93,42.00,678.00,null,null,null
2023-08-10T08:05:49Z,21.70,64.87,100,10,30.21,101.92,42.00,678.00,0,0,0
2023-08-10T08:06:49Z,21.72,64.45,100,10,28.20,101.92,49.00,728.00,null,null,null
2023-08-10T08:07:49Z,21.73,62.55,100,10,28.47,101.92,58.00,783.00,null,null,null
2023-08-10T08:08:49Z,21.73,64.01,100,10,30.45,101.92,50.00,732.00,null,null,null
2023-08-10T08:09:49Z,21.73,63.76,100,10,27.18,101.92,50.00,732.00,null,null,null
2023-08-10T08:10:49Z,21.76,64.54,100,10,29.58,101.93,54.00,761.00,0,0,0
2023-08-10T08:11:49Z,21.78,64.62,100,10,28.74,101.93,60.00,800.00,null,null,null
2023-08-10T08:12:49Z,21.79,64.69,100,9,28.02,101.93,72.00,877.00,null,null,null
2023-08-10T08:13:49Z,21.79,63.73,100,10,29.00,101.94,71.00,868.00,null,null,null
2023-08-10T08:14:49Z,21.78,64.24,100,10,30.30,101.94,63.00,819.00,null,null,null
2023-08-10T08:15:49Z,21.79,64.51,100,10,29.05,101.94,64.00,821.00,0,0,0
2023-08-10T08:16:49Z,21.81,64.31,100,10,30.38,101.94,60.00,800.00,null,null,null
2023-08-10T08:17:49Z,21.85,64.18,100,10,29.46,101.94,63.00,817.00,null,null,null
2023-08-10T08:18:49Z,21.83,64.37,100,10,27.80,101.93,58.00,785.00,null,null,null
2023-08-10T08:19:49Z,21.83,64.65,100,10,30.34,101.93,59.00,791.00,null,null,null
2023-08-10T08:20:49Z,21.83,64.03,100,10,27.36,101.93,52.00,746.00,0,0,0
2023-08-10T08:21:49Z,21.85,64.73,100,9,32.85,101.91,52.00,746.00,null,null,null
2023-08-10T08:22:49Z,21.86,63.15,100,10,28.09,101.91,41.00,674.00,null,null,null
2023-08-10T08:23:49Z,21.86,64.00,100,10,30.05,101.90,42.00,678.00,null,null,null
2023-08-10T08:24:49Z,21.89,64.00,100,10,28.47,101.91,37.00,643.00,null,null,null
2023-08-10T08:25:49Z,21.88,63.96,100,9,29.94,101.91,34.00,627.00,0,0,0
2023-08-10T08:26:49Z,21.90,64.63,100,10,29.09,101.90,41.00,671.00,null,null,null
2023-08-10T08:27:49Z,21.92,63.74,100,10,31.23,101.91,37.00,645.00,null,null,null
2023-08-10T08:28:49Z,21.90,63.86,100,10,29.41,101.91,46.00,704.00,null,null,null
2023-08-10T08:29:49Z,21.90,64.07,100,10,34.18,101.91,52.00,746.00,null,null,null
2023-08-10T08:30:49Z,21.90,64.56,100,9,29.48,101.90,52.00,746.00,0,0,0
2023-08-10T08:31:49Z,21.94,64.12,100,9,29.99,101.90,53.00,749.00,null,null,null
2023-08-10T08:32:49Z,21.96,63.95,100,9,31.12,101.89,54.00,759.00,null,null,null
2023-08-10T08:33:49Z,21.97,64.36,100,9,27.08,101.89,52.00,746.00,null,null,null
2023-08-10T08:34:49Z,21.97,64.17,100,9,27.73,101.89,57.00,776.00,null,null,null
2023-08-10T08:35:49Z,21.97,64.71,100,9,30.05,101.89,60.00,795.00,0,0,0
2023-08-10T08:36:49Z,21.99,64.90,100,9,28.96,101.89,68.00,851.00,null,null,null
2023-08-10T08:37:49Z,22.02,64.89,100,10,28.17,101.89,76.00,902.00,null,null,null
2023-08-10T08:38:49Z,22.03,63.87,100,10,29.00,101.89,83.00,945.00,null,null,null
2023-08-10T08:39:49Z,22.00,64.20,100,10,28.23,101.88,80.00,930.00,null,null,null
2023-08-10T08:40:49Z,21.97,64.08,100,10,29.31,101.88,69.00,855.00,0,0,0
2023-08-10T08:41:49Z,22.02,63.97,100,10,30.60,101.88,69.00,855.00,null,null,null
2023-08-10T08:42:49Z,22.04,64.67,100,10,28.07,101.88,70.00,863.00,null,null,null
2023-08-10T08:43:49Z,22.07,64.65,100,10,29.40,101.89,74.00,891.00,null,null,null
2023-08-10T08:44:49Z,22.06,64.62,100,9,26.93,101.88,76.00,902.00,null,null,null
2023-08-10T08:45:49Z,22.06,64.83,100,10,26.97,101.88,81.00,935.00,0,0,0
2023-08-10T08:46:49Z,22.06,64.50,100,10,29.58,101.88,81.00,933.00,null,null,null
2023-08-10T08:47:49Z,22.09,64.47,100,10,29.73,101.88,78.00,913.00,null,null,null
2023-08-10T08:48:49Z,22.07,64.38,100,10,29.09,101.88,76.00,902.00,null,null,null
2023-08-10T08:49:49Z,22.09,64.41,100,10,28.30,101.88,72.00,877.00,null,null,null
2023-08-10T08:50:49Z,22.10,64.18,100,10,29.84,101.88,68.00,851.00,0,0,0
2023-08-10T08:51:49Z,22.12,64.58,100,10,28.19,101.88,73.00,882.00,null,null,null
2023-08-10T08:52:49Z,22.13,64.80,100,10,28.33,101.88,81.00,935.00,null,null,null
2023-08-10T08:53:49Z,22.12,64.79,100,9,31.36,101.88,83.00,945.00,null,null,null
2023-08-10T08:54:49Z,22.13,64.26,100,10,29.55,101.87,78.00,915.00,null,null,null
2023-08-10T08:55:49Z,22.10,63.57,100,10,27.32,101.88,78.00,915.00,0,0,0
2023-08-10T08:56:49Z,22.14,63.76,100,10,30.11,101.88,60.00,800.00,null,null,null
2023-08-10T08:57:49Z,22.16,64.23,100,10,31.64,101.89,56.00,768.00,null,null,null
2023-08-10T08:58:49Z,22.16,64.33,100,10,27.02,101.89,56.00,768.00,null,null,null
2023-08-10T08:59:49Z,22.13,64.12,100,10,29.47,101.89,52.00,742.00,null,null,null
2023-08-10T09:00:49Z,22.14,64.31,100,10,29.27,101.89,44.00,690.00,0,0,0
2023-08-10T09:01:49Z,22.18,64.07,100,10,29.00,101.90,42.00,682.00,null,null,null
2023-08-10T09:02:49Z,22.16,64.58,100,10,30.09,101.90,47.00,710.00,null,null,null
2023-08-10T09:03:49Z,22.18,64.63,100,10,29.60,101.90,53.00,754.00,null,null,null
2023-08-10T09:04:49Z,22.18,64.76,100,10,30.81,101.91,60.00,800.00,null,null,null
2023-08-10T09:05:49Z,22.18,64.32,100,10,29.98,101.91,57.00,780.00,0,0,0
2023-08-10T09:06:49Z,22.21,64.59,100,10,27.94,101.91,57.00,776.00,null,null,null
2023-08-10T09:07:49Z,22.21,63.81,100,10,26.84,101.91,52.00,742.00,null,null,null
2023-08-10T09:08:49Z,22.23,64.26,99,10,27.73,101.91,43.00,686.00,null,null,null
2023-08-10T09:09:49Z,22.20,64.54,100,10,30.35,101.92,43.00,686.00,null,null,null
2023-08-10T09:10:49Z,22.21,64.50,100,10,28.67,101.91,46.00,706.00,0,0,0
2023-08-10T09:11:49Z,22.25,64.67,100,10,28.95,101.92,50.00,730.00,null,null,null
2023-08-10T09:12:49Z,22.24,64.72,100,11,29.95,101.92,44.00,690.00,null,null,null
2023-08-10T09:13:49Z,22.24,64.73,100,10,30.13,101.92,59.00,791.00,null,null,null
2023-08-10T09:14:49Z,22.24,64.76,100,10,29.27,101.92,65.00,827.00,null,null,null
2023-08-10T09:15:49Z,22.27,64.50,100,10,26.71,101.92,63.00,817.00,0,0,0
2023-08-10T09:16:49Z,22.24,64.59,100,10,28.71,101.93,52.00,742.00,null,null,null
2023-08-10T09:17:49Z,22.28,64.60,100,10,29.76,101.93,68.00,851.00,null,null,null
2023-08-10T09:18:49Z,22.28,64.60,100,10,29.08,101.93,63.00,817.00,null,null,null
2023-08-10T09:19:49Z,22.27,64.23,100,10,30.07,101.92,50.00,733.00,null,null,null
2023-08-10T09:20:49Z,22.27,64.45,100,10,34.07,101.92,50.00,733.00,0,0,0
2023-08-10T09:21:49Z,22.31,64.64,100,10,35.98,101.93,44.00,694.00,null,null,null
2023-08-10T09:22:49Z,22.30,64.69,100,10,27.71,101.92,49.00,726.00,null,null,null
2023-08-10T09:23:49Z,22.30,64.51,100,10,34.06,101.92,49.00,726.00,null,null,null
2023-08-10T09:24:49Z,22.31,64.27,100,10,28.80,101.92,47.00,714.00,null,null,null
2023-08-10T09:25:49Z,22.31,64.47,100,10,29.95,101.92,39.00,657.00,0,0,0
2023-08-10T09:26:49Z,22.31,64.66,100,10,27.44,101.92,34.00,629.00,null,null,null
2023-08-10T09:27:49Z,22.33,64.75,100,10,28.78,101.92,40.00,666.00,null,null,null
2023-08-10T09:28:49Z,22.34,64.77,100,10,28.39,101.91,46.00,702.00,null,null,null
2023-08-10T09:29:49Z,22.33,64.59,100,10,27.42,101.91,49.00,726.00,null,null,null
2023-08-10T09:30:49Z,22.33,64.44,100,10,27.69,101.90,44.00,690.00,0,0,0
2023-08-10T09:31:49Z,22.34,64.55,100,10,29.55,101.90,34.00,626.00,null,null,null
2023-08-10T09:32:49Z,22.37,64.50,100,10,27.64,101.90,32.00,612.00,null,null,null
2023-08-10T09:33:49Z,22.37,64.69,100,10,29.91,101.90,26.00,572.00,null,null,null
2023-08-10T09:34:49Z,22.36,64.65,100,10,27.94,101.91,22.00,548.00,null,null,null
2023-08-10T09:35:49Z,22.34,64.61,100,10,30.85,101.92,21.00,542.00,0,0,0
2023-08-10T09:36:49Z,22.36,64.62,100,10,27.71,101.92,22.00,548.00,null,null,null
2023-08-10T09:37:49Z,22.40,64.70,100,9,27.38,101.93,26.00,572.00,null,null,null
2023-08-10T09:38:49Z,22.41,64.72,100,10,28.92,101.92,29.00,592.00,null,null,null
2023-08-10T09:39:49Z,22.36,64.46,100,10,29.35,101.92,22.00,548.00,null,null,null
2023-08-10T09:40:49Z,22.36,64.53,100,10,29.28,101.93,18.00,520.00,0,0,0
2023-08-10T09:41:49Z,22.40,64.54,100,10,27.40,101.92,14.00,492.00,null,null,null
2023-08-10T09:42:49Z,22.41,64.60,100,8,28.58,101.93,15.00,501.00,null,null,null
2023-08-10T09:43:49Z,22.40,64.73,100,8,27.64,101.92,19.00,527.00,null,null,null
2023-08-10T09:44:49Z,22.41,64.74,100,11,29.74,101.92,22.00,548.00,null,null,null
2023-08-10T09:45:49Z,22.40,64.78,100,12,29.67,101.92,25.00,567.00,0,0,0
2023-08-10T09:46:49Z,22.40,64.89,100,14,29.98,101.92,25.00,567.00,null,null,null
2023-08-10T09:47:49Z,22.44,64.82,100,16,28.96,101.92,28.00,586.00,null,null,null
2023-08-10T09:48:49Z,22.40,64.80,100,11,29.65,101.91,29.00,592.00,null,null,null
2023-08-10T09:49:49Z,22.41,64.87,100,11,26.26,101.91,29.00,592.00,null,null,null
2023-08-10T09:50:49Z,22.43,64.89,100,10,27.06,101.91,27.00,580.00,0,0,0
2023-08-10T09:51:49Z,22.41,64.96,100,10,29.77,101.91,26.00,572.00,null,null,null
2023-08-10T09:52:49Z,22.44,64.96,100,11,28.68,101.91,29.00,592.00,null,null,null
2023-08-10T09:53:49Z,22.48,65.06,100,11,28.96,101.90,30.00,599.00,null,null,null
2023-08-10T09:54:49Z,22.43,64.98,100,11,29.95,101.91,30.00,603.00,null,null,null
2023-08-10T09:55:49Z,22.43,65.05,100,10,28.07,101.91,30.00,603.00,0,0,0
2023-08-10T09:56:49Z,22.43,65.14,100,10,26.99,101.90,32.00,612.00,null,null,null
2023-08-10T09:57:49Z,22.45,65.05,100,11,29.68,101.90,32.00,612.00,null,null,null
2023-08-10T09:58:49Z,22.47,65.25,100,11,27.85,101.90,32.00,612.00,null,null,null
2023-08-10T09:59:49Z,22.44,65.17,100,12,29.22,101.90,33.00,617.00,null,null,null
2023-08-10T10:00:49Z,22.44,65.21,100,11,28.42,101.90,33.00,623.00,0,0,0
2023-08-10T10:01:49Z,22.47,65.16,100,11,28.63,101.91,30.00,603.00,null,null,null
2023-08-10T10:02:49Z,22.47,65.17,100,11,29.16,101.91,27.00,580.00,null,null,null
2023-08-10T10:03:49Z,22.48,65.19,100,9,27.97,101.91,27.00,580.00,null,null,null
2023-08-10T10:04:49Z,22.48,65.29,100,12,29.83,101.91,28.00,586.00,null,null,null
2023-08-10T10:05:49Z,22.47,65.13,100,12,28.84,101.91,29.00,594.00,0,0,0
2023-08-10T10:06:49Z,22.48,65.46,100,11,27.45,101.91,30.00,603.00,null,null,null
2023-08-10T10:07:49Z,22.47,65.10,100,12,29.11,101.91,31.00,605.00,null,null,null
2023-08-10T10:08:49Z,22.48,65.19,100,11,28.95,101.91,32.00,612.00,null,null,null
2023-08-10T10:09:49Z,22.45,65.28,100,11,29.79,101.91,32.00,612.00,null,null,null
2023-08-10T10:10:49Z,22.47,65.32,100,12,30.07,101.91,30.00,599.00,0,0,0
2023-08-10T10:11:49Z,22.48,65.37,100,12,28.95,101.91,30.00,599.00,null,null,null
2023-08-10T10:12:49Z,22.48,65.36,100,12,27.87,101.91,30.00,599.00,null,null,null
2023-08-10T10:13:49Z,22.50,65.44,100,12,29.30,101.91,32.00,614.00,null,null,null
2023-08-10T10:14:49Z,22.50,65.34,100,12,32.30,101.91,33.00,617.00,null,null,null
2023-08-10T10:15:49Z,22.50,65.24,100,11,29.15,101.91,34.00,624.00,0,0,0
2023-08-10T10:16:49Z,22.48,65.49,100,11,29.89,101.92,34.00,629.00,null,null,null
2023-08-10T10:17:49Z,22.52,65.36,100,12,35.84,101.92,35.00,634.00,null,null,null
2023-08-10T10:18:49Z,22.51,65.49,100,11,28.74,101.92,35.00,634.00,null,null,null
2023-08-10T10:19:49Z,22.51,65.51,100,12,28.23,101.91,35.00,634.00,null,null,null
2023-08-10T10:20:49Z,22.50,65.47,100,13,30.63,101.91,37.00,645.00,0,0,0
2023-08-10T10:21:49Z,22.54,65.49,100,12,29.35,101.91,37.00,645.00,null,null,null
2023-08-10T10:22:49Z,22.52,65.52,100,12,37.63,101.91,38.00,652.00,null,null,null
2023-08-10T10:23:49Z,22.51,65.58,100,12,27.87,101.91,37.00,645.00,null,null,null
2023-08-10T10:24:49Z,22.52,65.62,100,12,29.62,101.91,37.00,645.00,null,null,null
2023-08-10T10:25:49Z,22.52,65.70,100,12,30.93,101.91,37.00,645.00,0,0,0
2023-08-10T10:26:49Z,22.52,65.53,100,11,29.58,101.90,37.00,645.00,null,null,null
2023-08-10T10:27:49Z,22.54,65.42,100,11,30.51,101.91,37.00,645.00,null,null,null
2023-08-10T10:28:49Z,22.54,65.56,100,11,29.04,101.90,37.00,645.00,null,null,null
2023-08-10T10:29:49Z,22.52,65.55,100,11,30.46,101.91,36.00,638.00,null,null,null
2023-08-10T10:30:49Z,22.54,65.73,100,11,35.58,101.91,36.00,638.00,0,0,0
2023-08-10T10:31:49Z,22.55,65.53,100,11,29.50,101.91,35.00,634.00,null,null,null
2023-08-10T10:32:49Z,22.55,65.67,100,12,29.94,101.91,36.00,638.00,null,null,null
2023-08-10T10:33:49Z,22.57,65.65,100,12,27.99,101.91,35.00,634.00,null,null,null
2023-08-10T10:34:49Z,22.57,65.62,100,13,34.21,101.91,35.00,634.00,null,null,null
2023-08-10T10:35:49Z,22.54,65.47,100,13,28.02,101.90,34.00,624.00,0,0,0
2023-08-10T10:36:49Z,22.55,65.79,100,11,28.87,101.91,34.00,624.00,null,null,null
2023-08-10T10:37:49Z,22.59,65.77,100,12,36.51,101.91,33.00,618.00,null,null,null
2023-08-10T10:38:49Z,22.55,65.76,100,10,30.13,101.90,33.00,618.00,null,null,null
2023-08-10T10:39:49Z,22.55,65.63,100,9,29.51,101.90,34.00,629.00,null,null,null
2023-08-10T10:40:49Z,22.57,65.72,100,11,36.03,101.90,35.00,634.00,0,0,0
2023-08-10T10:41:49Z,22.58,65.76,100,8,28.70,101.90,33.00,617.00,null,null,null
2023-08-10T10:42:49Z,22.58,65.52,100,12,35.92,101.91,34.00,629.00,null,null,null
2023-08-10T10:43:49Z,22.61,65.75,100,12,29.98,101.90,35.00,634.00,null,null,null
2023-08-10T10:44:49Z,22.58,65.82,100,9,29.28,101.91,32.00,612.00,null,null,null
2023-08-10T10:45:49Z,22.58,65.45,100,9,28.95,101.90,32.00,612.00,0,0,0
2023-08-10T10:46:49Z,22.58,65.48,100,9,27.08,101.90,33.00,617.00,null,null,null
2023-08-10T10:47:49Z,22.59,65.57,100,10,34.62,101.91,31.00,605.00,null,null,null
2023-08-10T10:48:49Z,22.59,65.77,100,9,28.27,101.90,31.00,605.00,null,null,null
2023-08-10T10:49:49Z,22.61,65.69,100,12,27.45,101.90,30.00,600.00,null,null,null
2023-08-10T10:50:49Z,22.61,65.81,100,18,32.53,101.90,31.00,605.00,0,0,0
2023-08-10T10:51:49Z,22.64,65.92,100,14,32.07,101.91,31.00,607.00,null,null,null
2023-08-10T10:52:49Z,22.59,65.92,100,13,27.97,101.90,32.00,612.00,null,null,null
2023-08-10T10:53:49Z,22.62,65.68,100,12,29.11,101.90,32.00,612.00,null,null,null
2023-08-10T10:54:49Z,22.61,65.97,100,17,28.45,101.91,34.00,624.00,null,null,null
2023-08-10T10:55:49Z,22.61,65.96,100,16,28.95,101.91,32.00,612.00,0,0,0
2023-08-10T10:56:49Z,22.61,65.89,100,18,28.87,101.91,33.00,618.00,null,null,null
2023-08-10T10:57:49Z,22.64,65.76,100,22,30.03,101.91,33.00,618.00,null,null,null
2023-08-10T10:58:49Z,22.64,65.95,100,24,32.32,101.91,32.00,612.00,null,null,null
2023-08-10T10:59:49Z,22.62,65.99,100,25,30.91,101.90,32.00,612.00,null,null,null
2023-08-10T11:00:49Z,22.62,65.90,100,26,29.35,101.90,31.00,607.00,0,0,0
2023-08-10T11:01:49Z,22.67,65.91,100,26,30.86,101.91,32.00,612.00,null,null,null
2023-08-10T11:02:49Z,22.65,65.92,100,27,30.49,101.90,31.00,607.00,null,null,null
2023-08-10T11:03:49Z,22.68,66.01,100,28,31.78,101.90,30.00,600.00,null,null,null
2023-08-10T11:04:49Z,22.64,66.05,100,24,30.72,101.90,30.00,600.00,null,null,null
2023-08-10T11:05:49Z,22.64,66.13,100,23,30.11,101.90,31.00,607.00,0,0,0
2023-08-10T11:06:49Z,22.67,66.12,100,21,29.79,101.91,30.00,600.00,null,null,null
2023-08-10T11:07:49Z,22.68,66.06,100,21,32.45,101.90,30.00,600.00,null,null,null
2023-08-10T11:08:49Z,22.68,66.07,100,19,28.84,101.90,31.00,607.00,null,null,null
2023-08-10T11:09:49Z,22.68,66.11,100,21,29.51,101.90,31.00,607.00,null,null,null
2023-08-10T11:10:49Z,22.65,65.88,100,21,28.85,101.90,31.00,607.00,0,0,0
2023-08-10T11:11:49Z,22.68,66.12,100,19,28.40,101.90,32.00,612.00,null,null,null
2023-08-10T11:12:49Z,22.69,66.04,100,18,29.01,101.90,31.00,607.00,null,null,null
2023-08-10T11:13:49Z,22.68,65.91,100,19,29.80,101.90,31.00,607.00,null,null,null
2023-08-10T11:14:49Z,22.67,66.20,100,17,28.50,101.90,31.00,607.00,null,null,null
2023-08-10T11:15:49Z,22.69,66.32,100,18,29.86,101.90,30.00,600.00,0,0,0
2023-08-10T11:16:49Z,22.69,66.41,100,19,30.46,101.90,28.00,588.00,null,null,null
2023-08-10T11:17:49Z,22.71,66.08,100,19,27.64,101.90,28.00,588.00,null,null,null
2023-08-10T11:18:49Z,22.72,66.16,100,20,28.64,101.90,29.00,594.00,null,null,null
2023-08-10T11:19:49Z,22.71,66.17,100,20,29.56,101.90,29.00,594.00,null,null,null
2023-08-10T11:20:49Z,22.68,66.34,100,23,30.32,101.90,29.00,594.00,0,0,0
2023-08-10T11:21:49Z,22.71,66.31,100,23,28.04,101.90,28.00,588.00,null,null,null
2023-08-10T11:22:49Z,22.72,65.89,100,19,31.72,101.91,28.00,588.00,null,null,null
2023-08-10T11:23:49Z,23.05,66.05,99,20,23.20,101.90,29.00,594.00,null,null,null
2023-08-10T11:24:49Z,23.06,66.15,99,20,37.37,101.91,24.00,561.00,null,null,null
