TIME,TEMP,HUM,BATT,LIGHT,NOISE_A,PRESS,CCS811_VOCS,CCS811_ECO2,PM_1,PM_25,PM_10
ISO 8601,C,%,%,Lux,dBA,kPa,ppb,ppm,ug/m3,ug/m3,ug/m3
Time,Temperature,Humidity,Battery,Light,Noise dBA,Barometric pressure,VOC Gas CCS811,eCO2 Gas CCS811,PM 1.0,PM 2.5,PM 10.0
,55,56,10,14,53,58,113,112,89,87,88
2023-09-05T00:00:35Z,23.58,68.08,99,0,31.11,101.95,96.00,1032.00,0,0,0
2023-09-05T00:01:35Z,23.61,68.11,99,0,40.28,101.95,93.00,1014.00,null,null,null
2023-09-05T00:02:35Z,23.62,68.09,99,0,32.98,101.95,90.00,992.00,null,null,null
2023-09-05T00:03:35Z,23.57,67.91,99,0,31.23,101.95,86.00,970.00,null,null,null
2023-09-05T00:04:35Z,23.57,67.90,99,0,46.99,101.95,79.00,925.00,null,null,null
2023-09-05T00:05:35Z,23.54,67.68,99,0,42.65,101.95,76.00,905.00,0,0,0
2023-09-05T00:06:35Z,23.55,67.63,99,0,43.62,101.94,75.00,895.00,null,null,null
2023-09-05T00:07:35Z,23.55,67.87,99,0,38.16,101.94,72.00,874.00,null,null,null
2023-09-05T00:08:35Z,23.51,67.62,99,0,36.70,101.94,72.00,874.00,null,null,null
2023-09-05T00:09:35Z,23.53,67.54,99,0,37.73,101.94,69.00,853.00,null,null,null
2023-09-05T00:10:35Z,23.50,67.56,100,0,41.01,101.94,69.00,853.00,0,0,0
2023-09-05T00:11:35Z,23.50,67.65,99,0,33.08,101.94,65.00,827.00,null,null,null
2023-09-05T00:12:35Z,23.51,67.53,99,0,48.30,101.94,63.00,817.00,null,null,null
2023-09-05T00:13:35Z,23.49,67.47,99,0,32.31,101.94,63.00,817.00,null,null,null
2023-09-05T00:14:35Z,23.46,67.54,99,0,35.24,101.94,63.00,817.00,null,null,null
2023-09-05T00:15:35Z,23.47,67.72,99,0,30.39,101.94,67.00,846.00,0,0,0
2023-09-05T00:16:35Z,23.46,67.43,99,0,41.54,101.94,69.00,853.00,null,null,null
2023-09-05T00:17:35Z,23.43,67.74,99,0,32.12,101.94,72.00,874.00,null,null,null
2023-09-05T00:18:35Z,23.43,68.47,99,0,31.88,101.94,75.00,895.00,null,null,null
2023-09-05T00:19:35Z,23.42,69.15,99,0,31.95,101.94,77.00,907.00,null,null,null
2023-09-05T00:20:35Z,23.43,69.40,99,0,31.96,101.93,79.00,920.00,0,0,0
2023-09-05T00:21:35Z,23.44,69.32,99,0,38.76,101.94,83.00,945.00,null,null,null
2023-09-05T00:22:35Z,23.43,68.84,99,0,43.22,101.93,83.00,945.00,null,null,null
2023-09-05T00:23:35Z,23.44,68.61,99,0,33.15,101.94,84.00,954.00,null,null,null
2023-09-05T00:24:35Z,23.42,68.36,99,0,43.47,101.93,83.00,951.00,null,null,null
2023-09-05T00:25:35Z,23.40,68.28,99,0,35.92,101.93,82.00,940.00,0,0,0
2023-09-05T00:26:35Z,23.40,68.08,99,0,34.23,101.94,80.00,927.00,null,null,null
2023-09-05T00:27:35Z,23.43,67.98,99,0,35.45,101.93,78.00,915.00,null,null,null
2023-09-05T00:28:35Z,23.38,68.22,99,0,39.82,101.93,78.00,915.00,null,null,null
2023-09-05T00:29:35Z,23.37,67.97,99,0,38.85,101.93,76.00,905.00,null,null,null
2023-09-05T00:30:35Z,23.34,67.99,99,0,34.55,101.93,73.00,885.00,0,0,0
2023-09-05T00:31:35Z,23.37,67.74,99,0,35.24,101.93,72.00,874.00,null,null,null
2023-09-05T00:32:35Z,23.36,67.42,99,0,31.45,101.93,69.00,853.00,null,null,null
2023-09-05T00:33:35Z,23.31,67.31,99,0,32.34,101.93,66.00,834.00,null,null,null
2023-09-05T00:34:35Z,23.30,67.39,99,0,33.80,101.93,69.00,853.00,null,null,null
2023-09-05T00:35:35Z,23.27,67.47,99,0,34.37,101.93,69.00,853.00,0,0,0
2023-09-05T00:36:35Z,23.29,67.51,99,0,31.66,101.93,66.00,834.00,null,null,null
2023-09-05T00:37:35Z,23.27,67.28,99,0,37.30,101.93,75.00,895.00,null,null,null
2023-09-05T00:38:35Z,23.27,67.30,99,0,32.44,101.93,73.00,885.00,null,null,null
2023-09-05T00:39:35Z,23.24,67.15,99,0,32.01,101.93,76.00,905.00,null,null,null
2023-09-05T00:40:35Z,23.22,67.27,99,0,33.11,101.92,92.00,1004.00,0,0,0
2023-09-05T00:41:35Z,23.22,67.15,99,0,30.83,101.93,90.00,995.00,null,null,null
2023-09-05T00:42:35Z,23.22,67.13,99,0,53.18,101.93,88.00,981.00,null,null,null
2023-09-05T00:43:35Z,23.17,67.18,99,0,34.71,101.93,88.00,981.00,null,null,null
2023-09-05T00:44:35Z,23.16,67.39,99,0,30.85,101.92,88.00,981.00,null,null,null
2023-09-05T00:45:35Z,23.16,67.46,99,0,33.68,101.92,87.00,972.00,0,0,0
2023-09-05T00:46:35Z,23.15,67.28,99,0,32.67,101.92,85.00,961.00,null,null,null
2023-09-05T00:47:35Z,23.16,67.25,99,0,31.41,101.92,82.00,940.00,null,null,null
2023-09-05T00:48:35Z,23.15,67.06,99,0,32.75,101.92,79.00,920.00,null,null,null
2023-09-05T00:49:35Z,23.10,67.04,99,0,33.86,101.91,75.00,897.00,null,null,null
2023-09-05T00:50:35Z,23.06,67.13,99,0,34.17,101.91,74.00,887.00,0,0,0
2023-09-05T00:51:35Z,23.07,67.08,99,0,34.10,101.92,69.00,855.00,null,null,null
2023-09-05T00:52:35Z,23.07,67.43,100,0,32.46,101.92,68.00,851.00,null,null,null
2023-09-05T00:53:35Z,23.07,67.45,99,0,30.96,101.91,61.00,806.00,null,null,null
2023-09-05T00:54:35Z,23.05,67.54,99,0,31.36,101.91,61.00,806.00,null,null,null
2023-09-05T00:55:35Z,23.02,67.79,99,0,37.99,101.91,61.00,806.00,0,0,0
2023-09-05T00:56:35Z,23.03,67.71,99,0,31.45,101.91,68.00,848.00,null,null,null
2023-09-05T00:57:35Z,23.02,67.39,99,0,31.25,101.90,71.00,870.00,null,null,null
2023-09-05T00:58:35Z,23.03,67.52,99,0,31.09,101.91,76.00,900.00,null,null,null
2023-09-05T00:59:35Z,23.03,67.69,99,0,31.43,101.91,82.00,940.00,null,null,null
2023-09-05T01:00:35Z,23.00,67.47,99,0,34.93,101.91,85.00,961.00,0,0,0
2023-09-05T01:01:35Z,22.99,67.54,99,0,31.38,101.90,90.00,995.00,null,null,null
2023-09-05T01:02:35Z,23.00,67.68,99,0,32.84,101.90,90.00,995.00,null,null,null
2023-09-05T01:03:35Z,23.02,67.63,99,0,30.77,101.91,102.00,1071.00,null,null,null
2023-09-05T01:04:35Z,22.99,67.40,99,0,43.20,101.91,105.00,1095.00,null,null,null
2023-09-05T01:05:35Z,23.00,67.22,99,0,35.63,101.90,109.00,1122.00,0,0,0
2023-09-05T01:06:35Z,23.00,67.42,99,0,44.72,101.90,105.00,1093.00,null,null,null
2023-09-05T01:07:35Z,23.02,67.70,99,0,32.27,101.90,104.00,1083.00,null,null,null
2023-09-05T01:08:35Z,22.99,67.63,99,0,31.57,101.89,105.00,1095.00,null,null,null
2023-09-05T01:09:35Z,22.98,67.31,99,0,31.59,101.90,104.00,1083.00,null,null,null
2023-09-05T01:10:35Z,22.98,67.25,99,0,36.31,101.89,100.00,1060.00,0,0,0
2023-09-05T01:11:35Z,22.99,67.48,99,0,47.83,101.89,96.00,1035.00,null,null,null
2023-09-05T01:12:35Z,22.99,67.27,99,0,46.24,101.89,93.00,1017.00,null,null,null
2023-09-05T01:13:35Z,22.99,67.22,100,0,49.34,101.89,90.00,995.00,null,null,null
2023-09-05T01:14:35Z,22.96,67.30,99,0,32.09,101.89,90.00,992.00,null,null,null
2023-09-05T01:15:35Z,22.96,66.88,99,0,31.02,101.89,87.00,972.00,0,0,0
2023-09-05T01:16:35Z,22.98,67.50,99,0,31.17,101.88,88.00,981.00,null,null,null
2023-09-05T01:17:35Z,22.99,67.23,99,0,37.14,101.88,92.00,1007.00,null,null,null
2023-09-05T01:18:35Z,22.95,67.14,99,0,42.23,101.88,96.00,1032.00,null,null,null
2023-09-05T01:19:35Z,22.96,66.95,100,0,32.92,101.88,99.00,1056.00,null,null,null
2023-09-05T01:20:35Z,22.94,66.98,99,0,31.59,101.88,103.00,1081.00,0,0,0
2023-09-05T01:21:35Z,22.96,66.88,99,0,43.90,101.89,107.00,1105.00,null,null,null
2023-09-05T01:22:35Z,22.91,67.19,99,0,32.90,101.88,119.00,1184.00,null,null,null
2023-09-05T01:23:35Z,22.95,67.18,100,0,32.51,101.89,126.00,1231.00,null,null,null
2023-09-05T01:24:35Z,22.92,67.17,99,0,33.17,101.88,128.00,1245.00,null,null,null
2023-09-05T01:25:35Z,22.91,67.31,99,0,35.44,101.88,130.00,1259.00,0,0,0
2023-09-05T01:26:35Z,22.89,67.29,99,0,45.97,101.89,127.00,1235.00,null,null,null
2023-09-05T01:27:35Z,22.94,67.28,99,0,32.13,101.88,127.00,1235.00,null,null,null
2023-09-05T01:28:35Z,22.86,67.18,99,0,40.95,101.88,127.00,1235.00,null,null,null
2023-09-05T01:29:35Z,22.91,66.89,99,0,36.51,101.88,120.00,1188.00,null,null,null
2023-09-05T01:30:35Z,22.88,66.78,99,0,34.96,101.88,121.00,1198.00,0,0,0
2023-09-05T01:31:35Z,22.89,66.74,99,0,42.49,101.88,113.00,1144.00,null,null,null
2023-09-05T01:32:35Z,22.88,66.94,100,0,33.07,101.87,110.00,1128.00,null,null,null
2023-09-05T01:33:35Z,22.89,66.95,99,0,33.24,101.87,107.00,1105.00,null,null,null
2023-09-05T01:34:35Z,22.86,66.79,99,0,32.77,101.88,103.00,1081.00,null,null,null
2023-09-05T01:35:35Z,22.85,66.87,99,0,30.35,101.87,101.00,1068.00,0,0,0
2023-09-05T01:36:35Z,22.88,66.73,99,0,30.08,101.87,99.00,1056.00,null,null,null
2023-09-05T01:37:35Z,22.86,66.95,99,0,30.85,101.87,99.00,1053.00,null,null,null
2023-09-05T01:38:35Z,22.85,66.89,99,0,40.97,101.87,96.00,1032.00,null,null,null
2023-09-05T01:39:35Z,22.83,67.14,99,0,32.26,101.86,92.00,1004.00,null,null,null
2023-09-05T01:40:35Z,22.80,67.87,99,0,32.23,101.86,90.00,992.00,0,0,0
2023-09-05T01:41:35Z,22.83,68.04,99,0,33.49,101.86,85.00,961.00,null,null,null
2023-09-05T01:42:35Z,22.86,68.10,99,0,33.03,101.86,85.00,961.00,null,null,null
2023-09-05T01:43:35Z,22.86,68.33,99,0,31.88,101.85,82.00,940.00,null,null,null
2023-09-05T01:44:35Z,22.86,68.13,99,0,31.77,101.85,79.00,920.00,null,null,null
2023-09-05T01:45:35Z,22.85,68.13,99,0,30.76,101.86,80.00,927.00,0,0,0
2023-09-05T01:46:35Z,22.86,67.86,99,0,35.49,101.85,80.00,927.00,null,null,null
2023-09-05T01:47:35Z,22.89,67.63,99,0,30.91,101.85,75.00,897.00,null,null,null
2023-09-05T01:48:35Z,22.89,67.03,99,0,32.70,101.85,74.00,889.00,null,null,null
2023-09-05T01:49:35Z,22.88,67.33,99,0,30.99,101.85,71.00,868.00,null,null,null
2023-09-05T01:50:35Z,22.83,67.38,99,0,30.59,101.85,63.00,819.00,0,0,0
2023-09-05T01:51:35Z,22.85,67.13,99,0,31.32,101.85,61.00,806.00,null,null,null
2023-09-05T01:52:35Z,22.86,67.41,99,0,30.11,101.85,60.00,795.00,null,null,null
2023-09-05T01:53:35Z,22.85,67.04,99,0,31.07,101.85,56.00,772.00,null,null,null
2023-09-05T01:54:35Z,22.83,67.31,99,0,34.17,101.84,56.00,770.00,null,null,null
2023-09-05T01:55:35Z,22.79,67.19,99,0,30.14,101.84,56.00,770.00,0,0,0
2023-09-05T01:56:35Z,22.80,66.97,99,0,31.25,101.84,53.00,752.00,null,null,null
2023-09-05T01:57:35Z,22.83,66.91,99,0,31.55,101.84,53.00,752.00,null,null,null
2023-09-05T01:58:35Z,22.82,66.89,99,0,30.46,101.84,51.00,737.00,null,null,null
2023-09-05T01:59:35Z,22.79,66.78,99,0,30.77,101.84,49.00,728.00,null,null,null
2023-09-05T02:00:35Z,22.78,66.74,99,0,31.78,101.84,47.00,710.00,0,0,0
2023-09-05T02:01:35Z,22.76,66.84,99,0,31.51,101.84,45.00,700.00,null,null,null
2023-09-05T02:02:35Z,22.76,66.92,99,0,31.95,101.84,44.00,690.00,null,null,null
2023-09-05T02:03:35Z,22.76,66.79,99,0,31.33,101.84,42.00,682.00,null,null,null
2023-09-05T02:04:35Z,22.75,66.78,99,0,31.72,101.84,40.00,668.00,null,null,null
2023-09-05T02:05:35Z,22.71,66.79,99,0,31.99,101.85,39.00,659.00,0,0,0
2023-09-05T02:06:35Z,22.72,66.74,99,0,31.36,101.85,42.00,678.00,null,null,null
2023-09-05T02:07:35Z,22.72,66.68,99,0,31.74,101.85,42.00,678.00,null,null,null
2023-09-05T02:08:35Z,22.69,66.62,99,0,32.18,101.85,39.00,660.00,null,null,null
2023-09-05T02:09:35Z,22.72,66.65,99,0,32.26,101.85,39.00,656.00,null,null,null
2023-09-05T02:10:35Z,22.67,66.69,99,0,31.79,101.85,39.00,656.00,0,0,0
2023-09-05T02:11:35Z,22.65,66.64,99,0,31.49,101.85,37.00,649.00,null,null,null
2023-09-05T02:12:35Z,22.67,66.64,99,0,31.99,101.85,37.00,645.00,null,null,null
2023-09-05T02:13:35Z,22.64,66.54,99,0,31.85,101.85,35.00,634.00,null,null,null
2023-09-05T02:14:35Z,22.64,66.65,99,0,31.51,101.85,35.00,631.00,null,null,null
2023-09-05T02:15:35Z,22.61,66.68,99,0,32.66,101.85,34.00,624.00,0,0,0
2023-09-05T02:16:35Z,22.62,66.73,99,0,32.42,101.85,33.00,618.00,null,null,null
2023-09-05T02:17:35Z,22.61,66.79,99,0,31.50,101.84,33.00,618.00,null,null,null
2023-09-05T02:18:35Z,22.61,66.75,99,0,31.68,101.84,31.00,607.00,null,null,null
2023-09-05T02:19:35Z,22.55,66.71,99,0,31.59,101.84,30.00,599.00,null,null,null
2023-09-05T02:20:35Z,22.55,66.81,99,0,32.10,101.84,30.00,599.00,0,0,0
2023-09-05T02:21:35Z,22.55,66.77,99,0,31.77,101.84,30.00,599.00,null,null,null
2023-09-05T02:22:35Z,22.57,66.68,99,0,31.84,101.84,30.00,599.00,null,null,null
2023-09-05T02:23:35Z,22.57,66.76,99,0,31.84,101.84,29.00,596.00,null,null,null
2023-09-05T02:24:35Z,22.52,66.71,99,0,31.72,101.84,29.00,591.00,null,null,null
2023-09-05T02:25:35Z,22.50,66.77,99,0,31.63,101.84,28.00,589.00,0,0,0
2023-09-05T02:26:35Z,22.51,66.75,99,0,31.29,101.84,26.00,572.00,null,null,null
2023-09-05T02:27:35Z,22.50,66.70,99,0,31.01,101.84,26.00,572.00,null,null,null
2023-09-05T02:28:35Z,22.50,66.70,99,0,31.51,101.83,26.00,572.00,null,null,null
2023-09-05T02:29:35Z,22.45,66.74,99,0,31.08,101.83,26.00,572.00,null,null,null
2023-09-05T02:30:35Z,22.44,66.98,99,0,31.20,101.83,25.00,566.00,0,0,0
2023-09-05T02:31:35Z,22.45,66.95,99,0,32.74,101.83,23.00,556.00,null,null,null
2023-09-05T02:32:35Z,22.45,66.93,99,0,32.78,101.84,23.00,552.00,null,null,null
2023-09-05T02:33:35Z,22.43,66.95,99,0,31.60,101.84,22.00,545.00,null,null,null
2023-09-05T02:34:35Z,22.43,67.01,99,0,30.78,101.83,22.00,545.00,null,null,null
2023-09-05T02:35:35Z,22.41,66.95,99,0,30.99,101.83,20.00,536.00,0,0,0
2023-09-05T02:36:35Z,22.40,67.20,99,0,31.37,101.83,21.00,540.00,null,null,null
2023-09-05T02:37:35Z,22.39,67.20,99,0,31.70,101.83,20.00,536.00,null,null,null
2023-09-05T02:38:35Z,22.40,67.18,99,0,32.06,101.83,19.00,530.00,null,null,null
2023-09-05T02:39:35Z,22.39,67.32,99,0,31.54,101.82,19.00,530.00,null,null,null
2023-09-05T02:40:35Z,22.39,67.24,99,0,32.53,101.82,18.00,519.00,0,0,0
2023-09-05T02:41:35Z,22.37,67.32,99,0,31.77,101.82,18.00,520.00,null,null,null
2023-09-05T02:42:35Z,22.37,67.36,99,0,31.10,101.81,17.00,517.00,null,null,null
2023-09-05T02:43:35Z,22.34,67.41,100,0,34.04,101.81,17.00,517.00,null,null,null
2023-09-05T02:44:35Z,22.34,67.62,99,0,31.75,101.81,17.00,517.00,null,null,null
2023-09-05T02:45:35Z,22.33,67.61,99,0,30.86,101.81,16.00,506.00,0,0,0
2023-09-05T02:46:35Z,22.34,67.44,99,0,34.42,101.81,16.00,506.00,null,null,null
2023-09-05T02:47:35Z,22.34,67.50,99,0,30.89,101.81,16.00,506.00,null,null,null
2023-09-05T02:48:35Z,22.36,67.49,99,0,31.45,101.81,17.00,517.00,null,null,null
2023-09-05T02:49:35Z,22.34,67.38,99,0,31.22,101.81,17.00,517.00,null,null,null
2023-09-05T02:50:35Z,22.33,67.47,99,0,31.75,101.81,16.00,506.00,0,0,0
2023-09-05T02:51:35Z,22.34,67.33,99,0,32.14,101.81,15.00,502.00,null,null,null
2023-09-05T02:52:35Z,22.31,67.37,100,0,31.58,101.81,15.00,502.00,null,null,null
2023-09-05T02:53:35Z,22.31,67.44,99,0,31.67,101.80,15.00,502.00,null,null,null
2023-09-05T02:54:35Z,22.31,67.36,99,0,34.94,101.81,14.00,498.00,null,null,null
2023-09-05T02:55:35Z,22.28,67.43,99,0,31.86,101.80,14.00,492.00,0,0,0
2023-09-05T02:56:35Z,22.31,67.50,99,0,31.84,101.80,14.00,498.00,null,null,null
2023-09-05T02:57:35Z,22.28,67.51,99,0,31.43,101.80,14.00,498.00,null,null,null
2023-09-05T02:58:35Z,22.28,67.43,99,0,31.17,101.80,14.00,492.00,null,null,null
2023-09-05T02:59:35Z,22.25,67.38,99,0,31.79,101.81,13.00,487.00,null,null,null
