TIME,TEMP,HUM,BATT,LIGHT,NOISE_A,PRESS,CCS811_VOCS,CCS811_ECO2,PM_1,PM_25,PM_10
ISO 8601,C,%,%,Lux,dBA,kPa,ppb,ppm,ug/m3,ug/m3,ug/m3
Time,Temperature,Humidity,Battery,Light,Noise dBA,Barometric pressure,VOC Gas CCS811,eCO2 Gas CCS811,PM 1.0,PM 2.5,PM 10.0
,55,56,10,14,53,58,113,112,89,87,88
2023-08-12T00:00:11Z,24.41,64.24,98,0,31.02,101.56,68.00,851.00,null,null,null
2023-08-12T00:01:11Z,24.41,64.28,98,0,33.91,101.56,65.00,830.00,4,6,6
2023-08-12T00:02:11Z,24.42,64.33,98,0,34.83,101.56,53.00,752.00,null,null,null
2023-08-12T00:03:11Z,24.44,64.36,98,0,33.55,101.56,50.00,733.00,null,null,null
2023-08-12T00:04:11Z,24.38,64.36,98,0,35.73,101.56,50.00,733.00,null,null,null
2023-08-12T00:05:11Z,24.38,64.34,98,0,32.69,101.56,50.00,733.00,null,null,null
2023-08-12T00:06:11Z,24.38,64.38,98,0,33.94,101.56,53.00,752.00,3,3,3
2023-08-12T00:07:11Z,24.38,63.70,98,0,33.25,101.56,53.00,752.00,null,null,null
2023-08-12T00:08:11Z,24.38,63.99,98,0,35.19,101.55,48.00,717.00,null,null,null
2023-08-12T00:09:11Z,24.37,64.34,98,0,33.42,101.55,35.00,633.00,null,null,null
2023-08-12T00:10:11Z,24.37,64.68,98,0,38.37,101.55,34.00,629.00,null,null,null
2023-08-12T00:11:11Z,24.34,64.96,98,0,35.44,101.56,37.00,649.00,0,0,0
2023-08-12T00:12:11Z,24.37,64.89,98,0,32.18,101.56,39.00,659.00,null,null,null
2023-08-12T00:13:11Z,24.35,65.15,98,0,32.70,101.56,45.00,700.00,null,null,null
2023-08-12T00:14:11Z,24.37,65.92,98,0,32.32,101.56,49.00,726.00,null,null,null
2023-08-12T00:15:11Z,24.34,65.92,98,0,34.21,101.56,50.00,732.00,null,null,null
2023-08-12T00:16:11Z,24.35,65.78,98,0,34.68,101.56,53.00,754.00,2,2,2
2023-08-12T00:17:11Z,24.34,64.76,98,0,33.03,101.55,47.00,710.00,null,null,null
2023-08-12T00:18:11Z,24.37,65.29,98,0,34.38,101.54,49.00,726.00,null,null,null
2023-08-12T00:19:11Z,24.37,65.31,98,0,32.94,101.54,47.00,715.00,null,null,null
2023-08-12T00:20:11Z,24.35,65.41,98,0,50.54,101.54,51.00,737.00,null,null,null
2023-08-12T00:21:11Z,24.35,64.95,98,0,32.94,101.54,58.00,787.00,0,0,0
2023-08-12T00:22:11Z,24.37,65.40,98,0,33.10,101.55,63.00,815.00,null,null,null
2023-08-12T00:23:11Z,24.34,66.05,98,0,33.40,101.55,62.00,808.00,null,null,null
2023-08-12T00:24:11Z,24.37,66.11,98,0,33.68,101.55,57.00,780.00,null,null,null
2023-08-12T00:25:11Z,24.37,66.06,98,0,32.55,101.55,57.00,780.00,null,null,null
2023-08-12T00:26:11Z,24.34,65.98,98,0,35.58,101.54,53.00,754.00,1,1,1
2023-08-12T00:27:11Z,24.35,65.66,98,0,33.97,101.54,53.00,754.00,null,null,null
2023-08-12T00:28:11Z,24.35,65.54,98,0,36.17,101.54,54.00,761.00,null,null,null
2023-08-12T00:29:11Z,24.37,65.33,98,0,34.11,101.54,51.00,737.00,null,null,null
2023-08-12T00:30:11Z,24.34,65.16,98,0,34.47,101.53,47.00,715.00,null,null,null
2023-08-12T00:31:11Z,24.35,65.16,98,0,31.80,101.53,45.00,700.00,4,4,4
2023-08-12T00:32:11Z,24.35,65.25,98,0,35.71,101.53,49.00,726.00,null,null,null
2023-08-12T00:33:11Z,24.35,65.12,98,0,33.83,101.53,47.00,715.00,null,null,null
2023-08-12T00:34:11Z,24.34,64.89,98,0,32.94,101.53,49.00,726.00,null,null,null
2023-08-12T00:35:11Z,24.35,65.05,98,0,32.50,101.53,45.00,700.00,null,null,null
2023-08-12T00:36:11Z,24.35,65.09,98,0,33.71,101.53,45.00,700.00,1,1,1
2023-08-12T00:37:11Z,24.37,65.04,98,0,33.86,101.53,45.00,700.00,null,null,null
2023-08-12T00:38:11Z,24.35,64.95,98,0,43.18,101.53,45.00,700.00,null,null,null
2023-08-12T00:39:11Z,24.34,64.60,98,0,34.98,101.52,45.00,700.00,null,null,null
2023-08-12T00:40:11Z,24.35,64.86,98,0,33.80,101.52,50.00,733.00,null,null,null
2023-08-12T00:41:11Z,24.34,64.69,98,0,33.74,101.53,56.00,768.00,3,3,3
2023-08-12T00:42:11Z,24.35,64.77,98,0,33.28,101.53,53.00,752.00,null,null,null
2023-08-12T00:43:11Z,24.35,64.60,98,0,40.78,101.53,52.00,744.00,null,null,null
2023-08-12T00:44:11Z,24.37,64.96,98,0,35.87,101.53,53.00,752.00,null,null,null
2023-08-12T00:45:11Z,24.32,65.34,98,0,32.00,101.53,60.00,795.00,null,null,null
2023-08-12T00:46:11Z,24.35,65.48,98,0,32.91,101.53,58.00,787.00,3,3,3
2023-08-12T00:47:11Z,24.37,65.12,98,0,32.42,101.53,58.00,787.00,null,null,null
2023-08-12T00:48:11Z,24.38,65.30,98,0,34.15,101.53,60.00,795.00,null,null,null
2023-08-12T00:49:11Z,24.37,65.25,98,0,34.90,101.53,58.00,787.00,null,null,null
2023-08-12T00:50:11Z,24.34,65.49,98,0,31.82,101.53,62.00,808.00,null,null,null
2023-08-12T00:51:11Z,24.35,65.69,98,0,33.66,101.53,62.00,808.00,0,0,0
2023-08-12T00:52:11Z,24.37,65.54,98,0,30.61,101.53,62.00,808.00,null,null,null
2023-08-12T00:53:11Z,24.38,65.33,98,0,33.26,101.53,62.00,808.00,null,null,null
2023-08-12T00:54:11Z,24.35,65.32,98,0,34.78,101.53,66.00,834.00,null,null,null
2023-08-12T00:55:11Z,24.35,65.21,98,0,35.83,101.53,62.00,808.00,null,null,null
2023-08-12T00:56:11Z,24.34,65.19,98,0,36.28,101.53,63.00,815.00,2,2,2
2023-08-12T00:57:11Z,24.35,64.98,98,0,36.14,101.53,63.00,815.00,null,null,null
2023-08-12T00:58:11Z,24.40,64.58,98,0,32.15,101.53,56.00,768.00,null,null,null
2023-08-12T00:59:11Z,24.37,65.49,98,0,36.46,101.53,56.00,768.00,null,null,null
2023-08-12T01:00:11Z,24.35,65.19,98,0,34.63,101.53,61.00,804.00,null,null,null
2023-08-12T01:01:11Z,24.34,64.40,98,0,34.17,101.53,60.00,795.00,4,4,4
2023-08-12T01:02:11Z,24.35,65.05,98,0,35.32,101.53,57.00,776.00,null,null,null
2023-08-12T01:03:11Z,24.37,65.05,98,0,33.09,101.53,60.00,795.00,null,null,null
2023-08-12T01:04:11Z,24.37,65.37,98,0,32.56,101.53,60.00,795.00,null,null,null
2023-08-12T01:05:11Z,24.37,64.91,98,0,34.04,101.53,58.00,787.00,null,null,null
2023-08-12T01:06:11Z,24.35,64.92,98,0,33.61,101.52,60.00,795.00,2,2,2
2023-08-12T01:07:11Z,24.37,64.97,98,0,33.36,101.52,60.00,795.00,null,null,null
2023-08-12T01:08:11Z,24.37,65.23,98,0,33.15,101.52,63.00,815.00,null,null,null
2023-08-12T01:09:11Z,24.38,64.89,98,0,34.14,101.52,63.00,815.00,null,null,null
2023-08-12T01:10:11Z,24.35,65.26,98,0,34.31,101.52,60.00,795.00,null,null,null
2023-08-12T01:11:11Z,24.37,65.33,98,0,33.69,101.52,62.00,808.00,5,5,5
2023-08-12T01:12:11Z,24.37,65.73,98,0,34.59,101.52,62.00,808.00,null,null,null
2023-08-12T01:13:11Z,24.37,65.77,98,0,33.63,101.53,66.00,834.00,null,null,null
2023-08-12T01:14:11Z,24.34,65.69,98,0,36.30,101.53,65.00,827.00,null,null,null
2023-08-12T01:15:11Z,24.37,65.68,98,0,33.24,101.52,66.00,834.00,null,null,null
2023-08-12T01:16:11Z,24.34,65.51,98,0,43.45,101.52,66.00,834.00,7,9,9
2023-08-12T01:17:11Z,24.35,65.14,98,0,32.90,101.51,70.00,865.00,null,null,null
2023-08-12T01:18:11Z,24.37,65.30,98,0,35.59,101.50,75.00,895.00,null,null,null
2023-08-12T01:19:11Z,24.37,65.22,98,0,56.71,101.50,74.00,887.00,null,null,null
2023-08-12T01:20:11Z,24.38,65.40,98,0,55.63,101.50,71.00,872.00,null,null,null
2023-08-12T01:21:11Z,24.37,65.03,98,0,34.97,101.50,74.00,887.00,1,1,1
2023-08-12T01:22:11Z,24.38,64.93,98,0,33.12,101.50,71.00,872.00,null,null,null
2023-08-12T01:23:11Z,24.38,64.97,98,0,35.60,101.51,67.00,840.00,null,null,null
2023-08-12T01:24:11Z,24.37,64.84,98,0,36.33,101.51,67.00,840.00,null,null,null
2023-08-12T01:25:11Z,24.38,64.31,98,0,32.96,101.51,63.00,815.00,null,null,null
2023-08-12T01:26:11Z,24.37,64.71,98,0,34.50,101.51,61.00,804.00,0,0,0
2023-08-12T01:27:11Z,24.37,64.72,98,0,35.76,101.52,57.00,776.00,null,null,null
2023-08-12T01:28:11Z,24.38,64.62,98,0,34.87,101.52,61.00,804.00,null,null,null
2023-08-12T01:29:11Z,24.38,64.79,98,0,31.06,101.51,61.00,804.00,null,null,null
2023-08-12T01:30:11Z,24.38,64.74,98,0,35.07,101.52,56.00,768.00,null,null,null
2023-08-12T01:31:11Z,24.37,64.25,98,0,40.46,101.51,57.00,776.00,3,3,3
2023-08-12T01:32:11Z,24.38,64.87,98,0,35.36,101.51,57.00,776.00,null,null,null
2023-08-12T01:33:11Z,24.37,64.64,98,0,34.07,101.51,56.00,768.00,null,null,null
2023-08-12T01:34:11Z,24.40,64.81,98,0,31.99,101.51,57.00,776.00,null,null,null
2023-08-12T01:35:11Z,24.40,64.77,98,0,31.97,101.52,56.00,768.00,null,null,null
2023-08-12T01:36:11Z,24.38,64.68,98,0,31.11,101.52,56.00,768.00,2,2,2
2023-08-12T01:37:11Z,24.38,64.70,98,0,32.42,101.52,57.00,776.00,null,null,null
2023-08-12T01:38:11Z,24.38,64.57,98,0,30.68,101.52,53.00,752.00,null,null,null
2023-08-12T01:39:11Z,24.37,64.67,98,0,31.55,101.52,53.00,752.00,null,null,null
2023-08-12T01:40:11Z,24.38,64.56,98,0,32.44,101.52,53.00,752.00,null,null,null
2023-08-12T01:41:11Z,24.38,64.16,98,0,35.19,101.51,53.00,752.00,1,1,1
2023-08-12T01:42:11Z,24.35,64.81,98,0,31.86,101.52,54.00,757.00,null,null,null
2023-08-12T01:43:11Z,24.37,64.59,98,0,31.95,101.52,56.00,768.00,null,null,null
2023-08-12T01:44:11Z,24.37,64.55,98,0,34.24,101.52,53.00,752.00,null,null,null
2023-08-12T01:45:11Z,24.35,64.38,98,0,44.31,101.52,53.00,752.00,null,null,null
2023-08-12T01:46:11Z,24.34,64.41,98,0,34.29,101.53,53.00,752.00,2,2,2
2023-08-12T01:47:11Z,24.35,64.72,98,0,35.07,101.52,53.00,752.00,null,null,null
2023-08-12T01:48:11Z,24.37,64.33,98,0,36.34,101.53,57.00,776.00,null,null,null
2023-08-12T01:49:11Z,24.35,64.47,98,0,34.27,101.52,53.00,752.00,null,null,null
2023-08-12T01:50:11Z,24.37,64.56,98,0,33.93,101.52,53.00,752.00,null,null,null
2023-08-12T01:51:11Z,24.35,64.54,98,0,36.22,101.52,53.00,752.00,0,0,0
2023-08-12T01:52:11Z,24.38,64.54,98,0,36.82,101.52,53.00,752.00,null,null,null
2023-08-12T01:53:11Z,24.37,64.58,98,0,33.60,101.53,57.00,776.00,null,null,null
2023-08-12T01:54:11Z,24.38,64.49,98,0,34.47,101.53,57.00,776.00,null,null,null
2023-08-12T01:55:11Z,24.37,64.66,98,0,32.64,101.52,53.00,752.00,null,null,null
2023-08-12T01:56:11Z,24.37,64.54,98,0,34.34,101.53,53.00,752.00,2,2,2
2023-08-12T01:57:11Z,24.37,64.66,98,0,35.38,101.53,53.00,752.00,null,null,null
2023-08-12T01:58:11Z,24.35,64.55,98,0,32.95,101.52,57.00,776.00,null,null,null
2023-08-12T01:59:11Z,24.37,64.49,98,0,35.31,101.52,53.00,752.00,null,null,null
2023-08-12T02:00:11Z,24.34,64.49,98,0,31.38,101.52,53.00,752.00,null,null,null
2023-08-12T02:01:11Z,24.34,64.53,98,0,36.53,101.52,53.00,752.00,1,1,1
2023-08-12T02:02:11Z,24.35,64.47,98,0,33.40,101.52,53.00,752.00,null,null,null
2023-08-12T02:03:11Z,24.37,64.44,98,0,32.56,101.52,53.00,752.00,null,null,null
2023-08-12T02:04:11Z,24.35,64.47,98,0,35.09,101.52,53.00,752.00,null,null,null
2023-08-12T02:05:11Z,24.34,64.47,98,0,34.16,101.52,57.00,776.00,null,null,null
2023-08-12T02:06:11Z,24.35,64.46,98,0,32.08,101.52,57.00,776.00,2,2,2
2023-08-12T02:07:11Z,24.35,64.43,98,0,35.85,101.52,53.00,752.00,null,null,null
2023-08-12T02:08:11Z,24.35,64.28,98,0,35.72,101.52,53.00,752.00,null,null,null
2023-08-12T02:09:11Z,24.35,64.38,98,0,34.90,101.52,53.00,752.00,null,null,null
2023-08-12T02:10:11Z,24.34,64.41,98,0,32.25,101.52,61.00,804.00,null,null,null
2023-08-12T02:11:11Z,24.37,64.44,98,0,38.45,101.52,53.00,752.00,2,4,4
2023-08-12T02:12:11Z,24.35,64.36,98,0,34.31,101.52,53.00,752.00,null,null,null
2023-08-12T02:13:11Z,24.35,64.36,98,0,32.42,101.52,50.00,733.00,null,null,null
2023-08-12T02:14:11Z,24.35,64.40,98,0,35.14,101.52,50.00,733.00,null,null,null
2023-08-12T02:15:11Z,24.34,64.38,98,0,33.73,101.51,50.00,733.00,null,null,null
2023-08-12T02:16:11Z,24.34,64.40,98,0,30.93,101.51,50.00,733.00,1,1,1
2023-08-12T02:17:11Z,24.34,64.44,98,0,31.66,101.51,50.00,733.00,null,null,null
2023-08-12T02:18:11Z,24.37,64.33,98,0,32.87,101.51,50.00,733.00,null,null,null
2023-08-12T02:19:11Z,24.34,64.45,98,0,37.71,101.51,50.00,733.00,null,null,null
2023-08-12T02:20:11Z,24.31,64.33,98,0,34.35,101.51,53.00,752.00,null,null,null
2023-08-12T02:21:11Z,24.35,64.33,98,0,34.27,101.51,57.00,776.00,2,2,2
2023-08-12T02:22:11Z,24.34,64.44,98,0,31.42,101.51,53.00,752.00,null,null,null
2023-08-12T02:23:11Z,24.37,64.35,98,0,35.21,101.51,53.00,752.00,null,null,null
2023-08-12T02:24:11Z,24.37,64.39,98,0,34.17,101.50,53.00,752.00,null,null,null
2023-08-12T02:25:11Z,24.32,64.32,98,0,32.69,101.50,53.00,752.00,null,null,null
2023-08-12T02:26:11Z,24.32,64.25,98,0,35.74,101.50,46.00,708.00,0,0,0
2023-08-12T02:27:11Z,24.35,64.21,98,0,34.13,101.50,46.00,708.00,null,null,null
2023-08-12T02:28:11Z,24.34,64.26,98,0,36.48,101.50,47.00,712.00,null,null,null
2023-08-12T02:29:11Z,24.32,64.19,98,0,31.74,101.50,43.00,688.00,null,null,null
2023-08-12T02:30:11Z,24.32,64.34,98,0,30.19,101.50,47.00,712.00,null,null,null
2023-08-12T02:31:11Z,24.34,64.28,98,0,35.77,101.50,46.00,708.00,0,0,0
2023-08-12T02:32:11Z,24.32,64.23,98,0,33.67,101.50,43.00,688.00,null,null,null
2023-08-12T02:33:11Z,24.31,64.04,98,0,35.07,101.50,43.00,688.00,null,null,null
2023-08-12T02:34:11Z,24.31,64.15,98,0,36.24,101.50,44.00,692.00,null,null,null
2023-08-12T02:35:11Z,24.34,64.22,98,0,33.36,101.50,44.00,692.00,null,null,null
2023-08-12T02:36:11Z,24.32,64.22,98,0,33.57,101.49,47.00,712.00,0,0,0
2023-08-12T02:37:11Z,24.30,64.07,98,0,35.61,101.50,47.00,712.00,null,null,null
2023-08-12T02:38:11Z,24.34,64.19,98,0,29.80,101.49,47.00,712.00,null,null,null
2023-08-12T02:39:11Z,24.32,64.08,98,0,32.66,101.49,47.00,712.00,null,null,null
2023-08-12T02:40:11Z,24.32,64.05,98,0,31.74,101.49,47.00,712.00,null,null,null
2023-08-12T02:41:11Z,24.31,64.24,98,0,36.51,101.50,44.00,692.00,0,0,0
2023-08-12T02:42:11Z,24.31,64.22,98,0,34.27,101.50,44.00,692.00,null,null,null
2023-08-12T02:43:11Z,24.32,64.08,98,0,34.23,101.50,47.00,712.00,null,null,null
2023-08-12T02:44:11Z,24.31,64.14,98,0,33.82,101.50,44.00,692.00,null,null,null
2023-08-12T02:45:11Z,24.32,64.15,98,0,36.07,101.49,44.00,692.00,null,null,null
2023-08-12T02:46:11Z,24.32,64.09,98,0,33.20,101.50,44.00,692.00,3,3,3
2023-08-12T02:47:11Z,24.31,64.07,98,0,33.59,101.50,44.00,692.00,null,null,null
2023-08-12T02:48:11Z,24.31,64.08,98,0,33.90,101.50,44.00,692.00,null,null,null
2023-08-12T02:49:11Z,24.31,64.05,98,0,32.83,101.51,44.00,692.00,null,null,null
2023-08-12T02:50:11Z,24.32,64.09,98,0,34.65,101.51,44.00,692.00,null,null,null
2023-08-12T02:51:11Z,24.31,64.05,98,0,34.10,101.51,44.00,692.00,0,0,0
2023-08-12T02:52:11Z,24.31,64.21,98,0,32.60,101.51,41.00,672.00,null,null,null
2023-08-12T02:53:11Z,24.30,64.01,98,0,34.75,101.52,44.00,692.00,null,null,null
2023-08-12T02:54:11Z,24.28,64.19,98,0,32.44,101.52,41.00,672.00,null,null,null
2023-08-12T02:55:11Z,24.31,64.17,98,0,32.29,101.52,44.00,692.00,null,null,null
2023-08-12T02:56:11Z,24.27,64.00,98,0,33.26,101.52,47.00,712.00,3,3,3
2023-08-12T02:57:11Z,24.30,64.07,98,0,32.82,101.52,44.00,692.00,null,null,null
2023-08-12T02:58:11Z,24.28,64.01,98,0,32.06,101.51,41.00,672.00,null,null,null
2023-08-12T02:59:11Z,24.28,64.11,98,0,35.58,101.52,41.00,672.00,null,null,null
