TIME,TEMP,HUM,BATT,LIGHT,NOISE_A,PRESS,CCS811_VOCS,CCS811_ECO2,PM_1,PM_25,PM_10
ISO 8601,C,%,%,Lux,dBA,kPa,ppb,ppm,ug/m3,ug/m3,ug/m3
Time,Temperature,Humidity,Battery,Light,Noise dBA,Barometric pressure,VOC Gas CCS811,eCO2 Gas CCS811,PM 1.0,PM 2.5,PM 10.0
,55,56,10,14,53,58,113,112,89,87,88
2023-09-04T00:00:45Z,24.19,69.22,99,0,38.56,102.59,91.00,1001.00,null,null,null
2023-09-04T00:01:45Z,24.19,69.23,99,0,39.08,102.59,93.00,1012.00,21,25,25
2023-09-04T00:02:45Z,24.21,69.20,99,0,37.97,102.59,91.00,1001.00,null,null,null
2023-09-04T00:03:45Z,24.21,69.12,99,0,39.83,102.59,91.00,1001.00,null,null,null
2023-09-04T00:04:45Z,24.17,69.09,99,0,37.48,102.59,89.00,990.00,null,null,null
2023-09-04T00:05:45Z,24.17,69.05,99,0,39.12,102.59,89.00,990.00,null,null,null
2023-09-04T00:06:45Z,24.17,69.07,99,0,37.41,102.58,89.00,990.00,22,36,36
2023-09-04T00:07:45Z,24.19,68.89,99,0,36.77,102.58,91.00,1001.00,null,null,null
2023-09-04T00:08:45Z,24.17,68.96,99,0,37.75,102.58,89.00,990.00,null,null,null
2023-09-04T00:09:45Z,24.19,69.01,99,0,38.42,102.58,91.00,1001.00,null,null,null
2023-09-04T00:10:45Z,24.20,69.10,99,0,37.37,102.58,89.00,990.00,null,null,null
2023-09-04T00:11:45Z,24.17,68.98,99,0,36.66,102.58,89.00,990.00,15,19,19
2023-09-04T00:12:45Z,24.19,68.91,99,0,38.07,102.58,91.00,1001.00,null,null,null
2023-09-04T00:13:45Z,24.20,68.94,99,0,37.93,102.58,91.00,1001.00,null,null,null
2023-09-04T00:14:45Z,24.19,68.82,99,0,37.97,102.58,89.00,990.00,null,null,null
2023-09-04T00:15:45Z,24.14,68.96,99,0,38.89,102.58,89.00,990.00,null,null,null
2023-09-04T00:16:45Z,24.17,68.91,99,0,35.45,102.58,89.00,990.00,17,21,21
2023-09-04T00:17:45Z,24.17,68.86,99,0,37.35,102.58,91.00,1001.00,null,null,null
2023-09-04T00:18:45Z,24.19,68.82,99,0,39.55,102.58,91.00,1001.00,null,null,null
2023-09-04T00:19:45Z,24.19,68.89,99,0,37.25,102.58,89.00,990.00,null,null,null
2023-09-04T00:20:45Z,24.16,68.89,99,0,39.54,102.58,89.00,990.00,null,null,null
2023-09-04T00:21:45Z,24.20,68.76,99,0,38.45,102.58,87.00,977.00,20,33,33
2023-09-04T00:22:45Z,24.17,68.71,99,0,38.54,102.58,89.00,990.00,null,null,null
2023-09-04T00:23:45Z,24.16,68.69,99,0,38.36,102.58,89.00,987.00,null,null,null
2023-09-04T00:24:45Z,24.16,68.73,99,0,37.68,102.58,89.00,987.00,null,null,null
2023-09-04T00:25:45Z,24.16,68.67,99,0,38.77,102.57,87.00,977.00,null,null,null
2023-09-04T00:26:45Z,24.17,68.73,99,0,38.61,102.57,87.00,977.00,22,49,49
2023-09-04T00:27:45Z,24.17,68.66,99,0,38.78,102.57,85.00,964.00,null,null,null
2023-09-04T00:28:45Z,24.16,68.58,99,0,37.86,102.57,85.00,964.00,null,null,null
2023-09-04T00:29:45Z,24.14,68.68,99,0,37.15,102.57,84.00,956.00,null,null,null
2023-09-04T00:30:45Z,24.16,68.61,99,0,37.46,102.56,84.00,956.00,null,null,null
2023-09-04T00:31:45Z,24.14,68.74,99,0,37.28,102.56,85.00,964.00,12,24,24
2023-09-04T00:32:45Z,24.16,68.66,99,0,37.71,102.57,84.00,956.00,null,null,null
2023-09-04T00:33:45Z,24.16,68.63,99,0,38.39,102.57,84.00,956.00,null,null,null
2023-09-04T00:34:45Z,24.16,68.73,99,0,38.23,102.57,84.00,956.00,null,null,null
2023-09-04T00:35:45Z,24.16,68.68,99,0,37.65,102.57,84.00,956.00,null,null,null
2023-09-04T00:36:45Z,24.13,68.90,99,0,39.29,102.58,85.00,964.00,21,34,34
2023-09-04T00:37:45Z,24.13,68.75,99,0,37.21,102.58,84.00,956.00,null,null,null
2023-09-04T00:38:45Z,24.14,68.55,99,0,37.13,102.58,84.00,956.00,null,null,null
2023-09-04T00:39:45Z,24.13,68.73,99,0,37.88,102.57,84.00,956.00,null,null,null
2023-09-04T00:40:45Z,24.13,68.73,99,0,36.95,102.57,85.00,964.00,null,null,null
2023-09-04T00:41:45Z,24.14,68.73,99,0,36.86,102.57,84.00,956.00,20,39,39
2023-09-04T00:42:45Z,24.14,68.68,99,0,38.12,102.57,85.00,964.00,null,null,null
2023-09-04T00:43:45Z,24.17,68.62,99,0,37.45,102.57,84.00,956.00,null,null,null
2023-09-04T00:44:45Z,24.14,68.69,99,0,38.27,102.57,84.00,956.00,null,null,null
2023-09-04T00:45:45Z,24.13,68.73,99,0,38.36,102.57,84.00,956.00,null,null,null
2023-09-04T00:46:45Z,24.13,68.72,99,0,36.47,102.57,84.00,956.00,24,44,44
2023-09-04T00:47:45Z,24.13,68.68,99,0,37.50,102.57,84.00,956.00,null,null,null
2023-09-04T00:48:45Z,24.13,68.61,99,0,38.18,102.57,83.00,945.00,null,null,null
2023-09-04T00:49:45Z,24.11,68.64,99,0,37.80,102.57,83.00,945.00,null,null,null
2023-09-04T00:50:45Z,24.11,68.66,99,0,38.22,102.57,82.00,940.00,null,null,null
2023-09-04T00:51:45Z,24.11,68.51,99,0,38.61,102.57,82.00,940.00,27,67,67
2023-09-04T00:52:45Z,24.14,68.55,99,0,38.23,102.56,82.00,940.00,null,null,null
2023-09-04T00:53:45Z,24.16,68.59,99,0,37.45,102.56,82.00,940.00,null,null,null
2023-09-04T00:54:45Z,24.14,68.68,99,0,38.60,102.56,79.00,923.00,null,null,null
2023-09-04T00:55:45Z,24.11,68.57,99,0,37.89,102.56,79.00,923.00,null,null,null
2023-09-04T00:56:45Z,24.10,68.65,99,0,38.71,102.56,79.00,923.00,20,39,39
2023-09-04T00:57:45Z,24.09,68.51,99,0,50.06,102.55,78.00,913.00,null,null,null
2023-09-04T00:58:45Z,24.13,68.89,99,0,38.64,102.55,82.00,940.00,null,null,null
2023-09-04T00:59:45Z,24.11,68.66,99,0,37.75,102.55,78.00,915.00,null,null,null
2023-09-04T01:00:45Z,24.13,68.81,99,0,42.08,102.55,82.00,940.00,null,null,null
2023-09-04T01:01:45Z,24.09,68.54,99,0,40.46,102.55,82.00,940.00,27,55,55
2023-09-04T01:02:45Z,24.09,68.48,99,0,39.21,102.55,78.00,915.00,null,null,null
2023-09-04T01:03:45Z,24.07,68.73,99,0,42.41,102.55,79.00,923.00,null,null,null
2023-09-04T01:04:45Z,24.09,68.63,99,0,37.07,102.54,79.00,923.00,null,null,null
2023-09-04T01:05:45Z,24.09,68.56,99,0,37.83,102.54,79.00,923.00,null,null,null
2023-09-04T01:06:45Z,24.07,68.71,99,0,36.95,102.54,79.00,923.00,26,39,39
2023-09-04T01:07:45Z,24.09,68.59,99,0,45.34,102.54,78.00,913.00,null,null,null
2023-09-04T01:08:45Z,24.09,68.60,99,0,45.22,102.54,78.00,913.00,null,null,null
2023-09-04T01:09:45Z,24.09,68.64,99,0,37.32,102.54,78.00,913.00,null,null,null
2023-09-04T01:10:45Z,24.07,68.66,99,0,37.51,102.54,78.00,913.00,null,null,null
2023-09-04T01:11:45Z,24.06,68.72,99,0,37.53,102.54,79.00,923.00,20,26,26
2023-09-04T01:12:45Z,24.07,68.62,99,0,37.11,102.54,77.00,907.00,null,null,null
2023-09-04T01:13:45Z,24.04,68.66,99,0,38.76,102.54,78.00,913.00,null,null,null
2023-09-04T01:14:45Z,24.06,68.68,99,0,37.18,102.53,77.00,907.00,null,null,null
2023-09-04T01:15:45Z,24.03,68.73,99,0,36.87,102.53,77.00,907.00,null,null,null
2023-09-04T01:16:45Z,24.01,68.75,99,0,37.48,102.54,77.00,907.00,18,24,24
2023-09-04T01:17:45Z,24.07,68.72,99,0,38.45,102.54,76.00,900.00,null,null,null
2023-09-04T01:18:45Z,24.03,68.76,99,0,36.84,102.54,77.00,907.00,null,null,null
2023-09-04T01:19:45Z,24.04,68.74,99,0,39.00,102.54,76.00,900.00,null,null,null
2023-09-04T01:20:45Z,24.04,68.71,99,0,39.84,102.53,75.00,897.00,null,null,null
2023-09-04T01:21:45Z,24.03,68.77,99,0,38.55,102.53,75.00,897.00,20,28,28
2023-09-04T01:22:45Z,24.01,68.77,99,0,38.07,102.53,73.00,882.00,null,null,null
2023-09-04T01:23:45Z,24.01,68.83,99,0,37.68,102.53,73.00,882.00,null,null,null
2023-09-04T01:24:45Z,24.00,68.90,99,0,39.57,102.54,74.00,889.00,null,null,null
2023-09-04T01:25:45Z,24.01,68.79,99,0,38.88,102.53,74.00,889.00,null,null,null
2023-09-04T01:26:45Z,24.01,68.82,99,0,37.60,102.53,74.00,889.00,22,35,35
2023-09-04T01:27:45Z,24.00,68.79,99,0,38.81,102.53,73.00,882.00,null,null,null
2023-09-04T01:28:45Z,24.00,68.84,99,0,38.07,102.53,74.00,889.00,null,null,null
2023-09-04T01:29:45Z,24.03,68.81,99,0,38.13,102.53,73.00,882.00,null,null,null
2023-09-04T01:30:45Z,24.01,68.86,99,0,37.87,102.53,73.00,882.00,null,null,null
2023-09-04T01:31:45Z,24.00,68.78,99,0,38.98,102.53,71.00,872.00,24,30,30
2023-09-04T01:32:45Z,23.99,68.79,99,0,38.14,102.53,73.00,882.00,null,null,null
2023-09-04T01:33:45Z,23.99,68.75,99,0,37.99,102.53,71.00,872.00,null,null,null
2023-09-04T01:34:45Z,23.97,68.82,99,0,37.49,102.53,71.00,872.00,null,null,null
2023-09-04T01:35:45Z,23.97,68.79,99,0,37.36,102.52,71.00,872.00,null,null,null
2023-09-04T01:36:45Z,23.97,68.84,99,0,37.46,102.53,73.00,882.00,15,42,42
2023-09-04T01:37:45Z,24.00,68.83,99,0,37.58,102.53,73.00,882.00,null,null,null
2023-09-04T01:38:45Z,24.00,68.84,99,0,38.76,102.53,74.00,889.00,null,null,null
2023-09-04T01:39:45Z,23.97,68.85,99,0,37.28,102.53,74.00,889.00,null,null,null
2023-09-04T01:40:45Z,23.96,68.82,99,0,37.15,102.53,73.00,882.00,null,null,null
2023-09-04T01:41:45Z,23.97,68.86,99,0,37.52,102.53,74.00,889.00,26,58,58
2023-09-04T01:42:45Z,23.99,68.83,99,0,37.90,102.53,74.00,889.00,null,null,null
2023-09-04T01:43:45Z,23.99,68.90,99,0,38.35,102.53,74.00,889.00,null,null,null
2023-09-04T01:44:45Z,24.00,68.75,99,0,37.22,102.53,76.00,900.00,null,null,null
2023-09-04T01:45:45Z,23.97,68.77,99,0,37.14,102.53,74.00,889.00,null,null,null
2023-09-04T01:46:45Z,23.97,68.97,99,0,37.14,102.53,74.00,889.00,23,32,32
2023-09-04T01:47:45Z,23.97,68.82,99,0,37.29,102.53,76.00,900.00,null,null,null
2023-09-04T01:48:45Z,23.99,68.92,99,0,39.77,102.53,76.00,900.00,null,null,null
2023-09-04T01:49:45Z,23.97,68.93,99,0,36.77,102.52,76.00,900.00,null,null,null
2023-09-04T01:50:45Z,23.99,68.94,99,0,38.55,102.52,76.00,900.00,null,null,null
2023-09-04T01:51:45Z,23.99,68.94,99,0,36.69,102.52,76.00,900.00,23,37,37
2023-09-04T01:52:45Z,24.00,68.92,99,0,38.52,102.52,76.00,900.00,null,null,null
2023-09-04T01:53:45Z,23.99,68.92,99,0,38.02,102.52,76.00,900.00,null,null,null
2023-09-04T01:54:45Z,23.96,68.92,99,0,38.54,102.52,76.00,900.00,null,null,null
2023-09-04T01:55:45Z,23.94,68.87,99,0,37.83,102.52,76.00,900.00,null,null,null
2023-09-04T01:56:45Z,23.96,68.90,99,0,37.27,102.51,76.00,900.00,19,28,28
2023-09-04T01:57:45Z,23.96,69.04,99,0,37.20,102.51,76.00,900.00,null,null,null
2023-09-04T01:58:45Z,23.94,69.00,99,0,38.08,102.51,76.00,905.00,null,null,null
2023-09-04T01:59:45Z,23.97,69.00,99,0,37.91,102.51,76.00,900.00,null,null,null
2023-09-04T02:00:45Z,23.97,69.13,99,0,38.02,102.50,76.00,900.00,null,null,null
2023-09-04T02:01:45Z,23.96,69.00,99,0,38.44,102.50,76.00,900.00,23,28,28
2023-09-04T02:02:45Z,23.94,68.91,99,0,37.55,102.50,76.00,900.00,null,null,null
2023-09-04T02:03:45Z,23.97,69.00,99,0,37.11,102.50,74.00,889.00,null,null,null
2023-09-04T02:04:45Z,23.96,69.01,99,0,38.11,102.50,74.00,889.00,null,null,null
2023-09-04T02:05:45Z,23.96,68.99,99,0,38.63,102.50,74.00,889.00,null,null,null
2023-09-04T02:06:45Z,23.97,68.95,99,0,38.46,102.50,74.00,889.00,26,31,31
2023-09-04T02:07:45Z,23.93,69.04,99,0,39.13,102.50,73.00,882.00,null,null,null
2023-09-04T02:08:45Z,23.94,69.06,99,0,38.52,102.50,73.00,882.00,null,null,null
2023-09-04T02:09:45Z,23.96,69.06,99,0,37.09,102.50,73.00,882.00,null,null,null
2023-09-04T02:10:45Z,23.94,69.14,99,0,38.65,102.50,73.00,882.00,null,null,null
2023-09-04T02:11:45Z,23.93,69.12,99,0,38.96,102.50,73.00,882.00,18,28,28
2023-09-04T02:12:45Z,23.91,69.03,99,0,38.41,102.50,73.00,882.00,null,null,null
2023-09-04T02:13:45Z,23.93,69.10,99,0,37.21,102.51,73.00,882.00,null,null,null
2023-09-04T02:14:45Z,23.94,69.15,99,0,38.73,102.51,73.00,882.00,null,null,null
2023-09-04T02:15:45Z,23.93,69.14,99,0,37.40,102.51,73.00,882.00,null,null,null
2023-09-04T02:16:45Z,23.93,69.06,99,0,37.78,102.51,74.00,889.00,17,34,34
2023-09-04T02:17:45Z,23.94,69.09,99,0,38.09,102.51,73.00,882.00,null,null,null
2023-09-04T02:18:45Z,23.93,69.12,99,0,40.02,102.51,74.00,889.00,null,null,null
2023-09-04T02:19:45Z,23.96,69.25,99,0,38.72,102.51,74.00,889.00,null,null,null
2023-09-04T02:20:45Z,23.93,69.15,99,0,37.46,102.50,72.00,874.00,null,null,null
2023-09-04T02:21:45Z,23.91,69.09,99,0,38.35,102.50,74.00,889.00,27,51,56
2023-09-04T02:22:45Z,23.93,69.18,99,0,38.67,102.51,73.00,882.00,null,null,null
2023-09-04T02:23:45Z,23.93,69.01,99,0,38.26,102.51,73.00,882.00,null,null,null
2023-09-04T02:24:45Z,23.93,69.12,99,0,38.14,102.51,73.00,882.00,null,null,null
2023-09-04T02:25:45Z,23.91,69.18,99,0,37.50,102.51,73.00,882.00,null,null,null
2023-09-04T02:26:45Z,23.91,69.18,99,0,38.05,102.51,73.00,882.00,23,41,41
2023-09-04T02:27:45Z,23.91,69.65,99,0,39.26,102.51,73.00,882.00,null,null,null
2023-09-04T02:28:45Z,23.94,69.38,99,0,37.78,102.51,70.00,865.00,null,null,null
2023-09-04T02:29:45Z,23.93,69.14,99,0,39.15,102.51,67.00,846.00,null,null,null
2023-09-04T02:30:45Z,23.90,69.03,99,0,36.83,102.51,67.00,844.00,null,null,null
2023-09-04T02:31:45Z,23.90,69.04,99,0,38.62,102.50,67.00,844.00,25,52,52
2023-09-04T02:32:45Z,23.91,69.03,99,0,38.75,102.50,69.00,853.00,null,null,null
2023-09-04T02:33:45Z,23.93,69.00,99,0,38.89,102.50,69.00,853.00,null,null,null
2023-09-04T02:34:45Z,23.90,69.05,99,0,39.40,102.50,69.00,853.00,null,null,null
2023-09-04T02:35:45Z,23.90,69.06,99,0,39.47,102.50,69.00,853.00,null,null,null
2023-09-04T02:36:45Z,23.90,69.06,99,0,39.04,102.50,70.00,863.00,20,38,41
2023-09-04T02:37:45Z,23.90,69.01,99,0,37.31,102.50,69.00,853.00,null,null,null
2023-09-04T02:38:45Z,23.91,69.07,99,0,38.37,102.50,69.00,853.00,null,null,null
2023-09-04T02:39:45Z,23.91,69.04,99,0,38.68,102.50,70.00,863.00,null,null,null
2023-09-04T02:40:45Z,23.89,69.19,99,0,39.05,102.50,70.00,863.00,null,null,null
2023-09-04T02:41:45Z,23.89,69.42,99,0,38.08,102.50,70.00,863.00,19,37,37
2023-09-04T02:42:45Z,23.89,69.10,99,0,38.81,102.50,69.00,853.00,null,null,null
2023-09-04T02:43:45Z,23.90,69.19,99,0,38.60,102.50,70.00,863.00,null,null,null
2023-09-04T02:44:45Z,23.90,68.99,99,0,39.13,102.50,70.00,863.00,null,null,null
2023-09-04T02:45:45Z,23.90,69.05,99,0,38.24,102.50,70.00,863.00,null,null,null
2023-09-04T02:46:45Z,23.89,69.10,99,0,40.11,102.50,70.00,863.00,27,43,43
2023-09-04T02:47:45Z,23.87,69.15,99,0,38.73,102.50,69.00,853.00,null,null,null
2023-09-04T02:48:45Z,23.90,69.05,99,0,37.52,102.49,70.00,863.00,null,null,null
2023-09-04T02:49:45Z,23.90,68.99,99,0,39.22,102.49,70.00,863.00,null,null,null
2023-09-04T02:50:45Z,23.87,69.09,99,0,37.78,102.50,70.00,863.00,null,null,null
2023-09-04T02:51:45Z,23.89,69.04,99,0,39.23,102.49,70.00,863.00,16,32,32
2023-09-04T02:52:45Z,23.89,68.99,99,0,39.05,102.49,70.00,863.00,null,null,null
2023-09-04T02:53:45Z,23.87,69.00,99,0,37.95,102.49,70.00,863.00,null,null,null
2023-09-04T02:54:45Z,23.90,69.11,99,0,37.90,102.50,70.00,863.00,null,null,null
2023-09-04T02:55:45Z,23.86,69.07,99,0,39.15,102.49,69.00,853.00,null,null,null
2023-09-04T02:56:45Z,23.86,69.16,99,0,37.83,102.49,70.00,863.00,22,42,42
2023-09-04T02:57:45Z,23.83,69.05,99,0,39.45,102.49,70.00,863.00,null,null,null
2023-09-04T02:58:45Z,23.86,69.05,99,0,38.67,102.49,70.00,863.00,null,null,null
2023-09-04T02:59:45Z,23.86,69.33,99,0,40.53,102.48,70.00,863.00,null,null,null
