TIME,TEMP,HUM,BATT,LIGHT,NOISE_A,PRESS,CCS811_VOCS,CCS811_ECO2,PM_1,PM_25,PM_10
ISO 8601,C,%,%,Lux,dBA,kPa,ppb,ppm,ug/m3,ug/m3,ug/m3
Time,Temperature,Humidity,Battery,Light,Noise dBA,Barometric pressure,VOC Gas CCS811,eCO2 Gas CCS811,PM 1.0,PM 2.5,PM 10.0
,55,56,10,14,53,58,113,112,89,87,88
2023-08-25T00:00:06Z,26.02,61.81,99,0,40.02,101.01,177.00,1507.00,2,2,2
2023-08-25T00:01:06Z,26.05,62.42,99,0,39.98,101.01,174.00,1504.00,null,null,null
2023-08-25T00:02:06Z,26.06,61.86,99,0,39.62,101.01,178.00,1509.00,null,null,null
2023-08-25T00:03:06Z,26.05,62.13,99,0,39.97,101.01,180.00,1513.00,null,null,null
2023-08-25T00:04:06Z,26.05,62.11,99,0,39.99,101.01,186.00,1521.00,null,null,null
2023-08-25T00:05:06Z,26.04,61.91,99,0,39.49,101.01,180.00,1513.00,2,2,2
2023-08-25T00:06:06Z,26.04,60.23,99,0,40.29,101.01,180.00,1513.00,null,null,null
2023-08-25T00:07:06Z,26.05,60.42,99,0,39.54,101.02,178.00,1511.00,null,null,null
2023-08-25T00:08:06Z,26.04,60.49,99,0,45.32,101.01,169.00,1496.00,null,null,null
2023-08-25T00:09:06Z,26.05,61.03,99,0,46.15,101.01,163.00,1474.00,null,null,null
2023-08-25T00:10:06Z,26.05,61.39,99,0,49.07,101.01,161.00,1458.00,1,3,3
2023-08-25T00:11:06Z,26.02,61.20,99,0,52.60,101.01,164.00,1478.00,null,null,null
2023-08-25T00:12:06Z,26.04,61.52,99,0,52.87,101.01,163.00,1474.00,null,null,null
2023-08-25T00:13:06Z,26.04,61.39,99,0,50.82,101.01,166.00,1491.00,null,null,null
2023-08-25T00:14:06Z,26.05,61.36,99,0,49.99,101.01,168.00,1495.00,null,null,null
2023-08-25T00:15:06Z,26.04,60.63,99,0,45.93,101.01,171.00,1499.00,2,2,2
2023-08-25T00:16:06Z,26.02,61.39,99,0,47.49,101.01,174.00,1503.00,null,null,null
2023-08-25T00:17:06Z,26.08,61.28,99,0,44.24,101.01,174.00,1503.00,null,null,null
2023-08-25T00:18:06Z,26.04,61.08,99,0,52.10,101.01,174.00,1503.00,null,null,null
2023-08-25T00:19:06Z,26.05,60.31,99,0,43.23,101.01,179.00,1512.00,null,null,null
2023-08-25T00:20:06Z,26.06,60.42,99,0,45.82,101.01,171.00,1499.00,4,4,4
2023-08-25T00:21:06Z,26.02,60.13,99,0,46.65,101.01,163.00,1474.00,null,null,null
2023-08-25T00:22:06Z,26.02,59.79,99,0,55.08,101.01,157.00,1432.00,null,null,null
2023-08-25T00:23:06Z,26.02,60.71,99,0,54.68,101.01,154.00,1416.00,null,null,null
2023-08-25T00:24:06Z,26.02,59.93,99,0,55.17,101.01,148.00,1372.00,null,null,null
2023-08-25T00:25:06Z,26.01,59.97,99,0,47.28,101.01,142.00,1338.00,5,5,5
2023-08-25T00:26:06Z,26.04,60.23,99,0,42.65,101.01,138.00,1307.00,null,null,null
2023-08-25T00:27:06Z,26.04,59.58,99,0,48.29,101.01,136.00,1295.00,null,null,null
2023-08-25T00:28:06Z,26.02,59.53,99,0,48.42,101.01,136.00,1295.00,null,null,null
2023-08-25T00:29:06Z,26.04,60.03,99,0,45.42,101.00,136.00,1295.00,null,null,null
2023-08-25T00:30:06Z,26.02,59.45,99,0,48.58,101.01,131.00,1266.00,2,2,2
2023-08-25T00:31:06Z,26.04,59.47,99,0,45.57,101.01,134.00,1281.00,null,null,null
2023-08-25T00:32:06Z,26.02,59.32,99,0,46.09,101.01,127.00,1238.00,null,null,null
2023-08-25T00:33:06Z,26.02,60.19,99,0,47.11,101.01,127.00,1238.00,null,null,null
2023-08-25T00:34:06Z,26.00,60.39,99,0,56.98,101.01,125.00,1224.00,null,null,null
2023-08-25T00:35:06Z,26.02,60.13,99,0,53.38,101.01,128.00,1242.00,5,6,6
2023-08-25T00:36:06Z,26.00,59.27,99,0,55.40,101.01,131.00,1266.00,null,null,null
2023-08-25T00:37:06Z,26.02,59.94,99,0,54.62,101.00,131.00,1266.00,null,null,null
2023-08-25T00:38:06Z,26.02,59.50,99,0,42.40,101.01,121.00,1195.00,null,null,null
2023-08-25T00:39:06Z,25.98,58.76,99,0,50.02,101.01,120.00,1188.00,null,null,null
2023-08-25T00:40:06Z,25.98,58.92,99,0,41.62,101.00,114.00,1150.00,2,2,2
2023-08-25T00:41:06Z,26.01,58.76,99,0,48.38,101.01,112.00,1137.00,null,null,null
2023-08-25T00:42:06Z,26.00,58.71,99,0,46.22,101.01,109.00,1118.00,null,null,null
2023-08-25T00:43:06Z,25.98,58.66,99,0,45.99,101.01,107.00,1107.00,null,null,null
2023-08-25T00:44:06Z,25.97,58.55,99,0,46.39,101.01,105.00,1095.00,null,null,null
2023-08-25T00:45:06Z,25.95,58.52,99,0,42.53,101.01,102.00,1071.00,2,2,2
2023-08-25T00:46:06Z,25.97,58.43,99,0,45.11,101.01,100.00,1062.00,null,null,null
2023-08-25T00:47:06Z,25.98,58.34,99,0,45.84,101.01,99.00,1050.00,null,null,null
2023-08-25T00:48:06Z,25.95,58.40,99,0,45.77,101.00,98.00,1044.00,null,null,null
2023-08-25T00:49:06Z,25.95,58.33,99,0,58.35,101.01,94.00,1019.00,null,null,null
2023-08-25T00:50:06Z,26.24,58.60,98,0,34.51,101.01,93.00,1014.00,7,7,7
2023-08-25T00:51:06Z,26.28,58.50,98,0,32.84,101.01,94.00,1019.00,null,null,null
2023-08-25T00:52:06Z,26.28,59.76,98,0,34.50,101.01,85.00,961.00,null,null,null
2023-08-25T00:53:06Z,26.28,59.59,98,0,35.22,101.01,86.00,970.00,null,null,null
2023-08-25T00:54:06Z,26.31,59.52,98,0,29.84,101.01,95.00,1029.00,null,null,null
2023-08-25T00:55:06Z,26.31,59.94,98,0,36.94,101.01,100.00,1062.00,1,1,1
2023-08-25T00:56:06Z,26.30,59.54,98,0,32.62,101.01,101.00,1065.00,null,null,null
2023-08-25T00:57:06Z,26.30,60.21,98,0,34.48,101.01,99.00,1053.00,null,null,null
2023-08-25T00:58:06Z,26.31,59.58,98,0,43.60,101.00,93.00,1012.00,null,null,null
2023-08-25T00:59:06Z,26.31,59.56,98,0,34.44,101.01,100.00,1062.00,null,null,null
2023-08-25T01:00:06Z,26.27,58.98,98,0,34.70,101.00,99.00,1053.00,5,5,5
2023-08-25T01:01:06Z,26.28,59.01,98,0,26.08,101.01,97.00,1041.00,null,null,null
2023-08-25T01:02:06Z,26.28,59.47,98,0,33.03,101.01,97.00,1041.00,null,null,null
2023-08-25T01:03:06Z,26.27,59.44,98,0,28.37,101.01,99.00,1053.00,null,null,null
2023-08-25T01:04:06Z,26.25,59.07,98,0,30.33,101.01,97.00,1041.00,null,null,null
2023-08-25T01:05:06Z,26.22,59.28,98,0,32.31,101.01,96.00,1035.00,3,4,4
2023-08-25T01:06:06Z,26.22,58.87,98,0,29.30,101.01,104.00,1086.00,null,null,null
2023-08-25T01:07:06Z,26.21,58.88,98,0,31.45,101.01,103.00,1077.00,null,null,null
2023-08-25T01:08:06Z,26.17,58.21,98,0,31.46,101.01,93.00,1012.00,null,null,null
2023-08-25T01:09:06Z,26.15,58.34,98,0,30.10,101.01,92.00,1007.00,null,null,null
2023-08-25T01:10:06Z,26.15,58.93,98,0,30.37,101.01,88.00,983.00,7,8,8
2023-08-25T01:11:06Z,26.11,58.60,98,0,27.69,101.01,85.00,964.00,null,null,null
2023-08-25T01:12:06Z,26.10,58.72,98,0,29.40,101.01,85.00,961.00,null,null,null
2023-08-25T01:13:06Z,26.10,58.51,98,0,33.43,101.02,85.00,961.00,null,null,null
2023-08-25T01:14:06Z,26.06,58.65,98,0,33.37,101.02,85.00,961.00,null,null,null
2023-08-25T01:15:06Z,26.06,58.76,98,0,28.20,101.02,85.00,961.00,3,3,3
2023-08-25T01:16:06Z,26.07,58.47,98,0,28.45,101.02,84.00,954.00,null,null,null
2023-08-25T01:17:06Z,26.07,58.71,98,0,34.87,101.02,87.00,972.00,null,null,null
2023-08-25T01:18:06Z,26.03,58.46,98,0,35.14,101.02,87.00,972.00,null,null,null
2023-08-25T01:19:06Z,26.00,58.39,98,0,34.26,101.02,null,null,null,null,null
2023-08-25T01:20:06Z,25.99,58.56,98,0,36.39,101.03,87.00,972.00,1,1,1
2023-08-25T01:21:06Z,25.99,57.64,98,0,31.42,101.03,84.00,954.00,null,null,null
2023-08-25T01:22:06Z,25.94,58.02,98,0,32.16,101.03,85.00,964.00,null,null,null
2023-08-25T01:23:06Z,25.90,58.11,98,0,31.13,101.03,78.00,918.00,null,null,null
2023-08-25T01:24:06Z,25.83,57.92,98,0,33.49,101.03,79.00,925.00,null,null,null
2023-08-25T01:25:06Z,25.80,58.31,98,0,30.43,101.03,77.00,907.00,2,2,2
2023-08-25T01:26:06Z,25.77,58.33,98,0,27.66,101.03,73.00,880.00,null,null,null
2023-08-25T01:27:06Z,25.76,58.73,98,0,39.14,101.04,71.00,870.00,null,null,null
2023-08-25T01:28:06Z,25.73,58.63,98,0,33.53,101.04,71.00,870.00,null,null,null
2023-08-25T01:29:06Z,25.69,58.64,98,0,41.47,101.03,80.00,930.00,null,null,null
2023-08-25T01:30:06Z,25.66,58.30,98,0,32.72,101.03,82.00,942.00,6,6,6
2023-08-25T01:31:06Z,25.66,58.49,98,0,39.73,101.03,79.00,920.00,null,null,null
2023-08-25T01:32:06Z,25.60,58.43,98,0,28.89,101.03,79.00,920.00,null,null,null
2023-08-25T01:33:06Z,25.57,58.35,98,0,41.14,101.03,79.00,920.00,null,null,null
2023-08-25T01:34:06Z,25.56,58.45,98,0,33.31,101.02,79.00,920.00,null,null,null
2023-08-25T01:35:06Z,25.53,58.35,98,0,27.73,101.02,77.00,909.00,6,6,6
2023-08-25T01:36:06Z,25.52,58.21,98,0,34.86,101.02,76.00,900.00,null,null,null
2023-08-25T01:37:06Z,25.49,58.23,98,0,34.51,101.02,74.00,889.00,null,null,null
2023-08-25T01:38:06Z,25.46,58.45,98,0,29.93,101.02,71.00,872.00,null,null,null
2023-08-25T01:39:06Z,25.42,58.71,98,0,30.60,101.01,70.00,863.00,null,null,null
2023-08-25T01:40:06Z,25.40,58.29,98,0,27.18,101.01,70.00,863.00,2,4,4
2023-08-25T01:41:06Z,25.39,58.44,98,0,33.92,101.02,67.00,846.00,null,null,null
2023-08-25T01:42:06Z,25.36,58.54,98,0,36.59,101.01,67.00,846.00,null,null,null
2023-08-25T01:43:06Z,25.36,58.41,98,0,33.90,101.01,69.00,855.00,null,null,null
2023-08-25T01:44:06Z,25.30,58.06,98,0,33.56,101.01,67.00,846.00,null,null,null
2023-08-25T01:45:06Z,25.29,58.65,98,0,33.55,101.01,66.00,836.00,3,3,3
2023-08-25T01:46:06Z,25.30,58.54,98,0,32.82,101.01,65.00,827.00,null,null,null
2023-08-25T01:47:06Z,25.26,58.16,98,0,33.83,101.01,65.00,827.00,null,null,null
2023-08-25T01:48:06Z,25.23,58.54,98,0,35.51,101.01,63.00,819.00,null,null,null
2023-08-25T01:49:06Z,25.23,58.69,98,0,26.55,101.01,74.00,889.00,null,null,null
2023-08-25T01:50:06Z,25.22,58.60,98,0,29.28,101.01,74.00,889.00,5,5,5
2023-08-25T01:51:06Z,25.18,58.04,98,0,29.36,101.01,73.00,880.00,null,null,null
2023-08-25T01:52:06Z,25.18,57.71,98,0,27.80,101.01,73.00,880.00,null,null,null
2023-08-25T01:53:06Z,25.15,56.90,98,0,33.75,101.02,67.00,840.00,null,null,null
2023-08-25T01:54:06Z,25.12,57.55,98,0,28.20,101.01,63.00,819.00,null,null,null
2023-08-25T01:55:06Z,25.09,57.82,98,0,32.82,101.01,60.00,795.00,2,2,2
2023-08-25T01:56:06Z,25.09,57.69,98,0,28.04,101.02,57.00,776.00,null,null,null
2023-08-25T01:57:06Z,25.09,57.54,98,0,30.85,101.02,56.00,772.00,null,null,null
2023-08-25T01:58:06Z,25.06,57.84,98,0,30.42,101.03,55.00,763.00,null,null,null
2023-08-25T01:59:06Z,25.05,57.97,98,0,28.54,101.02,53.00,754.00,null,null,null
2023-08-25T02:00:06Z,25.04,58.09,98,0,27.99,101.02,57.00,776.00,0,0,0
2023-08-25T02:01:06Z,25.04,58.77,98,0,25.79,101.03,58.00,785.00,null,null,null
2023-08-25T02:02:06Z,25.04,58.04,98,0,31.12,101.03,60.00,795.00,null,null,null
2023-08-25T02:03:06Z,24.99,58.61,98,0,32.40,101.03,62.00,810.00,null,null,null
2023-08-25T02:04:06Z,24.99,58.81,98,0,32.07,101.03,62.00,808.00,null,null,null
2023-08-25T02:05:06Z,24.97,58.42,98,0,27.47,101.03,63.00,815.00,2,2,2
2023-08-25T02:06:06Z,24.97,58.55,98,0,31.16,101.03,63.00,817.00,null,null,null
2023-08-25T02:07:06Z,24.98,58.30,98,0,28.44,101.02,64.00,821.00,null,null,null
2023-08-25T02:08:06Z,24.95,58.60,98,0,26.06,101.03,65.00,832.00,null,null,null
2023-08-25T02:09:06Z,24.92,58.47,98,0,29.30,101.03,65.00,832.00,null,null,null
2023-08-25T02:10:06Z,24.95,58.50,98,0,45.26,101.02,65.00,832.00,5,5,5
2023-08-25T02:11:06Z,24.94,58.46,98,0,34.82,101.03,65.00,832.00,null,null,null
2023-08-25T02:12:06Z,24.91,58.54,98,0,30.97,101.02,67.00,840.00,null,null,null
2023-08-25T02:13:06Z,24.91,58.31,98,0,32.71,101.02,67.00,840.00,null,null,null
2023-08-25T02:14:06Z,24.90,58.20,98,0,30.23,101.02,65.00,832.00,null,null,null
2023-08-25T02:15:06Z,24.88,58.22,98,0,33.06,101.02,68.00,851.00,2,2,2
2023-08-25T02:16:06Z,24.88,58.50,98,0,33.84,101.02,67.00,840.00,null,null,null
2023-08-25T02:17:06Z,24.85,58.13,98,0,24.79,101.02,67.00,840.00,null,null,null
2023-08-25T02:18:06Z,24.84,57.63,98,0,30.21,101.02,65.00,832.00,null,null,null
2023-08-25T02:19:06Z,24.84,57.77,98,0,26.24,101.01,66.00,836.00,null,null,null
2023-08-25T02:20:06Z,24.82,57.76,98,0,30.29,101.02,63.00,817.00,6,6,6
2023-08-25T02:21:06Z,24.82,58.37,98,0,33.07,101.02,63.00,817.00,null,null,null
2023-08-25T02:22:06Z,24.84,58.39,98,0,28.25,101.01,68.00,851.00,null,null,null
2023-08-25T02:23:06Z,24.82,58.47,98,0,30.22,101.01,69.00,857.00,null,null,null
2023-08-25T02:24:06Z,24.82,58.45,98,0,30.82,101.02,71.00,870.00,null,null,null
2023-08-25T02:25:06Z,24.79,58.33,98,0,26.62,101.01,71.00,870.00,2,2,2
2023-08-25T02:26:06Z,24.82,58.24,98,0,30.31,101.01,69.00,857.00,null,null,null
2023-08-25T02:27:06Z,24.78,57.43,98,0,31.60,101.01,73.00,880.00,null,null,null
2023-08-25T02:28:06Z,24.78,56.54,98,0,31.12,101.01,67.00,840.00,null,null,null
2023-08-25T02:29:06Z,24.77,56.16,98,0,30.79,101.01,65.00,827.00,null,null,null
2023-08-25T02:30:06Z,24.78,56.94,98,0,28.11,101.01,66.00,838.00,0,0,0
2023-08-25T02:31:06Z,24.75,56.75,98,0,26.36,101.01,62.00,810.00,null,null,null
2023-08-25T02:32:06Z,24.77,57.14,98,0,26.43,101.01,63.00,819.00,null,null,null
2023-08-25T02:33:06Z,24.74,57.39,98,0,30.45,101.01,66.00,836.00,null,null,null
2023-08-25T02:34:06Z,24.77,55.79,98,0,27.89,101.01,63.00,819.00,null,null,null
2023-08-25T02:35:06Z,24.71,56.96,98,0,29.47,101.01,66.00,838.00,3,3,3
2023-08-25T02:36:06Z,24.71,56.78,98,0,46.22,101.02,66.00,838.00,null,null,null
2023-08-25T02:37:06Z,24.71,56.92,98,0,28.55,101.01,65.00,830.00,null,null,null
2023-08-25T02:38:06Z,24.70,56.81,98,0,30.05,101.01,66.00,838.00,null,null,null
2023-08-25T02:39:06Z,24.71,56.62,98,0,32.58,101.02,65.00,830.00,null,null,null
2023-08-25T02:40:06Z,24.67,56.72,98,0,30.76,101.02,67.00,846.00,2,2,2
2023-08-25T02:41:06Z,24.71,56.99,98,0,31.06,101.02,68.00,851.00,null,null,null
2023-08-25T02:42:06Z,24.67,56.72,98,0,24.79,101.02,69.00,853.00,null,null,null
2023-08-25T02:43:06Z,24.70,56.50,98,0,29.00,101.02,71.00,872.00,null,null,null
2023-08-25T02:44:06Z,24.68,56.38,98,0,31.42,101.02,70.00,863.00,null,null,null
2023-08-25T02:45:06Z,24.65,56.54,97,0,32.31,101.02,70.00,863.00,0,0,0
2023-08-25T02:46:06Z,24.65,56.21,97,0,32.61,101.02,71.00,872.00,null,null,null
2023-08-25T02:47:06Z,24.65,55.66,98,0,29.03,101.02,69.00,857.00,null,null,null
2023-08-25T02:48:06Z,24.65,56.37,98,0,26.91,101.02,71.00,872.00,null,null,null
2023-08-25T02:49:06Z,24.64,56.44,97,0,30.70,101.02,68.00,851.00,null,null,null
2023-08-25T02:50:06Z,24.62,56.28,97,0,30.97,101.02,70.00,863.00,4,4,4
2023-08-25T02:51:06Z,24.64,56.25,97,0,28.71,101.02,71.00,872.00,null,null,null
2023-08-25T02:52:06Z,24.62,56.13,97,0,31.60,101.02,71.00,872.00,null,null,null
2023-08-25T02:53:06Z,24.62,55.71,97,0,25.32,101.01,70.00,865.00,null,null,null
2023-08-25T02:54:06Z,24.61,55.84,97,0,31.54,101.01,71.00,872.00,null,null,null
2023-08-25T02:55:06Z,24.60,55.90,97,0,27.06,101.01,70.00,865.00,3,3,3
2023-08-25T02:56:06Z,24.61,55.75,97,0,29.16,101.01,69.00,857.00,null,null,null
2023-08-25T02:57:06Z,24.60,55.53,97,0,30.18,101.01,67.00,840.00,null,null,null
2023-08-25T02:58:06Z,24.61,55.47,97,0,27.16,101.01,68.00,848.00,null,null,null
2023-08-25T02:59:06Z,24.57,55.71,97,0,32.17,101.01,68.00,848.00,null,null,null
2023-08-25T03:00:06Z,24.57,55.27,97,0,24.89,101.00,75.00,897.00,1,1,1
2023-08-25T03:01:06Z,24.55,55.64,97,0,30.98,101.00,71.00,868.00,null,null,null
2023-08-25T03:02:06Z,24.60,55.43,97,0,34.57,101.01,73.00,880.00,null,null,null
2023-08-25T03:03:06Z,24.54,55.46,97,0,33.00,101.01,73.00,880.00,null,null,null
2023-08-25T03:04:06Z,24.54,55.64,97,0,35.69,101.01,68.00,848.00,null,null,null
2023-08-25T03:05:06Z,24.50,55.29,97,0,33.51,101.00,65.00,830.00,2,2,2
2023-08-25T03:06:06Z,24.51,54.90,97,0,29.13,101.00,63.00,819.00,null,null,null
2023-08-25T03:07:06Z,24.54,54.85,97,0,25.70,101.00,61.00,804.00,null,null,null
2023-08-25T03:08:06Z,24.51,54.86,97,0,37.03,101.00,57.00,780.00,null,null,null
2023-08-25T03:09:06Z,24.49,54.86,97,0,31.45,101.00,56.00,768.00,null,null,null
2023-08-25T03:10:06Z,24.46,54.70,97,0,28.17,101.00,53.00,754.00,3,3,3
2023-08-25T03:11:06Z,24.51,54.45,97,0,30.72,101.00,52.00,742.00,null,null,null
2023-08-25T03:12:06Z,24.50,56.02,97,0,32.23,101.00,52.00,742.00,null,null,null
2023-08-25T03:13:06Z,24.50,54.72,97,0,29.49,101.01,51.00,740.00,null,null,null
2023-08-25T03:14:06Z,24.49,54.78,97,0,34.54,101.00,54.00,757.00,null,null,null
2023-08-25T03:15:06Z,24.51,55.84,97,0,26.91,101.00,51.00,740.00,1,1,1
2023-08-25T03:16:06Z,24.47,55.70,97,0,28.64,101.00,51.00,740.00,null,null,null
2023-08-25T03:17:06Z,24.49,55.32,97,0,32.39,101.00,54.00,759.00,null,null,null
2023-08-25T03:18:06Z,24.46,55.69,97,0,29.55,101.00,54.00,759.00,null,null,null
2023-08-25T03:19:06Z,24.46,55.36,97,0,25.76,101.00,57.00,776.00,null,null,null
2023-08-25T03:20:06Z,24.46,55.47,97,0,32.20,101.00,58.00,785.00,2,2,2
2023-08-25T03:21:06Z,24.47,54.54,97,0,29.03,101.01,57.00,776.00,null,null,null
2023-08-25T03:22:06Z,24.46,54.33,97,0,29.91,101.01,57.00,776.00,null,null,null
2023-08-25T03:23:06Z,24.43,54.54,97,0,29.76,101.00,54.00,757.00,null,null,null
2023-08-25T03:24:06Z,24.44,54.32,97,0,27.51,101.00,54.00,757.00,null,null,null
2023-08-25T03:25:06Z,24.41,54.53,97,0,30.62,101.00,52.00,742.00,0,0,0
2023-08-25T03:26:06Z,24.43,54.37,97,0,31.58,101.00,50.00,730.00,null,null,null
2023-08-25T03:27:06Z,24.44,55.11,97,0,30.58,101.00,50.00,733.00,null,null,null
2023-08-25T03:28:06Z,24.44,54.44,97,0,29.08,101.00,51.00,740.00,null,null,null
2023-08-25T03:29:06Z,24.43,53.76,97,0,33.89,101.00,53.00,748.00,null,null,null
2023-08-25T03:30:06Z,24.43,54.34,97,0,28.74,101.00,51.00,737.00,0,0,0
2023-08-25T03:31:06Z,24.41,55.12,97,0,27.75,100.99,47.00,712.00,null,null,null
2023-08-25T03:32:06Z,24.44,55.32,97,0,29.17,101.00,51.00,740.00,null,null,null
2023-08-25T03:33:06Z,24.43,54.21,97,0,39.83,100.99,52.00,746.00,null,null,null
2023-08-25T03:34:06Z,24.40,54.29,97,0,31.56,100.99,54.00,757.00,null,null,null
2023-08-25T03:35:06Z,24.37,53.96,97,0,28.15,100.99,52.00,742.00,5,5,5
2023-08-25T03:36:06Z,24.39,53.75,97,0,24.68,100.99,52.00,742.00,null,null,null
2023-08-25T03:37:06Z,24.40,54.54,97,0,28.19,100.99,50.00,730.00,null,null,null
2023-08-25T03:38:06Z,24.39,54.74,97,0,37.91,101.00,50.00,730.00,null,null,null
2023-08-25T03:39:06Z,24.37,54.23,97,0,32.84,101.00,50.00,730.00,null,null,null
2023-08-25T03:40:06Z,24.37,54.83,97,0,31.07,101.00,51.00,737.00,2,2,2
2023-08-25T03:41:06Z,24.39,54.79,97,0,30.87,101.00,49.00,726.00,null,null,null
2023-08-25T03:42:06Z,24.39,54.51,97,0,27.57,101.00,49.00,726.00,null,null,null
2023-08-25T03:43:06Z,24.37,54.76,97,0,36.32,101.00,52.00,742.00,null,null,null
2023-08-25T03:44:06Z,24.37,54.49,97,0,26.43,101.00,51.00,740.00,null,null,null
2023-08-25T03:45:06Z,24.34,54.66,97,0,38.20,101.00,53.00,748.00,3,3,3
2023-08-25T03:46:06Z,24.36,54.65,97,0,29.78,101.00,53.00,748.00,null,null,null
2023-08-25T03:47:06Z,24.36,54.35,97,0,29.86,101.00,53.00,748.00,null,null,null
2023-08-25T03:48:06Z,24.37,53.14,97,0,29.03,101.00,53.00,748.00,null,null,null
2023-08-25T03:49:06Z,24.34,54.29,97,0,30.58,101.00,56.00,768.00,null,null,null
2023-08-25T03:50:06Z,24.33,54.37,97,0,29.30,101.00,53.00,748.00,0,0,0
2023-08-25T03:51:06Z,24.34,54.31,97,0,30.77,101.00,54.00,757.00,null,null,null
2023-08-25T03:52:06Z,24.37,54.09,97,0,31.82,101.00,54.00,757.00,null,null,null
2023-08-25T03:53:06Z,24.33,53.98,97,0,31.72,101.00,56.00,772.00,null,null,null
2023-08-25T03:54:06Z,24.31,53.84,97,0,27.55,101.00,55.00,765.00,null,null,null
2023-08-25T03:55:06Z,24.31,54.04,97,0,30.08,101.00,54.00,757.00,0,0,0
2023-08-25T03:56:06Z,24.31,54.02,97,0,25.70,101.00,55.00,765.00,null,null,null
2023-08-25T03:57:06Z,24.34,53.11,97,0,27.59,101.00,54.00,757.00,null,null,null
2023-08-25T03:58:06Z,24.31,52.71,97,0,34.30,101.00,54.00,759.00,null,null,null
2023-08-25T03:59:06Z,24.31,52.76,97,0,30.46,100.99,51.00,737.00,null,null,null
2023-08-25T04:00:06Z,24.31,52.85,97,0,33.32,101.00,47.00,712.00,1,1,1
2023-08-25T04:01:06Z,24.29,52.42,97,0,26.55,100.99,46.00,706.00,null,null,null
2023-08-25T04:02:06Z,24.30,52.43,97,0,26.97,101.00,45.00,699.00,null,null,null
2023-08-25T04:03:06Z,24.30,53.43,97,0,30.41,101.00,50.00,732.00,null,null,null
2023-08-25T04:04:06Z,24.29,53.01,97,0,32.65,101.00,51.00,737.00,null,null,null
2023-08-25T04:05:06Z,24.30,53.57,97,0,30.05,100.99,54.00,759.00,0,0,0
2023-08-25T04:06:06Z,24.29,53.40,97,0,30.76,101.00,54.00,759.00,null,null,null
2023-08-25T04:07:06Z,24.29,53.11,97,0,25.87,101.00,54.00,759.00,null,null,null
2023-08-25T04:08:06Z,24.29,51.79,97,0,33.45,101.00,52.00,746.00,null,null,null
2023-08-25T04:09:06Z,24.27,52.10,97,0,36.47,101.00,51.00,740.00,null,null,null
2023-08-25T04:10:06Z,24.27,51.81,97,0,31.40,101.00,49.00,726.00,0,0,0
2023-08-25T04:11:06Z,24.26,51.72,97,0,31.37,101.00,46.00,706.00,null,null,null
2023-08-25T04:12:06Z,24.26,51.97,97,0,26.84,101.00,48.00,719.00,null,null,null
2023-08-25T04:13:06Z,24.26,51.95,97,0,29.21,101.00,45.00,699.00,null,null,null
2023-08-25T04:14:06Z,24.24,51.91,97,0,31.24,101.00,45.00,699.00,null,null,null
2023-08-25T04:15:06Z,24.24,51.62,97,0,27.89,100.99,52.00,742.00,0,0,0
2023-08-25T04:16:06Z,24.24,52.03,97,0,31.08,101.00,53.00,749.00,null,null,null
2023-08-25T04:17:06Z,24.24,51.70,97,0,37.36,100.99,51.00,735.00,null,null,null
2023-08-25T04:18:06Z,24.23,51.75,97,0,29.76,101.00,50.00,730.00,null,null,null
2023-08-25T04:19:06Z,24.24,52.45,97,0,43.56,100.99,52.00,742.00,null,null,null
2023-08-25T04:20:06Z,24.23,52.07,97,0,30.12,100.99,49.00,728.00,0,0,0
2023-08-25T04:21:06Z,24.23,52.19,97,0,26.38,100.99,51.00,735.00,null,null,null
2023-08-25T04:22:06Z,24.23,52.85,97,0,39.12,100.99,52.00,742.00,null,null,null
2023-08-25T04:23:06Z,24.21,52.64,97,0,32.17,100.99,52.00,742.00,null,null,null
2023-08-25T04:24:06Z,24.20,52.31,97,0,32.84,100.99,53.00,749.00,null,null,null
2023-08-25T04:25:06Z,24.21,52.44,97,0,32.20,100.99,51.00,737.00,2,2,2
2023-08-25T04:26:06Z,24.21,51.43,97,0,34.24,100.99,47.00,715.00,null,null,null
2023-08-25T04:27:06Z,24.20,51.70,97,0,39.20,100.99,48.00,717.00,null,null,null
2023-08-25T04:28:06Z,24.20,52.02,97,0,26.89,100.99,47.00,710.00,null,null,null
2023-08-25T04:29:06Z,24.17,51.75,97,0,29.69,100.99,45.00,699.00,null,null,null
2023-08-25T04:30:06Z,24.17,50.81,97,0,34.60,100.99,43.00,683.00,0,0,0
2023-08-25T04:31:06Z,24.19,51.17,97,0,28.64,100.99,44.00,694.00,null,null,null
2023-08-25T04:32:06Z,24.19,52.58,97,0,29.84,100.99,49.00,728.00,null,null,null
2023-08-25T04:33:06Z,24.17,52.56,97,0,36.68,100.99,47.00,714.00,null,null,null
2023-08-25T04:34:06Z,24.13,52.28,97,0,32.92,100.99,47.00,714.00,null,null,null
2023-08-25T04:35:06Z,24.17,52.02,97,0,27.24,100.99,50.00,730.00,0,0,0
2023-08-25T04:36:06Z,24.20,51.88,97,0,29.74,100.99,51.00,737.00,null,null,null
2023-08-25T04:37:06Z,24.17,52.29,97,0,28.44,101.00,51.00,737.00,null,null,null
2023-08-25T04:38:06Z,24.16,52.36,97,0,35.93,100.99,50.00,730.00,null,null,null
2023-08-25T04:39:06Z,24.14,51.79,97,0,32.17,101.00,53.00,749.00,null,null,null
2023-08-25T04:40:06Z,24.16,51.71,96,0,38.75,100.99,51.00,737.00,1,1,1
2023-08-25T04:41:06Z,24.14,51.95,96,0,31.12,100.99,50.00,733.00,null,null,null
2023-08-25T04:42:06Z,24.17,51.61,97,0,26.43,100.99,49.00,726.00,null,null,null
2023-08-25T04:43:06Z,24.13,51.42,97,0,30.78,100.99,47.00,714.00,null,null,null
2023-08-25T04:44:06Z,24.13,51.83,96,0,31.53,100.99,45.00,700.00,null,null,null
2023-08-25T04:45:06Z,24.14,51.72,97,0,30.95,101.00,45.00,699.00,0,0,0
2023-08-25T04:46:06Z,24.14,53.53,96,0,27.84,101.00,43.00,683.00,null,null,null
2023-08-25T04:47:06Z,24.14,53.17,96,0,29.07,100.99,45.00,699.00,null,null,null
2023-08-25T04:48:06Z,24.13,52.88,96,0,34.41,100.99,48.00,717.00,null,null,null
2023-08-25T04:49:06Z,24.10,52.09,96,0,27.60,100.99,48.00,717.00,null,null,null
2023-08-25T04:50:06Z,24.10,51.77,96,0,33.43,100.99,50.00,733.00,1,1,1
2023-08-25T04:51:06Z,24.10,51.62,96,0,30.41,100.99,46.00,706.00,null,null,null
2023-08-25T04:52:06Z,24.10,52.07,96,0,25.70,100.99,46.00,706.00,null,null,null
2023-08-25T04:53:06Z,24.10,51.39,96,0,26.41,100.99,45.00,699.00,null,null,null
2023-08-25T04:54:06Z,24.07,51.59,96,0,31.48,100.99,44.00,692.00,null,null,null
2023-08-25T04:55:06Z,24.10,51.76,97,0,32.61,100.99,40.00,668.00,0,0,0
2023-08-25T04:56:06Z,24.04,51.56,96,0,37.80,101.00,39.00,659.00,null,null,null
2023-08-25T04:57:06Z,24.07,51.76,96,0,33.73,100.99,40.00,668.00,null,null,null
2023-08-25T04:58:06Z,24.07,51.97,96,0,30.95,101.00,40.00,668.00,null,null,null
2023-08-25T04:59:06Z,24.06,51.37,96,0,39.10,101.00,40.00,668.00,null,null,null
2023-08-25T05:00:06Z,24.07,51.10,96,0,38.78,101.00,44.00,692.00,1,1,1
2023-08-25T05:01:06Z,24.07,50.91,96,0,35.79,101.00,42.00,678.00,null,null,null
2023-08-25T05:02:06Z,24.06,50.61,96,0,38.65,101.00,41.00,672.00,null,null,null
2023-08-25T05:03:06Z,24.06,50.68,96,0,29.35,101.00,0.00,400.00,null,null,null
2023-08-25T05:04:06Z,24.04,51.10,96,0,38.78,101.00,0.00,400.00,null,null,null
2023-08-25T05:05:06Z,24.06,52.81,96,0,29.54,101.00,0.00,403.00,0,0,0
2023-08-25T05:06:06Z,24.06,52.58,96,0,40.30,101.00,0.00,400.00,null,null,null
2023-08-25T05:07:06Z,24.07,52.39,96,0,34.64,101.00,5.00,438.00,null,null,null
2023-08-25T05:08:06Z,24.04,51.43,96,0,31.84,100.99,6.00,445.00,null,null,null
2023-08-25T05:09:06Z,24.04,51.41,96,0,27.85,100.99,7.00,447.00,null,null,null
2023-08-25T05:10:06Z,24.04,51.11,96,0,44.30,100.99,6.00,443.00,0,0,0
2023-08-25T05:11:06Z,24.06,51.48,96,0,33.44,100.98,6.00,444.00,null,null,null
2023-08-25T05:12:06Z,24.03,51.19,96,0,31.38,100.99,7.00,447.00,null,null,null
2023-08-25T05:13:06Z,24.04,50.70,96,0,36.98,100.99,5.00,439.00,null,null,null
2023-08-25T05:14:06Z,24.04,52.19,96,0,30.94,100.99,5.00,435.00,null,null,null
2023-08-25T05:15:06Z,24.02,52.44,96,0,28.92,101.00,5.00,433.00,0,0,0
2023-08-25T05:16:06Z,24.02,52.36,96,0,36.53,101.00,5.00,438.00,null,null,null
2023-08-25T05:17:06Z,24.02,52.20,96,0,28.92,101.00,6.00,445.00,null,null,null
2023-08-25T05:18:06Z,24.03,52.17,96,0,34.47,101.00,9.00,462.00,null,null,null
2023-08-25T05:19:06Z,24.00,52.23,96,0,29.20,101.00,9.00,464.00,null,null,null
2023-08-25T05:20:06Z,23.99,51.32,96,0,29.87,101.00,9.00,464.00,0,0,0
2023-08-25T05:21:06Z,24.00,52.01,96,0,34.27,101.00,10.00,472.00,null,null,null
2023-08-25T05:22:06Z,23.99,51.92,96,0,32.45,101.00,9.00,462.00,null,null,null
2023-08-25T05:23:06Z,23.99,51.94,96,0,25.95,101.01,9.00,464.00,null,null,null
2023-08-25T05:24:06Z,23.99,50.83,96,0,34.16,101.01,9.00,464.00,null,null,null
2023-08-25T05:25:06Z,23.98,50.82,96,0,27.30,101.01,8.00,459.00,0,0,0
2023-08-25T05:26:06Z,23.99,50.42,96,0,32.61,101.01,8.00,454.00,null,null,null
2023-08-25T05:27:06Z,23.99,51.54,96,0,30.53,101.01,8.00,454.00,null,null,null
2023-08-25T05:28:06Z,23.99,51.85,96,0,33.98,101.02,7.00,447.00,null,null,null
2023-08-25T05:29:06Z,23.99,51.55,96,0,31.49,101.02,7.00,447.00,null,null,null
2023-08-25T05:30:06Z,23.98,51.29,96,0,32.94,101.02,8.00,455.00,0,0,0
2023-08-25T05:31:06Z,23.95,51.42,96,0,30.03,101.02,8.00,455.00,null,null,null
2023-08-25T05:32:06Z,23.96,51.21,96,0,36.59,101.02,7.00,452.00,null,null,null
2023-08-25T05:33:06Z,23.96,51.13,96,1,29.91,101.02,8.00,459.00,null,null,null
2023-08-25T05:34:06Z,23.95,51.50,96,1,31.25,101.02,9.00,461.00,null,null,null
2023-08-25T05:35:06Z,23.96,51.18,96,1,32.75,101.02,8.00,455.00,0,0,0
2023-08-25T05:36:06Z,23.95,51.17,96,1,33.49,101.02,9.00,461.00,null,null,null
2023-08-25T05:37:06Z,23.95,50.20,96,1,32.92,101.02,8.00,459.00,null,null,null
2023-08-25T05:38:06Z,23.93,49.86,96,1,44.92,101.02,8.00,454.00,null,null,null
2023-08-25T05:39:06Z,23.90,49.83,96,1,36.98,101.02,4.00,428.00,null,null,null
2023-08-25T05:40:06Z,23.90,49.77,96,1,28.84,101.02,1.00,411.00,0,0,0
2023-08-25T05:41:06Z,23.90,49.67,96,1,29.76,101.03,0.00,405.00,null,null,null
2023-08-25T05:42:06Z,23.89,50.48,96,2,67.88,101.03,0.00,403.00,null,null,null
2023-08-25T05:43:06Z,23.89,50.81,96,2,34.77,101.02,1.00,407.00,null,null,null
2023-08-25T05:44:06Z,23.88,49.80,96,2,33.42,101.02,0.00,400.00,null,null,null
2023-08-25T05:45:06Z,23.89,49.90,96,2,28.28,101.02,1.00,407.00,0,0,0
2023-08-25T05:46:06Z,23.88,49.60,96,2,31.93,101.02,0.00,400.00,null,null,null
2023-08-25T05:47:06Z,23.86,49.74,96,2,34.03,101.02,0.00,403.00,null,null,null
2023-08-25T05:48:06Z,23.86,49.67,96,1,33.88,101.02,0.00,400.00,null,null,null
2023-08-25T05:49:06Z,23.86,49.45,96,1,37.01,101.02,0.00,400.00,null,null,null
2023-08-25T05:50:06Z,23.85,49.00,96,1,27.32,101.02,0.00,400.00,0,0,0
2023-08-25T05:51:06Z,23.88,49.42,96,1,32.22,101.02,0.00,400.00,null,null,null
2023-08-25T05:52:06Z,23.86,49.66,96,1,35.98,101.02,0.00,400.00,null,null,null
2023-08-25T05:53:06Z,23.88,50.36,96,1,32.25,101.03,2.00,417.00,null,null,null
2023-08-25T05:54:06Z,23.83,49.95,96,1,35.62,101.03,0.00,400.00,null,null,null
2023-08-25T05:55:06Z,23.83,50.75,96,1,33.98,101.03,2.00,417.00,0,0,0
2023-08-25T05:56:06Z,23.88,51.31,96,1,38.88,101.03,4.00,428.00,null,null,null
2023-08-25T05:57:06Z,23.88,50.81,96,1,31.78,101.03,5.00,433.00,null,null,null
2023-08-25T05:58:06Z,23.85,50.10,96,2,24.79,101.02,5.00,435.00,null,null,null
2023-08-25T05:59:06Z,23.83,50.02,96,2,36.81,101.02,5.00,435.00,null,null,null
2023-08-25T06:00:06Z,23.83,49.89,96,2,34.12,101.02,6.00,445.00,0,0,0
2023-08-25T06:01:06Z,23.82,49.77,96,2,31.00,101.02,4.00,428.00,null,null,null
2023-08-25T06:02:06Z,23.85,49.90,96,2,36.32,101.02,3.00,424.00,null,null,null
2023-08-25T06:03:06Z,23.85,49.91,96,2,26.73,101.02,2.00,417.00,null,null,null
2023-08-25T06:04:06Z,23.86,51.40,96,2,31.23,101.03,3.00,422.00,null,null,null
2023-08-25T06:05:06Z,23.86,50.45,96,2,35.85,101.03,3.00,423.00,0,0,0
2023-08-25T06:06:06Z,23.86,49.98,96,2,29.42,101.03,5.00,433.00,null,null,null
2023-08-25T06:07:06Z,23.86,49.73,96,3,33.42,101.03,5.00,438.00,null,null,null
2023-08-25T06:08:06Z,23.85,49.93,96,3,33.47,101.03,4.00,432.00,null,null,null
2023-08-25T06:09:06Z,23.83,50.84,96,2,29.81,101.03,3.00,422.00,null,null,null
2023-08-25T06:10:06Z,23.82,49.95,96,2,31.01,101.03,3.00,426.00,0,0,0
2023-08-25T06:11:06Z,23.80,49.76,96,3,35.28,101.03,3.00,424.00,null,null,null
2023-08-25T06:12:06Z,23.82,49.77,96,2,32.19,101.03,3.00,422.00,null,null,null
2023-08-25T06:13:06Z,23.80,49.73,96,2,31.58,101.03,3.00,422.00,null,null,null
2023-08-25T06:14:06Z,23.82,49.70,96,4,28.88,101.03,3.00,420.00,null,null,null
2023-08-25T06:15:06Z,23.79,49.67,96,4,34.47,101.03,2.00,415.00,0,0,0
2023-08-25T06:16:06Z,23.80,49.98,96,5,31.24,101.03,1.00,407.00,null,null,null
2023-08-25T06:17:06Z,23.80,49.95,96,8,33.41,101.03,0.00,405.00,null,null,null
2023-08-25T06:18:06Z,23.79,49.89,96,12,33.32,101.03,1.00,409.00,null,null,null
2023-08-25T06:19:06Z,23.79,50.07,96,10,34.31,101.03,1.00,409.00,null,null,null
2023-08-25T06:20:06Z,23.76,49.74,96,15,33.75,101.03,0.00,405.00,0,0,0
2023-08-25T06:21:06Z,23.79,49.70,96,44,38.72,101.03,0.00,402.00,null,null,null
2023-08-25T06:22:06Z,23.82,49.96,96,12,33.86,101.03,0.00,400.00,null,null,null
2023-08-25T06:23:06Z,23.79,50.24,96,10,32.72,101.04,0.00,400.00,null,null,null
2023-08-25T06:24:06Z,23.79,50.31,96,9,32.12,101.04,2.00,414.00,null,null,null
2023-08-25T06:25:06Z,23.78,50.45,96,10,30.85,101.03,1.00,413.00,0,0,0
2023-08-25T06:26:06Z,23.80,50.23,96,17,31.92,101.04,1.00,413.00,null,null,null
2023-08-25T06:27:06Z,23.82,50.18,96,100,38.69,101.03,2.00,417.00,null,null,null
2023-08-25T06:28:06Z,23.79,50.16,96,118,28.93,101.03,3.00,422.00,null,null,null
2023-08-25T06:29:06Z,23.82,50.41,96,53,30.89,101.03,3.00,422.00,null,null,null
2023-08-25T06:30:06Z,23.83,50.21,96,50,30.49,101.04,2.00,417.00,0,0,0
2023-08-25T06:31:06Z,23.85,50.26,96,38,32.62,101.04,3.00,422.00,null,null,null
2023-08-25T06:32:06Z,23.88,50.52,96,25,29.01,101.03,2.00,417.00,null,null,null
2023-08-25T06:33:06Z,23.88,51.46,96,9,31.74,101.04,4.00,432.00,null,null,null
2023-08-25T06:34:06Z,23.90,51.47,96,10,33.72,101.04,3.00,426.00,null,null,null
2023-08-25T06:35:06Z,23.86,51.12,96,59,35.86,101.03,5.00,435.00,0,0,0
2023-08-25T06:36:06Z,23.89,50.85,96,90,33.84,101.02,6.00,442.00,null,null,null
2023-08-25T06:37:06Z,23.89,50.62,96,67,35.49,101.03,6.00,442.00,null,null,null
2023-08-25T06:38:06Z,23.88,50.20,96,54,30.88,101.03,7.00,446.00,null,null,null
2023-08-25T06:39:06Z,23.89,50.36,96,30,33.66,101.04,5.00,436.00,null,null,null
2023-08-25T06:40:06Z,23.88,49.92,96,18,32.90,101.05,3.00,422.00,0,0,0
2023-08-25T06:41:06Z,23.86,49.91,96,25,40.17,101.04,2.00,417.00,null,null,null
2023-08-25T06:42:06Z,23.89,50.20,96,64,38.65,101.04,2.00,414.00,null,null,null
2023-08-25T06:43:06Z,23.89,50.40,96,38,25.09,101.04,2.00,417.00,null,null,null
2023-08-25T06:44:06Z,23.92,50.36,96,24,41.37,101.05,2.00,417.00,null,null,null
2023-08-25T06:45:06Z,23.90,50.43,96,22,40.53,101.05,2.00,417.00,0,0,0
2023-08-25T06:46:06Z,23.90,50.40,96,18,33.09,101.04,3.00,422.00,null,null,null
2023-08-25T06:47:06Z,23.93,50.59,96,17,36.02,101.05,3.00,425.00,null,null,null
2023-08-25T06:48:06Z,23.93,50.29,96,20,32.05,101.04,3.00,425.00,null,null,null
2023-08-25T06:49:06Z,23.93,50.72,96,24,38.23,101.04,3.00,425.00,null,null,null
2023-08-25T06:50:06Z,23.92,51.49,96,15,30.70,101.04,5.00,439.00,0,0,0
2023-08-25T06:51:06Z,23.93,50.74,96,15,31.13,101.04,5.00,435.00,null,null,null
2023-08-25T06:52:06Z,23.95,50.43,96,15,37.92,101.04,7.00,448.00,null,null,null
2023-08-25T06:53:06Z,23.96,50.69,96,17,35.55,101.04,7.00,448.00,null,null,null
2023-08-25T06:54:06Z,23.93,50.83,96,18,29.72,101.03,8.00,457.00,null,null,null
2023-08-25T06:55:06Z,23.96,49.98,96,20,41.19,101.04,7.00,452.00,0,0,0
2023-08-25T06:56:06Z,23.95,50.37,96,18,31.43,101.04,8.00,454.00,null,null,null
