TIME,TEMP,HUM,BATT,LIGHT,NOISE_A,PRESS,CCS811_VOCS,CCS811_ECO2,PM_1,PM_25,PM_10
ISO 8601,C,%,%,Lux,dBA,kPa,ppb,ppm,ug/m3,ug/m3,ug/m3
Time,Temperature,Humidity,Battery,Light,Noise dBA,Barometric pressure,VOC Gas CCS811,eCO2 Gas CCS811,PM 1.0,PM 2.5,PM 10.0
,55,56,10,14,53,58,113,112,89,87,88
2023-09-18T00:00:06Z,24.07,59.12,36,0,36.69,100.25,3.00,420.00,0,0,0
2023-09-18T00:01:06Z,24.07,59.08,36,0,35.89,100.24,2.00,416.00,null,null,null
2023-09-18T00:02:06Z,24.09,59.04,36,0,34.91,100.24,2.00,416.00,null,null,null
2023-09-18T00:03:06Z,24.09,59.03,36,0,37.03,100.22,2.00,416.00,null,null,null
2023-09-18T00:04:06Z,24.06,59.08,36,0,34.81,100.22,2.00,416.00,null,null,null
2023-09-18T00:05:06Z,24.09,59.07,36,0,36.66,100.22,3.00,420.00,0,0,0
2023-09-18T00:06:06Z,24.09,59.11,36,0,36.46,100.23,1.00,413.00,null,null,null
2023-09-18T00:07:06Z,24.12,59.13,36,0,37.19,100.23,2.00,416.00,null,null,null
2023-09-18T00:08:06Z,24.04,59.06,36,0,35.74,100.22,2.00,416.00,null,null,null
2023-09-18T00:09:06Z,24.06,59.11,36,0,39.09,100.21,2.00,416.00,null,null,null
2023-09-18T00:10:06Z,24.06,59.04,36,0,35.04,100.21,2.00,416.00,0,0,0
2023-09-18T00:11:06Z,24.06,59.09,36,0,35.69,100.21,1.00,408.00,null,null,null
2023-09-18T00:12:06Z,24.07,59.06,35,0,35.34,100.21,2.00,416.00,null,null,null
2023-09-18T00:13:06Z,24.07,59.09,36,0,34.25,100.21,2.00,416.00,null,null,null
2023-09-18T00:14:06Z,24.07,59.03,36,0,37.03,100.21,1.00,413.00,null,null,null
2023-09-18T00:15:06Z,24.04,59.08,36,0,35.70,100.20,1.00,413.00,0,0,0
2023-09-18T00:16:06Z,24.06,59.03,36,0,35.02,100.19,2.00,416.00,null,null,null
2023-09-18T00:17:06Z,24.06,59.03,36,0,36.47,100.18,2.00,416.00,null,null,null
2023-09-18T00:18:06Z,24.04,59.05,35,0,35.08,100.18,2.00,416.00,null,null,null
2023-09-18T00:19:06Z,24.04,59.06,36,0,35.44,100.18,2.00,416.00,null,null,null
2023-09-18T00:20:06Z,24.04,59.10,35,0,37.28,100.19,1.00,413.00,0,0,0
2023-09-18T00:21:06Z,24.07,59.08,36,0,33.17,100.17,1.00,413.00,null,null,null
2023-09-18T00:22:06Z,24.04,59.06,35,0,34.46,100.16,1.00,413.00,null,null,null
2023-09-18T00:23:06Z,24.04,59.05,36,0,29.71,100.16,1.00,413.00,null,null,null
2023-09-18T00:24:06Z,24.06,59.06,35,0,35.79,100.15,1.00,413.00,null,null,null
2023-09-18T00:25:06Z,24.04,59.08,36,0,33.57,100.14,1.00,408.00,0,0,0
2023-09-18T00:26:06Z,24.04,59.10,36,0,32.21,100.13,1.00,413.00,null,null,null
2023-09-18T00:27:06Z,24.04,59.05,36,0,36.21,100.12,1.00,413.00,null,null,null
2023-09-18T00:28:06Z,24.03,59.09,35,0,36.90,100.12,1.00,413.00,null,null,null
2023-09-18T00:29:06Z,24.03,59.09,35,0,33.83,100.11,1.00,413.00,null,null,null
2023-09-18T00:30:06Z,24.03,59.10,36,0,37.52,100.12,1.00,413.00,0,0,0
2023-09-18T00:31:06Z,24.02,59.09,35,0,35.38,100.12,1.00,413.00,null,null,null
2023-09-18T00:32:06Z,24.04,59.04,35,0,33.93,100.12,1.00,413.00,null,null,null
2023-09-18T00:33:06Z,24.03,59.04,35,0,35.96,100.11,1.00,413.00,null,null,null
2023-09-18T00:34:06Z,24.00,59.10,35,0,33.62,100.11,1.00,408.00,null,null,null
2023-09-18T00:35:06Z,24.02,59.09,36,0,35.44,100.11,1.00,413.00,0,0,0
2023-09-18T00:36:06Z,24.02,59.08,35,0,32.80,100.11,1.00,408.00,null,null,null
2023-09-18T00:37:06Z,24.02,59.05,36,0,35.51,100.11,1.00,408.00,null,null,null
2023-09-18T00:38:06Z,24.03,59.04,36,0,36.85,100.11,1.00,408.00,null,null,null
2023-09-18T00:39:06Z,24.03,59.10,35,0,35.48,100.11,1.00,408.00,null,null,null
2023-09-18T00:40:06Z,24.03,59.07,35,0,38.21,100.10,1.00,408.00,0,0,0
2023-09-18T00:41:06Z,23.99,59.12,35,0,33.94,100.10,1.00,408.00,null,null,null
2023-09-18T00:42:06Z,24.03,59.08,35,0,34.40,100.10,1.00,408.00,null,null,null
2023-09-18T00:43:06Z,23.99,59.07,36,0,35.76,100.10,1.00,408.00,null,null,null
2023-09-18T00:44:06Z,24.02,59.11,35,0,34.41,100.10,1.00,408.00,null,null,null
2023-09-18T00:45:06Z,23.99,59.11,36,0,38.50,100.10,1.00,408.00,0,0,0
2023-09-18T00:46:06Z,24.02,59.12,35,0,35.43,100.09,1.00,408.00,null,null,null
2023-09-18T00:47:06Z,24.00,59.12,34,0,35.90,100.09,1.00,408.00,null,null,null
2023-09-18T00:48:06Z,23.99,59.05,35,0,34.06,100.08,0.00,403.00,null,null,null
2023-09-18T00:49:06Z,23.99,59.12,35,0,35.31,100.08,1.00,408.00,null,null,null
2023-09-18T00:50:06Z,23.99,59.09,36,0,30.12,100.08,0.00,403.00,0,0,0
2023-09-18T00:51:06Z,24.00,59.10,35,0,34.03,100.08,0.00,403.00,null,null,null
2023-09-18T00:52:06Z,24.00,59.07,36,0,35.33,100.08,1.00,408.00,null,null,null
2023-09-18T00:53:06Z,23.98,59.12,35,0,38.24,100.08,1.00,408.00,null,null,null
2023-09-18T00:54:06Z,23.99,59.10,35,0,35.87,100.08,0.00,403.00,null,null,null
2023-09-18T00:55:06Z,23.95,59.10,35,0,29.26,100.08,0.00,403.00,0,0,0
2023-09-18T00:56:06Z,23.98,59.10,36,0,35.87,100.08,0.00,403.00,null,null,null
2023-09-18T00:57:06Z,23.98,59.05,36,0,35.14,100.08,0.00,403.00,null,null,null
2023-09-18T00:58:06Z,23.98,59.08,36,0,35.57,100.08,0.00,403.00,null,null,null
2023-09-18T00:59:06Z,23.96,59.06,35,0,36.60,100.08,0.00,403.00,null,null,null
2023-09-18T01:00:06Z,23.98,59.08,35,0,32.28,100.08,0.00,403.00,0,0,0
2023-09-18T01:01:06Z,23.98,59.08,35,0,33.99,100.08,0.00,403.00,null,null,null
2023-09-18T01:02:06Z,23.98,59.08,35,0,31.72,100.07,0.00,403.00,null,null,null
2023-09-18T01:03:06Z,23.98,59.07,34,0,36.74,100.07,0.00,403.00,null,null,null
2023-09-18T01:04:06Z,23.98,59.07,35,0,33.37,100.07,0.00,403.00,null,null,null
2023-09-18T01:05:06Z,23.95,59.11,35,0,35.88,100.07,0.00,403.00,0,0,0
2023-09-18T01:06:06Z,23.98,59.09,35,0,36.35,100.07,0.00,403.00,null,null,null
2023-09-18T01:07:06Z,23.96,59.10,35,0,34.46,100.07,0.00,403.00,null,null,null
2023-09-18T01:08:06Z,23.98,59.09,35,0,34.30,100.07,0.00,403.00,null,null,null
2023-09-18T01:09:06Z,23.98,59.08,36,0,32.03,100.06,0.00,403.00,null,null,null
2023-09-18T01:10:06Z,23.96,59.08,35,0,36.28,100.07,0.00,403.00,0,0,0
2023-09-18T01:11:06Z,23.98,59.12,35,0,34.26,100.07,0.00,401.00,null,null,null
2023-09-18T01:12:06Z,23.98,59.14,35,0,34.44,100.06,0.00,401.00,null,null,null
2023-09-18T01:13:06Z,23.93,59.05,35,0,35.62,100.06,0.00,401.00,null,null,null
2023-09-18T01:14:06Z,23.98,59.14,34,0,36.53,100.06,0.00,400.00,null,null,null
2023-09-18T01:15:06Z,23.95,59.11,35,0,32.44,100.06,0.00,403.00,0,0,0
2023-09-18T01:16:06Z,23.96,59.14,35,0,35.08,100.05,0.00,400.00,null,null,null
2023-09-18T01:17:06Z,23.95,59.14,34,0,34.62,100.05,0.00,403.00,null,null,null
2023-09-18T01:18:06Z,23.93,59.10,35,0,36.00,100.05,0.00,403.00,null,null,null
2023-09-18T01:19:06Z,23.92,59.09,35,0,35.30,100.04,0.00,403.00,null,null,null
2023-09-18T01:20:06Z,23.96,59.15,36,0,35.69,100.05,0.00,403.00,0,0,0
2023-09-18T01:21:06Z,23.96,59.14,34,0,38.31,100.04,0.00,400.00,null,null,null
2023-09-18T01:22:06Z,23.98,59.11,35,0,35.58,100.04,0.00,403.00,null,null,null
2023-09-18T01:23:06Z,23.96,59.06,35,0,35.00,100.04,0.00,403.00,null,null,null
2023-09-18T01:24:06Z,23.96,59.12,35,0,33.53,100.04,0.00,403.00,null,null,null
2023-09-18T01:25:06Z,23.93,59.09,35,0,33.96,100.04,0.00,403.00,0,0,0
2023-09-18T01:26:06Z,23.93,59.11,35,0,35.94,100.03,0.00,400.00,null,null,null
2023-09-18T01:27:06Z,23.95,59.09,35,0,36.35,100.02,0.00,403.00,null,null,null
2023-09-18T01:28:06Z,23.95,59.10,35,0,37.29,100.02,0.00,403.00,null,null,null
2023-09-18T01:29:06Z,23.95,59.10,34,0,35.81,100.01,0.00,403.00,null,null,null
2023-09-18T01:30:06Z,23.92,59.09,35,0,36.07,100.00,0.00,403.00,0,0,0
2023-09-18T01:31:06Z,23.95,59.11,35,0,33.57,99.99,0.00,400.00,null,null,null
2023-09-18T01:32:06Z,23.95,59.09,34,0,32.71,99.99,0.00,403.00,null,null,null
2023-09-18T01:33:06Z,23.95,59.11,35,0,36.27,99.97,0.00,403.00,null,null,null
2023-09-18T01:34:06Z,23.92,59.11,35,0,34.95,99.98,0.00,400.00,null,null,null
2023-09-18T01:35:06Z,23.92,59.12,35,0,32.51,99.98,0.00,400.00,0,0,0
2023-09-18T01:36:06Z,23.93,59.14,34,0,35.86,99.98,0.00,400.00,null,null,null
2023-09-18T01:37:06Z,23.92,59.12,34,0,33.96,99.98,0.00,403.00,null,null,null
2023-09-18T01:38:06Z,23.92,59.09,34,0,35.05,99.97,0.00,400.00,null,null,null
2023-09-18T01:39:06Z,23.92,59.12,34,0,34.44,99.96,0.00,403.00,null,null,null
2023-09-18T01:40:06Z,23.90,59.12,35,0,33.21,99.96,0.00,400.00,0,0,0
2023-09-18T01:41:06Z,23.92,59.15,34,0,35.88,99.96,0.00,400.00,null,null,null
2023-09-18T01:42:06Z,23.93,59.06,35,0,35.45,99.95,0.00,403.00,null,null,null
2023-09-18T01:43:06Z,23.92,59.09,35,0,35.69,99.95,0.00,403.00,null,null,null
2023-09-18T01:44:06Z,23.92,59.09,34,0,36.10,99.94,0.00,400.00,null,null,null
2023-09-18T01:45:06Z,23.93,59.13,34,0,34.20,99.93,0.00,400.00,0,0,0
2023-09-18T01:46:06Z,23.92,59.13,34,0,34.94,99.93,0.00,403.00,null,null,null
2023-09-18T01:47:06Z,23.90,59.12,34,0,36.51,99.93,0.00,400.00,null,null,null
2023-09-18T01:48:06Z,23.93,59.10,34,0,36.26,99.93,0.00,400.00,null,null,null
2023-09-18T01:49:06Z,23.89,59.15,34,0,35.01,99.92,0.00,400.00,null,null,null
2023-09-18T01:50:06Z,23.92,59.12,35,0,32.51,99.92,0.00,400.00,0,0,0
2023-09-18T01:51:06Z,23.92,59.13,34,0,34.27,99.92,0.00,400.00,null,null,null
2023-09-18T01:52:06Z,23.93,59.14,34,0,38.79,99.91,0.00,400.00,null,null,null
2023-09-18T01:53:06Z,23.90,59.12,34,0,36.05,99.91,0.00,400.00,null,null,null
2023-09-18T01:54:06Z,23.89,59.13,34,0,35.80,99.90,0.00,400.00,null,null,null
2023-09-18T01:55:06Z,23.89,59.11,35,0,35.70,99.90,0.00,400.00,0,0,0
2023-09-18T01:56:06Z,23.92,59.13,34,0,35.43,99.89,0.00,400.00,null,null,null
2023-09-18T01:57:06Z,23.92,59.11,34,0,36.12,99.89,0.00,400.00,null,null,null
2023-09-18T01:58:06Z,23.90,59.14,34,0,33.95,99.89,0.00,400.00,null,null,null
2023-09-18T01:59:06Z,23.89,59.12,34,0,35.78,99.89,0.00,400.00,null,null,null
2023-09-18T02:00:06Z,23.88,59.09,35,0,38.11,99.89,0.00,400.00,0,0,0
2023-09-18T02:01:06Z,23.90,59.14,34,0,32.94,99.89,0.00,405.00,null,null,null
2023-09-18T02:02:06Z,23.88,59.08,34,0,34.51,99.90,0.00,405.00,null,null,null
2023-09-18T02:03:06Z,23.88,59.16,34,0,35.22,99.90,0.00,405.00,null,null,null
2023-09-18T02:04:06Z,23.89,59.14,34,0,35.31,99.91,0.00,405.00,null,null,null
2023-09-18T02:05:06Z,23.86,59.14,34,0,36.26,99.92,0.00,400.00,0,0,0
2023-09-18T02:06:06Z,23.90,59.17,34,0,34.44,99.93,0.00,400.00,null,null,null
2023-09-18T02:07:06Z,23.90,59.14,34,0,35.41,99.93,0.00,400.00,null,null,null
2023-09-18T02:08:06Z,23.89,59.10,34,0,36.36,99.92,0.00,400.00,null,null,null
2023-09-18T02:09:06Z,23.86,59.14,34,0,33.86,99.91,0.00,400.00,null,null,null
2023-09-18T02:10:06Z,23.86,59.18,34,0,37.78,99.92,0.00,400.00,0,0,0
2023-09-18T02:11:06Z,23.88,59.15,34,0,34.88,99.92,0.00,400.00,null,null,null
2023-09-18T02:12:06Z,23.89,59.11,34,0,35.71,99.92,0.00,405.00,null,null,null
2023-09-18T02:13:06Z,23.89,59.09,34,0,37.07,99.91,0.00,400.00,null,null,null
2023-09-18T02:14:06Z,23.88,59.14,34,0,34.91,99.91,0.00,400.00,null,null,null
2023-09-18T02:15:06Z,23.86,59.15,35,0,38.57,99.91,0.00,400.00,0,0,0
2023-09-18T02:16:06Z,23.85,59.15,34,0,35.77,99.91,0.00,400.00,null,null,null
2023-09-18T02:17:06Z,23.86,59.14,34,0,35.97,99.90,0.00,400.00,null,null,null
2023-09-18T02:18:06Z,23.89,59.12,34,0,34.68,99.90,0.00,400.00,null,null,null
2023-09-18T02:19:06Z,23.89,59.15,34,0,36.53,99.91,0.00,400.00,null,null,null
2023-09-18T02:20:06Z,23.88,59.16,34,0,37.51,99.90,0.00,400.00,0,0,0
2023-09-18T02:21:06Z,23.86,59.20,34,0,37.02,99.90,0.00,400.00,null,null,null
2023-09-18T02:22:06Z,23.86,59.13,34,0,37.73,99.90,0.00,405.00,null,null,null
2023-09-18T02:23:06Z,23.86,59.11,34,0,35.91,99.91,0.00,400.00,null,null,null
2023-09-18T02:24:06Z,23.86,59.14,34,0,36.60,99.91,0.00,405.00,null,null,null
2023-09-18T02:25:06Z,23.88,59.19,34,0,37.02,99.92,0.00,400.00,0,0,0
2023-09-18T02:26:06Z,23.86,59.18,34,0,36.33,99.91,0.00,400.00,null,null,null
2023-09-18T02:27:06Z,23.88,59.15,34,0,35.86,99.91,0.00,400.00,null,null,null
2023-09-18T02:28:06Z,23.89,59.15,34,0,36.12,99.91,0.00,400.00,null,null,null
2023-09-18T02:29:06Z,23.85,59.12,34,0,34.28,99.90,0.00,400.00,null,null,null
2023-09-18T02:30:06Z,23.86,59.12,35,0,38.93,99.90,0.00,400.00,0,0,0
2023-09-18T02:31:06Z,23.85,59.17,34,0,36.21,99.91,0.00,400.00,null,null,null
2023-09-18T02:32:06Z,23.86,59.18,34,0,36.10,99.91,0.00,400.00,null,null,null
2023-09-18T02:33:06Z,23.88,59.11,34,0,35.32,99.91,0.00,400.00,null,null,null
2023-09-18T02:34:06Z,23.83,59.14,34,0,33.55,99.91,0.00,400.00,null,null,null
2023-09-18T02:35:06Z,23.83,59.14,34,0,35.42,99.91,0.00,400.00,0,0,0
2023-09-18T02:36:06Z,23.83,59.15,34,0,36.07,99.90,0.00,400.00,null,null,null
2023-09-18T02:37:06Z,23.86,59.11,34,0,37.25,99.90,0.00,400.00,null,null,null
2023-09-18T02:38:06Z,23.83,59.18,34,0,36.58,99.90,0.00,400.00,null,null,null
2023-09-18T02:39:06Z,23.85,59.12,34,0,36.73,99.90,0.00,400.00,null,null,null
2023-09-18T02:40:06Z,23.83,59.17,34,0,35.61,99.90,0.00,400.00,0,0,0
2023-09-18T02:41:06Z,23.83,59.16,34,0,36.62,99.90,0.00,403.00,null,null,null
2023-09-18T02:42:06Z,23.86,59.14,34,0,37.46,99.90,0.00,400.00,null,null,null
2023-09-18T02:43:06Z,23.86,59.13,34,0,34.56,99.90,0.00,400.00,null,null,null
2023-09-18T02:44:06Z,23.85,59.13,34,0,36.67,99.89,0.00,400.00,null,null,null
2023-09-18T02:45:06Z,23.83,59.14,34,0,null,99.89,0.00,400.00,0,0,0
2023-09-18T02:46:06Z,23.82,59.17,34,0,37.05,99.90,0.00,400.00,null,null,null
2023-09-18T02:47:06Z,23.82,59.17,34,0,34.44,99.89,0.00,403.00,null,null,null
2023-09-18T02:48:06Z,23.85,59.12,34,0,35.70,99.89,0.00,403.00,null,null,null
2023-09-18T02:49:06Z,23.86,59.15,34,0,36.80,99.89,0.00,403.00,null,null,null
2023-09-18T02:50:06Z,23.80,59.14,34,0,37.13,99.90,0.00,403.00,0,0,0
2023-09-18T02:51:06Z,23.83,59.20,34,0,34.46,99.89,0.00,400.00,null,null,null
2023-09-18T02:52:06Z,23.85,59.13,34,0,36.46,99.89,1.00,408.00,null,null,null
2023-09-18T02:53:06Z,23.83,59.14,34,0,33.72,99.88,0.00,405.00,null,null,null
2023-09-18T02:54:06Z,23.83,59.15,34,0,35.41,99.88,1.00,408.00,null,null,null
2023-09-18T02:55:06Z,23.78,59.19,34,0,33.62,99.89,1.00,408.00,0,0,0
2023-09-18T02:56:06Z,23.82,59.24,34,0,36.99,99.89,0.00,400.00,null,null,null
2023-09-18T02:57:06Z,23.80,59.16,34,0,35.88,99.89,0.00,405.00,null,null,null
2023-09-18T02:58:06Z,23.82,59.13,34,0,37.38,99.89,0.00,405.00,null,null,null
2023-09-18T02:59:06Z,23.79,59.13,34,0,36.06,99.89,0.00,405.00,null,null,null
