TIME,TEMP,HUM,BATT,LIGHT,NOISE_A,PRESS,CCS811_VOCS,CCS811_ECO2,PM_1,PM_25,PM_10
ISO 8601,C,%,%,Lux,dBA,kPa,ppb,ppm,ug/m3,ug/m3,ug/m3
Time,Temperature,Humidity,Battery,Light,Noise dBA,Barometric pressure,VOC Gas CCS811,eCO2 Gas CCS811,PM 1.0,PM 2.5,PM 10.0
,55,56,10,14,53,58,113,112,89,87,88
2023-08-28T00:00:02Z,23.62,55.82,99,0,35.92,101.36,98.00,1044.00,null,null,null
2023-08-28T00:01:02Z,23.60,55.67,99,0,37.87,101.35,99.00,1053.00,null,null,null
2023-08-28T00:02:02Z,23.59,55.60,99,0,36.65,101.36,102.00,1074.00,0,0,0
2023-08-28T00:03:02Z,23.59,55.48,99,0,38.34,101.36,98.00,1044.00,null,null,null
2023-08-28T00:04:02Z,23.60,55.56,99,0,35.06,101.36,98.00,1044.00,null,null,null
2023-08-28T00:05:02Z,23.63,55.56,99,0,36.83,101.36,98.00,1044.00,null,null,null
2023-08-28T00:06:02Z,23.62,55.60,99,0,36.58,101.36,98.00,1044.00,null,null,null
2023-08-28T00:07:02Z,23.62,55.90,99,0,37.92,101.36,98.00,1044.00,1,2,2
2023-08-28T00:08:02Z,23.59,55.50,99,0,31.55,101.35,96.00,1035.00,null,null,null
2023-08-28T00:09:02Z,23.60,55.51,99,0,35.54,101.36,102.00,1074.00,null,null,null
2023-08-28T00:10:02Z,23.58,55.70,99,0,40.60,101.36,102.00,1074.00,null,null,null
2023-08-28T00:11:02Z,23.60,55.84,99,0,35.40,101.36,102.00,1074.00,null,null,null
2023-08-28T00:12:02Z,23.59,55.90,99,0,36.47,101.36,105.00,1095.00,1,1,1
2023-08-28T00:13:02Z,23.60,55.74,99,0,37.51,101.36,105.00,1095.00,null,null,null
2023-08-28T00:14:02Z,23.55,55.69,99,0,39.00,101.36,109.00,1118.00,null,null,null
2023-08-28T00:15:02Z,23.56,55.82,99,0,36.06,101.35,112.00,1137.00,null,null,null
2023-08-28T00:16:02Z,23.55,56.16,99,0,42.12,101.36,113.00,1144.00,null,null,null
2023-08-28T00:17:02Z,23.50,55.94,99,0,41.80,101.35,117.00,1171.00,2,2,2
2023-08-28T00:18:02Z,23.50,55.78,99,0,37.95,101.35,115.00,1156.00,null,null,null
2023-08-28T00:19:02Z,23.55,55.83,99,0,44.89,101.36,113.00,1144.00,null,null,null
2023-08-28T00:20:02Z,23.49,55.94,99,0,42.70,101.35,113.00,1144.00,null,null,null
2023-08-28T00:21:02Z,23.46,55.86,99,0,30.96,101.35,113.00,1144.00,null,null,null
2023-08-28T00:22:02Z,23.42,55.83,99,0,26.73,101.35,110.00,1128.00,2,2,2
2023-08-28T00:23:02Z,23.42,56.00,99,0,34.24,101.35,113.00,1144.00,null,null,null
2023-08-28T00:24:02Z,23.41,56.00,99,0,33.47,101.35,113.00,1144.00,null,null,null
2023-08-28T00:25:02Z,23.39,55.93,99,0,32.19,101.35,113.00,1144.00,null,null,null
2023-08-28T00:26:02Z,23.35,55.82,99,0,37.65,101.35,115.00,1156.00,null,null,null
2023-08-28T00:27:02Z,23.32,55.83,99,0,35.75,101.35,113.00,1144.00,1,1,1
2023-08-28T00:28:02Z,23.32,55.92,99,0,34.26,101.35,110.00,1128.00,null,null,null
2023-08-28T00:29:02Z,23.29,56.00,99,0,41.82,101.35,110.00,1128.00,null,null,null
2023-08-28T00:30:02Z,23.31,56.11,99,0,42.11,101.35,110.00,1128.00,null,null,null
2023-08-28T00:31:02Z,23.23,56.22,99,0,44.33,101.35,113.00,1144.00,null,null,null
2023-08-28T00:32:02Z,23.19,56.40,99,0,47.74,101.35,133.00,1274.00,0,0,0
2023-08-28T00:33:02Z,23.19,56.34,99,0,44.62,101.35,136.00,1295.00,null,null,null
2023-08-28T00:34:02Z,23.19,56.38,99,0,48.26,101.35,136.00,1295.00,null,null,null
2023-08-28T00:35:02Z,23.19,56.37,99,0,39.70,101.35,138.00,1310.00,null,null,null
2023-08-28T00:36:02Z,23.17,56.40,99,0,45.61,101.35,136.00,1295.00,null,null,null
2023-08-28T00:37:02Z,23.14,56.37,99,0,39.64,101.35,136.00,1295.00,3,3,3
2023-08-28T00:38:02Z,23.10,56.36,99,0,34.99,101.36,136.00,1295.00,null,null,null
2023-08-28T00:39:02Z,23.11,56.35,99,0,34.66,101.36,133.00,1274.00,null,null,null
2023-08-28T00:40:02Z,23.10,56.41,99,0,33.18,101.36,133.00,1274.00,null,null,null
2023-08-28T00:41:02Z,23.07,56.61,99,0,32.68,101.36,133.00,1274.00,null,null,null
2023-08-28T00:42:02Z,23.02,56.86,99,0,34.44,101.35,133.00,1274.00,3,3,3
2023-08-28T00:43:02Z,23.04,56.84,99,0,35.59,101.35,134.00,1285.00,null,null,null
2023-08-28T00:44:02Z,23.01,56.89,99,0,34.94,101.36,136.00,1299.00,null,null,null
2023-08-28T00:45:02Z,23.01,56.79,99,0,34.24,101.36,139.00,1313.00,null,null,null
2023-08-28T00:46:02Z,22.98,56.65,99,0,33.00,101.36,136.00,1299.00,null,null,null
2023-08-28T00:47:02Z,22.97,56.74,99,0,32.45,101.35,138.00,1310.00,2,2,2
2023-08-28T00:48:02Z,22.95,56.82,99,0,31.35,101.35,136.00,1295.00,null,null,null
2023-08-28T00:49:02Z,22.94,57.02,99,0,30.31,101.35,134.00,1285.00,null,null,null
2023-08-28T00:50:02Z,22.94,57.05,99,0,34.08,101.35,136.00,1299.00,null,null,null
2023-08-28T00:51:02Z,22.90,57.17,99,0,37.21,101.35,136.00,1299.00,null,null,null
2023-08-28T00:52:02Z,22.90,57.49,99,0,31.79,101.35,139.00,1313.00,1,1,1
2023-08-28T00:53:02Z,22.88,57.28,99,0,34.95,101.35,136.00,1299.00,null,null,null
2023-08-28T00:54:02Z,22.87,57.07,99,0,32.89,101.35,140.00,1321.00,null,null,null
2023-08-28T00:55:02Z,22.84,56.96,99,0,33.01,101.35,139.00,1313.00,null,null,null
2023-08-28T00:56:02Z,22.86,56.90,99,0,35.81,101.35,136.00,1299.00,null,null,null
2023-08-28T00:57:02Z,22.82,56.90,99,0,31.19,101.35,134.00,1285.00,2,2,2
2023-08-28T00:58:02Z,22.81,56.96,99,0,34.05,101.35,134.00,1285.00,null,null,null
2023-08-28T00:59:02Z,22.81,56.98,99,0,41.50,101.35,134.00,1285.00,null,null,null
2023-08-28T01:00:02Z,22.81,56.90,99,0,42.24,101.35,131.00,1262.00,null,null,null
2023-08-28T01:01:02Z,22.75,57.01,99,0,39.71,101.36,131.00,1262.00,null,null,null
2023-08-28T01:02:02Z,22.77,56.98,99,0,39.00,101.36,128.00,1245.00,4,4,4
2023-08-28T01:03:02Z,22.74,56.97,99,0,44.25,101.36,128.00,1245.00,null,null,null
2023-08-28T01:04:02Z,22.78,56.98,99,0,45.19,101.36,138.00,1307.00,null,null,null
2023-08-28T01:05:02Z,22.74,57.01,99,0,42.34,101.35,128.00,1245.00,null,null,null
2023-08-28T01:06:02Z,22.72,57.04,99,0,38.69,101.36,134.00,1285.00,null,null,null
2023-08-28T01:07:02Z,22.70,56.99,99,0,46.32,101.35,134.00,1285.00,2,2,2
2023-08-28T01:08:02Z,22.68,56.98,99,0,44.55,101.35,134.00,1285.00,null,null,null
2023-08-28T01:09:02Z,22.71,57.08,99,0,43.93,101.35,134.00,1285.00,null,null,null
2023-08-28T01:10:02Z,22.68,57.10,99,0,42.43,101.35,134.00,1285.00,null,null,null
2023-08-28T01:11:02Z,22.68,57.14,99,0,44.28,101.34,134.00,1285.00,null,null,null
2023-08-28T01:12:02Z,22.67,57.12,99,0,31.80,101.35,134.00,1285.00,3,3,3
2023-08-28T01:13:02Z,22.67,57.04,99,0,30.40,101.34,134.00,1285.00,null,null,null
2023-08-28T01:14:02Z,22.67,57.08,99,0,32.83,101.34,132.00,1270.00,null,null,null
2023-08-28T01:15:02Z,22.64,57.22,99,0,29.82,101.34,132.00,1270.00,null,null,null
2023-08-28T01:16:02Z,22.64,57.27,99,0,36.50,101.34,138.00,1307.00,null,null,null
2023-08-28T01:17:02Z,22.61,57.25,99,0,37.06,101.34,138.00,1307.00,1,1,1
2023-08-28T01:18:02Z,22.63,57.29,99,0,35.50,101.35,132.00,1270.00,null,null,null
2023-08-28T01:19:02Z,22.63,57.29,99,0,33.28,101.34,138.00,1310.00,null,null,null
2023-08-28T01:20:02Z,22.60,57.40,99,0,34.33,101.34,135.00,1291.00,null,null,null
2023-08-28T01:21:02Z,22.60,57.37,99,0,31.45,101.35,135.00,1291.00,null,null,null
2023-08-28T01:22:02Z,22.59,57.48,99,0,34.20,101.34,138.00,1310.00,0,0,0
2023-08-28T01:23:02Z,22.60,57.55,99,0,33.39,101.34,138.00,1310.00,null,null,null
2023-08-28T01:24:02Z,22.56,57.54,99,0,34.63,101.34,140.00,1324.00,null,null,null
2023-08-28T01:25:02Z,22.59,57.57,99,0,35.41,101.34,143.00,1341.00,null,null,null
2023-08-28T01:26:02Z,22.54,57.54,99,0,34.74,101.35,143.00,1341.00,null,null,null
2023-08-28T01:27:02Z,22.57,57.57,99,0,39.22,101.35,143.00,1341.00,1,1,1
2023-08-28T01:28:02Z,22.54,57.54,99,0,33.47,101.34,140.00,1324.00,null,null,null
2023-08-28T01:29:02Z,22.54,57.48,99,0,33.29,101.35,140.00,1324.00,null,null,null
2023-08-28T01:30:02Z,22.54,57.62,99,0,34.58,101.35,140.00,1324.00,null,null,null
2023-08-28T01:31:02Z,22.51,57.61,99,0,34.11,101.35,140.00,1324.00,null,null,null
2023-08-28T01:32:02Z,22.53,57.65,99,0,33.55,101.35,140.00,1324.00,3,3,3
2023-08-28T01:33:02Z,22.53,57.59,99,0,31.16,101.35,138.00,1310.00,null,null,null
2023-08-28T01:34:02Z,22.54,57.65,99,0,33.38,101.35,140.00,1324.00,null,null,null
2023-08-28T01:35:02Z,22.51,57.60,99,0,38.16,101.35,140.00,1324.00,null,null,null
2023-08-28T01:36:02Z,22.50,57.65,99,0,28.19,101.35,138.00,1310.00,null,null,null
2023-08-28T01:37:02Z,22.49,57.62,99,0,31.26,101.35,140.00,1324.00,2,2,2
2023-08-28T01:38:02Z,22.49,57.66,99,0,33.04,101.35,138.00,1310.00,null,null,null
2023-08-28T01:39:02Z,22.49,57.63,99,0,36.25,101.35,140.00,1324.00,null,null,null
2023-08-28T01:40:02Z,22.49,57.72,99,0,33.77,101.35,138.00,1310.00,null,null,null
2023-08-28T01:41:02Z,22.46,57.80,99,0,33.19,101.35,140.00,1324.00,null,null,null
2023-08-28T01:42:02Z,22.46,57.84,99,0,34.27,101.34,138.00,1310.00,2,2,2
2023-08-28T01:43:02Z,22.49,57.88,99,0,34.85,101.35,140.00,1324.00,null,null,null
2023-08-28T01:44:02Z,22.46,57.94,99,0,40.48,101.35,143.00,1345.00,null,null,null
2023-08-28T01:45:02Z,22.43,57.98,99,0,30.59,101.35,140.00,1324.00,null,null,null
2023-08-28T01:46:02Z,22.47,58.00,99,0,34.54,101.35,143.00,1345.00,null,null,null
2023-08-28T01:47:02Z,22.43,58.06,99,0,42.73,101.34,147.00,1367.00,2,2,2
2023-08-28T01:48:02Z,22.44,57.98,99,0,44.72,101.34,147.00,1367.00,null,null,null
2023-08-28T01:49:02Z,22.44,57.99,99,0,41.51,101.34,147.00,1367.00,null,null,null
2023-08-28T01:50:02Z,22.44,58.11,99,0,44.41,101.34,147.00,1367.00,null,null,null
2023-08-28T01:51:02Z,22.43,58.38,99,0,50.80,101.34,147.00,1367.00,null,null,null
2023-08-28T01:52:02Z,22.46,58.37,99,0,49.98,101.34,147.00,1367.00,2,2,2
2023-08-28T01:53:02Z,22.40,58.65,99,0,44.77,101.34,150.00,1385.00,null,null,null
2023-08-28T01:54:02Z,22.41,58.38,99,0,49.09,101.34,153.00,1408.00,null,null,null
2023-08-28T01:55:02Z,22.44,58.36,99,0,37.20,101.34,153.00,1408.00,null,null,null
2023-08-28T01:56:02Z,22.40,58.40,99,0,36.74,101.34,153.00,1408.00,null,null,null
2023-08-28T01:57:02Z,22.43,58.44,99,0,36.02,101.34,156.00,1425.00,3,3,3
2023-08-28T01:58:02Z,22.44,58.38,99,0,35.17,101.35,153.00,1408.00,null,null,null
2023-08-28T01:59:02Z,22.46,58.39,99,0,48.72,101.34,156.00,1425.00,null,null,null
2023-08-28T02:00:02Z,22.44,58.31,99,0,46.20,101.34,156.00,1425.00,null,null,null
2023-08-28T02:01:02Z,22.49,58.23,99,0,null,101.34,156.00,1425.00,null,null,null
2023-08-28T02:02:02Z,22.51,58.24,99,0,50.54,101.35,158.00,1441.00,2,2,2
2023-08-28T02:03:02Z,22.53,58.21,99,0,50.15,101.34,158.00,1441.00,null,null,null
2023-08-28T02:04:02Z,22.53,58.10,99,0,50.94,101.34,158.00,1441.00,null,null,null
2023-08-28T02:05:02Z,22.56,58.10,99,0,50.50,101.34,158.00,1441.00,null,null,null
2023-08-28T02:06:02Z,22.60,58.04,99,0,39.17,101.34,156.00,1425.00,null,null,null
2023-08-28T02:07:02Z,22.57,58.02,99,0,37.80,101.34,156.00,1425.00,2,2,2
2023-08-28T02:08:02Z,22.63,57.92,99,0,44.63,101.34,156.00,1425.00,null,null,null
2023-08-28T02:09:02Z,22.64,57.84,99,0,41.32,101.35,152.00,1400.00,null,null,null
2023-08-28T02:10:02Z,22.63,57.79,99,0,43.51,101.34,152.00,1400.00,null,null,null
2023-08-28T02:11:02Z,22.68,57.77,99,0,41.41,101.35,152.00,1400.00,null,null,null
2023-08-28T02:12:02Z,22.70,57.81,99,0,44.41,101.34,152.00,1400.00,0,0,0
2023-08-28T02:13:02Z,22.71,57.80,99,0,46.73,101.35,152.00,1400.00,null,null,null
2023-08-28T02:14:02Z,22.74,57.69,99,0,43.70,101.35,152.00,1400.00,null,null,null
2023-08-28T02:15:02Z,22.72,57.62,99,0,48.93,101.35,154.00,1416.00,null,null,null
2023-08-28T02:16:02Z,22.75,57.61,99,0,53.29,101.34,154.00,1416.00,null,null,null
2023-08-28T02:17:02Z,22.77,57.56,99,0,50.17,101.35,145.00,1352.00,2,2,2
2023-08-28T02:18:02Z,22.81,57.54,99,0,55.62,101.35,142.00,1338.00,null,null,null
2023-08-28T02:19:02Z,22.81,57.55,99,0,56.04,101.35,142.00,1338.00,null,null,null
2023-08-28T02:20:02Z,22.86,57.49,99,0,55.43,101.35,142.00,1338.00,null,null,null
2023-08-28T02:21:02Z,22.86,57.41,99,0,57.05,101.35,142.00,1338.00,null,null,null
2023-08-28T02:22:02Z,22.87,57.39,99,0,53.93,101.35,140.00,1321.00,3,3,3
2023-08-28T02:23:02Z,22.90,57.32,99,0,52.39,101.35,140.00,1321.00,null,null,null
2023-08-28T02:24:02Z,22.92,57.26,99,0,59.76,101.35,136.00,1299.00,null,null,null
2023-08-28T02:25:02Z,22.92,57.20,99,0,50.46,101.36,134.00,1285.00,null,null,null
2023-08-28T02:26:02Z,22.95,57.16,99,0,34.32,101.35,136.00,1299.00,null,null,null
2023-08-28T02:27:02Z,22.91,57.13,99,0,36.32,101.35,134.00,1285.00,2,2,2
2023-08-28T02:28:02Z,22.98,57.05,99,0,35.55,101.35,131.00,1262.00,null,null,null
2023-08-28T02:29:02Z,22.98,56.99,99,0,38.61,101.35,131.00,1262.00,null,null,null
2023-08-28T02:30:02Z,22.97,56.87,99,0,37.90,101.35,128.00,1245.00,null,null,null
2023-08-28T02:31:02Z,22.98,56.90,99,0,37.67,101.35,128.00,1245.00,null,null,null
2023-08-28T02:32:02Z,23.00,57.03,99,0,38.73,101.35,128.00,1245.00,4,4,4
2023-08-28T02:33:02Z,23.02,57.18,99,0,37.02,101.35,126.00,1231.00,null,null,null
2023-08-28T02:34:02Z,23.05,57.03,99,0,38.49,101.35,128.00,1245.00,null,null,null
2023-08-28T02:35:02Z,23.05,56.91,99,0,36.27,101.34,131.00,1262.00,null,null,null
2023-08-28T02:36:02Z,23.07,56.91,99,0,36.62,101.35,131.00,1262.00,null,null,null
2023-08-28T02:37:02Z,23.07,56.87,99,0,35.66,101.35,131.00,1262.00,3,3,3
2023-08-28T02:38:02Z,23.10,56.85,99,0,36.68,101.35,128.00,1245.00,null,null,null
2023-08-28T02:39:02Z,23.11,56.74,99,0,34.76,101.35,131.00,1262.00,null,null,null
2023-08-28T02:40:02Z,23.10,56.71,99,0,35.95,101.35,133.00,1274.00,null,null,null
2023-08-28T02:41:02Z,23.10,56.69,99,0,34.53,101.35,130.00,1255.00,null,null,null
2023-08-28T02:42:02Z,23.12,56.71,99,0,36.54,101.35,128.00,1242.00,0,0,0
2023-08-28T02:43:02Z,23.14,56.70,99,0,35.25,101.34,128.00,1242.00,null,null,null
2023-08-28T02:44:02Z,23.14,56.72,99,0,38.43,101.34,128.00,1242.00,null,null,null
2023-08-28T02:45:02Z,23.14,56.75,99,0,36.50,101.34,128.00,1242.00,null,null,null
2023-08-28T02:46:02Z,23.17,56.69,99,0,36.65,101.34,126.00,1231.00,null,null,null
2023-08-28T02:47:02Z,23.14,56.66,99,0,36.82,101.34,128.00,1242.00,1,1,1
2023-08-28T02:48:02Z,23.18,56.57,99,0,39.31,101.35,126.00,1228.00,null,null,null
2023-08-28T02:49:02Z,23.17,56.55,99,0,36.99,101.35,126.00,1228.00,null,null,null
2023-08-28T02:50:02Z,23.19,56.58,99,0,36.35,101.35,126.00,1228.00,null,null,null
2023-08-28T02:51:02Z,23.19,56.59,99,0,37.11,101.35,126.00,1228.00,null,null,null
2023-08-28T02:52:02Z,23.18,56.61,99,0,36.42,101.34,126.00,1228.00,1,1,1
2023-08-28T02:53:02Z,23.23,56.79,99,0,37.48,101.34,122.00,1207.00,null,null,null
2023-08-28T02:54:02Z,23.21,56.77,99,0,36.78,101.35,124.00,1215.00,null,null,null
2023-08-28T02:55:02Z,23.23,56.64,99,0,35.93,101.34,126.00,1231.00,null,null,null
2023-08-28T02:56:02Z,23.21,56.57,99,0,38.44,101.34,128.00,1242.00,null,null,null
2023-08-28T02:57:02Z,23.25,56.76,99,0,35.82,101.34,128.00,1242.00,0,0,0
2023-08-28T02:58:02Z,23.25,56.79,99,0,37.51,101.35,109.00,1118.00,null,null,null
2023-08-28T02:59:02Z,23.26,56.60,99,0,36.62,101.34,111.00,1131.00,null,null,null
2023-08-28T03:00:02Z,23.28,56.41,99,0,36.10,101.34,110.00,1128.00,null,null,null
2023-08-28T03:01:02Z,23.28,56.38,99,0,36.54,101.34,110.00,1128.00,null,null,null
2023-08-28T03:02:02Z,23.29,56.41,99,0,37.54,101.34,108.00,1110.00,2,2,2
2023-08-28T03:03:02Z,23.26,56.44,99,0,40.39,101.34,108.00,1110.00,null,null,null
2023-08-28T03:04:02Z,23.31,56.39,99,0,36.43,101.34,108.00,1110.00,null,null,null
2023-08-28T03:05:02Z,23.28,56.34,99,0,36.25,101.34,105.00,1093.00,null,null,null
2023-08-28T03:06:02Z,23.29,56.46,99,0,37.80,101.34,103.00,1081.00,null,null,null
2023-08-28T03:07:02Z,23.28,56.49,99,0,35.29,101.34,103.00,1081.00,0,0,0
2023-08-28T03:08:02Z,23.28,56.63,99,0,35.26,101.34,103.00,1081.00,null,null,null
2023-08-28T03:09:02Z,23.32,56.63,99,0,38.62,101.34,105.00,1093.00,null,null,null
2023-08-28T03:10:02Z,23.28,56.82,99,0,37.28,101.34,108.00,1110.00,null,null,null
2023-08-28T03:11:02Z,23.26,56.66,99,0,36.63,101.34,102.00,1071.00,null,null,null
2023-08-28T03:12:02Z,23.28,56.68,99,0,36.73,101.34,103.00,1081.00,4,5,5
2023-08-28T03:13:02Z,23.29,56.69,99,0,36.72,101.34,105.00,1093.00,null,null,null
2023-08-28T03:14:02Z,23.31,56.69,99,0,37.65,101.34,108.00,1110.00,null,null,null
2023-08-28T03:15:02Z,23.31,56.70,99,0,38.65,101.34,108.00,1110.00,null,null,null
2023-08-28T03:16:02Z,23.31,56.75,99,0,38.44,101.34,108.00,1110.00,null,null,null
2023-08-28T03:17:02Z,23.32,56.50,99,0,36.60,101.34,106.00,1102.00,1,1,1
2023-08-28T03:18:02Z,23.32,56.29,99,0,38.48,101.34,108.00,1110.00,null,null,null
2023-08-28T03:19:02Z,23.35,56.11,99,0,36.70,101.33,105.00,1093.00,null,null,null
2023-08-28T03:20:02Z,23.32,56.27,99,0,35.77,101.33,105.00,1095.00,null,null,null
2023-08-28T03:21:02Z,23.29,56.43,99,0,36.63,101.33,101.00,1065.00,null,null,null
2023-08-28T03:22:02Z,23.29,56.44,99,0,37.62,101.34,99.00,1050.00,2,2,2
2023-08-28T03:23:02Z,23.32,56.22,99,0,34.83,101.34,97.00,1038.00,null,null,null
2023-08-28T03:24:02Z,23.35,56.22,99,0,36.79,101.33,99.00,1053.00,null,null,null
2023-08-28T03:25:02Z,23.33,56.31,99,0,36.86,101.33,96.00,1035.00,null,null,null
2023-08-28T03:26:02Z,23.33,56.38,99,0,35.96,101.34,97.00,1038.00,null,null,null
2023-08-28T03:27:02Z,23.36,56.38,99,0,38.50,101.34,97.00,1038.00,2,2,2
2023-08-28T03:28:02Z,23.36,56.09,99,0,37.29,101.34,97.00,1038.00,null,null,null
2023-08-28T03:29:02Z,23.35,56.10,99,0,38.07,101.33,96.00,1035.00,null,null,null
2023-08-28T03:30:02Z,23.35,56.06,99,0,35.85,101.33,96.00,1035.00,null,null,null
2023-08-28T03:31:02Z,23.33,56.29,99,0,39.01,101.33,96.00,1035.00,null,null,null
2023-08-28T03:32:02Z,23.35,56.36,99,0,38.98,101.33,92.00,1004.00,4,4,4
2023-08-28T03:33:02Z,23.36,56.11,99,0,36.05,101.33,93.00,1014.00,null,null,null
2023-08-28T03:34:02Z,23.39,56.05,99,0,36.32,101.33,93.00,1017.00,null,null,null
2023-08-28T03:35:02Z,23.36,55.98,99,0,39.04,101.33,93.00,1017.00,null,null,null
2023-08-28T03:36:02Z,23.36,55.94,99,0,36.83,101.33,92.00,1007.00,null,null,null
2023-08-28T03:37:02Z,23.33,56.17,99,0,37.54,101.34,92.00,1007.00,0,0,0
2023-08-28T03:38:02Z,23.35,56.11,99,0,37.12,101.34,92.00,1007.00,null,null,null
2023-08-28T03:39:02Z,23.35,56.01,99,0,36.85,101.34,92.00,1007.00,null,null,null
2023-08-28T03:40:02Z,23.38,56.08,99,0,38.09,101.34,92.00,1007.00,null,null,null
2023-08-28T03:41:02Z,23.38,56.05,99,0,36.35,101.35,92.00,1007.00,null,null,null
2023-08-28T03:42:02Z,23.36,56.08,99,0,37.66,101.35,92.00,1007.00,0,0,0
2023-08-28T03:43:02Z,23.38,56.11,99,0,41.13,101.34,92.00,1007.00,null,null,null
2023-08-28T03:44:02Z,23.38,56.19,99,0,36.96,101.35,92.00,1007.00,null,null,null
2023-08-28T03:45:02Z,23.38,56.08,99,0,38.36,101.35,92.00,1007.00,null,null,null
2023-08-28T03:46:02Z,23.36,56.08,99,0,38.25,101.35,92.00,1007.00,null,null,null
2023-08-28T03:47:02Z,23.38,55.99,99,0,37.90,101.35,92.00,1007.00,1,1,1
2023-08-28T03:48:02Z,23.41,56.02,99,0,36.60,101.35,92.00,1007.00,null,null,null
2023-08-28T03:49:02Z,23.39,55.78,99,0,37.33,101.35,90.00,992.00,null,null,null
2023-08-28T03:50:02Z,23.38,55.79,99,0,36.51,101.35,89.00,987.00,null,null,null
2023-08-28T03:51:02Z,23.41,55.75,99,0,39.11,101.35,89.00,987.00,null,null,null
2023-08-28T03:52:02Z,23.38,55.73,99,0,36.58,101.35,85.00,961.00,3,4,4
2023-08-28T03:53:02Z,23.39,55.73,99,0,36.22,101.35,86.00,970.00,null,null,null
2023-08-28T03:54:02Z,23.38,55.64,99,0,38.65,101.35,85.00,959.00,null,null,null
2023-08-28T03:55:02Z,23.36,55.73,99,0,38.52,101.35,85.00,959.00,null,null,null
2023-08-28T03:56:02Z,23.39,55.70,99,0,38.05,101.35,86.00,970.00,null,null,null
2023-08-28T03:57:02Z,23.39,55.73,99,0,44.68,101.35,85.00,959.00,4,5,5
2023-08-28T03:58:02Z,23.38,55.78,99,0,37.42,101.35,83.00,945.00,null,null,null
2023-08-28T03:59:02Z,23.36,56.20,99,0,36.21,101.35,81.00,935.00,null,null,null
2023-08-28T04:00:02Z,23.36,56.33,99,0,37.72,101.36,87.00,972.00,null,null,null
2023-08-28T04:01:02Z,23.33,56.46,99,0,37.13,101.36,85.00,959.00,null,null,null
2023-08-28T04:02:02Z,23.31,56.50,99,0,38.07,101.36,87.00,972.00,6,6,6
2023-08-28T04:03:02Z,23.33,56.33,99,0,36.62,101.36,87.00,972.00,null,null,null
2023-08-28T04:04:02Z,23.35,56.17,99,0,36.25,101.36,87.00,977.00,null,null,null
2023-08-28T04:05:02Z,23.35,56.06,99,0,40.36,101.35,90.00,992.00,null,null,null
2023-08-28T04:06:02Z,23.36,56.20,99,0,37.91,101.36,92.00,1007.00,null,null,null
2023-08-28T04:07:02Z,23.35,56.10,99,0,38.53,101.36,92.00,1007.00,5,5,5
2023-08-28T04:08:02Z,23.36,55.98,99,0,36.73,101.36,90.00,992.00,null,null,null
2023-08-28T04:09:02Z,23.36,55.94,99,0,36.10,101.36,90.00,992.00,null,null,null
2023-08-28T04:10:02Z,23.38,55.84,99,0,39.40,101.36,90.00,992.00,null,null,null
2023-08-28T04:11:02Z,23.36,55.87,99,0,36.46,101.36,89.00,987.00,null,null,null
2023-08-28T04:12:02Z,23.38,55.90,99,0,37.53,101.36,89.00,987.00,2,2,2
2023-08-28T04:13:02Z,23.39,55.96,99,0,37.61,101.36,87.00,972.00,null,null,null
2023-08-28T04:14:02Z,23.38,55.89,99,0,35.26,101.36,89.00,987.00,null,null,null
2023-08-28T04:15:02Z,23.38,56.00,99,0,36.20,101.36,89.00,987.00,null,null,null
2023-08-28T04:16:02Z,23.38,55.99,99,0,38.07,101.36,89.00,987.00,null,null,null
2023-08-28T04:17:02Z,23.38,55.95,99,0,37.17,101.36,89.00,987.00,2,2,2
2023-08-28T04:18:02Z,23.38,55.88,99,0,39.97,101.37,87.00,972.00,null,null,null
2023-08-28T04:19:02Z,23.39,55.89,99,0,36.68,101.36,89.00,987.00,null,null,null
2023-08-28T04:20:02Z,23.38,55.81,99,0,38.21,101.37,87.00,972.00,null,null,null
2023-08-28T04:21:02Z,23.38,55.80,99,0,38.88,101.37,87.00,972.00,null,null,null
2023-08-28T04:22:02Z,23.39,55.95,99,0,35.51,101.37,85.00,961.00,1,1,1
2023-08-28T04:23:02Z,23.39,55.95,99,0,42.61,101.37,85.00,961.00,null,null,null
2023-08-28T04:24:02Z,23.38,56.09,99,0,38.30,101.37,89.00,987.00,null,null,null
2023-08-28T04:25:02Z,23.33,55.76,99,0,39.86,101.38,87.00,972.00,null,null,null
2023-08-28T04:26:02Z,23.32,55.88,99,0,36.61,101.38,85.00,961.00,null,null,null
2023-08-28T04:27:02Z,23.33,56.33,99,0,35.46,101.39,83.00,951.00,1,1,1
2023-08-28T04:28:02Z,23.33,56.06,99,0,39.13,101.38,83.00,949.00,null,null,null
2023-08-28T04:29:02Z,23.32,56.21,99,0,37.33,101.38,85.00,961.00,null,null,null
2023-08-28T04:30:02Z,23.32,56.28,99,0,38.48,101.38,85.00,961.00,null,null,null
2023-08-28T04:31:02Z,23.32,56.06,99,0,39.72,101.38,83.00,949.00,null,null,null
2023-08-28T04:32:02Z,23.31,56.03,99,0,35.39,101.38,83.00,951.00,2,2,2
2023-08-28T04:33:02Z,23.32,56.09,99,0,37.76,101.38,83.00,951.00,null,null,null
2023-08-28T04:34:02Z,23.33,56.01,99,0,38.19,101.38,85.00,961.00,null,null,null
2023-08-28T04:35:02Z,23.36,55.91,99,0,35.88,101.38,85.00,961.00,null,null,null
2023-08-28T04:36:02Z,23.35,55.77,99,0,40.28,101.38,85.00,961.00,null,null,null
2023-08-28T04:37:02Z,23.32,55.71,99,0,37.37,101.38,83.00,951.00,1,1,1
2023-08-28T04:38:02Z,23.33,55.73,99,0,36.51,101.38,83.00,945.00,null,null,null
2023-08-28T04:39:02Z,23.33,55.67,99,0,38.68,101.38,83.00,945.00,null,null,null
2023-08-28T04:40:02Z,23.36,55.73,99,0,35.71,101.39,81.00,933.00,null,null,null
2023-08-28T04:41:02Z,23.33,55.82,99,0,35.07,101.39,81.00,933.00,null,null,null
2023-08-28T04:42:02Z,23.33,55.82,99,0,36.05,101.39,79.00,925.00,3,3,3
2023-08-28T04:43:02Z,23.32,55.95,99,0,37.55,101.39,78.00,915.00,null,null,null
2023-08-28T04:44:02Z,23.36,56.53,99,0,36.37,101.39,78.00,915.00,null,null,null
2023-08-28T04:45:02Z,23.32,56.02,99,0,37.22,101.39,76.00,902.00,null,null,null
2023-08-28T04:46:02Z,23.32,56.14,99,0,36.32,101.39,76.00,905.00,null,null,null
2023-08-28T04:47:02Z,23.32,55.79,99,0,35.04,101.40,78.00,915.00,0,0,0
2023-08-28T04:48:02Z,23.33,55.73,99,0,35.85,101.39,76.00,905.00,null,null,null
2023-08-28T04:49:02Z,23.33,55.68,99,0,36.39,101.40,78.00,913.00,null,null,null
2023-08-28T04:50:02Z,23.35,55.71,99,0,37.09,101.39,78.00,913.00,null,null,null
2023-08-28T04:51:02Z,23.33,55.68,99,0,35.82,101.40,75.00,895.00,null,null,null
2023-08-28T04:52:02Z,23.32,55.72,99,0,36.34,101.40,75.00,895.00,0,0,0
2023-08-28T04:53:02Z,23.32,56.50,99,0,38.76,101.40,86.00,970.00,null,null,null
2023-08-28T04:54:02Z,23.33,56.33,99,0,36.13,101.41,87.00,977.00,null,null,null
2023-08-28T04:55:02Z,23.31,56.08,99,0,39.81,101.41,85.00,959.00,null,null,null
2023-08-28T04:56:02Z,23.32,55.95,99,0,36.83,101.41,85.00,961.00,null,null,null
2023-08-28T04:57:02Z,23.28,55.80,99,0,36.65,101.41,85.00,961.00,0,0,0
2023-08-28T04:58:02Z,23.28,55.79,99,0,43.32,101.41,81.00,935.00,null,null,null
2023-08-28T04:59:02Z,23.32,55.93,99,0,38.62,101.41,81.00,935.00,null,null,null
2023-08-28T05:00:02Z,23.33,55.85,99,0,41.90,101.41,81.00,935.00,null,null,null
2023-08-28T05:01:02Z,23.31,55.82,99,0,36.82,101.41,83.00,951.00,null,null,null
2023-08-28T05:02:02Z,23.33,56.03,99,0,50.51,101.41,81.00,935.00,2,2,2
2023-08-28T05:03:02Z,23.33,56.21,99,0,36.06,101.41,81.00,935.00,null,null,null
2023-08-28T05:04:02Z,23.32,56.11,99,0,41.16,101.41,81.00,935.00,null,null,null
2023-08-28T05:05:02Z,23.31,55.81,99,0,37.34,101.41,83.00,951.00,null,null,null
2023-08-28T05:06:02Z,23.32,55.69,99,0,36.82,101.42,81.00,935.00,null,null,null
2023-08-28T05:07:02Z,23.32,55.79,99,0,37.26,101.41,83.00,945.00,0,0,0
2023-08-28T05:08:02Z,23.32,55.77,99,0,36.52,101.41,81.00,935.00,null,null,null
2023-08-28T05:09:02Z,23.33,55.70,99,0,38.76,101.41,81.00,935.00,null,null,null
2023-08-28T05:10:02Z,23.32,55.77,99,0,37.93,101.41,81.00,933.00,null,null,null
2023-08-28T05:11:02Z,23.35,55.87,99,0,42.34,101.41,79.00,925.00,null,null,null
2023-08-28T05:12:02Z,23.32,55.75,99,0,39.11,101.41,81.00,935.00,2,2,2
2023-08-28T05:13:02Z,23.32,55.78,99,0,44.95,101.40,79.00,925.00,null,null,null
2023-08-28T05:14:02Z,23.32,55.83,99,0,36.59,101.41,79.00,925.00,null,null,null
2023-08-28T05:15:02Z,23.32,55.68,99,0,42.98,101.41,79.00,925.00,null,null,null
2023-08-28T05:16:02Z,23.31,55.71,99,0,35.17,101.41,81.00,933.00,null,null,null
2023-08-28T05:17:02Z,23.32,55.79,99,0,35.89,101.41,79.00,923.00,3,3,3
2023-08-28T05:18:02Z,23.32,55.75,99,0,38.60,101.41,78.00,915.00,null,null,null
2023-08-28T05:19:02Z,23.32,55.73,99,0,39.31,101.41,78.00,915.00,null,null,null
2023-08-28T05:20:02Z,23.31,55.89,99,0,35.84,101.41,79.00,925.00,null,null,null
2023-08-28T05:21:02Z,23.29,55.92,99,0,36.96,101.41,83.00,951.00,null,null,null
2023-08-28T05:22:02Z,23.26,56.11,99,0,38.33,101.41,81.00,935.00,1,1,1
2023-08-28T05:23:02Z,23.25,55.56,99,0,39.67,101.41,79.00,925.00,null,null,null
2023-08-28T05:24:02Z,23.25,56.03,99,0,37.25,101.41,78.00,913.00,null,null,null
2023-08-28T05:25:02Z,23.22,56.41,99,0,39.52,101.42,67.00,844.00,null,null,null
2023-08-28T05:26:02Z,23.19,56.57,99,0,40.59,101.41,82.00,940.00,null,null,null
2023-08-28T05:27:02Z,23.19,56.53,99,0,39.43,101.42,83.00,951.00,7,7,7
2023-08-28T05:28:02Z,23.19,56.63,99,0,41.23,101.42,86.00,970.00,null,null,null
2023-08-28T05:29:02Z,23.18,56.27,99,0,40.62,101.42,88.00,981.00,null,null,null
2023-08-28T05:30:02Z,23.19,56.75,99,0,39.80,101.42,88.00,981.00,null,null,null
2023-08-28T05:31:02Z,23.19,56.50,99,0,40.18,101.42,88.00,983.00,null,null,null
2023-08-28T05:32:02Z,23.18,56.49,99,0,38.52,101.42,90.00,992.00,2,2,2
2023-08-28T05:33:02Z,23.17,56.56,99,0,39.21,101.42,96.00,1035.00,null,null,null
2023-08-28T05:34:02Z,23.19,56.50,99,0,34.74,101.42,105.00,1095.00,null,null,null
2023-08-28T05:35:02Z,23.17,56.47,99,0,41.63,101.42,107.00,1107.00,null,null,null
2023-08-28T05:36:02Z,23.17,56.57,99,0,46.51,101.42,110.00,1128.00,null,null,null
2023-08-28T05:37:02Z,23.15,56.66,99,0,38.97,101.42,110.00,1128.00,1,1,1
2023-08-28T05:38:02Z,23.19,56.45,99,0,42.60,101.42,105.00,1095.00,null,null,null
2023-08-28T05:39:02Z,23.21,56.22,99,0,36.33,101.42,105.00,1095.00,null,null,null
2023-08-28T05:40:02Z,23.19,56.27,99,0,38.27,101.42,106.00,1099.00,null,null,null
2023-08-28T05:41:02Z,23.22,56.35,99,0,37.38,101.42,104.00,1083.00,null,null,null
2023-08-28T05:42:02Z,23.21,56.19,99,0,40.30,101.43,104.00,1083.00,2,2,2
2023-08-28T05:43:02Z,23.26,56.06,99,0,37.50,101.43,103.00,1077.00,null,null,null
2023-08-28T05:44:02Z,23.25,55.95,99,0,51.51,101.43,89.00,987.00,null,null,null
2023-08-28T05:45:02Z,23.23,55.96,99,0,42.03,101.43,89.00,987.00,null,null,null
2023-08-28T05:46:02Z,23.25,56.67,99,0,35.68,101.43,100.00,1062.00,null,null,null
2023-08-28T05:47:02Z,23.25,56.35,99,0,54.43,101.43,87.00,972.00,4,4,4
2023-08-28T05:48:02Z,23.23,57.78,99,0,58.72,101.43,97.00,1038.00,null,null,null
2023-08-28T05:49:02Z,23.23,58.16,99,0,55.59,101.43,120.00,1188.00,null,null,null
2023-08-28T05:50:02Z,23.26,59.16,99,0,47.93,101.43,127.00,1235.00,null,null,null
2023-08-28T05:51:02Z,23.23,60.14,99,0,53.65,101.43,131.00,1262.00,null,null,null
2023-08-28T05:52:02Z,23.25,59.32,99,0,51.73,101.43,186.00,1522.00,2,2,2
2023-08-28T05:53:02Z,23.26,59.94,99,0,48.03,101.43,202.00,1543.00,null,null,null
2023-08-28T05:54:02Z,23.28,59.67,99,0,52.57,101.43,229.00,1581.00,null,null,null
2023-08-28T05:55:02Z,23.28,60.06,99,0,52.93,101.43,256.00,1611.00,null,null,null
2023-08-28T05:56:02Z,23.26,59.86,99,0,53.71,101.43,269.00,1627.00,null,null,null
2023-08-28T05:57:02Z,23.29,58.95,99,0,54.06,101.43,285.00,1644.00,3,3,3
2023-08-28T05:58:02Z,23.28,59.58,99,0,59.11,101.43,299.00,1660.00,null,null,null
2023-08-28T05:59:02Z,23.28,59.98,99,0,55.21,101.43,301.00,1663.00,null,null,null
2023-08-28T06:00:02Z,23.31,59.92,99,0,57.09,101.43,310.00,1671.00,null,null,null
2023-08-28T06:01:02Z,23.29,60.38,99,0,55.15,101.43,321.00,1682.00,null,null,null
2023-08-28T06:02:02Z,23.29,61.06,99,0,54.44,101.43,338.00,1700.00,0,0,0
2023-08-28T06:03:02Z,23.29,61.06,99,0,56.85,101.44,361.00,1724.00,null,null,null
2023-08-28T06:04:02Z,23.29,61.86,99,0,56.01,101.44,367.00,1730.00,null,null,null
2023-08-28T06:05:02Z,23.28,62.42,99,1,56.16,101.43,385.00,1744.00,null,null,null
2023-08-28T06:06:02Z,23.28,60.63,99,0,53.17,101.43,387.00,1747.00,null,null,null
2023-08-28T06:07:02Z,23.28,62.49,99,3,53.49,101.43,414.00,1770.00,1,1,1
2023-08-28T06:08:02Z,23.28,62.07,99,8,53.22,101.43,413.00,1769.00,null,null,null
2023-08-28T06:09:02Z,23.29,60.33,99,12,53.80,101.43,434.00,1785.00,null,null,null
2023-08-28T06:10:02Z,23.23,59.82,99,11,52.75,101.43,399.00,1756.00,null,null,null
2023-08-28T06:11:02Z,23.29,62.03,99,10,54.36,101.43,444.00,1795.00,null,null,null
2023-08-28T06:12:02Z,23.26,61.01,99,15,58.42,101.43,399.00,1756.00,0,0,0
2023-08-28T06:13:02Z,23.29,61.23,99,24,50.95,101.43,409.00,1765.00,null,null,null
2023-08-28T06:14:02Z,23.31,61.39,99,39,50.29,101.43,409.00,1765.00,null,null,null
2023-08-28T06:15:02Z,23.32,61.22,99,45,54.99,101.43,395.00,1754.00,null,null,null
2023-08-28T06:16:02Z,23.33,60.91,99,44,52.29,101.43,400.00,1757.00,null,null,null
2023-08-28T06:17:02Z,23.35,61.02,99,42,52.83,101.44,400.00,1757.00,3,3,3
2023-08-28T06:18:02Z,23.35,61.51,99,40,47.65,101.44,394.00,1753.00,null,null,null
2023-08-28T06:19:02Z,23.38,61.34,99,37,53.48,101.43,389.00,1748.00,null,null,null
2023-08-28T06:20:02Z,23.39,61.02,99,34,50.46,101.44,379.00,1739.00,null,null,null
2023-08-28T06:21:02Z,23.45,61.22,99,34,52.34,101.44,385.00,1744.00,null,null,null
2023-08-28T06:22:02Z,23.42,61.78,99,36,55.82,101.44,394.00,1753.00,2,2,2
2023-08-28T06:23:02Z,23.46,61.81,99,34,51.04,101.44,391.00,1751.00,null,null,null
2023-08-28T06:24:02Z,23.48,61.23,99,27,55.55,101.45,391.00,1751.00,null,null,null
2023-08-28T06:25:02Z,23.49,60.86,99,22,55.48,101.45,394.00,1753.00,null,null,null
2023-08-28T06:26:02Z,23.49,61.02,99,19,54.71,101.46,385.00,1744.00,null,null,null
2023-08-28T06:27:02Z,23.50,60.93,99,19,58.11,101.46,376.00,1739.00,4,4,4
2023-08-28T06:28:02Z,23.52,60.86,99,22,54.90,101.46,376.00,1739.00,null,null,null
2023-08-28T06:29:02Z,23.53,61.22,99,24,50.98,101.45,367.00,1730.00,null,null,null
2023-08-28T06:30:02Z,23.55,60.75,99,27,55.65,101.46,367.00,1730.00,null,null,null
2023-08-28T06:31:02Z,23.55,61.02,99,30,52.03,101.46,361.00,1724.00,null,null,null
2023-08-28T06:32:02Z,23.59,60.75,99,30,55.70,101.46,361.00,1724.00,4,4,4
2023-08-28T06:33:02Z,23.60,60.75,99,31,54.05,101.46,347.00,1708.00,null,null,null
2023-08-28T06:34:02Z,23.62,60.49,99,34,54.34,101.45,347.00,1708.00,null,null,null
2023-08-28T06:35:02Z,23.62,60.80,99,37,50.24,101.46,351.00,1713.00,null,null,null
2023-08-28T06:36:02Z,23.60,60.73,99,36,56.28,101.45,347.00,1708.00,null,null,null
2023-08-28T06:37:02Z,23.63,61.09,99,36,49.98,101.46,351.00,1713.00,2,2,2
2023-08-28T06:38:02Z,23.66,60.84,99,40,50.91,101.46,347.00,1708.00,null,null,null
2023-08-28T06:39:02Z,23.68,61.03,99,44,55.73,101.46,340.00,1701.00,null,null,null
2023-08-28T06:40:02Z,23.66,61.49,99,46,53.79,101.46,347.00,1708.00,null,null,null
2023-08-28T06:41:02Z,23.69,60.57,99,38,51.96,101.47,335.00,1696.00,null,null,null
2023-08-28T06:42:02Z,23.69,61.17,99,37,57.48,101.47,345.00,1705.00,6,6,6
2023-08-28T06:43:02Z,23.70,60.37,99,30,57.74,101.47,334.00,1695.00,null,null,null
2023-08-28T06:44:02Z,23.70,60.62,99,27,56.08,101.47,334.00,1695.00,null,null,null
2023-08-28T06:45:02Z,23.73,60.38,99,24,56.68,101.47,345.00,1705.00,null,null,null
2023-08-28T06:46:02Z,23.70,60.64,99,15,57.16,101.47,331.00,1692.00,null,null,null
2023-08-28T06:47:02Z,23.73,60.76,99,7,51.33,101.48,331.00,1692.00,4,4,4
2023-08-28T06:48:02Z,23.73,60.80,99,7,57.15,101.48,321.00,1682.00,null,null,null
2023-08-28T06:49:02Z,23.72,60.76,99,5,51.93,101.48,326.00,1687.00,null,null,null
2023-08-28T06:50:02Z,23.74,60.83,99,5,55.09,101.48,326.00,1687.00,null,null,null
2023-08-28T06:51:02Z,23.73,60.56,99,2,52.43,101.48,326.00,1687.00,null,null,null
2023-08-28T06:52:02Z,23.70,60.16,99,4,54.16,101.48,325.00,1686.00,0,0,0
2023-08-28T06:53:02Z,23.73,60.94,99,4,48.77,101.48,315.00,1677.00,null,null,null
2023-08-28T06:54:02Z,23.74,60.82,99,2,50.87,101.48,307.00,1668.00,null,null,null
2023-08-28T06:55:02Z,23.74,60.66,99,3,59.51,101.49,307.00,1668.00,null,null,null
2023-08-28T06:56:02Z,23.72,60.59,99,3,52.49,101.48,312.00,1673.00,null,null,null
2023-08-28T06:57:02Z,23.73,60.79,99,3,52.32,101.48,312.00,1673.00,2,2,2
2023-08-28T06:58:02Z,23.73,60.71,99,4,51.71,101.48,307.00,1668.00,null,null,null
2023-08-28T06:59:02Z,23.74,60.68,99,3,63.40,101.48,312.00,1673.00,null,null,null
2023-08-28T07:00:02Z,23.76,60.80,99,4,53.72,101.48,312.00,1673.00,null,null,null
2023-08-28T07:01:02Z,23.73,60.90,99,2,58.65,101.48,278.00,1636.00,null,null,null
2023-08-28T07:02:02Z,23.73,60.93,99,3,55.04,101.49,307.00,1668.00,1,1,1
2023-08-28T07:03:02Z,23.73,60.59,99,3,54.84,101.49,307.00,1668.00,null,null,null
2023-08-28T07:04:02Z,23.73,60.75,99,3,55.66,101.48,312.00,1673.00,null,null,null
2023-08-28T07:05:02Z,23.74,60.57,99,2,51.78,101.49,302.00,1664.00,null,null,null
2023-08-28T07:06:02Z,23.74,60.49,99,1,57.30,101.49,299.00,1660.00,null,null,null
2023-08-28T07:07:02Z,23.73,60.52,99,1,60.08,101.50,306.00,1668.00,1,1,1
2023-08-28T07:08:02Z,23.77,60.36,99,2,57.99,101.50,294.00,1655.00,null,null,null
2023-08-28T07:09:02Z,23.76,61.07,99,2,54.30,101.49,265.00,1623.00,null,null,null
2023-08-28T07:10:02Z,23.76,60.82,99,1,62.86,101.49,273.00,1631.00,null,null,null
2023-08-28T07:11:02Z,23.73,60.49,99,0,74.96,101.50,273.00,1631.00,null,null,null
2023-08-28T07:12:02Z,23.66,58.42,99,0,54.78,101.50,306.00,1668.00,2,2,2
2023-08-28T07:13:02Z,23.69,59.70,99,0,54.73,101.50,280.00,1638.00,null,null,null
2023-08-28T07:14:02Z,23.68,59.91,99,1,54.61,101.50,267.00,1624.00,null,null,null
2023-08-28T07:15:02Z,23.68,60.33,99,1,55.56,101.51,269.00,1627.00,null,null,null
2023-08-28T07:16:02Z,23.72,60.63,99,1,70.63,101.50,272.00,1629.00,null,null,null
2023-08-28T07:17:02Z,23.69,60.38,99,0,55.40,101.51,278.00,1636.00,5,12,12
2023-08-28T07:18:02Z,23.70,60.50,99,0,58.18,101.51,278.00,1636.00,null,null,null
2023-08-28T07:19:02Z,23.72,60.41,99,0,58.76,101.50,278.00,1636.00,null,null,null
2023-08-28T07:20:02Z,23.70,60.29,99,0,71.16,101.50,278.00,1636.00,null,null,null
2023-08-28T07:21:02Z,23.70,60.52,99,0,57.69,101.51,282.00,1641.00,null,null,null
2023-08-28T07:22:02Z,23.70,60.35,99,0,55.96,101.51,282.00,1641.00,6,6,6
2023-08-28T07:23:02Z,23.72,59.95,99,0,58.64,101.50,282.00,1641.00,null,null,null
2023-08-28T07:24:02Z,23.69,59.97,99,0,59.30,101.50,281.00,1640.00,null,null,null
2023-08-28T07:25:02Z,23.69,60.12,99,0,55.48,101.51,275.00,1632.00,null,null,null
2023-08-28T07:26:02Z,23.69,60.66,99,0,59.20,101.50,275.00,1632.00,null,null,null
2023-08-28T07:27:02Z,23.70,60.73,99,0,55.52,101.51,278.00,1636.00,2,2,2
2023-08-28T07:28:02Z,23.70,60.80,99,0,55.62,101.50,278.00,1636.00,null,null,null
2023-08-28T07:29:02Z,23.70,60.72,99,0,55.22,101.50,278.00,1636.00,null,null,null
2023-08-28T07:30:02Z,23.70,60.47,99,0,56.57,101.50,288.00,1648.00,null,null,null
2023-08-28T07:31:02Z,23.69,60.66,99,0,57.38,101.50,282.00,1641.00,null,null,null
2023-08-28T07:32:02Z,23.70,60.19,99,0,57.35,101.50,282.00,1641.00,5,5,5
2023-08-28T07:33:02Z,23.72,60.31,99,0,61.20,101.50,281.00,1640.00,null,null,null
2023-08-28T07:34:02Z,23.70,60.55,99,0,55.69,101.50,272.00,1629.00,null,null,null
2023-08-28T07:35:02Z,23.72,60.33,99,0,58.92,101.50,272.00,1629.00,null,null,null
2023-08-28T07:36:02Z,23.69,60.70,99,1,57.66,101.49,272.00,1629.00,null,null,null
2023-08-28T07:37:02Z,23.70,60.52,99,1,56.96,101.49,278.00,1636.00,0,0,0
2023-08-28T07:38:02Z,23.72,61.02,99,0,53.81,101.49,272.00,1629.00,null,null,null
2023-08-28T07:39:02Z,23.72,60.87,99,0,55.92,101.49,274.00,1632.00,null,null,null
2023-08-28T07:40:02Z,23.70,61.13,99,0,41.51,101.49,274.00,1632.00,null,null,null
2023-08-28T07:41:02Z,23.69,60.98,99,0,52.20,101.49,274.00,1632.00,null,null,null
2023-08-28T07:42:02Z,23.68,61.61,99,0,59.88,101.49,274.00,1632.00,4,4,4
2023-08-28T07:43:02Z,23.69,61.00,99,0,44.30,101.49,265.00,1621.00,null,null,null
2023-08-28T07:44:02Z,23.72,61.15,99,0,51.85,101.49,263.00,1619.00,null,null,null
2023-08-28T07:45:02Z,23.70,61.13,99,0,57.44,101.49,257.00,1612.00,null,null,null
2023-08-28T07:46:02Z,23.70,61.12,99,0,50.62,101.49,257.00,1612.00,null,null,null
2023-08-28T07:47:02Z,23.69,61.26,99,0,51.18,101.49,253.00,1607.00,5,6,6
2023-08-28T07:48:02Z,23.72,61.22,99,0,51.35,101.49,248.00,1603.00,null,null,null
2023-08-28T07:49:02Z,23.73,61.32,99,0,45.08,101.49,253.00,1607.00,null,null,null
2023-08-28T07:50:02Z,23.74,61.15,99,0,54.78,101.48,248.00,1603.00,null,null,null
2023-08-28T07:51:02Z,23.72,60.93,99,1,53.65,101.48,241.00,1594.00,null,null,null
2023-08-28T07:52:02Z,23.72,60.79,99,0,58.06,101.48,235.00,1588.00,2,2,2
2023-08-28T07:53:02Z,23.74,60.79,99,1,48.15,101.48,231.00,1583.00,null,null,null
2023-08-28T07:54:02Z,23.73,61.26,99,1,51.61,101.47,231.00,1583.00,null,null,null
2023-08-28T07:55:02Z,23.74,61.23,99,1,56.23,101.48,228.00,1579.00,null,null,null
2023-08-28T07:56:02Z,23.74,61.49,99,1,51.40,101.48,231.00,1583.00,null,null,null
2023-08-28T07:57:02Z,23.73,61.53,99,0,46.04,101.48,228.00,1579.00,4,4,4
2023-08-28T07:58:02Z,23.73,61.47,99,0,49.46,101.48,231.00,1583.00,null,null,null
2023-08-28T07:59:02Z,23.76,61.23,99,0,47.23,101.48,228.00,1579.00,null,null,null
2023-08-28T08:00:02Z,23.76,61.05,99,0,51.33,101.48,208.00,1552.00,null,null,null
2023-08-28T08:01:02Z,23.74,61.15,99,0,58.88,101.49,204.00,1547.00,null,null,null
2023-08-28T08:02:02Z,23.74,60.99,99,0,55.97,101.48,227.00,1578.00,0,0,0
2023-08-28T08:03:02Z,23.77,60.80,99,0,50.86,101.48,223.00,1572.00,null,null,null
2023-08-28T08:04:02Z,23.79,61.13,99,1,58.80,101.48,196.00,1535.00,null,null,null
2023-08-28T08:05:02Z,23.77,60.74,99,0,40.43,101.48,196.00,1535.00,null,null,null
2023-08-28T08:06:02Z,23.79,61.03,99,0,52.36,101.48,196.00,1535.00,null,null,null
2023-08-28T08:07:02Z,23.79,60.99,99,0,53.05,101.48,193.00,1531.00,0,3,3
2023-08-28T08:08:02Z,23.76,60.66,99,0,51.62,101.48,189.00,1526.00,null,null,null
2023-08-28T08:09:02Z,23.76,60.93,99,0,55.90,101.47,187.00,1523.00,null,null,null
2023-08-28T08:10:02Z,23.77,60.74,99,1,43.79,101.47,184.00,1519.00,null,null,null
2023-08-28T08:11:02Z,23.77,60.77,99,1,42.37,101.47,187.00,1523.00,null,null,null
2023-08-28T08:12:02Z,23.76,60.71,99,0,60.90,101.47,184.00,1519.00,1,1,1
2023-08-28T08:13:02Z,23.77,60.67,99,0,59.83,101.47,184.00,1519.00,null,null,null
2023-08-28T08:14:02Z,23.77,60.17,99,0,52.94,101.46,187.00,1523.00,null,null,null
2023-08-28T08:15:02Z,23.79,60.16,99,0,42.95,101.47,186.00,1521.00,null,null,null
2023-08-28T08:16:02Z,23.80,60.12,99,0,43.92,101.47,178.00,1509.00,null,null,null
2023-08-28T08:17:02Z,23.79,60.27,99,0,55.78,101.47,174.00,1504.00,2,2,2
2023-08-28T08:18:02Z,23.79,60.46,99,0,54.56,101.48,168.00,1494.00,null,null,null
2023-08-28T08:19:02Z,23.82,60.41,99,0,55.19,101.47,168.00,1494.00,null,null,null
2023-08-28T08:20:02Z,23.79,60.63,99,0,56.48,101.47,168.00,1494.00,null,null,null
2023-08-28T08:21:02Z,23.79,60.69,99,0,61.82,101.47,168.00,1494.00,null,null,null
2023-08-28T08:22:02Z,23.82,60.55,99,0,47.60,101.47,168.00,1494.00,3,3,3
2023-08-28T08:23:02Z,23.80,60.44,99,0,65.40,101.47,165.00,1487.00,null,null,null
2023-08-28T08:24:02Z,23.83,60.37,99,0,52.92,101.47,168.00,1494.00,null,null,null
2023-08-28T08:25:02Z,23.83,60.12,99,0,40.31,101.47,168.00,1494.00,null,null,null
2023-08-28T08:26:02Z,23.84,60.05,99,0,41.76,101.46,167.00,1499.00,null,null,null
2023-08-28T08:27:02Z,23.80,60.00,99,0,56.05,101.46,164.00,1478.00,1,1,1
2023-08-28T08:28:02Z,23.84,60.16,99,1,58.67,101.46,161.00,1462.00,null,null,null
2023-08-28T08:29:02Z,23.83,60.26,99,0,47.28,101.46,161.00,1462.00,null,null,null
2023-08-28T08:30:02Z,23.80,60.59,99,0,60.80,101.46,154.00,1416.00,null,null,null
2023-08-28T08:31:02Z,23.83,60.69,99,0,53.32,101.46,154.00,1416.00,null,null,null
2023-08-28T08:32:02Z,23.80,60.64,99,0,51.31,101.46,154.00,1416.00,1,1,1
2023-08-28T08:33:02Z,23.84,60.91,99,0,53.01,101.47,152.00,1400.00,null,null,null
2023-08-28T08:34:02Z,23.84,60.49,99,0,54.71,101.46,152.00,1400.00,null,null,null
2023-08-28T08:35:02Z,23.83,60.86,99,0,57.47,101.47,154.00,1416.00,null,null,null
2023-08-28T08:36:02Z,23.84,60.82,99,0,46.31,101.47,152.00,1400.00,null,null,null
2023-08-28T08:37:02Z,23.83,61.17,99,1,53.51,101.47,150.00,1385.00,3,4,4
2023-08-28T08:38:02Z,23.82,61.65,99,0,46.69,101.46,152.00,1400.00,null,null,null
2023-08-28T08:39:02Z,23.83,61.23,99,0,49.63,101.47,156.00,1429.00,null,null,null
2023-08-28T08:40:02Z,23.84,60.95,99,0,48.35,101.46,159.00,1445.00,null,null,null
2023-08-28T08:41:02Z,23.83,61.58,99,0,56.59,101.46,156.00,1429.00,null,null,null
2023-08-28T08:42:02Z,23.83,61.33,99,0,51.40,101.46,146.00,1364.00,0,0,0
2023-08-28T08:43:02Z,23.83,61.40,99,0,59.81,101.46,137.00,1302.00,null,null,null
2023-08-28T08:44:02Z,23.86,61.21,99,0,46.70,101.47,141.00,1330.00,null,null,null
2023-08-28T08:45:02Z,23.83,61.65,99,0,41.40,101.48,142.00,1334.00,null,null,null
2023-08-28T08:46:02Z,23.86,61.48,99,0,50.94,101.48,141.00,1330.00,null,null,null
2023-08-28T08:47:02Z,23.82,61.60,99,0,55.76,101.48,141.00,1330.00,1,1,1
2023-08-28T08:48:02Z,23.84,61.50,99,0,41.04,101.48,143.00,1345.00,null,null,null
2023-08-28T08:49:02Z,23.86,61.68,99,0,41.72,101.48,141.00,1330.00,null,null,null
2023-08-28T08:50:02Z,23.87,61.55,99,0,42.65,101.48,143.00,1345.00,null,null,null
2023-08-28T08:51:02Z,23.84,61.78,99,0,42.50,101.48,143.00,1345.00,null,null,null
2023-08-28T08:52:02Z,23.84,61.86,99,0,57.11,101.47,139.00,1316.00,2,2,2
2023-08-28T08:53:02Z,23.86,60.24,99,0,66.57,101.46,142.00,1334.00,null,null,null
2023-08-28T08:54:02Z,23.84,60.09,99,0,44.74,101.46,148.00,1372.00,null,null,null
2023-08-28T08:55:02Z,23.83,58.95,99,0,50.28,101.45,146.00,1360.00,null,null,null
2023-08-28T08:56:02Z,23.82,58.66,99,0,54.60,101.45,141.00,1330.00,null,null,null
2023-08-28T08:57:02Z,23.80,58.97,99,0,43.67,101.45,136.00,1299.00,1,1,1
2023-08-28T08:58:02Z,23.80,58.92,99,0,58.52,101.45,133.00,1274.00,null,null,null
2023-08-28T08:59:02Z,23.82,58.32,99,0,49.03,101.46,125.00,1224.00,null,null,null
2023-08-28T09:00:02Z,23.79,58.86,99,0,47.80,101.45,124.00,1220.00,null,null,null
2023-08-28T09:01:02Z,23.80,58.71,99,0,72.13,101.46,119.00,1184.00,null,null,null
2023-08-28T09:02:02Z,23.76,58.63,99,0,53.30,101.46,118.00,1181.00,1,1,1
2023-08-28T09:03:02Z,23.77,59.38,99,0,54.83,101.46,118.00,1181.00,null,null,null
2023-08-28T09:04:02Z,23.79,59.13,99,0,58.45,101.45,119.00,1184.00,null,null,null
2023-08-28T09:05:02Z,23.77,59.20,99,0,41.13,101.46,121.00,1198.00,null,null,null
2023-08-28T09:06:02Z,23.77,59.06,99,0,46.37,101.45,121.00,1198.00,null,null,null
2023-08-28T09:07:02Z,23.77,58.93,99,0,49.95,101.45,121.00,1198.00,0,0,0
2023-08-28T09:08:02Z,23.79,58.50,99,0,66.13,101.45,119.00,1184.00,null,null,null
2023-08-28T09:09:02Z,23.76,58.53,99,0,48.11,101.45,117.00,1171.00,null,null,null
2023-08-28T09:10:02Z,23.74,59.35,99,0,53.64,101.46,115.00,1156.00,null,null,null
2023-08-28T09:11:02Z,23.74,58.50,99,0,50.85,101.45,121.00,1198.00,null,null,null
2023-08-28T09:12:02Z,23.74,58.75,99,0,47.40,101.45,125.00,1224.00,1,1,1
2023-08-28T09:13:02Z,23.76,58.78,99,0,47.09,101.46,123.00,1212.00,null,null,null
2023-08-28T09:14:02Z,23.73,59.58,99,0,55.92,101.46,113.00,1147.00,null,null,null
2023-08-28T09:15:02Z,23.76,59.47,99,0,48.64,101.46,129.00,1248.00,null,null,null
2023-08-28T09:16:02Z,23.73,59.26,99,0,45.97,101.46,115.00,1156.00,null,null,null
2023-08-28T09:17:02Z,23.73,60.00,99,0,55.24,101.45,133.00,1274.00,2,2,2
2023-08-28T09:18:02Z,23.74,59.50,99,0,46.72,101.45,133.00,1274.00,null,null,null
2023-08-28T09:19:02Z,23.73,58.79,99,0,49.63,101.45,136.00,1299.00,null,null,null
2023-08-28T09:20:02Z,23.73,59.05,99,0,71.63,101.45,135.00,1288.00,null,null,null
2023-08-28T09:21:02Z,23.73,58.78,99,0,50.96,101.45,135.00,1288.00,null,null,null
2023-08-28T09:22:02Z,23.70,59.22,99,0,49.77,101.44,135.00,1288.00,0,0,0
2023-08-28T09:23:02Z,23.70,59.46,99,0,58.24,101.45,139.00,1313.00,null,null,null
2023-08-28T09:24:02Z,23.74,59.41,99,0,53.84,101.44,139.00,1313.00,null,null,null
2023-08-28T09:25:02Z,23.72,58.82,99,0,70.14,101.44,140.00,1321.00,null,null,null
2023-08-28T09:26:02Z,23.72,59.07,99,0,54.92,101.45,141.00,1330.00,null,null,null
2023-08-28T09:27:02Z,23.72,58.95,99,0,54.14,101.45,139.00,1313.00,2,2,2
2023-08-28T09:28:02Z,23.70,58.77,99,0,46.07,101.45,139.00,1313.00,null,null,null
2023-08-28T09:29:02Z,23.73,58.98,99,0,44.04,101.45,141.00,1330.00,null,null,null
2023-08-28T09:30:02Z,23.73,58.40,99,0,75.54,101.45,139.00,1313.00,null,null,null
2023-08-28T09:31:02Z,23.72,58.41,99,0,53.93,101.45,139.00,1313.00,null,null,null
2023-08-28T09:32:02Z,23.70,58.42,99,0,45.22,101.45,139.00,1313.00,0,0,0
2023-08-28T09:33:02Z,23.73,58.76,99,0,43.71,101.46,140.00,1324.00,null,null,null
2023-08-28T09:34:02Z,23.76,58.51,99,0,46.16,101.46,139.00,1313.00,null,null,null
2023-08-28T09:35:02Z,23.72,58.40,99,0,60.45,101.46,122.00,1207.00,null,null,null
2023-08-28T09:36:02Z,23.74,57.80,99,0,66.61,101.46,133.00,1274.00,null,null,null
2023-08-28T09:37:02Z,23.72,58.00,99,0,65.32,101.46,130.00,1259.00,0,0,0
2023-08-28T09:38:02Z,23.72,57.65,99,0,70.74,101.46,127.00,1238.00,null,null,null
2023-08-28T09:39:02Z,23.74,57.70,99,0,64.95,101.46,126.00,1228.00,null,null,null
2023-08-28T09:40:02Z,23.73,57.45,99,0,60.30,101.46,121.00,1198.00,null,null,null
2023-08-28T09:41:02Z,23.69,56.63,99,0,62.57,101.46,112.00,1140.00,null,null,null
2023-08-28T09:42:02Z,23.66,56.96,99,0,70.47,101.46,108.00,1113.00,2,2,2
2023-08-28T09:43:02Z,23.66,57.11,99,0,64.66,101.46,105.00,1090.00,null,null,null
2023-08-28T09:44:02Z,23.63,56.64,99,0,73.14,101.46,105.00,1090.00,null,null,null
2023-08-28T09:45:02Z,23.66,57.14,99,0,59.21,101.46,101.00,1065.00,null,null,null
2023-08-28T09:46:02Z,23.65,57.31,99,0,64.86,101.46,101.00,1065.00,null,null,null
2023-08-28T09:47:02Z,23.65,57.66,99,0,68.29,101.46,99.00,1053.00,1,1,1
2023-08-28T09:48:02Z,23.66,57.57,99,0,57.98,101.46,100.00,1060.00,null,null,null
2023-08-28T09:49:02Z,23.63,56.82,99,0,66.54,101.46,103.00,1077.00,null,null,null
2023-08-28T09:50:02Z,23.65,57.57,99,0,62.80,101.46,105.00,1090.00,null,null,null
2023-08-28T09:51:02Z,23.66,57.91,99,0,59.82,101.47,103.00,1077.00,null,null,null
2023-08-28T09:52:02Z,23.59,55.42,99,0,67.36,101.47,103.00,1081.00,6,7,7
2023-08-28T09:53:02Z,23.59,56.64,99,0,57.92,101.47,94.00,1019.00,null,null,null
2023-08-28T09:54:02Z,23.58,56.54,99,0,66.44,101.47,89.00,990.00,null,null,null
2023-08-28T09:55:02Z,23.56,56.80,99,0,63.36,101.47,89.00,990.00,null,null,null
2023-08-28T09:56:02Z,23.56,57.00,99,0,59.18,101.47,88.00,981.00,null,null,null
2023-08-28T09:57:02Z,23.55,57.39,99,0,71.18,101.47,91.00,1001.00,0,0,0
2023-08-28T09:58:02Z,23.56,57.46,99,0,55.11,101.46,90.00,995.00,null,null,null
2023-08-28T09:59:02Z,23.56,57.75,99,0,82.91,101.46,96.00,1035.00,null,null,null
2023-08-28T10:00:02Z,23.55,57.82,99,0,70.63,101.46,98.00,1044.00,null,null,null
2023-08-28T10:01:02Z,23.55,58.15,99,0,78.91,101.47,103.00,1081.00,null,null,null
2023-08-28T10:02:02Z,23.56,59.11,99,0,71.16,101.45,111.00,1131.00,3,3,3
2023-08-28T10:03:02Z,23.55,58.29,99,0,78.41,101.47,115.00,1156.00,null,null,null
2023-08-28T10:04:02Z,23.68,54.65,98,19,88.10,101.46,113.00,1144.00,null,null,null
2023-08-28T10:05:02Z,23.47,54.92,98,25,77.59,101.45,91.00,1001.00,null,null,null
2023-08-28T10:06:02Z,23.27,55.28,98,29,56.70,101.44,64.00,825.00,null,null,null
