TIME,TEMP,HUM,BATT,LIGHT,NOISE_A,PRESS,CCS811_VOCS,CCS811_ECO2,PM_1,PM_25,PM_10
ISO 8601,C,%,%,Lux,dBA,kPa,ppb,ppm,ug/m3,ug/m3,ug/m3
Time,Temperature,Humidity,Battery,Light,Noise dBA,Barometric pressure,VOC Gas CCS811,eCO2 Gas CCS811,PM 1.0,PM 2.5,PM 10.0
,55,56,10,14,53,58,113,112,89,87,88
2023-09-11T00:00:05Z,29.21,59.48,99,0,41.77,101.38,139.00,1313.00,11,13,13
2023-09-11T00:01:05Z,29.19,59.45,99,0,36.75,101.38,139.00,1313.00,null,null,null
2023-09-11T00:02:05Z,29.22,59.43,99,0,43.40,101.38,136.00,1299.00,null,null,null
2023-09-11T00:03:05Z,29.18,59.43,99,0,46.19,101.38,136.00,1299.00,null,null,null
2023-09-11T00:04:05Z,29.19,59.55,99,0,37.86,101.38,136.00,1299.00,null,null,null
2023-09-11T00:05:05Z,29.18,59.58,99,0,37.76,101.39,136.00,1299.00,16,16,16
2023-09-11T00:06:05Z,29.19,59.59,99,0,41.86,101.38,133.00,1274.00,null,null,null
2023-09-11T00:07:05Z,29.18,59.59,99,0,37.89,101.37,133.00,1274.00,null,null,null
2023-09-11T00:08:05Z,29.17,59.49,99,0,46.79,101.38,133.00,1274.00,null,null,null
2023-09-11T00:09:05Z,29.18,59.40,99,0,50.52,101.38,133.00,1274.00,null,null,null
2023-09-11T00:10:05Z,29.21,59.41,99,0,39.09,101.38,130.00,1259.00,7,13,13
2023-09-11T00:11:05Z,29.18,59.46,99,0,45.31,101.38,128.00,1245.00,null,null,null
2023-09-11T00:12:05Z,29.15,59.43,99,0,43.20,101.38,128.00,1245.00,null,null,null
2023-09-11T00:13:05Z,29.17,59.46,99,0,38.04,101.38,130.00,1259.00,null,null,null
2023-09-11T00:14:05Z,29.17,59.43,99,0,40.49,101.38,128.00,1245.00,null,null,null
2023-09-11T00:15:05Z,29.15,59.48,99,0,38.79,101.38,128.00,1245.00,13,13,13
2023-09-11T00:16:05Z,29.18,59.51,99,0,39.19,101.38,125.00,1224.00,null,null,null
2023-09-11T00:17:05Z,29.19,59.51,99,0,40.92,101.38,125.00,1224.00,null,null,null
2023-09-11T00:18:05Z,29.18,59.54,99,0,39.52,101.38,125.00,1224.00,null,null,null
2023-09-11T00:19:05Z,29.17,59.46,99,0,37.63,101.37,125.00,1224.00,null,null,null
2023-09-11T00:20:05Z,29.17,59.51,99,0,36.78,101.37,125.00,1224.00,11,12,12
2023-09-11T00:21:05Z,29.17,59.55,99,0,37.66,101.37,125.00,1224.00,null,null,null
2023-09-11T00:22:05Z,29.19,59.44,99,0,36.90,101.37,128.00,1245.00,null,null,null
2023-09-11T00:23:05Z,29.17,59.51,99,0,38.48,101.37,125.00,1224.00,null,null,null
2023-09-11T00:24:05Z,29.17,59.59,99,0,36.80,101.36,125.00,1224.00,null,null,null
2023-09-11T00:25:05Z,29.15,59.54,99,0,37.24,101.36,125.00,1224.00,14,15,15
2023-09-11T00:26:05Z,29.17,59.47,99,0,37.70,101.35,122.00,1207.00,null,null,null
2023-09-11T00:27:05Z,29.15,59.50,99,0,37.58,101.34,122.00,1207.00,null,null,null
2023-09-11T00:28:05Z,29.17,59.59,99,0,36.84,101.35,122.00,1207.00,null,null,null
2023-09-11T00:29:05Z,29.17,59.51,99,0,35.66,101.35,122.00,1207.00,null,null,null
2023-09-11T00:30:05Z,29.14,59.46,99,0,38.15,101.35,122.00,1207.00,13,20,20
2023-09-11T00:31:05Z,29.15,59.54,99,0,34.92,101.35,121.00,1195.00,null,null,null
2023-09-11T00:32:05Z,29.17,59.51,99,0,35.36,101.35,121.00,1195.00,null,null,null
2023-09-11T00:33:05Z,29.17,59.50,99,0,37.59,101.35,121.00,1195.00,null,null,null
2023-09-11T00:34:05Z,29.15,59.61,99,0,36.89,101.35,121.00,1195.00,null,null,null
2023-09-11T00:35:05Z,29.17,59.49,99,0,38.96,101.35,121.00,1195.00,12,15,15
2023-09-11T00:36:05Z,29.15,59.39,99,0,36.52,101.35,117.00,1174.00,null,null,null
2023-09-11T00:37:05Z,29.15,59.36,99,0,37.22,101.35,117.00,1174.00,null,null,null
2023-09-11T00:38:05Z,29.15,59.38,99,0,33.95,101.35,115.00,1156.00,null,null,null
2023-09-11T00:39:05Z,29.14,59.33,99,0,37.35,101.36,113.00,1144.00,null,null,null
2023-09-11T00:40:05Z,29.11,59.41,99,0,35.84,101.35,111.00,1131.00,13,21,21
2023-09-11T00:41:05Z,29.11,59.44,99,0,35.56,101.35,113.00,1144.00,null,null,null
2023-09-11T00:42:05Z,29.11,59.45,99,0,35.47,101.36,113.00,1144.00,null,null,null
2023-09-11T00:43:05Z,29.11,59.49,99,0,52.14,101.35,113.00,1144.00,null,null,null
2023-09-11T00:44:05Z,29.11,59.42,99,0,38.36,101.36,113.00,1144.00,null,null,null
2023-09-11T00:45:05Z,29.09,59.41,99,0,43.12,101.35,111.00,1131.00,17,19,19
2023-09-11T00:46:05Z,29.12,59.39,99,0,38.98,101.35,111.00,1131.00,null,null,null
2023-09-11T00:47:05Z,29.09,59.35,99,0,40.48,101.35,111.00,1131.00,null,null,null
2023-09-11T00:48:05Z,29.09,59.44,99,0,39.23,101.35,111.00,1131.00,null,null,null
2023-09-11T00:49:05Z,29.09,59.50,99,0,39.75,101.34,111.00,1131.00,null,null,null
2023-09-11T00:50:05Z,29.09,59.54,99,0,39.71,101.34,113.00,1144.00,18,18,18
2023-09-11T00:51:05Z,29.08,59.55,99,0,39.78,101.34,113.00,1144.00,null,null,null
2023-09-11T00:52:05Z,29.09,59.71,99,0,39.46,101.34,115.00,1156.00,null,null,null
2023-09-11T00:53:05Z,29.07,59.70,99,0,39.72,101.34,115.00,1156.00,null,null,null
2023-09-11T00:54:05Z,29.09,59.66,99,0,40.02,101.34,115.00,1156.00,null,null,null
2023-09-11T00:55:05Z,29.05,59.66,99,0,41.73,101.34,117.00,1174.00,17,18,18
2023-09-11T00:56:05Z,29.05,59.68,99,0,38.60,101.35,115.00,1156.00,null,null,null
2023-09-11T00:57:05Z,29.09,59.66,99,0,39.20,101.34,117.00,1174.00,null,null,null
2023-09-11T00:58:05Z,29.05,59.63,99,0,40.04,101.34,117.00,1174.00,null,null,null
2023-09-11T00:59:05Z,29.07,59.59,99,0,38.13,101.34,117.00,1174.00,null,null,null
2023-09-11T01:00:05Z,29.05,59.64,99,0,38.13,101.34,117.00,1174.00,15,18,18
2023-09-11T01:01:05Z,29.08,59.65,99,0,41.60,101.34,115.00,1156.00,null,null,null
2023-09-11T01:02:05Z,29.05,59.59,99,0,37.71,101.34,117.00,1174.00,null,null,null
2023-09-11T01:03:05Z,29.05,59.61,99,0,39.01,101.34,117.00,1174.00,null,null,null
2023-09-11T01:04:05Z,29.04,59.58,99,0,41.95,101.34,115.00,1156.00,null,null,null
2023-09-11T01:05:05Z,29.05,59.62,99,0,39.46,101.34,115.00,1156.00,16,16,16
2023-09-11T01:06:05Z,29.05,59.58,99,0,38.53,101.34,115.00,1156.00,null,null,null
2023-09-11T01:07:05Z,29.07,59.48,99,0,39.25,101.34,115.00,1156.00,null,null,null
2023-09-11T01:08:05Z,29.05,59.54,99,0,37.84,101.34,113.00,1144.00,null,null,null
2023-09-11T01:09:05Z,29.04,59.56,99,0,39.84,101.35,113.00,1144.00,null,null,null
2023-09-11T01:10:05Z,29.02,59.59,99,0,37.77,101.34,113.00,1144.00,12,17,17
2023-09-11T01:11:05Z,29.07,59.63,99,0,39.84,101.34,113.00,1144.00,null,null,null
2023-09-11T01:12:05Z,29.05,59.59,99,0,36.17,101.34,113.00,1144.00,null,null,null
2023-09-11T01:13:05Z,29.05,59.52,99,0,38.68,101.34,113.00,1144.00,null,null,null
2023-09-11T01:14:05Z,29.04,59.57,99,0,38.41,101.34,113.00,1144.00,null,null,null
2023-09-11T01:15:05Z,29.04,59.59,99,0,38.53,101.34,113.00,1144.00,15,16,16
2023-09-11T01:16:05Z,29.04,59.59,99,0,37.93,101.34,111.00,1131.00,null,null,null
2023-09-11T01:17:05Z,29.04,59.57,99,0,38.80,101.34,113.00,1144.00,null,null,null
2023-09-11T01:18:05Z,29.01,59.52,99,0,39.06,101.34,111.00,1131.00,null,null,null
2023-09-11T01:19:05Z,29.02,59.44,99,0,38.70,101.34,111.00,1131.00,null,null,null
2023-09-11T01:20:05Z,29.00,59.43,99,0,37.33,101.34,108.00,1113.00,10,16,16
2023-09-11T01:21:05Z,29.01,59.45,99,0,36.68,101.33,105.00,1095.00,null,null,null
2023-09-11T01:22:05Z,29.00,59.45,99,0,36.30,101.34,105.00,1095.00,null,null,null
2023-09-11T01:23:05Z,29.02,59.51,99,0,38.66,101.34,105.00,1095.00,null,null,null
2023-09-11T01:24:05Z,29.01,59.49,99,0,38.93,101.34,105.00,1095.00,null,null,null
2023-09-11T01:25:05Z,29.00,59.54,99,0,39.89,101.34,105.00,1095.00,19,20,20
2023-09-11T01:26:05Z,29.02,59.64,99,0,39.79,101.34,105.00,1095.00,null,null,null
2023-09-11T01:27:05Z,29.02,59.48,99,0,39.68,101.34,105.00,1095.00,null,null,null
2023-09-11T01:28:05Z,29.00,59.51,99,0,39.71,101.34,104.00,1083.00,null,null,null
2023-09-11T01:29:05Z,29.00,59.47,99,0,38.11,101.34,104.00,1083.00,null,null,null
2023-09-11T01:30:05Z,29.00,59.52,99,0,40.49,101.34,104.00,1083.00,13,13,13
2023-09-11T01:31:05Z,29.00,59.56,99,0,40.20,101.34,104.00,1083.00,null,null,null
2023-09-11T01:32:05Z,29.02,59.53,99,0,38.74,101.35,105.00,1095.00,null,null,null
2023-09-11T01:33:05Z,29.00,59.60,99,0,41.25,101.34,105.00,1095.00,null,null,null
2023-09-11T01:34:05Z,29.00,59.57,99,0,38.24,101.35,105.00,1095.00,null,null,null
2023-09-11T01:35:05Z,28.97,59.68,99,0,38.59,101.35,105.00,1095.00,18,20,20
2023-09-11T01:36:05Z,29.02,59.60,99,0,38.70,101.35,105.00,1095.00,null,null,null
2023-09-11T01:37:05Z,29.00,59.54,99,0,41.03,101.35,105.00,1095.00,null,null,null
2023-09-11T01:38:05Z,29.01,59.63,99,0,40.31,101.35,105.00,1095.00,null,null,null
2023-09-11T01:39:05Z,29.01,59.62,99,0,39.83,101.35,105.00,1095.00,null,null,null
2023-09-11T01:40:05Z,29.00,59.58,99,0,39.77,101.35,105.00,1095.00,14,17,17
2023-09-11T01:41:05Z,29.00,59.47,99,0,38.08,101.35,104.00,1083.00,null,null,null
2023-09-11T01:42:05Z,29.01,59.49,99,0,37.52,101.35,104.00,1083.00,null,null,null
2023-09-11T01:43:05Z,29.01,59.49,99,0,40.42,101.35,104.00,1083.00,null,null,null
2023-09-11T01:44:05Z,29.01,59.39,99,0,41.45,101.35,101.00,1068.00,null,null,null
2023-09-11T01:45:05Z,29.00,59.47,99,0,40.11,101.35,101.00,1068.00,13,21,21
2023-09-11T01:46:05Z,29.01,59.43,99,0,39.35,101.35,99.00,1053.00,null,null,null
2023-09-11T01:47:05Z,28.98,59.53,99,0,39.75,101.35,99.00,1053.00,null,null,null
2023-09-11T01:48:05Z,28.98,59.62,99,0,39.61,101.34,101.00,1068.00,null,null,null
2023-09-11T01:49:05Z,29.00,59.62,99,0,39.18,101.34,101.00,1068.00,null,null,null
2023-09-11T01:50:05Z,28.98,59.53,99,0,37.34,101.35,101.00,1068.00,14,17,17
2023-09-11T01:51:05Z,28.95,59.50,99,0,37.54,101.35,101.00,1068.00,null,null,null
2023-09-11T01:52:05Z,28.97,59.52,99,0,39.51,101.35,101.00,1068.00,null,null,null
2023-09-11T01:53:05Z,28.97,59.48,99,0,39.47,101.34,101.00,1068.00,null,null,null
2023-09-11T01:54:05Z,28.98,59.52,99,0,37.31,101.34,101.00,1068.00,null,null,null
2023-09-11T01:55:05Z,28.94,59.52,99,0,39.50,101.35,99.00,1053.00,13,19,19
2023-09-11T01:56:05Z,28.97,59.62,99,0,38.56,101.35,101.00,1068.00,null,null,null
2023-09-11T01:57:05Z,29.00,59.49,99,0,36.76,101.35,101.00,1068.00,null,null,null
2023-09-11T01:58:05Z,28.95,59.50,99,0,37.49,101.34,101.00,1068.00,null,null,null
2023-09-11T01:59:05Z,28.98,59.52,99,0,37.05,101.34,101.00,1068.00,null,null,null
2023-09-11T02:00:05Z,28.95,59.55,99,0,38.19,101.34,101.00,1068.00,15,18,18
2023-09-11T02:01:05Z,28.97,59.53,99,0,38.76,101.35,101.00,1068.00,null,null,null
2023-09-11T02:02:05Z,28.97,59.53,99,0,38.91,101.34,101.00,1068.00,null,null,null
2023-09-11T02:03:05Z,28.97,59.52,99,0,40.30,101.34,101.00,1068.00,null,null,null
2023-09-11T02:04:05Z,28.97,59.46,99,0,39.78,101.34,101.00,1068.00,null,null,null
2023-09-11T02:05:05Z,28.95,59.52,99,0,38.41,101.34,101.00,1068.00,12,17,17
2023-09-11T02:06:05Z,28.98,59.55,99,0,39.34,101.34,99.00,1053.00,null,null,null
2023-09-11T02:07:05Z,28.97,59.48,99,0,38.62,101.34,99.00,1053.00,null,null,null
2023-09-11T02:08:05Z,28.97,59.55,99,0,38.93,101.33,101.00,1068.00,null,null,null
2023-09-11T02:09:05Z,28.95,59.57,99,0,37.50,101.34,101.00,1068.00,null,null,null
2023-09-11T02:10:05Z,28.97,59.58,99,0,38.69,101.34,101.00,1068.00,13,17,17
2023-09-11T02:11:05Z,28.97,59.57,99,0,37.74,101.34,101.00,1068.00,null,null,null
2023-09-11T02:12:05Z,29.00,59.55,99,0,37.21,101.34,101.00,1068.00,null,null,null
2023-09-11T02:13:05Z,28.97,59.60,99,0,41.16,101.34,101.00,1068.00,null,null,null
2023-09-11T02:14:05Z,28.97,59.60,99,0,39.66,101.34,101.00,1068.00,null,null,null
2023-09-11T02:15:05Z,28.97,59.67,99,0,38.79,101.35,101.00,1068.00,19,22,22
2023-09-11T02:16:05Z,28.97,59.62,99,0,41.32,101.35,101.00,1068.00,null,null,null
2023-09-11T02:17:05Z,28.98,59.63,99,0,37.74,101.34,101.00,1068.00,null,null,null
2023-09-11T02:18:05Z,28.98,59.66,99,0,39.35,101.34,101.00,1068.00,null,null,null
2023-09-11T02:19:05Z,28.94,59.69,99,0,39.02,101.34,101.00,1068.00,null,null,null
2023-09-11T02:20:05Z,28.95,59.75,99,0,39.50,101.34,101.00,1068.00,8,9,9
2023-09-11T02:21:05Z,28.95,59.75,99,0,39.83,101.34,102.00,1071.00,null,null,null
2023-09-11T02:22:05Z,28.95,59.75,99,0,41.12,101.34,102.00,1071.00,null,null,null
2023-09-11T02:23:05Z,28.95,59.79,99,0,38.54,101.34,102.00,1071.00,null,null,null
2023-09-11T02:24:05Z,28.92,59.85,99,0,38.21,101.34,104.00,1083.00,null,null,null
2023-09-11T02:25:05Z,28.95,59.95,99,0,38.42,101.34,106.00,1102.00,16,32,32
2023-09-11T02:26:05Z,28.98,59.81,99,0,39.29,101.34,109.00,1118.00,null,null,null
2023-09-11T02:27:05Z,29.00,59.79,99,0,39.19,101.34,104.00,1083.00,null,null,null
2023-09-11T02:28:05Z,29.00,59.69,99,0,37.68,101.34,104.00,1083.00,null,null,null
2023-09-11T02:29:05Z,28.97,59.66,99,0,40.00,101.34,104.00,1083.00,null,null,null
2023-09-11T02:30:05Z,28.97,59.68,99,0,39.98,101.34,104.00,1083.00,9,14,14
2023-09-11T02:31:05Z,28.98,59.66,99,0,38.66,101.34,105.00,1095.00,null,null,null
2023-09-11T02:32:05Z,28.97,59.65,99,0,39.88,101.34,104.00,1083.00,null,null,null
2023-09-11T02:33:05Z,28.95,59.71,99,0,40.64,101.34,104.00,1083.00,null,null,null
2023-09-11T02:34:05Z,28.95,59.72,99,0,39.21,101.34,104.00,1083.00,null,null,null
2023-09-11T02:35:05Z,28.94,59.77,99,0,38.64,101.34,104.00,1083.00,11,16,16
2023-09-11T02:36:05Z,28.94,59.74,99,0,37.64,101.34,102.00,1071.00,null,null,null
2023-09-11T02:37:05Z,28.95,59.74,99,0,37.57,101.34,104.00,1083.00,null,null,null
2023-09-11T02:38:05Z,28.92,59.77,99,0,38.59,101.34,104.00,1083.00,null,null,null
2023-09-11T02:39:05Z,28.94,59.77,99,0,38.08,101.34,102.00,1071.00,null,null,null
2023-09-11T02:40:05Z,28.92,59.81,99,0,38.38,101.33,102.00,1071.00,11,15,15
2023-09-11T02:41:05Z,28.94,59.86,99,0,38.87,101.34,104.00,1083.00,null,null,null
2023-09-11T02:42:05Z,28.97,59.88,99,0,38.09,101.34,106.00,1102.00,null,null,null
2023-09-11T02:43:05Z,28.94,59.94,99,0,37.25,101.34,106.00,1102.00,null,null,null
2023-09-11T02:44:05Z,28.94,59.82,99,0,38.71,101.34,106.00,1102.00,null,null,null
2023-09-11T02:45:05Z,28.94,59.90,99,0,37.81,101.33,106.00,1102.00,12,15,15
2023-09-11T02:46:05Z,28.94,59.90,99,0,39.83,101.33,106.00,1102.00,null,null,null
2023-09-11T02:47:05Z,28.94,59.88,99,0,39.35,101.33,106.00,1102.00,null,null,null
2023-09-11T02:48:05Z,28.94,59.86,99,0,37.18,101.33,106.00,1102.00,null,null,null
2023-09-11T02:49:05Z,28.94,59.78,99,0,37.12,101.33,104.00,1083.00,null,null,null
2023-09-11T02:50:05Z,28.94,59.77,99,0,38.67,101.33,102.00,1071.00,14,19,19
2023-09-11T02:51:05Z,28.94,59.75,99,0,38.58,101.33,102.00,1071.00,null,null,null
2023-09-11T02:52:05Z,28.94,59.72,99,0,38.59,101.33,99.00,1056.00,null,null,null
2023-09-11T02:53:05Z,28.92,59.69,99,0,37.83,101.33,101.00,1068.00,null,null,null
2023-09-11T02:54:05Z,28.92,59.72,99,0,36.83,101.33,101.00,1068.00,null,null,null
2023-09-11T02:55:05Z,28.94,59.77,99,0,39.76,101.32,101.00,1068.00,8,12,12
2023-09-11T02:56:05Z,28.92,59.71,99,0,38.12,101.33,97.00,1041.00,null,null,null
2023-09-11T02:57:05Z,28.94,59.67,99,0,37.78,101.33,101.00,1068.00,null,null,null
2023-09-11T02:58:05Z,28.94,59.55,99,0,39.49,101.33,97.00,1041.00,null,null,null
2023-09-11T02:59:05Z,28.92,59.62,99,0,36.84,101.33,93.00,1017.00,null,null,null
