TIME,TEMP,HUM,BATT,LIGHT,NOISE_A,PRESS,CCS811_VOCS,CCS811_ECO2,PM_1,PM_25,PM_10
ISO 8601,C,%,%,Lux,dBA,kPa,ppb,ppm,ug/m3,ug/m3,ug/m3
Time,Temperature,Humidity,Battery,Light,Noise dBA,Barometric pressure,VOC Gas CCS811,eCO2 Gas CCS811,PM 1.0,PM 2.5,PM 10.0
,55,56,10,14,53,58,113,112,89,87,88
2023-09-19T00:00:49Z,23.74,70.19,99,0,26.24,100.81,94.00,1019.00,0,0,0
2023-09-19T00:01:49Z,23.71,70.22,99,0,24.07,100.82,108.00,1113.00,null,null,null
2023-09-19T00:02:49Z,23.75,70.24,99,0,23.86,100.81,108.00,1113.00,null,null,null
2023-09-19T00:03:49Z,23.73,70.24,99,0,25.56,100.82,97.00,1038.00,null,null,null
2023-09-19T00:04:49Z,23.74,70.23,99,0,25.32,100.81,108.00,1113.00,null,null,null
2023-09-19T00:05:49Z,23.73,70.21,99,0,27.02,100.81,110.00,1128.00,0,0,0
2023-09-19T00:06:49Z,23.73,70.20,99,0,25.38,100.81,110.00,1128.00,null,null,null
2023-09-19T00:07:49Z,23.74,70.22,99,0,21.85,100.80,110.00,1128.00,null,null,null
2023-09-19T00:08:49Z,23.74,70.24,99,0,24.65,100.81,111.00,1134.00,null,null,null
2023-09-19T00:09:49Z,23.74,70.27,99,0,27.62,100.81,111.00,1134.00,null,null,null
2023-09-19T00:10:49Z,23.73,70.27,99,0,24.96,100.80,112.00,1137.00,0,0,0
2023-09-19T00:11:49Z,23.73,70.29,99,0,24.50,100.80,112.00,1137.00,null,null,null
2023-09-19T00:12:49Z,23.74,70.23,99,0,23.35,100.80,112.00,1137.00,null,null,null
2023-09-19T00:13:49Z,23.73,70.21,99,0,23.68,100.81,113.00,1147.00,null,null,null
2023-09-19T00:14:49Z,23.74,70.22,99,0,22.43,100.80,111.00,1134.00,null,null,null
2023-09-19T00:15:49Z,23.74,70.23,99,0,39.21,100.80,111.00,1134.00,0,0,0
2023-09-19T00:16:49Z,23.73,70.26,99,0,21.78,100.80,111.00,1134.00,null,null,null
2023-09-19T00:17:49Z,23.75,70.24,99,0,29.50,100.81,109.00,1118.00,null,null,null
2023-09-19T00:18:49Z,23.73,70.29,99,0,30.91,100.80,94.00,1019.00,null,null,null
2023-09-19T00:19:49Z,23.74,70.28,99,0,23.63,100.80,107.00,1105.00,null,null,null
2023-09-19T00:20:49Z,23.73,70.31,99,0,21.26,100.80,104.00,1086.00,0,0,0
2023-09-19T00:21:49Z,23.73,70.25,99,0,24.27,100.80,104.00,1086.00,null,null,null
2023-09-19T00:22:49Z,23.75,70.23,99,0,22.24,100.80,103.00,1081.00,null,null,null
2023-09-19T00:23:49Z,23.73,70.24,99,0,22.43,100.80,90.00,997.00,null,null,null
2023-09-19T00:24:49Z,23.73,70.30,99,0,23.98,100.80,108.00,1113.00,null,null,null
2023-09-19T00:25:49Z,23.70,70.28,99,0,22.55,100.80,109.00,1118.00,0,0,0
2023-09-19T00:26:49Z,23.71,70.33,99,0,29.25,100.80,115.00,1156.00,null,null,null
2023-09-19T00:27:49Z,23.74,70.29,99,0,25.13,100.80,120.00,1191.00,null,null,null
2023-09-19T00:28:49Z,23.73,70.31,99,0,20.85,100.79,124.00,1220.00,null,null,null
2023-09-19T00:29:49Z,23.71,70.29,99,0,23.77,100.79,129.00,1248.00,null,null,null
2023-09-19T00:30:49Z,23.70,70.30,99,0,null,100.79,129.00,1248.00,0,0,0
2023-09-19T00:31:49Z,23.73,70.31,99,0,40.86,100.79,131.00,1262.00,null,null,null
2023-09-19T00:32:49Z,23.73,70.31,99,0,28.15,100.78,131.00,1262.00,null,null,null
2023-09-19T00:33:49Z,23.71,70.29,99,0,21.92,100.78,135.00,1291.00,null,null,null
2023-09-19T00:34:49Z,23.71,70.24,99,0,21.78,100.78,135.00,1291.00,null,null,null
2023-09-19T00:35:49Z,23.71,70.27,99,0,22.72,100.78,139.00,1313.00,0,0,0
2023-09-19T00:36:49Z,23.71,70.22,99,0,24.65,100.78,135.00,1291.00,null,null,null
2023-09-19T00:37:49Z,23.73,70.28,99,0,22.99,100.78,139.00,1313.00,null,null,null
2023-09-19T00:38:49Z,23.71,70.21,99,0,20.19,100.78,137.00,1302.00,null,null,null
2023-09-19T00:39:49Z,23.71,70.27,99,0,21.71,100.78,142.00,1334.00,null,null,null
2023-09-19T00:40:49Z,23.71,70.20,99,0,30.79,100.78,137.00,1302.00,0,0,0
2023-09-19T00:41:49Z,23.68,70.24,99,0,29.31,100.78,139.00,1313.00,null,null,null
2023-09-19T00:42:49Z,23.71,70.25,99,0,33.74,100.79,142.00,1334.00,null,null,null
2023-09-19T00:43:49Z,23.74,70.24,99,0,45.23,100.79,137.00,1302.00,null,null,null
2023-09-19T00:44:49Z,23.71,70.24,99,0,26.50,100.79,142.00,1334.00,null,null,null
2023-09-19T00:45:49Z,23.70,70.25,99,0,24.68,100.80,142.00,1334.00,0,0,0
2023-09-19T00:46:49Z,23.71,70.20,99,0,23.86,100.80,140.00,1321.00,null,null,null
2023-09-19T00:47:49Z,23.71,70.18,99,0,24.46,100.81,142.00,1334.00,null,null,null
2023-09-19T00:48:49Z,23.70,70.25,99,0,23.77,100.81,142.00,1334.00,null,null,null
2023-09-19T00:49:49Z,23.70,70.22,99,0,26.31,100.81,137.00,1302.00,null,null,null
2023-09-19T00:50:49Z,23.67,70.25,99,0,33.28,100.81,139.00,1313.00,0,0,0
2023-09-19T00:51:49Z,23.71,70.22,99,0,43.01,100.81,135.00,1291.00,null,null,null
2023-09-19T00:52:49Z,23.70,70.23,99,0,39.89,100.81,137.00,1302.00,null,null,null
2023-09-19T00:53:49Z,23.71,70.23,99,0,30.85,100.81,139.00,1313.00,null,null,null
2023-09-19T00:54:49Z,23.70,70.26,99,0,45.88,100.82,139.00,1313.00,null,null,null
2023-09-19T00:55:49Z,23.68,70.31,99,0,23.59,100.81,137.00,1302.00,0,0,0
2023-09-19T00:56:49Z,23.68,70.33,99,0,23.35,100.81,137.00,1302.00,null,null,null
2023-09-19T00:57:49Z,23.70,70.30,99,0,21.71,100.81,140.00,1321.00,null,null,null
2023-09-19T00:58:49Z,23.67,70.31,99,0,39.81,100.81,140.00,1321.00,null,null,null
2023-09-19T00:59:49Z,23.70,70.34,99,0,26.46,100.81,140.00,1321.00,null,null,null
2023-09-19T01:00:49Z,23.67,70.38,99,0,44.19,100.82,140.00,1321.00,0,0,0
2023-09-19T01:01:49Z,23.68,70.34,99,0,22.12,100.81,137.00,1302.00,null,null,null
2023-09-19T01:02:49Z,23.70,70.30,99,0,39.02,100.81,140.00,1321.00,null,null,null
2023-09-19T01:03:49Z,23.70,70.38,99,0,45.42,100.81,137.00,1302.00,null,null,null
2023-09-19T01:04:49Z,23.71,70.35,99,0,45.13,100.81,137.00,1302.00,null,null,null
2023-09-19T01:05:49Z,23.68,70.40,99,0,24.65,100.81,137.00,1302.00,0,0,0
2023-09-19T01:06:49Z,23.67,70.36,99,0,47.17,100.82,135.00,1291.00,null,null,null
2023-09-19T01:07:49Z,23.68,70.35,99,0,26.19,100.82,135.00,1291.00,null,null,null
2023-09-19T01:08:49Z,23.67,70.35,99,0,24.43,100.82,135.00,1291.00,null,null,null
2023-09-19T01:09:49Z,23.68,70.34,99,0,23.15,100.81,133.00,1277.00,null,null,null
2023-09-19T01:10:49Z,23.67,70.36,99,0,25.26,100.82,133.00,1277.00,0,0,0
2023-09-19T01:11:49Z,23.65,70.36,99,0,24.46,100.82,133.00,1277.00,null,null,null
2023-09-19T01:12:49Z,23.67,70.36,99,0,24.54,100.82,133.00,1277.00,null,null,null
2023-09-19T01:13:49Z,23.67,70.40,99,0,24.11,100.82,131.00,1262.00,null,null,null
2023-09-19T01:14:49Z,23.67,70.42,99,0,29.82,100.82,131.00,1262.00,null,null,null
2023-09-19T01:15:49Z,23.67,70.46,99,0,38.31,100.82,131.00,1262.00,0,0,0
2023-09-19T01:16:49Z,23.67,70.40,99,0,23.49,100.82,129.00,1248.00,null,null,null
2023-09-19T01:17:49Z,23.68,70.39,99,0,32.15,100.82,129.00,1248.00,null,null,null
2023-09-19T01:18:49Z,23.68,70.41,99,0,23.10,100.82,127.00,1235.00,null,null,null
2023-09-19T01:19:49Z,23.67,70.43,99,0,37.08,100.82,124.00,1220.00,null,null,null
2023-09-19T01:20:49Z,23.65,70.37,99,0,22.61,100.82,123.00,1212.00,0,0,0
2023-09-19T01:21:49Z,23.68,70.40,99,0,36.42,100.82,123.00,1212.00,null,null,null
2023-09-19T01:22:49Z,23.70,70.42,99,0,22.37,100.82,123.00,1212.00,null,null,null
2023-09-19T01:23:49Z,23.67,70.40,99,0,24.58,100.82,120.00,1191.00,null,null,null
2023-09-19T01:24:49Z,23.67,70.43,99,0,22.24,100.82,120.00,1191.00,null,null,null
2023-09-19T01:25:49Z,23.64,70.40,99,0,24.89,100.82,118.00,1178.00,0,0,0
2023-09-19T01:26:49Z,23.67,70.44,99,0,27.22,100.82,118.00,1178.00,null,null,null
2023-09-19T01:27:49Z,23.67,70.40,99,0,22.72,100.82,120.00,1191.00,null,null,null
2023-09-19T01:28:49Z,23.67,70.40,99,0,21.56,100.82,118.00,1178.00,null,null,null
2023-09-19T01:29:49Z,23.67,70.42,99,0,33.48,100.82,116.00,1163.00,null,null,null
2023-09-19T01:30:49Z,23.65,70.49,99,0,21.85,100.82,116.00,1163.00,0,0,0
2023-09-19T01:31:49Z,23.65,70.44,99,0,21.64,100.82,116.00,1163.00,null,null,null
2023-09-19T01:32:49Z,23.67,70.43,99,0,21.71,100.83,116.00,1163.00,null,null,null
2023-09-19T01:33:49Z,23.67,70.43,99,0,28.50,100.83,116.00,1163.00,null,null,null
2023-09-19T01:34:49Z,23.68,70.47,99,0,23.35,100.82,115.00,1156.00,null,null,null
2023-09-19T01:35:49Z,23.64,70.51,99,0,24.35,100.82,116.00,1163.00,0,0,0
2023-09-19T01:36:49Z,23.65,70.46,99,0,27.16,100.83,115.00,1156.00,null,null,null
2023-09-19T01:37:49Z,23.67,70.43,99,0,25.41,100.83,115.00,1156.00,null,null,null
2023-09-19T01:38:49Z,23.65,70.40,99,0,24.46,100.82,116.00,1163.00,null,null,null
2023-09-19T01:39:49Z,23.64,70.43,99,0,25.62,100.82,116.00,1163.00,null,null,null
2023-09-19T01:40:49Z,23.65,70.38,99,0,23.25,100.82,116.00,1163.00,0,0,0
2023-09-19T01:41:49Z,23.64,70.43,99,0,30.72,100.83,115.00,1156.00,null,null,null
2023-09-19T01:42:49Z,23.67,70.39,99,0,36.83,100.82,116.00,1163.00,null,null,null
2023-09-19T01:43:49Z,23.64,70.39,99,0,23.05,100.82,118.00,1178.00,null,null,null
2023-09-19T01:44:49Z,23.65,70.38,99,0,25.79,100.82,120.00,1191.00,null,null,null
2023-09-19T01:45:49Z,23.63,70.38,99,0,24.19,100.82,124.00,1220.00,0,0,0
2023-09-19T01:46:49Z,23.64,70.35,99,0,27.06,100.82,124.00,1220.00,null,null,null
2023-09-19T01:47:49Z,23.64,70.38,99,0,24.58,100.82,124.00,1220.00,null,null,null
2023-09-19T01:48:49Z,23.64,70.42,99,0,null,100.82,127.00,1235.00,null,null,null
2023-09-19T01:49:49Z,23.64,70.36,99,0,28.09,100.82,129.00,1248.00,null,null,null
2023-09-19T01:50:49Z,23.64,70.42,99,0,22.89,100.82,131.00,1262.00,0,0,0
2023-09-19T01:51:49Z,23.67,70.46,99,0,22.89,100.82,133.00,1277.00,null,null,null
2023-09-19T01:52:49Z,23.64,70.32,99,0,25.73,100.82,133.00,1277.00,null,null,null
2023-09-19T01:53:49Z,23.63,70.35,99,0,31.86,100.82,135.00,1291.00,null,null,null
2023-09-19T01:54:49Z,23.61,70.37,99,0,22.66,100.81,135.00,1291.00,null,null,null
2023-09-19T01:55:49Z,23.63,70.36,99,0,22.94,100.81,152.00,1400.00,0,0,0
2023-09-19T01:56:49Z,23.63,70.37,99,0,22.49,100.81,157.00,1432.00,null,null,null
2023-09-19T01:57:49Z,23.65,70.34,99,0,25.53,100.81,165.00,1487.00,null,null,null
2023-09-19T01:58:49Z,23.61,70.37,99,0,24.15,100.82,168.00,1494.00,null,null,null
2023-09-19T01:59:49Z,23.64,70.40,99,0,36.26,100.82,172.00,1500.00,null,null,null
2023-09-19T02:00:49Z,23.64,70.45,99,0,24.93,100.82,178.00,1511.00,0,0,0
2023-09-19T02:01:49Z,23.63,70.46,99,0,22.99,100.81,186.00,1521.00,null,null,null
2023-09-19T02:02:49Z,23.64,70.48,99,0,25.79,100.82,188.00,1525.00,null,null,null
2023-09-19T02:03:49Z,23.63,70.47,99,0,29.43,100.81,192.00,1530.00,null,null,null
2023-09-19T02:04:49Z,23.64,70.42,99,0,24.93,100.81,195.00,1534.00,null,null,null
2023-09-19T02:05:49Z,23.61,70.42,99,0,24.96,100.82,195.00,1534.00,0,0,0
2023-09-19T02:06:49Z,23.63,70.47,99,0,23.49,100.82,195.00,1534.00,null,null,null
2023-09-19T02:07:49Z,23.63,70.37,99,0,23.35,100.81,198.00,1538.00,null,null,null
2023-09-19T02:08:49Z,23.63,70.46,99,0,25.06,100.82,198.00,1538.00,null,null,null
2023-09-19T02:09:49Z,23.61,70.47,99,0,22.78,100.81,195.00,1534.00,null,null,null
2023-09-19T02:10:49Z,23.61,70.42,99,0,23.98,100.81,198.00,1538.00,0,0,0
2023-09-19T02:11:49Z,23.63,70.37,99,0,21.85,100.81,195.00,1534.00,null,null,null
2023-09-19T02:12:49Z,23.61,70.38,99,0,24.86,100.81,195.00,1534.00,null,null,null
2023-09-19T02:13:49Z,23.64,70.36,99,0,24.11,100.81,195.00,1534.00,null,null,null
2023-09-19T02:14:49Z,23.60,70.37,99,0,23.40,100.82,195.00,1534.00,null,null,null
2023-09-19T02:15:49Z,23.60,70.35,99,0,25.32,100.81,195.00,1534.00,0,0,0
2023-09-19T02:16:49Z,23.63,70.35,99,0,24.15,100.82,192.00,1530.00,null,null,null
2023-09-19T02:17:49Z,23.60,70.31,99,0,22.18,100.82,192.00,1530.00,null,null,null
2023-09-19T02:18:49Z,23.61,70.31,99,0,22.37,100.82,192.00,1530.00,null,null,null
2023-09-19T02:19:49Z,23.61,70.35,99,0,21.78,100.82,188.00,1525.00,null,null,null
2023-09-19T02:20:49Z,23.58,70.29,99,0,23.20,100.82,188.00,1525.00,0,0,0
2023-09-19T02:21:49Z,23.60,70.24,99,0,26.93,100.82,183.00,1517.00,null,null,null
2023-09-19T02:22:49Z,23.61,70.24,99,0,26.00,100.82,185.00,1520.00,null,null,null
2023-09-19T02:23:49Z,23.61,70.27,99,0,31.82,100.83,181.00,1514.00,null,null,null
2023-09-19T02:24:49Z,23.58,70.23,99,0,28.92,100.83,178.00,1511.00,null,null,null
2023-09-19T02:25:49Z,23.60,70.29,99,0,23.20,100.83,181.00,1514.00,0,0,0
2023-09-19T02:26:49Z,23.61,70.25,99,0,25.22,100.83,178.00,1511.00,null,null,null
2023-09-19T02:27:49Z,23.63,70.20,99,0,23.45,100.83,178.00,1511.00,null,null,null
2023-09-19T02:28:49Z,23.58,70.21,99,0,23.98,100.83,178.00,1509.00,null,null,null
2023-09-19T02:29:49Z,23.61,70.23,99,0,26.19,100.83,181.00,1514.00,null,null,null
2023-09-19T02:30:49Z,23.60,70.28,99,0,23.54,100.82,185.00,1520.00,0,0,0
2023-09-19T02:31:49Z,23.60,70.23,99,0,22.49,100.83,183.00,1517.00,null,null,null
2023-09-19T02:32:49Z,23.57,70.22,99,0,30.87,100.82,185.00,1520.00,null,null,null
2023-09-19T02:33:49Z,23.58,70.23,99,0,25.06,100.83,185.00,1520.00,null,null,null
2023-09-19T02:34:49Z,23.58,70.26,99,0,21.99,100.82,181.00,1514.00,null,null,null
2023-09-19T02:35:49Z,23.57,70.29,99,0,36.79,100.82,183.00,1517.00,0,0,0
2023-09-19T02:36:49Z,23.58,70.26,99,0,21.64,100.82,178.00,1511.00,null,null,null
2023-09-19T02:37:49Z,23.58,70.19,99,0,42.29,100.83,178.00,1511.00,null,null,null
2023-09-19T02:38:49Z,23.61,70.28,99,0,31.54,100.83,181.00,1514.00,null,null,null
2023-09-19T02:39:49Z,23.58,70.27,99,0,39.04,100.82,178.00,1511.00,null,null,null
2023-09-19T02:40:49Z,23.54,70.28,99,0,23.54,100.82,176.00,1506.00,0,0,0
2023-09-19T02:41:49Z,23.58,70.34,99,0,29.92,100.82,176.00,1506.00,null,null,null
2023-09-19T02:42:49Z,23.55,70.34,99,0,23.05,100.82,222.00,1571.00,null,null,null
2023-09-19T02:43:49Z,23.55,70.32,99,0,24.19,100.81,237.00,1591.00,null,null,null
2023-09-19T02:44:49Z,23.55,70.36,99,0,22.61,100.81,246.00,1601.00,null,null,null
2023-09-19T02:45:49Z,23.57,70.37,99,0,24.79,100.80,249.00,1606.00,0,0,0
2023-09-19T02:46:49Z,23.58,70.34,99,0,25.59,100.80,259.00,1615.00,null,null,null
2023-09-19T02:47:49Z,23.58,70.34,99,0,28.71,100.81,259.00,1615.00,null,null,null
2023-09-19T02:48:49Z,23.57,70.33,99,0,24.35,100.80,259.00,1615.00,null,null,null
2023-09-19T02:49:49Z,23.57,70.36,99,0,44.37,100.81,259.00,1615.00,null,null,null
2023-09-19T02:50:49Z,23.57,70.38,99,0,26.36,100.80,259.00,1615.00,0,0,0
2023-09-19T02:51:49Z,23.57,70.36,99,0,30.68,100.80,259.00,1615.00,null,null,null
2023-09-19T02:52:49Z,23.57,70.37,99,0,27.44,100.80,259.00,1615.00,null,null,null
2023-09-19T02:53:49Z,23.57,70.39,99,0,31.36,100.80,263.00,1619.00,null,null,null
2023-09-19T02:54:49Z,23.55,70.42,99,0,30.88,100.80,263.00,1619.00,null,null,null
2023-09-19T02:55:49Z,23.55,70.41,99,0,28.45,100.79,263.00,1619.00,0,0,0
2023-09-19T02:56:49Z,23.57,70.40,99,0,25.73,100.80,275.00,1632.00,null,null,null
2023-09-19T02:57:49Z,23.57,70.38,99,0,29.54,100.80,329.00,1690.00,null,null,null
2023-09-19T02:58:49Z,23.55,70.36,99,0,26.95,100.80,333.00,1695.00,null,null,null
2023-09-19T02:59:49Z,23.54,70.39,99,0,26.19,100.80,346.00,1707.00,null,null,null
2023-09-19T03:00:49Z,23.54,70.34,99,0,25.26,100.80,346.00,1707.00,0,0,0
2023-09-19T03:01:49Z,23.54,70.35,99,0,27.14,100.81,338.00,1700.00,null,null,null
2023-09-19T03:02:49Z,23.57,70.29,99,0,24.19,100.81,338.00,1700.00,null,null,null
2023-09-19T03:03:49Z,23.55,70.39,99,0,25.06,100.81,338.00,1700.00,null,null,null
2023-09-19T03:04:49Z,23.53,70.40,99,0,28.76,100.80,333.00,1695.00,null,null,null
2023-09-19T03:05:49Z,23.54,70.42,99,0,24.03,100.80,329.00,1690.00,0,0,0
2023-09-19T03:06:49Z,23.53,70.41,99,0,26.57,100.79,338.00,1700.00,null,null,null
2023-09-19T03:07:49Z,23.54,70.39,99,0,23.68,100.79,367.00,1730.00,null,null,null
2023-09-19T03:08:49Z,23.55,70.41,99,0,24.19,100.79,372.00,1735.00,null,null,null
2023-09-19T03:09:49Z,23.57,70.44,99,0,35.58,100.79,372.00,1735.00,null,null,null
2023-09-19T03:10:49Z,23.53,70.42,99,0,26.43,100.80,377.00,1738.00,0,0,0
2023-09-19T03:11:49Z,23.55,70.40,99,0,28.55,100.79,377.00,1738.00,null,null,null
2023-09-19T03:12:49Z,23.55,70.38,99,0,24.07,100.80,377.00,1738.00,null,null,null
2023-09-19T03:13:49Z,23.54,70.40,99,0,31.13,100.79,377.00,1738.00,null,null,null
2023-09-19T03:14:49Z,23.53,70.42,99,0,24.93,100.79,372.00,1735.00,null,null,null
2023-09-19T03:15:49Z,23.54,70.43,99,0,25.06,100.79,372.00,1735.00,0,0,0
2023-09-19T03:16:49Z,23.53,70.38,99,0,24.65,100.79,367.00,1730.00,null,null,null
2023-09-19T03:17:49Z,23.54,70.39,99,0,28.37,100.79,361.00,1724.00,null,null,null
2023-09-19T03:18:49Z,23.54,70.40,99,0,23.68,100.78,355.00,1717.00,null,null,null
2023-09-19T03:19:49Z,23.54,70.42,99,0,26.29,100.79,351.00,1712.00,null,null,null
2023-09-19T03:20:49Z,23.54,70.46,99,0,23.77,100.78,346.00,1707.00,0,0,0
2023-09-19T03:21:49Z,23.53,70.35,99,0,24.86,100.79,338.00,1700.00,null,null,null
2023-09-19T03:22:49Z,23.51,70.41,99,0,30.98,100.79,333.00,1695.00,null,null,null
2023-09-19T03:23:49Z,23.54,70.42,99,0,30.51,100.79,329.00,1690.00,null,null,null
2023-09-19T03:24:49Z,23.53,70.48,99,0,26.19,100.79,324.00,1686.00,null,null,null
2023-09-19T03:25:49Z,23.51,70.49,99,0,25.03,100.79,324.00,1686.00,0,0,0
2023-09-19T03:26:49Z,23.51,70.44,99,0,25.13,100.79,314.00,1676.00,null,null,null
2023-09-19T03:27:49Z,23.53,70.46,99,0,24.27,100.79,314.00,1676.00,null,null,null
2023-09-19T03:28:49Z,23.51,70.46,99,0,22.37,100.79,307.00,1668.00,null,null,null
2023-09-19T03:29:49Z,23.50,70.49,99,0,30.05,100.79,302.00,1664.00,null,null,null
2023-09-19T03:30:49Z,23.51,70.51,99,0,21.41,100.79,302.00,1664.00,0,0,0
2023-09-19T03:31:49Z,23.53,70.51,99,0,22.49,100.80,298.00,1660.00,null,null,null
2023-09-19T03:32:49Z,23.51,70.46,99,0,24.27,100.79,298.00,1660.00,null,null,null
2023-09-19T03:33:49Z,23.51,70.46,99,0,23.63,100.79,298.00,1660.00,null,null,null
2023-09-19T03:34:49Z,23.50,70.45,99,0,24.58,100.78,298.00,1660.00,null,null,null
2023-09-19T03:35:49Z,23.50,70.47,99,0,22.55,100.79,298.00,1660.00,0,0,0
2023-09-19T03:36:49Z,23.51,70.49,99,0,37.20,100.79,302.00,1664.00,null,null,null
2023-09-19T03:37:49Z,23.50,70.48,99,0,32.50,100.79,319.00,1680.00,null,null,null
2023-09-19T03:38:49Z,23.53,70.47,99,0,27.30,100.79,319.00,1680.00,null,null,null
2023-09-19T03:39:49Z,23.51,70.46,99,0,39.47,100.78,319.00,1680.00,null,null,null
2023-09-19T03:40:49Z,23.49,70.44,99,0,21.26,100.79,319.00,1680.00,0,0,0
2023-09-19T03:41:49Z,23.49,70.46,99,0,42.29,100.78,319.00,1680.00,null,null,null
2023-09-19T03:42:49Z,23.49,70.42,99,0,23.59,100.78,314.00,1676.00,null,null,null
2023-09-19T03:43:49Z,23.49,70.43,99,0,25.95,100.78,314.00,1676.00,null,null,null
2023-09-19T03:44:49Z,23.50,70.44,99,0,40.99,100.78,319.00,1680.00,null,null,null
2023-09-19T03:45:49Z,23.49,70.41,99,0,48.61,100.77,307.00,1668.00,0,0,0
2023-09-19T03:46:49Z,23.47,70.46,99,0,22.49,100.78,307.00,1668.00,null,null,null
2023-09-19T03:47:49Z,23.47,70.44,99,0,25.44,100.77,307.00,1668.00,null,null,null
2023-09-19T03:48:49Z,23.53,70.42,99,0,27.24,100.77,302.00,1664.00,null,null,null
2023-09-19T03:49:49Z,23.49,70.42,99,0,22.78,100.77,324.00,1686.00,null,null,null
2023-09-19T03:50:49Z,23.46,70.44,99,0,43.82,100.76,427.00,1779.00,0,0,0
2023-09-19T03:51:49Z,23.46,70.41,99,0,24.58,100.77,479.00,1823.00,null,null,null
2023-09-19T03:52:49Z,23.47,70.44,99,0,34.51,100.76,493.00,1833.00,null,null,null
2023-09-19T03:53:49Z,23.49,70.44,99,0,48.69,100.76,503.00,1841.00,null,null,null
2023-09-19T03:54:49Z,23.50,70.40,99,0,24.72,100.76,503.00,1841.00,null,null,null
2023-09-19T03:55:49Z,23.46,70.43,99,0,24.07,100.76,493.00,1833.00,0,0,0
2023-09-19T03:56:49Z,23.47,70.48,99,0,21.26,100.76,485.00,1828.00,null,null,null
2023-09-19T03:57:49Z,23.46,70.44,99,0,22.99,100.76,503.00,1841.00,null,null,null
2023-09-19T03:58:49Z,23.46,70.47,99,0,45.05,100.76,573.00,1892.00,null,null,null
2023-09-19T03:59:49Z,23.47,70.49,99,0,22.43,100.76,592.00,1905.00,null,null,null
2023-09-19T04:00:49Z,23.47,70.50,99,0,25.19,100.76,592.00,1905.00,0,0,0
2023-09-19T04:01:49Z,23.47,70.52,99,0,27.14,100.76,603.00,1913.00,null,null,null
2023-09-19T04:02:49Z,23.47,70.53,99,0,25.73,100.76,592.00,1905.00,null,null,null
2023-09-19T04:03:49Z,23.47,70.53,99,0,45.49,100.76,584.00,1899.00,null,null,null
2023-09-19T04:04:49Z,23.43,70.57,99,0,27.55,100.75,561.00,1884.00,null,null,null
2023-09-19T04:05:49Z,23.44,70.57,99,0,22.94,100.75,554.00,1879.00,0,0,0
2023-09-19T04:06:49Z,23.46,70.62,99,0,21.85,100.75,543.00,1870.00,null,null,null
2023-09-19T04:07:49Z,23.46,70.56,99,0,24.58,100.75,603.00,1913.00,null,null,null
2023-09-19T04:08:49Z,23.46,70.63,99,0,22.94,100.75,623.00,1925.00,null,null,null
2023-09-19T04:09:49Z,23.47,70.63,99,0,26.95,100.75,634.00,1933.00,null,null,null
2023-09-19T04:10:49Z,23.46,70.63,99,0,26.50,100.75,623.00,1925.00,0,0,0
2023-09-19T04:11:49Z,23.46,70.64,99,0,21.85,100.74,614.00,1919.00,null,null,null
2023-09-19T04:12:49Z,23.44,70.65,99,0,26.91,100.74,603.00,1913.00,null,null,null
2023-09-19T04:13:49Z,23.44,70.63,99,0,34.28,100.74,592.00,1905.00,null,null,null
2023-09-19T04:14:49Z,23.44,70.61,99,0,31.14,100.74,573.00,1892.00,null,null,null
2023-09-19T04:15:49Z,23.44,70.63,99,0,24.54,100.74,554.00,1879.00,0,0,0
2023-09-19T04:16:49Z,23.44,70.65,99,0,24.58,100.74,543.00,1870.00,null,null,null
2023-09-19T04:17:49Z,23.46,70.62,99,0,24.96,100.73,526.00,1857.00,null,null,null
2023-09-19T04:18:49Z,23.43,70.60,99,0,24.86,100.73,519.00,1852.00,null,null,null
2023-09-19T04:19:49Z,23.42,70.63,99,0,24.39,100.74,511.00,1847.00,null,null,null
2023-09-19T04:20:49Z,23.43,70.63,99,0,22.78,100.73,493.00,1833.00,0,0,0
2023-09-19T04:21:49Z,23.43,70.60,99,0,29.99,100.73,485.00,1828.00,null,null,null
2023-09-19T04:22:49Z,23.43,70.63,99,0,25.67,100.73,479.00,1823.00,null,null,null
2023-09-19T04:23:49Z,23.43,70.58,99,0,22.89,100.73,461.00,1810.00,null,null,null
2023-09-19T04:24:49Z,23.42,70.66,99,0,30.95,100.72,448.00,1799.00,null,null,null
2023-09-19T04:25:49Z,23.42,70.66,99,0,32.60,100.72,432.00,1784.00,0,0,0
2023-09-19T04:26:49Z,23.43,70.60,99,0,28.96,100.73,420.00,1775.00,null,null,null
2023-09-19T04:27:49Z,23.43,70.62,99,0,27.18,100.72,413.00,1769.00,null,null,null
2023-09-19T04:28:49Z,23.43,70.57,99,0,24.54,100.72,399.00,1756.00,null,null,null
2023-09-19T04:29:49Z,23.43,70.57,99,0,25.65,100.72,392.00,1752.00,null,null,null
2023-09-19T04:30:49Z,23.42,70.56,99,0,26.26,100.72,377.00,1738.00,0,0,0
2023-09-19T04:31:49Z,23.40,70.59,99,0,27.30,100.72,372.00,1735.00,null,null,null
2023-09-19T04:32:49Z,23.42,70.52,99,0,23.25,100.71,367.00,1730.00,null,null,null
2023-09-19T04:33:49Z,23.42,70.52,99,0,24.54,100.72,355.00,1717.00,null,null,null
2023-09-19T04:34:49Z,23.42,70.51,99,0,22.78,100.71,351.00,1712.00,null,null,null
2023-09-19T04:35:49Z,23.42,70.56,99,0,25.59,100.71,346.00,1707.00,0,0,0
2023-09-19T04:36:49Z,23.42,70.58,99,0,26.55,100.71,338.00,1700.00,null,null,null
2023-09-19T04:37:49Z,23.43,70.55,99,0,38.96,100.71,333.00,1695.00,null,null,null
2023-09-19T04:38:49Z,23.40,70.59,99,0,24.35,100.71,333.00,1695.00,null,null,null
2023-09-19T04:39:49Z,23.43,70.58,99,0,22.83,100.71,329.00,1690.00,null,null,null
2023-09-19T04:40:49Z,23.38,70.58,99,0,24.31,100.71,324.00,1686.00,0,0,0
2023-09-19T04:41:49Z,23.40,70.66,99,0,32.34,100.71,319.00,1680.00,null,null,null
2023-09-19T04:42:49Z,23.38,70.62,99,0,29.30,100.71,319.00,1680.00,null,null,null
2023-09-19T04:43:49Z,23.40,70.59,99,0,23.15,100.71,319.00,1680.00,null,null,null
2023-09-19T04:44:49Z,23.38,70.64,99,0,30.86,100.71,314.00,1676.00,null,null,null
2023-09-19T04:45:49Z,23.42,70.69,99,0,39.75,100.71,314.00,1676.00,0,0,0
2023-09-19T04:46:49Z,23.37,70.64,99,0,22.24,100.71,307.00,1668.00,null,null,null
2023-09-19T04:47:49Z,23.40,70.62,99,0,24.03,100.71,307.00,1668.00,null,null,null
2023-09-19T04:48:49Z,23.43,70.66,99,0,27.28,100.71,302.00,1664.00,null,null,null
2023-09-19T04:49:49Z,23.38,70.66,99,0,26.99,100.70,302.00,1664.00,null,null,null
2023-09-19T04:50:49Z,23.37,70.68,99,0,26.48,100.71,302.00,1664.00,0,0,0
2023-09-19T04:51:49Z,23.38,70.64,99,0,26.24,100.71,298.00,1660.00,null,null,null
2023-09-19T04:52:49Z,23.37,70.64,99,0,27.04,100.71,298.00,1660.00,null,null,null
2023-09-19T04:53:49Z,23.40,70.66,99,0,23.98,100.71,294.00,1655.00,null,null,null
2023-09-19T04:54:49Z,23.38,70.62,99,0,25.76,100.71,290.00,1651.00,null,null,null
2023-09-19T04:55:49Z,23.37,70.64,99,0,26.62,100.71,283.00,1641.00,0,0,0
2023-09-19T04:56:49Z,23.38,70.61,99,0,34.09,100.71,275.00,1632.00,null,null,null
2023-09-19T04:57:49Z,23.40,70.59,99,0,37.25,100.71,275.00,1632.00,null,null,null
2023-09-19T04:58:49Z,23.38,70.57,99,0,35.77,100.72,270.00,1628.00,null,null,null
2023-09-19T04:59:49Z,23.34,70.57,99,0,26.26,100.71,266.00,1624.00,null,null,null
2023-09-19T05:00:49Z,23.37,70.57,99,0,25.92,100.72,263.00,1619.00,0,0,0
2023-09-19T05:01:49Z,23.38,70.56,99,0,25.98,100.71,259.00,1615.00,null,null,null
2023-09-19T05:02:49Z,23.38,70.52,99,0,31.14,100.71,259.00,1615.00,null,null,null
2023-09-19T05:03:49Z,23.37,70.56,99,0,26.21,100.71,249.00,1606.00,null,null,null
2023-09-19T05:04:49Z,23.37,70.56,99,0,22.31,100.71,249.00,1606.00,null,null,null
2023-09-19T05:05:49Z,23.37,70.52,99,0,25.32,100.71,241.00,1594.00,0,0,0
2023-09-19T05:06:49Z,23.37,70.52,99,0,27.40,100.72,237.00,1591.00,null,null,null
2023-09-19T05:07:49Z,23.36,70.54,99,0,31.86,100.72,237.00,1591.00,null,null,null
2023-09-19T05:08:49Z,23.37,70.46,99,0,28.99,100.71,234.00,1587.00,null,null,null
2023-09-19T05:09:49Z,23.36,70.47,99,0,22.78,100.71,226.00,1575.00,null,null,null
2023-09-19T05:10:49Z,23.36,70.51,99,0,30.40,100.72,222.00,1571.00,0,0,0
2023-09-19T05:11:49Z,23.36,70.51,99,0,30.52,100.72,222.00,1571.00,null,null,null
2023-09-19T05:12:49Z,23.37,70.52,99,0,27.45,100.72,217.00,1563.00,null,null,null
2023-09-19T05:13:49Z,23.37,70.52,99,0,26.26,100.72,219.00,1566.00,null,null,null
2023-09-19T05:14:49Z,23.36,70.46,99,0,23.59,100.71,219.00,1566.00,null,null,null
2023-09-19T05:15:49Z,23.36,70.46,99,0,25.53,100.72,219.00,1566.00,0,0,0
2023-09-19T05:16:49Z,23.34,70.51,99,0,27.99,100.71,217.00,1563.00,null,null,null
2023-09-19T05:17:49Z,23.36,70.45,99,0,23.59,100.72,214.00,1559.00,null,null,null
2023-09-19T05:18:49Z,23.34,70.47,99,0,24.93,100.72,211.00,1556.00,null,null,null
2023-09-19T05:19:49Z,23.34,70.51,99,0,23.10,100.72,208.00,1552.00,null,null,null
2023-09-19T05:20:49Z,23.33,70.56,99,0,25.79,100.72,205.00,1547.00,0,0,0
2023-09-19T05:21:49Z,23.37,70.56,99,0,24.31,100.72,198.00,1538.00,null,null,null
2023-09-19T05:22:49Z,23.33,70.54,99,0,27.75,100.71,198.00,1538.00,null,null,null
2023-09-19T05:23:49Z,23.36,70.56,99,0,26.55,100.72,195.00,1534.00,null,null,null
2023-09-19T05:24:49Z,23.34,70.56,99,0,24.79,100.72,188.00,1525.00,null,null,null
2023-09-19T05:25:49Z,23.34,70.56,99,0,22.89,100.71,188.00,1525.00,0,0,0
2023-09-19T05:26:49Z,23.34,70.60,99,0,31.15,100.71,186.00,1521.00,null,null,null
2023-09-19T05:27:49Z,23.36,70.63,99,0,29.53,100.71,192.00,1530.00,null,null,null
2023-09-19T05:28:49Z,23.33,70.67,99,0,28.42,100.71,226.00,1575.00,null,null,null
2023-09-19T05:29:49Z,23.34,70.61,99,0,23.54,100.71,226.00,1575.00,null,null,null
2023-09-19T05:30:49Z,23.37,70.70,99,0,23.98,100.70,230.00,1582.00,0,0,0
2023-09-19T05:31:49Z,23.34,70.61,99,0,26.14,100.71,230.00,1582.00,null,null,null
2023-09-19T05:32:49Z,23.34,70.50,99,0,36.63,100.70,230.00,1582.00,null,null,null
2023-09-19T05:33:49Z,23.34,70.42,99,0,48.30,100.70,226.00,1575.00,null,null,null
2023-09-19T05:34:49Z,23.34,70.40,99,0,50.46,100.70,222.00,1571.00,null,null,null
2023-09-19T05:35:49Z,23.33,70.37,99,0,50.48,100.70,219.00,1566.00,0,0,0
2023-09-19T05:36:49Z,23.33,70.34,99,0,47.33,100.70,217.00,1563.00,null,null,null
2023-09-19T05:37:49Z,23.33,70.34,99,0,35.89,100.71,214.00,1559.00,null,null,null
2023-09-19T05:38:49Z,23.33,70.37,99,0,34.97,100.70,208.00,1552.00,null,null,null
2023-09-19T05:39:49Z,23.34,70.31,99,0,39.36,100.70,208.00,1552.00,null,null,null
2023-09-19T05:40:49Z,23.31,70.35,99,0,29.01,100.70,201.00,1543.00,0,0,0
2023-09-19T05:41:49Z,23.29,70.28,99,0,23.77,100.70,201.00,1543.00,null,null,null
2023-09-19T05:42:49Z,23.30,70.38,99,0,24.96,100.69,198.00,1538.00,null,null,null
2023-09-19T05:43:49Z,23.31,70.36,99,0,25.38,100.69,195.00,1534.00,null,null,null
2023-09-19T05:44:49Z,23.31,70.30,99,0,27.73,100.69,192.00,1530.00,null,null,null
2023-09-19T05:45:49Z,23.31,70.31,99,0,23.72,100.69,188.00,1525.00,0,0,0
2023-09-19T05:46:49Z,23.29,70.33,99,0,35.19,100.68,186.00,1521.00,null,null,null
2023-09-19T05:47:49Z,23.29,70.26,99,0,37.42,100.69,183.00,1517.00,null,null,null
2023-09-19T05:48:49Z,23.31,70.31,99,0,25.50,100.68,183.00,1517.00,null,null,null
2023-09-19T05:49:49Z,23.27,70.31,99,0,28.89,100.67,176.00,1506.00,null,null,null
2023-09-19T05:50:49Z,23.30,70.29,99,0,36.44,100.68,176.00,1506.00,0,0,0
2023-09-19T05:51:49Z,23.30,70.32,99,0,32.70,100.67,173.00,1502.00,null,null,null
2023-09-19T05:52:49Z,23.29,70.24,99,0,31.13,100.67,172.00,1500.00,null,null,null
2023-09-19T05:53:49Z,23.29,70.24,99,0,30.70,100.67,170.00,1497.00,null,null,null
2023-09-19T05:54:49Z,23.27,70.25,99,0,30.26,100.67,167.00,1499.00,null,null,null
2023-09-19T05:55:49Z,23.29,70.25,99,0,36.77,100.67,163.00,1470.00,0,0,0
2023-09-19T05:56:49Z,23.29,70.36,99,0,48.38,100.67,157.00,1432.00,null,null,null
2023-09-19T05:57:49Z,23.29,70.90,99,0,28.66,100.67,157.00,1432.00,null,null,null
2023-09-19T05:58:49Z,23.27,71.89,99,0,26.16,100.66,155.00,1420.00,null,null,null
2023-09-19T05:59:49Z,23.29,71.52,99,0,40.78,100.67,149.00,1380.00,null,null,null
2023-09-19T06:00:49Z,23.29,71.82,99,0,24.46,100.67,148.00,1372.00,0,0,0
2023-09-19T06:01:49Z,23.30,72.29,99,0,26.97,100.67,144.00,1349.00,null,null,null
2023-09-19T06:02:49Z,23.31,72.79,99,0,26.29,100.68,147.00,1367.00,null,null,null
2023-09-19T06:03:49Z,23.34,71.92,99,0,26.03,100.67,143.00,1341.00,null,null,null
2023-09-19T06:04:49Z,23.31,71.84,99,0,42.62,100.67,144.00,1349.00,null,null,null
2023-09-19T06:05:49Z,23.31,72.33,99,0,36.52,100.68,144.00,1349.00,0,0,0
2023-09-19T06:06:49Z,23.31,72.58,99,0,40.97,100.66,138.00,1307.00,null,null,null
2023-09-19T06:07:49Z,23.36,72.58,99,0,36.21,100.66,139.00,1316.00,null,null,null
2023-09-19T06:08:49Z,23.36,72.22,99,0,26.41,100.66,142.00,1338.00,null,null,null
2023-09-19T06:09:49Z,23.33,72.81,99,0,38.88,100.66,144.00,1349.00,null,null,null
2023-09-19T06:10:49Z,23.34,73.13,99,0,29.21,100.67,138.00,1307.00,0,0,0
2023-09-19T06:11:49Z,23.36,72.73,99,0,28.28,100.68,143.00,1341.00,null,null,null
2023-09-19T06:12:49Z,23.36,72.37,99,0,27.94,100.67,157.00,1432.00,null,null,null
2023-09-19T06:13:49Z,23.34,73.67,99,0,34.48,100.66,168.00,1494.00,null,null,null
2023-09-19T06:14:49Z,23.37,73.55,99,0,32.63,100.66,173.00,1502.00,null,null,null
2023-09-19T06:15:49Z,23.36,73.64,99,0,28.47,100.66,176.00,1506.00,0,0,0
2023-09-19T06:16:49Z,23.36,73.46,99,0,27.22,100.66,179.00,1512.00,null,null,null
2023-09-19T06:17:49Z,23.37,72.77,99,0,29.50,100.67,179.00,1512.00,null,null,null
2023-09-19T06:18:49Z,23.40,73.13,99,0,24.39,100.66,181.00,1515.00,null,null,null
2023-09-19T06:19:49Z,23.40,72.99,99,0,27.71,100.67,181.00,1515.00,null,null,null
2023-09-19T06:20:49Z,23.38,72.99,99,0,33.90,100.67,184.00,1519.00,0,0,0
2023-09-19T06:21:49Z,23.36,72.77,99,0,27.45,100.67,178.00,1509.00,null,null,null
2023-09-19T06:22:49Z,23.37,72.72,99,0,39.04,100.66,178.00,1509.00,null,null,null
2023-09-19T06:23:49Z,23.36,72.52,99,0,25.00,100.67,174.00,1504.00,null,null,null
2023-09-19T06:24:49Z,23.36,72.41,99,0,25.73,100.67,174.00,1504.00,null,null,null
2023-09-19T06:25:49Z,23.36,72.28,99,0,25.00,100.66,168.00,1494.00,0,0,0
2023-09-19T06:26:49Z,23.36,72.12,99,0,29.41,100.66,165.00,1487.00,null,null,null
2023-09-19T06:27:49Z,23.36,71.92,99,0,25.70,100.66,166.00,1491.00,null,null,null
2023-09-19T06:28:49Z,23.34,71.91,99,0,26.99,100.66,159.00,1445.00,null,null,null
2023-09-19T06:29:49Z,23.33,71.77,99,0,29.87,100.66,155.00,1420.00,null,null,null
2023-09-19T06:30:49Z,23.33,71.64,99,0,44.22,100.65,151.00,1397.00,0,0,0
2023-09-19T06:31:49Z,23.33,71.61,99,0,30.27,100.65,148.00,1372.00,null,null,null
2023-09-19T06:32:49Z,23.33,71.56,99,0,31.14,100.65,145.00,1356.00,null,null,null
2023-09-19T06:33:49Z,23.34,71.47,99,0,30.80,100.66,142.00,1338.00,null,null,null
2023-09-19T06:34:49Z,23.34,71.45,99,0,30.02,100.65,140.00,1324.00,null,null,null
2023-09-19T06:35:49Z,23.33,71.42,99,0,31.74,100.65,138.00,1310.00,0,0,0
2023-09-19T06:36:49Z,23.31,71.34,99,0,29.08,100.65,136.00,1295.00,null,null,null
2023-09-19T06:37:49Z,23.31,71.29,99,0,30.23,100.65,131.00,1266.00,null,null,null
2023-09-19T06:38:49Z,23.33,71.26,99,0,28.85,100.65,131.00,1266.00,null,null,null
2023-09-19T06:39:49Z,23.30,71.19,99,0,29.95,100.65,129.00,1252.00,null,null,null
2023-09-19T06:40:49Z,23.30,71.21,99,0,27.45,100.64,129.00,1252.00,0,0,0
2023-09-19T06:41:49Z,23.31,71.16,99,0,29.92,100.65,127.00,1238.00,null,null,null
2023-09-19T06:42:49Z,23.31,71.10,99,0,31.31,100.65,125.00,1224.00,null,null,null
2023-09-19T06:43:49Z,23.30,71.18,99,0,52.94,100.65,122.00,1207.00,null,null,null
2023-09-19T06:44:49Z,23.29,71.24,99,0,31.14,100.65,122.00,1201.00,null,null,null
2023-09-19T06:45:49Z,23.27,71.15,99,0,23.90,100.64,122.00,1201.00,0,0,0
2023-09-19T06:46:49Z,23.30,71.01,99,0,32.70,100.64,118.00,1181.00,null,null,null
2023-09-19T06:47:49Z,23.30,71.02,99,0,32.61,100.65,117.00,1168.00,null,null,null
2023-09-19T06:48:49Z,23.29,70.99,99,0,29.16,100.65,114.00,1153.00,null,null,null
2023-09-19T06:49:49Z,23.27,71.01,99,0,29.05,100.64,114.00,1153.00,null,null,null
2023-09-19T06:50:49Z,23.27,70.98,99,0,49.21,100.64,113.00,1147.00,0,0,0
2023-09-19T06:51:49Z,23.27,70.96,99,0,27.22,100.65,113.00,1147.00,null,null,null
2023-09-19T06:52:49Z,23.29,70.85,99,0,33.59,100.65,110.00,1128.00,null,null,null
2023-09-19T06:53:49Z,23.27,70.93,99,0,24.89,100.65,108.00,1113.00,null,null,null
2023-09-19T06:54:49Z,23.29,70.93,99,0,28.68,100.64,110.00,1128.00,null,null,null
2023-09-19T06:55:49Z,23.26,70.96,99,0,26.84,100.64,113.00,1147.00,0,0,0
2023-09-19T06:56:49Z,23.27,70.80,99,0,27.04,100.64,110.00,1128.00,null,null,null
2023-09-19T06:57:49Z,23.26,70.75,99,0,26.00,100.64,108.00,1113.00,null,null,null
2023-09-19T06:58:49Z,23.26,70.83,99,0,26.50,100.64,107.00,1107.00,null,null,null
2023-09-19T06:59:49Z,23.25,70.74,99,0,29.13,100.64,105.00,1095.00,null,null,null
2023-09-19T07:00:49Z,23.26,70.75,99,1,26.31,100.63,107.00,1105.00,0,0,0
2023-09-19T07:01:49Z,23.27,70.67,99,1,29.28,100.63,103.00,1077.00,null,null,null
2023-09-19T07:02:49Z,23.26,70.67,99,1,28.40,100.63,103.00,1081.00,null,null,null
2023-09-19T07:03:49Z,23.25,70.64,99,1,25.09,100.63,101.00,1068.00,null,null,null
2023-09-19T07:04:49Z,23.25,70.62,99,1,34.20,100.63,101.00,1068.00,null,null,null
2023-09-19T07:05:49Z,23.23,70.58,99,1,26.60,100.63,99.00,1056.00,0,0,0
2023-09-19T07:06:49Z,23.25,70.58,99,0,30.52,100.62,97.00,1041.00,null,null,null
2023-09-19T07:07:49Z,23.23,70.49,99,0,25.70,100.62,98.00,1047.00,null,null,null
2023-09-19T07:08:49Z,23.22,70.52,99,0,29.05,100.62,95.00,1029.00,null,null,null
2023-09-19T07:09:49Z,23.25,70.51,99,1,29.51,100.62,95.00,1029.00,null,null,null
2023-09-19T07:10:49Z,23.22,70.48,99,1,25.13,100.61,92.00,1007.00,0,0,0
2023-09-19T07:11:49Z,23.20,70.45,99,1,24.83,100.62,91.00,1001.00,null,null,null
2023-09-19T07:12:49Z,23.20,70.40,99,1,22.61,100.61,91.00,1001.00,null,null,null
2023-09-19T07:13:49Z,23.17,70.39,99,0,23.94,100.62,90.00,995.00,null,null,null
2023-09-19T07:14:49Z,23.20,70.34,99,1,21.71,100.61,87.00,977.00,null,null,null
2023-09-19T07:15:49Z,23.19,70.33,99,1,29.04,100.62,87.00,972.00,0,0,0
2023-09-19T07:16:49Z,23.19,70.32,99,1,23.45,100.61,85.00,961.00,null,null,null
2023-09-19T07:17:49Z,23.20,70.34,99,1,27.14,100.61,85.00,961.00,null,null,null
2023-09-19T07:18:49Z,23.17,70.25,99,1,27.55,100.61,84.00,954.00,null,null,null
2023-09-19T07:19:49Z,23.20,70.25,99,1,26.53,100.61,84.00,954.00,null,null,null
2023-09-19T07:20:49Z,23.17,70.24,99,1,24.39,100.61,82.00,942.00,0,0,0
2023-09-19T07:21:49Z,23.20,70.21,99,1,25.73,100.62,80.00,930.00,null,null,null
2023-09-19T07:22:49Z,23.19,70.15,99,0,28.12,100.61,80.00,930.00,null,null,null
2023-09-19T07:23:49Z,23.19,70.17,99,0,27.20,100.61,80.00,930.00,null,null,null
2023-09-19T07:24:49Z,23.19,70.12,99,0,24.15,100.61,78.00,915.00,null,null,null
2023-09-19T07:25:49Z,23.19,70.11,99,0,25.03,100.61,77.00,907.00,0,0,0
2023-09-19T07:26:49Z,23.17,69.99,99,0,24.86,100.60,74.00,887.00,null,null,null
2023-09-19T07:27:49Z,23.17,70.02,99,1,24.96,100.60,74.00,887.00,null,null,null
2023-09-19T07:28:49Z,23.17,70.00,99,1,26.24,100.60,72.00,877.00,null,null,null
2023-09-19T07:29:49Z,23.15,70.02,99,1,24.86,100.59,72.00,877.00,null,null,null
2023-09-19T07:30:49Z,23.15,69.99,99,1,24.72,100.59,71.00,870.00,0,0,0
2023-09-19T07:31:49Z,23.16,70.01,99,1,23.10,100.59,69.00,855.00,null,null,null
2023-09-19T07:32:49Z,23.15,70.00,99,0,21.85,100.59,69.00,855.00,null,null,null
2023-09-19T07:33:49Z,23.15,69.98,99,0,22.31,100.59,68.00,848.00,null,null,null
2023-09-19T07:34:49Z,23.16,70.02,99,1,31.52,100.59,66.00,838.00,null,null,null
2023-09-19T07:35:49Z,23.15,69.99,99,1,25.50,100.59,66.00,838.00,0,0,0
2023-09-19T07:36:49Z,23.15,69.98,99,1,30.68,100.59,63.00,819.00,null,null,null
2023-09-19T07:37:49Z,23.13,69.91,99,1,26.62,100.59,63.00,819.00,null,null,null
2023-09-19T07:38:49Z,23.15,69.97,99,1,23.20,100.60,63.00,815.00,null,null,null
2023-09-19T07:39:49Z,23.13,69.97,99,1,25.56,100.59,62.00,808.00,null,null,null
2023-09-19T07:40:49Z,23.12,69.94,99,0,22.31,100.59,62.00,808.00,0,0,0
2023-09-19T07:41:49Z,23.10,69.89,99,0,23.63,100.59,62.00,808.00,null,null,null
2023-09-19T07:42:49Z,23.12,69.91,99,0,23.81,100.58,62.00,808.00,null,null,null
2023-09-19T07:43:49Z,23.13,69.89,99,0,26.31,100.59,60.00,800.00,null,null,null
2023-09-19T07:44:49Z,23.10,69.87,99,0,22.72,100.58,59.00,793.00,null,null,null
2023-09-19T07:45:49Z,23.10,69.92,99,0,26.41,100.57,59.00,793.00,0,0,0
2023-09-19T07:46:49Z,23.10,69.91,99,0,25.50,100.58,58.00,783.00,null,null,null
2023-09-19T07:47:49Z,23.10,69.85,99,0,24.89,100.57,58.00,783.00,null,null,null
2023-09-19T07:48:49Z,23.09,69.88,99,0,28.80,100.57,58.00,783.00,null,null,null
2023-09-19T07:49:49Z,23.07,69.89,99,0,24.65,100.58,56.00,774.00,null,null,null
2023-09-19T07:50:49Z,23.06,69.86,99,0,35.82,100.57,56.00,774.00,0,0,0
2023-09-19T07:51:49Z,23.07,69.86,99,0,24.07,100.57,56.00,770.00,null,null,null
2023-09-19T07:52:49Z,23.10,69.89,99,0,22.31,100.57,56.00,770.00,null,null,null
2023-09-19T07:53:49Z,23.10,69.84,99,0,25.06,100.57,55.00,763.00,null,null,null
2023-09-19T07:54:49Z,23.09,69.88,99,0,24.83,100.57,55.00,763.00,null,null,null
2023-09-19T07:55:49Z,23.05,69.90,99,0,27.34,100.57,53.00,754.00,0,0,0
2023-09-19T07:56:49Z,23.07,69.80,99,0,25.44,100.57,53.00,754.00,null,null,null
2023-09-19T07:57:49Z,23.09,69.87,99,0,26.93,100.58,52.00,746.00,null,null,null
2023-09-19T07:58:49Z,23.09,69.82,99,0,25.79,100.57,52.00,746.00,null,null,null
2023-09-19T07:59:49Z,23.07,69.85,99,0,25.13,100.58,52.00,746.00,null,null,null
2023-09-19T08:00:49Z,23.06,69.79,99,0,23.49,100.57,51.00,737.00,0,0,0
2023-09-19T08:01:49Z,23.05,69.81,99,0,25.29,100.58,50.00,732.00,null,null,null
2023-09-19T08:02:49Z,23.06,69.77,99,0,23.86,100.57,50.00,732.00,null,null,null
2023-09-19T08:03:49Z,23.06,69.79,99,0,22.78,100.57,49.00,728.00,null,null,null
2023-09-19T08:04:49Z,23.03,69.81,99,0,24.86,100.57,49.00,728.00,null,null,null
2023-09-19T08:05:49Z,23.05,69.80,99,0,25.56,100.57,47.00,712.00,0,0,0
2023-09-19T08:06:49Z,23.05,69.81,99,0,24.35,100.57,47.00,712.00,null,null,null
2023-09-19T08:07:49Z,23.03,69.78,99,0,23.35,100.57,47.00,712.00,null,null,null
2023-09-19T08:08:49Z,23.02,69.76,99,0,26.41,100.57,46.00,708.00,null,null,null
2023-09-19T08:09:49Z,23.00,69.77,99,0,25.90,100.57,46.00,708.00,null,null,null
2023-09-19T08:10:49Z,23.00,69.84,99,0,24.72,100.57,46.00,702.00,0,0,0
2023-09-19T08:11:49Z,23.03,69.73,99,0,24.07,100.57,46.00,702.00,null,null,null
2023-09-19T08:12:49Z,23.02,69.75,99,0,27.10,100.57,45.00,700.00,null,null,null
2023-09-19T08:13:49Z,23.03,69.72,99,0,26.36,100.57,44.00,694.00,null,null,null
2023-09-19T08:14:49Z,22.99,69.75,99,0,24.61,100.57,44.00,694.00,null,null,null
2023-09-19T08:15:49Z,23.00,69.78,99,0,28.04,100.58,43.00,688.00,0,0,0
2023-09-19T08:16:49Z,23.00,69.72,99,0,26.00,100.58,42.00,679.00,null,null,null
2023-09-19T08:17:49Z,22.99,69.67,99,1,25.87,100.57,43.00,686.00,null,null,null
2023-09-19T08:18:49Z,22.98,69.66,99,1,25.26,100.58,43.00,686.00,null,null,null
2023-09-19T08:19:49Z,23.00,69.72,99,1,24.65,100.57,42.00,678.00,null,null,null
2023-09-19T08:20:49Z,22.99,69.72,99,1,26.57,100.58,42.00,678.00,0,0,0
2023-09-19T08:21:49Z,23.00,69.67,99,2,24.50,100.57,41.00,674.00,null,null,null
2023-09-19T08:22:49Z,22.99,69.69,99,2,27.40,100.58,41.00,674.00,null,null,null
2023-09-19T08:23:49Z,22.99,69.62,99,2,23.77,100.57,40.00,668.00,null,null,null
2023-09-19T08:24:49Z,22.98,69.64,99,2,24.39,100.57,40.00,668.00,null,null,null
2023-09-19T08:25:49Z,22.99,69.72,99,3,21.71,100.57,40.00,668.00,0,0,0
2023-09-19T08:26:49Z,22.98,69.67,99,3,28.22,100.58,39.00,659.00,null,null,null
2023-09-19T08:27:49Z,22.96,69.68,99,2,24.86,100.58,39.00,659.00,null,null,null
2023-09-19T08:28:49Z,22.95,69.68,99,2,24.58,100.57,38.00,652.00,null,null,null
2023-09-19T08:29:49Z,22.95,69.66,99,2,24.46,100.57,38.00,652.00,null,null,null
2023-09-19T08:30:49Z,22.98,69.68,99,1,21.85,100.57,37.00,646.00,0,0,0
2023-09-19T08:31:49Z,22.95,69.63,99,1,25.59,100.58,37.00,646.00,null,null,null
2023-09-19T08:32:49Z,22.98,69.64,99,1,24.93,100.58,37.00,643.00,null,null,null
2023-09-19T08:33:49Z,22.96,69.69,99,1,26.60,100.57,37.00,643.00,null,null,null
2023-09-19T08:34:49Z,22.95,69.61,99,2,24.31,100.57,37.00,643.00,null,null,null
2023-09-19T08:35:49Z,22.95,69.67,99,2,27.82,100.57,36.00,637.00,0,0,0
2023-09-19T08:36:49Z,22.95,69.67,99,2,26.99,100.57,36.00,637.00,null,null,null
2023-09-19T08:37:49Z,22.95,69.66,99,1,27.47,100.57,35.00,631.00,null,null,null
2023-09-19T08:38:49Z,22.95,69.64,99,2,22.37,100.57,35.00,631.00,null,null,null
2023-09-19T08:39:49Z,22.95,69.63,99,1,24.72,100.57,34.00,624.00,null,null,null
2023-09-19T08:40:49Z,22.91,69.60,99,2,23.63,100.57,34.00,624.00,0,0,0
2023-09-19T08:41:49Z,22.94,69.64,99,1,23.59,100.57,33.00,618.00,null,null,null
2023-09-19T08:42:49Z,22.92,69.64,99,2,25.16,100.57,33.00,618.00,null,null,null
2023-09-19T08:43:49Z,22.92,69.60,99,2,25.09,100.57,33.00,618.00,null,null,null
2023-09-19T08:44:49Z,22.92,69.62,99,2,25.29,100.57,32.00,612.00,null,null,null
2023-09-19T08:45:49Z,22.92,69.61,99,2,24.68,100.57,31.00,607.00,0,0,0
2023-09-19T08:46:49Z,22.91,69.58,99,2,27.12,100.58,30.00,602.00,null,null,null
2023-09-19T08:47:49Z,22.94,69.55,99,2,25.90,100.57,31.00,607.00,null,null,null
2023-09-19T08:48:49Z,22.91,69.63,99,1,24.15,100.57,30.00,602.00,null,null,null
2023-09-19T08:49:49Z,22.91,69.58,99,1,22.89,100.57,30.00,602.00,null,null,null
2023-09-19T08:50:49Z,22.91,69.60,99,2,27.04,100.58,29.00,594.00,0,0,0
2023-09-19T08:51:49Z,22.91,69.61,99,2,22.99,100.58,28.00,589.00,null,null,null
2023-09-19T08:52:49Z,22.91,69.57,99,2,22.61,100.58,29.00,594.00,null,null,null
2023-09-19T08:53:49Z,22.91,69.54,99,2,25.87,100.57,28.00,589.00,null,null,null
2023-09-19T08:54:49Z,22.91,69.55,99,2,24.15,100.56,28.00,584.00,null,null,null
2023-09-19T08:55:49Z,22.89,69.58,99,2,26.57,100.55,28.00,584.00,0,0,0
2023-09-19T08:56:49Z,22.88,69.56,99,2,24.68,100.56,27.00,580.00,null,null,null
2023-09-19T08:57:49Z,22.89,69.59,99,0,27.40,100.55,28.00,584.00,null,null,null
2023-09-19T08:58:49Z,22.88,69.54,99,1,27.28,100.56,27.00,580.00,null,null,null
2023-09-19T08:59:49Z,22.86,69.56,99,1,27.89,100.56,27.00,580.00,null,null,null
2023-09-19T09:00:49Z,22.88,69.61,99,1,25.70,100.56,24.00,564.00,0,0,0
2023-09-19T09:01:49Z,22.86,69.54,99,0,26.57,100.56,24.00,564.00,null,null,null
2023-09-19T09:02:49Z,22.85,69.56,99,1,22.83,100.56,24.00,564.00,null,null,null
2023-09-19T09:03:49Z,22.85,69.56,99,1,26.21,100.56,23.00,556.00,null,null,null
2023-09-19T09:04:49Z,22.85,69.57,99,1,25.38,100.56,23.00,556.00,null,null,null
2023-09-19T09:05:49Z,22.86,69.57,99,1,23.86,100.57,24.00,564.00,0,0,0
2023-09-19T09:06:49Z,22.88,69.56,99,1,28.52,100.56,23.00,553.00,null,null,null
2023-09-19T09:07:49Z,22.86,69.56,99,0,32.87,100.56,23.00,556.00,null,null,null
2023-09-19T09:08:49Z,22.86,69.55,99,1,24.83,100.56,23.00,556.00,null,null,null
2023-09-19T09:09:49Z,22.88,69.51,99,1,23.54,100.58,23.00,553.00,null,null,null
2023-09-19T09:10:49Z,22.85,69.56,99,0,26.67,100.55,23.00,553.00,0,0,0
2023-09-19T09:11:49Z,22.85,69.55,99,0,23.81,100.56,22.00,548.00,null,null,null
2023-09-19T09:12:49Z,22.85,69.53,99,0,25.47,100.56,22.00,548.00,null,null,null
2023-09-19T09:13:49Z,22.85,69.52,99,0,26.53,100.56,22.00,548.00,null,null,null
2023-09-19T09:14:49Z,22.83,69.53,99,0,23.30,100.57,21.00,543.00,null,null,null
2023-09-19T09:15:49Z,22.83,69.52,99,0,24.11,100.57,21.00,543.00,0,0,0
2023-09-19T09:16:49Z,22.83,69.53,99,0,24.72,100.56,20.00,537.00,null,null,null
2023-09-19T09:17:49Z,22.83,69.53,99,0,23.05,100.57,20.00,533.00,null,null,null
2023-09-19T09:18:49Z,22.83,69.51,99,0,24.93,100.58,20.00,533.00,null,null,null
2023-09-19T09:19:49Z,22.83,69.51,99,0,26.73,100.56,19.00,530.00,null,null,null
2023-09-19T09:20:49Z,22.80,69.50,99,0,28.01,100.56,19.00,530.00,0,0,0
2023-09-19T09:21:49Z,22.85,69.46,99,0,25.09,100.57,19.00,530.00,null,null,null
2023-09-19T09:22:49Z,22.83,69.43,99,0,23.45,100.57,19.00,526.00,null,null,null
2023-09-19T09:23:49Z,22.80,69.44,99,0,23.25,100.57,19.00,526.00,null,null,null
2023-09-19T09:24:49Z,22.80,69.45,99,0,25.56,100.57,19.00,526.00,null,null,null
2023-09-19T09:25:49Z,22.80,69.48,99,0,27.71,100.57,18.00,519.00,0,0,0
2023-09-19T09:26:49Z,22.79,69.46,99,0,21.02,100.56,18.00,519.00,null,null,null
2023-09-19T09:27:49Z,22.80,69.45,99,0,29.20,100.56,17.00,514.00,null,null,null
2023-09-19T09:28:49Z,22.80,69.44,99,0,27.26,100.56,17.00,514.00,null,null,null
2023-09-19T09:29:49Z,22.83,69.44,99,0,27.64,100.57,15.00,505.00,null,null,null
2023-09-19T09:30:49Z,22.82,69.47,99,0,25.62,100.56,15.00,505.00,0,0,0
2023-09-19T09:31:49Z,22.80,69.42,99,0,28.78,100.55,15.00,502.00,null,null,null
2023-09-19T09:32:49Z,22.80,69.47,99,0,33.05,100.56,15.00,502.00,null,null,null
2023-09-19T09:33:49Z,22.79,69.39,99,0,24.50,100.56,14.00,498.00,null,null,null
2023-09-19T09:34:49Z,22.78,69.46,99,0,21.78,100.56,14.00,498.00,null,null,null
2023-09-19T09:35:49Z,22.79,69.41,99,0,24.96,100.56,14.00,498.00,0,0,0
2023-09-19T09:36:49Z,22.78,69.43,99,0,25.82,100.57,14.00,493.00,null,null,null
2023-09-19T09:37:49Z,22.78,69.41,99,0,25.16,100.56,13.00,487.00,null,null,null
2023-09-19T09:38:49Z,22.78,69.42,99,0,31.61,100.56,13.00,487.00,null,null,null
2023-09-19T09:39:49Z,22.79,69.36,99,0,27.02,100.56,13.00,487.00,null,null,null
2023-09-19T09:40:49Z,22.76,69.42,99,0,26.26,100.56,12.00,483.00,0,0,0
2023-09-19T09:41:49Z,22.78,69.42,99,0,28.99,100.56,12.00,483.00,null,null,null
2023-09-19T09:42:49Z,22.78,69.45,99,0,31.79,100.56,12.00,483.00,null,null,null
2023-09-19T09:43:49Z,22.75,69.42,99,0,29.30,100.56,12.00,481.00,null,null,null
2023-09-19T09:44:49Z,22.79,69.42,99,0,23.15,100.56,11.00,477.00,null,null,null
2023-09-19T09:45:49Z,22.76,69.41,99,0,23.59,100.56,11.00,477.00,0,0,0
2023-09-19T09:46:49Z,22.76,69.35,99,0,24.43,100.57,11.00,477.00,null,null,null
2023-09-19T09:47:49Z,22.78,69.36,99,0,26.34,100.56,10.00,472.00,null,null,null
2023-09-19T09:48:49Z,22.76,69.36,99,0,31.07,100.56,10.00,472.00,null,null,null
2023-09-19T09:49:49Z,22.76,69.38,99,0,32.98,100.56,9.00,465.00,null,null,null
2023-09-19T09:50:49Z,22.78,69.38,99,0,26.73,100.56,9.00,465.00,0,0,0
2023-09-19T09:51:49Z,22.78,69.30,99,1,31.03,100.57,9.00,465.00,null,null,null
2023-09-19T09:52:49Z,22.75,69.33,99,1,25.06,100.56,9.00,463.00,null,null,null
2023-09-19T09:53:49Z,22.75,69.32,99,2,24.68,100.56,15.00,505.00,null,null,null
2023-09-19T09:54:49Z,22.76,69.35,99,2,30.72,100.55,15.00,505.00,null,null,null
2023-09-19T09:55:49Z,22.76,69.37,99,3,26.55,100.54,15.00,502.00,0,0,0
2023-09-19T09:56:49Z,22.74,69.34,99,4,25.50,100.55,15.00,505.00,null,null,null
2023-09-19T09:57:49Z,22.74,69.33,99,3,24.76,100.54,23.00,551.00,null,null,null
2023-09-19T09:58:49Z,22.74,69.35,99,3,26.55,100.55,21.00,542.00,null,null,null
2023-09-19T09:59:49Z,22.74,69.32,99,4,26.41,100.54,20.00,536.00,null,null,null
2023-09-19T10:00:49Z,22.74,69.45,99,3,24.31,100.54,21.00,542.00,0,0,0
2023-09-19T10:01:49Z,22.74,69.27,99,3,30.60,100.54,20.00,536.00,null,null,null
2023-09-19T10:02:49Z,22.75,69.29,99,2,24.03,100.54,20.00,533.00,null,null,null
2023-09-19T10:03:49Z,22.75,69.27,99,2,23.68,100.54,12.00,481.00,null,null,null
2023-09-19T10:04:49Z,22.74,69.29,99,2,20.58,100.55,11.00,477.00,null,null,null
2023-09-19T10:05:49Z,22.71,69.28,99,1,24.76,100.54,17.00,515.00,0,0,0
2023-09-19T10:06:49Z,22.72,69.22,99,0,47.32,100.54,15.00,501.00,null,null,null
2023-09-19T10:07:49Z,22.71,69.21,99,0,28.07,100.54,17.00,515.00,null,null,null
2023-09-19T10:08:49Z,22.71,69.16,99,1,27.14,100.55,15.00,500.00,null,null,null
2023-09-19T10:09:49Z,22.72,69.12,99,0,26.97,100.53,15.00,500.00,null,null,null
2023-09-19T10:10:49Z,22.69,69.10,99,0,26.53,100.55,14.00,497.00,0,0,0
2023-09-19T10:11:49Z,22.74,69.11,99,1,27.55,100.55,13.00,488.00,null,null,null
2023-09-19T10:12:49Z,22.72,69.12,99,2,24.65,100.53,13.00,488.00,null,null,null
2023-09-19T10:13:49Z,22.69,69.07,99,1,26.97,100.54,13.00,488.00,null,null,null
2023-09-19T10:14:49Z,22.71,69.06,99,2,27.12,100.54,12.00,485.00,null,null,null
2023-09-19T10:15:49Z,22.69,69.04,99,1,23.86,100.53,11.00,475.00,0,0,0
2023-09-19T10:16:49Z,22.69,69.02,99,1,27.06,100.53,10.00,466.00,null,null,null
2023-09-19T10:17:49Z,22.74,69.04,99,1,26.71,100.53,11.00,475.00,null,null,null
2023-09-19T10:18:49Z,22.68,68.95,99,1,27.04,100.53,10.00,466.00,null,null,null
2023-09-19T10:19:49Z,22.68,69.00,99,1,34.56,100.53,9.00,464.00,null,null,null
2023-09-19T10:20:49Z,22.69,68.92,99,0,33.93,100.54,9.00,460.00,0,0,0
2023-09-19T10:21:49Z,22.69,68.95,99,0,27.62,100.53,7.00,450.00,null,null,null
2023-09-19T10:22:49Z,22.69,68.93,99,1,31.56,100.53,8.00,456.00,null,null,null
2023-09-19T10:23:49Z,22.69,68.99,99,0,30.39,100.53,8.00,456.00,null,null,null
2023-09-19T10:24:49Z,22.68,69.03,99,1,26.00,100.52,7.00,450.00,null,null,null
2023-09-19T10:25:49Z,22.68,69.01,99,1,31.59,100.53,7.00,446.00,0,0,0
2023-09-19T10:26:49Z,22.68,69.01,99,1,30.69,100.54,5.00,438.00,null,null,null
2023-09-19T10:27:49Z,22.66,68.91,99,2,27.78,100.53,5.00,438.00,null,null,null
2023-09-19T10:28:49Z,22.68,68.87,99,2,27.44,100.56,4.00,432.00,null,null,null
2023-09-19T10:29:49Z,22.66,68.95,99,2,23.98,100.53,4.00,432.00,null,null,null
2023-09-19T10:30:49Z,22.66,68.92,99,3,24.54,100.53,3.00,426.00,0,0,0
2023-09-19T10:31:49Z,22.66,68.90,99,3,29.89,100.53,3.00,422.00,null,null,null
2023-09-19T10:32:49Z,22.66,68.90,99,3,27.78,100.53,3.00,426.00,null,null,null
2023-09-19T10:33:49Z,22.65,68.93,99,4,29.04,100.55,3.00,426.00,null,null,null
2023-09-19T10:34:49Z,22.65,68.93,99,4,28.36,100.51,3.00,422.00,null,null,null
2023-09-19T10:35:49Z,22.65,68.97,99,3,28.34,100.52,3.00,420.00,0,0,0
2023-09-19T10:36:49Z,22.66,68.88,99,4,23.94,100.52,3.00,420.00,null,null,null
2023-09-19T10:37:49Z,22.64,68.89,99,5,30.49,100.52,2.00,416.00,null,null,null
2023-09-19T10:38:49Z,22.64,68.88,99,4,26.14,100.52,2.00,416.00,null,null,null
2023-09-19T10:39:49Z,22.65,68.92,99,4,25.13,100.52,1.00,410.00,null,null,null
2023-09-19T10:40:49Z,22.62,68.87,99,5,27.26,100.53,1.00,410.00,0,0,0
2023-09-19T10:41:49Z,22.64,68.98,99,5,49.08,100.55,1.00,407.00,null,null,null
2023-09-19T10:42:49Z,22.64,68.84,99,3,35.46,100.53,1.00,407.00,null,null,null
2023-09-19T10:43:49Z,22.62,68.88,99,4,28.09,100.53,0.00,403.00,null,null,null
2023-09-19T10:44:49Z,22.62,68.85,99,3,24.39,100.51,0.00,403.00,null,null,null
2023-09-19T10:45:49Z,22.62,68.88,99,3,25.79,100.53,0.00,400.00,0,0,0
2023-09-19T10:46:49Z,22.62,68.83,99,2,24.39,100.51,0.00,400.00,null,null,null
2023-09-19T10:47:49Z,22.62,68.79,99,2,25.22,100.52,0.00,400.00,null,null,null
2023-09-19T10:48:49Z,22.62,68.80,99,3,22.66,100.51,0.00,400.00,null,null,null
2023-09-19T10:49:49Z,22.62,68.77,99,3,25.82,100.51,0.00,400.00,null,null,null
2023-09-19T10:50:49Z,22.59,68.79,99,3,26.21,100.52,0.00,400.00,0,0,0
2023-09-19T10:51:49Z,22.59,68.80,99,3,25.67,100.52,0.00,400.00,null,null,null
2023-09-19T10:52:49Z,22.61,68.72,99,2,22.49,100.51,0.00,400.00,null,null,null
2023-09-19T10:53:49Z,22.59,68.72,99,2,26.31,100.51,0.00,400.00,null,null,null
2023-09-19T10:54:49Z,22.64,68.77,99,2,25.41,100.52,0.00,400.00,null,null,null
2023-09-19T10:55:49Z,22.61,68.81,99,2,24.23,100.51,0.00,400.00,0,0,0
2023-09-19T10:56:49Z,22.59,68.77,99,2,26.24,100.52,0.00,400.00,null,null,null
2023-09-19T10:57:49Z,22.62,68.77,99,2,26.80,100.50,0.00,400.00,null,null,null
2023-09-19T10:58:49Z,22.61,68.75,99,2,27.57,100.52,0.00,400.00,null,null,null
2023-09-19T10:59:49Z,22.59,68.78,99,2,23.45,100.52,0.00,400.00,null,null,null
2023-09-19T11:00:49Z,22.59,68.64,99,2,24.58,100.50,0.00,400.00,0,0,0
2023-09-19T11:01:49Z,22.59,68.60,99,2,27.66,100.53,0.00,401.00,null,null,null
2023-09-19T11:02:49Z,22.56,68.61,99,2,24.03,100.53,0.00,401.00,null,null,null
2023-09-19T11:03:49Z,22.56,68.62,99,2,22.37,100.52,0.00,400.00,null,null,null
2023-09-19T11:04:49Z,22.59,68.63,99,2,39.68,100.52,0.00,400.00,null,null,null
2023-09-19T11:05:49Z,22.56,68.65,99,2,25.03,100.53,0.00,400.00,0,0,0
2023-09-19T11:06:49Z,22.61,68.69,99,2,28.71,100.54,0.00,400.00,null,null,null
2023-09-19T11:07:49Z,22.56,68.60,99,1,22.72,100.53,0.00,400.00,null,null,null
2023-09-19T11:08:49Z,22.58,68.58,99,2,25.95,100.52,0.00,400.00,null,null,null
2023-09-19T11:09:49Z,22.55,68.55,99,2,42.49,100.52,0.00,400.00,null,null,null
2023-09-19T11:10:49Z,22.55,68.51,99,2,28.34,100.52,0.00,400.00,0,0,0
2023-09-19T11:11:49Z,22.59,68.48,99,2,31.07,100.52,0.00,400.00,null,null,null
2023-09-19T11:12:49Z,22.56,68.42,99,1,28.02,100.52,0.00,400.00,null,null,null
2023-09-19T11:13:49Z,22.56,68.45,99,2,23.35,100.53,0.00,400.00,null,null,null
2023-09-19T11:14:49Z,22.56,68.35,99,1,24.07,100.53,0.00,400.00,null,null,null
2023-09-19T11:15:49Z,22.56,68.41,99,1,26.48,100.53,0.00,400.00,0,0,0
2023-09-19T11:16:49Z,22.58,68.45,99,2,38.64,100.52,0.00,400.00,null,null,null
2023-09-19T11:17:49Z,22.56,68.46,99,2,29.00,100.53,0.00,400.00,null,null,null
2023-09-19T11:18:49Z,22.55,68.46,99,2,25.70,100.52,0.00,400.00,null,null,null
2023-09-19T11:19:49Z,22.55,68.41,99,2,29.81,100.53,0.00,400.00,null,null,null
2023-09-19T11:20:49Z,22.55,68.48,99,2,58.09,100.52,0.00,400.00,0,0,0
2023-09-19T11:21:49Z,22.56,68.55,99,2,31.89,100.52,0.00,400.00,null,null,null
2023-09-19T11:22:49Z,22.55,68.43,99,2,26.73,100.52,0.00,400.00,null,null,null
2023-09-19T11:23:49Z,22.56,68.33,99,2,25.47,100.52,0.00,400.00,null,null,null
2023-09-19T11:24:49Z,22.55,68.33,99,2,27.24,100.53,0.00,400.00,null,null,null
2023-09-19T11:25:49Z,22.55,68.37,99,2,25.98,100.52,0.00,400.00,0,0,0
2023-09-19T11:26:49Z,22.55,68.39,99,2,29.79,100.52,0.00,400.00,null,null,null
2023-09-19T11:27:49Z,22.54,68.40,99,2,22.49,100.54,0.00,400.00,null,null,null
2023-09-19T11:28:49Z,22.54,68.39,99,1,30.35,100.52,0.00,400.00,null,null,null
2023-09-19T11:29:49Z,22.54,68.39,99,1,31.80,100.52,0.00,400.00,null,null,null
2023-09-19T11:30:49Z,22.54,68.45,99,1,32.88,100.51,0.00,400.00,0,0,0
2023-09-19T11:31:49Z,22.54,68.42,99,1,25.70,100.53,0.00,400.00,null,null,null
2023-09-19T11:32:49Z,22.54,68.38,99,1,29.99,100.53,0.00,400.00,null,null,null
2023-09-19T11:33:49Z,22.54,68.46,99,1,25.62,100.53,0.00,400.00,null,null,null
2023-09-19T11:34:49Z,22.51,68.43,99,1,24.46,100.53,0.00,400.00,null,null,null
2023-09-19T11:35:49Z,22.54,68.51,99,1,28.74,100.52,0.00,400.00,0,0,0
2023-09-19T11:36:49Z,22.52,68.49,99,1,27.57,100.52,0.00,400.00,null,null,null
2023-09-19T11:37:49Z,22.54,68.45,99,1,27.51,100.52,0.00,405.00,null,null,null
2023-09-19T11:38:49Z,22.52,68.46,99,1,24.11,100.52,0.00,400.00,null,null,null
2023-09-19T11:39:49Z,22.51,68.47,99,1,29.42,100.52,0.00,400.00,null,null,null
2023-09-19T11:40:49Z,22.54,68.52,99,1,29.46,100.52,0.00,400.00,0,0,0
2023-09-19T11:41:49Z,22.51,68.51,99,1,28.89,100.52,0.00,400.00,null,null,null
2023-09-19T11:42:49Z,22.54,68.50,99,1,32.50,100.52,0.00,400.00,null,null,null
2023-09-19T11:43:49Z,22.54,68.57,99,1,24.50,100.52,0.00,400.00,null,null,null
2023-09-19T11:44:49Z,22.54,68.60,99,1,25.73,100.52,0.00,400.00,null,null,null
2023-09-19T11:45:49Z,22.51,68.66,99,1,29.08,100.53,0.00,400.00,0,0,0
2023-09-19T11:46:49Z,22.51,68.66,99,1,35.19,100.52,0.00,400.00,null,null,null
2023-09-19T11:47:49Z,22.52,68.59,99,0,30.47,100.52,0.00,400.00,null,null,null
2023-09-19T11:48:49Z,22.52,68.68,99,1,22.05,100.53,0.00,400.00,null,null,null
2023-09-19T11:49:49Z,22.54,68.70,99,1,24.65,100.51,0.00,400.00,null,null,null
2023-09-19T11:50:49Z,22.52,68.76,99,1,26.67,100.54,0.00,400.00,0,0,0
2023-09-19T11:51:49Z,22.51,68.72,99,2,24.39,100.52,0.00,400.00,null,null,null
2023-09-19T11:52:49Z,22.51,68.70,99,1,26.53,100.52,0.00,406.00,null,null,null
2023-09-19T11:53:49Z,22.51,68.71,99,1,26.64,100.52,0.00,406.00,null,null,null
2023-09-19T11:54:49Z,22.51,68.69,99,1,27.45,100.53,0.00,406.00,null,null,null
2023-09-19T11:55:49Z,22.51,68.66,99,2,28.64,100.53,0.00,406.00,0,0,0
2023-09-19T11:56:49Z,22.49,68.68,99,2,26.87,100.53,0.00,400.00,null,null,null
2023-09-19T11:57:49Z,22.49,68.63,99,2,23.40,100.53,0.00,400.00,null,null,null
2023-09-19T11:58:49Z,22.49,68.61,99,3,24.07,100.52,0.00,400.00,null,null,null
2023-09-19T11:59:49Z,22.51,68.62,99,3,31.19,100.53,0.00,400.00,null,null,null
2023-09-19T12:00:49Z,22.47,68.65,99,4,24.61,100.54,0.00,400.00,0,0,0
2023-09-19T12:01:49Z,22.49,68.59,99,4,23.20,100.52,0.00,400.00,null,null,null
2023-09-19T12:02:49Z,22.51,68.59,99,3,28.47,100.52,0.00,405.00,null,null,null
2023-09-19T12:03:49Z,22.52,68.56,99,4,29.46,100.53,0.00,405.00,null,null,null
2023-09-19T12:04:49Z,22.51,68.57,99,3,26.41,100.52,0.00,400.00,null,null,null
2023-09-19T12:05:49Z,22.51,68.63,99,2,27.68,100.53,0.00,400.00,0,0,0
2023-09-19T12:06:49Z,22.48,68.57,99,2,24.54,100.53,0.00,400.00,null,null,null
2023-09-19T12:07:49Z,22.51,68.58,99,2,28.71,100.52,0.00,400.00,null,null,null
2023-09-19T12:08:49Z,22.48,68.56,99,2,26.16,100.53,0.00,400.00,null,null,null
2023-09-19T12:09:49Z,22.49,68.59,99,2,24.39,100.52,0.00,400.00,null,null,null
2023-09-19T12:10:49Z,22.47,68.62,99,1,29.31,100.52,0.00,400.00,0,0,0
2023-09-19T12:11:49Z,22.47,68.61,99,2,31.30,100.51,0.00,400.00,null,null,null
2023-09-19T12:12:49Z,22.48,68.57,99,2,27.24,100.52,0.00,400.00,null,null,null
2023-09-19T12:13:49Z,22.47,68.62,99,2,24.23,100.52,0.00,400.00,null,null,null
2023-09-19T12:14:49Z,22.48,68.68,99,2,26.36,100.52,0.00,400.00,null,null,null
2023-09-19T12:15:49Z,22.49,68.68,99,1,24.23,100.53,0.00,400.00,0,0,0
2023-09-19T12:16:49Z,22.47,68.66,99,2,23.81,100.53,0.00,400.00,null,null,null
2023-09-19T12:17:49Z,22.47,68.67,99,2,24.93,100.51,0.00,400.00,null,null,null
2023-09-19T12:18:49Z,22.47,68.70,99,2,25.38,100.52,0.00,400.00,null,null,null
2023-09-19T12:19:49Z,22.45,68.68,99,2,24.83,100.51,0.00,400.00,null,null,null
2023-09-19T12:20:49Z,22.44,68.70,99,2,26.53,100.52,0.00,400.00,0,0,0
2023-09-19T12:21:49Z,22.45,68.72,99,2,23.45,100.51,0.00,400.00,null,null,null
2023-09-19T12:22:49Z,22.47,68.68,99,2,27.42,100.51,0.00,403.00,null,null,null
2023-09-19T12:23:49Z,22.45,68.75,99,2,26.11,100.51,0.00,403.00,null,null,null
2023-09-19T12:24:49Z,22.45,68.79,99,2,25.41,100.52,0.00,400.00,null,null,null
2023-09-19T12:25:49Z,22.45,68.92,99,2,29.35,100.51,0.00,400.00,0,0,0
2023-09-19T12:26:49Z,22.44,68.96,99,2,28.17,100.51,0.00,400.00,null,null,null
2023-09-19T12:27:49Z,22.47,68.95,99,2,26.06,100.51,0.00,403.00,null,null,null
2023-09-19T12:28:49Z,22.44,69.00,99,2,22.72,100.52,0.00,400.00,null,null,null
2023-09-19T12:29:49Z,22.44,68.96,99,2,25.41,100.51,0.00,400.00,null,null,null
2023-09-19T12:30:49Z,22.44,69.04,99,1,26.24,100.52,0.00,400.00,0,0,0
2023-09-19T12:31:49Z,22.44,69.07,99,1,28.09,100.52,0.00,400.00,null,null,null
2023-09-19T12:32:49Z,22.44,69.01,99,2,28.04,100.51,0.00,400.00,null,null,null
2023-09-19T12:33:49Z,22.43,69.00,99,2,26.93,100.52,0.00,405.00,null,null,null
2023-09-19T12:34:49Z,22.47,69.06,99,2,23.72,100.52,0.00,405.00,null,null,null
2023-09-19T12:35:49Z,22.44,69.08,99,2,25.22,100.52,0.00,405.00,0,0,0
2023-09-19T12:36:49Z,22.44,69.14,99,2,24.07,100.52,0.00,405.00,null,null,null
2023-09-19T12:37:49Z,22.45,69.16,99,2,28.99,100.52,0.00,405.00,null,null,null
2023-09-19T12:38:49Z,22.44,69.16,99,2,25.98,100.52,0.00,405.00,null,null,null
2023-09-19T12:39:49Z,22.43,69.28,99,2,25.50,100.52,0.00,405.00,null,null,null
2023-09-19T12:40:49Z,22.44,69.28,99,2,23.81,100.52,0.00,401.00,0,0,0
2023-09-19T12:41:49Z,22.44,69.28,99,1,29.77,100.52,0.00,401.00,null,null,null
2023-09-19T12:42:49Z,22.44,69.38,99,2,43.81,100.51,0.00,401.00,null,null,null
2023-09-19T12:43:49Z,22.43,69.30,99,2,35.60,100.51,0.00,401.00,null,null,null
2023-09-19T12:44:49Z,22.44,69.28,99,2,29.23,100.51,0.00,401.00,null,null,null
2023-09-19T12:45:49Z,22.43,69.37,99,2,26.80,100.51,0.00,401.00,0,0,0
2023-09-19T12:46:49Z,22.43,69.35,99,2,26.31,100.51,0.00,401.00,null,null,null
2023-09-19T12:47:49Z,22.43,69.33,99,2,30.29,100.51,0.00,401.00,null,null,null
2023-09-19T12:48:49Z,22.43,69.37,99,3,28.20,100.51,0.00,401.00,null,null,null
2023-09-19T12:49:49Z,22.43,69.40,99,2,25.35,100.51,0.00,401.00,null,null,null
2023-09-19T12:50:49Z,22.44,69.49,99,2,27.66,100.51,0.00,405.00,0,0,0
2023-09-19T12:51:49Z,22.43,69.49,99,2,25.73,100.51,0.00,401.00,null,null,null
2023-09-19T12:52:49Z,22.44,69.47,99,2,38.04,100.52,0.00,401.00,null,null,null
2023-09-19T12:53:49Z,22.44,69.61,99,2,39.51,100.51,0.00,405.00,null,null,null
2023-09-19T12:54:49Z,22.44,69.53,99,2,25.38,100.51,0.00,401.00,null,null,null
2023-09-19T12:55:49Z,22.41,69.52,99,2,29.63,100.51,0.00,405.00,0,0,0
2023-09-19T12:56:49Z,22.43,69.50,99,2,24.11,100.51,0.00,405.00,null,null,null
2023-09-19T12:57:49Z,22.41,69.61,99,2,25.92,100.50,0.00,401.00,null,null,null
2023-09-19T12:58:49Z,22.44,69.61,99,2,29.18,100.50,0.00,405.00,null,null,null
2023-09-19T12:59:49Z,22.40,69.65,99,2,24.65,100.50,0.00,405.00,null,null,null
2023-09-19T13:00:49Z,22.41,69.62,99,2,26.97,100.51,0.00,405.00,0,0,0
2023-09-19T13:01:49Z,22.43,69.71,99,2,24.31,100.51,0.00,405.00,null,null,null
2023-09-19T13:02:49Z,22.43,69.77,99,2,25.53,100.52,0.00,405.00,null,null,null
2023-09-19T13:03:49Z,22.41,69.75,99,2,42.90,100.51,0.00,401.00,null,null,null
2023-09-19T13:04:49Z,22.43,69.77,99,2,24.15,100.50,0.00,400.00,null,null,null
2023-09-19T13:05:49Z,22.41,69.71,99,2,39.90,100.51,0.00,403.00,0,0,0
2023-09-19T13:06:49Z,22.40,69.75,99,2,24.96,100.51,0.00,403.00,null,null,null
2023-09-19T13:07:49Z,22.41,69.77,99,1,28.61,100.52,0.00,403.00,null,null,null
2023-09-19T13:08:49Z,22.43,69.80,99,1,24.43,100.52,0.00,403.00,null,null,null
2023-09-19T13:09:49Z,22.40,69.87,99,1,26.93,100.52,0.00,406.00,null,null,null
2023-09-19T13:10:49Z,22.40,70.00,99,1,29.81,100.51,0.00,406.00,0,0,0
2023-09-19T13:11:49Z,22.40,69.89,99,1,23.86,100.51,0.00,403.00,null,null,null
2023-09-19T13:12:49Z,22.40,69.91,99,1,30.27,100.50,1.00,409.00,null,null,null
2023-09-19T13:13:49Z,22.43,69.91,99,1,28.47,100.51,1.00,409.00,null,null,null
2023-09-19T13:14:49Z,22.41,69.94,99,1,28.12,100.51,1.00,409.00,null,null,null
2023-09-19T13:15:49Z,22.41,69.98,99,1,27.77,100.51,1.00,409.00,0,0,0
2023-09-19T13:16:49Z,22.43,69.86,99,1,30.96,100.51,0.00,403.00,null,null,null
2023-09-19T13:17:49Z,22.40,69.82,99,1,26.95,100.51,1.00,409.00,null,null,null
2023-09-19T13:18:49Z,22.41,69.87,99,1,26.08,100.50,1.00,409.00,null,null,null
2023-09-19T13:19:49Z,22.41,69.86,99,1,24.89,100.50,1.00,409.00,null,null,null
2023-09-19T13:20:49Z,22.40,69.86,99,1,26.29,100.50,1.00,409.00,0,0,0
2023-09-19T13:21:49Z,22.40,69.91,99,1,28.52,100.50,0.00,406.00,null,null,null
2023-09-19T13:22:49Z,22.41,69.88,99,1,25.59,100.50,1.00,409.00,null,null,null
2023-09-19T13:23:49Z,22.40,69.89,99,1,23.94,100.50,1.00,409.00,null,null,null
2023-09-19T13:24:49Z,22.38,69.88,99,1,25.73,100.50,1.00,409.00,null,null,null
2023-09-19T13:25:49Z,22.40,69.86,99,1,25.56,100.50,1.00,409.00,0,0,0
2023-09-19T13:26:49Z,22.41,69.87,99,1,26.76,100.50,0.00,406.00,null,null,null
2023-09-19T13:27:49Z,22.40,69.93,99,1,26.24,100.51,1.00,409.00,null,null,null
2023-09-19T13:28:49Z,22.38,69.87,99,1,27.04,100.50,0.00,406.00,null,null,null
2023-09-19T13:29:49Z,22.38,69.93,99,1,22.61,100.50,1.00,409.00,null,null,null
2023-09-19T13:30:49Z,22.38,69.92,99,1,23.90,100.50,1.00,409.00,0,0,0
2023-09-19T13:31:49Z,22.43,69.97,99,1,25.53,100.49,1.00,409.00,null,null,null
2023-09-19T13:32:49Z,22.40,69.95,99,0,22.55,100.50,1.00,409.00,null,null,null
2023-09-19T13:33:49Z,22.40,69.97,99,1,29.50,100.51,1.00,409.00,null,null,null
2023-09-19T13:34:49Z,22.38,70.09,99,1,23.15,100.51,2.00,414.00,null,null,null
2023-09-19T13:35:49Z,22.38,70.12,99,1,28.50,100.50,2.00,414.00,0,0,0
2023-09-19T13:36:49Z,22.40,70.09,99,1,27.32,100.50,2.00,414.00,null,null,null
2023-09-19T13:37:49Z,22.37,70.16,99,1,24.61,100.50,2.00,414.00,null,null,null
2023-09-19T13:38:49Z,22.38,70.13,99,1,29.58,100.51,2.00,414.00,null,null,null
2023-09-19T13:39:49Z,22.37,70.18,99,1,27.12,100.52,2.00,414.00,null,null,null
2023-09-19T13:40:49Z,22.37,70.21,99,2,21.85,100.51,2.00,414.00,0,0,0
2023-09-19T13:41:49Z,22.38,70.32,99,2,33.79,100.51,2.00,414.00,null,null,null
2023-09-19T13:42:49Z,22.40,70.39,99,2,23.86,100.51,2.00,415.00,null,null,null
2023-09-19T13:43:49Z,22.38,70.44,99,2,25.70,100.52,2.00,415.00,null,null,null
2023-09-19T13:44:49Z,22.40,70.46,99,1,31.84,100.51,2.00,418.00,null,null,null
2023-09-19T13:45:49Z,22.38,70.66,99,1,29.26,100.51,2.00,418.00,0,0,0
2023-09-19T13:46:49Z,22.38,70.57,99,1,24.19,100.51,3.00,421.00,null,null,null
2023-09-19T13:47:49Z,22.43,70.95,99,0,24.89,100.52,4.00,428.00,null,null,null
2023-09-19T13:48:49Z,22.43,71.19,99,2,29.23,100.50,4.00,432.00,null,null,null
2023-09-19T13:49:49Z,22.41,71.05,99,1,25.16,100.51,5.00,436.00,null,null,null
2023-09-19T13:50:49Z,22.43,71.15,99,1,26.93,100.51,5.00,436.00,0,0,0
2023-09-19T13:51:49Z,22.43,71.15,99,1,22.83,100.51,6.00,441.00,null,null,null
2023-09-19T13:52:49Z,22.44,71.20,99,1,22.31,100.51,6.00,441.00,null,null,null
2023-09-19T13:53:49Z,22.74,71.11,99,1,28.60,100.51,6.00,441.00,null,null,null
2023-09-19T13:54:49Z,22.77,71.00,99,1,32.83,100.52,6.00,441.00,null,null,null
2023-09-19T13:55:49Z,22.77,70.97,99,1,24.65,100.50,0.00,403.00,0,0,0
2023-09-19T13:56:49Z,22.75,70.84,99,1,24.89,100.51,0.00,403.00,null,null,null
2023-09-19T13:57:49Z,22.81,70.77,99,1,22.05,100.50,0.00,406.00,null,null,null
2023-09-19T13:58:49Z,22.82,70.74,99,1,22.43,100.51,0.00,403.00,null,null,null
2023-09-19T13:59:49Z,22.81,70.67,99,1,29.60,100.51,1.00,409.00,null,null,null
2023-09-19T14:00:49Z,22.82,70.72,99,1,28.68,100.51,1.00,409.00,0,0,0
2023-09-19T14:01:49Z,22.84,70.58,99,0,24.58,100.52,1.00,409.00,null,null,null
2023-09-19T14:02:49Z,22.84,70.51,99,1,27.68,100.51,1.00,409.00,null,null,null
2023-09-19T14:03:49Z,22.84,70.46,99,1,32.88,100.50,2.00,414.00,null,null,null
2023-09-19T14:04:49Z,22.86,70.40,99,2,21.99,100.51,2.00,414.00,null,null,null
2023-09-19T14:05:49Z,22.85,70.34,99,2,24.15,100.51,2.00,414.00,0,0,0
