TIME,TEMP,HUM,BATT,LIGHT,NOISE_A,PRESS,CCS811_VOCS,CCS811_ECO2,PM_1,PM_25,PM_10
ISO 8601,C,%,%,Lux,dBA,kPa,ppb,ppm,ug/m3,ug/m3,ug/m3
Time,Temperature,Humidity,Battery,Light,Noise dBA,Barometric pressure,VOC Gas CCS811,eCO2 Gas CCS811,PM 1.0,PM 2.5,PM 10.0
,55,56,10,14,53,58,113,112,89,87,88
2023-08-19T00:00:04Z,25.64,73.47,99,0,31.80,100.89,177.00,1507.00,0,0,0
2023-08-19T00:01:04Z,25.66,73.47,99,0,33.95,100.90,177.00,1507.00,null,null,null
2023-08-19T00:02:04Z,25.68,73.51,99,0,33.25,100.90,177.00,1507.00,null,null,null
2023-08-19T00:03:04Z,25.65,73.49,99,0,30.70,100.89,177.00,1507.00,null,null,null
2023-08-19T00:04:04Z,25.64,73.49,99,0,31.75,100.89,177.00,1507.00,null,null,null
2023-08-19T00:05:04Z,25.66,73.53,99,0,33.81,100.89,177.00,1507.00,0,0,0
2023-08-19T00:06:04Z,25.68,73.54,99,0,33.32,100.91,177.00,1507.00,null,null,null
2023-08-19T00:07:04Z,25.65,73.48,99,0,31.70,100.91,177.00,1507.00,null,null,null
2023-08-19T00:08:04Z,25.65,73.45,99,0,33.71,100.90,174.00,1503.00,null,null,null
2023-08-19T00:09:04Z,25.62,73.50,99,0,33.35,100.90,174.00,1503.00,null,null,null
2023-08-19T00:10:04Z,25.65,73.49,99,0,33.67,100.91,174.00,1503.00,0,0,0
2023-08-19T00:11:04Z,25.65,73.58,99,0,32.96,100.92,174.00,1503.00,null,null,null
2023-08-19T00:12:04Z,25.65,73.50,99,0,33.64,100.93,174.00,1503.00,null,null,null
2023-08-19T00:13:04Z,25.65,73.52,99,0,31.91,100.94,174.00,1503.00,null,null,null
2023-08-19T00:14:04Z,25.65,73.50,99,0,34.17,100.94,174.00,1503.00,null,null,null
2023-08-19T00:15:04Z,25.64,73.46,99,0,31.00,100.94,170.00,1498.00,0,0,0
2023-08-19T00:16:04Z,25.68,73.53,99,0,32.12,100.94,174.00,1503.00,null,null,null
2023-08-19T00:17:04Z,25.68,73.50,99,0,32.62,100.94,174.00,1503.00,null,null,null
2023-08-19T00:18:04Z,25.66,73.51,99,0,34.72,100.95,170.00,1498.00,null,null,null
2023-08-19T00:19:04Z,25.68,73.54,99,0,34.62,100.95,170.00,1498.00,null,null,null
2023-08-19T00:20:04Z,25.65,73.56,99,0,33.30,100.94,170.00,1498.00,0,0,0
2023-08-19T00:21:04Z,25.66,73.56,99,0,30.65,100.94,170.00,1498.00,null,null,null
2023-08-19T00:22:04Z,25.66,73.53,99,0,35.18,100.94,170.00,1498.00,null,null,null
2023-08-19T00:23:04Z,25.65,73.54,99,0,34.81,100.94,170.00,1498.00,null,null,null
2023-08-19T00:24:04Z,25.65,73.59,99,0,32.86,100.94,170.00,1498.00,null,null,null
2023-08-19T00:25:04Z,25.68,73.60,99,0,31.07,100.94,170.00,1498.00,0,0,0
2023-08-19T00:26:04Z,25.68,73.59,99,0,34.16,100.94,170.00,1498.00,null,null,null
2023-08-19T00:27:04Z,25.65,73.53,99,0,32.92,100.93,170.00,1498.00,null,null,null
2023-08-19T00:28:04Z,25.64,73.54,99,0,33.38,100.93,170.00,1498.00,null,null,null
2023-08-19T00:29:04Z,25.64,73.55,99,0,31.87,100.93,170.00,1498.00,null,null,null
2023-08-19T00:30:04Z,25.64,73.61,99,0,32.37,100.92,167.00,1499.00,0,0,0
2023-08-19T00:31:04Z,25.68,73.53,99,0,32.53,100.92,167.00,1499.00,null,null,null
2023-08-19T00:32:04Z,25.64,73.52,99,0,32.21,100.91,167.00,1499.00,null,null,null
2023-08-19T00:33:04Z,25.65,73.56,99,0,33.55,100.90,167.00,1499.00,null,null,null
2023-08-19T00:34:04Z,25.64,73.51,99,0,35.81,100.90,167.00,1499.00,null,null,null
2023-08-19T00:35:04Z,25.64,73.57,99,0,37.74,100.90,167.00,1499.00,0,0,0
2023-08-19T00:36:04Z,25.64,73.54,99,0,31.72,100.91,164.00,1482.00,null,null,null
2023-08-19T00:37:04Z,25.62,73.56,99,0,33.72,100.91,170.00,1498.00,null,null,null
2023-08-19T00:38:04Z,25.66,73.56,99,0,32.48,100.90,170.00,1498.00,null,null,null
2023-08-19T00:39:04Z,25.64,73.47,99,0,34.12,100.90,170.00,1498.00,null,null,null
2023-08-19T00:40:04Z,25.64,73.55,99,0,30.38,100.90,170.00,1498.00,0,0,0
2023-08-19T00:41:04Z,25.66,73.60,99,0,33.38,100.89,170.00,1498.00,null,null,null
2023-08-19T00:42:04Z,25.64,73.56,99,0,33.14,100.89,174.00,1503.00,null,null,null
2023-08-19T00:43:04Z,25.61,73.57,99,0,31.63,100.89,174.00,1503.00,null,null,null
2023-08-19T00:44:04Z,25.65,73.58,99,0,33.98,100.89,174.00,1503.00,null,null,null
2023-08-19T00:45:04Z,25.65,73.65,99,0,33.78,100.89,174.00,1503.00,0,0,0
2023-08-19T00:46:04Z,25.64,73.56,99,0,34.78,100.88,174.00,1503.00,null,null,null
2023-08-19T00:47:04Z,25.62,73.53,99,0,30.14,100.88,174.00,1503.00,null,null,null
2023-08-19T00:48:04Z,25.65,73.58,99,0,31.17,100.88,174.00,1503.00,null,null,null
2023-08-19T00:49:04Z,25.65,73.59,99,0,32.05,100.88,174.00,1503.00,null,null,null
2023-08-19T00:50:04Z,25.61,73.56,99,0,33.93,100.88,174.00,1503.00,0,0,0
2023-08-19T00:51:04Z,25.65,73.56,99,0,32.90,100.88,177.00,1507.00,null,null,null
2023-08-19T00:52:04Z,25.66,73.61,99,0,32.83,100.88,181.00,1514.00,null,null,null
2023-08-19T00:53:04Z,25.64,73.59,99,0,32.09,100.88,181.00,1514.00,null,null,null
2023-08-19T00:54:04Z,25.65,73.58,99,0,33.16,100.88,184.00,1519.00,null,null,null
2023-08-19T00:55:04Z,25.64,73.61,99,0,33.93,100.88,184.00,1519.00,0,0,0
2023-08-19T00:56:04Z,25.64,73.67,99,0,32.54,100.89,184.00,1519.00,null,null,null
2023-08-19T00:57:04Z,25.64,73.63,99,0,32.24,100.89,184.00,1519.00,null,null,null
2023-08-19T00:58:04Z,25.65,73.65,99,0,34.39,100.89,184.00,1519.00,null,null,null
2023-08-19T00:59:04Z,25.62,73.63,99,0,33.19,100.90,184.00,1519.00,null,null,null
2023-08-19T01:00:04Z,25.64,73.60,99,0,34.95,100.89,184.00,1519.00,0,0,0
2023-08-19T01:01:04Z,25.62,73.64,99,0,33.84,100.89,181.00,1514.00,null,null,null
2023-08-19T01:02:04Z,25.64,73.64,99,0,35.45,100.89,181.00,1514.00,null,null,null
2023-08-19T01:03:04Z,25.65,73.58,99,0,31.21,100.89,181.00,1514.00,null,null,null
2023-08-19T01:04:04Z,25.62,73.60,99,0,31.99,100.90,181.00,1514.00,null,null,null
2023-08-19T01:05:04Z,25.62,73.59,99,0,33.22,100.90,177.00,1507.00,0,0,0
2023-08-19T01:06:04Z,25.65,73.62,99,0,33.80,100.90,177.00,1507.00,null,null,null
2023-08-19T01:07:04Z,25.65,73.58,99,0,34.27,100.90,177.00,1507.00,null,null,null
2023-08-19T01:08:04Z,25.64,73.65,99,0,32.55,100.89,177.00,1507.00,null,null,null
2023-08-19T01:09:04Z,25.64,73.61,99,0,32.80,100.90,177.00,1507.00,null,null,null
2023-08-19T01:10:04Z,25.62,73.64,99,0,35.06,100.89,174.00,1503.00,0,0,0
2023-08-19T01:11:04Z,25.65,73.61,99,0,33.60,100.90,174.00,1503.00,null,null,null
2023-08-19T01:12:04Z,25.61,73.56,99,0,33.68,100.89,174.00,1503.00,null,null,null
2023-08-19T01:13:04Z,25.62,73.62,99,0,31.33,100.89,170.00,1498.00,null,null,null
2023-08-19T01:14:04Z,25.61,73.57,99,0,33.17,100.89,170.00,1498.00,null,null,null
2023-08-19T01:15:04Z,25.64,73.60,99,0,32.75,100.89,170.00,1498.00,0,0,0
2023-08-19T01:16:04Z,25.65,73.62,99,0,31.54,100.89,170.00,1498.00,null,null,null
2023-08-19T01:17:04Z,25.65,73.65,99,0,31.92,100.89,174.00,1503.00,null,null,null
2023-08-19T01:18:04Z,25.64,73.65,99,0,33.56,100.89,139.00,1313.00,null,null,null
2023-08-19T01:19:04Z,25.64,73.65,99,0,31.15,100.89,128.00,1242.00,null,null,null
2023-08-19T01:20:04Z,25.64,73.69,99,0,31.61,100.89,128.00,1242.00,0,0,0
2023-08-19T01:21:04Z,25.64,73.68,99,0,28.67,100.90,130.00,1255.00,null,null,null
2023-08-19T01:22:04Z,25.62,73.69,99,0,32.65,100.90,126.00,1228.00,null,null,null
2023-08-19T01:23:04Z,25.65,73.74,99,0,32.55,100.90,128.00,1242.00,null,null,null
2023-08-19T01:24:04Z,25.62,73.78,99,0,32.28,100.90,128.00,1242.00,null,null,null
2023-08-19T01:25:04Z,25.65,73.80,99,0,32.08,100.89,126.00,1231.00,0,0,0
2023-08-19T01:26:04Z,25.62,73.78,99,0,33.97,100.90,124.00,1215.00,null,null,null
2023-08-19T01:27:04Z,25.62,73.73,99,0,32.03,100.91,124.00,1215.00,null,null,null
2023-08-19T01:28:04Z,25.62,73.73,99,0,31.33,100.91,126.00,1228.00,null,null,null
2023-08-19T01:29:04Z,25.62,73.69,99,0,32.71,100.90,126.00,1228.00,null,null,null
2023-08-19T01:30:04Z,25.64,73.79,99,0,32.36,100.90,126.00,1228.00,0,0,0
2023-08-19T01:31:04Z,25.64,73.72,99,0,30.22,100.90,122.00,1207.00,null,null,null
2023-08-19T01:32:04Z,25.64,73.70,99,0,31.94,100.91,124.00,1220.00,null,null,null
2023-08-19T01:33:04Z,25.65,73.74,99,0,30.10,100.92,124.00,1220.00,null,null,null
2023-08-19T01:34:04Z,25.64,73.80,99,0,31.76,100.90,122.00,1204.00,null,null,null
2023-08-19T01:35:04Z,25.62,73.72,99,0,31.01,100.90,121.00,1195.00,0,0,0
2023-08-19T01:36:04Z,25.62,73.70,99,0,33.57,100.91,119.00,1184.00,null,null,null
2023-08-19T01:37:04Z,25.61,73.71,99,0,33.80,100.91,122.00,1204.00,null,null,null
2023-08-19T01:38:04Z,25.64,73.73,99,0,32.01,100.92,119.00,1184.00,null,null,null
2023-08-19T01:39:04Z,25.62,73.68,99,0,32.68,100.92,118.00,1178.00,null,null,null
2023-08-19T01:40:04Z,25.62,73.67,99,0,34.21,100.91,119.00,1184.00,0,0,0
2023-08-19T01:41:04Z,25.62,73.67,99,0,31.74,100.91,116.00,1163.00,null,null,null
2023-08-19T01:42:04Z,25.64,73.64,99,0,33.24,100.90,118.00,1178.00,null,null,null
2023-08-19T01:43:04Z,25.62,73.67,99,0,33.93,100.90,118.00,1178.00,null,null,null
2023-08-19T01:44:04Z,25.59,73.63,99,0,35.47,100.89,116.00,1163.00,null,null,null
2023-08-19T01:45:04Z,25.61,73.64,99,0,31.37,100.91,116.00,1163.00,0,0,0
2023-08-19T01:46:04Z,25.64,73.65,99,0,33.91,100.90,114.00,1153.00,null,null,null
2023-08-19T01:47:04Z,25.64,73.57,99,0,32.95,100.90,116.00,1163.00,null,null,null
2023-08-19T01:48:04Z,25.62,73.61,99,0,31.92,100.90,114.00,1153.00,null,null,null
2023-08-19T01:49:04Z,25.62,73.61,99,0,33.16,100.91,112.00,1140.00,null,null,null
2023-08-19T01:50:04Z,25.62,73.68,99,0,33.56,100.90,112.00,1140.00,0,0,0
2023-08-19T01:51:04Z,25.64,73.64,99,0,31.62,100.90,112.00,1140.00,null,null,null
2023-08-19T01:52:04Z,25.66,73.59,99,0,32.79,100.90,110.00,1128.00,null,null,null
2023-08-19T01:53:04Z,25.65,73.58,99,0,30.54,100.90,110.00,1128.00,null,null,null
2023-08-19T01:54:04Z,25.64,73.63,99,0,33.17,100.90,112.00,1140.00,null,null,null
2023-08-19T01:55:04Z,25.62,73.58,99,0,29.27,100.90,112.00,1140.00,0,0,0
2023-08-19T01:56:04Z,25.65,73.60,99,0,29.90,100.90,112.00,1140.00,null,null,null
2023-08-19T01:57:04Z,25.62,73.57,99,0,30.85,100.90,110.00,1128.00,null,null,null
2023-08-19T01:58:04Z,25.65,73.56,99,0,31.77,100.90,110.00,1128.00,null,null,null
2023-08-19T01:59:04Z,25.62,73.61,99,0,37.11,100.90,110.00,1128.00,null,null,null
2023-08-19T02:00:04Z,25.65,73.66,99,0,30.57,100.90,108.00,1113.00,0,0,0
2023-08-19T02:01:04Z,25.65,73.58,99,0,33.03,100.91,110.00,1128.00,null,null,null
2023-08-19T02:02:04Z,25.64,73.66,99,0,31.68,100.90,110.00,1128.00,null,null,null
2023-08-19T02:03:04Z,25.59,73.57,99,0,30.64,100.90,108.00,1113.00,null,null,null
2023-08-19T02:04:04Z,25.65,73.67,99,0,32.89,100.90,108.00,1113.00,null,null,null
2023-08-19T02:05:04Z,25.62,73.65,99,0,34.06,100.90,108.00,1113.00,0,0,0
2023-08-19T02:06:04Z,25.64,73.63,99,0,31.05,100.90,108.00,1113.00,null,null,null
2023-08-19T02:07:04Z,25.64,73.64,99,0,34.69,100.89,107.00,1105.00,null,null,null
2023-08-19T02:08:04Z,25.65,73.61,99,0,32.14,100.90,107.00,1105.00,null,null,null
2023-08-19T02:09:04Z,25.62,73.64,99,0,31.86,100.90,107.00,1105.00,null,null,null
2023-08-19T02:10:04Z,25.64,73.65,99,0,34.09,100.90,107.00,1105.00,0,0,0
2023-08-19T02:11:04Z,25.66,73.63,99,0,31.20,100.90,107.00,1105.00,null,null,null
2023-08-19T02:12:04Z,25.65,73.60,99,0,30.97,100.90,107.00,1105.00,null,null,null
2023-08-19T02:13:04Z,25.62,73.57,99,0,33.24,100.90,107.00,1105.00,null,null,null
2023-08-19T02:14:04Z,25.61,73.64,99,0,32.21,100.90,107.00,1105.00,null,null,null
2023-08-19T02:15:04Z,25.62,73.63,99,0,32.13,100.91,107.00,1105.00,0,0,0
2023-08-19T02:16:04Z,25.62,73.62,99,0,34.49,100.90,107.00,1105.00,null,null,null
2023-08-19T02:17:04Z,25.61,73.62,99,0,31.89,100.90,107.00,1105.00,null,null,null
2023-08-19T02:18:04Z,25.62,73.65,99,0,33.56,100.90,106.00,1099.00,null,null,null
2023-08-19T02:19:04Z,25.61,73.65,99,0,34.21,100.90,107.00,1105.00,null,null,null
2023-08-19T02:20:04Z,25.59,73.63,99,0,31.17,100.90,106.00,1099.00,0,0,0
2023-08-19T02:21:04Z,25.64,73.67,99,0,34.38,100.90,107.00,1105.00,null,null,null
2023-08-19T02:22:04Z,25.62,73.63,99,0,31.32,100.90,106.00,1099.00,null,null,null
2023-08-19T02:23:04Z,25.65,73.63,99,0,31.00,100.90,107.00,1105.00,null,null,null
2023-08-19T02:24:04Z,25.61,73.59,99,0,29.35,100.90,106.00,1099.00,null,null,null
2023-08-19T02:25:04Z,25.61,73.63,99,0,32.48,100.90,107.00,1105.00,0,0,0
2023-08-19T02:26:04Z,25.62,73.64,99,0,33.35,100.90,106.00,1099.00,null,null,null
2023-08-19T02:27:04Z,25.62,73.61,99,0,32.37,100.90,107.00,1105.00,null,null,null
2023-08-19T02:28:04Z,25.62,73.65,99,0,31.20,100.90,106.00,1099.00,null,null,null
2023-08-19T02:29:04Z,25.62,73.67,99,0,29.13,100.90,106.00,1099.00,null,null,null
2023-08-19T02:30:04Z,25.59,73.72,99,0,30.91,100.90,106.00,1099.00,0,0,0
2023-08-19T02:31:04Z,25.59,73.72,99,0,35.61,100.91,106.00,1099.00,null,null,null
2023-08-19T02:32:04Z,25.58,73.70,99,0,32.25,100.90,106.00,1099.00,null,null,null
2023-08-19T02:33:04Z,25.59,73.69,99,0,29.91,100.90,104.00,1086.00,null,null,null
2023-08-19T02:34:04Z,25.59,73.74,99,0,31.27,100.90,104.00,1086.00,null,null,null
2023-08-19T02:35:04Z,25.59,73.72,99,0,35.91,100.90,104.00,1086.00,0,0,0
2023-08-19T02:36:04Z,25.61,73.70,99,0,34.39,100.90,102.00,1074.00,null,null,null
2023-08-19T02:37:04Z,25.61,73.69,99,0,32.96,100.90,104.00,1086.00,null,null,null
2023-08-19T02:38:04Z,25.59,73.67,99,0,31.48,100.91,104.00,1086.00,null,null,null
2023-08-19T02:39:04Z,25.62,73.68,99,0,30.44,100.91,102.00,1074.00,null,null,null
2023-08-19T02:40:04Z,25.61,73.70,99,0,34.90,100.91,102.00,1074.00,0,0,0
2023-08-19T02:41:04Z,25.61,73.68,99,0,30.89,100.91,101.00,1065.00,null,null,null
2023-08-19T02:42:04Z,25.55,73.62,99,0,34.19,100.91,102.00,1074.00,null,null,null
2023-08-19T02:43:04Z,25.62,73.65,99,0,33.36,100.91,102.00,1074.00,null,null,null
2023-08-19T02:44:04Z,25.62,73.60,99,0,32.64,100.91,102.00,1074.00,null,null,null
2023-08-19T02:45:04Z,25.58,73.67,99,0,32.50,100.91,102.00,1074.00,0,0,0
2023-08-19T02:46:04Z,25.61,73.71,99,0,31.83,100.91,101.00,1065.00,null,null,null
2023-08-19T02:47:04Z,25.58,73.73,99,0,32.57,100.91,104.00,1086.00,null,null,null
2023-08-19T02:48:04Z,25.59,73.68,99,0,34.62,100.90,101.00,1065.00,null,null,null
2023-08-19T02:49:04Z,25.59,73.74,99,0,29.47,100.91,101.00,1065.00,null,null,null
2023-08-19T02:50:04Z,25.55,73.70,99,0,32.13,100.91,101.00,1065.00,0,0,0
2023-08-19T02:51:04Z,25.58,73.72,99,0,32.53,100.91,101.00,1065.00,null,null,null
2023-08-19T02:52:04Z,25.58,73.69,99,0,32.17,100.91,101.00,1065.00,null,null,null
2023-08-19T02:53:04Z,25.58,73.66,99,0,35.57,100.92,101.00,1065.00,null,null,null
2023-08-19T02:54:04Z,25.54,73.63,99,0,33.44,100.91,101.00,1065.00,null,null,null
2023-08-19T02:55:04Z,25.55,73.69,99,0,31.31,100.92,101.00,1065.00,0,0,0
2023-08-19T02:56:04Z,25.59,73.68,99,0,32.25,100.91,101.00,1065.00,null,null,null
2023-08-19T02:57:04Z,25.59,73.68,99,0,34.40,100.92,99.00,1053.00,null,null,null
2023-08-19T02:58:04Z,25.55,73.63,99,0,29.87,100.92,99.00,1053.00,null,null,null
2023-08-19T02:59:04Z,25.58,73.67,99,0,32.32,100.92,99.00,1053.00,null,null,null
