TIME,TEMP,HUM,BATT,LIGHT,NOISE_A,PRESS,CCS811_VOCS,CCS811_ECO2,PM_1,PM_25,PM_10
ISO 8601,C,%,%,Lux,dBA,kPa,ppb,ppm,ug/m3,ug/m3,ug/m3
Time,Temperature,Humidity,Battery,Light,Noise dBA,Barometric pressure,VOC Gas CCS811,eCO2 Gas CCS811,PM 1.0,PM 2.5,PM 10.0
,55,56,10,14,53,58,113,112,89,87,88
2023-08-12T00:00:54Z,26.64,75.87,99,0,37.03,101.59,63.00,815.00,0,0,0
2023-08-12T00:01:54Z,26.65,75.84,99,0,38.93,101.59,62.00,808.00,null,null,null
2023-08-12T00:02:54Z,26.68,75.88,99,0,36.97,101.60,62.00,808.00,null,null,null
2023-08-12T00:03:54Z,26.67,75.78,99,0,36.83,101.59,62.00,808.00,null,null,null
2023-08-12T00:04:54Z,26.65,75.66,99,0,32.65,101.59,62.00,808.00,null,null,null
2023-08-12T00:05:54Z,26.65,75.69,99,0,38.03,101.60,61.00,806.00,0,0,0
2023-08-12T00:06:54Z,26.68,75.67,99,0,35.69,101.59,61.00,806.00,null,null,null
2023-08-12T00:07:54Z,26.67,75.75,99,0,34.23,101.59,61.00,806.00,null,null,null
2023-08-12T00:08:54Z,26.67,75.70,99,0,35.99,101.58,59.00,791.00,null,null,null
2023-08-12T00:09:54Z,26.68,75.69,99,0,34.62,101.59,61.00,806.00,null,null,null
2023-08-12T00:10:54Z,26.67,75.65,99,0,36.34,101.59,60.00,798.00,0,0,0
2023-08-12T00:11:54Z,26.67,75.68,99,0,34.87,101.59,60.00,798.00,null,null,null
2023-08-12T00:12:54Z,26.65,75.60,99,0,36.38,101.60,60.00,798.00,null,null,null
2023-08-12T00:13:54Z,26.70,75.79,99,0,35.06,101.59,60.00,798.00,null,null,null
2023-08-12T00:14:54Z,26.67,75.60,99,0,36.02,101.60,59.00,791.00,null,null,null
2023-08-12T00:15:54Z,26.65,75.73,99,0,33.73,101.60,60.00,798.00,0,0,0
2023-08-12T00:16:54Z,26.68,75.61,99,0,36.52,101.59,58.00,787.00,null,null,null
2023-08-12T00:17:54Z,26.67,75.59,99,0,40.92,101.58,60.00,798.00,null,null,null
2023-08-12T00:18:54Z,26.67,75.54,99,0,37.45,101.58,60.00,798.00,null,null,null
2023-08-12T00:19:54Z,26.67,75.57,99,0,34.21,101.58,58.00,787.00,null,null,null
2023-08-12T00:20:54Z,26.68,75.55,99,0,36.64,101.58,58.00,787.00,0,0,0
2023-08-12T00:21:54Z,26.68,75.50,99,0,36.83,101.58,58.00,787.00,null,null,null
2023-08-12T00:22:54Z,26.68,75.47,99,0,35.66,101.58,58.00,787.00,null,null,null
2023-08-12T00:23:54Z,26.64,75.43,99,0,36.67,101.58,58.00,787.00,null,null,null
2023-08-12T00:24:54Z,26.67,75.51,99,0,35.49,101.58,58.00,787.00,null,null,null
2023-08-12T00:25:54Z,26.68,75.42,99,0,35.44,101.58,58.00,787.00,0,0,0
2023-08-12T00:26:54Z,26.68,75.47,99,0,35.11,101.58,58.00,787.00,null,null,null
2023-08-12T00:27:54Z,26.70,75.50,99,0,35.43,101.58,58.00,787.00,null,null,null
2023-08-12T00:28:54Z,26.68,75.50,99,0,37.53,101.58,60.00,798.00,null,null,null
2023-08-12T00:29:54Z,26.70,75.40,99,0,36.94,101.57,60.00,798.00,null,null,null
2023-08-12T00:30:54Z,26.67,75.50,99,0,35.90,101.57,60.00,798.00,0,0,0
2023-08-12T00:31:54Z,26.68,75.48,99,0,36.27,101.58,60.00,798.00,null,null,null
2023-08-12T00:32:54Z,26.68,75.48,99,0,32.51,101.57,60.00,798.00,null,null,null
2023-08-12T00:33:54Z,26.68,75.47,99,0,35.60,101.57,60.00,798.00,null,null,null
2023-08-12T00:34:54Z,26.70,75.58,99,0,33.74,101.57,60.00,798.00,null,null,null
2023-08-12T00:35:54Z,26.70,75.46,99,0,38.84,101.57,60.00,798.00,0,0,0
2023-08-12T00:36:54Z,26.68,75.52,99,0,35.18,101.57,61.00,806.00,null,null,null
2023-08-12T00:37:54Z,26.70,75.42,99,0,35.49,101.57,61.00,806.00,null,null,null
2023-08-12T00:38:54Z,26.68,75.44,99,0,35.20,101.57,61.00,806.00,null,null,null
2023-08-12T00:39:54Z,26.70,75.39,99,0,34.71,101.57,61.00,806.00,null,null,null
2023-08-12T00:40:54Z,26.70,75.61,99,0,36.45,101.57,63.00,815.00,0,0,0
2023-08-12T00:41:54Z,26.70,75.47,99,0,35.53,101.57,61.00,806.00,null,null,null
2023-08-12T00:42:54Z,26.70,75.57,99,0,36.71,101.57,63.00,815.00,null,null,null
2023-08-12T00:43:54Z,26.67,75.43,99,0,38.68,101.57,63.00,815.00,null,null,null
2023-08-12T00:44:54Z,26.68,75.71,99,0,38.65,101.57,65.00,830.00,null,null,null
2023-08-12T00:45:54Z,26.68,75.65,99,0,35.99,101.57,65.00,830.00,0,0,0
2023-08-12T00:46:54Z,26.72,75.76,99,0,35.94,101.56,66.00,838.00,null,null,null
2023-08-12T00:47:54Z,26.71,75.63,99,0,37.07,101.57,65.00,832.00,null,null,null
2023-08-12T00:48:54Z,26.70,75.64,99,0,35.49,101.56,66.00,838.00,null,null,null
2023-08-12T00:49:54Z,26.67,75.53,99,0,34.12,101.57,66.00,838.00,null,null,null
2023-08-12T00:50:54Z,26.70,75.65,99,0,35.66,101.57,68.00,848.00,0,0,0
2023-08-12T00:51:54Z,26.70,75.59,99,0,35.27,101.56,68.00,848.00,null,null,null
2023-08-12T00:52:54Z,26.71,75.55,99,0,34.94,101.57,68.00,848.00,null,null,null
2023-08-12T00:53:54Z,26.70,75.42,99,0,34.86,101.56,68.00,848.00,null,null,null
2023-08-12T00:54:54Z,26.71,75.49,99,0,35.84,101.56,66.00,838.00,null,null,null
2023-08-12T00:55:54Z,26.68,75.49,99,0,39.00,101.57,68.00,848.00,0,0,0
2023-08-12T00:56:54Z,26.70,75.41,99,0,37.75,101.57,68.00,848.00,null,null,null
2023-08-12T00:57:54Z,26.70,75.49,99,0,32.20,101.57,68.00,848.00,null,null,null
2023-08-12T00:58:54Z,26.68,75.32,99,0,36.48,101.57,68.00,848.00,null,null,null
2023-08-12T00:59:54Z,26.64,75.39,99,0,37.25,101.57,68.00,848.00,null,null,null
2023-08-12T01:00:54Z,26.68,75.37,99,0,36.93,101.57,71.00,872.00,0,0,0
2023-08-12T01:01:54Z,26.70,75.41,99,0,33.93,101.56,71.00,872.00,null,null,null
2023-08-12T01:02:54Z,26.70,75.31,99,0,36.26,101.56,71.00,872.00,null,null,null
2023-08-12T01:03:54Z,26.68,75.44,99,0,36.94,101.56,73.00,885.00,null,null,null
2023-08-12T01:04:54Z,26.68,75.33,99,0,37.43,101.56,71.00,872.00,null,null,null
2023-08-12T01:05:54Z,26.64,75.35,99,0,33.42,101.56,73.00,885.00,0,0,0
2023-08-12T01:06:54Z,26.70,75.25,99,0,35.38,101.56,71.00,872.00,null,null,null
2023-08-12T01:07:54Z,26.70,75.33,99,0,36.20,101.56,75.00,895.00,null,null,null
2023-08-12T01:08:54Z,26.68,75.36,99,0,37.28,101.56,73.00,885.00,null,null,null
2023-08-12T01:09:54Z,26.68,75.35,99,0,35.02,101.56,73.00,885.00,null,null,null
2023-08-12T01:10:54Z,26.64,75.47,99,0,38.27,101.55,73.00,885.00,0,0,0
2023-08-12T01:11:54Z,26.67,75.24,99,0,36.14,101.56,73.00,885.00,null,null,null
2023-08-12T01:12:54Z,26.70,75.35,99,0,41.01,101.56,74.00,891.00,null,null,null
2023-08-12T01:13:54Z,26.67,75.27,99,0,33.24,101.56,73.00,885.00,null,null,null
2023-08-12T01:14:54Z,26.67,75.40,99,0,34.09,101.56,73.00,885.00,null,null,null
2023-08-12T01:15:54Z,26.70,75.36,99,0,35.88,101.56,73.00,885.00,0,0,0
2023-08-12T01:16:54Z,26.65,75.29,99,0,33.46,101.56,73.00,885.00,null,null,null
2023-08-12T01:17:54Z,26.68,75.22,99,0,38.08,101.55,73.00,885.00,null,null,null
2023-08-12T01:18:54Z,26.68,75.20,99,0,34.47,101.55,73.00,880.00,null,null,null
2023-08-12T01:19:54Z,26.70,75.16,99,0,35.69,101.55,74.00,891.00,null,null,null
2023-08-12T01:20:54Z,26.64,75.23,99,0,33.82,101.55,74.00,891.00,0,0,0
2023-08-12T01:21:54Z,26.71,75.25,99,0,34.92,101.55,74.00,891.00,null,null,null
2023-08-12T01:22:54Z,26.70,75.40,99,0,36.44,101.55,73.00,885.00,null,null,null
2023-08-12T01:23:54Z,26.67,75.20,99,0,35.11,101.55,75.00,895.00,null,null,null
2023-08-12T01:24:54Z,26.67,75.35,99,0,35.92,101.55,74.00,891.00,null,null,null
2023-08-12T01:25:54Z,26.68,75.22,99,0,35.57,101.56,73.00,885.00,0,0,0
2023-08-12T01:26:54Z,26.68,75.28,99,0,38.98,101.55,74.00,891.00,null,null,null
2023-08-12T01:27:54Z,26.71,75.20,99,0,36.10,101.56,73.00,885.00,null,null,null
2023-08-12T01:28:54Z,26.68,75.25,99,0,36.64,101.56,74.00,891.00,null,null,null
2023-08-12T01:29:54Z,26.68,75.14,99,0,34.96,101.56,75.00,895.00,null,null,null
2023-08-12T01:30:54Z,26.68,75.35,99,0,35.42,101.55,74.00,891.00,0,0,0
2023-08-12T01:31:54Z,26.70,75.22,99,0,36.47,101.55,73.00,885.00,null,null,null
2023-08-12T01:32:54Z,26.71,75.23,99,0,36.08,101.55,74.00,891.00,null,null,null
2023-08-12T01:33:54Z,26.68,74.98,99,0,34.33,101.55,74.00,891.00,null,null,null
2023-08-12T01:34:54Z,26.68,75.06,99,0,38.18,101.55,73.00,880.00,null,null,null
2023-08-12T01:35:54Z,26.68,75.11,99,0,35.59,101.55,73.00,880.00,0,0,0
2023-08-12T01:36:54Z,26.67,75.12,99,0,36.39,101.56,73.00,880.00,null,null,null
2023-08-12T01:37:54Z,26.68,75.02,99,0,32.50,101.56,73.00,880.00,null,null,null
2023-08-12T01:38:54Z,26.65,75.11,99,0,36.84,101.56,73.00,880.00,null,null,null
2023-08-12T01:39:54Z,26.67,75.16,99,0,35.30,101.55,71.00,870.00,null,null,null
2023-08-12T01:40:54Z,26.65,75.10,99,0,38.77,101.55,71.00,870.00,0,0,0
2023-08-12T01:41:54Z,26.65,75.12,99,0,36.66,101.55,71.00,870.00,null,null,null
2023-08-12T01:42:54Z,26.65,75.06,99,0,39.04,101.56,71.00,870.00,null,null,null
2023-08-12T01:43:54Z,26.65,75.16,99,0,36.02,101.55,71.00,870.00,null,null,null
2023-08-12T01:44:54Z,26.64,75.05,99,0,39.54,101.55,71.00,870.00,null,null,null
2023-08-12T01:45:54Z,26.63,75.11,99,0,35.56,101.54,69.00,855.00,0,0,0
2023-08-12T01:46:54Z,26.65,75.02,99,0,35.61,101.54,69.00,855.00,null,null,null
2023-08-12T01:47:54Z,26.65,75.13,99,0,36.77,101.54,69.00,855.00,null,null,null
2023-08-12T01:48:54Z,26.64,75.05,99,0,36.18,101.54,69.00,855.00,null,null,null
2023-08-12T01:49:54Z,26.60,75.08,99,0,42.51,101.54,69.00,855.00,null,null,null
2023-08-12T01:50:54Z,26.67,74.98,99,0,38.54,101.55,69.00,855.00,0,0,0
2023-08-12T01:51:54Z,26.65,75.00,99,0,39.90,101.54,69.00,855.00,null,null,null
2023-08-12T01:52:54Z,26.65,74.88,99,0,37.26,101.54,69.00,855.00,null,null,null
2023-08-12T01:53:54Z,26.67,74.96,99,0,33.37,101.55,67.00,846.00,null,null,null
2023-08-12T01:54:54Z,26.65,74.97,99,0,35.68,101.55,67.00,846.00,null,null,null
2023-08-12T01:55:54Z,26.61,75.00,99,0,40.96,101.55,67.00,846.00,0,0,0
2023-08-12T01:56:54Z,26.64,74.99,99,0,39.42,101.55,69.00,855.00,null,null,null
2023-08-12T01:57:54Z,26.63,74.94,99,0,35.71,101.55,69.00,855.00,null,null,null
2023-08-12T01:58:54Z,26.64,75.00,99,0,37.38,101.55,67.00,846.00,null,null,null
2023-08-12T01:59:54Z,26.65,74.97,99,0,35.61,101.55,67.00,846.00,null,null,null
2023-08-12T02:00:54Z,26.61,74.92,99,0,37.04,101.55,67.00,846.00,0,0,0
2023-08-12T02:01:54Z,26.63,74.88,99,0,34.11,101.55,67.00,846.00,null,null,null
2023-08-12T02:02:54Z,26.65,74.93,99,0,35.35,101.55,67.00,846.00,null,null,null
2023-08-12T02:03:54Z,26.65,74.92,99,0,36.50,101.55,67.00,846.00,null,null,null
2023-08-12T02:04:54Z,26.60,74.95,99,0,34.13,101.55,66.00,836.00,null,null,null
2023-08-12T02:05:54Z,26.65,74.91,99,0,36.97,101.54,66.00,836.00,0,0,0
2023-08-12T02:06:54Z,26.63,74.95,99,0,32.89,101.55,66.00,836.00,null,null,null
2023-08-12T02:07:54Z,26.63,74.81,99,0,38.53,101.54,66.00,836.00,null,null,null
2023-08-12T02:08:54Z,26.63,74.90,99,0,33.67,101.55,67.00,846.00,null,null,null
2023-08-12T02:09:54Z,26.64,74.76,99,0,36.04,101.54,69.00,855.00,null,null,null
2023-08-12T02:10:54Z,26.65,74.89,99,0,36.61,101.54,69.00,855.00,0,0,0
2023-08-12T02:11:54Z,26.64,74.79,99,0,38.20,101.54,69.00,855.00,null,null,null
2023-08-12T02:12:54Z,26.63,74.86,99,0,47.86,101.54,67.00,846.00,null,null,null
2023-08-12T02:13:54Z,26.64,74.76,99,0,37.48,101.55,69.00,855.00,null,null,null
2023-08-12T02:14:54Z,26.60,74.87,99,0,36.84,101.54,69.00,855.00,null,null,null
2023-08-12T02:15:54Z,26.63,74.83,99,0,38.06,101.55,67.00,846.00,0,0,0
2023-08-12T02:16:54Z,26.65,74.78,99,0,33.19,101.54,67.00,846.00,null,null,null
2023-08-12T02:17:54Z,26.58,74.82,99,0,36.68,101.54,67.00,846.00,null,null,null
2023-08-12T02:18:54Z,26.61,74.87,99,0,34.81,101.54,69.00,855.00,null,null,null
2023-08-12T02:19:54Z,26.61,74.86,99,0,35.17,101.54,69.00,855.00,null,null,null
2023-08-12T02:20:54Z,26.60,74.90,99,0,34.74,101.54,67.00,846.00,0,0,0
2023-08-12T02:21:54Z,26.64,74.86,99,0,40.30,101.54,67.00,846.00,null,null,null
2023-08-12T02:22:54Z,26.63,74.89,99,0,35.92,101.54,67.00,846.00,null,null,null
2023-08-12T02:23:54Z,26.61,74.91,99,0,34.36,101.54,67.00,846.00,null,null,null
2023-08-12T02:24:54Z,26.61,74.94,99,0,36.77,101.54,67.00,846.00,null,null,null
2023-08-12T02:25:54Z,26.60,74.88,99,0,34.68,101.53,67.00,846.00,0,0,0
2023-08-12T02:26:54Z,26.61,74.91,99,0,34.81,101.53,66.00,836.00,null,null,null
2023-08-12T02:27:54Z,26.64,74.91,99,0,37.11,101.53,66.00,836.00,null,null,null
2023-08-12T02:28:54Z,26.61,74.91,99,0,36.65,101.53,66.00,836.00,null,null,null
2023-08-12T02:29:54Z,26.60,74.91,99,0,32.69,101.53,66.00,836.00,null,null,null
2023-08-12T02:30:54Z,26.58,74.84,99,0,39.89,101.53,64.00,821.00,0,0,0
2023-08-12T02:31:54Z,26.60,74.91,99,0,35.45,101.53,64.00,821.00,null,null,null
2023-08-12T02:32:54Z,26.58,74.72,99,0,36.97,101.53,64.00,821.00,null,null,null
2023-08-12T02:33:54Z,26.60,74.82,99,0,37.45,101.53,65.00,830.00,null,null,null
2023-08-12T02:34:54Z,26.60,74.81,99,0,36.46,101.53,64.00,821.00,null,null,null
2023-08-12T02:35:54Z,26.61,74.91,99,0,35.61,101.53,64.00,821.00,0,0,0
2023-08-12T02:36:54Z,26.58,74.97,99,0,36.42,101.53,64.00,821.00,null,null,null
2023-08-12T02:37:54Z,26.58,75.04,99,0,35.70,101.53,62.00,813.00,null,null,null
2023-08-12T02:38:54Z,26.61,74.97,99,0,37.39,101.53,64.00,821.00,null,null,null
2023-08-12T02:39:54Z,26.58,74.94,99,0,34.90,101.53,64.00,821.00,null,null,null
2023-08-12T02:40:54Z,26.57,74.97,99,0,36.74,101.52,64.00,821.00,0,0,0
2023-08-12T02:41:54Z,26.60,74.88,99,0,37.95,101.53,64.00,821.00,null,null,null
2023-08-12T02:42:54Z,26.61,74.92,99,0,34.40,101.53,64.00,821.00,null,null,null
2023-08-12T02:43:54Z,26.58,74.95,99,0,35.41,101.53,64.00,821.00,null,null,null
2023-08-12T02:44:54Z,26.57,74.86,99,0,34.34,101.53,64.00,821.00,null,null,null
2023-08-12T02:45:54Z,26.57,74.85,99,0,35.09,101.53,64.00,821.00,0,0,0
2023-08-12T02:46:54Z,26.60,74.94,99,0,33.56,101.54,64.00,821.00,null,null,null
2023-08-12T02:47:54Z,26.60,74.78,99,0,36.91,101.54,62.00,813.00,null,null,null
2023-08-12T02:48:54Z,26.58,74.92,99,0,30.27,101.54,62.00,813.00,null,null,null
2023-08-12T02:49:54Z,26.58,74.85,99,0,40.25,101.54,62.00,813.00,null,null,null
2023-08-12T02:50:54Z,26.57,74.86,99,0,33.06,101.54,62.00,813.00,0,0,0
2023-08-12T02:51:54Z,26.58,74.75,99,0,35.20,101.54,61.00,804.00,null,null,null
2023-08-12T02:52:54Z,26.57,74.78,99,0,31.51,101.55,61.00,804.00,null,null,null
2023-08-12T02:53:54Z,26.57,74.73,99,0,36.34,101.55,61.00,804.00,null,null,null
2023-08-12T02:54:54Z,26.58,74.89,99,0,35.88,101.55,62.00,810.00,null,null,null
2023-08-12T02:55:54Z,26.57,74.79,99,0,34.41,101.55,61.00,804.00,0,0,0
2023-08-12T02:56:54Z,26.57,74.85,99,0,37.66,101.55,60.00,795.00,null,null,null
2023-08-12T02:57:54Z,26.60,74.75,99,0,37.84,101.55,60.00,795.00,null,null,null
2023-08-12T02:58:54Z,26.58,74.73,99,0,34.31,101.55,60.00,795.00,null,null,null
2023-08-12T02:59:54Z,26.57,74.70,99,0,35.23,101.55,61.00,802.00,null,null,null
