TIME,TEMP,HUM,BATT,LIGHT,NOISE_A,PRESS,CCS811_VOCS,CCS811_ECO2,PM_1,PM_25,PM_10
ISO 8601,C,%,%,Lux,dBA,kPa,ppb,ppm,ug/m3,ug/m3,ug/m3
Time,Temperature,Humidity,Battery,Light,Noise dBA,Barometric pressure,VOC Gas CCS811,eCO2 Gas CCS811,PM 1.0,PM 2.5,PM 10.0
,55,56,10,14,53,58,113,112,89,87,88
2023-08-26T00:00:02Z,25.71,69.24,99,0,33.33,100.89,175.00,1505.00,0,0,0
2023-08-26T00:01:02Z,25.72,69.18,99,0,32.37,100.89,177.00,1508.00,null,null,null
2023-08-26T00:02:02Z,25.69,69.19,99,0,34.99,100.89,177.00,1508.00,null,null,null
2023-08-26T00:03:02Z,25.72,69.19,99,0,30.70,100.88,177.00,1508.00,null,null,null
2023-08-26T00:04:02Z,25.71,69.21,99,0,48.06,100.89,177.00,1508.00,null,null,null
2023-08-26T00:05:02Z,25.69,69.19,99,0,49.98,100.89,177.00,1508.00,0,0,0
2023-08-26T00:06:02Z,25.69,69.18,99,0,31.76,100.88,177.00,1508.00,null,null,null
2023-08-26T00:07:02Z,25.72,69.21,99,0,32.76,100.89,177.00,1508.00,null,null,null
2023-08-26T00:08:02Z,25.71,69.22,99,0,32.49,100.88,177.00,1508.00,null,null,null
2023-08-26T00:09:02Z,25.71,69.23,99,0,40.98,100.88,177.00,1508.00,null,null,null
2023-08-26T00:10:02Z,25.72,69.23,99,0,28.57,100.89,177.00,1508.00,0,0,0
2023-08-26T00:11:02Z,25.72,69.26,99,0,30.90,100.88,177.00,1508.00,null,null,null
2023-08-26T00:12:02Z,25.71,69.26,99,0,31.96,100.88,175.00,1505.00,null,null,null
2023-08-26T00:13:02Z,25.73,69.23,99,0,31.25,100.89,175.00,1505.00,null,null,null
2023-08-26T00:14:02Z,25.73,69.23,99,0,32.13,100.89,177.00,1508.00,null,null,null
2023-08-26T00:15:02Z,25.71,69.28,99,0,29.55,100.89,174.00,1504.00,0,0,0
2023-08-26T00:16:02Z,25.72,69.21,99,0,30.51,100.89,175.00,1505.00,null,null,null
2023-08-26T00:17:02Z,25.73,69.23,99,0,32.01,100.89,174.00,1504.00,null,null,null
2023-08-26T00:18:02Z,25.72,69.21,99,0,32.47,100.89,174.00,1504.00,null,null,null
2023-08-26T00:19:02Z,25.72,69.24,99,0,31.54,100.89,177.00,1508.00,null,null,null
2023-08-26T00:20:02Z,25.72,69.19,99,0,31.06,100.89,177.00,1508.00,0,0,0
2023-08-26T00:21:02Z,25.75,69.23,99,0,34.49,100.89,170.00,1498.00,null,null,null
2023-08-26T00:22:02Z,25.71,69.22,99,0,33.70,100.88,155.00,1420.00,null,null,null
2023-08-26T00:23:02Z,25.73,69.13,99,0,29.07,100.89,174.00,1504.00,null,null,null
2023-08-26T00:24:02Z,25.72,69.17,99,0,33.05,100.88,174.00,1504.00,null,null,null
2023-08-26T00:25:02Z,25.72,69.21,99,0,33.14,100.88,174.00,1504.00,0,0,0
2023-08-26T00:26:02Z,25.73,69.20,99,0,31.77,100.88,174.00,1504.00,null,null,null
2023-08-26T00:27:02Z,25.71,69.23,99,0,32.74,100.88,174.00,1504.00,null,null,null
2023-08-26T00:28:02Z,25.73,69.14,99,0,35.15,100.88,174.00,1504.00,null,null,null
2023-08-26T00:29:02Z,25.71,69.18,99,0,30.38,100.88,174.00,1504.00,null,null,null
2023-08-26T00:30:02Z,25.72,69.24,99,0,34.91,100.89,174.00,1504.00,0,0,0
2023-08-26T00:31:02Z,25.72,69.18,99,0,30.02,100.88,174.00,1504.00,null,null,null
2023-08-26T00:32:02Z,25.72,69.22,99,0,32.78,100.88,174.00,1504.00,null,null,null
2023-08-26T00:33:02Z,25.72,69.26,99,0,29.70,100.88,174.00,1504.00,null,null,null
2023-08-26T00:34:02Z,25.69,69.16,99,0,47.11,100.88,172.00,1501.00,null,null,null
2023-08-26T00:35:02Z,25.72,69.21,99,0,27.71,100.88,170.00,1498.00,0,0,0
2023-08-26T00:36:02Z,25.72,69.21,99,0,32.15,100.88,170.00,1498.00,null,null,null
2023-08-26T00:37:02Z,25.72,69.15,99,0,29.11,100.87,170.00,1498.00,null,null,null
2023-08-26T00:38:02Z,25.73,69.20,99,0,32.70,100.87,170.00,1498.00,null,null,null
2023-08-26T00:39:02Z,25.71,69.21,99,0,31.96,100.87,174.00,1504.00,null,null,null
2023-08-26T00:40:02Z,25.71,69.17,99,0,31.61,100.87,174.00,1504.00,0,0,0
2023-08-26T00:41:02Z,25.75,69.11,99,0,38.72,100.87,174.00,1504.00,null,null,null
2023-08-26T00:42:02Z,25.73,69.13,99,0,32.63,100.87,151.00,1397.00,null,null,null
2023-08-26T00:43:02Z,25.69,69.10,99,0,33.70,100.87,170.00,1498.00,null,null,null
2023-08-26T00:44:02Z,25.71,69.11,99,0,31.69,100.87,170.00,1498.00,null,null,null
2023-08-26T00:45:02Z,25.72,69.10,99,0,33.34,100.87,170.00,1498.00,0,0,0
2023-08-26T00:46:02Z,25.72,69.16,99,0,30.87,100.87,170.00,1498.00,null,null,null
2023-08-26T00:47:02Z,25.73,69.09,99,0,31.54,100.87,170.00,1498.00,null,null,null
2023-08-26T00:48:02Z,25.72,69.11,99,0,30.67,100.87,168.00,1494.00,null,null,null
2023-08-26T00:49:02Z,25.73,69.12,99,0,31.00,100.87,170.00,1498.00,null,null,null
2023-08-26T00:50:02Z,25.71,69.06,99,0,31.90,100.88,168.00,1494.00,0,0,0
2023-08-26T00:51:02Z,25.72,69.15,99,0,27.68,100.87,168.00,1494.00,null,null,null
2023-08-26T00:52:02Z,25.72,69.13,99,0,30.36,100.87,168.00,1494.00,null,null,null
2023-08-26T00:53:02Z,25.72,69.11,99,0,31.88,100.87,168.00,1494.00,null,null,null
2023-08-26T00:54:02Z,25.71,69.10,99,0,32.38,100.87,168.00,1494.00,null,null,null
2023-08-26T00:55:02Z,25.73,69.12,99,0,32.75,100.87,165.00,1487.00,0,0,0
2023-08-26T00:56:02Z,25.72,69.10,99,0,30.04,100.86,165.00,1487.00,null,null,null
2023-08-26T00:57:02Z,25.71,69.04,99,0,29.22,100.87,165.00,1487.00,null,null,null
2023-08-26T00:58:02Z,25.69,69.07,99,0,30.57,100.87,165.00,1487.00,null,null,null
2023-08-26T00:59:02Z,25.73,69.04,99,0,33.13,100.87,163.00,1474.00,null,null,null
2023-08-26T01:00:02Z,25.72,69.07,99,0,30.17,100.87,163.00,1474.00,0,0,0
2023-08-26T01:01:02Z,25.72,69.06,99,0,33.67,100.87,87.00,972.00,null,null,null
2023-08-26T01:02:02Z,25.75,69.04,99,0,30.11,100.87,82.00,940.00,null,null,null
2023-08-26T01:03:02Z,25.72,69.01,99,0,31.68,100.87,70.00,865.00,null,null,null
2023-08-26T01:04:02Z,25.68,68.99,99,0,36.68,100.87,82.00,940.00,null,null,null
2023-08-26T01:05:02Z,25.71,68.99,99,0,32.29,100.87,82.00,940.00,0,0,0
2023-08-26T01:06:02Z,25.71,69.02,99,0,33.69,100.87,80.00,930.00,null,null,null
2023-08-26T01:07:02Z,25.72,69.00,99,0,32.31,100.87,80.00,930.00,null,null,null
2023-08-26T01:08:02Z,25.72,68.99,99,0,33.42,100.87,78.00,918.00,null,null,null
2023-08-26T01:09:02Z,25.71,68.95,99,0,31.84,100.87,80.00,930.00,null,null,null
2023-08-26T01:10:02Z,25.72,68.99,99,0,30.76,100.87,78.00,918.00,0,0,0
2023-08-26T01:11:02Z,25.71,68.99,99,0,29.86,100.87,78.00,918.00,null,null,null
2023-08-26T01:12:02Z,25.72,68.98,99,0,34.66,100.87,80.00,930.00,null,null,null
2023-08-26T01:13:02Z,25.73,69.01,99,0,30.05,100.88,78.00,918.00,null,null,null
2023-08-26T01:14:02Z,25.71,68.96,99,0,34.50,100.87,78.00,918.00,null,null,null
2023-08-26T01:15:02Z,25.72,68.97,99,0,31.43,100.87,78.00,918.00,0,0,0
2023-08-26T01:16:02Z,25.69,68.96,99,0,29.36,100.88,78.00,918.00,null,null,null
2023-08-26T01:17:02Z,25.72,68.96,99,0,31.35,100.87,78.00,918.00,null,null,null
2023-08-26T01:18:02Z,25.71,68.96,99,0,31.54,100.87,78.00,918.00,null,null,null
2023-08-26T01:19:02Z,25.72,68.97,99,0,31.01,100.87,78.00,918.00,null,null,null
2023-08-26T01:20:02Z,25.71,68.97,99,0,32.32,100.86,77.00,909.00,0,0,0
2023-08-26T01:21:02Z,25.68,68.95,99,0,31.76,100.88,76.00,900.00,null,null,null
2023-08-26T01:22:02Z,25.69,68.85,99,0,30.63,100.87,78.00,918.00,null,null,null
2023-08-26T01:23:02Z,25.71,68.86,99,0,32.83,100.87,77.00,909.00,null,null,null
2023-08-26T01:24:02Z,25.71,68.94,99,0,31.13,100.87,77.00,909.00,null,null,null
2023-08-26T01:25:02Z,25.71,68.93,99,0,31.71,100.87,77.00,909.00,0,0,0
2023-08-26T01:26:02Z,25.72,68.98,99,0,37.41,100.87,76.00,900.00,null,null,null
2023-08-26T01:27:02Z,25.72,68.92,99,0,29.77,100.87,77.00,909.00,null,null,null
2023-08-26T01:28:02Z,25.71,68.95,99,0,33.30,100.88,78.00,918.00,null,null,null
2023-08-26T01:29:02Z,25.71,68.88,99,0,30.28,100.88,77.00,909.00,null,null,null
2023-08-26T01:30:02Z,25.69,68.89,99,0,32.93,100.88,77.00,909.00,0,0,0
2023-08-26T01:31:02Z,25.71,68.89,99,0,32.32,100.88,76.00,900.00,null,null,null
2023-08-26T01:32:02Z,25.71,68.86,99,0,32.39,100.88,78.00,918.00,null,null,null
2023-08-26T01:33:02Z,25.69,68.85,99,0,30.34,100.87,77.00,909.00,null,null,null
2023-08-26T01:34:02Z,25.71,68.84,99,0,32.25,100.87,77.00,909.00,null,null,null
2023-08-26T01:35:02Z,25.69,68.83,99,0,28.52,100.88,76.00,900.00,0,0,0
2023-08-26T01:36:02Z,25.71,68.77,99,0,31.29,100.87,77.00,909.00,null,null,null
2023-08-26T01:37:02Z,25.71,68.79,99,0,30.01,100.88,76.00,900.00,null,null,null
2023-08-26T01:38:02Z,25.69,68.80,99,0,31.20,100.87,77.00,909.00,null,null,null
2023-08-26T01:39:02Z,25.69,68.74,99,0,33.41,100.87,77.00,909.00,null,null,null
2023-08-26T01:40:02Z,25.71,68.83,99,0,30.71,100.87,78.00,918.00,0,0,0
2023-08-26T01:41:02Z,25.68,68.74,99,0,32.05,100.87,76.00,900.00,null,null,null
2023-08-26T01:42:02Z,25.69,68.77,99,0,31.04,100.87,77.00,907.00,null,null,null
2023-08-26T01:43:02Z,25.69,68.72,99,0,38.31,100.87,76.00,900.00,null,null,null
2023-08-26T01:44:02Z,25.71,68.78,99,0,33.10,100.87,78.00,918.00,null,null,null
2023-08-26T01:45:02Z,25.69,68.76,99,0,31.34,100.87,76.00,900.00,0,0,0
2023-08-26T01:46:02Z,25.69,68.75,99,0,32.78,100.87,76.00,900.00,null,null,null
2023-08-26T01:47:02Z,25.72,68.79,99,0,30.61,100.87,77.00,909.00,null,null,null
2023-08-26T01:48:02Z,25.71,68.77,99,0,39.02,100.86,77.00,909.00,null,null,null
2023-08-26T01:49:02Z,25.71,68.83,99,0,32.18,100.86,77.00,909.00,null,null,null
2023-08-26T01:50:02Z,25.68,68.86,99,0,32.73,100.87,77.00,909.00,0,0,0
2023-08-26T01:51:02Z,25.72,68.82,99,0,33.24,100.86,77.00,909.00,null,null,null
2023-08-26T01:52:02Z,25.69,68.86,99,0,45.34,100.87,76.00,900.00,null,null,null
2023-08-26T01:53:02Z,25.71,68.83,99,0,31.02,100.87,76.00,900.00,null,null,null
2023-08-26T01:54:02Z,25.71,68.81,99,0,30.17,100.86,77.00,909.00,null,null,null
2023-08-26T01:55:02Z,25.71,68.83,99,0,39.96,100.86,77.00,909.00,0,0,0
2023-08-26T01:56:02Z,25.69,68.85,99,0,32.84,100.86,77.00,909.00,null,null,null
2023-08-26T01:57:02Z,25.68,68.85,99,0,31.41,100.86,77.00,909.00,null,null,null
2023-08-26T01:58:02Z,25.71,68.82,99,0,42.43,100.86,77.00,909.00,null,null,null
2023-08-26T01:59:02Z,25.68,68.89,99,0,31.59,100.86,78.00,918.00,null,null,null
2023-08-26T02:00:02Z,25.69,68.89,99,0,34.61,100.86,78.00,918.00,0,0,0
2023-08-26T02:01:02Z,25.71,68.86,99,0,35.40,100.85,78.00,918.00,null,null,null
2023-08-26T02:02:02Z,25.69,68.84,99,0,33.77,100.85,78.00,918.00,null,null,null
2023-08-26T02:03:02Z,25.72,68.87,99,0,35.98,100.85,80.00,930.00,null,null,null
2023-08-26T02:04:02Z,25.69,68.85,99,0,33.62,100.85,80.00,930.00,null,null,null
2023-08-26T02:05:02Z,25.68,68.86,99,0,40.68,100.84,80.00,930.00,0,0,0
2023-08-26T02:06:02Z,25.69,68.85,99,0,36.36,100.84,80.00,930.00,null,null,null
2023-08-26T02:07:02Z,25.71,68.72,99,0,31.42,100.85,82.00,940.00,null,null,null
2023-08-26T02:08:02Z,25.69,68.80,99,0,38.76,100.85,83.00,949.00,null,null,null
2023-08-26T02:09:02Z,25.68,68.83,99,0,31.59,100.84,82.00,940.00,null,null,null
2023-08-26T02:10:02Z,25.69,68.81,99,0,32.54,100.84,80.00,930.00,0,0,0
2023-08-26T02:11:02Z,25.71,68.79,99,0,30.35,100.84,82.00,940.00,null,null,null
2023-08-26T02:12:02Z,25.68,68.77,99,0,30.29,100.84,83.00,951.00,null,null,null
2023-08-26T02:13:02Z,25.71,68.77,99,0,31.80,100.84,83.00,951.00,null,null,null
2023-08-26T02:14:02Z,25.66,68.73,99,0,45.78,100.85,83.00,951.00,null,null,null
2023-08-26T02:15:02Z,25.68,68.72,99,0,30.29,100.85,86.00,967.00,0,0,0
2023-08-26T02:16:02Z,25.72,68.68,99,0,35.48,100.85,86.00,967.00,null,null,null
2023-08-26T02:17:02Z,25.69,68.63,99,0,30.97,100.85,86.00,967.00,null,null,null
2023-08-26T02:18:02Z,25.68,68.67,99,0,35.87,100.85,86.00,967.00,null,null,null
2023-08-26T02:19:02Z,25.69,68.66,99,0,32.70,100.84,86.00,967.00,null,null,null
2023-08-26T02:20:02Z,25.66,68.66,99,0,37.72,100.84,87.00,975.00,0,0,0
2023-08-26T02:21:02Z,25.69,68.68,99,0,32.89,100.84,86.00,967.00,null,null,null
2023-08-26T02:22:02Z,25.69,68.64,99,0,38.36,100.84,87.00,975.00,null,null,null
2023-08-26T02:23:02Z,25.69,68.68,99,0,34.04,100.84,87.00,975.00,null,null,null
2023-08-26T02:24:02Z,25.69,68.67,99,0,40.24,100.84,88.00,981.00,null,null,null
2023-08-26T02:25:02Z,25.66,68.67,99,0,34.85,100.85,88.00,981.00,0,0,0
2023-08-26T02:26:02Z,25.71,68.61,99,0,29.64,100.84,90.00,992.00,null,null,null
2023-08-26T02:27:02Z,25.69,68.63,99,0,34.08,100.85,97.00,1041.00,null,null,null
2023-08-26T02:28:02Z,25.66,68.63,99,0,30.28,100.85,102.00,1071.00,null,null,null
2023-08-26T02:29:02Z,25.66,68.59,99,0,37.52,100.85,102.00,1071.00,null,null,null
2023-08-26T02:30:02Z,25.68,68.59,99,0,30.82,100.85,105.00,1090.00,0,0,0
2023-08-26T02:31:02Z,25.68,68.56,99,0,33.15,100.85,105.00,1090.00,null,null,null
2023-08-26T02:32:02Z,25.69,68.57,99,0,36.06,100.85,105.00,1095.00,null,null,null
2023-08-26T02:33:02Z,25.69,68.56,99,0,39.44,100.85,107.00,1107.00,null,null,null
2023-08-26T02:34:02Z,25.66,68.58,99,0,44.79,100.85,105.00,1095.00,null,null,null
2023-08-26T02:35:02Z,25.66,68.54,99,0,31.19,100.85,107.00,1107.00,0,0,0
2023-08-26T02:36:02Z,25.68,68.55,99,0,30.83,100.84,105.00,1095.00,null,null,null
2023-08-26T02:37:02Z,25.65,68.55,99,0,39.11,100.84,105.00,1095.00,null,null,null
2023-08-26T02:38:02Z,25.66,68.58,99,0,30.97,100.84,107.00,1107.00,null,null,null
2023-08-26T02:39:02Z,25.64,68.49,99,0,31.07,100.84,105.00,1095.00,null,null,null
2023-08-26T02:40:02Z,25.64,68.52,99,0,39.50,100.84,105.00,1095.00,0,0,0
2023-08-26T02:41:02Z,25.66,68.51,99,0,36.59,100.84,107.00,1107.00,null,null,null
2023-08-26T02:42:02Z,25.68,68.47,99,0,30.90,100.84,105.00,1095.00,null,null,null
2023-08-26T02:43:02Z,25.65,68.49,99,0,36.22,100.84,105.00,1095.00,null,null,null
2023-08-26T02:44:02Z,25.64,68.52,99,0,38.06,100.84,105.00,1095.00,null,null,null
2023-08-26T02:45:02Z,25.65,68.53,99,0,36.58,100.84,105.00,1095.00,0,0,0
2023-08-26T02:46:02Z,25.64,68.54,99,0,31.41,100.84,105.00,1095.00,null,null,null
2023-08-26T02:47:02Z,25.65,68.50,99,0,31.72,100.84,105.00,1095.00,null,null,null
2023-08-26T02:48:02Z,25.62,68.52,99,0,32.49,100.84,105.00,1095.00,null,null,null
2023-08-26T02:49:02Z,25.61,68.53,99,0,30.22,100.85,105.00,1095.00,null,null,null
2023-08-26T02:50:02Z,25.65,68.47,99,0,36.43,100.85,105.00,1095.00,0,0,0
2023-08-26T02:51:02Z,25.64,68.49,99,0,29.78,100.85,105.00,1095.00,null,null,null
2023-08-26T02:52:02Z,25.64,68.45,99,0,34.07,100.85,105.00,1095.00,null,null,null
2023-08-26T02:53:02Z,25.62,68.47,99,0,30.93,100.85,105.00,1090.00,null,null,null
2023-08-26T02:54:02Z,25.62,68.48,99,0,32.53,100.85,105.00,1095.00,null,null,null
2023-08-26T02:55:02Z,25.58,68.46,99,0,31.00,100.85,105.00,1095.00,0,0,0
2023-08-26T02:56:02Z,25.62,68.45,99,0,34.01,100.85,105.00,1095.00,null,null,null
2023-08-26T02:57:02Z,25.61,68.43,99,0,34.93,100.85,105.00,1095.00,null,null,null
2023-08-26T02:58:02Z,25.61,68.38,99,0,33.25,100.85,105.00,1095.00,null,null,null
2023-08-26T02:59:02Z,25.59,68.48,99,0,35.86,100.85,105.00,1095.00,null,null,null
