TIME,TEMP,HUM,BATT,LIGHT,NOISE_A,PRESS,CCS811_VOCS,CCS811_ECO2,PM_1,PM_25,PM_10
ISO 8601,C,%,%,Lux,dBA,kPa,ppb,ppm,ug/m3,ug/m3,ug/m3
Time,Temperature,Humidity,Battery,Light,Noise dBA,Barometric pressure,VOC Gas CCS811,eCO2 Gas CCS811,PM 1.0,PM 2.5,PM 10.0
,55,56,10,14,53,58,113,112,89,87,88
2023-09-16T00:00:02Z,25.49,71.69,99,0,31.14,101.26,77.00,909.00,0,0,0
2023-09-16T00:01:02Z,25.49,71.73,99,0,32.42,101.26,77.00,909.00,null,null,null
2023-09-16T00:02:02Z,25.46,71.68,99,0,30.94,101.26,77.00,909.00,null,null,null
2023-09-16T00:03:02Z,25.46,71.69,99,0,32.52,101.26,77.00,909.00,null,null,null
2023-09-16T00:04:02Z,25.48,71.72,99,0,29.46,101.26,77.00,909.00,null,null,null
2023-09-16T00:05:02Z,25.45,71.75,99,0,31.16,101.26,77.00,909.00,0,0,0
2023-09-16T00:06:02Z,25.46,71.72,99,0,31.00,101.27,76.00,905.00,null,null,null
2023-09-16T00:07:02Z,25.46,71.71,99,0,32.85,101.26,75.00,895.00,null,null,null
2023-09-16T00:08:02Z,25.48,71.77,99,0,30.38,101.26,77.00,909.00,null,null,null
2023-09-16T00:09:02Z,25.46,71.75,99,0,34.29,101.26,80.00,927.00,null,null,null
2023-09-16T00:10:02Z,25.46,71.75,99,0,30.11,101.26,85.00,959.00,0,0,0
2023-09-16T00:11:02Z,25.46,71.75,99,0,29.82,101.26,85.00,959.00,null,null,null
2023-09-16T00:12:02Z,25.49,71.73,99,0,33.69,101.26,85.00,959.00,null,null,null
2023-09-16T00:13:02Z,25.48,71.70,99,0,33.62,101.26,89.00,987.00,null,null,null
2023-09-16T00:14:02Z,25.44,71.73,99,0,30.86,101.26,89.00,987.00,null,null,null
2023-09-16T00:15:02Z,25.46,71.74,99,0,32.60,101.26,87.00,975.00,0,0,0
2023-09-16T00:16:02Z,25.46,71.73,99,0,31.25,101.26,87.00,975.00,null,null,null
2023-09-16T00:17:02Z,25.49,71.73,99,0,33.33,101.26,92.00,1004.00,null,null,null
2023-09-16T00:18:02Z,25.49,71.70,99,0,28.98,101.26,92.00,1004.00,null,null,null
2023-09-16T00:19:02Z,25.48,71.70,99,0,30.13,101.26,93.00,1014.00,null,null,null
2023-09-16T00:20:02Z,25.45,71.72,99,0,30.46,101.26,93.00,1014.00,0,0,0
2023-09-16T00:21:02Z,25.46,71.72,99,0,35.14,101.26,92.00,1004.00,null,null,null
2023-09-16T00:22:02Z,25.46,71.69,99,0,29.41,101.25,93.00,1014.00,null,null,null
2023-09-16T00:23:02Z,25.48,71.68,99,0,31.05,101.25,93.00,1014.00,null,null,null
2023-09-16T00:24:02Z,25.45,71.70,99,0,31.47,101.25,92.00,1004.00,null,null,null
2023-09-16T00:25:02Z,25.48,71.70,99,0,29.91,101.25,89.00,987.00,0,0,0
2023-09-16T00:26:02Z,25.48,71.70,99,0,32.75,101.25,92.00,1004.00,null,null,null
2023-09-16T00:27:02Z,25.44,71.70,99,0,31.49,101.25,92.00,1004.00,null,null,null
2023-09-16T00:28:02Z,25.42,71.69,99,0,28.91,101.25,92.00,1004.00,null,null,null
2023-09-16T00:29:02Z,25.48,71.71,99,0,30.93,101.25,92.00,1004.00,null,null,null
2023-09-16T00:30:02Z,25.45,71.71,99,0,31.81,101.25,92.00,1004.00,0,0,0
2023-09-16T00:31:02Z,25.45,71.73,99,0,29.37,101.25,92.00,1004.00,null,null,null
2023-09-16T00:32:02Z,25.46,71.72,99,0,31.70,101.25,92.00,1004.00,null,null,null
2023-09-16T00:33:02Z,25.46,71.71,99,0,33.08,101.24,92.00,1004.00,null,null,null
2023-09-16T00:34:02Z,25.44,71.73,99,0,29.97,101.24,92.00,1004.00,null,null,null
2023-09-16T00:35:02Z,25.44,71.70,99,0,31.66,101.24,92.00,1004.00,0,0,0
2023-09-16T00:36:02Z,25.46,71.70,99,0,30.88,101.24,92.00,1004.00,null,null,null
2023-09-16T00:37:02Z,25.46,71.74,99,0,29.54,101.24,92.00,1004.00,null,null,null
2023-09-16T00:38:02Z,25.45,71.72,99,0,31.53,101.24,92.00,1004.00,null,null,null
2023-09-16T00:39:02Z,25.45,71.74,99,0,32.57,101.24,92.00,1004.00,null,null,null
2023-09-16T00:40:02Z,25.45,71.73,99,0,31.13,101.24,92.00,1004.00,0,0,0
2023-09-16T00:41:02Z,25.45,71.75,99,0,33.33,101.24,89.00,987.00,null,null,null
2023-09-16T00:42:02Z,25.46,71.80,99,0,35.17,101.24,88.00,981.00,null,null,null
2023-09-16T00:43:02Z,25.46,71.81,99,0,32.27,101.24,86.00,970.00,null,null,null
2023-09-16T00:44:02Z,25.45,71.84,99,0,29.84,101.24,86.00,970.00,null,null,null
2023-09-16T00:45:02Z,25.42,71.84,99,0,32.98,101.24,88.00,981.00,0,0,0
2023-09-16T00:46:02Z,25.44,71.82,99,0,33.16,101.24,86.00,967.00,null,null,null
2023-09-16T00:47:02Z,25.45,71.76,99,0,32.52,101.24,67.00,840.00,null,null,null
2023-09-16T00:48:02Z,25.46,71.76,99,0,33.79,101.24,69.00,853.00,null,null,null
2023-09-16T00:49:02Z,25.44,71.81,99,0,30.32,101.24,67.00,840.00,null,null,null
2023-09-16T00:50:02Z,25.46,71.75,99,0,34.59,101.24,67.00,840.00,0,0,0
2023-09-16T00:51:02Z,25.46,71.74,99,0,30.31,101.24,69.00,853.00,null,null,null
2023-09-16T00:52:02Z,25.44,71.70,99,0,31.57,101.24,67.00,846.00,null,null,null
2023-09-16T00:53:02Z,25.45,71.70,99,0,32.23,101.24,67.00,846.00,null,null,null
2023-09-16T00:54:02Z,25.42,71.72,99,0,33.17,101.24,67.00,846.00,null,null,null
2023-09-16T00:55:02Z,25.45,71.68,99,0,32.60,101.24,67.00,846.00,0,0,0
2023-09-16T00:56:02Z,25.45,71.66,99,0,33.10,101.24,67.00,846.00,null,null,null
2023-09-16T00:57:02Z,25.45,71.68,99,0,30.20,101.23,67.00,846.00,null,null,null
2023-09-16T00:58:02Z,25.45,71.66,99,0,33.38,101.23,67.00,846.00,null,null,null
2023-09-16T00:59:02Z,25.48,71.64,99,0,32.87,101.23,69.00,857.00,null,null,null
2023-09-16T01:00:02Z,25.45,71.62,99,0,33.02,101.24,67.00,846.00,0,0,0
2023-09-16T01:01:02Z,25.46,71.59,99,0,31.21,101.23,67.00,846.00,null,null,null
2023-09-16T01:02:02Z,25.48,71.57,99,0,33.76,101.23,69.00,857.00,null,null,null
2023-09-16T01:03:02Z,25.46,71.64,99,0,31.61,101.23,69.00,857.00,null,null,null
2023-09-16T01:04:02Z,25.48,71.62,99,0,33.03,101.24,67.00,846.00,null,null,null
2023-09-16T01:05:02Z,25.46,71.62,99,0,33.81,101.24,67.00,846.00,0,0,0
2023-09-16T01:06:02Z,25.48,71.58,99,0,33.58,101.23,67.00,846.00,null,null,null
2023-09-16T01:07:02Z,25.44,71.57,99,0,31.35,101.24,67.00,846.00,null,null,null
2023-09-16T01:08:02Z,25.46,71.58,99,0,29.44,101.24,67.00,846.00,null,null,null
2023-09-16T01:09:02Z,25.44,71.53,99,0,30.51,101.24,69.00,857.00,null,null,null
2023-09-16T01:10:02Z,25.44,71.53,99,0,32.28,101.24,71.00,868.00,0,0,0
2023-09-16T01:11:02Z,25.45,71.56,99,0,30.97,101.24,71.00,868.00,null,null,null
2023-09-16T01:12:02Z,25.46,71.55,99,0,33.29,101.24,71.00,872.00,null,null,null
2023-09-16T01:13:02Z,25.45,71.51,99,0,34.39,101.24,71.00,872.00,null,null,null
2023-09-16T01:14:02Z,25.45,71.48,99,0,30.96,101.24,71.00,872.00,null,null,null
2023-09-16T01:15:02Z,25.41,71.51,99,0,31.76,101.24,71.00,872.00,0,0,0
2023-09-16T01:16:02Z,25.45,71.53,99,0,31.11,101.24,71.00,868.00,null,null,null
2023-09-16T01:17:02Z,25.44,71.50,99,0,32.08,101.24,71.00,872.00,null,null,null
2023-09-16T01:18:02Z,25.42,71.50,99,0,31.07,101.24,71.00,872.00,null,null,null
2023-09-16T01:19:02Z,25.44,71.48,99,0,30.69,101.24,71.00,868.00,null,null,null
2023-09-16T01:20:02Z,25.46,71.44,99,0,33.23,101.24,71.00,872.00,0,0,0
2023-09-16T01:21:02Z,25.44,71.43,99,0,32.21,101.24,71.00,868.00,null,null,null
2023-09-16T01:22:02Z,25.41,71.48,99,0,33.00,101.23,71.00,872.00,null,null,null
2023-09-16T01:23:02Z,25.41,71.45,99,0,31.38,101.23,71.00,872.00,null,null,null
2023-09-16T01:24:02Z,25.42,71.48,99,0,32.97,101.24,71.00,868.00,null,null,null
2023-09-16T01:25:02Z,25.39,71.45,99,0,31.89,101.24,69.00,857.00,0,0,0
2023-09-16T01:26:02Z,25.42,71.47,99,0,34.20,101.24,71.00,868.00,null,null,null
2023-09-16T01:27:02Z,25.41,71.49,99,0,32.29,101.24,69.00,857.00,null,null,null
2023-09-16T01:28:02Z,25.38,71.53,99,0,33.05,101.24,67.00,846.00,null,null,null
2023-09-16T01:29:02Z,25.41,71.51,99,0,31.92,101.24,69.00,857.00,null,null,null
2023-09-16T01:30:02Z,25.41,71.48,99,0,31.72,101.23,69.00,857.00,0,0,0
2023-09-16T01:31:02Z,25.41,71.47,99,0,30.54,101.23,69.00,857.00,null,null,null
2023-09-16T01:32:02Z,25.38,71.46,99,0,34.35,101.23,67.00,846.00,null,null,null
2023-09-16T01:33:02Z,25.41,71.46,99,0,33.22,101.22,67.00,846.00,null,null,null
2023-09-16T01:34:02Z,25.38,71.48,99,0,32.57,101.22,67.00,846.00,null,null,null
2023-09-16T01:35:02Z,25.41,71.49,99,0,30.33,101.22,66.00,838.00,0,0,0
2023-09-16T01:36:02Z,25.41,71.51,99,0,31.08,101.22,66.00,838.00,null,null,null
2023-09-16T01:37:02Z,25.39,71.48,99,0,31.08,101.22,66.00,838.00,null,null,null
2023-09-16T01:38:02Z,25.39,71.51,99,0,29.89,101.22,66.00,838.00,null,null,null
2023-09-16T01:39:02Z,25.39,71.56,99,0,31.62,101.22,66.00,838.00,null,null,null
2023-09-16T01:40:02Z,25.38,71.51,99,0,30.28,101.22,65.00,832.00,0,0,0
2023-09-16T01:41:02Z,25.38,71.49,99,0,31.73,101.22,66.00,838.00,null,null,null
2023-09-16T01:42:02Z,25.39,71.50,99,0,31.44,101.22,66.00,838.00,null,null,null
2023-09-16T01:43:02Z,25.34,71.46,99,0,33.11,101.22,65.00,832.00,null,null,null
2023-09-16T01:44:02Z,25.37,71.51,99,0,32.01,101.22,66.00,838.00,null,null,null
2023-09-16T01:45:02Z,25.35,71.56,99,0,30.13,101.22,65.00,832.00,0,0,0
2023-09-16T01:46:02Z,25.38,71.52,99,0,31.78,101.22,65.00,832.00,null,null,null
2023-09-16T01:47:02Z,25.38,71.53,99,0,32.86,101.22,65.00,832.00,null,null,null
2023-09-16T01:48:02Z,25.37,71.52,99,0,31.74,101.22,65.00,832.00,null,null,null
2023-09-16T01:49:02Z,25.34,71.54,99,0,33.50,101.21,65.00,832.00,null,null,null
2023-09-16T01:50:02Z,25.38,71.51,99,0,33.31,101.22,65.00,832.00,0,0,0
2023-09-16T01:51:02Z,25.34,71.54,99,0,31.92,101.22,65.00,832.00,null,null,null
2023-09-16T01:52:02Z,25.37,71.51,99,0,32.77,101.22,66.00,838.00,null,null,null
2023-09-16T01:53:02Z,25.34,71.53,99,0,32.42,101.22,66.00,838.00,null,null,null
2023-09-16T01:54:02Z,25.35,71.54,99,0,32.59,101.21,65.00,832.00,null,null,null
2023-09-16T01:55:02Z,25.34,71.52,99,0,31.01,101.22,65.00,832.00,0,0,0
2023-09-16T01:56:02Z,25.34,71.49,99,0,32.07,101.22,66.00,838.00,null,null,null
2023-09-16T01:57:02Z,25.37,71.51,99,0,30.19,101.22,66.00,838.00,null,null,null
2023-09-16T01:58:02Z,25.37,71.53,99,0,31.25,101.21,66.00,838.00,null,null,null
2023-09-16T01:59:02Z,25.33,71.54,99,0,31.28,101.22,66.00,838.00,null,null,null
2023-09-16T02:00:02Z,25.37,71.56,99,0,31.32,101.22,66.00,838.00,0,0,0
2023-09-16T02:01:02Z,25.37,71.48,99,0,32.98,101.22,66.00,838.00,null,null,null
2023-09-16T02:02:02Z,25.35,71.53,99,0,33.42,101.22,66.00,838.00,null,null,null
2023-09-16T02:03:02Z,25.34,71.46,99,0,30.79,101.22,66.00,838.00,null,null,null
2023-09-16T02:04:02Z,25.35,71.51,99,0,32.64,101.22,71.00,868.00,null,null,null
2023-09-16T02:05:02Z,25.34,71.49,99,0,32.47,101.22,74.00,889.00,0,0,0
2023-09-16T02:06:02Z,25.35,71.45,99,0,30.39,101.22,77.00,907.00,null,null,null
2023-09-16T02:07:02Z,25.34,71.44,99,0,30.49,101.22,79.00,923.00,null,null,null
2023-09-16T02:08:02Z,25.35,71.44,99,0,30.67,101.22,80.00,930.00,null,null,null
2023-09-16T02:09:02Z,25.33,71.43,99,0,31.25,101.22,83.00,945.00,null,null,null
2023-09-16T02:10:02Z,25.30,71.48,99,0,32.08,101.22,85.00,961.00,0,0,0
2023-09-16T02:11:02Z,25.34,71.44,99,0,31.91,101.22,85.00,961.00,null,null,null
2023-09-16T02:12:02Z,25.33,71.43,99,0,31.72,101.22,87.00,972.00,null,null,null
2023-09-16T02:13:02Z,25.31,71.43,99,0,31.72,101.23,87.00,977.00,null,null,null
2023-09-16T02:14:02Z,25.33,71.41,99,0,31.53,101.23,90.00,995.00,null,null,null
2023-09-16T02:15:02Z,25.31,71.45,99,0,31.51,101.22,91.00,1001.00,0,0,0
2023-09-16T02:16:02Z,25.34,71.43,99,0,33.04,101.23,90.00,995.00,null,null,null
2023-09-16T02:17:02Z,25.30,71.38,99,0,30.21,101.23,93.00,1012.00,null,null,null
2023-09-16T02:18:02Z,25.30,71.40,99,0,30.02,101.23,93.00,1012.00,null,null,null
2023-09-16T02:19:02Z,25.31,71.39,99,0,32.79,101.22,94.00,1019.00,null,null,null
2023-09-16T02:20:02Z,25.30,71.37,99,0,31.23,101.23,94.00,1019.00,0,0,0
2023-09-16T02:21:02Z,25.33,71.39,99,0,32.73,101.23,93.00,1012.00,null,null,null
2023-09-16T02:22:02Z,25.34,71.42,99,0,35.12,101.22,97.00,1038.00,null,null,null
2023-09-16T02:23:02Z,25.33,71.37,99,0,32.37,101.23,97.00,1038.00,null,null,null
2023-09-16T02:24:02Z,25.31,71.36,99,0,31.59,101.23,99.00,1050.00,null,null,null
2023-09-16T02:25:02Z,25.30,71.35,99,0,33.02,101.22,99.00,1050.00,0,0,0
2023-09-16T02:26:02Z,25.33,71.39,99,0,32.37,101.23,97.00,1038.00,null,null,null
2023-09-16T02:27:02Z,25.28,71.42,99,0,29.78,101.23,99.00,1050.00,null,null,null
2023-09-16T02:28:02Z,25.30,71.37,99,0,34.33,101.23,99.00,1050.00,null,null,null
2023-09-16T02:29:02Z,25.28,71.39,99,0,32.60,101.22,99.00,1050.00,null,null,null
2023-09-16T02:30:02Z,25.30,71.38,99,0,31.35,101.23,99.00,1050.00,0,0,0
2023-09-16T02:31:02Z,25.33,71.39,99,0,32.54,101.23,99.00,1050.00,null,null,null
2023-09-16T02:32:02Z,25.31,71.38,99,0,31.40,101.23,100.00,1060.00,null,null,null
2023-09-16T02:33:02Z,25.30,71.38,99,0,30.28,101.23,100.00,1060.00,null,null,null
2023-09-16T02:34:02Z,25.27,71.39,99,0,29.62,101.23,100.00,1060.00,null,null,null
2023-09-16T02:35:02Z,25.28,71.40,99,0,31.48,101.23,100.00,1060.00,0,0,0
2023-09-16T02:36:02Z,25.33,71.36,99,0,32.77,101.23,100.00,1060.00,null,null,null
2023-09-16T02:37:02Z,25.31,71.34,99,0,30.67,101.23,100.00,1060.00,null,null,null
2023-09-16T02:38:02Z,25.30,71.32,99,0,32.52,101.23,100.00,1060.00,null,null,null
2023-09-16T02:39:02Z,25.30,71.36,99,0,31.70,101.23,100.00,1060.00,null,null,null
2023-09-16T02:40:02Z,25.30,71.33,99,0,29.65,101.22,100.00,1060.00,0,0,0
2023-09-16T02:41:02Z,25.27,71.36,99,0,31.15,101.22,100.00,1060.00,null,null,null
2023-09-16T02:42:02Z,25.28,71.33,99,0,31.18,101.22,100.00,1060.00,null,null,null
2023-09-16T02:43:02Z,25.27,71.40,99,0,33.02,101.22,100.00,1060.00,null,null,null
2023-09-16T02:44:02Z,25.28,71.34,99,0,33.34,101.22,100.00,1060.00,null,null,null
2023-09-16T02:45:02Z,25.30,71.41,99,0,28.78,101.22,99.00,1050.00,0,0,0
2023-09-16T02:46:02Z,25.28,71.40,99,0,31.64,101.22,99.00,1050.00,null,null,null
2023-09-16T02:47:02Z,25.28,71.37,99,0,30.13,101.21,99.00,1050.00,null,null,null
2023-09-16T02:48:02Z,25.28,71.40,99,0,32.97,101.22,99.00,1050.00,null,null,null
2023-09-16T02:49:02Z,25.27,71.40,99,0,32.98,101.22,99.00,1050.00,null,null,null
2023-09-16T02:50:02Z,25.27,71.40,99,0,31.97,101.22,97.00,1038.00,0,0,0
2023-09-16T02:51:02Z,25.27,71.37,99,0,33.94,101.22,97.00,1038.00,null,null,null
2023-09-16T02:52:02Z,25.27,71.37,99,0,30.94,101.22,97.00,1038.00,null,null,null
2023-09-16T02:53:02Z,25.28,71.43,99,0,31.36,101.21,97.00,1038.00,null,null,null
2023-09-16T02:54:02Z,25.28,71.39,99,0,29.91,101.22,94.00,1019.00,null,null,null
2023-09-16T02:55:02Z,25.28,71.38,99,0,31.52,101.22,94.00,1019.00,0,0,0
2023-09-16T02:56:02Z,25.27,71.34,99,0,31.64,101.21,94.00,1019.00,null,null,null
2023-09-16T02:57:02Z,25.27,71.39,99,0,31.21,101.21,99.00,1050.00,null,null,null
2023-09-16T02:58:02Z,25.28,71.36,99,0,30.02,101.21,100.00,1060.00,null,null,null
2023-09-16T02:59:02Z,25.25,71.34,99,0,30.59,101.21,102.00,1071.00,null,null,null
