TIME,TEMP,HUM,BATT,LIGHT,NOISE_A,PRESS,CCS811_VOCS,CCS811_ECO2,PM_1,PM_25,PM_10
ISO 8601,C,%,%,Lux,dBA,kPa,ppb,ppm,ug/m3,ug/m3,ug/m3
Time,Temperature,Humidity,Battery,Light,Noise dBA,Barometric pressure,VOC Gas CCS811,eCO2 Gas CCS811,PM 1.0,PM 2.5,PM 10.0
,55,56,10,14,53,58,113,112,89,87,88
2023-09-02T00:00:03Z,23.84,75.10,99,0,25.44,101.59,227.00,1578.00,0,0,0
2023-09-02T00:01:03Z,23.85,75.15,99,0,27.04,101.59,227.00,1578.00,null,null,null
2023-09-02T00:02:03Z,23.85,75.06,99,0,25.95,101.59,227.00,1578.00,null,null,null
2023-09-02T00:03:03Z,23.85,75.03,99,0,25.67,101.59,227.00,1578.00,null,null,null
2023-09-02T00:04:03Z,23.84,75.01,99,0,27.40,101.59,227.00,1578.00,null,null,null
2023-09-02T00:05:03Z,23.81,75.09,99,0,25.32,101.59,227.00,1578.00,0,0,0
2023-09-02T00:06:03Z,23.82,75.05,99,0,24.89,101.59,227.00,1578.00,null,null,null
2023-09-02T00:07:03Z,23.80,75.03,99,0,25.76,101.59,224.00,1572.00,null,null,null
2023-09-02T00:08:03Z,23.82,75.02,99,0,27.30,101.59,224.00,1572.00,null,null,null
2023-09-02T00:09:03Z,23.86,75.06,99,0,27.44,101.59,220.00,1567.00,null,null,null
2023-09-02T00:10:03Z,23.85,75.05,99,0,30.63,101.59,220.00,1567.00,0,0,0
2023-09-02T00:11:03Z,23.84,75.09,99,0,26.84,101.59,217.00,1563.00,null,null,null
2023-09-02T00:12:03Z,23.84,74.94,99,0,26.93,101.59,212.00,1557.00,null,null,null
2023-09-02T00:13:03Z,23.82,74.92,99,0,24.89,101.59,212.00,1557.00,null,null,null
2023-09-02T00:14:03Z,23.84,75.06,99,0,29.22,101.59,208.00,1552.00,null,null,null
2023-09-02T00:15:03Z,23.85,74.96,99,0,28.55,101.59,205.00,1547.00,0,0,0
2023-09-02T00:16:03Z,23.84,75.02,99,0,26.21,101.59,202.00,1543.00,null,null,null
2023-09-02T00:17:03Z,23.84,74.95,99,0,25.44,101.59,202.00,1543.00,null,null,null
2023-09-02T00:18:03Z,23.82,74.94,99,0,24.72,101.59,198.00,1539.00,null,null,null
2023-09-02T00:19:03Z,23.85,74.95,99,0,27.32,101.60,193.00,1532.00,null,null,null
2023-09-02T00:20:03Z,23.82,74.95,99,0,25.56,101.60,191.00,1528.00,0,0,0
2023-09-02T00:21:03Z,23.84,75.05,99,0,26.41,101.60,191.00,1528.00,null,null,null
2023-09-02T00:22:03Z,23.84,75.01,99,0,25.09,101.60,187.00,1524.00,null,null,null
2023-09-02T00:23:03Z,23.85,74.96,99,0,26.50,101.60,184.00,1519.00,null,null,null
2023-09-02T00:24:03Z,23.85,75.00,99,0,24.68,101.60,181.00,1515.00,null,null,null
2023-09-02T00:25:03Z,23.84,75.00,99,0,26.31,101.61,181.00,1515.00,0,0,0
2023-09-02T00:26:03Z,23.85,74.96,99,0,24.43,101.60,178.00,1511.00,null,null,null
2023-09-02T00:27:03Z,23.82,74.99,99,0,27.02,101.61,176.00,1506.00,null,null,null
2023-09-02T00:28:03Z,23.85,75.00,99,0,25.70,101.61,172.00,1501.00,null,null,null
2023-09-02T00:29:03Z,23.85,74.95,99,0,24.15,101.61,172.00,1501.00,null,null,null
2023-09-02T00:30:03Z,23.84,75.07,99,0,30.58,101.62,170.00,1497.00,0,0,0
2023-09-02T00:31:03Z,23.82,75.00,99,0,29.30,101.61,170.00,1497.00,null,null,null
2023-09-02T00:32:03Z,23.82,74.96,99,0,26.91,101.61,170.00,1497.00,null,null,null
2023-09-02T00:33:03Z,23.85,75.00,99,0,26.14,101.61,170.00,1497.00,null,null,null
2023-09-02T00:34:03Z,23.84,74.98,99,0,24.27,101.61,167.00,1499.00,null,null,null
2023-09-02T00:35:03Z,23.82,75.01,99,0,27.16,101.61,163.00,1474.00,0,0,0
2023-09-02T00:36:03Z,23.81,75.05,99,0,28.12,101.61,163.00,1474.00,null,null,null
2023-09-02T00:37:03Z,23.85,75.19,99,0,26.46,101.61,163.00,1474.00,null,null,null
2023-09-02T00:38:03Z,23.81,75.23,99,0,24.07,101.61,161.00,1458.00,null,null,null
2023-09-02T00:39:03Z,23.84,75.19,99,0,26.55,101.61,161.00,1458.00,null,null,null
2023-09-02T00:40:03Z,23.82,75.25,99,0,25.29,101.61,161.00,1458.00,0,0,0
2023-09-02T00:41:03Z,23.82,75.17,99,0,26.69,101.61,156.00,1425.00,null,null,null
2023-09-02T00:42:03Z,23.82,75.14,99,0,27.22,101.61,157.00,1436.00,null,null,null
2023-09-02T00:43:03Z,23.81,75.04,99,0,25.70,101.62,155.00,1420.00,null,null,null
2023-09-02T00:44:03Z,23.84,75.17,99,0,28.15,101.61,155.00,1420.00,null,null,null
2023-09-02T00:45:03Z,23.82,75.04,99,0,25.50,101.61,155.00,1420.00,0,0,0
2023-09-02T00:46:03Z,23.84,75.21,99,0,26.48,101.61,151.00,1397.00,null,null,null
2023-09-02T00:47:03Z,23.82,75.14,99,0,28.33,101.61,155.00,1420.00,null,null,null
2023-09-02T00:48:03Z,23.82,75.08,99,0,28.52,101.61,167.00,1499.00,null,null,null
2023-09-02T00:49:03Z,23.84,74.96,99,0,26.03,101.61,170.00,1497.00,null,null,null
2023-09-02T00:50:03Z,23.81,75.09,99,0,27.16,101.61,170.00,1497.00,0,0,0
2023-09-02T00:51:03Z,23.84,75.09,99,0,33.40,101.61,167.00,1499.00,null,null,null
2023-09-02T00:52:03Z,23.84,75.06,99,0,26.82,101.60,170.00,1497.00,null,null,null
2023-09-02T00:53:03Z,23.82,75.18,99,0,26.67,101.61,170.00,1497.00,null,null,null
2023-09-02T00:54:03Z,23.82,75.26,99,0,26.21,101.61,167.00,1499.00,null,null,null
2023-09-02T00:55:03Z,23.81,74.97,99,0,26.21,101.60,165.00,1487.00,0,0,0
2023-09-02T00:56:03Z,23.80,75.06,99,0,29.23,101.60,163.00,1474.00,null,null,null
2023-09-02T00:57:03Z,23.80,75.13,99,0,26.08,101.60,163.00,1474.00,null,null,null
2023-09-02T00:58:03Z,23.80,75.06,99,0,24.76,101.60,161.00,1458.00,null,null,null
2023-09-02T00:59:03Z,23.81,75.01,99,0,26.97,101.60,163.00,1474.00,null,null,null
2023-09-02T01:00:03Z,23.82,75.15,99,0,24.31,101.60,161.00,1458.00,0,0,0
2023-09-02T01:01:03Z,23.80,75.10,99,0,24.93,101.60,157.00,1436.00,null,null,null
2023-09-02T01:02:03Z,23.84,74.92,99,0,26.87,101.60,161.00,1458.00,null,null,null
2023-09-02T01:03:03Z,23.81,75.04,99,0,29.87,101.60,167.00,1499.00,null,null,null
2023-09-02T01:04:03Z,23.78,75.07,99,0,24.93,101.59,167.00,1499.00,null,null,null
2023-09-02T01:05:03Z,23.75,75.11,99,0,36.87,101.59,167.00,1499.00,0,0,0
2023-09-02T01:06:03Z,23.82,75.15,99,0,26.46,101.60,167.00,1499.00,null,null,null
2023-09-02T01:07:03Z,23.82,75.01,99,0,29.20,101.59,163.00,1474.00,null,null,null
2023-09-02T01:08:03Z,23.82,74.97,99,0,30.11,101.59,167.00,1499.00,null,null,null
2023-09-02T01:09:03Z,23.80,75.15,99,0,27.78,101.59,163.00,1474.00,null,null,null
2023-09-02T01:10:03Z,23.81,75.10,99,0,25.44,101.59,163.00,1474.00,0,0,0
2023-09-02T01:11:03Z,23.80,75.01,99,0,25.03,101.59,163.00,1474.00,null,null,null
2023-09-02T01:12:03Z,23.82,74.88,99,0,26.43,101.59,163.00,1474.00,null,null,null
2023-09-02T01:13:03Z,23.81,74.91,99,0,29.05,101.59,161.00,1458.00,null,null,null
2023-09-02T01:14:03Z,23.82,74.94,99,0,26.48,101.59,161.00,1458.00,null,null,null
2023-09-02T01:15:03Z,23.80,74.84,99,0,26.08,101.59,157.00,1436.00,0,0,0
2023-09-02T01:16:03Z,23.81,74.92,99,0,27.02,101.59,157.00,1436.00,null,null,null
2023-09-02T01:17:03Z,23.81,75.03,99,0,29.79,101.59,157.00,1436.00,null,null,null
2023-09-02T01:18:03Z,23.82,75.04,99,0,29.35,101.59,161.00,1458.00,null,null,null
2023-09-02T01:19:03Z,23.80,74.87,99,0,28.28,101.59,161.00,1458.00,null,null,null
2023-09-02T01:20:03Z,23.80,75.10,99,0,30.49,101.59,157.00,1436.00,0,0,0
2023-09-02T01:21:03Z,23.80,75.15,99,0,27.02,101.59,157.00,1436.00,null,null,null
2023-09-02T01:22:03Z,23.81,75.08,99,0,28.09,101.60,157.00,1436.00,null,null,null
2023-09-02T01:23:03Z,23.81,75.05,99,0,25.29,101.59,157.00,1436.00,null,null,null
2023-09-02T01:24:03Z,23.81,75.12,99,0,25.13,101.60,157.00,1436.00,null,null,null
2023-09-02T01:25:03Z,23.78,75.07,99,0,28.40,101.59,155.00,1420.00,0,0,0
2023-09-02T01:26:03Z,23.80,75.15,99,0,26.57,101.60,157.00,1436.00,null,null,null
2023-09-02T01:27:03Z,23.82,75.10,99,0,29.73,101.59,155.00,1420.00,null,null,null
2023-09-02T01:28:03Z,23.81,75.13,99,0,26.16,101.59,155.00,1420.00,null,null,null
2023-09-02T01:29:03Z,23.80,75.13,99,0,27.38,101.59,155.00,1420.00,null,null,null
2023-09-02T01:30:03Z,23.80,75.14,99,0,29.43,101.60,151.00,1397.00,0,0,0
2023-09-02T01:31:03Z,23.78,75.12,99,0,26.91,101.60,151.00,1397.00,null,null,null
2023-09-02T01:32:03Z,23.80,75.11,99,0,25.32,101.59,151.00,1397.00,null,null,null
2023-09-02T01:33:03Z,23.81,74.98,99,0,25.79,101.59,149.00,1380.00,null,null,null
2023-09-02T01:34:03Z,23.78,75.08,99,0,29.42,101.59,149.00,1380.00,null,null,null
2023-09-02T01:35:03Z,23.80,74.95,99,0,25.56,101.59,149.00,1380.00,0,0,0
2023-09-02T01:36:03Z,23.80,75.02,99,0,29.98,101.59,151.00,1397.00,null,null,null
2023-09-02T01:37:03Z,23.78,75.03,99,0,28.74,101.60,191.00,1528.00,null,null,null
2023-09-02T01:38:03Z,23.78,75.03,99,0,29.27,101.60,198.00,1539.00,null,null,null
2023-09-02T01:39:03Z,23.80,75.06,99,0,27.12,101.60,193.00,1532.00,null,null,null
2023-09-02T01:40:03Z,23.77,74.92,99,0,28.07,101.60,198.00,1539.00,0,0,0
2023-09-02T01:41:03Z,23.81,75.08,99,0,26.11,101.60,117.00,1171.00,null,null,null
2023-09-02T01:42:03Z,23.78,75.08,99,0,29.60,101.61,107.00,1105.00,null,null,null
2023-09-02T01:43:03Z,23.80,75.05,99,0,26.14,101.61,108.00,1113.00,null,null,null
2023-09-02T01:44:03Z,23.78,75.01,99,0,26.46,101.61,109.00,1122.00,null,null,null
2023-09-02T01:45:03Z,23.78,75.02,99,0,27.40,101.61,109.00,1122.00,0,0,0
2023-09-02T01:46:03Z,23.78,74.95,99,0,27.62,101.61,109.00,1122.00,null,null,null
2023-09-02T01:47:03Z,23.80,74.97,99,0,30.32,101.61,108.00,1113.00,null,null,null
2023-09-02T01:48:03Z,23.77,75.04,99,0,26.76,101.62,109.00,1122.00,null,null,null
2023-09-02T01:49:03Z,23.80,74.99,99,0,27.06,101.62,109.00,1122.00,null,null,null
2023-09-02T01:50:03Z,23.80,74.92,99,0,26.97,101.61,108.00,1113.00,0,0,0
2023-09-02T01:51:03Z,23.80,75.07,99,0,27.30,101.61,108.00,1113.00,null,null,null
2023-09-02T01:52:03Z,23.77,75.02,99,0,27.57,101.62,107.00,1105.00,null,null,null
2023-09-02T01:53:03Z,23.78,74.99,99,0,25.95,101.61,107.00,1105.00,null,null,null
2023-09-02T01:54:03Z,23.78,74.95,99,0,25.00,101.61,107.00,1105.00,null,null,null
2023-09-02T01:55:03Z,23.77,75.03,99,0,29.23,101.61,105.00,1093.00,0,0,0
2023-09-02T01:56:03Z,23.78,74.86,99,0,27.40,101.62,105.00,1093.00,null,null,null
2023-09-02T01:57:03Z,23.80,74.95,99,0,28.28,101.62,105.00,1093.00,null,null,null
2023-09-02T01:58:03Z,23.77,74.98,99,0,27.22,101.62,103.00,1081.00,null,null,null
2023-09-02T01:59:03Z,23.77,75.01,99,0,26.53,101.62,102.00,1071.00,null,null,null
2023-09-02T02:00:03Z,23.78,75.00,99,0,26.26,101.62,102.00,1071.00,0,0,0
2023-09-02T02:01:03Z,23.80,74.93,99,0,28.34,101.62,101.00,1065.00,null,null,null
2023-09-02T02:02:03Z,23.78,75.00,99,0,31.43,101.63,101.00,1065.00,null,null,null
2023-09-02T02:03:03Z,23.80,74.95,99,0,30.45,101.62,101.00,1065.00,null,null,null
2023-09-02T02:04:03Z,23.78,74.98,99,0,24.79,101.63,99.00,1053.00,null,null,null
2023-09-02T02:05:03Z,23.78,74.88,99,0,25.92,101.63,98.00,1044.00,0,0,0
2023-09-02T02:06:03Z,23.78,74.91,99,0,27.82,101.62,96.00,1032.00,null,null,null
2023-09-02T02:07:03Z,23.80,74.87,99,0,28.09,101.62,96.00,1032.00,null,null,null
2023-09-02T02:08:03Z,23.77,74.88,99,0,31.74,101.62,108.00,1113.00,null,null,null
2023-09-02T02:09:03Z,23.80,74.76,99,0,29.50,101.62,122.00,1207.00,null,null,null
2023-09-02T02:10:03Z,23.78,74.93,99,0,29.20,101.62,118.00,1181.00,0,0,0
2023-09-02T02:11:03Z,23.77,74.95,99,0,29.67,101.62,121.00,1198.00,null,null,null
2023-09-02T02:12:03Z,23.80,74.88,99,0,25.70,101.62,125.00,1224.00,null,null,null
2023-09-02T02:13:03Z,23.80,74.85,99,0,30.05,101.62,125.00,1224.00,null,null,null
2023-09-02T02:14:03Z,23.77,74.93,99,0,26.97,101.63,122.00,1207.00,null,null,null
2023-09-02T02:15:03Z,23.75,74.86,99,0,29.44,101.63,122.00,1207.00,0,0,0
2023-09-02T02:16:03Z,23.78,74.92,99,0,28.91,101.63,118.00,1181.00,null,null,null
2023-09-02T02:17:03Z,23.80,74.84,99,0,27.55,101.63,118.00,1181.00,null,null,null
2023-09-02T02:18:03Z,23.77,74.90,99,0,28.93,101.63,117.00,1171.00,null,null,null
2023-09-02T02:19:03Z,23.77,74.86,99,0,29.05,101.63,115.00,1159.00,null,null,null
2023-09-02T02:20:03Z,23.75,74.90,99,0,28.01,101.64,113.00,1147.00,0,0,0
2023-09-02T02:21:03Z,23.75,74.80,99,0,26.67,101.64,111.00,1134.00,null,null,null
2023-09-02T02:22:03Z,23.78,74.93,99,0,30.61,101.64,113.00,1147.00,null,null,null
2023-09-02T02:23:03Z,23.77,74.95,99,0,31.73,101.64,111.00,1134.00,null,null,null
2023-09-02T02:24:03Z,23.78,75.01,99,0,33.37,101.64,111.00,1134.00,null,null,null
2023-09-02T02:25:03Z,23.75,74.97,99,0,28.28,101.64,109.00,1122.00,0,0,0
2023-09-02T02:26:03Z,23.78,74.97,99,0,27.64,101.64,109.00,1122.00,null,null,null
2023-09-02T02:27:03Z,23.78,74.93,99,0,30.56,101.64,108.00,1113.00,null,null,null
2023-09-02T02:28:03Z,23.75,74.97,99,0,32.71,101.64,107.00,1105.00,null,null,null
2023-09-02T02:29:03Z,23.77,74.97,99,0,30.81,101.64,107.00,1105.00,null,null,null
2023-09-02T02:30:03Z,23.74,74.95,99,0,29.55,101.65,105.00,1093.00,0,0,0
2023-09-02T02:31:03Z,23.80,74.92,99,0,29.36,101.65,120.00,1188.00,null,null,null
2023-09-02T02:32:03Z,23.75,74.96,99,0,28.44,101.64,103.00,1081.00,null,null,null
2023-09-02T02:33:03Z,23.75,74.93,99,0,32.15,101.65,103.00,1081.00,null,null,null
2023-09-02T02:34:03Z,23.75,74.86,99,0,33.21,101.65,101.00,1065.00,null,null,null
2023-09-02T02:35:03Z,23.75,74.95,99,0,25.98,101.65,101.00,1065.00,0,0,0
2023-09-02T02:36:03Z,23.77,74.95,99,0,28.74,101.66,99.00,1053.00,null,null,null
2023-09-02T02:37:03Z,23.77,74.93,99,0,30.25,101.65,99.00,1053.00,null,null,null
2023-09-02T02:38:03Z,23.75,74.93,99,0,27.18,101.66,99.00,1053.00,null,null,null
2023-09-02T02:39:03Z,23.74,74.92,99,0,28.61,101.65,98.00,1044.00,null,null,null
2023-09-02T02:40:03Z,23.75,74.87,99,0,27.53,101.65,109.00,1122.00,0,0,0
2023-09-02T02:41:03Z,23.75,74.80,99,0,27.22,101.66,96.00,1032.00,null,null,null
2023-09-02T02:42:03Z,23.77,74.91,99,0,28.45,101.66,93.00,1014.00,null,null,null
2023-09-02T02:43:03Z,23.77,74.93,99,0,28.25,101.65,96.00,1032.00,null,null,null
2023-09-02T02:44:03Z,23.75,74.88,99,0,25.06,101.65,96.00,1032.00,null,null,null
2023-09-02T02:45:03Z,23.74,74.94,99,0,29.43,101.65,96.00,1032.00,0,0,0
2023-09-02T02:46:03Z,23.75,74.90,99,0,27.64,101.65,109.00,1122.00,null,null,null
2023-09-02T02:47:03Z,23.77,74.92,99,0,28.68,101.65,96.00,1032.00,null,null,null
2023-09-02T02:48:03Z,23.77,74.92,99,0,30.56,101.65,93.00,1014.00,null,null,null
2023-09-02T02:49:03Z,23.74,74.90,99,0,26.43,101.65,93.00,1014.00,null,null,null
2023-09-02T02:50:03Z,23.75,74.92,99,0,26.34,101.65,106.00,1099.00,0,0,0
2023-09-02T02:51:03Z,23.75,74.93,99,0,29.92,101.65,92.00,1007.00,null,null,null
2023-09-02T02:52:03Z,23.71,74.88,99,0,25.03,101.65,92.00,1007.00,null,null,null
2023-09-02T02:53:03Z,23.73,74.96,99,0,28.47,101.65,106.00,1099.00,null,null,null
2023-09-02T02:54:03Z,23.74,74.90,99,0,25.79,101.65,105.00,1093.00,null,null,null
2023-09-02T02:55:03Z,23.75,74.88,99,0,29.84,101.65,102.00,1074.00,0,0,0
2023-09-02T02:56:03Z,23.77,74.88,99,0,28.36,101.65,88.00,983.00,null,null,null
2023-09-02T02:57:03Z,23.73,74.93,99,0,26.82,101.65,88.00,983.00,null,null,null
2023-09-02T02:58:03Z,23.74,74.96,99,0,27.73,101.65,102.00,1074.00,null,null,null
2023-09-02T02:59:03Z,23.74,74.94,99,0,28.96,101.65,101.00,1068.00,null,null,null
