TIME,TEMP,HUM,BATT,LIGHT,NOISE_A,PRESS,CCS811_VOCS,CCS811_ECO2,PM_1,PM_25,PM_10
ISO 8601,C,%,%,Lux,dBA,kPa,ppb,ppm,ug/m3,ug/m3,ug/m3
Time,Temperature,Humidity,Battery,Light,Noise dBA,Barometric pressure,VOC Gas CCS811,eCO2 Gas CCS811,PM 1.0,PM 2.5,PM 10.0
,55,56,10,14,53,58,113,112,89,87,88
2023-09-09T00:00:02Z,28.42,73.56,99,0,39.91,101.64,148.00,1372.00,0,0,0
2023-09-09T00:01:02Z,28.44,73.61,99,0,39.12,101.64,148.00,1372.00,null,null,null
2023-09-09T00:02:02Z,28.47,73.52,99,0,39.37,101.64,148.00,1372.00,null,null,null
2023-09-09T00:03:02Z,28.44,73.52,99,0,38.27,101.64,148.00,1372.00,null,null,null
2023-09-09T00:04:02Z,28.47,73.57,99,0,39.00,101.65,148.00,1372.00,null,null,null
2023-09-09T00:05:02Z,28.45,73.57,99,0,38.35,101.65,148.00,1372.00,0,0,0
2023-09-09T00:06:02Z,28.44,73.58,99,0,38.74,101.64,148.00,1372.00,null,null,null
2023-09-09T00:07:02Z,28.44,73.55,99,0,40.08,101.65,148.00,1372.00,null,null,null
2023-09-09T00:08:02Z,28.45,73.54,99,0,39.31,101.64,148.00,1372.00,null,null,null
2023-09-09T00:09:02Z,28.45,73.54,99,0,39.66,101.65,148.00,1372.00,null,null,null
2023-09-09T00:10:02Z,28.44,73.58,99,0,40.36,101.64,144.00,1349.00,0,0,0
2023-09-09T00:11:02Z,28.48,73.50,99,0,39.91,101.64,148.00,1372.00,null,null,null
2023-09-09T00:12:02Z,28.48,73.56,99,0,41.78,101.64,144.00,1349.00,null,null,null
2023-09-09T00:13:02Z,28.47,73.55,99,0,37.13,101.64,144.00,1349.00,null,null,null
2023-09-09T00:14:02Z,28.45,73.54,99,0,36.39,101.64,148.00,1372.00,null,null,null
2023-09-09T00:15:02Z,28.45,73.55,99,0,40.22,101.64,144.00,1349.00,0,0,0
2023-09-09T00:16:02Z,28.47,73.53,99,0,40.33,101.64,153.00,1408.00,null,null,null
2023-09-09T00:17:02Z,28.47,73.51,99,0,37.88,101.64,156.00,1429.00,null,null,null
2023-09-09T00:18:02Z,28.47,73.50,99,0,38.98,101.64,159.00,1445.00,null,null,null
2023-09-09T00:19:02Z,28.47,73.54,99,0,38.48,101.63,163.00,1474.00,null,null,null
2023-09-09T00:20:02Z,28.45,73.54,99,0,37.28,101.63,166.00,1495.00,0,0,0
2023-09-09T00:21:02Z,28.47,73.52,99,0,38.97,101.63,159.00,1445.00,null,null,null
2023-09-09T00:22:02Z,28.48,73.50,99,0,39.84,101.63,163.00,1474.00,null,null,null
2023-09-09T00:23:02Z,28.48,73.53,99,0,39.52,101.63,163.00,1474.00,null,null,null
2023-09-09T00:24:02Z,28.47,73.52,99,0,44.03,101.63,163.00,1474.00,null,null,null
2023-09-09T00:25:02Z,28.48,73.50,99,0,38.93,101.62,163.00,1474.00,0,0,0
2023-09-09T00:26:02Z,28.48,73.49,99,0,35.85,101.62,163.00,1474.00,null,null,null
2023-09-09T00:27:02Z,28.47,73.52,99,0,41.67,101.63,163.00,1474.00,null,null,null
2023-09-09T00:28:02Z,28.45,73.52,99,0,39.11,101.63,163.00,1474.00,null,null,null
2023-09-09T00:29:02Z,28.48,73.48,99,0,40.94,101.62,159.00,1445.00,null,null,null
2023-09-09T00:30:02Z,28.49,73.53,99,0,40.41,101.63,156.00,1429.00,0,0,0
2023-09-09T00:31:02Z,28.49,73.53,99,0,37.35,101.63,153.00,1408.00,null,null,null
2023-09-09T00:32:02Z,28.49,73.47,99,0,40.56,101.62,156.00,1429.00,null,null,null
2023-09-09T00:33:02Z,28.49,73.50,99,0,34.96,101.63,156.00,1429.00,null,null,null
2023-09-09T00:34:02Z,28.48,73.52,99,0,35.69,101.63,156.00,1429.00,null,null,null
2023-09-09T00:35:02Z,28.49,73.53,99,0,37.86,101.62,159.00,1445.00,0,0,0
2023-09-09T00:36:02Z,28.49,73.53,99,0,38.42,101.62,180.00,1513.00,null,null,null
2023-09-09T00:37:02Z,28.47,73.49,99,0,35.61,101.62,186.00,1522.00,null,null,null
2023-09-09T00:38:02Z,28.48,73.48,99,0,33.92,101.62,194.00,1533.00,null,null,null
2023-09-09T00:39:02Z,28.49,73.51,99,0,35.25,101.62,198.00,1538.00,null,null,null
2023-09-09T00:40:02Z,28.49,73.50,99,0,37.61,101.62,198.00,1538.00,0,0,0
2023-09-09T00:41:02Z,28.49,73.49,99,0,40.29,101.61,198.00,1538.00,null,null,null
2023-09-09T00:42:02Z,28.54,73.49,99,0,38.77,101.62,198.00,1538.00,null,null,null
2023-09-09T00:43:02Z,28.49,73.56,99,0,38.38,101.62,198.00,1538.00,null,null,null
2023-09-09T00:44:02Z,28.49,73.58,99,0,46.86,101.62,198.00,1538.00,null,null,null
2023-09-09T00:45:02Z,28.51,73.58,99,0,37.72,101.62,206.00,1548.00,0,0,0
2023-09-09T00:46:02Z,28.51,73.57,99,0,37.80,101.62,209.00,1553.00,null,null,null
2023-09-09T00:47:02Z,28.51,73.58,99,0,40.85,101.62,214.00,1560.00,null,null,null
2023-09-09T00:48:02Z,28.51,73.58,99,0,36.69,101.61,214.00,1560.00,null,null,null
2023-09-09T00:49:02Z,28.49,73.63,99,0,39.15,101.62,214.00,1560.00,null,null,null
2023-09-09T00:50:02Z,28.52,73.65,99,0,40.51,101.62,209.00,1553.00,0,0,0
2023-09-09T00:51:02Z,28.52,73.61,99,0,36.97,101.61,209.00,1553.00,null,null,null
2023-09-09T00:52:02Z,28.51,73.62,99,0,39.41,101.61,209.00,1553.00,null,null,null
2023-09-09T00:53:02Z,28.54,73.60,99,0,37.10,101.62,209.00,1553.00,null,null,null
2023-09-09T00:54:02Z,28.54,73.58,99,0,42.46,101.62,209.00,1553.00,null,null,null
2023-09-09T00:55:02Z,28.52,73.64,99,0,37.87,101.61,206.00,1548.00,0,0,0
2023-09-09T00:56:02Z,28.52,73.68,99,0,38.69,101.61,206.00,1548.00,null,null,null
2023-09-09T00:57:02Z,28.52,73.67,99,0,40.46,101.61,191.00,1528.00,null,null,null
2023-09-09T00:58:02Z,28.52,73.69,99,0,38.50,101.61,191.00,1528.00,null,null,null
2023-09-09T00:59:02Z,28.52,73.71,99,0,39.97,101.61,188.00,1525.00,null,null,null
2023-09-09T01:00:02Z,28.49,73.70,99,0,35.45,101.61,188.00,1525.00,0,0,0
2023-09-09T01:01:02Z,28.52,73.63,99,0,38.44,101.61,186.00,1521.00,null,null,null
2023-09-09T01:02:02Z,28.54,73.60,99,0,41.26,101.61,183.00,1517.00,null,null,null
2023-09-09T01:03:02Z,28.52,73.61,99,0,38.96,101.61,181.00,1514.00,null,null,null
2023-09-09T01:04:02Z,28.49,73.62,99,0,37.84,101.61,179.00,1512.00,null,null,null
2023-09-09T01:05:02Z,28.52,73.64,99,0,40.45,101.60,175.00,1505.00,0,0,0
2023-09-09T01:06:02Z,28.52,73.59,99,0,37.76,101.61,174.00,1503.00,null,null,null
2023-09-09T01:07:02Z,28.55,73.55,99,0,40.50,101.60,174.00,1503.00,null,null,null
2023-09-09T01:08:02Z,28.54,73.54,99,0,40.34,101.60,174.00,1504.00,null,null,null
2023-09-09T01:09:02Z,28.49,73.58,99,0,39.33,101.61,170.00,1497.00,null,null,null
2023-09-09T01:10:02Z,28.52,73.55,99,0,40.28,101.60,170.00,1497.00,0,0,0
2023-09-09T01:11:02Z,28.55,73.57,99,0,38.83,101.60,168.00,1495.00,null,null,null
2023-09-09T01:12:02Z,28.52,73.53,99,0,41.46,101.60,168.00,1495.00,null,null,null
2023-09-09T01:13:02Z,28.51,73.55,99,0,38.75,101.61,164.00,1482.00,null,null,null
2023-09-09T01:14:02Z,28.49,73.54,99,0,39.86,101.60,164.00,1482.00,null,null,null
2023-09-09T01:15:02Z,28.51,73.58,99,0,38.35,101.60,161.00,1458.00,0,0,0
2023-09-09T01:16:02Z,28.51,73.54,99,0,38.96,101.60,157.00,1436.00,null,null,null
2023-09-09T01:17:02Z,28.52,73.57,99,0,38.95,101.59,157.00,1436.00,null,null,null
2023-09-09T01:18:02Z,28.54,73.59,99,0,38.62,101.60,157.00,1436.00,null,null,null
2023-09-09T01:19:02Z,28.52,73.62,99,0,40.11,101.60,157.00,1436.00,null,null,null
2023-09-09T01:20:02Z,28.49,73.67,99,0,37.25,101.60,157.00,1436.00,0,0,0
2023-09-09T01:21:02Z,28.51,73.70,99,0,39.46,101.60,183.00,1517.00,null,null,null
2023-09-09T01:22:02Z,28.54,73.72,99,0,37.19,101.60,203.00,1544.00,null,null,null
2023-09-09T01:23:02Z,28.51,73.70,99,0,40.46,101.60,206.00,1548.00,null,null,null
2023-09-09T01:24:02Z,28.54,73.72,99,0,37.12,101.60,210.00,1556.00,null,null,null
2023-09-09T01:25:02Z,28.51,73.74,99,0,37.51,101.60,215.00,1560.00,0,0,0
2023-09-09T01:26:02Z,28.52,73.69,99,0,41.67,101.60,215.00,1560.00,null,null,null
2023-09-09T01:27:02Z,28.54,73.66,99,0,38.57,101.60,215.00,1560.00,null,null,null
2023-09-09T01:28:02Z,28.49,73.62,99,0,36.67,101.59,217.00,1563.00,null,null,null
2023-09-09T01:29:02Z,28.54,73.68,99,0,39.24,101.60,215.00,1560.00,null,null,null
2023-09-09T01:30:02Z,28.49,73.66,99,0,38.65,101.61,210.00,1556.00,0,0,0
2023-09-09T01:31:02Z,28.54,73.65,99,0,30.50,101.60,207.00,1551.00,null,null,null
2023-09-09T01:32:02Z,28.51,73.64,99,0,31.94,101.60,206.00,1548.00,null,null,null
2023-09-09T01:33:02Z,28.52,73.66,99,0,41.36,101.60,206.00,1548.00,null,null,null
2023-09-09T01:34:02Z,28.51,73.65,99,0,38.61,101.60,217.00,1563.00,null,null,null
2023-09-09T01:35:02Z,28.52,73.66,99,0,37.77,101.60,217.00,1563.00,0,0,0
2023-09-09T01:36:02Z,28.52,73.63,99,0,38.32,101.60,220.00,1567.00,null,null,null
2023-09-09T01:37:02Z,28.54,73.61,99,0,37.33,101.60,220.00,1567.00,null,null,null
2023-09-09T01:38:02Z,28.54,73.62,99,0,38.74,101.60,220.00,1567.00,null,null,null
2023-09-09T01:39:02Z,28.52,73.59,99,0,38.53,101.60,217.00,1563.00,null,null,null
2023-09-09T01:40:02Z,28.51,73.63,99,0,40.60,101.60,215.00,1560.00,0,0,0
2023-09-09T01:41:02Z,28.52,73.62,99,0,37.50,101.60,217.00,1563.00,null,null,null
2023-09-09T01:42:02Z,28.55,73.55,99,0,39.35,101.59,215.00,1560.00,null,null,null
2023-09-09T01:43:02Z,28.51,73.56,99,0,40.11,101.59,210.00,1556.00,null,null,null
2023-09-09T01:44:02Z,28.52,73.60,99,0,37.61,101.59,207.00,1551.00,null,null,null
2023-09-09T01:45:02Z,28.52,73.56,99,0,39.05,101.59,206.00,1548.00,0,0,0
2023-09-09T01:46:02Z,28.52,73.58,99,0,35.85,101.59,203.00,1544.00,null,null,null
2023-09-09T01:47:02Z,28.55,73.61,99,0,40.54,101.59,207.00,1551.00,null,null,null
2023-09-09T01:48:02Z,28.54,73.52,99,0,36.86,101.58,197.00,1537.00,null,null,null
2023-09-09T01:49:02Z,28.52,73.57,99,0,38.73,101.59,197.00,1537.00,null,null,null
2023-09-09T01:50:02Z,28.52,73.58,99,0,39.97,101.59,199.00,1540.00,0,0,0
2023-09-09T01:51:02Z,28.51,73.54,99,0,38.83,101.59,191.00,1529.00,null,null,null
2023-09-09T01:52:02Z,28.54,73.52,99,0,39.45,101.59,194.00,1533.00,null,null,null
2023-09-09T01:53:02Z,28.51,73.49,99,0,40.47,101.59,197.00,1537.00,null,null,null
2023-09-09T01:54:02Z,28.52,73.49,99,0,40.49,101.59,189.00,1526.00,null,null,null
2023-09-09T01:55:02Z,28.52,73.51,99,0,41.55,101.59,191.00,1529.00,0,0,0
2023-09-09T01:56:02Z,28.51,73.50,99,0,39.39,101.59,189.00,1526.00,null,null,null
2023-09-09T01:57:02Z,28.51,73.52,99,0,37.38,101.59,186.00,1521.00,null,null,null
2023-09-09T01:58:02Z,28.49,73.47,99,0,40.91,101.59,183.00,1517.00,null,null,null
2023-09-09T01:59:02Z,28.49,73.49,99,0,40.90,101.59,178.00,1509.00,null,null,null
2023-09-09T02:00:02Z,28.51,73.45,99,0,40.04,101.59,178.00,1509.00,0,0,0
2023-09-09T02:01:02Z,28.54,73.44,99,0,38.66,101.60,170.00,1497.00,null,null,null
2023-09-09T02:02:02Z,28.54,73.46,99,0,35.63,101.59,172.00,1501.00,null,null,null
2023-09-09T02:03:02Z,28.51,73.45,99,0,32.49,101.59,170.00,1497.00,null,null,null
2023-09-09T02:04:02Z,28.52,73.47,99,0,29.90,101.59,170.00,1497.00,null,null,null
2023-09-09T02:05:02Z,28.51,73.51,99,0,38.40,101.59,172.00,1501.00,0,0,0
2023-09-09T02:06:02Z,28.52,73.46,99,0,39.41,101.59,170.00,1497.00,null,null,null
2023-09-09T02:07:02Z,28.51,73.45,99,0,39.01,101.59,170.00,1497.00,null,null,null
2023-09-09T02:08:02Z,28.51,73.44,99,0,36.12,101.59,168.00,1495.00,null,null,null
2023-09-09T02:09:02Z,28.49,73.40,99,0,38.68,101.59,168.00,1495.00,null,null,null
2023-09-09T02:10:02Z,28.51,73.38,99,0,40.01,101.59,168.00,1495.00,0,0,0
2023-09-09T02:11:02Z,28.49,73.37,99,0,40.21,101.59,164.00,1482.00,null,null,null
2023-09-09T02:12:02Z,28.49,73.33,99,0,35.11,101.59,164.00,1482.00,null,null,null
2023-09-09T02:13:02Z,28.51,73.36,99,0,40.51,101.59,163.00,1474.00,null,null,null
2023-09-09T02:14:02Z,28.51,73.34,99,0,36.09,101.59,161.00,1458.00,null,null,null
2023-09-09T02:15:02Z,28.51,73.32,99,0,38.72,101.60,161.00,1458.00,0,0,0
2023-09-09T02:16:02Z,28.52,73.32,99,0,37.18,101.60,161.00,1458.00,null,null,null
2023-09-09T02:17:02Z,28.49,73.30,99,0,39.07,101.60,161.00,1458.00,null,null,null
2023-09-09T02:18:02Z,28.51,73.34,99,0,39.48,101.60,157.00,1436.00,null,null,null
2023-09-09T02:19:02Z,28.49,73.35,99,0,39.79,101.60,157.00,1436.00,null,null,null
2023-09-09T02:20:02Z,28.49,73.41,99,0,36.51,101.59,157.00,1436.00,0,0,0
2023-09-09T02:21:02Z,28.51,73.40,99,0,41.30,101.59,156.00,1425.00,null,null,null
2023-09-09T02:22:02Z,28.51,73.34,99,0,38.94,101.59,156.00,1425.00,null,null,null
2023-09-09T02:23:02Z,28.49,73.36,99,0,35.02,101.59,156.00,1425.00,null,null,null
2023-09-09T02:24:02Z,28.51,73.33,99,0,35.61,101.59,153.00,1408.00,null,null,null
2023-09-09T02:25:02Z,28.51,73.37,99,0,36.90,101.59,151.00,1393.00,0,0,0
2023-09-09T02:26:02Z,28.52,73.37,99,0,34.91,101.59,151.00,1393.00,null,null,null
2023-09-09T02:27:02Z,28.51,73.29,99,0,40.94,101.59,151.00,1393.00,null,null,null
2023-09-09T02:28:02Z,28.51,73.31,99,0,36.06,101.59,149.00,1380.00,null,null,null
2023-09-09T02:29:02Z,28.51,73.28,99,0,38.02,101.59,149.00,1380.00,null,null,null
2023-09-09T02:30:02Z,28.51,73.36,99,0,38.51,101.59,149.00,1380.00,0,0,0
2023-09-09T02:31:02Z,28.51,73.37,99,0,36.85,101.59,146.00,1364.00,null,null,null
2023-09-09T02:32:02Z,28.52,73.34,99,0,38.98,101.60,146.00,1364.00,null,null,null
2023-09-09T02:33:02Z,28.54,73.41,99,0,39.26,101.59,146.00,1364.00,null,null,null
2023-09-09T02:34:02Z,28.51,73.45,99,0,38.21,101.59,144.00,1349.00,null,null,null
2023-09-09T02:35:02Z,28.51,73.47,99,0,40.26,101.59,144.00,1349.00,0,0,0
2023-09-09T02:36:02Z,28.51,73.47,99,0,36.08,101.59,142.00,1334.00,null,null,null
2023-09-09T02:37:02Z,28.51,73.54,99,0,38.70,101.59,142.00,1334.00,null,null,null
2023-09-09T02:38:02Z,28.52,73.59,99,0,42.64,101.59,142.00,1334.00,null,null,null
2023-09-09T02:39:02Z,28.51,73.61,99,0,39.52,101.59,140.00,1324.00,null,null,null
2023-09-09T02:40:02Z,28.51,73.61,99,0,41.54,101.58,140.00,1324.00,0,0,0
2023-09-09T02:41:02Z,28.51,73.66,99,0,48.13,101.58,138.00,1310.00,null,null,null
2023-09-09T02:42:02Z,28.52,73.69,99,0,39.97,101.58,140.00,1324.00,null,null,null
2023-09-09T02:43:02Z,28.51,73.67,99,0,36.94,101.59,138.00,1310.00,null,null,null
2023-09-09T02:44:02Z,28.52,73.71,99,0,45.30,101.58,138.00,1310.00,null,null,null
2023-09-09T02:45:02Z,28.49,73.73,99,0,39.59,101.58,135.00,1288.00,0,0,0
2023-09-09T02:46:02Z,28.51,73.69,99,0,48.19,101.58,134.00,1281.00,null,null,null
2023-09-09T02:47:02Z,28.49,73.74,99,0,39.59,101.58,134.00,1281.00,null,null,null
2023-09-09T02:48:02Z,28.52,73.73,99,0,39.29,101.58,134.00,1281.00,null,null,null
2023-09-09T02:49:02Z,28.48,73.80,99,0,48.06,101.58,134.00,1281.00,null,null,null
2023-09-09T02:50:02Z,28.48,73.83,99,0,39.57,101.58,132.00,1270.00,0,0,0
2023-09-09T02:51:02Z,28.52,73.84,99,0,39.04,101.58,132.00,1270.00,null,null,null
2023-09-09T02:52:02Z,28.52,73.87,99,0,39.26,101.58,132.00,1270.00,null,null,null
2023-09-09T02:53:02Z,28.51,73.84,99,0,39.90,101.58,132.00,1270.00,null,null,null
2023-09-09T02:54:02Z,28.48,73.83,99,0,40.63,101.58,132.00,1270.00,null,null,null
2023-09-09T02:55:02Z,28.51,73.91,99,0,38.69,101.58,130.00,1255.00,0,0,0
2023-09-09T02:56:02Z,28.52,73.89,99,0,48.79,101.58,130.00,1255.00,null,null,null
2023-09-09T02:57:02Z,28.51,73.90,99,0,40.02,101.58,128.00,1245.00,null,null,null
2023-09-09T02:58:02Z,28.51,73.86,99,0,38.31,101.58,130.00,1255.00,null,null,null
2023-09-09T02:59:02Z,28.52,73.92,99,0,31.24,101.58,130.00,1255.00,null,null,null
