TIME,TEMP,HUM,BATT,LIGHT,NOISE_A,PRESS,CCS811_VOCS,CCS811_ECO2,PM_1,PM_25,PM_10
ISO 8601,C,%,%,Lux,dBA,kPa,ppb,ppm,ug/m3,ug/m3,ug/m3
Time,Temperature,Humidity,Battery,Light,Noise dBA,Barometric pressure,VOC Gas CCS811,eCO2 Gas CCS811,PM 1.0,PM 2.5,PM 10.0
,55,56,10,14,53,58,113,112,89,87,88
2023-09-02T00:00:06Z,23.77,68.92,100,0,30.69,101.53,79.00,923.00,4,4,4
2023-09-02T00:01:06Z,23.80,69.01,100,0,31.25,101.53,81.00,933.00,null,null,null
2023-09-02T00:02:06Z,23.81,68.95,100,0,34.33,101.52,83.00,945.00,null,null,null
2023-09-02T00:03:06Z,23.80,68.93,100,0,35.23,101.53,84.00,956.00,null,null,null
2023-09-02T00:04:06Z,23.80,68.92,100,0,30.64,101.53,89.00,990.00,null,null,null
2023-09-02T00:05:06Z,23.81,68.95,100,0,33.09,101.53,95.00,1029.00,3,11,11
2023-09-02T00:06:06Z,23.78,69.01,100,0,32.57,101.53,97.00,1041.00,null,null,null
2023-09-02T00:07:06Z,23.84,68.90,100,0,30.69,101.53,101.00,1065.00,null,null,null
2023-09-02T00:08:06Z,23.80,68.92,100,0,31.90,101.53,103.00,1077.00,null,null,null
2023-09-02T00:09:06Z,23.81,68.95,100,0,34.81,101.53,103.00,1077.00,null,null,null
2023-09-02T00:10:06Z,23.82,68.93,100,0,30.41,101.53,108.00,1113.00,5,10,10
2023-09-02T00:11:06Z,23.82,68.96,100,0,32.37,101.53,110.00,1128.00,null,null,null
2023-09-02T00:12:06Z,23.82,68.90,100,0,32.16,101.54,108.00,1113.00,null,null,null
2023-09-02T00:13:06Z,23.84,68.99,100,0,31.88,101.53,108.00,1113.00,null,null,null
2023-09-02T00:14:06Z,23.80,69.25,100,0,32.14,101.53,108.00,1113.00,null,null,null
2023-09-02T00:15:06Z,23.80,69.37,100,0,31.82,101.53,107.00,1105.00,3,3,3
2023-09-02T00:16:06Z,23.80,69.19,100,0,32.30,101.53,113.00,1144.00,null,null,null
2023-09-02T00:17:06Z,23.81,69.25,100,0,30.55,101.53,114.00,1153.00,null,null,null
2023-09-02T00:18:06Z,23.81,69.28,100,0,33.17,101.53,117.00,1174.00,null,null,null
2023-09-02T00:19:06Z,23.80,69.31,100,0,30.07,101.54,126.00,1231.00,null,null,null
2023-09-02T00:20:06Z,23.77,69.39,100,0,31.01,101.54,130.00,1259.00,1,2,2
2023-09-02T00:21:06Z,23.81,69.42,100,0,31.62,101.54,136.00,1295.00,null,null,null
2023-09-02T00:22:06Z,23.78,69.24,100,0,30.78,101.54,140.00,1324.00,null,null,null
2023-09-02T00:23:06Z,23.78,69.28,100,0,36.89,101.55,143.00,1345.00,null,null,null
2023-09-02T00:24:06Z,23.78,69.31,100,0,29.60,101.54,142.00,1334.00,null,null,null
2023-09-02T00:25:06Z,23.75,69.28,100,0,29.98,101.55,142.00,1334.00,0,0,0
2023-09-02T00:26:06Z,23.80,69.28,100,0,31.97,101.55,145.00,1356.00,null,null,null
2023-09-02T00:27:06Z,23.81,69.17,100,0,30.11,101.55,140.00,1324.00,null,null,null
2023-09-02T00:28:06Z,23.82,69.08,100,0,36.75,101.55,142.00,1338.00,null,null,null
2023-09-02T00:29:06Z,23.81,69.14,100,0,null,101.55,140.00,1321.00,null,null,null
2023-09-02T00:30:06Z,23.77,69.21,100,0,30.42,101.55,134.00,1285.00,3,3,3
2023-09-02T00:31:06Z,23.80,69.10,100,0,31.56,101.56,130.00,1255.00,null,null,null
2023-09-02T00:32:06Z,23.80,69.03,100,0,32.70,101.55,123.00,1212.00,null,null,null
2023-09-02T00:33:06Z,23.80,69.14,100,0,30.66,101.55,123.00,1212.00,null,null,null
2023-09-02T00:34:06Z,23.82,69.07,100,0,30.47,101.55,119.00,1184.00,null,null,null
2023-09-02T00:35:06Z,23.78,69.12,100,0,35.94,101.55,112.00,1140.00,5,14,14
2023-09-02T00:36:06Z,23.80,69.12,100,0,30.60,101.55,110.00,1128.00,null,null,null
2023-09-02T00:37:06Z,23.80,69.12,100,0,32.46,101.56,106.00,1102.00,null,null,null
2023-09-02T00:38:06Z,23.82,69.13,100,0,33.35,101.55,103.00,1077.00,null,null,null
2023-09-02T00:39:06Z,23.81,69.22,100,0,32.25,101.55,101.00,1065.00,null,null,null
2023-09-02T00:40:06Z,23.78,69.30,100,0,31.15,101.55,99.00,1053.00,6,10,10
2023-09-02T00:41:06Z,23.80,69.16,100,0,37.00,101.55,98.00,1044.00,null,null,null
2023-09-02T00:42:06Z,23.82,68.98,100,0,31.59,101.55,91.00,1001.00,null,null,null
2023-09-02T00:43:06Z,23.81,69.09,100,0,32.09,101.55,87.00,977.00,null,null,null
2023-09-02T00:44:06Z,23.81,68.97,100,0,31.95,101.55,84.00,956.00,null,null,null
2023-09-02T00:45:06Z,23.78,68.96,100,0,31.68,101.55,84.00,956.00,6,7,7
2023-09-02T00:46:06Z,23.82,68.92,100,0,34.08,101.55,81.00,933.00,null,null,null
2023-09-02T00:47:06Z,23.82,68.86,100,0,31.75,101.55,78.00,913.00,null,null,null
2023-09-02T00:48:06Z,23.84,68.96,100,0,34.07,101.55,76.00,902.00,null,null,null
2023-09-02T00:49:06Z,23.84,68.90,100,0,35.00,101.54,73.00,882.00,null,null,null
2023-09-02T00:50:06Z,23.84,69.01,100,0,36.15,101.55,72.00,874.00,7,11,11
2023-09-02T00:51:06Z,23.82,68.95,100,0,36.12,101.55,67.00,844.00,null,null,null
2023-09-02T00:52:06Z,23.82,68.87,100,0,37.32,101.54,66.00,834.00,null,null,null
2023-09-02T00:53:06Z,23.84,68.86,100,0,32.84,101.54,61.00,806.00,null,null,null
2023-09-02T00:54:06Z,23.84,68.84,100,0,31.48,101.54,59.00,793.00,null,null,null
2023-09-02T00:55:06Z,23.81,68.93,100,0,34.44,101.54,57.00,776.00,7,11,11
2023-09-02T00:56:06Z,23.81,68.91,100,0,31.46,101.54,55.00,765.00,null,null,null
2023-09-02T00:57:06Z,23.82,68.84,100,0,30.70,101.54,52.00,742.00,null,null,null
2023-09-02T00:58:06Z,23.81,68.88,100,0,33.56,101.54,49.00,726.00,null,null,null
2023-09-02T00:59:06Z,23.81,68.93,100,0,34.23,101.54,46.00,708.00,null,null,null
2023-09-02T01:00:06Z,23.78,69.02,100,0,33.93,101.54,45.00,699.00,5,6,6
2023-09-02T01:01:06Z,23.78,68.98,100,0,33.87,101.54,44.00,692.00,null,null,null
2023-09-02T01:02:06Z,23.80,68.93,100,0,34.01,101.54,43.00,683.00,null,null,null
2023-09-02T01:03:06Z,23.81,69.06,100,0,39.62,101.53,43.00,683.00,null,null,null
2023-09-02T01:04:06Z,23.80,69.05,100,0,31.45,101.53,42.00,679.00,null,null,null
2023-09-02T01:05:06Z,23.80,69.07,100,0,31.68,101.53,40.00,668.00,6,9,9
2023-09-02T01:06:06Z,23.80,69.16,100,0,29.80,101.53,40.00,668.00,null,null,null
2023-09-02T01:07:06Z,23.81,69.07,100,0,30.98,101.53,40.00,665.00,null,null,null
2023-09-02T01:08:06Z,23.81,69.11,100,0,30.95,101.53,40.00,665.00,null,null,null
2023-09-02T01:09:06Z,23.80,68.97,100,0,33.28,101.53,38.00,650.00,null,null,null
2023-09-02T01:10:06Z,23.78,69.08,100,0,30.97,101.53,36.00,637.00,5,7,7
2023-09-02T01:11:06Z,23.80,69.08,100,0,31.80,101.53,34.00,629.00,null,null,null
2023-09-02T01:12:06Z,23.81,69.06,100,0,32.19,101.53,34.00,624.00,null,null,null
2023-09-02T01:13:06Z,23.81,69.30,100,0,31.78,101.53,33.00,617.00,null,null,null
2023-09-02T01:14:06Z,23.78,69.23,100,0,30.62,101.53,32.00,612.00,null,null,null
2023-09-02T01:15:06Z,23.77,69.17,100,0,34.56,101.53,32.00,611.00,3,4,4
2023-09-02T01:16:06Z,23.77,69.09,100,0,32.90,101.53,31.00,605.00,null,null,null
2023-09-02T01:17:06Z,23.78,69.00,100,0,32.56,101.53,29.00,594.00,null,null,null
2023-09-02T01:18:06Z,23.80,69.00,100,0,33.15,101.53,26.00,575.00,null,null,null
2023-09-02T01:19:06Z,23.77,69.01,100,0,30.37,101.53,25.00,566.00,null,null,null
2023-09-02T01:20:06Z,23.77,69.01,100,0,33.44,101.54,23.00,555.00,4,9,9
2023-09-02T01:21:06Z,23.75,69.14,100,0,31.83,101.53,25.00,569.00,null,null,null
2023-09-02T01:22:06Z,23.80,69.03,100,0,30.85,101.53,26.00,575.00,null,null,null
2023-09-02T01:23:06Z,23.77,69.01,100,0,34.75,101.53,25.00,569.00,null,null,null
2023-09-02T01:24:06Z,23.78,69.08,100,0,31.94,101.53,25.00,566.00,null,null,null
2023-09-02T01:25:06Z,23.80,69.03,100,0,30.39,101.53,23.00,555.00,7,9,9
2023-09-02T01:26:06Z,23.78,69.07,100,0,30.17,101.53,23.00,552.00,null,null,null
2023-09-02T01:27:06Z,23.80,69.01,100,0,33.20,101.53,22.00,546.00,null,null,null
2023-09-02T01:28:06Z,23.80,68.92,100,0,29.95,101.54,21.00,542.00,null,null,null
2023-09-02T01:29:06Z,23.78,68.98,100,0,34.44,101.54,20.00,537.00,null,null,null
2023-09-02T01:30:06Z,23.78,69.04,100,0,31.00,101.54,19.00,530.00,7,12,12
2023-09-02T01:31:06Z,23.80,68.99,100,0,31.87,101.54,19.00,530.00,null,null,null
2023-09-02T01:32:06Z,23.80,68.87,100,0,35.43,101.53,19.00,526.00,null,null,null
2023-09-02T01:33:06Z,23.78,68.95,100,0,29.74,101.53,19.00,526.00,null,null,null
2023-09-02T01:34:06Z,23.81,68.97,100,0,32.14,101.53,18.00,523.00,null,null,null
2023-09-02T01:35:06Z,23.78,68.98,100,0,31.31,101.54,17.00,517.00,6,6,6
2023-09-02T01:36:06Z,23.82,68.97,100,0,32.01,101.54,16.00,508.00,null,null,null
2023-09-02T01:37:06Z,23.80,69.03,100,0,31.42,101.54,16.00,508.00,null,null,null
2023-09-02T01:38:06Z,23.78,68.93,100,0,31.05,101.54,16.00,508.00,null,null,null
2023-09-02T01:39:06Z,23.75,69.01,100,0,31.96,101.55,15.00,502.00,null,null,null
2023-09-02T01:40:06Z,23.75,69.10,100,0,30.41,101.54,17.00,517.00,4,9,9
2023-09-02T01:41:06Z,23.78,69.22,100,0,38.31,101.55,16.00,508.00,null,null,null
2023-09-02T01:42:06Z,23.74,69.26,100,0,36.19,101.55,16.00,508.00,null,null,null
2023-09-02T01:43:06Z,23.78,69.32,100,0,33.40,101.55,24.00,564.00,null,null,null
2023-09-02T01:44:06Z,23.78,69.37,100,0,31.80,101.55,22.00,548.00,null,null,null
2023-09-02T01:45:06Z,23.74,69.36,100,0,32.89,101.55,27.00,581.00,4,8,8
2023-09-02T01:46:06Z,23.80,69.51,100,0,31.24,101.56,42.00,678.00,null,null,null
2023-09-02T01:47:06Z,23.78,69.32,100,0,31.26,101.55,39.00,660.00,null,null,null
2023-09-02T01:48:06Z,23.75,69.11,100,0,32.92,101.56,42.00,678.00,null,null,null
2023-09-02T01:49:06Z,23.78,69.10,100,0,31.69,101.55,42.00,679.00,null,null,null
2023-09-02T01:50:06Z,23.73,69.10,100,0,33.18,101.56,42.00,679.00,6,8,8
2023-09-02T01:51:06Z,23.77,69.09,100,0,31.16,101.56,50.00,730.00,null,null,null
2023-09-02T01:52:06Z,23.75,69.04,100,0,34.22,101.56,40.00,665.00,null,null,null
2023-09-02T01:53:06Z,23.75,69.10,100,0,31.35,101.56,40.00,665.00,null,null,null
2023-09-02T01:54:06Z,23.75,69.04,100,0,32.22,101.56,39.00,656.00,null,null,null
2023-09-02T01:55:06Z,23.74,69.04,100,0,34.22,101.55,38.00,650.00,5,5,5
2023-09-02T01:56:06Z,23.77,69.08,100,0,31.62,101.56,46.00,708.00,null,null,null
2023-09-02T01:57:06Z,23.77,69.03,100,0,33.75,101.56,39.00,656.00,null,null,null
2023-09-02T01:58:06Z,23.75,69.01,100,0,31.60,101.56,37.00,643.00,null,null,null
2023-09-02T01:59:06Z,23.74,69.03,100,0,31.38,101.56,36.00,637.00,null,null,null
2023-09-02T02:00:06Z,23.71,69.01,100,0,31.82,101.56,42.00,678.00,5,14,14
2023-09-02T02:01:06Z,23.74,69.01,100,0,31.92,101.56,41.00,671.00,null,null,null
2023-09-02T02:02:06Z,23.75,68.99,100,0,30.37,101.56,41.00,671.00,null,null,null
2023-09-02T02:03:06Z,23.74,69.08,100,0,33.12,101.57,37.00,643.00,null,null,null
2023-09-02T02:04:06Z,23.74,69.07,100,0,38.88,101.56,45.00,700.00,null,null,null
2023-09-02T02:05:06Z,23.74,69.10,100,0,29.81,101.56,45.00,700.00,6,14,14
2023-09-02T02:06:06Z,23.73,69.05,100,0,32.08,101.57,45.00,700.00,null,null,null
2023-09-02T02:07:06Z,23.74,69.31,100,0,30.81,101.56,45.00,700.00,null,null,null
2023-09-02T02:08:06Z,23.73,69.02,100,0,30.03,101.56,44.00,694.00,null,null,null
2023-09-02T02:09:06Z,23.73,68.99,100,0,32.34,101.56,44.00,692.00,null,null,null
2023-09-02T02:10:06Z,23.71,69.03,100,0,31.32,101.57,44.00,692.00,0,2,2
2023-09-02T02:11:06Z,23.73,68.97,100,0,31.20,101.57,43.00,683.00,null,null,null
2023-09-02T02:12:06Z,23.73,69.01,100,0,31.63,101.57,41.00,671.00,null,null,null
2023-09-02T02:13:06Z,23.74,69.07,100,0,40.46,101.57,41.00,671.00,null,null,null
2023-09-02T02:14:06Z,23.73,69.21,100,0,31.42,101.57,39.00,657.00,null,null,null
2023-09-02T02:15:06Z,23.71,70.00,100,0,34.98,101.57,39.00,657.00,4,5,5
2023-09-02T02:16:06Z,23.71,70.27,100,0,30.96,101.57,42.00,679.00,null,null,null
2023-09-02T02:17:06Z,23.73,70.43,100,0,30.38,101.58,46.00,708.00,null,null,null
2023-09-02T02:18:06Z,23.78,70.40,100,0,30.15,101.58,52.00,742.00,null,null,null
2023-09-02T02:19:06Z,23.77,69.38,100,0,31.77,101.58,44.00,690.00,null,null,null
2023-09-02T02:20:06Z,23.74,69.26,100,0,31.53,101.58,41.00,674.00,4,15,15
2023-09-02T02:21:06Z,23.78,69.25,100,0,29.76,101.58,46.00,708.00,null,null,null
2023-09-02T02:22:06Z,23.78,69.15,100,0,30.79,101.59,36.00,638.00,null,null,null
2023-09-02T02:23:06Z,23.77,69.10,100,0,34.49,101.59,36.00,637.00,null,null,null
2023-09-02T02:24:06Z,23.77,69.00,100,0,34.28,101.58,34.00,629.00,null,null,null
2023-09-02T02:25:06Z,23.77,69.04,100,0,33.04,101.59,33.00,617.00,2,5,5
2023-09-02T02:26:06Z,23.78,68.97,100,0,29.90,101.58,31.00,605.00,null,null,null
2023-09-02T02:27:06Z,23.77,68.99,100,0,32.13,101.59,30.00,599.00,null,null,null
2023-09-02T02:28:06Z,23.78,68.90,100,0,31.24,101.59,29.00,594.00,null,null,null
2023-09-02T02:29:06Z,23.78,68.92,100,0,30.45,101.59,28.00,588.00,null,null,null
2023-09-02T02:30:06Z,23.78,69.04,100,0,29.51,101.59,26.00,575.00,6,21,21
2023-09-02T02:31:06Z,23.75,68.95,100,0,30.91,101.59,25.00,566.00,null,null,null
2023-09-02T02:32:06Z,23.80,69.06,100,0,31.42,101.60,25.00,566.00,null,null,null
2023-09-02T02:33:06Z,23.74,68.96,100,0,31.51,101.60,23.00,555.00,null,null,null
2023-09-02T02:34:06Z,23.77,69.03,100,0,32.10,101.59,30.00,603.00,null,null,null
2023-09-02T02:35:06Z,23.75,69.08,100,0,31.46,101.60,23.00,555.00,5,5,5
2023-09-02T02:36:06Z,23.77,69.04,100,0,31.78,101.60,23.00,555.00,null,null,null
2023-09-02T02:37:06Z,23.78,69.02,100,0,31.48,101.60,26.00,575.00,null,null,null
2023-09-02T02:38:06Z,23.77,68.99,100,0,31.79,101.60,28.00,588.00,null,null,null
2023-09-02T02:39:06Z,23.75,68.95,100,0,32.57,101.59,29.00,594.00,null,null,null
2023-09-02T02:40:06Z,23.75,68.97,100,0,31.74,101.60,29.00,594.00,4,4,4
2023-09-02T02:41:06Z,23.75,69.07,100,0,31.07,101.60,28.00,588.00,null,null,null
2023-09-02T02:42:06Z,23.78,68.98,100,0,32.64,101.60,30.00,599.00,null,null,null
2023-09-02T02:43:06Z,23.77,69.01,100,0,30.94,101.59,30.00,599.00,null,null,null
2023-09-02T02:44:06Z,23.77,68.99,100,0,33.97,101.60,30.00,599.00,null,null,null
2023-09-02T02:45:06Z,23.75,69.11,100,0,32.60,101.60,29.00,594.00,2,2,2
2023-09-02T02:46:06Z,23.75,69.00,100,0,33.35,101.60,28.00,588.00,null,null,null
2023-09-02T02:47:06Z,23.77,68.92,100,0,31.19,101.59,28.00,588.00,null,null,null
2023-09-02T02:48:06Z,23.74,68.95,100,0,30.44,101.59,28.00,588.00,null,null,null
2023-09-02T02:49:06Z,23.74,69.08,100,0,31.95,101.59,35.00,631.00,null,null,null
2023-09-02T02:50:06Z,23.77,69.03,100,0,31.26,101.59,35.00,631.00,2,2,2
2023-09-02T02:51:06Z,23.75,69.09,100,0,30.78,101.59,25.00,569.00,null,null,null
2023-09-02T02:52:06Z,23.74,68.94,100,0,32.05,101.59,25.00,569.00,null,null,null
2023-09-02T02:53:06Z,23.75,68.95,100,0,32.00,101.59,33.00,618.00,null,null,null
2023-09-02T02:54:06Z,23.74,68.92,100,0,30.62,101.59,25.00,566.00,null,null,null
2023-09-02T02:55:06Z,23.73,68.90,100,0,30.94,101.59,30.00,603.00,7,11,11
2023-09-02T02:56:06Z,23.74,68.91,100,0,31.15,101.59,30.00,600.00,null,null,null
2023-09-02T02:57:06Z,23.75,68.92,100,0,30.33,101.59,30.00,600.00,null,null,null
2023-09-02T02:58:06Z,23.77,68.90,100,0,33.11,101.59,22.00,546.00,null,null,null
2023-09-02T02:59:06Z,23.75,68.88,100,0,35.79,101.59,21.00,542.00,null,null,null
