TIME,TEMP,HUM,BATT,LIGHT,NOISE_A,PRESS,CCS811_VOCS,CCS811_ECO2,PM_1,PM_25,PM_10
ISO 8601,C,%,%,Lux,dBA,kPa,ppb,ppm,ug/m3,ug/m3,ug/m3
Time,Temperature,Humidity,Battery,Light,Noise dBA,Barometric pressure,VOC Gas CCS811,eCO2 Gas CCS811,PM 1.0,PM 2.5,PM 10.0
,55,56,10,14,53,58,113,112,89,87,88
2023-09-09T00:00:07Z,26.33,66.26,100,0,29.65,101.55,142.00,1334.00,13,16,16
2023-09-09T00:01:07Z,26.35,66.29,100,0,32.60,101.56,137.00,1302.00,null,null,null
2023-09-09T00:02:07Z,26.35,66.20,100,0,29.08,101.56,139.00,1316.00,null,null,null
2023-09-09T00:03:07Z,26.35,66.25,100,0,32.52,101.56,142.00,1334.00,null,null,null
2023-09-09T00:04:07Z,26.33,66.21,100,0,29.65,101.56,137.00,1302.00,null,null,null
2023-09-09T00:05:07Z,26.35,66.22,100,0,30.97,101.56,142.00,1334.00,18,20,20
2023-09-09T00:06:07Z,26.33,66.25,100,0,33.29,101.56,139.00,1316.00,null,null,null
2023-09-09T00:07:07Z,26.33,66.17,100,0,32.68,101.56,139.00,1316.00,null,null,null
2023-09-09T00:08:07Z,26.33,66.23,100,0,29.42,101.56,139.00,1316.00,null,null,null
2023-09-09T00:09:07Z,26.33,66.27,100,0,30.12,101.55,142.00,1334.00,null,null,null
2023-09-09T00:10:07Z,26.35,66.26,100,0,33.55,101.56,137.00,1302.00,20,26,26
2023-09-09T00:11:07Z,26.33,66.25,100,0,29.01,101.55,137.00,1302.00,null,null,null
2023-09-09T00:12:07Z,26.33,66.24,100,0,31.77,101.55,139.00,1316.00,null,null,null
2023-09-09T00:13:07Z,26.36,66.21,100,0,35.07,101.55,139.00,1316.00,null,null,null
2023-09-09T00:14:07Z,26.36,66.20,100,0,30.65,101.55,139.00,1316.00,null,null,null
2023-09-09T00:15:07Z,26.33,66.22,100,0,29.63,101.55,139.00,1316.00,8,12,12
2023-09-09T00:16:07Z,26.33,66.24,100,0,29.77,101.55,139.00,1316.00,null,null,null
2023-09-09T00:17:07Z,26.33,66.20,100,0,27.94,101.55,139.00,1316.00,null,null,null
2023-09-09T00:18:07Z,26.35,66.20,100,0,33.02,101.55,139.00,1316.00,null,null,null
2023-09-09T00:19:07Z,26.35,66.20,100,0,29.03,101.54,139.00,1316.00,null,null,null
2023-09-09T00:20:07Z,26.33,66.21,100,0,30.66,101.55,139.00,1316.00,22,23,23
2023-09-09T00:21:07Z,26.35,66.22,100,0,32.15,101.54,139.00,1316.00,null,null,null
2023-09-09T00:22:07Z,26.35,66.21,100,0,32.63,101.54,139.00,1316.00,null,null,null
2023-09-09T00:23:07Z,26.35,66.19,100,0,30.71,101.54,139.00,1316.00,null,null,null
2023-09-09T00:24:07Z,26.35,66.19,100,0,29.00,101.54,139.00,1316.00,null,null,null
2023-09-09T00:25:07Z,26.35,66.24,100,0,30.31,101.54,139.00,1316.00,13,22,22
2023-09-09T00:26:07Z,26.35,66.22,100,0,31.31,101.54,139.00,1316.00,null,null,null
2023-09-09T00:27:07Z,26.35,66.19,100,0,32.50,101.54,139.00,1316.00,null,null,null
2023-09-09T00:28:07Z,26.36,66.20,100,0,33.62,101.54,139.00,1316.00,null,null,null
2023-09-09T00:29:07Z,26.35,66.20,100,0,29.78,101.54,139.00,1316.00,null,null,null
2023-09-09T00:30:07Z,26.32,66.24,100,0,30.92,101.54,139.00,1316.00,10,14,14
2023-09-09T00:31:07Z,26.35,66.19,100,0,29.40,101.54,139.00,1316.00,null,null,null
2023-09-09T00:32:07Z,26.36,66.20,100,0,32.50,101.54,139.00,1316.00,null,null,null
2023-09-09T00:33:07Z,26.35,66.20,100,0,29.46,101.54,139.00,1316.00,null,null,null
2023-09-09T00:34:07Z,26.35,66.19,100,0,29.57,101.54,139.00,1316.00,null,null,null
2023-09-09T00:35:07Z,26.35,66.20,100,0,31.98,101.54,139.00,1316.00,14,22,22
2023-09-09T00:36:07Z,26.35,66.19,100,0,33.35,101.53,135.00,1291.00,null,null,null
2023-09-09T00:37:07Z,26.35,66.22,100,0,29.94,101.53,139.00,1316.00,null,null,null
2023-09-09T00:38:07Z,26.36,66.22,100,0,30.07,101.53,139.00,1316.00,null,null,null
2023-09-09T00:39:07Z,26.33,66.17,100,0,29.77,101.53,139.00,1316.00,null,null,null
2023-09-09T00:40:07Z,26.32,66.19,100,0,33.96,101.53,139.00,1316.00,8,18,18
2023-09-09T00:41:07Z,26.36,66.19,100,0,29.41,101.54,135.00,1291.00,null,null,null
2023-09-09T00:42:07Z,26.35,66.16,100,0,31.77,101.53,135.00,1291.00,null,null,null
2023-09-09T00:43:07Z,26.36,66.16,100,0,29.38,101.53,139.00,1316.00,null,null,null
2023-09-09T00:44:07Z,26.35,66.21,100,0,30.59,101.53,135.00,1291.00,null,null,null
2023-09-09T00:45:07Z,26.33,66.18,100,0,30.82,101.53,135.00,1291.00,15,18,18
2023-09-09T00:46:07Z,26.33,66.20,100,0,32.80,101.53,135.00,1291.00,null,null,null
2023-09-09T00:47:07Z,26.35,66.16,100,0,32.57,101.53,135.00,1291.00,null,null,null
2023-09-09T00:48:07Z,26.36,66.17,100,0,32.50,101.53,135.00,1291.00,null,null,null
2023-09-09T00:49:07Z,26.33,66.20,100,0,30.96,101.53,135.00,1291.00,null,null,null
2023-09-09T00:50:07Z,26.35,66.16,100,0,29.47,101.53,135.00,1291.00,11,28,28
2023-09-09T00:51:07Z,26.36,66.23,100,0,29.18,101.53,135.00,1291.00,null,null,null
2023-09-09T00:52:07Z,26.36,66.14,100,0,29.47,101.53,135.00,1291.00,null,null,null
2023-09-09T00:53:07Z,26.36,66.17,100,0,29.11,101.53,135.00,1291.00,null,null,null
2023-09-09T00:54:07Z,26.33,66.17,100,0,30.75,101.53,135.00,1291.00,null,null,null
2023-09-09T00:55:07Z,26.33,66.19,100,0,34.39,101.53,135.00,1291.00,19,26,26
2023-09-09T00:56:07Z,26.35,66.19,100,0,29.89,101.53,133.00,1277.00,null,null,null
2023-09-09T00:57:07Z,26.35,66.13,100,0,29.71,101.53,135.00,1291.00,null,null,null
2023-09-09T00:58:07Z,26.33,66.18,100,0,30.29,101.52,135.00,1291.00,null,null,null
2023-09-09T00:59:07Z,26.33,66.16,100,0,32.38,101.52,135.00,1291.00,null,null,null
2023-09-09T01:00:07Z,26.33,66.18,100,0,33.71,101.52,135.00,1291.00,11,13,13
2023-09-09T01:01:07Z,26.35,66.21,100,0,29.93,101.52,135.00,1291.00,null,null,null
2023-09-09T01:02:07Z,26.35,66.16,100,0,29.37,101.52,135.00,1291.00,null,null,null
2023-09-09T01:03:07Z,26.35,66.16,100,0,32.73,101.52,135.00,1291.00,null,null,null
2023-09-09T01:04:07Z,26.33,66.19,100,0,30.12,101.52,135.00,1291.00,null,null,null
2023-09-09T01:05:07Z,26.35,66.19,100,0,29.98,101.52,135.00,1291.00,11,20,20
2023-09-09T01:06:07Z,26.33,66.20,100,0,29.63,101.52,133.00,1277.00,null,null,null
2023-09-09T01:07:07Z,26.33,66.15,100,0,29.77,101.52,135.00,1291.00,null,null,null
2023-09-09T01:08:07Z,26.36,66.17,100,0,35.25,101.52,135.00,1291.00,null,null,null
2023-09-09T01:09:07Z,26.33,66.17,100,0,35.83,101.52,133.00,1277.00,null,null,null
2023-09-09T01:10:07Z,26.32,66.17,100,0,34.83,101.52,135.00,1291.00,10,12,12
2023-09-09T01:11:07Z,26.32,66.22,100,0,30.10,101.52,133.00,1277.00,null,null,null
2023-09-09T01:12:07Z,26.33,66.17,100,0,30.99,101.52,135.00,1291.00,null,null,null
2023-09-09T01:13:07Z,26.33,66.15,100,0,31.17,101.52,135.00,1291.00,null,null,null
2023-09-09T01:14:07Z,26.33,66.11,100,0,30.29,101.52,135.00,1291.00,null,null,null
2023-09-09T01:15:07Z,26.33,66.14,100,0,33.55,101.52,133.00,1277.00,10,21,21
2023-09-09T01:16:07Z,26.33,66.20,100,0,30.50,101.52,133.00,1277.00,null,null,null
2023-09-09T01:17:07Z,26.36,66.17,100,0,29.87,101.52,135.00,1291.00,null,null,null
2023-09-09T01:18:07Z,26.35,66.18,100,0,30.22,101.52,133.00,1277.00,null,null,null
2023-09-09T01:19:07Z,26.35,66.18,100,0,29.49,101.52,135.00,1291.00,null,null,null
2023-09-09T01:20:07Z,26.35,66.15,100,0,30.86,101.52,135.00,1291.00,10,13,13
2023-09-09T01:21:07Z,26.32,66.18,100,0,29.54,101.52,135.00,1291.00,null,null,null
2023-09-09T01:22:07Z,26.37,66.21,100,0,33.73,101.52,135.00,1291.00,null,null,null
2023-09-09T01:23:07Z,26.35,66.13,100,0,29.48,101.52,135.00,1291.00,null,null,null
2023-09-09T01:24:07Z,26.33,66.21,100,0,29.71,101.52,135.00,1291.00,null,null,null
2023-09-09T01:25:07Z,26.35,66.19,100,0,34.08,101.52,135.00,1291.00,15,20,20
2023-09-09T01:26:07Z,26.33,66.15,100,0,32.38,101.52,135.00,1291.00,null,null,null
2023-09-09T01:27:07Z,26.35,66.15,100,0,29.27,101.52,135.00,1291.00,null,null,null
2023-09-09T01:28:07Z,26.36,66.16,100,0,32.28,101.52,135.00,1291.00,null,null,null
2023-09-09T01:29:07Z,26.33,66.17,100,0,30.17,101.52,135.00,1291.00,null,null,null
2023-09-09T01:30:07Z,26.33,66.19,100,0,30.66,101.52,135.00,1291.00,12,14,20
2023-09-09T01:31:07Z,26.32,66.22,100,0,29.65,101.52,135.00,1291.00,null,null,null
2023-09-09T01:32:07Z,26.35,66.16,100,0,29.62,101.52,133.00,1277.00,null,null,null
2023-09-09T01:33:07Z,26.33,66.14,100,0,29.32,101.52,135.00,1291.00,null,null,null
2023-09-09T01:34:07Z,26.36,66.12,100,0,33.28,101.52,135.00,1291.00,null,null,null
2023-09-09T01:35:07Z,26.32,66.17,100,0,28.93,101.52,135.00,1291.00,12,14,30
2023-09-09T01:36:07Z,26.33,66.15,100,0,33.39,101.52,133.00,1277.00,null,null,null
2023-09-09T01:37:07Z,26.35,66.17,100,0,30.57,101.52,135.00,1291.00,null,null,null
2023-09-09T01:38:07Z,26.32,66.14,100,0,30.55,101.52,135.00,1291.00,null,null,null
2023-09-09T01:39:07Z,26.33,66.15,100,0,29.38,101.52,133.00,1277.00,null,null,null
2023-09-09T01:40:07Z,26.30,66.21,100,0,30.48,101.51,135.00,1291.00,18,20,20
2023-09-09T01:41:07Z,26.36,66.18,100,0,29.43,101.51,133.00,1277.00,null,null,null
2023-09-09T01:42:07Z,26.36,66.16,100,0,31.75,101.51,135.00,1291.00,null,null,null
2023-09-09T01:43:07Z,26.37,66.17,100,0,30.47,101.51,133.00,1277.00,null,null,null
2023-09-09T01:44:07Z,26.36,66.12,100,0,32.44,101.51,135.00,1291.00,null,null,null
2023-09-09T01:45:07Z,26.30,66.16,100,0,30.82,101.51,133.00,1277.00,14,20,20
2023-09-09T01:46:07Z,26.33,66.17,100,0,31.13,101.51,135.00,1291.00,null,null,null
2023-09-09T01:47:07Z,26.35,66.17,100,0,30.17,101.51,133.00,1277.00,null,null,null
2023-09-09T01:48:07Z,26.35,66.14,100,0,31.41,101.51,135.00,1291.00,null,null,null
2023-09-09T01:49:07Z,26.33,66.20,100,0,30.82,101.51,135.00,1291.00,null,null,null
2023-09-09T01:50:07Z,26.33,66.17,100,0,28.48,101.51,133.00,1277.00,11,13,20
2023-09-09T01:51:07Z,26.37,66.15,100,0,30.90,101.51,135.00,1291.00,null,null,null
2023-09-09T01:52:07Z,26.32,66.13,100,0,30.64,101.51,133.00,1277.00,null,null,null
2023-09-09T01:53:07Z,26.35,66.13,100,0,30.11,101.51,135.00,1291.00,null,null,null
2023-09-09T01:54:07Z,26.33,66.15,100,0,31.79,101.51,133.00,1277.00,null,null,null
2023-09-09T01:55:07Z,26.33,66.16,100,0,30.52,101.51,135.00,1291.00,12,16,16
2023-09-09T01:56:07Z,26.35,66.15,100,0,30.71,101.51,133.00,1277.00,null,null,null
2023-09-09T01:57:07Z,26.35,66.17,100,0,28.92,101.51,135.00,1291.00,null,null,null
2023-09-09T01:58:07Z,26.33,66.12,100,0,31.12,101.51,133.00,1277.00,null,null,null
2023-09-09T01:59:07Z,26.35,66.14,100,0,30.32,101.51,135.00,1291.00,null,null,null
2023-09-09T02:00:07Z,26.35,66.17,100,0,31.24,101.51,133.00,1277.00,15,20,20
2023-09-09T02:01:07Z,26.36,66.19,100,0,29.27,101.51,135.00,1291.00,null,null,null
2023-09-09T02:02:07Z,26.36,66.15,100,0,31.48,101.51,133.00,1277.00,null,null,null
2023-09-09T02:03:07Z,26.33,66.14,100,0,31.62,101.51,135.00,1291.00,null,null,null
2023-09-09T02:04:07Z,26.32,66.17,100,0,30.69,101.51,133.00,1277.00,null,null,null
2023-09-09T02:05:07Z,26.35,66.16,100,0,30.56,101.51,135.00,1291.00,13,17,17
2023-09-09T02:06:07Z,26.33,66.16,100,0,30.88,101.51,133.00,1277.00,null,null,null
2023-09-09T02:07:07Z,26.36,66.12,100,0,29.99,101.51,133.00,1277.00,null,null,null
2023-09-09T02:08:07Z,26.35,66.14,100,0,30.58,101.51,133.00,1277.00,null,null,null
2023-09-09T02:09:07Z,26.35,66.11,100,0,33.43,101.51,133.00,1277.00,null,null,null
2023-09-09T02:10:07Z,26.33,66.16,100,0,29.83,101.51,133.00,1277.00,15,24,24
2023-09-09T02:11:07Z,26.36,66.15,100,0,33.50,101.51,133.00,1277.00,null,null,null
2023-09-09T02:12:07Z,26.35,66.12,100,0,30.44,101.51,133.00,1277.00,null,null,null
2023-09-09T02:13:07Z,26.35,66.07,100,0,30.55,101.51,133.00,1277.00,null,null,null
2023-09-09T02:14:07Z,26.35,66.15,100,0,31.29,101.51,133.00,1277.00,null,null,null
2023-09-09T02:15:07Z,26.36,66.19,100,0,32.51,101.52,133.00,1277.00,15,17,17
2023-09-09T02:16:07Z,26.35,66.15,100,0,29.93,101.52,135.00,1291.00,null,null,null
2023-09-09T02:17:07Z,26.36,66.12,100,0,31.41,101.52,133.00,1277.00,null,null,null
2023-09-09T02:18:07Z,26.35,66.10,100,0,32.47,101.52,135.00,1291.00,null,null,null
2023-09-09T02:19:07Z,26.33,66.12,100,0,31.67,101.51,133.00,1277.00,null,null,null
2023-09-09T02:20:07Z,26.32,66.15,100,0,30.21,101.51,135.00,1291.00,13,23,23
2023-09-09T02:21:07Z,26.33,66.12,100,0,30.22,101.52,133.00,1277.00,null,null,null
2023-09-09T02:22:07Z,26.35,66.10,100,0,31.40,101.52,135.00,1291.00,null,null,null
2023-09-09T02:23:07Z,26.33,66.06,100,0,29.90,101.51,133.00,1277.00,null,null,null
2023-09-09T02:24:07Z,26.33,66.11,100,0,30.23,101.51,135.00,1291.00,null,null,null
2023-09-09T02:25:07Z,26.35,66.12,100,0,30.92,101.51,133.00,1277.00,23,30,30
2023-09-09T02:26:07Z,26.33,66.13,100,0,33.91,101.51,133.00,1277.00,null,null,null
2023-09-09T02:27:07Z,26.35,66.11,100,0,31.48,101.51,135.00,1291.00,null,null,null
2023-09-09T02:28:07Z,26.33,66.09,100,0,29.65,101.51,135.00,1291.00,null,null,null
2023-09-09T02:29:07Z,26.33,66.08,100,0,29.97,101.52,135.00,1291.00,null,null,null
2023-09-09T02:30:07Z,26.35,66.08,100,0,31.39,101.51,135.00,1291.00,25,36,43
2023-09-09T02:31:07Z,26.32,66.07,100,0,30.96,101.52,135.00,1291.00,null,null,null
2023-09-09T02:32:07Z,26.36,66.07,100,0,32.99,101.51,135.00,1291.00,null,null,null
2023-09-09T02:33:07Z,26.35,66.09,100,0,29.07,101.51,135.00,1291.00,null,null,null
2023-09-09T02:34:07Z,26.33,66.07,100,0,30.43,101.51,135.00,1291.00,null,null,null
2023-09-09T02:35:07Z,26.33,66.08,100,0,30.30,101.51,135.00,1291.00,24,56,62
2023-09-09T02:36:07Z,26.36,66.12,100,0,30.39,101.51,135.00,1291.00,null,null,null
2023-09-09T02:37:07Z,26.35,66.06,100,0,32.08,101.51,139.00,1316.00,null,null,null
2023-09-09T02:38:07Z,26.35,66.06,100,0,29.68,101.51,139.00,1316.00,null,null,null
2023-09-09T02:39:07Z,26.32,66.05,100,0,34.70,101.51,139.00,1316.00,null,null,null
2023-09-09T02:40:07Z,26.32,66.07,100,0,29.22,101.51,139.00,1316.00,24,35,35
2023-09-09T02:41:07Z,26.35,66.03,100,0,31.04,101.50,142.00,1334.00,null,null,null
2023-09-09T02:42:07Z,26.32,65.98,100,0,32.78,101.51,139.00,1316.00,null,null,null
2023-09-09T02:43:07Z,26.35,66.04,100,0,28.93,101.51,142.00,1334.00,null,null,null
2023-09-09T02:44:07Z,26.32,66.02,100,0,33.26,101.50,139.00,1316.00,null,null,null
2023-09-09T02:45:07Z,26.33,66.03,100,0,31.91,101.51,142.00,1334.00,35,58,58
2023-09-09T02:46:07Z,26.33,66.07,100,0,29.17,101.50,139.00,1316.00,null,null,null
2023-09-09T02:47:07Z,26.33,66.00,100,0,28.70,101.50,142.00,1334.00,null,null,null
2023-09-09T02:48:07Z,26.36,66.01,100,0,31.99,101.51,142.00,1334.00,null,null,null
2023-09-09T02:49:07Z,26.35,66.02,100,0,30.35,101.51,142.00,1334.00,null,null,null
2023-09-09T02:50:07Z,26.33,66.00,100,0,29.96,101.50,142.00,1334.00,31,40,47
2023-09-09T02:51:07Z,26.32,66.01,100,0,29.80,101.51,142.00,1334.00,null,null,null
2023-09-09T02:52:07Z,26.37,65.94,100,0,29.41,101.50,144.00,1349.00,null,null,null
2023-09-09T02:53:07Z,26.35,65.91,100,0,30.65,101.50,144.00,1349.00,null,null,null
2023-09-09T02:54:07Z,26.33,66.00,100,0,30.11,101.50,144.00,1349.00,null,null,null
2023-09-09T02:55:07Z,26.33,65.97,100,0,31.29,101.50,144.00,1349.00,36,58,64
2023-09-09T02:56:07Z,26.33,65.99,100,0,32.78,101.50,144.00,1349.00,null,null,null
2023-09-09T02:57:07Z,26.33,65.99,100,0,31.38,101.50,146.00,1364.00,null,null,null
2023-09-09T02:58:07Z,26.33,65.89,100,0,31.45,101.50,146.00,1364.00,null,null,null
2023-09-09T02:59:07Z,26.30,65.95,100,0,30.16,101.50,146.00,1364.00,null,null,null
