TIME,TEMP,HUM,BATT,LIGHT,NOISE_A,PRESS,CCS811_VOCS,CCS811_ECO2,PM_1,PM_25,PM_10
ISO 8601,C,%,%,Lux,dBA,kPa,ppb,ppm,ug/m3,ug/m3,ug/m3
Time,Temperature,Humidity,Battery,Light,Noise dBA,Barometric pressure,VOC Gas CCS811,eCO2 Gas CCS811,PM 1.0,PM 2.5,PM 10.0
,55,56,10,14,53,58,113,112,89,87,88
2023-08-26T00:00:06Z,23.81,54.49,100,0,31.97,100.84,10.00,472.00,1,1,1
2023-08-26T00:01:06Z,23.84,54.56,100,0,32.26,100.84,9.00,464.00,null,null,null
2023-08-26T00:02:06Z,23.82,54.44,100,0,31.20,100.84,9.00,464.00,null,null,null
2023-08-26T00:03:06Z,23.78,54.62,100,0,32.22,100.83,9.00,464.00,null,null,null
2023-08-26T00:04:06Z,23.78,54.57,100,0,32.58,100.83,9.00,460.00,null,null,null
2023-08-26T00:05:06Z,23.77,54.70,100,0,31.32,100.83,9.00,464.00,0,0,0
2023-08-26T00:06:06Z,23.75,54.72,100,0,31.26,100.83,9.00,460.00,null,null,null
2023-08-26T00:07:06Z,23.74,54.63,100,0,30.75,100.83,9.00,460.00,null,null,null
2023-08-26T00:08:06Z,23.74,54.69,100,0,29.99,100.83,15.00,500.00,null,null,null
2023-08-26T00:09:06Z,23.70,54.76,100,0,34.03,100.83,14.00,497.00,null,null,null
2023-08-26T00:10:06Z,23.65,54.74,100,0,32.21,100.82,13.00,487.00,2,2,2
2023-08-26T00:11:06Z,23.67,54.86,100,0,32.53,100.83,11.00,478.00,null,null,null
2023-08-26T00:12:06Z,23.65,54.90,100,0,31.40,100.83,11.00,477.00,null,null,null
2023-08-26T00:13:06Z,23.61,54.88,100,0,32.68,100.83,11.00,473.00,null,null,null
2023-08-26T00:14:06Z,23.61,54.80,100,0,29.64,100.82,10.00,470.00,null,null,null
2023-08-26T00:15:06Z,23.57,54.97,100,0,38.82,100.83,9.00,460.00,0,0,0
2023-08-26T00:16:06Z,23.57,55.00,100,0,29.96,100.82,7.00,451.00,null,null,null
2023-08-26T00:17:06Z,23.57,54.96,100,0,33.30,100.82,8.00,455.00,null,null,null
2023-08-26T00:18:06Z,23.57,55.03,100,0,33.00,100.82,7.00,451.00,null,null,null
2023-08-26T00:19:06Z,23.55,55.06,100,0,30.67,100.82,9.00,463.00,null,null,null
2023-08-26T00:20:06Z,23.50,55.12,100,0,31.74,100.82,18.00,524.00,0,0,0
2023-08-26T00:21:06Z,23.50,55.17,100,0,33.77,100.81,23.00,555.00,null,null,null
2023-08-26T00:22:06Z,23.51,55.13,100,0,31.96,100.82,25.00,570.00,null,null,null
2023-08-26T00:23:06Z,23.49,55.20,100,0,30.60,100.82,29.00,596.00,null,null,null
2023-08-26T00:24:06Z,23.44,55.18,100,0,31.18,100.82,30.00,603.00,null,null,null
2023-08-26T00:25:06Z,23.43,55.30,100,0,31.06,100.82,30.00,603.00,0,0,0
2023-08-26T00:26:06Z,23.46,55.25,100,0,32.37,100.82,28.00,589.00,null,null,null
2023-08-26T00:27:06Z,23.42,55.21,100,0,30.15,100.82,28.00,589.00,null,null,null
2023-08-26T00:28:06Z,23.37,55.29,100,0,30.34,100.82,28.00,589.00,null,null,null
2023-08-26T00:29:06Z,23.38,55.26,100,0,33.08,100.82,26.00,577.00,null,null,null
2023-08-26T00:30:06Z,23.33,55.45,100,0,29.61,100.81,25.00,570.00,0,0,0
2023-08-26T00:31:06Z,23.34,55.47,100,0,32.57,100.81,24.00,561.00,null,null,null
2023-08-26T00:32:06Z,23.35,55.36,100,0,32.79,100.81,23.00,555.00,null,null,null
2023-08-26T00:33:06Z,23.33,55.52,100,0,30.59,100.81,23.00,555.00,null,null,null
2023-08-26T00:34:06Z,23.33,55.51,100,0,34.71,100.81,21.00,543.00,null,null,null
2023-08-26T00:35:06Z,23.26,55.57,100,0,29.61,100.81,20.00,537.00,0,0,0
2023-08-26T00:36:06Z,23.30,55.56,100,0,34.88,100.81,18.00,520.00,null,null,null
2023-08-26T00:37:06Z,23.27,55.63,100,0,31.12,100.80,18.00,520.00,null,null,null
2023-08-26T00:38:06Z,23.24,55.66,100,0,33.62,100.80,18.00,520.00,null,null,null
2023-08-26T00:39:06Z,23.23,55.65,100,0,29.71,100.80,24.00,564.00,null,null,null
2023-08-26T00:40:06Z,23.24,55.63,100,0,29.42,100.80,30.00,597.00,1,1,1
2023-08-26T00:41:06Z,23.24,55.62,100,0,32.38,100.80,32.00,614.00,null,null,null
2023-08-26T00:42:06Z,23.19,55.79,100,0,29.44,100.80,34.00,627.00,null,null,null
2023-08-26T00:43:06Z,23.20,55.76,100,0,34.44,100.79,33.00,623.00,null,null,null
2023-08-26T00:44:06Z,23.19,55.87,100,0,31.35,100.80,34.00,627.00,null,null,null
2023-08-26T00:45:06Z,23.19,55.96,100,0,31.17,100.80,36.00,640.00,0,0,0
2023-08-26T00:46:06Z,23.16,55.85,100,0,29.78,100.80,35.00,634.00,null,null,null
2023-08-26T00:47:06Z,23.16,55.84,100,0,37.06,100.80,35.00,634.00,null,null,null
2023-08-26T00:48:06Z,23.14,55.79,100,0,30.39,100.80,33.00,623.00,null,null,null
2023-08-26T00:49:06Z,23.09,55.80,100,0,30.92,100.80,30.00,599.00,null,null,null
2023-08-26T00:50:06Z,23.09,55.94,100,0,29.38,100.79,29.00,592.00,1,2,2
2023-08-26T00:51:06Z,23.10,55.80,100,0,32.40,100.79,25.00,570.00,null,null,null
2023-08-26T00:52:06Z,23.07,55.88,100,0,29.90,100.79,24.00,561.00,null,null,null
2023-08-26T00:53:06Z,23.09,55.96,100,0,32.05,100.79,23.00,556.00,null,null,null
2023-08-26T00:54:06Z,23.06,55.93,100,0,31.20,100.79,23.00,552.00,null,null,null
2023-08-26T00:55:06Z,23.04,56.05,100,0,30.48,100.79,21.00,542.00,0,0,0
2023-08-26T00:56:06Z,23.03,55.98,100,0,29.26,100.79,19.00,530.00,null,null,null
2023-08-26T00:57:06Z,23.02,56.00,100,0,29.71,100.79,19.00,527.00,null,null,null
2023-08-26T00:58:06Z,23.04,55.98,100,0,31.36,100.80,17.00,517.00,null,null,null
2023-08-26T00:59:06Z,23.00,56.17,100,0,29.99,100.80,17.00,517.00,null,null,null
2023-08-26T01:00:06Z,23.00,56.10,100,0,31.73,100.80,18.00,523.00,1,1,1
2023-08-26T01:01:06Z,23.02,56.15,100,0,31.09,100.80,16.00,506.00,null,null,null
2023-08-26T01:02:06Z,23.00,56.21,100,0,31.13,100.80,16.00,506.00,null,null,null
2023-08-26T01:03:06Z,22.96,56.20,100,0,31.62,100.80,15.00,502.00,null,null,null
2023-08-26T01:04:06Z,22.96,56.30,100,0,30.98,100.80,13.00,491.00,null,null,null
2023-08-26T01:05:06Z,22.96,56.21,100,0,35.31,100.80,11.00,475.00,0,0,0
2023-08-26T01:06:06Z,22.95,56.31,100,0,35.66,100.80,10.00,466.00,null,null,null
2023-08-26T01:07:06Z,22.92,56.28,100,0,29.58,100.80,9.00,464.00,null,null,null
2023-08-26T01:08:06Z,22.95,56.24,100,0,31.10,100.80,7.00,451.00,null,null,null
2023-08-26T01:09:06Z,22.92,56.22,100,0,33.32,100.81,8.00,454.00,null,null,null
2023-08-26T01:10:06Z,22.88,56.40,100,0,32.20,100.81,6.00,444.00,3,3,3
2023-08-26T01:11:06Z,22.89,56.44,100,0,38.04,100.80,4.00,432.00,null,null,null
2023-08-26T01:12:06Z,22.89,56.44,100,0,28.51,100.80,5.00,438.00,null,null,null
2023-08-26T01:13:06Z,22.88,56.59,100,0,29.49,100.80,5.00,438.00,null,null,null
2023-08-26T01:14:06Z,22.86,56.59,100,0,31.79,100.81,5.00,438.00,null,null,null
2023-08-26T01:15:06Z,22.83,56.46,100,0,33.07,100.81,4.00,432.00,0,0,0
2023-08-26T01:16:06Z,22.86,56.56,100,0,32.10,100.80,3.00,424.00,null,null,null
2023-08-26T01:17:06Z,22.86,56.51,100,0,32.35,100.81,3.00,420.00,null,null,null
2023-08-26T01:18:06Z,22.84,56.54,100,0,29.15,100.80,3.00,420.00,null,null,null
2023-08-26T01:19:06Z,22.83,56.65,100,0,31.78,100.80,2.00,416.00,null,null,null
2023-08-26T01:20:06Z,22.82,56.58,100,0,30.77,100.81,2.00,416.00,0,0,0
2023-08-26T01:21:06Z,22.82,56.63,100,0,30.13,100.81,1.00,408.00,null,null,null
2023-08-26T01:22:06Z,22.82,56.62,100,0,29.87,100.81,1.00,411.00,null,null,null
2023-08-26T01:23:06Z,22.82,56.74,100,0,38.44,100.81,1.00,408.00,null,null,null
2023-08-26T01:24:06Z,22.79,56.67,100,0,30.78,100.81,1.00,408.00,null,null,null
2023-08-26T01:25:06Z,22.78,56.66,100,0,31.30,100.81,0.00,406.00,2,3,3
2023-08-26T01:26:06Z,22.80,56.76,100,0,30.32,100.81,0.00,402.00,null,null,null
2023-08-26T01:27:06Z,22.78,56.77,100,0,30.08,100.81,0.00,400.00,null,null,null
2023-08-26T01:28:06Z,22.79,56.71,100,0,31.45,100.82,0.00,400.00,null,null,null
2023-08-26T01:29:06Z,22.75,56.81,100,0,34.13,100.82,0.00,400.00,null,null,null
2023-08-26T01:30:06Z,22.78,56.95,100,0,31.74,100.82,0.00,400.00,0,0,0
2023-08-26T01:31:06Z,22.73,56.87,100,0,29.84,100.82,1.00,413.00,null,null,null
2023-08-26T01:32:06Z,22.75,56.81,100,0,32.79,100.81,9.00,464.00,null,null,null
2023-08-26T01:33:06Z,22.73,56.90,100,0,33.57,100.81,5.00,433.00,null,null,null
2023-08-26T01:34:06Z,22.73,56.89,100,0,30.68,100.81,11.00,475.00,null,null,null
2023-08-26T01:35:06Z,22.73,57.02,100,0,32.51,100.82,11.00,475.00,2,2,2
2023-08-26T01:36:06Z,22.71,56.94,100,0,33.06,100.81,11.00,475.00,null,null,null
2023-08-26T01:37:06Z,22.72,57.00,100,0,33.23,100.81,11.00,478.00,null,null,null
2023-08-26T01:38:06Z,22.71,57.01,100,0,41.33,100.82,10.00,472.00,null,null,null
2023-08-26T01:39:06Z,22.71,57.02,100,0,31.12,100.81,10.00,472.00,null,null,null
2023-08-26T01:40:06Z,22.66,57.11,100,0,30.67,100.81,9.00,464.00,0,0,0
2023-08-26T01:41:06Z,22.65,57.07,100,0,31.29,100.81,7.00,452.00,null,null,null
2023-08-26T01:42:06Z,22.65,57.04,100,0,31.85,100.81,7.00,450.00,null,null,null
2023-08-26T01:43:06Z,22.66,57.15,100,0,32.10,100.81,6.00,442.00,null,null,null
2023-08-26T01:44:06Z,22.65,57.19,100,0,37.43,100.81,7.00,446.00,null,null,null
2023-08-26T01:45:06Z,22.65,57.08,100,0,30.85,100.81,6.00,442.00,1,1,1
2023-08-26T01:46:06Z,22.62,57.24,100,0,31.56,100.81,5.00,433.00,null,null,null
2023-08-26T01:47:06Z,22.62,57.21,100,0,31.79,100.81,5.00,433.00,null,null,null
2023-08-26T01:48:06Z,22.62,57.17,100,0,32.48,100.81,4.00,428.00,null,null,null
2023-08-26T01:49:06Z,22.59,57.29,100,0,33.06,100.81,3.00,421.00,null,null,null
2023-08-26T01:50:06Z,22.56,57.36,100,0,30.49,100.81,2.00,416.00,1,1,1
2023-08-26T01:51:06Z,22.56,57.22,100,0,29.63,100.81,1.00,411.00,null,null,null
2023-08-26T01:52:06Z,22.55,57.24,100,0,32.02,100.81,3.00,421.00,null,null,null
2023-08-26T01:53:06Z,22.56,57.32,100,0,32.12,100.80,5.00,433.00,null,null,null
2023-08-26T01:54:06Z,22.56,57.38,100,0,31.84,100.80,6.00,445.00,null,null,null
2023-08-26T01:55:06Z,22.55,57.29,100,0,33.38,100.80,7.00,447.00,0,0,0
2023-08-26T01:56:06Z,22.52,57.38,100,0,33.50,100.80,7.00,447.00,null,null,null
2023-08-26T01:57:06Z,22.56,57.52,100,0,32.43,100.80,9.00,460.00,null,null,null
2023-08-26T01:58:06Z,22.55,57.44,100,0,31.57,100.79,9.00,460.00,null,null,null
2023-08-26T01:59:06Z,22.51,57.48,100,0,32.61,100.79,9.00,460.00,null,null,null
2023-08-26T02:00:06Z,22.52,57.42,100,0,30.93,100.79,9.00,464.00,1,1,1
2023-08-26T02:01:06Z,22.53,57.48,100,0,30.62,100.79,9.00,464.00,null,null,null
2023-08-26T02:02:06Z,22.52,57.52,100,0,29.20,100.78,11.00,473.00,null,null,null
2023-08-26T02:03:06Z,22.49,57.50,100,0,30.33,100.79,11.00,477.00,null,null,null
2023-08-26T02:04:06Z,22.49,57.47,100,0,31.56,100.78,11.00,477.00,null,null,null
2023-08-26T02:05:06Z,22.49,57.41,100,0,30.53,100.78,11.00,477.00,2,3,3
2023-08-26T02:06:06Z,22.48,57.46,100,0,30.60,100.79,12.00,480.00,null,null,null
2023-08-26T02:07:06Z,22.48,57.49,100,0,34.50,100.78,13.00,487.00,null,null,null
2023-08-26T02:08:06Z,22.49,57.56,100,0,32.91,100.78,14.00,495.00,null,null,null
2023-08-26T02:09:06Z,22.48,57.58,100,0,30.62,100.78,13.00,487.00,null,null,null
2023-08-26T02:10:06Z,22.45,57.56,100,0,30.33,100.78,13.00,487.00,0,0,0
2023-08-26T02:11:06Z,22.45,57.66,100,0,30.46,100.78,11.00,473.00,null,null,null
2023-08-26T02:12:06Z,22.45,57.55,100,0,30.91,100.78,13.00,487.00,null,null,null
2023-08-26T02:13:06Z,22.45,57.58,100,0,31.79,100.78,30.00,597.00,null,null,null
2023-08-26T02:14:06Z,22.44,57.63,100,0,33.50,100.78,38.00,652.00,null,null,null
2023-08-26T02:15:06Z,22.41,57.64,100,0,32.53,100.78,43.00,686.00,2,2,2
2023-08-26T02:16:06Z,22.41,57.63,100,0,32.16,100.78,44.00,692.00,null,null,null
2023-08-26T02:17:06Z,22.42,57.58,100,0,31.42,100.78,48.00,719.00,null,null,null
2023-08-26T02:18:06Z,22.40,57.65,100,0,31.31,100.78,48.00,719.00,null,null,null
2023-08-26T02:19:06Z,22.37,57.68,100,0,31.62,100.79,48.00,719.00,null,null,null
2023-08-26T02:20:06Z,22.38,57.68,100,0,31.38,100.78,48.00,719.00,1,1,1
2023-08-26T02:21:06Z,22.38,57.73,100,0,30.78,100.79,46.00,708.00,null,null,null
2023-08-26T02:22:06Z,22.35,57.69,100,0,32.87,100.78,47.00,712.00,null,null,null
2023-08-26T02:23:06Z,22.38,57.77,100,0,29.65,100.78,46.00,708.00,null,null,null
2023-08-26T02:24:06Z,22.37,57.77,100,0,29.96,100.79,46.00,704.00,null,null,null
2023-08-26T02:25:06Z,22.37,57.74,100,0,30.28,100.78,45.00,700.00,0,0,0
2023-08-26T02:26:06Z,22.35,57.78,100,0,33.71,100.79,46.00,708.00,null,null,null
2023-08-26T02:27:06Z,22.37,57.80,100,0,33.58,100.78,43.00,688.00,null,null,null
2023-08-26T02:28:06Z,22.34,57.72,100,0,34.19,100.78,43.00,688.00,null,null,null
2023-08-26T02:29:06Z,22.34,57.78,100,0,29.98,100.78,45.00,697.00,null,null,null
2023-08-26T02:30:06Z,22.32,57.82,100,0,30.58,100.79,42.00,678.00,0,0,0
2023-08-26T02:31:06Z,22.31,57.86,100,0,29.12,100.79,41.00,671.00,null,null,null
2023-08-26T02:32:06Z,22.31,57.82,100,0,30.85,100.78,39.00,656.00,null,null,null
2023-08-26T02:33:06Z,22.29,57.83,100,0,33.45,100.78,36.00,640.00,null,null,null
2023-08-26T02:34:06Z,22.31,57.89,100,0,30.51,100.78,35.00,633.00,null,null,null
2023-08-26T02:35:06Z,22.31,57.84,100,0,31.57,100.78,33.00,618.00,2,2,2
2023-08-26T02:36:06Z,22.28,57.96,100,0,29.78,100.79,30.00,599.00,null,null,null
2023-08-26T02:37:06Z,22.29,57.99,100,0,34.29,100.79,32.00,611.00,null,null,null
2023-08-26T02:38:06Z,22.31,57.90,100,0,32.64,100.78,30.00,599.00,null,null,null
2023-08-26T02:39:06Z,22.31,57.88,100,0,31.27,100.78,29.00,591.00,null,null,null
2023-08-26T02:40:06Z,22.28,57.90,100,0,32.36,100.78,27.00,578.00,1,1,1
2023-08-26T02:41:06Z,22.27,57.92,100,0,30.06,100.78,26.00,572.00,null,null,null
2023-08-26T02:42:06Z,22.28,57.97,100,0,31.10,100.78,25.00,566.00,null,null,null
2023-08-26T02:43:06Z,22.28,57.85,100,0,30.17,100.77,23.00,556.00,null,null,null
2023-08-26T02:44:06Z,22.28,57.93,100,0,29.98,100.78,22.00,545.00,null,null,null
2023-08-26T02:45:06Z,22.22,57.93,100,0,null,100.77,19.00,527.00,0,0,0
2023-08-26T02:46:06Z,22.22,58.02,100,0,31.02,100.78,24.00,564.00,null,null,null
2023-08-26T02:47:06Z,22.25,57.92,100,0,30.65,100.78,23.00,552.00,null,null,null
2023-08-26T02:48:06Z,22.22,57.97,100,0,32.56,100.78,15.00,503.00,null,null,null
2023-08-26T02:49:06Z,22.21,58.01,100,0,29.94,100.78,22.00,548.00,null,null,null
2023-08-26T02:50:06Z,22.22,57.97,100,0,29.96,100.78,21.00,540.00,0,0,0
2023-08-26T02:51:06Z,22.22,58.20,100,0,31.58,100.79,19.00,529.00,null,null,null
2023-08-26T02:52:06Z,22.21,58.06,100,0,32.88,100.79,20.00,536.00,null,null,null
2023-08-26T02:53:06Z,22.20,58.01,100,0,31.62,100.79,18.00,519.00,null,null,null
2023-08-26T02:54:06Z,22.20,58.09,100,0,30.71,100.78,16.00,508.00,null,null,null
2023-08-26T02:55:06Z,22.21,58.12,100,0,30.71,100.78,15.00,503.00,0,0,0
2023-08-26T02:56:06Z,22.21,58.13,100,0,32.05,100.79,14.00,496.00,null,null,null
2023-08-26T02:57:06Z,22.20,58.12,100,0,31.08,100.79,14.00,496.00,null,null,null
2023-08-26T02:58:06Z,22.17,58.15,100,0,32.44,100.79,13.00,486.00,null,null,null
2023-08-26T02:59:06Z,22.15,58.20,100,0,30.60,100.79,12.00,482.00,null,null,null
