TIME,TEMP,HUM,BATT,LIGHT,NOISE_A,PRESS,CCS811_VOCS,CCS811_ECO2,PM_1,PM_25,PM_10
ISO 8601,C,%,%,Lux,dBA,kPa,ppb,ppm,ug/m3,ug/m3,ug/m3
Time,Temperature,Humidity,Battery,Light,Noise dBA,Barometric pressure,VOC Gas CCS811,eCO2 Gas CCS811,PM 1.0,PM 2.5,PM 10.0
,55,56,10,14,53,58,113,112,89,87,88
2023-08-05T00:00:54Z,23.37,58.16,100,0,41.39,101.60,145.00,1356.00,null,null,null
2023-08-05T00:01:54Z,23.34,58.32,100,0,46.67,101.60,145.00,1356.00,null,null,null
2023-08-05T00:02:54Z,23.31,58.23,100,0,43.00,101.60,143.00,1341.00,3,4,4
2023-08-05T00:03:54Z,23.33,58.33,100,0,58.43,101.60,143.00,1341.00,null,null,null
2023-08-05T00:04:54Z,23.35,58.56,100,0,48.62,101.60,140.00,1324.00,null,null,null
2023-08-05T00:05:54Z,23.29,58.11,100,0,37.37,101.59,140.00,1324.00,null,null,null
2023-08-05T00:06:54Z,23.30,58.01,100,0,36.37,101.59,140.00,1324.00,null,null,null
2023-08-05T00:07:54Z,23.27,57.77,100,0,42.19,101.59,136.00,1299.00,4,4,4
2023-08-05T00:08:54Z,23.27,57.90,100,0,32.46,101.59,132.00,1270.00,null,null,null
2023-08-05T00:09:54Z,23.27,57.90,100,0,38.83,101.59,131.00,1262.00,null,null,null
2023-08-05T00:10:54Z,23.23,57.88,100,0,40.00,101.60,127.00,1238.00,null,null,null
2023-08-05T00:11:54Z,23.24,58.00,100,0,38.45,101.60,127.00,1238.00,null,null,null
2023-08-05T00:12:54Z,23.22,58.04,100,0,35.61,101.59,127.00,1238.00,2,2,2
2023-08-05T00:13:54Z,23.22,58.26,100,0,35.92,101.59,129.00,1252.00,null,null,null
2023-08-05T00:14:54Z,23.23,58.11,100,0,34.81,101.59,130.00,1255.00,null,null,null
2023-08-05T00:15:54Z,23.22,58.11,100,0,31.97,101.60,132.00,1270.00,null,null,null
2023-08-05T00:16:54Z,23.22,58.24,100,0,35.57,101.60,132.00,1270.00,null,null,null
2023-08-05T00:17:54Z,23.20,58.08,100,0,36.48,101.60,132.00,1270.00,5,5,5
2023-08-05T00:18:54Z,23.22,58.22,100,0,34.46,101.60,130.00,1259.00,null,null,null
2023-08-05T00:19:54Z,23.19,57.99,100,0,37.23,101.60,132.00,1270.00,null,null,null
2023-08-05T00:20:54Z,23.19,57.94,100,0,36.88,101.60,130.00,1259.00,null,null,null
2023-08-05T00:21:54Z,23.19,57.99,100,0,31.94,101.60,127.00,1238.00,null,null,null
2023-08-05T00:22:54Z,23.16,57.94,100,0,35.82,101.60,126.00,1228.00,5,6,6
2023-08-05T00:23:54Z,23.16,57.92,100,0,33.00,101.60,130.00,1259.00,null,null,null
2023-08-05T00:24:54Z,23.17,57.91,100,0,37.15,101.60,135.00,1288.00,null,null,null
2023-08-05T00:25:54Z,23.14,57.94,100,0,35.62,101.59,145.00,1356.00,null,null,null
2023-08-05T00:26:54Z,23.16,57.98,100,0,31.38,101.59,149.00,1380.00,null,null,null
2023-08-05T00:27:54Z,23.13,57.87,100,0,35.70,101.59,149.00,1380.00,3,7,7
2023-08-05T00:28:54Z,23.12,57.75,100,0,33.28,101.60,149.00,1380.00,null,null,null
2023-08-05T00:29:54Z,23.13,57.71,100,0,31.74,101.59,148.00,1372.00,null,null,null
2023-08-05T00:30:54Z,23.13,57.55,100,0,34.84,101.59,148.00,1372.00,null,null,null
2023-08-05T00:31:54Z,23.10,57.65,100,0,35.21,101.58,146.00,1360.00,null,null,null
2023-08-05T00:32:54Z,23.07,57.68,100,0,33.74,101.58,141.00,1330.00,4,5,5
2023-08-05T00:33:54Z,23.07,57.65,100,0,32.20,101.57,134.00,1285.00,null,null,null
2023-08-05T00:34:54Z,23.06,57.66,100,0,38.06,101.57,134.00,1285.00,null,null,null
2023-08-05T00:35:54Z,23.06,57.53,100,0,33.95,101.57,133.00,1274.00,null,null,null
2023-08-05T00:36:54Z,23.03,57.73,100,0,37.31,101.56,129.00,1252.00,null,null,null
2023-08-05T00:37:54Z,23.02,57.62,100,0,33.16,101.56,129.00,1252.00,3,7,7
2023-08-05T00:38:54Z,23.03,57.60,100,0,35.81,101.56,126.00,1228.00,null,null,null
2023-08-05T00:39:54Z,23.02,57.59,100,0,31.42,101.56,126.00,1228.00,null,null,null
2023-08-05T00:40:54Z,23.02,57.60,100,0,33.85,101.56,123.00,1212.00,null,null,null
2023-08-05T00:41:54Z,22.99,57.44,100,0,35.50,101.55,121.00,1195.00,null,null,null
2023-08-05T00:42:54Z,22.99,57.54,100,0,33.94,101.56,117.00,1168.00,2,3,3
2023-08-05T00:43:54Z,22.95,57.61,100,0,38.50,101.55,113.00,1144.00,null,null,null
2023-08-05T00:44:54Z,22.98,57.57,100,0,33.20,101.55,113.00,1144.00,null,null,null
2023-08-05T00:45:54Z,22.96,57.59,100,0,30.71,101.55,113.00,1144.00,null,null,null
2023-08-05T00:46:54Z,22.93,57.52,100,0,30.37,101.54,113.00,1144.00,null,null,null
2023-08-05T00:47:54Z,22.92,57.48,100,0,31.52,101.54,113.00,1144.00,5,5,5
2023-08-05T00:48:54Z,22.91,57.40,100,0,31.24,101.54,107.00,1107.00,null,null,null
2023-08-05T00:49:54Z,22.91,57.40,100,0,37.31,101.54,109.00,1122.00,null,null,null
2023-08-05T00:50:54Z,22.89,57.44,100,0,36.74,101.54,107.00,1107.00,null,null,null
2023-08-05T00:51:54Z,22.91,57.34,100,0,42.80,101.53,107.00,1107.00,null,null,null
2023-08-05T00:52:54Z,22.83,57.36,100,0,36.00,101.53,105.00,1090.00,7,7,7
2023-08-05T00:53:54Z,22.86,57.39,100,0,36.82,101.53,101.00,1065.00,null,null,null
2023-08-05T00:54:54Z,22.89,57.45,100,0,30.81,101.53,99.00,1056.00,null,null,null
2023-08-05T00:55:54Z,22.84,57.41,100,0,31.42,101.52,101.00,1065.00,null,null,null
2023-08-05T00:56:54Z,22.83,57.35,100,0,31.19,101.52,101.00,1065.00,null,null,null
2023-08-05T00:57:54Z,22.80,57.38,100,0,33.03,101.51,99.00,1056.00,3,3,3
2023-08-05T00:58:54Z,22.80,57.36,100,0,34.78,101.51,96.00,1032.00,null,null,null
2023-08-05T00:59:54Z,22.82,57.29,100,0,43.68,101.51,94.00,1019.00,null,null,null
2023-08-05T01:00:54Z,22.78,57.26,100,0,32.19,101.50,93.00,1014.00,null,null,null
2023-08-05T01:01:54Z,22.78,57.39,100,0,31.58,101.50,92.00,1004.00,null,null,null
2023-08-05T01:02:54Z,22.76,57.45,100,0,38.23,101.50,92.00,1004.00,0,0,0
2023-08-05T01:03:54Z,22.78,57.43,100,0,37.42,101.50,93.00,1014.00,null,null,null
2023-08-05T01:04:54Z,22.75,57.36,100,0,33.86,101.50,99.00,1056.00,null,null,null
2023-08-05T01:05:54Z,22.73,57.51,100,0,33.54,101.49,105.00,1090.00,null,null,null
2023-08-05T01:06:54Z,22.72,57.46,100,0,37.39,101.49,122.00,1201.00,null,null,null
2023-08-05T01:07:54Z,22.71,57.44,100,0,31.45,101.48,122.00,1201.00,5,8,8
2023-08-05T01:08:54Z,22.66,57.44,100,0,38.25,101.47,118.00,1178.00,null,null,null
2023-08-05T01:09:54Z,22.72,57.49,100,0,30.79,101.47,115.00,1159.00,null,null,null
2023-08-05T01:10:54Z,22.69,57.44,100,0,35.35,101.47,115.00,1159.00,null,null,null
2023-08-05T01:11:54Z,22.66,57.42,100,0,41.88,101.46,115.00,1159.00,null,null,null
2023-08-05T01:12:54Z,22.66,57.51,100,0,33.06,101.46,114.00,1150.00,1,2,2
2023-08-05T01:13:54Z,22.65,57.50,100,0,39.78,101.46,112.00,1137.00,null,null,null
2023-08-05T01:14:54Z,22.65,57.54,100,0,33.86,101.45,110.00,1125.00,null,null,null
2023-08-05T01:15:54Z,22.65,57.53,100,0,33.59,101.46,110.00,1125.00,null,null,null
2023-08-05T01:16:54Z,22.62,57.53,100,0,32.24,101.45,110.00,1125.00,null,null,null
2023-08-05T01:17:54Z,22.63,57.57,100,0,32.84,101.45,109.00,1118.00,5,15,15
2023-08-05T01:18:54Z,22.61,57.58,100,0,38.26,101.45,108.00,1110.00,null,null,null
2023-08-05T01:19:54Z,22.62,57.53,100,0,32.55,101.44,106.00,1099.00,null,null,null
2023-08-05T01:20:54Z,22.61,57.13,100,0,38.55,101.44,106.00,1099.00,null,null,null
2023-08-05T01:21:54Z,22.61,57.10,100,0,34.86,101.44,101.00,1065.00,null,null,null
2023-08-05T01:22:54Z,22.58,57.00,100,0,32.37,101.44,93.00,1017.00,2,3,3
2023-08-05T01:23:54Z,22.58,57.07,100,0,35.63,101.44,87.00,975.00,null,null,null
2023-08-05T01:24:54Z,22.59,57.00,100,0,30.49,101.44,83.00,951.00,null,null,null
2023-08-05T01:25:54Z,22.56,56.81,100,0,36.19,101.44,80.00,927.00,null,null,null
2023-08-05T01:26:54Z,22.53,56.90,100,0,31.31,101.43,78.00,913.00,null,null,null
2023-08-05T01:27:54Z,22.51,56.85,100,0,37.59,101.43,74.00,891.00,4,4,4
2023-08-05T01:28:54Z,22.52,56.93,100,0,35.50,101.43,69.00,857.00,null,null,null
2023-08-05T01:29:54Z,22.48,56.91,100,0,32.42,101.43,68.00,848.00,null,null,null
2023-08-05T01:30:54Z,22.48,56.94,100,0,35.26,101.43,66.00,838.00,null,null,null
2023-08-05T01:31:54Z,22.48,56.96,100,0,36.14,101.43,65.00,832.00,null,null,null
2023-08-05T01:32:54Z,22.47,56.91,100,0,30.67,101.43,65.00,827.00,5,6,6
2023-08-05T01:33:54Z,22.47,56.93,100,0,37.42,101.43,62.00,813.00,null,null,null
2023-08-05T01:34:54Z,22.45,56.93,100,0,36.46,101.43,62.00,808.00,null,null,null
2023-08-05T01:35:54Z,22.47,56.97,100,0,30.68,101.43,62.00,813.00,null,null,null
2023-08-05T01:36:54Z,22.42,57.06,100,0,34.18,101.43,65.00,827.00,null,null,null
2023-08-05T01:37:54Z,22.41,57.08,100,0,32.50,101.43,62.00,813.00,5,9,9
2023-08-05T01:38:54Z,22.40,57.03,100,0,34.33,101.43,62.00,808.00,null,null,null
2023-08-05T01:39:54Z,22.38,56.93,100,0,36.05,101.43,59.00,793.00,null,null,null
2023-08-05T01:40:54Z,22.34,57.06,100,0,35.74,101.44,61.00,802.00,null,null,null
2023-08-05T01:41:54Z,22.35,57.04,100,0,33.03,101.44,59.00,793.00,null,null,null
2023-08-05T01:42:54Z,22.34,57.17,100,0,37.27,101.44,59.00,793.00,3,3,3
2023-08-05T01:43:54Z,22.34,57.17,100,0,31.84,101.43,58.00,783.00,null,null,null
2023-08-05T01:44:54Z,22.31,57.25,100,0,32.34,101.43,56.00,774.00,null,null,null
2023-08-05T01:45:54Z,22.32,57.16,100,0,35.47,101.43,55.00,765.00,null,null,null
2023-08-05T01:46:54Z,22.29,57.14,100,0,38.12,101.42,56.00,774.00,null,null,null
2023-08-05T01:47:54Z,22.25,57.20,100,0,38.65,101.42,56.00,768.00,3,3,3
2023-08-05T01:48:54Z,22.28,57.08,100,0,35.63,101.42,50.00,733.00,null,null,null
2023-08-05T01:49:54Z,22.25,57.19,100,0,36.27,101.41,50.00,733.00,null,null,null
2023-08-05T01:50:54Z,22.22,57.24,100,0,32.74,101.41,50.00,733.00,null,null,null
2023-08-05T01:51:54Z,22.24,57.25,100,0,34.85,101.40,64.00,821.00,null,null,null
2023-08-05T01:52:54Z,22.21,57.23,100,0,31.73,101.40,62.00,813.00,3,7,7
2023-08-05T01:53:54Z,22.20,57.30,100,0,36.31,101.40,60.00,795.00,null,null,null
2023-08-05T01:54:54Z,22.20,57.21,100,0,39.35,101.39,56.00,770.00,null,null,null
2023-08-05T01:55:54Z,22.17,57.19,100,0,36.85,101.39,56.00,768.00,null,null,null
2023-08-05T01:56:54Z,22.17,57.30,100,0,31.33,101.39,53.00,752.00,null,null,null
2023-08-05T01:57:54Z,22.14,57.40,100,0,36.06,101.39,51.00,737.00,3,3,3
2023-08-05T01:58:54Z,22.12,57.41,100,0,36.95,101.38,51.00,737.00,null,null,null
2023-08-05T01:59:54Z,22.15,57.40,100,0,32.84,101.38,51.00,737.00,null,null,null
2023-08-05T02:00:54Z,22.10,57.40,100,0,32.62,101.38,52.00,744.00,null,null,null
2023-08-05T02:01:54Z,22.08,57.37,100,0,32.77,101.38,52.00,744.00,null,null,null
2023-08-05T02:02:54Z,22.07,57.46,100,0,37.30,101.37,52.00,744.00,3,8,8
2023-08-05T02:03:54Z,22.08,57.53,100,0,31.27,101.37,51.00,737.00,null,null,null
2023-08-05T02:04:54Z,22.07,57.61,100,0,34.31,101.36,52.00,744.00,null,null,null
2023-08-05T02:05:54Z,22.05,57.65,100,0,35.78,101.36,56.00,770.00,null,null,null
2023-08-05T02:06:54Z,22.07,57.64,100,0,34.98,101.36,59.00,791.00,null,null,null
2023-08-05T02:07:54Z,22.04,57.74,100,0,36.23,101.36,59.00,791.00,1,1,1
2023-08-05T02:08:54Z,22.05,57.76,100,0,32.97,101.36,59.00,791.00,null,null,null
2023-08-05T02:09:54Z,22.04,57.71,100,0,33.57,101.35,59.00,791.00,null,null,null
2023-08-05T02:10:54Z,22.05,57.71,100,0,34.96,101.35,60.00,800.00,null,null,null
2023-08-05T02:11:54Z,22.02,57.71,100,0,32.69,101.35,63.00,817.00,null,null,null
2023-08-05T02:12:54Z,22.01,57.75,100,0,35.75,101.35,63.00,817.00,5,8,8
2023-08-05T02:13:54Z,22.01,57.75,100,0,37.01,101.35,61.00,804.00,null,null,null
2023-08-05T02:14:54Z,22.00,57.81,100,0,34.60,101.35,61.00,804.00,null,null,null
2023-08-05T02:15:54Z,21.97,57.69,100,0,34.59,101.35,61.00,804.00,null,null,null
2023-08-05T02:16:54Z,21.98,57.76,100,0,37.04,101.36,58.00,785.00,null,null,null
2023-08-05T02:17:54Z,22.00,57.77,100,0,37.77,101.36,57.00,776.00,2,2,8
2023-08-05T02:18:54Z,21.96,57.79,100,0,34.08,101.36,53.00,749.00,null,null,null
2023-08-05T02:19:54Z,21.96,57.85,100,0,33.92,101.36,56.00,768.00,null,null,null
2023-08-05T02:20:54Z,21.94,57.82,100,0,32.69,101.36,57.00,776.00,null,null,null
2023-08-05T02:21:54Z,21.93,57.84,100,0,34.37,101.36,56.00,768.00,null,null,null
2023-08-05T02:22:54Z,21.91,57.93,100,0,35.04,101.35,57.00,776.00,6,6,6
2023-08-05T02:23:54Z,21.91,57.93,100,0,31.93,101.35,56.00,768.00,null,null,null
2023-08-05T02:24:54Z,21.93,57.89,100,0,37.22,101.35,57.00,776.00,null,null,null
2023-08-05T02:25:54Z,21.91,57.92,100,0,31.40,101.35,57.00,776.00,null,null,null
2023-08-05T02:26:54Z,21.89,57.96,100,0,35.22,101.35,61.00,804.00,null,null,null
2023-08-05T02:27:54Z,21.86,57.99,100,0,38.07,101.34,59.00,791.00,6,7,7
2023-08-05T02:28:54Z,21.89,57.97,100,0,33.53,101.34,59.00,791.00,null,null,null
2023-08-05T02:29:54Z,21.87,58.04,100,0,30.58,101.35,57.00,780.00,null,null,null
2023-08-05T02:30:54Z,21.87,58.04,100,0,34.92,101.34,59.00,791.00,null,null,null
2023-08-05T02:31:54Z,21.86,58.05,100,0,30.52,101.34,59.00,791.00,null,null,null
2023-08-05T02:32:54Z,21.86,58.07,100,0,32.17,101.34,59.00,791.00,5,5,5
2023-08-05T02:33:54Z,21.86,58.10,100,0,37.92,101.34,59.00,791.00,null,null,null
2023-08-05T02:34:54Z,21.86,58.06,100,0,36.00,101.34,59.00,791.00,null,null,null
2023-08-05T02:35:54Z,21.84,58.03,100,0,31.67,101.34,59.00,791.00,null,null,null
2023-08-05T02:36:54Z,21.81,58.04,100,0,36.95,101.34,57.00,780.00,null,null,null
2023-08-05T02:37:54Z,21.81,58.15,100,0,35.74,101.34,64.00,825.00,3,3,9
2023-08-05T02:38:54Z,21.81,58.15,100,0,37.17,101.33,70.00,863.00,null,null,null
2023-08-05T02:39:54Z,21.80,58.19,100,0,37.01,101.33,79.00,923.00,null,null,null
2023-08-05T02:40:54Z,21.81,58.18,100,0,33.56,101.33,82.00,940.00,null,null,null
2023-08-05T02:41:54Z,21.81,58.24,100,0,38.66,101.33,83.00,951.00,null,null,null
2023-08-05T02:42:54Z,21.77,58.23,100,0,34.02,101.33,87.00,972.00,6,6,6
2023-08-05T02:43:54Z,21.76,58.31,100,0,32.99,101.34,83.00,951.00,null,null,null
2023-08-05T02:44:54Z,21.79,58.25,100,0,35.42,101.33,82.00,940.00,null,null,null
2023-08-05T02:45:54Z,21.77,58.28,100,0,35.40,101.33,84.00,956.00,null,null,null
2023-08-05T02:46:54Z,21.77,58.26,100,0,34.27,101.33,80.00,927.00,null,null,null
2023-08-05T02:47:54Z,21.76,58.26,100,0,30.70,101.33,82.00,940.00,3,5,17
2023-08-05T02:48:54Z,21.76,58.29,100,0,35.47,101.33,79.00,923.00,null,null,null
2023-08-05T02:49:54Z,21.74,58.23,100,0,37.26,101.32,78.00,913.00,null,null,null
2023-08-05T02:50:54Z,21.71,58.27,100,0,32.41,101.32,85.00,959.00,null,null,null
2023-08-05T02:51:54Z,21.73,58.33,100,0,33.98,101.32,83.00,949.00,null,null,null
2023-08-05T02:52:54Z,21.70,58.30,100,0,34.28,101.32,82.00,940.00,2,2,2
2023-08-05T02:53:54Z,21.71,58.41,100,0,31.66,101.32,82.00,940.00,null,null,null
2023-08-05T02:54:54Z,21.73,58.38,100,0,37.85,101.32,83.00,949.00,null,null,null
2023-08-05T02:55:54Z,21.73,58.43,100,0,36.05,101.31,82.00,940.00,null,null,null
2023-08-05T02:56:54Z,21.69,58.50,100,0,35.40,101.31,83.00,949.00,null,null,null
2023-08-05T02:57:54Z,21.67,58.56,100,0,30.03,101.30,83.00,949.00,4,10,10
2023-08-05T02:58:54Z,21.70,58.56,100,0,36.11,101.30,83.00,949.00,null,null,null
2023-08-05T02:59:54Z,21.67,58.48,100,0,32.51,101.30,77.00,907.00,null,null,null
