TIME,TEMP,HUM,BATT,LIGHT,NOISE_A,PRESS,CCS811_VOCS,CCS811_ECO2,PM_1,PM_25,PM_10
ISO 8601,C,%,%,Lux,dBA,kPa,ppb,ppm,ug/m3,ug/m3,ug/m3
Time,Temperature,Humidity,Battery,Light,Noise dBA,Barometric pressure,VOC Gas CCS811,eCO2 Gas CCS811,PM 1.0,PM 2.5,PM 10.0
,55,56,10,14,53,58,113,112,89,87,88
2023-09-12T00:00:04Z,24.76,67.38,100,0,30.26,101.27,102.00,1074.00,1,1,1
2023-09-12T00:01:04Z,24.70,67.41,100,0,30.76,101.28,104.00,1083.00,null,null,null
2023-09-12T00:02:04Z,24.75,67.30,100,0,30.73,101.27,104.00,1086.00,null,null,null
2023-09-12T00:03:04Z,24.73,67.32,100,0,36.64,101.27,102.00,1071.00,null,null,null
2023-09-12T00:04:04Z,24.72,67.36,100,0,30.55,101.27,102.00,1074.00,null,null,null
2023-09-12T00:05:04Z,24.72,67.35,100,0,31.79,101.27,102.00,1074.00,4,6,6
2023-09-12T00:06:04Z,24.75,67.37,100,0,30.77,101.27,100.00,1060.00,null,null,null
2023-09-12T00:07:04Z,24.75,67.29,100,0,30.66,101.27,96.00,1035.00,null,null,null
2023-09-12T00:08:04Z,24.69,67.36,100,0,35.45,101.27,96.00,1035.00,null,null,null
2023-09-12T00:09:04Z,24.69,67.38,100,0,31.73,101.27,96.00,1035.00,null,null,null
2023-09-12T00:10:04Z,24.72,67.41,100,0,31.55,101.27,93.00,1012.00,6,8,8
2023-09-12T00:11:04Z,24.72,67.39,100,0,34.18,101.27,91.00,1001.00,null,null,null
2023-09-12T00:12:04Z,24.72,67.36,100,0,34.65,101.27,91.00,1001.00,null,null,null
2023-09-12T00:13:04Z,24.70,67.40,100,0,31.80,101.27,91.00,1001.00,null,null,null
2023-09-12T00:14:04Z,24.72,67.37,100,0,29.73,101.27,89.00,990.00,null,null,null
2023-09-12T00:15:04Z,24.70,67.40,100,0,29.11,101.27,89.00,990.00,5,6,6
2023-09-12T00:16:04Z,24.70,67.42,100,0,32.66,101.27,89.00,990.00,null,null,null
2023-09-12T00:17:04Z,24.70,67.43,100,0,30.12,101.27,108.00,1110.00,null,null,null
2023-09-12T00:18:04Z,24.67,67.42,100,0,31.47,101.27,125.00,1224.00,null,null,null
2023-09-12T00:19:04Z,24.72,67.50,100,0,31.93,101.27,136.00,1295.00,null,null,null
2023-09-12T00:20:04Z,24.67,67.49,100,0,33.22,101.26,143.00,1341.00,1,5,5
2023-09-12T00:21:04Z,24.70,67.43,100,0,30.25,101.26,140.00,1324.00,null,null,null
2023-09-12T00:22:04Z,24.67,67.51,100,0,30.60,101.26,140.00,1324.00,null,null,null
2023-09-12T00:23:04Z,24.66,67.49,100,0,35.14,101.27,143.00,1341.00,null,null,null
2023-09-12T00:24:04Z,24.69,67.53,100,0,31.11,101.27,143.00,1341.00,null,null,null
2023-09-12T00:25:04Z,24.66,67.49,100,0,34.27,101.27,140.00,1324.00,7,9,9
2023-09-12T00:26:04Z,24.70,67.50,100,0,31.09,101.27,138.00,1310.00,null,null,null
2023-09-12T00:27:04Z,24.70,67.49,100,0,32.37,101.27,136.00,1295.00,null,null,null
2023-09-12T00:28:04Z,24.69,67.50,100,0,32.72,101.27,130.00,1259.00,null,null,null
2023-09-12T00:29:04Z,24.66,67.53,100,0,30.22,101.26,133.00,1274.00,null,null,null
2023-09-12T00:30:04Z,24.65,67.59,100,0,32.03,101.27,136.00,1295.00,2,6,6
2023-09-12T00:31:04Z,24.67,67.62,100,0,31.23,101.26,136.00,1295.00,null,null,null
2023-09-12T00:32:04Z,24.67,67.55,100,0,30.69,101.26,136.00,1295.00,null,null,null
2023-09-12T00:33:04Z,24.66,67.60,100,0,36.46,101.26,138.00,1310.00,null,null,null
2023-09-12T00:34:04Z,24.63,67.60,100,0,30.66,101.27,133.00,1274.00,null,null,null
2023-09-12T00:35:04Z,24.66,67.54,100,0,30.43,101.27,130.00,1259.00,1,4,4
2023-09-12T00:36:04Z,24.63,67.58,100,0,29.50,101.27,125.00,1224.00,null,null,null
2023-09-12T00:37:04Z,24.65,67.60,100,0,32.39,101.27,122.00,1207.00,null,null,null
2023-09-12T00:38:04Z,24.63,67.55,100,0,33.00,101.27,121.00,1195.00,null,null,null
2023-09-12T00:39:04Z,24.60,67.64,100,0,34.58,101.27,118.00,1181.00,null,null,null
2023-09-12T00:40:04Z,24.60,67.63,100,0,33.61,101.27,114.00,1150.00,3,3,3
2023-09-12T00:41:04Z,24.62,67.67,100,0,31.45,101.27,114.00,1150.00,null,null,null
2023-09-12T00:42:04Z,24.60,67.67,100,0,34.64,101.26,110.00,1125.00,null,null,null
2023-09-12T00:43:04Z,24.65,67.63,100,0,29.65,101.27,108.00,1110.00,null,null,null
2023-09-12T00:44:04Z,24.62,67.63,100,0,32.17,101.27,106.00,1099.00,null,null,null
2023-09-12T00:45:04Z,24.60,67.77,100,0,32.88,101.27,106.00,1099.00,6,7,7
2023-09-12T00:46:04Z,24.62,67.77,100,0,28.93,101.27,104.00,1086.00,null,null,null
2023-09-12T00:47:04Z,24.62,67.71,100,0,30.15,101.27,110.00,1125.00,null,null,null
2023-09-12T00:48:04Z,24.60,67.74,100,0,30.48,101.27,128.00,1245.00,null,null,null
2023-09-12T00:49:04Z,24.60,67.79,100,0,33.43,101.26,140.00,1324.00,null,null,null
2023-09-12T00:50:04Z,24.62,67.85,100,0,30.76,101.27,157.00,1436.00,2,4,4
2023-09-12T00:51:04Z,24.60,67.83,100,0,33.49,101.27,170.00,1498.00,null,null,null
2023-09-12T00:52:04Z,24.59,67.85,100,0,32.41,101.27,177.00,1507.00,null,null,null
2023-09-12T00:53:04Z,24.60,67.80,100,0,31.51,101.27,179.00,1512.00,null,null,null
2023-09-12T00:54:04Z,24.60,67.87,100,0,31.17,101.27,179.00,1512.00,null,null,null
2023-09-12T00:55:04Z,24.60,67.80,100,0,29.98,101.26,179.00,1512.00,4,4,4
2023-09-12T00:56:04Z,24.60,67.88,100,0,33.67,101.26,177.00,1507.00,null,null,null
2023-09-12T00:57:04Z,24.62,67.84,100,0,30.81,101.26,177.00,1507.00,null,null,null
2023-09-12T00:58:04Z,24.60,67.88,100,0,30.13,101.25,174.00,1503.00,null,null,null
2023-09-12T00:59:04Z,24.60,67.86,100,0,29.65,101.25,170.00,1498.00,null,null,null
2023-09-12T01:00:04Z,24.60,67.93,100,0,32.17,101.25,170.00,1498.00,0,1,1
2023-09-12T01:01:04Z,24.62,67.86,100,0,30.52,101.25,170.00,1498.00,null,null,null
2023-09-12T01:02:04Z,24.60,67.80,100,0,32.88,101.25,164.00,1482.00,null,null,null
2023-09-12T01:03:04Z,24.60,67.77,100,0,29.11,101.25,161.00,1458.00,null,null,null
2023-09-12T01:04:04Z,24.63,67.83,100,0,31.58,101.25,157.00,1436.00,null,null,null
2023-09-12T01:05:04Z,24.59,67.83,100,0,33.16,101.25,157.00,1436.00,6,6,6
2023-09-12T01:06:04Z,24.60,67.77,100,0,32.36,101.25,154.00,1416.00,null,null,null
2023-09-12T01:07:04Z,24.59,67.75,100,0,32.41,101.25,149.00,1380.00,null,null,null
2023-09-12T01:08:04Z,24.59,67.81,100,0,32.01,101.24,149.00,1380.00,null,null,null
2023-09-12T01:09:04Z,24.59,67.83,100,0,32.68,101.25,146.00,1364.00,null,null,null
2023-09-12T01:10:04Z,24.60,67.80,100,0,32.35,101.25,144.00,1349.00,8,9,9
2023-09-12T01:11:04Z,24.60,67.86,100,0,29.40,101.24,140.00,1324.00,null,null,null
2023-09-12T01:12:04Z,24.59,67.68,100,0,30.20,101.24,138.00,1310.00,null,null,null
2023-09-12T01:13:04Z,24.62,67.77,100,0,32.97,101.24,138.00,1310.00,null,null,null
2023-09-12T01:14:04Z,24.62,67.74,100,0,30.29,101.24,134.00,1281.00,null,null,null
2023-09-12T01:15:04Z,24.59,67.79,100,0,32.39,101.24,133.00,1274.00,6,6,6
2023-09-12T01:16:04Z,24.63,67.80,100,0,30.25,101.24,130.00,1259.00,null,null,null
2023-09-12T01:17:04Z,24.63,67.74,100,0,31.49,101.24,126.00,1231.00,null,null,null
2023-09-12T01:18:04Z,24.62,67.82,100,0,30.12,101.24,128.00,1245.00,null,null,null
2023-09-12T01:19:04Z,24.59,67.72,100,0,30.13,101.24,126.00,1231.00,null,null,null
2023-09-12T01:20:04Z,24.62,67.76,100,0,29.63,101.24,125.00,1224.00,3,5,5
2023-09-12T01:21:04Z,24.62,67.77,100,0,30.14,101.24,121.00,1195.00,null,null,null
2023-09-12T01:22:04Z,24.60,67.75,100,0,34.87,101.24,121.00,1195.00,null,null,null
2023-09-12T01:23:04Z,24.60,67.73,100,0,34.82,101.24,122.00,1207.00,null,null,null
2023-09-12T01:24:04Z,24.59,67.74,100,0,30.28,101.24,138.00,1310.00,null,null,null
2023-09-12T01:25:04Z,24.55,67.83,100,0,32.34,101.24,146.00,1364.00,2,5,5
2023-09-12T01:26:04Z,24.62,67.80,100,0,28.81,101.24,154.00,1416.00,null,null,null
2023-09-12T01:27:04Z,24.62,67.75,100,0,31.64,101.24,154.00,1416.00,null,null,null
2023-09-12T01:28:04Z,24.60,67.77,100,0,36.73,101.24,157.00,1436.00,null,null,null
2023-09-12T01:29:04Z,24.55,67.75,100,0,34.64,101.24,157.00,1436.00,null,null,null
2023-09-12T01:30:04Z,24.57,67.80,100,0,31.43,101.24,157.00,1436.00,2,3,3
2023-09-12T01:31:04Z,24.57,67.82,100,0,34.52,101.24,152.00,1400.00,null,null,null
2023-09-12T01:32:04Z,24.57,67.80,100,0,30.94,101.24,149.00,1380.00,null,null,null
2023-09-12T01:33:04Z,24.56,67.84,100,0,29.54,101.24,149.00,1380.00,null,null,null
2023-09-12T01:34:04Z,24.56,67.77,100,0,28.30,101.24,144.00,1349.00,null,null,null
2023-09-12T01:35:04Z,24.55,67.86,100,0,31.36,101.24,140.00,1324.00,2,2,2
2023-09-12T01:36:04Z,24.59,67.90,100,0,32.61,101.24,140.00,1324.00,null,null,null
2023-09-12T01:37:04Z,24.57,67.92,100,0,32.95,101.24,140.00,1324.00,null,null,null
2023-09-12T01:38:04Z,24.56,67.91,100,0,31.91,101.24,152.00,1400.00,null,null,null
2023-09-12T01:39:04Z,24.57,67.91,100,0,30.40,101.24,217.00,1563.00,null,null,null
2023-09-12T01:40:04Z,24.55,67.90,100,0,33.84,101.24,298.00,1660.00,1,1,1
2023-09-12T01:41:04Z,24.55,67.94,100,0,30.40,101.24,377.00,1738.00,null,null,null
2023-09-12T01:42:04Z,24.56,67.89,100,0,30.42,101.24,463.00,1811.00,null,null,null
2023-09-12T01:43:04Z,24.56,67.90,100,0,32.85,101.24,540.00,1867.00,null,null,null
2023-09-12T01:44:04Z,24.53,67.89,100,0,30.96,101.24,548.00,1875.00,null,null,null
2023-09-12T01:45:04Z,24.55,67.91,100,0,31.70,101.24,570.00,1889.00,4,4,4
2023-09-12T01:46:04Z,24.56,67.85,100,0,31.82,101.24,548.00,1875.00,null,null,null
2023-09-12T01:47:04Z,24.56,67.86,100,0,31.95,101.24,548.00,1875.00,null,null,null
2023-09-12T01:48:04Z,24.57,67.87,100,0,29.46,101.24,527.00,1858.00,null,null,null
2023-09-12T01:49:04Z,24.52,67.90,100,0,32.69,101.24,498.00,1837.00,null,null,null
2023-09-12T01:50:04Z,24.52,67.90,100,0,29.94,101.24,469.00,1815.00,2,2,2
2023-09-12T01:51:04Z,24.56,67.94,100,0,33.52,101.24,456.00,1805.00,null,null,null
2023-09-12T01:52:04Z,24.56,67.92,100,0,30.29,101.24,421.00,1774.00,null,null,null
2023-09-12T01:53:04Z,24.56,67.94,100,0,31.45,101.24,405.00,1762.00,null,null,null
2023-09-12T01:54:04Z,24.57,67.91,100,0,29.67,101.24,392.00,1752.00,null,null,null
2023-09-12T01:55:04Z,24.52,67.93,100,0,31.18,101.24,392.00,1752.00,2,2,2
2023-09-12T01:56:04Z,24.55,67.95,100,0,30.06,101.24,405.00,1762.00,null,null,null
2023-09-12T01:57:04Z,24.57,67.93,100,0,30.41,101.24,421.00,1774.00,null,null,null
2023-09-12T01:58:04Z,24.56,67.91,100,0,29.28,101.24,421.00,1774.00,null,null,null
2023-09-12T01:59:04Z,24.52,67.92,100,0,28.93,101.25,415.00,1771.00,null,null,null
2023-09-12T02:00:04Z,24.52,67.97,100,0,30.08,101.24,405.00,1762.00,4,4,4
2023-09-12T02:01:04Z,24.53,67.94,100,0,30.27,101.25,384.00,1743.00,null,null,null
2023-09-12T02:02:04Z,24.52,67.88,100,0,29.36,101.25,377.00,1738.00,null,null,null
2023-09-12T02:03:04Z,24.57,67.93,100,0,29.82,101.25,357.00,1720.00,null,null,null
2023-09-12T02:04:04Z,24.53,67.99,100,0,32.80,101.25,344.00,1704.00,null,null,null
2023-09-12T02:05:04Z,24.50,67.98,100,0,30.77,101.25,333.00,1695.00,4,6,13
2023-09-12T02:06:04Z,24.52,68.03,100,0,30.40,101.25,315.00,1677.00,null,null,null
2023-09-12T02:07:04Z,24.52,67.93,100,0,30.16,101.25,307.00,1668.00,null,null,null
2023-09-12T02:08:04Z,24.47,67.91,100,0,null,101.25,298.00,1660.00,null,null,null
2023-09-12T02:09:04Z,24.52,67.99,100,0,28.67,101.25,280.00,1638.00,null,null,null
2023-09-12T02:10:04Z,24.50,67.96,100,0,29.87,101.25,270.00,1628.00,3,4,4
2023-09-12T02:11:04Z,24.50,67.99,100,0,33.05,101.25,260.00,1615.00,null,null,null
2023-09-12T02:12:04Z,24.53,67.94,100,0,31.35,101.25,252.00,1607.00,null,null,null
2023-09-12T02:13:04Z,24.50,68.03,100,0,33.55,101.25,241.00,1594.00,null,null,null
2023-09-12T02:14:04Z,24.49,68.06,100,0,32.18,101.24,231.00,1583.00,null,null,null
2023-09-12T02:15:04Z,24.45,68.02,100,0,32.88,101.24,228.00,1579.00,5,6,6
2023-09-12T02:16:04Z,24.50,68.04,100,0,32.50,101.24,220.00,1568.00,null,null,null
2023-09-12T02:17:04Z,24.52,67.99,100,0,31.86,101.24,212.00,1557.00,null,null,null
2023-09-12T02:18:04Z,24.47,68.03,100,0,30.63,101.24,209.00,1553.00,null,null,null
2023-09-12T02:19:04Z,24.49,68.03,100,0,31.59,101.24,198.00,1538.00,null,null,null
2023-09-12T02:20:04Z,24.45,68.01,100,0,30.07,101.25,193.00,1531.00,6,8,8
2023-09-12T02:21:04Z,24.47,68.10,100,0,33.21,101.25,179.00,1512.00,null,null,null
2023-09-12T02:22:04Z,24.47,68.06,100,0,31.53,101.25,179.00,1512.00,null,null,null
2023-09-12T02:23:04Z,24.49,68.10,100,0,34.48,101.25,170.00,1498.00,null,null,null
2023-09-12T02:24:04Z,24.46,68.12,100,0,33.50,101.25,167.00,1499.00,null,null,null
2023-09-12T02:25:04Z,24.47,68.12,100,0,32.59,101.25,164.00,1482.00,4,4,4
2023-09-12T02:26:04Z,24.45,68.19,100,0,31.38,101.25,164.00,1482.00,null,null,null
2023-09-12T02:27:04Z,24.49,68.17,100,0,33.18,101.25,167.00,1499.00,null,null,null
2023-09-12T02:28:04Z,24.49,68.24,100,0,32.01,101.25,167.00,1499.00,null,null,null
2023-09-12T02:29:04Z,24.42,68.34,100,0,30.07,101.25,170.00,1498.00,null,null,null
2023-09-12T02:30:04Z,24.47,68.33,100,0,33.33,101.25,174.00,1504.00,7,7,7
2023-09-12T02:31:04Z,24.46,68.41,100,0,31.84,101.25,172.00,1500.00,null,null,null
2023-09-12T02:32:04Z,24.45,68.35,100,0,29.93,101.25,174.00,1504.00,null,null,null
2023-09-12T02:33:04Z,24.47,68.35,100,0,30.80,101.25,174.00,1504.00,null,null,null
2023-09-12T02:34:04Z,24.45,68.38,100,0,29.08,101.25,172.00,1500.00,null,null,null
2023-09-12T02:35:04Z,24.43,68.44,100,0,35.93,101.25,172.00,1500.00,4,4,4
2023-09-12T02:36:04Z,24.45,68.43,100,0,32.78,101.25,168.00,1495.00,null,null,null
2023-09-12T02:37:04Z,24.46,68.45,100,0,32.12,101.25,168.00,1495.00,null,null,null
2023-09-12T02:38:04Z,24.45,68.42,100,0,30.71,101.25,165.00,1487.00,null,null,null
2023-09-12T02:39:04Z,24.45,68.46,100,0,32.01,101.25,163.00,1470.00,null,null,null
2023-09-12T02:40:04Z,24.43,68.45,100,0,31.82,101.25,158.00,1441.00,3,5,5
2023-09-12T02:41:04Z,24.45,68.51,100,0,31.95,101.25,156.00,1425.00,null,null,null
2023-09-12T02:42:04Z,24.40,68.50,100,0,34.73,101.25,156.00,1425.00,null,null,null
2023-09-12T02:43:04Z,24.43,68.47,100,0,34.88,101.25,152.00,1404.00,null,null,null
2023-09-12T02:44:04Z,24.39,68.46,100,0,35.25,101.26,152.00,1404.00,null,null,null
2023-09-12T02:45:04Z,24.40,68.52,100,0,30.43,101.25,150.00,1389.00,2,4,4
2023-09-12T02:46:04Z,24.45,68.58,100,0,32.39,101.26,152.00,1404.00,null,null,null
2023-09-12T02:47:04Z,24.45,68.51,100,0,29.84,101.25,156.00,1425.00,null,null,null
2023-09-12T02:48:04Z,24.42,68.55,100,0,30.66,101.26,156.00,1425.00,null,null,null
2023-09-12T02:49:04Z,24.43,68.55,100,0,37.22,101.26,156.00,1425.00,null,null,null
2023-09-12T02:50:04Z,24.40,68.55,100,0,31.33,101.26,152.00,1404.00,7,8,8
2023-09-12T02:51:04Z,24.42,68.63,100,0,31.28,101.25,147.00,1367.00,null,null,null
2023-09-12T02:52:04Z,24.43,68.53,100,0,30.33,101.25,147.00,1367.00,null,null,null
2023-09-12T02:53:04Z,24.43,68.59,100,0,32.03,101.25,147.00,1367.00,null,null,null
2023-09-12T02:54:04Z,24.40,68.63,100,0,31.37,101.25,142.00,1338.00,null,null,null
2023-09-12T02:55:04Z,24.39,68.65,100,0,31.48,101.25,142.00,1338.00,3,3,3
2023-09-12T02:56:04Z,24.39,68.63,100,0,30.46,101.25,142.00,1338.00,null,null,null
2023-09-12T02:57:04Z,24.37,68.56,100,0,34.25,101.25,139.00,1313.00,null,null,null
2023-09-12T02:58:04Z,24.42,68.57,100,0,33.44,101.25,139.00,1313.00,null,null,null
2023-09-12T02:59:04Z,24.36,68.70,100,0,30.67,101.25,163.00,1470.00,null,null,null
2023-09-12T03:00:04Z,24.37,68.58,100,0,35.88,101.25,181.00,1515.00,5,8,8
2023-09-12T03:01:04Z,24.40,68.63,100,0,36.27,101.25,198.00,1539.00,null,null,null
2023-09-12T03:02:04Z,24.37,68.57,100,0,35.93,101.25,218.00,1564.00,null,null,null
2023-09-12T03:03:04Z,24.37,68.55,100,0,35.59,101.25,218.00,1564.00,null,null,null
2023-09-12T03:04:04Z,24.39,68.62,100,0,35.96,101.25,209.00,1555.00,null,null,null
2023-09-12T03:05:04Z,24.37,68.64,100,0,36.31,101.25,207.00,1550.00,4,5,5
2023-09-12T03:06:04Z,24.37,68.67,100,0,31.21,101.25,202.00,1543.00,null,null,null
2023-09-12T03:07:04Z,24.36,68.66,100,0,31.34,101.25,198.00,1539.00,null,null,null
2023-09-12T03:08:04Z,24.37,68.62,100,0,33.56,101.25,196.00,1535.00,null,null,null
2023-09-12T03:09:04Z,24.36,68.67,100,0,30.39,101.25,196.00,1535.00,null,null,null
2023-09-12T03:10:04Z,24.33,68.65,100,0,33.08,101.25,191.00,1528.00,8,9,9
2023-09-12T03:11:04Z,24.35,68.69,100,0,30.49,101.25,187.00,1524.00,null,null,null
2023-09-12T03:12:04Z,24.32,68.61,100,0,36.27,101.25,185.00,1520.00,null,null,null
2023-09-12T03:13:04Z,24.35,68.65,100,0,30.16,101.25,177.00,1508.00,null,null,null
2023-09-12T03:14:04Z,24.35,68.61,100,0,30.86,101.25,172.00,1500.00,null,null,null
2023-09-12T03:15:04Z,24.32,68.67,100,0,30.08,101.25,168.00,1495.00,3,3,3
2023-09-12T03:16:04Z,24.35,68.70,100,0,31.79,101.25,165.00,1487.00,null,null,null
2023-09-12T03:17:04Z,24.35,68.69,100,0,29.73,101.25,163.00,1470.00,null,null,null
2023-09-12T03:18:04Z,24.31,68.72,100,0,31.97,101.25,158.00,1441.00,null,null,null
2023-09-12T03:19:04Z,24.33,68.69,100,0,31.14,101.25,158.00,1441.00,null,null,null
2023-09-12T03:20:04Z,24.33,68.71,100,0,30.90,101.25,150.00,1389.00,8,9,9
2023-09-12T03:21:04Z,24.33,68.64,100,0,31.59,101.25,147.00,1367.00,null,null,null
2023-09-12T03:22:04Z,24.33,68.65,100,0,33.40,101.25,145.00,1352.00,null,null,null
2023-09-12T03:23:04Z,24.31,68.68,100,0,33.36,101.25,142.00,1338.00,null,null,null
2023-09-12T03:24:04Z,24.33,68.65,100,0,29.37,101.25,118.00,1178.00,null,null,null
2023-09-12T03:25:04Z,24.31,68.68,100,0,32.97,101.25,102.00,1074.00,8,9,9
2023-09-12T03:26:04Z,24.31,68.71,100,0,32.53,101.25,99.00,1050.00,null,null,null
2023-09-12T03:27:04Z,24.33,68.70,100,0,30.93,101.25,94.00,1019.00,null,null,null
2023-09-12T03:28:04Z,24.31,68.69,100,0,29.26,101.25,93.00,1014.00,null,null,null
2023-09-12T03:29:04Z,24.29,68.71,100,0,32.03,101.25,92.00,1004.00,null,null,null
2023-09-12T03:30:04Z,24.28,68.71,100,0,30.24,101.25,88.00,983.00,7,7,7
2023-09-12T03:31:04Z,24.32,68.77,100,0,33.36,101.25,85.00,964.00,null,null,null
2023-09-12T03:32:04Z,24.31,68.68,100,0,34.29,101.25,83.00,951.00,null,null,null
2023-09-12T03:33:04Z,24.26,68.69,100,0,30.52,101.25,82.00,940.00,null,null,null
2023-09-12T03:34:04Z,24.28,68.72,100,0,30.59,101.24,79.00,925.00,null,null,null
2023-09-12T03:35:04Z,24.29,68.79,100,0,32.24,101.24,78.00,918.00,3,3,3
2023-09-12T03:36:04Z,24.29,68.79,100,0,31.95,101.24,74.00,891.00,null,null,null
2023-09-12T03:37:04Z,24.28,68.73,100,0,31.84,101.24,74.00,891.00,null,null,null
2023-09-12T03:38:04Z,24.25,68.71,100,0,36.06,101.24,73.00,880.00,null,null,null
2023-09-12T03:39:04Z,24.31,68.69,100,0,32.47,101.24,71.00,870.00,null,null,null
2023-09-12T03:40:04Z,24.28,68.72,100,0,30.75,101.24,70.00,865.00,2,4,4
2023-09-12T03:41:04Z,24.25,68.78,100,0,29.35,101.24,68.00,848.00,null,null,null
2023-09-12T03:42:04Z,24.29,68.77,100,0,32.89,101.23,67.00,840.00,null,null,null
2023-09-12T03:43:04Z,24.25,68.73,100,0,33.26,101.24,66.00,836.00,null,null,null
2023-09-12T03:44:04Z,24.28,68.70,100,0,31.95,101.23,66.00,836.00,null,null,null
2023-09-12T03:45:04Z,24.24,68.75,100,0,30.03,101.24,65.00,827.00,2,5,5
2023-09-12T03:46:04Z,24.25,68.82,100,0,33.47,101.24,74.00,887.00,null,null,null
2023-09-12T03:47:04Z,24.26,68.76,100,0,31.12,101.24,61.00,804.00,null,null,null
2023-09-12T03:48:04Z,24.24,68.77,100,0,30.70,101.24,61.00,804.00,null,null,null
2023-09-12T03:49:04Z,24.25,68.85,100,0,32.17,101.23,72.00,877.00,null,null,null
2023-09-12T03:50:04Z,24.24,68.80,100,0,30.06,101.24,60.00,795.00,4,7,7
2023-09-12T03:51:04Z,24.22,68.86,100,0,33.56,101.24,71.00,868.00,null,null,null
2023-09-12T03:52:04Z,24.28,68.77,100,0,31.96,101.24,70.00,863.00,null,null,null
2023-09-12T03:53:04Z,24.22,68.77,100,0,30.60,101.24,58.00,783.00,null,null,null
2023-09-12T03:54:04Z,24.22,68.81,100,0,30.08,101.23,67.00,844.00,null,null,null
2023-09-12T03:55:04Z,24.21,68.82,100,0,34.51,101.24,66.00,834.00,2,3,3
2023-09-12T03:56:04Z,24.22,68.82,100,0,30.88,101.23,64.00,825.00,null,null,null
2023-09-12T03:57:04Z,24.21,68.78,100,0,33.78,101.23,63.00,817.00,null,null,null
2023-09-12T03:58:04Z,24.22,68.76,100,0,31.26,101.23,62.00,813.00,null,null,null
2023-09-12T03:59:04Z,24.19,68.82,100,0,41.81,101.23,60.00,800.00,null,null,null
2023-09-12T04:00:04Z,24.18,68.86,100,0,33.04,101.23,60.00,795.00,2,5,5
2023-09-12T04:01:04Z,24.18,68.88,100,0,31.55,101.23,58.00,787.00,null,null,null
2023-09-12T04:02:04Z,24.22,68.89,100,0,31.74,101.23,60.00,795.00,null,null,null
2023-09-12T04:03:04Z,24.21,68.85,100,0,29.56,101.23,60.00,800.00,null,null,null
2023-09-12T04:04:04Z,24.15,68.89,100,0,34.12,101.23,62.00,813.00,null,null,null
2023-09-12T04:05:04Z,24.15,68.88,100,0,36.13,101.23,64.00,825.00,6,7,7
2023-09-12T04:06:04Z,24.18,68.96,100,0,31.31,101.23,69.00,853.00,null,null,null
2023-09-12T04:07:04Z,24.19,68.94,100,0,36.13,101.23,70.00,863.00,null,null,null
2023-09-12T04:08:04Z,24.21,68.88,100,0,34.04,101.23,70.00,863.00,null,null,null
2023-09-12T04:09:04Z,24.18,68.91,100,0,35.48,101.23,71.00,868.00,null,null,null
2023-09-12T04:10:04Z,24.14,68.97,100,0,38.20,101.23,72.00,877.00,3,4,4
2023-09-12T04:11:04Z,24.19,68.94,100,0,31.10,101.23,74.00,887.00,null,null,null
2023-09-12T04:12:04Z,24.19,68.90,100,0,29.32,101.23,74.00,887.00,null,null,null
2023-09-12T04:13:04Z,24.16,68.93,100,0,34.15,101.23,74.00,887.00,null,null,null
2023-09-12T04:14:04Z,24.18,68.91,100,0,30.47,101.23,74.00,887.00,null,null,null
2023-09-12T04:15:04Z,24.18,68.94,100,0,31.45,101.23,75.00,895.00,2,3,3
2023-09-12T04:16:04Z,24.14,68.92,100,0,31.55,101.23,75.00,895.00,null,null,null
2023-09-12T04:17:04Z,24.15,68.82,100,0,33.47,101.22,74.00,887.00,null,null,null
2023-09-12T04:18:04Z,24.18,68.95,100,0,41.88,101.23,75.00,895.00,null,null,null
2023-09-12T04:19:04Z,24.15,68.93,100,0,34.16,101.22,74.00,887.00,null,null,null
2023-09-12T04:20:04Z,24.15,68.99,100,0,29.95,101.22,72.00,877.00,2,2,2
2023-09-12T04:21:04Z,24.18,68.92,100,0,33.42,101.22,72.00,877.00,null,null,null
2023-09-12T04:22:04Z,24.18,68.90,100,0,30.62,101.22,72.00,877.00,null,null,null
2023-09-12T04:23:04Z,24.15,68.86,100,0,28.95,101.22,71.00,868.00,null,null,null
2023-09-12T04:24:04Z,24.16,68.89,100,0,30.40,101.22,71.00,868.00,null,null,null
2023-09-12T04:25:04Z,24.15,68.87,100,0,30.89,101.22,70.00,863.00,2,2,2
2023-09-12T04:26:04Z,24.15,68.91,100,0,31.79,101.22,69.00,853.00,null,null,null
2023-09-12T04:27:04Z,24.16,68.86,100,0,33.40,101.22,67.00,844.00,null,null,null
2023-09-12T04:28:04Z,24.14,68.90,100,0,30.31,101.23,66.00,834.00,null,null,null
2023-09-12T04:29:04Z,24.16,68.89,100,0,33.30,101.22,64.00,825.00,null,null,null
2023-09-12T04:30:04Z,24.14,68.87,100,0,30.90,101.22,63.00,817.00,2,7,7
2023-09-12T04:31:04Z,24.15,68.89,100,0,40.29,101.22,62.00,813.00,null,null,null
2023-09-12T04:32:04Z,24.11,68.86,100,0,30.62,101.22,62.00,813.00,null,null,null
2023-09-12T04:33:04Z,24.15,68.88,100,0,29.31,101.22,60.00,795.00,null,null,null
2023-09-12T04:34:04Z,24.12,68.82,100,0,34.37,101.22,60.00,795.00,null,null,null
2023-09-12T04:35:04Z,24.09,68.90,100,0,35.20,101.22,58.00,787.00,5,6,6
2023-09-12T04:36:04Z,24.12,68.90,100,0,39.21,101.22,57.00,778.00,null,null,null
2023-09-12T04:37:04Z,24.11,68.90,100,0,36.21,101.22,57.00,778.00,null,null,null
2023-09-12T04:38:04Z,24.11,68.90,100,0,31.05,101.21,56.00,772.00,null,null,null
2023-09-12T04:39:04Z,24.11,68.88,100,0,30.31,101.21,56.00,772.00,null,null,null
2023-09-12T04:40:04Z,24.09,68.98,100,0,35.69,101.21,55.00,763.00,2,4,4
2023-09-12T04:41:04Z,24.11,68.95,100,0,34.41,101.21,53.00,754.00,null,null,null
2023-09-12T04:42:04Z,24.11,68.91,100,0,30.58,101.21,53.00,754.00,null,null,null
2023-09-12T04:43:04Z,24.11,68.92,100,0,32.60,101.22,53.00,754.00,null,null,null
2023-09-12T04:44:04Z,24.09,69.00,100,0,43.38,101.22,53.00,754.00,null,null,null
2023-09-12T04:45:04Z,24.09,68.90,100,0,32.17,101.21,53.00,749.00,3,6,6
2023-09-12T04:46:04Z,24.11,68.95,100,0,32.80,101.21,52.00,744.00,null,null,null
2023-09-12T04:47:04Z,24.12,68.92,100,0,30.53,101.21,52.00,744.00,null,null,null
2023-09-12T04:48:04Z,24.08,68.91,100,0,32.24,101.21,52.00,744.00,null,null,null
2023-09-12T04:49:04Z,24.08,68.92,100,0,34.55,101.21,52.00,744.00,null,null,null
2023-09-12T04:50:04Z,24.06,68.96,100,0,31.64,101.21,53.00,749.00,2,4,4
2023-09-12T04:51:04Z,24.08,68.94,100,0,29.98,101.22,55.00,763.00,null,null,null
2023-09-12T04:52:04Z,24.09,68.88,100,0,30.77,101.21,56.00,772.00,null,null,null
2023-09-12T04:53:04Z,24.08,68.99,100,0,34.91,101.22,57.00,778.00,null,null,null
2023-09-12T04:54:04Z,24.06,68.96,100,0,36.90,101.22,58.00,787.00,null,null,null
2023-09-12T04:55:04Z,24.05,68.95,100,0,33.55,101.22,60.00,795.00,2,2,2
2023-09-12T04:56:04Z,24.11,68.90,100,0,33.86,101.21,60.00,795.00,null,null,null
2023-09-12T04:57:04Z,24.08,68.90,100,0,33.58,101.21,60.00,795.00,null,null,null
2023-09-12T04:58:04Z,24.06,68.91,100,0,36.03,101.21,60.00,800.00,null,null,null
2023-09-12T04:59:04Z,24.04,68.92,100,0,37.94,101.22,63.00,817.00,null,null,null
2023-09-12T05:00:04Z,24.06,68.92,100,0,33.61,101.22,67.00,844.00,5,8,8
2023-09-12T05:01:04Z,24.06,68.92,100,0,34.42,101.22,71.00,868.00,null,null,null
2023-09-12T05:02:04Z,24.02,68.86,100,0,35.72,101.22,74.00,887.00,null,null,null
2023-09-12T05:03:04Z,24.06,68.87,100,0,34.60,101.21,75.00,895.00,null,null,null
2023-09-12T05:04:04Z,24.02,68.88,100,0,33.03,101.22,78.00,913.00,null,null,null
2023-09-12T05:05:04Z,24.00,69.00,100,0,37.07,101.22,78.00,918.00,5,10,10
2023-09-12T05:06:04Z,24.05,68.93,100,0,31.19,101.22,81.00,933.00,null,null,null
2023-09-12T05:07:04Z,24.04,68.86,100,0,36.67,101.22,82.00,940.00,null,null,null
2023-09-12T05:08:04Z,24.05,68.90,100,0,29.92,101.21,82.00,940.00,null,null,null
2023-09-12T05:09:04Z,24.02,68.95,100,0,28.52,101.22,82.00,940.00,null,null,null
2023-09-12T05:10:04Z,24.00,68.93,100,0,32.69,101.22,82.00,940.00,6,6,6
2023-09-12T05:11:04Z,24.04,68.95,100,0,30.05,101.22,82.00,940.00,null,null,null
2023-09-12T05:12:04Z,24.04,68.86,100,0,30.22,101.22,82.00,940.00,null,null,null
2023-09-12T05:13:04Z,24.04,68.91,100,0,30.68,101.22,81.00,933.00,null,null,null
2023-09-12T05:14:04Z,24.02,68.92,100,0,34.02,101.22,81.00,933.00,null,null,null
2023-09-12T05:15:04Z,24.00,68.99,100,0,33.29,101.22,81.00,933.00,4,4,4
2023-09-12T05:16:04Z,24.04,68.94,100,0,35.13,101.22,81.00,933.00,null,null,null
2023-09-12T05:17:04Z,24.04,68.95,100,0,33.18,101.22,83.00,951.00,null,null,null
2023-09-12T05:18:04Z,24.02,68.97,100,0,32.96,101.22,87.00,972.00,null,null,null
2023-09-12T05:19:04Z,23.95,68.94,100,0,30.84,101.22,91.00,1001.00,null,null,null
2023-09-12T05:20:04Z,23.98,68.95,100,0,31.88,101.23,93.00,1014.00,2,2,2
2023-09-12T05:21:04Z,24.00,69.02,100,0,34.95,101.22,95.00,1029.00,null,null,null
2023-09-12T05:22:04Z,24.00,68.97,100,0,37.36,101.22,97.00,1041.00,null,null,null
2023-09-12T05:23:04Z,24.00,68.94,100,0,31.12,101.23,98.00,1047.00,null,null,null
2023-09-12T05:24:04Z,23.97,69.00,100,0,31.98,101.22,101.00,1068.00,null,null,null
2023-09-12T05:25:04Z,23.97,69.04,100,0,40.59,101.23,103.00,1081.00,2,2,2
2023-09-12T05:26:04Z,24.00,69.01,100,0,44.47,101.23,106.00,1102.00,null,null,null
2023-09-12T05:27:04Z,23.98,69.01,100,0,30.08,101.22,105.00,1090.00,null,null,null
2023-09-12T05:28:04Z,24.00,68.97,100,0,35.33,101.22,105.00,1090.00,null,null,null
2023-09-12T05:29:04Z,23.97,69.03,100,0,33.33,101.22,105.00,1090.00,null,null,null
2023-09-12T05:30:04Z,24.00,69.03,100,0,38.41,101.22,105.00,1090.00,7,9,9
2023-09-12T05:31:04Z,23.98,69.03,100,0,38.94,101.22,103.00,1081.00,null,null,null
2023-09-12T05:32:04Z,24.00,68.99,100,0,37.17,101.22,101.00,1068.00,null,null,null
2023-09-12T05:33:04Z,23.95,68.95,100,0,41.64,101.22,101.00,1068.00,null,null,null
2023-09-12T05:34:04Z,23.97,69.05,100,0,34.89,101.22,98.00,1047.00,null,null,null
2023-09-12T05:35:04Z,23.95,69.05,100,0,35.53,101.22,98.00,1047.00,5,5,5
2023-09-12T05:36:04Z,23.92,69.06,100,0,36.19,101.22,97.00,1041.00,null,null,null
2023-09-12T05:37:04Z,23.97,69.05,100,0,35.07,101.22,95.00,1029.00,null,null,null
2023-09-12T05:38:04Z,23.98,69.04,100,0,33.47,101.22,95.00,1029.00,null,null,null
2023-09-12T05:39:04Z,23.94,69.11,100,0,36.07,101.22,95.00,1029.00,null,null,null
2023-09-12T05:40:04Z,23.94,69.11,100,0,42.28,101.22,95.00,1029.00,5,5,5
2023-09-12T05:41:04Z,23.91,69.09,100,0,34.74,101.23,93.00,1014.00,null,null,null
2023-09-12T05:42:04Z,23.95,69.04,100,0,42.75,101.22,91.00,1001.00,null,null,null
2023-09-12T05:43:04Z,23.94,68.97,100,0,34.94,101.23,90.00,992.00,null,null,null
2023-09-12T05:44:04Z,23.94,69.20,100,0,32.23,101.23,90.00,992.00,null,null,null
2023-09-12T05:45:04Z,23.94,69.37,100,0,32.63,101.23,93.00,1014.00,1,6,6
2023-09-12T05:46:04Z,23.97,69.58,100,0,31.49,101.22,99.00,1050.00,null,null,null
2023-09-12T05:47:04Z,24.00,69.60,100,0,29.77,101.22,105.00,1093.00,null,null,null
2023-09-12T05:48:04Z,23.98,69.66,100,0,33.39,101.23,112.00,1137.00,null,null,null
2023-09-12T05:49:04Z,24.01,69.75,100,0,31.46,101.23,122.00,1201.00,null,null,null
2023-09-12T05:50:04Z,24.00,69.76,100,0,32.38,101.23,127.00,1235.00,6,9,9
2023-09-12T05:51:04Z,24.02,69.78,100,0,29.78,101.23,135.00,1288.00,null,null,null
2023-09-12T05:52:04Z,24.04,69.81,100,0,31.64,101.24,144.00,1349.00,null,null,null
2023-09-12T05:53:04Z,24.08,69.82,100,0,31.52,101.24,151.00,1397.00,null,null,null
2023-09-12T05:54:04Z,24.06,69.82,100,0,31.95,101.24,162.00,1465.00,null,null,null
2023-09-12T05:55:04Z,24.08,69.85,100,0,32.62,101.24,168.00,1495.00,2,2,2
2023-09-12T05:56:04Z,24.11,69.87,100,0,29.60,101.24,177.00,1507.00,null,null,null
2023-09-12T05:57:04Z,24.11,69.78,100,0,32.01,101.24,185.00,1520.00,null,null,null
2023-09-12T05:58:04Z,24.14,69.80,100,0,33.67,101.24,190.00,1527.00,null,null,null
2023-09-12T05:59:04Z,24.14,69.85,100,0,32.23,101.24,199.00,1540.00,null,null,null
2023-09-12T06:00:04Z,24.11,69.76,100,0,31.44,101.24,207.00,1551.00,2,4,4
2023-09-12T06:01:04Z,24.18,69.84,100,0,31.10,101.25,212.00,1557.00,null,null,null
2023-09-12T06:02:04Z,24.21,69.73,100,0,30.57,101.25,221.00,1569.00,null,null,null
2023-09-12T06:03:04Z,24.18,69.76,100,0,30.49,101.25,230.00,1582.00,null,null,null
2023-09-12T06:04:04Z,24.21,69.76,100,0,31.13,101.25,236.00,1591.00,null,null,null
2023-09-12T06:05:04Z,24.21,69.72,100,0,31.48,101.25,248.00,1603.00,6,7,7
2023-09-12T06:06:04Z,24.24,69.64,100,0,30.16,101.26,264.00,1620.00,null,null,null
2023-09-12T06:07:04Z,24.26,69.60,100,0,31.19,101.25,271.00,1628.00,null,null,null
2023-09-12T06:08:04Z,24.25,69.72,100,0,34.50,101.26,249.00,1604.00,null,null,null
2023-09-12T06:09:04Z,24.29,69.83,100,0,30.38,101.26,256.00,1611.00,null,null,null
2023-09-12T06:10:04Z,24.28,69.87,100,0,30.12,101.26,257.00,1612.00,3,3,3
2023-09-12T06:11:04Z,24.29,69.84,100,0,30.16,101.26,270.00,1628.00,null,null,null
2023-09-12T06:12:04Z,24.32,69.84,100,0,32.83,101.26,270.00,1628.00,null,null,null
2023-09-12T06:13:04Z,24.36,69.83,100,0,29.41,101.27,280.00,1638.00,null,null,null
2023-09-12T06:14:04Z,24.33,69.84,100,0,30.18,101.27,284.00,1642.00,null,null,null
2023-09-12T06:15:04Z,24.31,69.84,100,0,31.00,101.26,284.00,1642.00,3,5,5
2023-09-12T06:16:04Z,24.36,69.88,100,0,33.79,101.27,288.00,1648.00,null,null,null
2023-09-12T06:17:04Z,24.39,69.81,100,0,32.24,101.27,293.00,1654.00,null,null,null
2023-09-12T06:18:04Z,24.37,69.90,100,0,32.44,101.26,297.00,1659.00,null,null,null
2023-09-12T06:19:04Z,24.37,69.87,100,0,29.07,101.27,297.00,1659.00,null,null,null
2023-09-12T06:20:04Z,24.36,69.95,100,0,34.94,101.27,301.00,1663.00,2,3,3
2023-09-12T06:21:04Z,24.40,69.94,100,0,32.73,101.27,311.00,1672.00,null,null,null
2023-09-12T06:22:04Z,24.42,69.88,100,0,34.97,101.28,311.00,1672.00,null,null,null
2023-09-12T06:23:04Z,24.40,69.76,100,0,36.20,101.27,311.00,1672.00,null,null,null
2023-09-12T06:24:04Z,24.43,69.88,100,0,34.11,101.28,315.00,1677.00,null,null,null
2023-09-12T06:25:04Z,24.43,69.76,100,0,32.47,101.28,315.00,1677.00,2,2,2
2023-09-12T06:26:04Z,24.46,69.77,100,0,36.13,101.28,320.00,1681.00,null,null,null
2023-09-12T06:27:04Z,24.47,69.73,100,0,36.93,101.28,320.00,1681.00,null,null,null
2023-09-12T06:28:04Z,24.46,69.73,100,0,37.60,101.28,323.00,1685.00,null,null,null
2023-09-12T06:29:04Z,24.47,69.73,100,0,42.36,101.28,323.00,1685.00,null,null,null
2023-09-12T06:30:04Z,24.49,69.56,100,0,60.09,101.28,323.00,1685.00,2,2,2
2023-09-12T06:31:04Z,24.52,69.33,100,0,41.15,101.28,323.00,1685.00,null,null,null
2023-09-12T06:32:04Z,24.52,69.32,100,0,47.67,101.28,335.00,1696.00,null,null,null
2023-09-12T06:33:04Z,24.55,69.50,100,0,34.41,101.28,335.00,1696.00,null,null,null
2023-09-12T06:34:04Z,24.55,69.52,100,0,31.48,101.28,335.00,1696.00,null,null,null
2023-09-12T06:35:04Z,24.57,69.53,100,0,39.82,101.28,340.00,1701.00,0,3,3
2023-09-12T06:36:04Z,24.60,69.63,100,0,37.69,101.29,335.00,1696.00,null,null,null
2023-09-12T06:37:04Z,24.59,69.57,100,0,38.69,101.29,335.00,1696.00,null,null,null
2023-09-12T06:38:04Z,24.60,69.39,100,0,34.39,101.29,335.00,1696.00,null,null,null
2023-09-12T06:39:04Z,24.62,69.39,100,0,39.89,101.29,340.00,1701.00,null,null,null
2023-09-12T06:40:04Z,24.62,69.93,100,0,39.82,101.29,340.00,1701.00,7,7,7
2023-09-12T06:41:04Z,24.63,69.63,100,0,40.37,101.29,327.00,1689.00,null,null,null
2023-09-12T06:42:04Z,24.66,69.48,100,0,68.00,101.29,335.00,1696.00,null,null,null
2023-09-12T06:43:04Z,24.63,69.45,100,0,37.08,101.29,331.00,1692.00,null,null,null
2023-09-12T06:44:04Z,24.66,69.52,100,0,50.83,101.29,331.00,1692.00,null,null,null
2023-09-12T06:45:04Z,24.66,69.56,100,0,37.21,101.29,335.00,1696.00,1,7,7
2023-09-12T06:46:04Z,24.67,69.07,100,0,36.49,101.29,319.00,1680.00,null,null,null
2023-09-12T06:47:04Z,24.66,68.74,100,0,37.10,101.29,307.00,1668.00,null,null,null
2023-09-12T06:48:04Z,24.66,68.52,100,0,35.43,101.29,293.00,1654.00,null,null,null
2023-09-12T06:49:04Z,24.67,68.38,100,0,39.09,101.30,275.00,1632.00,null,null,null
2023-09-12T06:50:04Z,24.62,68.38,100,0,42.21,101.29,258.00,1614.00,1,1,1
2023-09-12T06:51:04Z,24.65,68.34,100,0,42.92,101.29,244.00,1598.00,null,null,null
2023-09-12T06:52:04Z,24.66,68.32,100,0,45.22,101.29,241.00,1594.00,null,null,null
2023-09-12T06:53:04Z,24.66,68.96,100,0,48.46,101.29,230.00,1582.00,null,null,null
2023-09-12T06:54:04Z,24.63,69.10,100,0,48.01,101.29,230.00,1582.00,null,null,null
2023-09-12T06:55:04Z,24.69,69.07,100,0,46.19,101.30,230.00,1582.00,4,13,13
2023-09-12T06:56:04Z,24.69,68.84,100,0,48.42,101.30,230.00,1582.00,null,null,null
2023-09-12T06:57:04Z,24.67,68.50,100,0,45.81,101.30,234.00,1587.00,null,null,null
2023-09-12T06:58:04Z,24.72,68.25,100,0,45.59,101.30,230.00,1582.00,null,null,null
2023-09-12T06:59:04Z,24.72,68.02,100,0,43.83,101.31,226.00,1576.00,null,null,null
2023-09-12T07:00:04Z,24.70,67.90,100,0,47.79,101.31,221.00,1569.00,6,11,11
2023-09-12T07:01:04Z,24.70,68.02,100,0,47.95,101.31,207.00,1551.00,null,null,null
2023-09-12T07:02:04Z,24.69,67.97,100,0,47.19,101.31,206.00,1548.00,null,null,null
2023-09-12T07:03:04Z,24.70,67.92,100,0,50.19,101.31,201.00,1543.00,null,null,null
2023-09-12T07:04:04Z,24.73,68.02,100,0,47.23,101.31,195.00,1534.00,null,null,null
2023-09-12T07:05:04Z,24.69,68.05,100,0,49.44,101.31,195.00,1534.00,3,6,6
2023-09-12T07:06:04Z,24.69,67.94,100,0,47.03,101.31,189.00,1526.00,null,null,null
2023-09-12T07:07:04Z,24.75,67.96,100,0,47.15,101.32,189.00,1526.00,null,null,null
2023-09-12T07:08:04Z,24.75,67.80,100,0,47.25,101.31,183.00,1517.00,null,null,null
2023-09-12T07:09:04Z,24.73,67.65,100,0,47.48,101.32,180.00,1513.00,null,null,null
2023-09-12T07:10:04Z,24.72,67.87,100,0,46.62,101.32,180.00,1513.00,6,6,6
2023-09-12T07:11:04Z,24.75,67.50,100,0,46.55,101.32,172.00,1501.00,null,null,null
2023-09-12T07:12:04Z,24.77,67.83,100,0,47.46,101.32,172.00,1500.00,null,null,null
2023-09-12T07:13:04Z,24.76,67.45,100,0,50.83,101.31,166.00,1495.00,null,null,null
2023-09-12T07:14:04Z,24.72,67.48,100,0,45.89,101.32,163.00,1474.00,null,null,null
2023-09-12T07:15:04Z,24.73,67.25,100,0,46.93,101.32,162.00,1465.00,3,3,3
2023-09-12T07:16:04Z,24.72,67.45,100,0,48.14,101.32,156.00,1429.00,null,null,null
2023-09-12T07:17:04Z,24.76,67.22,100,0,48.74,101.32,154.00,1413.00,null,null,null
2023-09-12T07:18:04Z,24.73,67.49,100,0,49.19,101.32,152.00,1404.00,null,null,null
2023-09-12T07:19:04Z,24.75,67.36,100,0,45.17,101.32,149.00,1380.00,null,null,null
2023-09-12T07:20:04Z,24.72,67.45,100,0,44.58,101.32,146.00,1360.00,3,3,3
2023-09-12T07:21:04Z,24.75,67.33,100,0,48.13,101.33,143.00,1341.00,null,null,null
2023-09-12T07:22:04Z,24.76,67.23,100,0,48.09,101.33,141.00,1330.00,null,null,null
2023-09-12T07:23:04Z,24.76,67.25,100,0,52.30,101.32,140.00,1324.00,null,null,null
2023-09-12T07:24:04Z,24.72,67.11,100,0,43.17,101.32,138.00,1307.00,null,null,null
2023-09-12T07:25:04Z,24.72,67.10,100,0,48.37,101.32,138.00,1307.00,1,1,1
2023-09-12T07:26:04Z,24.77,67.08,100,0,46.52,101.32,132.00,1270.00,null,null,null
2023-09-12T07:27:04Z,24.77,67.09,100,0,46.77,101.32,134.00,1281.00,null,null,null
2023-09-12T07:28:04Z,24.73,67.08,100,0,47.07,101.32,131.00,1266.00,null,null,null
2023-09-12T07:29:04Z,24.76,67.10,100,0,34.27,101.32,131.00,1262.00,null,null,null
2023-09-12T07:30:04Z,24.76,67.31,100,0,35.64,101.32,131.00,1266.00,1,1,1
2023-09-12T07:31:04Z,24.79,67.42,100,0,37.22,101.33,152.00,1404.00,null,null,null
2023-09-12T07:32:04Z,24.80,67.46,100,0,36.65,101.33,186.00,1521.00,null,null,null
2023-09-12T07:33:04Z,24.79,67.51,100,0,36.49,101.33,194.00,1533.00,null,null,null
2023-09-12T07:34:04Z,24.82,67.52,100,0,38.98,101.33,232.00,1585.00,null,null,null
2023-09-12T07:35:04Z,24.83,67.49,100,0,33.54,101.33,241.00,1594.00,2,5,5
2023-09-12T07:36:04Z,24.84,67.57,100,0,35.96,101.33,258.00,1614.00,null,null,null
2023-09-12T07:37:04Z,24.83,67.52,100,0,35.19,101.33,265.00,1623.00,null,null,null
2023-09-12T07:38:04Z,24.87,67.56,100,0,35.08,101.33,275.00,1632.00,null,null,null
2023-09-12T07:39:04Z,24.88,67.71,100,0,34.26,101.33,284.00,1642.00,null,null,null
2023-09-12T07:40:04Z,24.87,67.57,100,0,33.99,101.34,292.00,1652.00,2,2,2
2023-09-12T07:41:04Z,24.90,67.56,100,0,33.08,101.33,292.00,1652.00,null,null,null
2023-09-12T07:42:04Z,24.90,67.54,100,0,34.92,101.33,296.00,1657.00,null,null,null
2023-09-12T07:43:04Z,24.91,67.50,100,0,33.36,101.33,296.00,1657.00,null,null,null
2023-09-12T07:44:04Z,24.90,67.51,100,0,33.35,101.33,301.00,1663.00,null,null,null
2023-09-12T07:45:04Z,24.91,67.53,100,0,35.94,101.34,301.00,1663.00,3,4,4
2023-09-12T07:46:04Z,24.93,67.58,100,0,35.25,101.34,305.00,1667.00,null,null,null
2023-09-12T07:47:04Z,24.93,67.53,100,0,34.38,101.33,305.00,1667.00,null,null,null
2023-09-12T07:48:04Z,24.94,67.53,100,0,31.82,101.33,305.00,1667.00,null,null,null
2023-09-12T07:49:04Z,24.94,67.57,100,0,34.13,101.34,305.00,1667.00,null,null,null
2023-09-12T07:50:04Z,24.94,67.48,100,0,32.28,101.34,305.00,1667.00,1,1,1
2023-09-12T07:51:04Z,24.97,67.47,100,0,32.10,101.34,305.00,1667.00,null,null,null
2023-09-12T07:52:04Z,24.97,67.49,100,0,30.82,101.34,305.00,1667.00,null,null,null
2023-09-12T07:53:04Z,25.00,67.53,100,0,35.72,101.34,305.00,1667.00,null,null,null
2023-09-12T07:54:04Z,24.97,67.54,100,0,33.19,101.34,305.00,1667.00,null,null,null
2023-09-12T07:55:04Z,24.96,67.55,100,0,32.10,101.34,305.00,1667.00,2,2,2
2023-09-12T07:56:04Z,25.01,67.52,100,0,32.56,101.34,305.00,1667.00,null,null,null
2023-09-12T07:57:04Z,25.00,67.51,100,0,32.50,101.34,305.00,1667.00,null,null,null
2023-09-12T07:58:04Z,25.03,67.54,100,0,32.24,101.34,305.00,1667.00,null,null,null
2023-09-12T07:59:04Z,25.01,67.51,100,0,35.73,101.34,301.00,1663.00,null,null,null
2023-09-12T08:00:04Z,25.03,67.48,100,0,34.33,101.34,305.00,1667.00,5,5,5
2023-09-12T08:01:04Z,25.04,67.58,100,0,35.18,101.34,301.00,1663.00,null,null,null
2023-09-12T08:02:04Z,25.06,67.53,100,0,31.45,101.34,301.00,1663.00,null,null,null
2023-09-12T08:03:04Z,25.04,67.47,100,0,32.25,101.33,301.00,1663.00,null,null,null
2023-09-12T08:04:04Z,25.04,67.50,100,0,29.38,101.33,296.00,1657.00,null,null,null
2023-09-12T08:05:04Z,25.07,67.58,100,0,32.47,101.33,296.00,1657.00,3,5,5
2023-09-12T08:06:04Z,25.08,67.52,100,0,32.53,101.33,296.00,1657.00,null,null,null
2023-09-12T08:07:04Z,25.08,67.47,100,0,32.95,101.34,292.00,1652.00,null,null,null
2023-09-12T08:08:04Z,25.08,67.43,100,0,30.17,101.33,292.00,1652.00,null,null,null
2023-09-12T08:09:04Z,25.08,67.44,100,0,36.78,101.34,292.00,1652.00,null,null,null
2023-09-12T08:10:04Z,25.07,67.45,100,0,32.61,101.34,292.00,1652.00,4,4,4
2023-09-12T08:11:04Z,25.13,67.41,100,0,31.85,101.34,292.00,1652.00,null,null,null
2023-09-12T08:12:04Z,25.14,67.39,100,0,32.78,101.34,288.00,1648.00,null,null,null
2023-09-12T08:13:04Z,25.14,67.48,100,0,32.61,101.34,288.00,1648.00,null,null,null
2023-09-12T08:14:04Z,25.13,67.42,100,0,34.32,101.34,284.00,1642.00,null,null,null
2023-09-12T08:15:04Z,25.11,67.44,100,0,33.20,101.34,284.00,1642.00,0,0,0
2023-09-12T08:16:04Z,25.14,67.38,100,0,31.76,101.34,279.00,1637.00,null,null,null
2023-09-12T08:17:04Z,25.16,67.43,100,0,33.75,101.34,279.00,1637.00,null,null,null
2023-09-12T08:18:04Z,25.17,67.38,100,0,32.67,101.34,279.00,1637.00,null,null,null
2023-09-12T08:19:04Z,25.17,67.41,100,0,34.89,101.34,279.00,1637.00,null,null,null
2023-09-12T08:20:04Z,25.16,67.42,100,0,32.94,101.34,275.00,1632.00,1,3,3
2023-09-12T08:21:04Z,25.16,67.42,100,0,31.00,101.34,275.00,1632.00,null,null,null
2023-09-12T08:22:04Z,25.16,67.37,100,0,32.26,101.33,275.00,1632.00,null,null,null
2023-09-12T08:23:04Z,25.20,67.33,100,0,34.06,101.34,271.00,1628.00,null,null,null
2023-09-12T08:24:04Z,25.18,67.40,100,0,32.16,101.34,271.00,1628.00,null,null,null
2023-09-12T08:25:04Z,25.18,67.36,100,0,30.68,101.34,271.00,1628.00,1,4,4
2023-09-12T08:26:04Z,25.18,67.38,100,0,32.47,101.33,265.00,1623.00,null,null,null
2023-09-12T08:27:04Z,25.18,67.34,100,0,33.60,101.33,265.00,1623.00,null,null,null
2023-09-12T08:28:04Z,25.21,67.35,100,0,32.39,101.33,265.00,1623.00,null,null,null
2023-09-12T08:29:04Z,25.20,67.34,100,0,32.91,101.33,262.00,1618.00,null,null,null
2023-09-12T08:30:04Z,25.20,67.37,100,0,33.84,101.33,262.00,1618.00,1,1,1
2023-09-12T08:31:04Z,25.23,67.36,100,0,31.50,101.34,262.00,1618.00,null,null,null
2023-09-12T08:32:04Z,25.23,67.33,100,0,32.87,101.33,262.00,1618.00,null,null,null
2023-09-12T08:33:04Z,25.24,67.34,100,0,30.06,101.34,258.00,1614.00,null,null,null
2023-09-12T08:34:04Z,25.24,67.29,100,0,33.56,101.34,258.00,1614.00,null,null,null
2023-09-12T08:35:04Z,25.21,67.34,100,0,32.98,101.34,258.00,1614.00,1,4,19
2023-09-12T08:36:04Z,25.26,67.36,100,0,32.41,101.34,254.00,1610.00,null,null,null
2023-09-12T08:37:04Z,25.27,67.30,100,0,32.27,101.34,229.00,1581.00,null,null,null
2023-09-12T08:38:04Z,25.27,67.27,100,0,32.31,101.34,229.00,1581.00,null,null,null
2023-09-12T08:39:04Z,25.27,67.34,100,0,32.44,101.34,229.00,1581.00,null,null,null
2023-09-12T08:40:04Z,25.26,67.32,100,0,32.28,101.34,224.00,1572.00,1,1,1
2023-09-12T08:41:04Z,25.27,67.30,100,0,34.54,101.34,224.00,1572.00,null,null,null
2023-09-12T08:42:04Z,25.30,67.24,100,0,31.38,101.33,224.00,1572.00,null,null,null
2023-09-12T08:43:04Z,25.28,67.25,100,0,33.71,101.34,223.00,1572.00,null,null,null
2023-09-12T08:44:04Z,25.27,67.29,100,0,30.11,101.34,220.00,1568.00,null,null,null
2023-09-12T08:45:04Z,25.30,67.26,100,0,36.15,101.33,220.00,1568.00,5,5,5
2023-09-12T08:46:04Z,25.31,67.27,100,0,36.74,101.33,220.00,1568.00,null,null,null
2023-09-12T08:47:04Z,25.30,67.27,100,0,33.07,101.34,220.00,1568.00,null,null,null
2023-09-12T08:48:04Z,25.33,67.29,100,0,33.77,101.33,220.00,1568.00,null,null,null
2023-09-12T08:49:04Z,25.31,67.31,100,0,33.96,101.34,217.00,1563.00,null,null,null
2023-09-12T08:50:04Z,25.30,67.27,100,0,32.05,101.34,217.00,1563.00,2,2,2
2023-09-12T08:51:04Z,25.33,67.31,100,0,32.64,101.34,217.00,1563.00,null,null,null
2023-09-12T08:52:04Z,25.33,67.21,100,0,31.15,101.34,217.00,1563.00,null,null,null
2023-09-12T08:53:04Z,25.33,67.27,100,0,31.22,101.33,220.00,1567.00,null,null,null
2023-09-12T08:54:04Z,25.33,67.29,100,0,31.82,101.34,217.00,1563.00,null,null,null
2023-09-12T08:55:04Z,25.33,67.25,100,0,34.96,101.33,215.00,1560.00,6,6,6
2023-09-12T08:56:04Z,25.35,67.24,100,0,32.91,101.33,217.00,1563.00,null,null,null
2023-09-12T08:57:04Z,25.33,67.22,100,0,34.47,101.33,220.00,1567.00,null,null,null
2023-09-12T08:58:04Z,25.34,67.23,100,0,34.82,101.33,217.00,1563.00,null,null,null
2023-09-12T08:59:04Z,25.37,67.22,100,0,35.20,101.33,217.00,1563.00,null,null,null
2023-09-12T09:00:04Z,25.37,67.19,100,0,32.04,101.33,217.00,1563.00,2,2,2
2023-09-12T09:01:04Z,25.38,67.17,100,0,34.69,101.33,217.00,1563.00,null,null,null
2023-09-12T09:02:04Z,25.37,67.15,100,0,33.49,101.33,215.00,1560.00,null,null,null
2023-09-12T09:03:04Z,25.38,67.14,100,0,33.42,101.33,217.00,1563.00,null,null,null
2023-09-12T09:04:04Z,25.37,67.19,100,0,34.86,101.33,215.00,1560.00,null,null,null
2023-09-12T09:05:04Z,25.37,67.20,100,0,33.83,101.33,215.00,1560.00,1,1,1
2023-09-12T09:06:04Z,25.38,67.23,100,0,36.94,101.33,215.00,1560.00,null,null,null
2023-09-12T09:07:04Z,25.38,67.18,100,0,33.85,101.33,215.00,1560.00,null,null,null
2023-09-12T09:08:04Z,25.38,67.14,100,0,31.68,101.33,215.00,1560.00,null,null,null
2023-09-12T09:09:04Z,25.38,67.13,100,0,33.35,101.33,215.00,1560.00,null,null,null
2023-09-12T09:10:04Z,25.38,67.22,100,0,34.60,101.33,212.00,1557.00,1,1,1
2023-09-12T09:11:04Z,25.39,67.13,100,0,30.83,101.33,212.00,1557.00,null,null,null
2023-09-12T09:12:04Z,25.42,67.15,100,0,31.86,101.33,212.00,1557.00,null,null,null
2023-09-12T09:13:04Z,25.39,67.16,100,0,31.28,101.33,212.00,1557.00,null,null,null
2023-09-12T09:14:04Z,25.38,67.15,100,0,29.78,101.33,212.00,1557.00,null,null,null
2023-09-12T09:15:04Z,25.41,67.12,100,0,35.19,101.33,212.00,1557.00,1,1,1
2023-09-12T09:16:04Z,25.42,67.13,100,0,31.53,101.32,212.00,1557.00,null,null,null
2023-09-12T09:17:04Z,25.42,67.09,100,0,33.31,101.33,209.00,1553.00,null,null,null
2023-09-12T09:18:04Z,25.41,67.08,100,0,32.78,101.33,209.00,1553.00,null,null,null
2023-09-12T09:19:04Z,25.44,67.11,100,0,32.33,101.32,209.00,1553.00,null,null,null
2023-09-12T09:20:04Z,25.42,67.10,100,0,31.88,101.33,209.00,1553.00,4,4,4
2023-09-12T09:21:04Z,25.44,67.10,100,0,32.77,101.33,209.00,1553.00,null,null,null
2023-09-12T09:22:04Z,25.48,67.09,100,0,32.41,101.33,206.00,1548.00,null,null,null
2023-09-12T09:23:04Z,25.45,67.07,100,0,32.15,101.33,209.00,1553.00,null,null,null
2023-09-12T09:24:04Z,25.44,67.08,100,0,31.59,101.33,206.00,1548.00,null,null,null
2023-09-12T09:25:04Z,25.44,67.04,100,0,33.35,101.33,206.00,1548.00,0,0,0
2023-09-12T09:26:04Z,25.44,67.06,100,0,33.30,101.33,206.00,1548.00,null,null,null
2023-09-12T09:27:04Z,25.48,67.09,100,0,32.77,101.33,206.00,1548.00,null,null,null
2023-09-12T09:28:04Z,25.47,67.07,100,0,33.25,101.33,206.00,1548.00,null,null,null
2023-09-12T09:29:04Z,25.45,67.05,100,0,33.16,101.33,206.00,1548.00,null,null,null
2023-09-12T09:30:04Z,25.47,67.07,100,0,33.00,101.33,206.00,1548.00,5,5,5
2023-09-12T09:31:04Z,25.49,67.09,100,0,35.71,101.33,206.00,1548.00,null,null,null
2023-09-12T09:32:04Z,25.48,67.04,100,0,32.83,101.33,206.00,1548.00,null,null,null
2023-09-12T09:33:04Z,25.45,67.01,100,0,32.42,101.33,206.00,1548.00,null,null,null
2023-09-12T09:34:04Z,25.49,67.01,100,0,33.16,101.33,202.00,1543.00,null,null,null
2023-09-12T09:35:04Z,25.48,67.05,100,0,31.86,101.33,206.00,1548.00,3,3,3
2023-09-12T09:36:04Z,25.48,67.00,100,0,33.94,101.32,202.00,1543.00,null,null,null
2023-09-12T09:37:04Z,25.51,67.00,100,0,32.10,101.32,202.00,1543.00,null,null,null
2023-09-12T09:38:04Z,25.54,66.96,100,0,31.20,101.32,202.00,1543.00,null,null,null
2023-09-12T09:39:04Z,25.51,67.04,100,0,32.86,101.32,202.00,1543.00,null,null,null
2023-09-12T09:40:04Z,25.49,67.01,100,0,33.43,101.33,202.00,1543.00,6,7,7
2023-09-12T09:41:04Z,25.51,67.01,100,0,32.16,101.33,202.00,1543.00,null,null,null
2023-09-12T09:42:04Z,25.52,66.94,100,0,33.03,101.33,202.00,1543.00,null,null,null
2023-09-12T09:43:04Z,25.52,66.90,100,0,32.30,101.32,202.00,1543.00,null,null,null
2023-09-12T09:44:04Z,25.48,66.95,100,0,32.48,101.33,202.00,1543.00,null,null,null
2023-09-12T09:45:04Z,25.54,66.93,100,0,33.93,101.33,198.00,1539.00,2,4,4
2023-09-12T09:46:04Z,25.52,66.96,100,0,32.69,101.32,196.00,1535.00,null,null,null
2023-09-12T09:47:04Z,25.52,66.91,100,0,32.51,101.32,198.00,1539.00,null,null,null
2023-09-12T09:48:04Z,25.55,66.89,100,0,32.17,101.33,198.00,1539.00,null,null,null
2023-09-12T09:49:04Z,25.54,66.93,100,0,32.66,101.33,198.00,1539.00,null,null,null
2023-09-12T09:50:04Z,25.49,66.89,100,0,33.31,101.33,198.00,1539.00,1,1,1
2023-09-12T09:51:04Z,25.57,66.90,100,0,32.22,101.33,196.00,1535.00,null,null,null
2023-09-12T09:52:04Z,25.57,66.84,100,0,34.57,101.33,198.00,1539.00,null,null,null
2023-09-12T09:53:04Z,25.55,66.83,100,0,32.17,101.32,196.00,1535.00,null,null,null
2023-09-12T09:54:04Z,25.57,66.83,100,0,31.64,101.33,196.00,1535.00,null,null,null
2023-09-12T09:55:04Z,25.57,66.85,100,0,34.64,101.32,196.00,1535.00,3,4,4
2023-09-12T09:56:04Z,25.57,66.83,100,0,31.47,101.32,196.00,1535.00,null,null,null
2023-09-12T09:57:04Z,25.58,66.78,100,0,32.23,101.33,196.00,1535.00,null,null,null
2023-09-12T09:58:04Z,25.58,66.80,100,0,33.54,101.32,196.00,1535.00,null,null,null
2023-09-12T09:59:04Z,25.61,66.81,100,0,34.99,101.32,196.00,1535.00,null,null,null
2023-09-12T10:00:04Z,25.59,66.81,100,0,32.20,101.32,196.00,1535.00,1,1,1
2023-09-12T10:01:04Z,25.59,66.79,100,0,33.06,101.33,193.00,1531.00,null,null,null
2023-09-12T10:02:04Z,25.59,66.79,100,0,32.14,101.32,196.00,1535.00,null,null,null
2023-09-12T10:03:04Z,25.59,66.73,100,0,30.53,101.33,193.00,1531.00,null,null,null
2023-09-12T10:04:04Z,25.58,66.79,100,0,35.47,101.33,198.00,1538.00,null,null,null
2023-09-12T10:05:04Z,25.55,66.70,100,0,35.01,101.33,193.00,1531.00,1,1,1
2023-09-12T10:06:04Z,25.59,66.77,100,0,36.09,101.32,195.00,1534.00,null,null,null
2023-09-12T10:07:04Z,25.58,66.75,100,0,34.12,101.33,193.00,1531.00,null,null,null
2023-09-12T10:08:04Z,25.62,66.73,100,0,33.16,101.33,193.00,1531.00,null,null,null
2023-09-12T10:09:04Z,25.62,66.72,100,0,32.23,101.33,195.00,1534.00,null,null,null
2023-09-12T10:10:04Z,25.61,66.79,100,0,32.61,101.32,195.00,1534.00,1,1,1
2023-09-12T10:11:04Z,25.62,66.72,100,0,34.84,101.33,189.00,1526.00,null,null,null
2023-09-12T10:12:04Z,25.61,66.69,100,0,31.14,101.33,195.00,1534.00,null,null,null
2023-09-12T10:13:04Z,25.64,66.67,100,0,33.27,101.33,195.00,1534.00,null,null,null
2023-09-12T10:14:04Z,25.62,66.71,100,0,31.49,101.33,195.00,1534.00,null,null,null
2023-09-12T10:15:04Z,25.59,66.70,100,0,31.59,101.32,195.00,1534.00,1,1,1
2023-09-12T10:16:04Z,25.62,66.70,100,0,34.17,101.33,195.00,1534.00,null,null,null
2023-09-12T10:17:04Z,25.65,66.64,100,0,33.30,101.33,195.00,1534.00,null,null,null
2023-09-12T10:18:04Z,25.64,66.68,100,0,34.02,101.33,195.00,1534.00,null,null,null
2023-09-12T10:19:04Z,25.62,66.69,100,0,30.48,101.33,195.00,1534.00,null,null,null
2023-09-12T10:20:04Z,25.65,66.64,100,0,33.97,101.33,191.00,1529.00,1,1,1
2023-09-12T10:21:04Z,25.67,66.63,100,0,33.62,101.33,191.00,1529.00,null,null,null
2023-09-12T10:22:04Z,25.65,66.64,100,0,33.10,101.33,195.00,1534.00,null,null,null
2023-09-12T10:23:04Z,25.64,66.59,100,0,30.77,101.33,195.00,1534.00,null,null,null
2023-09-12T10:24:04Z,25.64,66.61,100,0,31.55,101.33,195.00,1534.00,null,null,null
2023-09-12T10:25:04Z,25.67,66.59,100,0,32.27,101.32,195.00,1534.00,4,4,4
2023-09-12T10:26:04Z,25.67,66.57,100,0,32.25,101.33,191.00,1529.00,null,null,null
2023-09-12T10:27:04Z,25.67,66.58,100,0,32.29,101.32,195.00,1534.00,null,null,null
2023-09-12T10:28:04Z,25.67,66.54,100,0,36.76,101.32,195.00,1534.00,null,null,null
2023-09-12T10:29:04Z,25.67,66.55,100,0,35.51,101.32,191.00,1529.00,null,null,null
2023-09-12T10:30:04Z,25.65,66.63,100,0,35.60,101.32,198.00,1538.00,0,0,0
2023-09-12T10:31:04Z,25.68,66.65,100,0,35.76,101.32,188.00,1525.00,null,null,null
2023-09-12T10:32:04Z,25.68,66.59,100,0,31.90,101.32,191.00,1529.00,null,null,null
2023-09-12T10:33:04Z,25.68,66.55,100,0,30.82,101.32,188.00,1525.00,null,null,null
2023-09-12T10:34:04Z,25.67,66.55,100,0,31.59,101.32,188.00,1525.00,null,null,null
2023-09-12T10:35:04Z,25.68,66.54,100,0,30.22,101.32,191.00,1529.00,0,0,0
2023-09-12T10:36:04Z,25.68,66.59,100,0,33.46,101.32,188.00,1525.00,null,null,null
2023-09-12T10:37:04Z,25.69,66.52,100,0,31.40,101.32,188.00,1525.00,null,null,null
2023-09-12T10:38:04Z,25.71,66.54,100,0,31.28,101.32,191.00,1529.00,null,null,null
2023-09-12T10:39:04Z,25.71,66.52,100,0,33.58,101.32,188.00,1525.00,null,null,null
2023-09-12T10:40:04Z,25.71,66.51,100,0,31.01,101.32,188.00,1525.00,5,5,5
2023-09-12T10:41:04Z,25.71,66.48,100,0,30.74,101.32,195.00,1534.00,null,null,null
2023-09-12T10:42:04Z,25.74,66.47,100,0,31.06,101.32,195.00,1534.00,null,null,null
2023-09-12T10:43:04Z,25.71,66.44,100,0,30.25,101.32,191.00,1529.00,null,null,null
2023-09-12T10:44:04Z,25.71,66.48,100,0,33.10,101.32,191.00,1529.00,null,null,null
2023-09-12T10:45:04Z,25.69,66.42,100,0,31.36,101.32,191.00,1529.00,2,2,2
2023-09-12T10:46:04Z,25.72,66.47,100,0,29.73,101.32,191.00,1529.00,null,null,null
2023-09-12T10:47:04Z,25.72,66.44,100,0,32.21,101.32,191.00,1529.00,null,null,null
2023-09-12T10:48:04Z,25.72,66.43,100,0,30.50,101.32,191.00,1529.00,null,null,null
2023-09-12T10:49:04Z,25.71,66.40,100,0,29.49,101.32,191.00,1529.00,null,null,null
2023-09-12T10:50:04Z,25.71,66.39,100,0,37.17,101.32,191.00,1529.00,3,3,3
2023-09-12T10:51:04Z,25.77,66.40,100,0,29.70,101.32,191.00,1529.00,null,null,null
2023-09-12T10:52:04Z,25.72,66.38,100,0,30.01,101.32,189.00,1526.00,null,null,null
2023-09-12T10:53:04Z,25.74,66.33,100,0,32.47,101.32,191.00,1529.00,null,null,null
2023-09-12T10:54:04Z,25.74,66.36,100,0,30.12,101.32,188.00,1525.00,null,null,null
2023-09-12T10:55:04Z,25.71,66.40,100,0,32.54,101.32,188.00,1525.00,4,4,4
2023-09-12T10:56:04Z,25.74,66.41,100,0,30.46,101.32,188.00,1525.00,null,null,null
2023-09-12T10:57:04Z,25.72,66.33,100,0,33.28,101.32,188.00,1525.00,null,null,null
2023-09-12T10:58:04Z,25.75,66.35,100,0,31.20,101.32,188.00,1525.00,null,null,null
2023-09-12T10:59:04Z,25.75,66.37,100,0,29.83,101.32,189.00,1526.00,null,null,null
2023-09-12T11:00:04Z,25.74,66.36,100,0,31.34,101.32,186.00,1522.00,1,2,2
2023-09-12T11:01:04Z,25.78,66.35,100,0,31.45,101.32,186.00,1521.00,null,null,null
2023-09-12T11:02:04Z,25.77,66.30,100,0,30.07,101.31,183.00,1517.00,null,null,null
2023-09-12T11:03:04Z,25.78,66.24,100,0,30.71,101.31,186.00,1522.00,null,null,null
2023-09-12T11:04:04Z,25.72,66.30,100,0,31.87,101.31,186.00,1521.00,null,null,null
2023-09-12T11:05:04Z,25.77,66.34,100,0,31.52,101.31,186.00,1521.00,1,1,1
2023-09-12T11:06:04Z,25.77,66.26,100,0,30.63,101.31,183.00,1517.00,null,null,null
2023-09-12T11:07:04Z,25.78,66.27,100,0,32.72,101.31,183.00,1517.00,null,null,null
2023-09-12T11:08:04Z,25.79,66.34,100,0,31.17,101.31,186.00,1522.00,null,null,null
2023-09-12T11:09:04Z,25.79,66.30,100,0,30.41,101.31,183.00,1517.00,null,null,null
2023-09-12T11:10:04Z,25.78,66.27,100,0,33.93,101.31,183.00,1517.00,3,3,3
2023-09-12T11:11:04Z,25.79,66.29,100,0,29.54,101.31,183.00,1517.00,null,null,null
2023-09-12T11:12:04Z,25.81,66.24,100,0,31.60,101.31,183.00,1517.00,null,null,null
2023-09-12T11:13:04Z,25.75,66.28,100,0,28.99,101.31,183.00,1517.00,null,null,null
2023-09-12T11:14:04Z,25.81,66.28,100,0,31.61,101.31,180.00,1513.00,null,null,null
2023-09-12T11:15:04Z,25.79,66.31,100,0,30.10,101.31,183.00,1517.00,2,2,2
2023-09-12T11:16:04Z,25.79,66.29,100,0,34.14,101.31,180.00,1513.00,null,null,null
2023-09-12T11:17:04Z,25.79,66.24,100,0,29.93,101.31,180.00,1513.00,null,null,null
2023-09-12T11:18:04Z,25.79,66.24,100,0,32.98,101.31,183.00,1517.00,null,null,null
2023-09-12T11:19:04Z,25.81,66.22,100,0,29.08,101.31,183.00,1517.00,null,null,null
2023-09-12T11:20:04Z,25.79,66.25,100,0,30.15,101.31,180.00,1513.00,5,5,5
2023-09-12T11:21:04Z,25.82,66.22,100,0,31.69,101.32,180.00,1513.00,null,null,null
2023-09-12T11:22:04Z,25.79,66.19,100,0,29.25,101.31,180.00,1513.00,null,null,null
2023-09-12T11:23:04Z,25.81,66.17,100,0,29.65,101.31,180.00,1513.00,null,null,null
2023-09-12T11:24:04Z,25.78,66.23,100,0,31.68,101.31,180.00,1513.00,null,null,null
2023-09-12T11:25:04Z,25.79,66.19,100,0,30.97,101.31,180.00,1513.00,2,2,2
2023-09-12T11:26:04Z,25.82,66.15,100,0,29.49,101.31,177.00,1508.00,null,null,null
2023-09-12T11:27:04Z,25.81,66.11,100,0,30.15,101.31,180.00,1513.00,null,null,null
2023-09-12T11:28:04Z,25.79,66.06,100,0,33.49,101.31,180.00,1513.00,null,null,null
2023-09-12T11:29:04Z,25.82,66.12,100,0,30.25,101.31,180.00,1513.00,null,null,null
2023-09-12T11:30:04Z,25.78,66.18,100,0,30.52,101.31,177.00,1508.00,1,5,5
2023-09-12T11:31:04Z,25.84,66.16,100,0,32.14,101.31,177.00,1508.00,null,null,null
2023-09-12T11:32:04Z,25.85,66.17,100,0,33.12,101.30,177.00,1508.00,null,null,null
2023-09-12T11:33:04Z,25.84,66.12,100,0,32.48,101.31,180.00,1513.00,null,null,null
2023-09-12T11:34:04Z,25.82,66.16,100,0,32.19,101.31,177.00,1508.00,null,null,null
2023-09-12T11:35:04Z,25.82,66.14,100,0,31.76,101.31,177.00,1508.00,1,3,3
2023-09-12T11:36:04Z,25.84,66.18,100,0,30.19,101.31,177.00,1508.00,null,null,null
2023-09-12T11:37:04Z,25.85,66.14,100,0,30.03,101.31,177.00,1508.00,null,null,null
2023-09-12T11:38:04Z,25.84,66.16,100,0,29.49,101.31,177.00,1508.00,null,null,null
2023-09-12T11:39:04Z,25.82,66.09,100,0,33.42,101.31,177.00,1508.00,null,null,null
2023-09-12T11:40:04Z,25.85,66.14,100,0,30.02,101.31,177.00,1508.00,3,3,3
2023-09-12T11:41:04Z,25.85,66.12,100,0,33.19,101.30,177.00,1508.00,null,null,null
2023-09-12T11:42:04Z,25.84,66.07,100,0,32.14,101.30,174.00,1503.00,null,null,null
2023-09-12T11:43:04Z,25.86,66.03,100,0,32.88,101.30,174.00,1503.00,null,null,null
2023-09-12T11:44:04Z,25.84,66.10,100,0,31.06,101.30,177.00,1508.00,null,null,null
2023-09-12T11:45:04Z,25.84,66.14,100,0,30.03,101.31,174.00,1503.00,5,5,5
2023-09-12T11:46:04Z,25.84,66.15,100,0,34.47,101.30,177.00,1508.00,null,null,null
2023-09-12T11:47:04Z,25.84,66.13,100,0,32.47,101.30,174.00,1503.00,null,null,null
2023-09-12T11:48:04Z,25.86,66.04,100,0,31.59,101.30,177.00,1508.00,null,null,null
2023-09-12T11:49:04Z,25.88,66.13,100,0,31.04,101.31,174.00,1503.00,null,null,null
2023-09-12T11:50:04Z,25.84,66.07,100,0,29.42,101.30,177.00,1508.00,4,4,4
2023-09-12T11:51:04Z,25.88,66.16,100,0,31.82,101.31,174.00,1503.00,null,null,null
2023-09-12T11:52:04Z,25.88,66.08,100,0,31.40,101.30,177.00,1508.00,null,null,null
2023-09-12T11:53:04Z,25.86,66.03,100,0,32.84,101.30,174.00,1503.00,null,null,null
2023-09-12T11:54:04Z,25.85,66.08,100,0,30.53,101.30,174.00,1503.00,null,null,null
2023-09-12T11:55:04Z,25.86,66.06,100,0,33.31,101.30,174.00,1503.00,0,0,0
2023-09-12T11:56:04Z,25.86,65.98,100,0,30.74,101.30,174.00,1503.00,null,null,null
2023-09-12T11:57:04Z,25.85,66.00,100,0,32.70,101.30,174.00,1503.00,null,null,null
2023-09-12T11:58:04Z,25.88,66.01,100,0,30.40,101.31,174.00,1503.00,null,null,null
2023-09-12T11:59:04Z,25.86,65.95,100,0,30.96,101.30,174.00,1503.00,null,null,null
2023-09-12T12:00:04Z,25.85,66.00,100,0,32.10,101.30,174.00,1503.00,2,2,2
2023-09-12T12:01:04Z,25.88,66.00,100,0,31.43,101.30,171.00,1499.00,null,null,null
2023-09-12T12:02:04Z,25.89,65.91,100,0,29.44,101.30,171.00,1499.00,null,null,null
2023-09-12T12:03:04Z,25.88,65.93,100,0,30.18,101.30,171.00,1499.00,null,null,null
2023-09-12T12:04:04Z,25.89,65.96,100,0,32.99,101.30,171.00,1499.00,null,null,null
2023-09-12T12:05:04Z,25.88,65.95,100,0,29.83,101.30,171.00,1499.00,1,4,4
2023-09-12T12:06:04Z,25.88,65.92,100,0,30.29,101.30,171.00,1499.00,null,null,null
2023-09-12T12:07:04Z,25.89,65.91,100,0,31.20,101.30,171.00,1499.00,null,null,null
2023-09-12T12:08:04Z,25.88,65.94,100,0,31.72,101.31,171.00,1499.00,null,null,null
2023-09-12T12:09:04Z,25.90,65.94,100,0,29.99,101.31,171.00,1499.00,null,null,null
2023-09-12T12:10:04Z,25.88,65.93,100,0,30.68,101.31,171.00,1499.00,1,1,1
2023-09-12T12:11:04Z,25.89,65.98,100,0,32.11,101.31,171.00,1499.00,null,null,null
2023-09-12T12:12:04Z,25.88,65.93,100,0,29.42,101.31,171.00,1499.00,null,null,null
2023-09-12T12:13:04Z,25.90,65.88,100,0,31.11,101.31,171.00,1499.00,null,null,null
2023-09-12T12:14:04Z,25.89,65.94,100,0,30.71,101.31,171.00,1499.00,null,null,null
2023-09-12T12:15:04Z,25.90,65.91,100,0,30.89,101.31,171.00,1499.00,3,3,3
2023-09-12T12:16:04Z,25.90,65.92,100,0,31.08,101.30,171.00,1499.00,null,null,null
2023-09-12T12:17:04Z,25.93,65.91,100,0,34.01,101.30,171.00,1499.00,null,null,null
2023-09-12T12:18:04Z,25.92,65.85,100,0,32.83,101.30,171.00,1499.00,null,null,null
2023-09-12T12:19:04Z,25.88,65.88,100,0,30.15,101.30,171.00,1499.00,null,null,null
2023-09-12T12:20:04Z,25.90,65.95,100,0,34.85,101.30,171.00,1499.00,1,1,1
2023-09-12T12:21:04Z,25.92,65.94,100,0,29.22,101.30,168.00,1495.00,null,null,null
2023-09-12T12:22:04Z,25.92,65.83,100,0,31.70,101.30,171.00,1499.00,null,null,null
2023-09-12T12:23:04Z,25.93,65.83,100,0,33.58,101.30,171.00,1499.00,null,null,null
2023-09-12T12:24:04Z,25.93,65.84,100,0,34.62,101.30,171.00,1499.00,null,null,null
2023-09-12T12:25:04Z,25.90,65.94,100,0,31.05,101.30,171.00,1499.00,1,3,3
2023-09-12T12:26:04Z,25.92,65.90,100,0,31.95,101.30,168.00,1495.00,null,null,null
2023-09-12T12:27:04Z,25.92,65.90,100,0,33.84,101.30,171.00,1499.00,null,null,null
2023-09-12T12:28:04Z,25.90,65.82,100,0,34.13,101.30,171.00,1499.00,null,null,null
2023-09-12T12:29:04Z,25.92,65.84,100,0,31.06,101.30,174.00,1503.00,null,null,null
2023-09-12T12:30:04Z,25.93,65.84,100,0,32.73,101.29,171.00,1499.00,5,5,16
2023-09-12T12:31:04Z,25.95,65.82,100,0,32.03,101.29,171.00,1499.00,null,null,null
2023-09-12T12:32:04Z,25.93,65.86,100,0,29.71,101.29,171.00,1499.00,null,null,null
2023-09-12T12:33:04Z,25.95,65.81,100,0,32.33,101.29,171.00,1499.00,null,null,null
2023-09-12T12:34:04Z,25.93,65.79,100,0,33.34,101.29,171.00,1499.00,null,null,null
2023-09-12T12:35:04Z,25.92,65.79,100,0,32.62,101.29,171.00,1499.00,1,1,1
2023-09-12T12:36:04Z,25.93,65.84,100,0,31.69,101.29,168.00,1495.00,null,null,null
2023-09-12T12:37:04Z,25.93,65.76,100,0,29.63,101.29,171.00,1499.00,null,null,null
2023-09-12T12:38:04Z,25.93,65.80,100,0,30.72,101.29,171.00,1499.00,null,null,null
2023-09-12T12:39:04Z,25.92,65.80,100,0,29.76,101.29,171.00,1499.00,null,null,null
2023-09-12T12:40:04Z,25.90,65.81,100,0,29.89,101.29,171.00,1499.00,2,2,2
2023-09-12T12:41:04Z,25.96,65.79,100,0,29.40,101.29,168.00,1495.00,null,null,null
2023-09-12T12:42:04Z,25.98,65.74,100,0,29.99,101.29,171.00,1499.00,null,null,null
2023-09-12T12:43:04Z,25.95,65.77,100,0,31.08,101.28,173.00,1502.00,null,null,null
2023-09-12T12:44:04Z,25.95,65.75,100,0,30.54,101.29,171.00,1499.00,null,null,null
2023-09-12T12:45:04Z,25.93,65.79,100,0,34.84,101.29,171.00,1499.00,2,3,3
2023-09-12T12:46:04Z,25.96,65.80,100,0,31.90,101.28,168.00,1495.00,null,null,null
2023-09-12T12:47:04Z,25.98,65.74,100,0,31.58,101.29,171.00,1499.00,null,null,null
2023-09-12T12:48:04Z,25.96,65.72,100,0,35.55,101.29,173.00,1502.00,null,null,null
2023-09-12T12:49:04Z,25.96,65.70,100,0,34.03,101.29,173.00,1502.00,null,null,null
2023-09-12T12:50:04Z,25.92,65.73,100,0,29.95,101.29,173.00,1502.00,1,1,1
2023-09-12T12:51:04Z,25.95,65.73,100,0,31.74,101.29,170.00,1498.00,null,null,null
2023-09-12T12:52:04Z,25.95,65.78,100,0,31.29,101.28,173.00,1502.00,null,null,null
2023-09-12T12:53:04Z,25.99,65.67,100,0,31.33,101.28,171.00,1499.00,null,null,null
2023-09-12T12:54:04Z,25.99,65.66,100,0,31.73,101.28,173.00,1502.00,null,null,null
2023-09-12T12:55:04Z,25.96,65.71,100,0,32.88,101.28,173.00,1502.00,2,2,2
2023-09-12T12:56:04Z,25.96,65.72,100,0,29.82,101.28,170.00,1498.00,null,null,null
2023-09-12T12:57:04Z,25.98,65.67,100,0,32.89,101.28,173.00,1502.00,null,null,null
2023-09-12T12:58:04Z,25.99,65.68,100,0,35.82,101.29,173.00,1502.00,null,null,null
2023-09-12T12:59:04Z,25.96,65.72,100,0,35.61,101.28,173.00,1502.00,null,null,null
2023-09-12T13:00:04Z,25.98,65.67,100,0,37.26,101.29,170.00,1498.00,2,3,3
2023-09-12T13:01:04Z,25.96,65.65,100,0,35.15,101.28,170.00,1498.00,null,null,null
2023-09-12T13:02:04Z,25.95,65.64,100,0,29.99,101.28,170.00,1498.00,null,null,null
2023-09-12T13:03:04Z,25.99,65.60,100,0,32.35,101.28,170.00,1498.00,null,null,null
2023-09-12T13:04:04Z,25.98,65.65,100,0,31.82,101.28,170.00,1498.00,null,null,null
2023-09-12T13:05:04Z,25.95,65.57,100,0,31.18,101.28,170.00,1498.00,4,5,5
2023-09-12T13:06:04Z,25.98,65.69,100,0,33.33,101.28,170.00,1498.00,null,null,null
2023-09-12T13:07:04Z,25.99,65.59,100,0,31.51,101.28,170.00,1498.00,null,null,null
2023-09-12T13:08:04Z,25.98,65.60,100,0,30.70,101.28,170.00,1498.00,null,null,null
2023-09-12T13:09:04Z,25.98,65.57,100,0,34.88,101.28,170.00,1498.00,null,null,null
2023-09-12T13:10:04Z,25.99,65.60,100,0,30.74,101.29,170.00,1498.00,1,1,1
2023-09-12T13:11:04Z,25.99,65.59,100,0,31.86,101.28,170.00,1498.00,null,null,null
2023-09-12T13:12:04Z,25.98,65.49,100,0,30.42,101.28,170.00,1498.00,null,null,null
2023-09-12T13:13:04Z,26.00,65.39,100,0,30.54,101.28,170.00,1498.00,null,null,null
2023-09-12T13:14:04Z,25.98,65.53,100,0,31.12,101.28,170.00,1498.00,null,null,null
2023-09-12T13:15:04Z,25.99,65.52,100,0,33.43,101.28,170.00,1498.00,1,1,1
2023-09-12T13:16:04Z,25.99,65.59,100,0,32.90,101.28,170.00,1498.00,null,null,null
2023-09-12T13:17:04Z,26.02,65.52,100,0,31.18,101.28,173.00,1502.00,null,null,null
2023-09-12T13:18:04Z,26.02,65.54,100,0,30.47,101.28,170.00,1498.00,null,null,null
2023-09-12T13:19:04Z,26.00,65.49,100,0,30.05,101.28,170.00,1498.00,null,null,null
2023-09-12T13:20:04Z,26.00,65.53,100,0,30.64,101.28,173.00,1502.00,2,2,2
2023-09-12T13:21:04Z,26.00,65.49,100,0,29.78,101.28,170.00,1498.00,null,null,null
2023-09-12T13:22:04Z,25.99,65.48,100,0,31.57,101.28,170.00,1498.00,null,null,null
2023-09-12T13:23:04Z,26.02,65.48,100,0,34.13,101.28,170.00,1498.00,null,null,null
2023-09-12T13:24:04Z,26.03,65.51,100,0,31.21,101.28,170.00,1498.00,null,null,null
2023-09-12T13:25:04Z,25.99,65.49,100,0,30.53,101.28,170.00,1498.00,1,1,1
2023-09-12T13:26:04Z,26.05,65.49,100,0,31.71,101.28,170.00,1498.00,null,null,null
2023-09-12T13:27:04Z,26.00,65.48,100,0,33.45,101.27,170.00,1498.00,null,null,null
2023-09-12T13:28:04Z,26.02,65.48,100,0,30.45,101.28,170.00,1498.00,null,null,null
2023-09-12T13:29:04Z,26.02,65.45,100,0,34.14,101.28,170.00,1498.00,null,null,null
2023-09-12T13:30:04Z,26.02,65.53,100,0,30.75,101.27,170.00,1498.00,1,1,1
2023-09-12T13:31:04Z,26.03,65.43,100,0,32.06,101.28,170.00,1498.00,null,null,null
2023-09-12T13:32:04Z,26.03,65.36,100,0,32.93,101.27,170.00,1498.00,null,null,null
2023-09-12T13:33:04Z,26.02,65.34,100,0,31.28,101.28,170.00,1498.00,null,null,null
2023-09-12T13:34:04Z,26.06,65.28,100,0,30.03,101.28,170.00,1498.00,null,null,null
2023-09-12T13:35:04Z,26.03,65.43,100,0,30.24,101.28,170.00,1498.00,4,5,5
2023-09-12T13:36:04Z,26.05,65.33,100,0,31.45,101.27,170.00,1498.00,null,null,null
2023-09-12T13:37:04Z,26.02,65.43,100,0,30.50,101.27,170.00,1498.00,null,null,null
2023-09-12T13:38:04Z,26.00,65.38,100,0,30.78,101.28,170.00,1498.00,null,null,null
2023-09-12T13:39:04Z,26.03,65.30,100,0,29.74,101.27,170.00,1498.00,null,null,null
2023-09-12T13:40:04Z,26.05,65.39,100,0,31.92,101.27,170.00,1498.00,2,2,2
2023-09-12T13:41:04Z,26.05,65.37,100,0,32.70,101.27,170.00,1498.00,null,null,null
2023-09-12T13:42:04Z,26.03,65.35,100,0,30.58,101.27,170.00,1498.00,null,null,null
2023-09-12T13:43:04Z,26.05,65.29,100,0,33.56,101.27,170.00,1498.00,null,null,null
2023-09-12T13:44:04Z,26.03,65.25,100,0,30.46,101.28,170.00,1498.00,null,null,null
2023-09-12T13:45:04Z,26.03,65.34,100,0,29.49,101.27,170.00,1498.00,2,4,4
2023-09-12T13:46:04Z,26.05,65.36,100,0,35.15,101.28,170.00,1498.00,null,null,null
2023-09-12T13:47:04Z,26.06,65.31,100,0,29.48,101.27,170.00,1498.00,null,null,null
2023-09-12T13:48:04Z,26.06,65.33,100,0,31.52,101.28,170.00,1498.00,null,null,null
2023-09-12T13:49:04Z,26.06,65.18,100,0,30.13,101.27,170.00,1498.00,null,null,null
2023-09-12T13:50:04Z,26.05,65.31,100,0,29.93,101.28,172.00,1501.00,1,2,2
2023-09-12T13:51:04Z,26.06,65.36,100,0,32.52,101.28,170.00,1498.00,null,null,null
2023-09-12T13:52:04Z,26.09,65.25,100,0,32.74,101.28,170.00,1498.00,null,null,null
2023-09-12T13:53:04Z,26.05,65.38,100,0,30.04,101.27,170.00,1498.00,null,null,null
2023-09-12T13:54:04Z,26.06,65.45,100,0,32.09,101.27,170.00,1498.00,null,null,null
2023-09-12T13:55:04Z,26.03,65.42,100,0,31.49,101.27,170.00,1498.00,0,0,0
2023-09-12T13:56:04Z,26.05,65.40,100,0,34.64,101.27,170.00,1498.00,null,null,null
2023-09-12T13:57:04Z,26.09,65.42,100,0,29.69,101.27,170.00,1498.00,null,null,null
2023-09-12T13:58:04Z,26.05,65.41,100,0,32.78,101.27,170.00,1498.00,null,null,null
2023-09-12T13:59:04Z,26.08,65.43,100,0,29.49,101.27,170.00,1498.00,null,null,null
2023-09-12T14:00:04Z,26.05,65.46,100,0,29.21,101.27,170.00,1498.00,1,1,1
2023-09-12T14:01:04Z,26.06,65.42,100,0,34.06,101.27,170.00,1498.00,null,null,null
2023-09-12T14:02:04Z,26.08,65.37,100,0,28.95,101.27,170.00,1498.00,null,null,null
2023-09-12T14:03:04Z,26.06,65.41,100,0,29.77,101.27,170.00,1498.00,null,null,null
2023-09-12T14:04:04Z,26.08,65.45,100,0,34.81,101.27,170.00,1498.00,null,null,null
2023-09-12T14:05:04Z,26.05,65.40,100,0,31.02,101.27,170.00,1498.00,2,2,2
2023-09-12T14:06:04Z,26.06,65.38,100,0,29.58,101.27,170.00,1498.00,null,null,null
2023-09-12T14:07:04Z,26.08,65.40,100,0,30.83,101.27,170.00,1498.00,null,null,null
2023-09-12T14:08:04Z,26.05,65.44,100,0,31.53,101.27,170.00,1498.00,null,null,null
2023-09-12T14:09:04Z,26.08,65.41,100,0,31.11,101.27,170.00,1498.00,null,null,null
2023-09-12T14:10:04Z,26.05,65.40,100,0,32.79,101.27,170.00,1498.00,1,1,1
2023-09-12T14:11:04Z,26.09,65.40,100,0,30.42,101.28,170.00,1498.00,null,null,null
2023-09-12T14:12:04Z,26.10,65.39,100,0,32.41,101.27,170.00,1498.00,null,null,null
2023-09-12T14:13:04Z,26.08,65.28,100,0,29.67,101.27,170.00,1498.00,null,null,null
2023-09-12T14:14:04Z,26.05,65.39,100,0,30.30,101.27,170.00,1498.00,null,null,null
2023-09-12T14:15:04Z,26.06,65.36,100,0,31.94,101.27,170.00,1498.00,2,2,2
2023-09-12T14:16:04Z,26.08,65.40,100,0,34.63,101.27,170.00,1498.00,null,null,null
2023-09-12T14:17:04Z,26.09,65.35,100,0,32.70,101.28,170.00,1498.00,null,null,null
2023-09-12T14:18:04Z,26.09,65.30,100,0,29.53,101.27,170.00,1498.00,null,null,null
2023-09-12T14:19:04Z,26.09,65.32,100,0,30.91,101.27,173.00,1502.00,null,null,null
2023-09-12T14:20:04Z,26.08,65.28,100,0,30.04,101.27,173.00,1502.00,1,1,7
2023-09-12T14:21:04Z,26.09,65.21,100,0,30.83,101.27,170.00,1498.00,null,null,null
2023-09-12T14:22:04Z,26.09,65.28,100,0,30.87,101.28,172.00,1501.00,null,null,null
2023-09-12T14:23:04Z,26.10,65.16,100,0,32.62,101.27,170.00,1498.00,null,null,null
2023-09-12T14:24:04Z,26.08,65.21,100,0,30.97,101.27,172.00,1501.00,null,null,null
2023-09-12T14:25:04Z,26.08,65.15,100,0,32.90,101.27,172.00,1501.00,0,1,1
2023-09-12T14:26:04Z,26.10,65.15,100,0,29.13,101.27,172.00,1501.00,null,null,null
2023-09-12T14:27:04Z,26.13,65.01,100,0,31.80,101.27,172.00,1501.00,null,null,null
2023-09-12T14:28:04Z,26.12,65.09,100,0,31.91,101.26,172.00,1501.00,null,null,null
2023-09-12T14:29:04Z,26.09,65.00,100,0,30.21,101.27,172.00,1501.00,null,null,null
2023-09-12T14:30:04Z,26.09,64.97,100,0,33.43,101.27,172.00,1501.00,2,2,2
2023-09-12T14:31:04Z,26.13,64.99,100,0,32.43,101.27,172.00,1501.00,null,null,null
2023-09-12T14:32:04Z,26.12,64.92,100,0,33.47,101.26,172.00,1501.00,null,null,null
2023-09-12T14:33:04Z,26.12,65.11,100,0,29.84,101.27,172.00,1501.00,null,null,null
2023-09-12T14:34:04Z,26.10,65.09,100,0,29.55,101.27,172.00,1501.00,null,null,null
2023-09-12T14:35:04Z,26.10,65.20,100,0,30.07,101.26,172.00,1501.00,1,1,1
2023-09-12T14:36:04Z,26.09,64.99,100,0,28.80,101.26,172.00,1501.00,null,null,null
2023-09-12T14:37:04Z,26.12,65.01,100,0,35.38,101.26,172.00,1501.00,null,null,null
2023-09-12T14:38:04Z,26.12,64.99,100,0,32.77,101.26,172.00,1501.00,null,null,null
2023-09-12T14:39:04Z,26.09,65.04,100,0,32.22,101.26,172.00,1501.00,null,null,null
2023-09-12T14:40:04Z,26.09,64.89,100,0,31.08,101.26,172.00,1501.00,2,3,3
2023-09-12T14:41:04Z,26.13,64.94,100,0,32.49,101.26,168.00,1495.00,null,null,null
2023-09-12T14:42:04Z,26.13,65.00,100,0,30.29,101.26,172.00,1501.00,null,null,null
2023-09-12T14:43:04Z,26.16,64.84,100,0,31.05,101.26,168.00,1495.00,null,null,null
2023-09-12T14:44:04Z,26.10,64.90,100,0,33.39,101.26,168.00,1495.00,null,null,null
2023-09-12T14:45:04Z,26.12,64.87,100,0,30.78,101.26,168.00,1495.00,0,0,0
2023-09-12T14:46:04Z,26.10,64.84,100,0,30.97,101.26,166.00,1491.00,null,null,null
2023-09-12T14:47:04Z,26.13,64.84,100,0,30.80,101.26,168.00,1495.00,null,null,null
2023-09-12T14:48:04Z,26.12,64.83,100,0,31.35,101.26,168.00,1495.00,null,null,null
2023-09-12T14:49:04Z,26.10,64.89,100,0,29.99,101.26,168.00,1495.00,null,null,null
2023-09-12T14:50:04Z,26.12,64.86,100,0,31.51,101.26,168.00,1495.00,2,2,2
2023-09-12T14:51:04Z,26.12,64.84,100,0,30.88,101.26,166.00,1491.00,null,null,null
2023-09-12T14:52:04Z,26.15,64.76,100,0,29.73,101.26,168.00,1495.00,null,null,null
2023-09-12T14:53:04Z,26.12,64.90,100,0,30.60,101.26,168.00,1495.00,null,null,null
2023-09-12T14:54:04Z,26.13,64.72,100,0,31.27,101.26,168.00,1495.00,null,null,null
2023-09-12T14:55:04Z,26.10,64.89,100,0,39.32,101.26,168.00,1495.00,2,2,2
2023-09-12T14:56:04Z,26.12,65.00,100,0,33.05,101.25,166.00,1491.00,null,null,null
2023-09-12T14:57:04Z,26.16,64.84,100,0,40.41,101.26,168.00,1495.00,null,null,null
2023-09-12T14:58:04Z,26.13,64.93,100,0,33.49,101.26,168.00,1495.00,null,null,null
2023-09-12T14:59:04Z,26.09,64.93,100,0,32.95,101.26,168.00,1495.00,null,null,null
2023-09-12T15:00:04Z,26.13,64.87,100,0,28.95,101.26,166.00,1491.00,0,0,0
2023-09-12T15:01:04Z,26.15,64.84,100,0,33.41,101.26,166.00,1491.00,null,null,null
2023-09-12T15:02:04Z,26.13,65.12,100,0,28.68,101.26,166.00,1491.00,null,null,null
2023-09-12T15:03:04Z,26.13,65.09,100,0,29.76,101.25,168.00,1495.00,null,null,null
2023-09-12T15:04:04Z,26.15,65.00,100,0,30.75,101.27,168.00,1495.00,null,null,null
2023-09-12T15:05:04Z,26.13,64.93,100,0,30.50,101.26,168.00,1495.00,2,2,2
2023-09-12T15:06:04Z,26.15,64.84,100,0,32.56,101.26,166.00,1491.00,null,null,null
2023-09-12T15:07:04Z,26.15,64.86,100,0,29.94,101.26,168.00,1495.00,null,null,null
2023-09-12T15:08:04Z,26.16,64.83,100,0,29.98,101.26,168.00,1495.00,null,null,null
2023-09-12T15:09:04Z,26.13,65.07,100,0,31.35,101.26,168.00,1495.00,null,null,null
2023-09-12T15:10:04Z,26.15,65.11,100,0,31.32,101.26,168.00,1495.00,5,5,5
2023-09-12T15:11:04Z,26.15,65.17,100,0,29.99,101.26,168.00,1495.00,null,null,null
2023-09-12T15:12:04Z,26.15,65.03,100,0,30.12,101.26,168.00,1495.00,null,null,null
2023-09-12T15:13:04Z,26.18,64.95,100,0,31.20,101.25,168.00,1495.00,null,null,null
2023-09-12T15:14:04Z,26.16,65.00,100,0,30.39,101.25,168.00,1495.00,null,null,null
2023-09-12T15:15:04Z,26.16,64.97,100,0,29.83,101.26,168.00,1495.00,0,0,0
2023-09-12T15:16:04Z,26.15,64.96,100,0,33.89,101.25,166.00,1491.00,null,null,null
2023-09-12T15:17:04Z,26.16,64.88,100,0,30.10,101.25,172.00,1501.00,null,null,null
2023-09-12T15:18:04Z,26.18,64.91,100,0,34.49,101.25,172.00,1501.00,null,null,null
2023-09-12T15:19:04Z,26.15,65.08,100,0,36.90,101.25,168.00,1495.00,null,null,null
2023-09-12T15:20:04Z,26.15,64.93,100,0,35.32,101.25,172.00,1501.00,2,2,2
2023-09-12T15:21:04Z,26.16,65.10,100,0,35.42,101.25,168.00,1495.00,null,null,null
2023-09-12T15:22:04Z,26.16,65.12,100,0,32.74,101.25,168.00,1495.00,null,null,null
2023-09-12T15:23:04Z,26.16,65.06,100,0,29.84,101.25,168.00,1495.00,null,null,null
2023-09-12T15:24:04Z,26.18,65.12,100,0,32.74,101.25,168.00,1495.00,null,null,null
2023-09-12T15:25:04Z,26.16,65.02,100,0,30.81,101.25,168.00,1495.00,2,2,2
2023-09-12T15:26:04Z,26.18,64.98,100,0,33.83,101.25,168.00,1495.00,null,null,null
2023-09-12T15:27:04Z,26.18,64.99,100,0,29.47,101.25,168.00,1495.00,null,null,null
2023-09-12T15:28:04Z,26.18,65.00,100,0,31.70,101.25,168.00,1495.00,null,null,null
2023-09-12T15:29:04Z,26.19,64.99,100,0,29.18,101.25,172.00,1501.00,null,null,null
2023-09-12T15:30:04Z,26.16,65.06,100,0,34.66,101.25,172.00,1501.00,2,2,2
2023-09-12T15:31:04Z,26.16,65.09,100,0,31.90,101.25,172.00,1501.00,null,null,null
2023-09-12T15:32:04Z,26.19,65.03,100,0,32.11,101.25,172.00,1501.00,null,null,null
2023-09-12T15:33:04Z,26.18,65.07,100,0,31.77,101.25,172.00,1501.00,null,null,null
2023-09-12T15:34:04Z,26.20,65.11,100,0,29.72,101.25,172.00,1501.00,null,null,null
2023-09-12T15:35:04Z,26.18,65.11,100,0,30.21,101.25,172.00,1501.00,4,4,4
2023-09-12T15:36:04Z,26.19,65.10,100,0,33.27,101.25,172.00,1501.00,null,null,null
2023-09-12T15:37:04Z,26.20,65.11,100,0,30.08,101.25,172.00,1501.00,null,null,null
2023-09-12T15:38:04Z,26.16,65.14,100,0,32.06,101.25,172.00,1501.00,null,null,null
2023-09-12T15:39:04Z,26.19,65.09,100,0,31.97,101.25,172.00,1501.00,null,null,null
2023-09-12T15:40:04Z,26.18,65.14,100,0,30.26,101.25,172.00,1501.00,3,5,5
2023-09-12T15:41:04Z,26.19,65.12,100,0,29.22,101.25,175.00,1505.00,null,null,null
2023-09-12T15:42:04Z,26.16,64.98,100,0,30.49,101.25,172.00,1501.00,null,null,null
2023-09-12T15:43:04Z,26.20,65.05,100,0,28.68,101.25,172.00,1501.00,null,null,null
2023-09-12T15:44:04Z,26.16,65.02,100,0,32.71,101.25,175.00,1505.00,null,null,null
2023-09-12T15:45:04Z,26.19,65.03,100,0,32.18,101.24,172.00,1501.00,2,2,2
2023-09-12T15:46:04Z,26.18,65.09,100,0,32.77,101.25,172.00,1501.00,null,null,null
2023-09-12T15:47:04Z,26.19,65.04,100,0,29.60,101.25,172.00,1501.00,null,null,null
2023-09-12T15:48:04Z,26.19,65.04,100,0,29.12,101.25,172.00,1501.00,null,null,null
2023-09-12T15:49:04Z,26.19,65.03,100,0,33.42,101.25,172.00,1501.00,null,null,null
2023-09-12T15:50:04Z,26.19,65.00,100,0,28.88,101.25,172.00,1501.00,0,0,0
2023-09-12T15:51:04Z,26.19,65.00,100,0,33.62,101.25,172.00,1501.00,null,null,null
2023-09-12T15:52:04Z,26.18,65.00,100,0,29.63,101.25,172.00,1501.00,null,null,null
2023-09-12T15:53:04Z,26.19,65.04,100,0,29.09,101.25,172.00,1501.00,null,null,null
2023-09-12T15:54:04Z,26.20,65.04,100,0,33.38,101.25,172.00,1501.00,null,null,null
2023-09-12T15:55:04Z,26.22,65.03,100,0,30.51,101.25,172.00,1501.00,2,2,2
2023-09-12T15:56:04Z,26.19,65.03,100,0,30.16,101.25,172.00,1501.00,null,null,null
2023-09-12T15:57:04Z,26.22,65.01,100,0,31.04,101.25,172.00,1501.00,null,null,null
2023-09-12T15:58:04Z,26.22,65.00,100,0,31.09,101.25,172.00,1501.00,null,null,null
2023-09-12T15:59:04Z,26.22,65.08,100,0,31.41,101.26,172.00,1501.00,null,null,null
2023-09-12T16:00:04Z,26.20,65.03,100,0,29.51,101.26,172.00,1501.00,5,5,21
2023-09-12T16:01:04Z,26.19,65.04,100,0,32.34,101.26,172.00,1501.00,null,null,null
2023-09-12T16:02:04Z,26.22,65.01,100,0,30.05,101.26,172.00,1501.00,null,null,null
2023-09-12T16:03:04Z,26.19,64.95,100,0,30.13,101.26,175.00,1505.00,null,null,null
2023-09-12T16:04:04Z,26.23,65.02,100,0,30.26,101.26,175.00,1505.00,null,null,null
2023-09-12T16:05:04Z,26.20,65.00,100,0,30.64,101.26,172.00,1501.00,2,2,2
2023-09-12T16:06:04Z,26.22,65.03,100,0,34.60,101.26,172.00,1501.00,null,null,null
2023-09-12T16:07:04Z,26.23,65.02,100,0,28.39,101.26,175.00,1505.00,null,null,null
2023-09-12T16:08:04Z,26.26,65.02,100,0,29.92,101.26,175.00,1505.00,null,null,null
2023-09-12T16:09:04Z,26.23,64.97,100,0,30.66,101.26,157.00,1432.00,null,null,null
2023-09-12T16:10:04Z,26.23,65.02,100,0,33.65,101.26,175.00,1505.00,3,3,3
2023-09-12T16:11:04Z,26.25,65.07,100,0,29.37,101.26,175.00,1505.00,null,null,null
2023-09-12T16:12:04Z,26.25,65.02,100,0,34.83,101.26,157.00,1432.00,null,null,null
2023-09-12T16:13:04Z,26.23,64.95,100,0,32.43,101.26,157.00,1432.00,null,null,null
2023-09-12T16:14:04Z,26.26,65.00,100,0,29.86,101.26,175.00,1505.00,null,null,null
2023-09-12T16:15:04Z,26.22,64.96,100,0,28.89,101.26,157.00,1432.00,0,0,0
2023-09-12T16:16:04Z,26.25,64.97,100,0,29.83,101.26,175.00,1505.00,null,null,null
2023-09-12T16:17:04Z,26.26,64.96,100,0,33.18,101.26,157.00,1432.00,null,null,null
2023-09-12T16:18:04Z,26.23,64.93,100,0,30.20,101.26,160.00,1453.00,null,null,null
2023-09-12T16:19:04Z,26.22,64.95,100,0,30.20,101.26,175.00,1505.00,null,null,null
2023-09-12T16:20:04Z,26.25,65.02,100,0,30.43,101.26,175.00,1505.00,4,5,5
2023-09-12T16:21:04Z,26.25,64.96,100,0,32.93,101.26,157.00,1432.00,null,null,null
2023-09-12T16:22:04Z,26.23,64.94,100,0,33.15,101.27,160.00,1453.00,null,null,null
2023-09-12T16:23:04Z,26.26,64.99,100,0,29.56,101.26,175.00,1505.00,null,null,null
2023-09-12T16:24:04Z,26.23,64.89,100,0,31.25,101.26,157.00,1432.00,null,null,null
2023-09-12T16:25:04Z,26.25,65.00,100,0,30.60,101.26,178.00,1509.00,3,4,4
2023-09-12T16:26:04Z,26.23,64.98,100,0,30.99,101.27,160.00,1453.00,null,null,null
2023-09-12T16:27:04Z,26.23,64.92,100,0,32.96,101.26,178.00,1509.00,null,null,null
2023-09-12T16:28:04Z,26.23,64.95,100,0,29.50,101.27,178.00,1509.00,null,null,null
2023-09-12T16:29:04Z,26.26,64.87,100,0,30.30,101.26,178.00,1509.00,null,null,null
2023-09-12T16:30:04Z,26.26,64.87,100,0,31.13,101.27,160.00,1453.00,1,1,1
2023-09-12T16:31:04Z,26.25,64.84,100,0,33.17,101.27,160.00,1453.00,null,null,null
2023-09-12T16:32:04Z,26.25,64.77,100,0,33.57,101.27,160.00,1453.00,null,null,null
2023-09-12T16:33:04Z,26.26,64.92,100,0,30.31,101.27,160.00,1453.00,null,null,null
2023-09-12T16:34:04Z,26.25,64.86,100,0,29.65,101.27,160.00,1453.00,null,null,null
2023-09-12T16:35:04Z,26.23,64.82,100,0,30.97,101.27,160.00,1453.00,3,4,4
2023-09-12T16:36:04Z,26.26,64.85,100,0,30.46,101.27,178.00,1509.00,null,null,null
2023-09-12T16:37:04Z,26.23,64.73,100,0,30.86,101.27,160.00,1453.00,null,null,null
2023-09-12T16:38:04Z,26.26,64.68,100,0,30.71,101.27,181.00,1514.00,null,null,null
2023-09-12T16:39:04Z,26.28,64.69,100,0,30.29,101.27,163.00,1470.00,null,null,null
2023-09-12T16:40:04Z,26.25,64.80,100,0,33.05,101.27,163.00,1470.00,1,1,1
2023-09-12T16:41:04Z,26.26,64.72,100,0,31.03,101.27,160.00,1453.00,null,null,null
2023-09-12T16:42:04Z,26.26,64.70,100,0,30.22,101.27,163.00,1470.00,null,null,null
2023-09-12T16:43:04Z,26.25,64.71,100,0,31.58,101.28,163.00,1470.00,null,null,null
2023-09-12T16:44:04Z,26.26,64.68,100,0,30.31,101.27,163.00,1470.00,null,null,null
2023-09-12T16:45:04Z,26.25,64.63,100,0,33.74,101.27,163.00,1470.00,5,5,5
2023-09-12T16:46:04Z,26.26,64.70,100,0,29.55,101.27,163.00,1470.00,null,null,null
2023-09-12T16:47:04Z,26.28,64.67,100,0,29.48,101.28,163.00,1470.00,null,null,null
2023-09-12T16:48:04Z,26.28,64.57,100,0,29.13,101.28,163.00,1470.00,null,null,null
2023-09-12T16:49:04Z,26.23,64.58,100,0,32.80,101.27,163.00,1470.00,null,null,null
2023-09-12T16:50:04Z,26.26,64.54,100,0,33.35,101.28,181.00,1514.00,1,2,2
2023-09-12T16:51:04Z,26.29,64.58,100,0,32.28,101.27,160.00,1453.00,null,null,null
2023-09-12T16:52:04Z,26.30,64.58,100,0,30.76,101.28,163.00,1470.00,null,null,null
2023-09-12T16:53:04Z,26.25,64.53,100,0,37.17,101.28,163.00,1470.00,null,null,null
2023-09-12T16:54:04Z,26.25,64.52,100,0,31.95,101.27,163.00,1470.00,null,null,null
2023-09-12T16:55:04Z,26.25,64.50,100,0,33.20,101.27,163.00,1470.00,2,2,2
2023-09-12T16:56:04Z,26.28,64.52,100,0,36.82,101.28,160.00,1453.00,null,null,null
2023-09-12T16:57:04Z,26.29,64.45,100,0,38.06,101.27,163.00,1470.00,null,null,null
2023-09-12T16:58:04Z,26.30,64.54,100,0,32.68,101.27,163.00,1470.00,null,null,null
2023-09-12T16:59:04Z,26.29,64.48,100,0,30.46,101.28,160.00,1453.00,null,null,null
2023-09-12T17:00:04Z,26.28,64.67,100,0,30.53,101.27,160.00,1453.00,0,3,3
2023-09-12T17:01:04Z,26.29,64.76,100,0,38.10,101.27,160.00,1453.00,null,null,null
2023-09-12T17:02:04Z,26.29,64.84,100,0,33.58,101.27,160.00,1453.00,null,null,null
2023-09-12T17:03:04Z,26.29,64.87,100,0,38.83,101.27,160.00,1453.00,null,null,null
2023-09-12T17:04:04Z,26.29,64.92,100,0,33.45,101.26,160.00,1453.00,null,null,null
2023-09-12T17:05:04Z,26.26,64.94,100,0,35.08,101.27,160.00,1453.00,3,4,4
2023-09-12T17:06:04Z,26.28,64.98,100,0,37.99,101.27,160.00,1453.00,null,null,null
2023-09-12T17:07:04Z,26.29,64.88,100,0,32.26,101.27,160.00,1453.00,null,null,null
2023-09-12T17:08:04Z,26.29,64.90,100,0,37.48,101.27,163.00,1474.00,null,null,null
2023-09-12T17:09:04Z,26.23,64.88,100,0,34.01,101.27,163.00,1474.00,null,null,null
2023-09-12T17:10:04Z,26.28,64.89,100,0,32.97,101.28,181.00,1515.00,2,2,2
2023-09-12T17:11:04Z,26.28,64.87,100,0,34.06,101.27,160.00,1453.00,null,null,null
2023-09-12T17:12:04Z,26.26,64.84,100,0,36.57,101.27,163.00,1474.00,null,null,null
2023-09-12T17:13:04Z,26.29,64.79,100,0,32.95,101.27,163.00,1474.00,null,null,null
2023-09-12T17:14:04Z,26.29,64.81,100,0,32.24,101.27,163.00,1474.00,null,null,null
2023-09-12T17:15:04Z,26.28,64.80,100,0,30.60,101.27,163.00,1474.00,2,5,5
2023-09-12T17:16:04Z,26.29,64.85,100,0,30.67,101.27,160.00,1453.00,null,null,null
2023-09-12T17:17:04Z,26.29,64.82,100,0,31.35,101.27,163.00,1474.00,null,null,null
2023-09-12T17:18:04Z,26.32,64.78,100,0,28.87,101.27,163.00,1474.00,null,null,null
2023-09-12T17:19:04Z,26.30,64.72,100,0,28.78,101.28,163.00,1474.00,null,null,null
2023-09-12T17:20:04Z,26.29,64.69,100,0,33.52,101.27,168.00,1495.00,2,3,3
2023-09-12T17:21:04Z,26.28,64.87,100,0,34.38,101.27,166.00,1491.00,null,null,null
2023-09-12T17:22:04Z,26.29,64.71,100,0,30.19,101.27,166.00,1491.00,null,null,null
2023-09-12T17:23:04Z,26.29,64.82,100,0,32.01,101.27,168.00,1495.00,null,null,null
2023-09-12T17:24:04Z,26.28,64.67,100,0,30.33,101.27,166.00,1491.00,null,null,null
2023-09-12T17:25:04Z,26.29,64.73,100,0,35.35,101.27,168.00,1495.00,3,4,4
2023-09-12T17:26:04Z,26.30,64.66,100,0,31.51,101.27,166.00,1491.00,null,null,null
2023-09-12T17:27:04Z,26.32,64.70,100,0,30.13,101.28,168.00,1495.00,null,null,null
2023-09-12T17:28:04Z,26.30,64.69,100,0,31.62,101.27,171.00,1499.00,null,null,null
2023-09-12T17:29:04Z,26.30,64.70,100,0,31.41,101.27,168.00,1495.00,null,null,null
2023-09-12T17:30:04Z,26.29,64.73,100,0,33.58,101.28,168.00,1495.00,1,1,1
2023-09-12T17:31:04Z,26.30,64.74,100,0,31.54,101.28,168.00,1495.00,null,null,null
2023-09-12T17:32:04Z,26.32,64.67,100,0,35.80,101.28,168.00,1495.00,null,null,null
2023-09-12T17:33:04Z,26.32,64.67,100,0,35.78,101.28,171.00,1499.00,null,null,null
2023-09-12T17:34:04Z,26.32,64.65,100,0,36.75,101.28,168.00,1495.00,null,null,null
2023-09-12T17:35:04Z,26.32,64.67,100,0,31.82,101.28,168.00,1495.00,2,2,2
2023-09-12T17:36:04Z,26.30,64.68,100,0,30.57,101.28,168.00,1495.00,null,null,null
2023-09-12T17:37:04Z,26.30,64.63,100,0,31.43,101.28,168.00,1495.00,null,null,null
2023-09-12T17:38:04Z,26.32,64.60,100,0,31.82,101.28,171.00,1499.00,null,null,null
2023-09-12T17:39:04Z,26.29,64.65,100,0,30.11,101.28,168.00,1495.00,null,null,null
2023-09-12T17:40:04Z,26.30,64.77,100,0,32.80,101.28,168.00,1495.00,3,4,4
2023-09-12T17:41:04Z,26.30,64.65,100,0,30.38,101.28,171.00,1499.00,null,null,null
2023-09-12T17:42:04Z,26.33,64.60,100,0,32.65,101.29,174.00,1503.00,null,null,null
2023-09-12T17:43:04Z,26.32,64.68,100,0,31.58,101.30,174.00,1503.00,null,null,null
2023-09-12T17:44:04Z,26.32,64.65,100,0,29.78,101.29,171.00,1499.00,null,null,null
2023-09-12T17:45:04Z,26.30,64.63,100,0,30.74,101.29,174.00,1503.00,1,1,1
2023-09-12T17:46:04Z,26.30,64.77,100,0,38.83,101.30,174.00,1503.00,null,null,null
2023-09-12T17:47:04Z,26.33,64.63,100,0,30.48,101.30,171.00,1499.00,null,null,null
2023-09-12T17:48:04Z,26.28,64.67,100,0,33.40,101.29,174.00,1503.00,null,null,null
2023-09-12T17:49:04Z,26.33,64.84,100,0,32.64,101.30,177.00,1508.00,null,null,null
2023-09-12T17:50:04Z,26.30,64.73,100,0,32.36,101.30,174.00,1504.00,1,1,1
2023-09-12T17:51:04Z,26.35,64.71,100,0,33.80,101.30,174.00,1503.00,null,null,null
2023-09-12T17:52:04Z,26.30,64.40,100,0,53.23,101.30,171.00,1499.00,null,null,null
2023-09-12T17:53:04Z,26.30,64.36,100,0,31.18,101.30,163.00,1470.00,null,null,null
2023-09-12T17:54:04Z,26.30,64.46,100,0,33.38,101.31,160.00,1453.00,null,null,null
2023-09-12T17:55:04Z,26.29,64.41,100,0,34.32,101.30,153.00,1408.00,3,4,16
2023-09-12T17:56:04Z,26.28,64.40,100,0,35.22,101.30,151.00,1393.00,null,null,null
2023-09-12T17:57:04Z,26.26,64.46,100,0,32.15,101.30,148.00,1376.00,null,null,null
2023-09-12T17:58:04Z,26.26,64.43,100,0,32.07,101.31,147.00,1367.00,null,null,null
2023-09-12T17:59:04Z,26.28,64.89,100,0,35.57,101.30,147.00,1367.00,null,null,null
2023-09-12T18:00:04Z,26.25,64.78,100,0,35.49,101.30,145.00,1352.00,1,1,1
2023-09-12T18:01:04Z,26.29,64.82,100,0,34.94,101.30,145.00,1352.00,null,null,null
2023-09-12T18:02:04Z,26.25,64.87,100,0,36.68,101.31,145.00,1352.00,null,null,null
2023-09-12T18:03:04Z,26.26,65.06,100,0,34.11,101.30,145.00,1352.00,null,null,null
2023-09-12T18:04:04Z,26.25,65.06,100,0,36.42,101.30,146.00,1360.00,null,null,null
2023-09-12T18:05:04Z,26.25,65.19,100,0,38.23,101.30,146.00,1360.00,4,4,4
2023-09-12T18:06:04Z,26.25,65.26,100,0,33.13,101.30,148.00,1376.00,null,null,null
2023-09-12T18:07:04Z,26.26,65.11,100,0,57.78,101.31,146.00,1364.00,null,null,null
2023-09-12T18:08:04Z,26.28,65.18,100,0,42.84,101.30,151.00,1393.00,null,null,null
2023-09-12T18:09:04Z,26.28,65.18,100,0,44.97,101.30,154.00,1416.00,null,null,null
2023-09-12T18:10:04Z,26.26,65.15,100,0,33.47,101.30,157.00,1432.00,2,4,4
2023-09-12T18:11:04Z,26.30,64.87,100,0,31.38,101.31,154.00,1416.00,null,null,null
2023-09-12T18:12:04Z,26.26,65.00,100,0,38.49,101.31,157.00,1432.00,null,null,null
2023-09-12T18:13:04Z,26.28,64.89,100,0,42.02,101.30,154.00,1416.00,null,null,null
2023-09-12T18:14:04Z,26.29,64.86,100,0,59.27,101.31,157.00,1432.00,null,null,null
2023-09-12T18:15:04Z,26.26,64.83,100,0,63.82,101.31,157.00,1432.00,0,0,0
2023-09-12T18:16:04Z,26.25,64.87,100,0,38.94,101.30,160.00,1453.00,null,null,null
2023-09-12T18:17:04Z,26.28,64.90,100,0,37.91,101.31,160.00,1453.00,null,null,null
2023-09-12T18:18:04Z,26.23,64.81,100,0,37.98,101.31,160.00,1453.00,null,null,null
2023-09-12T18:19:04Z,26.25,64.73,100,0,35.05,101.31,178.00,1509.00,null,null,null
2023-09-12T18:20:04Z,26.26,64.72,100,0,34.13,101.31,163.00,1470.00,8,10,10
2023-09-12T18:21:04Z,26.25,64.73,100,0,31.78,101.31,160.00,1453.00,null,null,null
2023-09-12T18:22:04Z,26.28,64.71,100,0,35.54,101.32,160.00,1453.00,null,null,null
2023-09-12T18:23:04Z,26.26,64.61,100,0,33.38,101.31,160.00,1453.00,null,null,null
2023-09-12T18:24:04Z,26.23,64.62,100,0,33.34,101.31,160.00,1453.00,null,null,null
2023-09-12T18:25:04Z,26.23,64.67,100,0,34.94,101.32,175.00,1505.00,1,1,1
2023-09-12T18:26:04Z,26.23,64.76,100,0,33.47,101.31,175.00,1505.00,null,null,null
2023-09-12T18:27:04Z,26.23,64.67,100,0,47.23,101.32,172.00,1501.00,null,null,null
2023-09-12T18:28:04Z,26.23,64.68,100,0,32.54,101.32,171.00,1499.00,null,null,null
2023-09-12T18:29:04Z,26.23,64.75,100,0,36.04,101.32,171.00,1499.00,null,null,null
2023-09-12T18:30:04Z,26.22,64.82,100,0,37.91,101.32,168.00,1495.00,4,4,4
2023-09-12T18:31:04Z,26.20,64.78,100,0,38.50,101.32,168.00,1495.00,null,null,null
2023-09-12T18:32:04Z,26.25,64.82,100,0,36.16,101.32,168.00,1495.00,null,null,null
2023-09-12T18:33:04Z,26.22,64.81,100,0,32.37,101.32,151.00,1393.00,null,null,null
2023-09-12T18:34:04Z,26.19,64.79,100,0,37.46,101.32,168.00,1495.00,null,null,null
2023-09-12T18:35:04Z,26.20,64.87,100,0,34.74,101.33,172.00,1501.00,2,2,2
2023-09-12T18:36:04Z,26.23,64.91,100,0,38.30,101.33,172.00,1501.00,null,null,null
2023-09-12T18:37:04Z,26.23,64.91,100,0,33.98,101.33,175.00,1505.00,null,null,null
2023-09-12T18:38:04Z,26.22,64.91,100,0,36.64,101.34,178.00,1509.00,null,null,null
2023-09-12T18:39:04Z,26.23,65.04,100,0,32.87,101.34,178.00,1509.00,null,null,null
2023-09-12T18:40:04Z,26.22,65.05,100,0,32.69,101.34,181.00,1515.00,3,3,3
2023-09-12T18:41:04Z,26.22,65.04,100,0,36.03,101.34,181.00,1515.00,null,null,null
2023-09-12T18:42:04Z,26.23,65.00,100,0,37.94,101.35,184.00,1519.00,null,null,null
2023-09-12T18:43:04Z,26.25,65.02,100,0,36.34,101.35,187.00,1523.00,null,null,null
2023-09-12T18:44:04Z,26.22,65.03,100,0,39.80,101.35,166.00,1491.00,null,null,null
2023-09-12T18:45:04Z,26.22,65.07,100,0,42.45,101.35,187.00,1523.00,0,0,0
2023-09-12T18:46:04Z,26.23,65.12,100,0,35.00,101.35,187.00,1523.00,null,null,null
2023-09-12T18:47:04Z,26.20,65.15,100,0,34.06,101.35,187.00,1523.00,null,null,null
2023-09-12T18:48:04Z,26.25,65.12,100,0,35.40,101.35,187.00,1523.00,null,null,null
2023-09-12T18:49:04Z,26.20,65.10,100,0,35.72,101.35,171.00,1499.00,null,null,null
2023-09-12T18:50:04Z,26.22,65.07,100,0,42.50,101.35,187.00,1523.00,2,2,2
2023-09-12T18:51:04Z,26.23,65.14,100,0,30.83,101.36,187.00,1523.00,null,null,null
2023-09-12T18:52:04Z,26.22,65.03,100,0,34.17,101.36,184.00,1519.00,null,null,null
2023-09-12T18:53:04Z,26.19,65.07,100,0,35.35,101.36,187.00,1523.00,null,null,null
2023-09-12T18:54:04Z,26.19,65.10,100,0,37.94,101.36,187.00,1523.00,null,null,null
2023-09-12T18:55:04Z,26.20,65.18,100,0,34.37,101.36,184.00,1519.00,2,2,2
2023-09-12T18:56:04Z,26.19,65.14,100,0,34.26,101.36,184.00,1519.00,null,null,null
2023-09-12T18:57:04Z,26.22,65.16,100,0,36.95,101.36,187.00,1523.00,null,null,null
2023-09-12T18:58:04Z,26.22,65.10,100,0,35.88,101.36,184.00,1519.00,null,null,null
2023-09-12T18:59:04Z,26.18,65.14,100,0,37.15,101.37,184.00,1519.00,null,null,null
2023-09-12T19:00:04Z,26.18,65.16,100,0,34.77,101.36,181.00,1515.00,1,5,5
2023-09-12T19:01:04Z,26.19,65.13,100,0,32.90,101.37,178.00,1509.00,null,null,null
2023-09-12T19:02:04Z,26.19,65.14,100,0,33.03,101.37,178.00,1509.00,null,null,null
2023-09-12T19:03:04Z,26.20,65.24,100,0,32.59,101.37,178.00,1509.00,null,null,null
2023-09-12T19:04:04Z,26.19,65.24,100,0,46.13,101.37,178.00,1509.00,null,null,null
2023-09-12T19:05:04Z,26.13,65.33,100,0,33.38,101.38,178.00,1509.00,2,3,3
2023-09-12T19:06:04Z,26.18,65.36,100,0,36.76,101.37,176.00,1506.00,null,null,null
2023-09-12T19:07:04Z,26.19,65.37,100,0,42.14,101.37,176.00,1506.00,null,null,null
2023-09-12T19:08:04Z,26.18,65.42,100,0,32.23,101.38,176.00,1506.00,null,null,null
2023-09-12T19:09:04Z,26.18,65.41,100,0,39.26,101.38,179.00,1512.00,null,null,null
2023-09-12T19:10:04Z,26.15,65.39,100,0,31.64,101.38,179.00,1512.00,3,3,3
2023-09-12T19:11:04Z,26.19,65.42,100,0,35.72,101.38,176.00,1506.00,null,null,null
2023-09-12T19:12:04Z,26.19,65.50,100,0,49.11,101.38,176.00,1506.00,null,null,null
2023-09-12T19:13:04Z,26.18,65.48,100,0,53.76,101.38,179.00,1512.00,null,null,null
2023-09-12T19:14:04Z,26.19,65.46,100,0,46.54,101.38,176.00,1506.00,null,null,null
2023-09-12T19:15:04Z,26.18,65.49,100,0,47.60,101.38,176.00,1506.00,5,8,8
2023-09-12T19:16:04Z,26.18,65.48,100,0,43.99,101.38,173.00,1502.00,null,null,null
2023-09-12T19:17:04Z,26.18,65.40,100,0,46.63,101.39,173.00,1502.00,null,null,null
2023-09-12T19:18:04Z,26.15,65.45,100,0,48.75,101.39,173.00,1502.00,null,null,null
2023-09-12T19:19:04Z,26.16,65.31,100,0,44.16,101.39,170.00,1498.00,null,null,null
2023-09-12T19:20:04Z,26.13,65.23,100,0,46.50,101.40,166.00,1495.00,1,6,6
2023-09-12T19:21:04Z,26.16,65.17,100,0,50.61,101.39,166.00,1491.00,null,null,null
2023-09-12T19:22:04Z,26.13,65.09,100,0,47.03,101.40,168.00,1495.00,null,null,null
2023-09-12T19:23:04Z,26.12,65.17,100,0,47.96,101.41,168.00,1495.00,null,null,null
2023-09-12T19:24:04Z,26.10,65.13,100,0,45.48,101.40,166.00,1491.00,null,null,null
2023-09-12T19:25:04Z,26.09,65.10,100,0,46.90,101.40,166.00,1491.00,3,3,9
2023-09-12T19:26:04Z,26.09,65.05,100,0,45.12,101.41,163.00,1474.00,null,null,null
2023-09-12T19:27:04Z,26.10,64.76,100,0,45.84,101.41,163.00,1474.00,null,null,null
2023-09-12T19:28:04Z,26.06,64.81,100,0,50.75,101.41,162.00,1465.00,null,null,null
2023-09-12T19:29:04Z,26.08,64.68,100,0,43.47,101.41,157.00,1436.00,null,null,null
2023-09-12T19:30:04Z,26.03,64.84,100,0,46.66,101.42,155.00,1420.00,2,3,3
2023-09-12T19:31:04Z,26.05,64.25,100,0,49.16,101.42,145.00,1356.00,null,null,null
2023-09-12T19:32:04Z,26.02,64.37,100,0,46.54,101.42,143.00,1341.00,null,null,null
2023-09-12T19:33:04Z,25.99,64.84,100,0,49.36,101.42,138.00,1310.00,null,null,null
2023-09-12T19:34:04Z,26.23,64.30,99,0,47.94,101.42,131.00,1266.00,null,null,null
2023-09-12T19:35:04Z,26.25,70.33,99,0,45.45,101.42,125.00,1224.00,2,2,2
2023-09-12T19:36:04Z,26.26,63.89,99,6,44.40,101.42,100.00,1060.00,null,null,null
