TIME,TEMP,HUM,BATT,LIGHT,NOISE_A,PRESS,CCS811_VOCS,CCS811_ECO2,PM_1,PM_25,PM_10
ISO 8601,C,%,%,Lux,dBA,kPa,ppb,ppm,ug/m3,ug/m3,ug/m3
Time,Temperature,Humidity,Battery,Light,Noise dBA,Barometric pressure,VOC Gas CCS811,eCO2 Gas CCS811,PM 1.0,PM 2.5,PM 10.0
,55,56,10,14,53,58,113,112,89,87,88
2023-08-12T00:00:01Z,23.72,64.16,99,0,35.93,101.53,264.00,1620.00,0,0,0
2023-08-12T00:01:01Z,23.73,64.21,99,0,35.94,101.53,255.00,1611.00,null,null,null
2023-08-12T00:02:01Z,23.75,64.19,99,0,36.27,101.54,259.00,1615.00,null,null,null
2023-08-12T00:03:01Z,23.73,64.18,99,0,36.08,101.54,236.00,1591.00,null,null,null
2023-08-12T00:04:01Z,23.72,64.18,99,0,36.38,101.53,259.00,1615.00,null,null,null
2023-08-12T00:05:01Z,23.73,64.15,99,0,36.13,101.53,255.00,1611.00,0,0,0
2023-08-12T00:06:01Z,23.73,64.22,99,0,36.30,101.53,252.00,1607.00,null,null,null
2023-08-12T00:07:01Z,23.75,64.15,99,0,36.31,101.53,259.00,1615.00,null,null,null
2023-08-12T00:08:01Z,23.75,64.18,99,0,36.14,101.53,229.00,1581.00,null,null,null
2023-08-12T00:09:01Z,23.75,64.15,99,0,36.07,101.53,229.00,1581.00,null,null,null
2023-08-12T00:10:01Z,23.73,64.15,99,0,35.86,101.53,229.00,1581.00,0,0,0
2023-08-12T00:11:01Z,23.75,64.22,99,0,36.08,101.53,255.00,1611.00,null,null,null
2023-08-12T00:12:01Z,23.75,64.20,99,0,32.10,101.54,226.00,1575.00,null,null,null
2023-08-12T00:13:01Z,23.76,64.20,99,0,36.10,101.53,226.00,1575.00,null,null,null
2023-08-12T00:14:01Z,23.75,64.19,99,0,36.35,101.53,226.00,1575.00,null,null,null
2023-08-12T00:15:01Z,23.76,64.18,99,0,36.58,101.53,229.00,1581.00,0,0,0
2023-08-12T00:16:01Z,23.75,64.21,99,0,36.61,101.53,226.00,1575.00,null,null,null
2023-08-12T00:17:01Z,23.78,64.22,99,0,36.70,101.52,236.00,1591.00,null,null,null
2023-08-12T00:18:01Z,23.79,64.21,99,0,36.43,101.51,236.00,1591.00,null,null,null
2023-08-12T00:19:01Z,23.76,64.22,99,0,36.61,101.51,240.00,1595.00,null,null,null
2023-08-12T00:20:01Z,23.73,64.19,99,0,36.38,101.51,240.00,1595.00,0,0,0
2023-08-12T00:21:01Z,23.76,64.21,99,0,36.63,101.52,264.00,1620.00,null,null,null
2023-08-12T00:22:01Z,23.78,64.16,99,0,36.52,101.52,236.00,1591.00,null,null,null
2023-08-12T00:23:01Z,23.78,64.13,99,0,36.59,101.52,236.00,1591.00,null,null,null
2023-08-12T00:24:01Z,23.76,64.16,99,0,36.81,101.52,236.00,1591.00,null,null,null
2023-08-12T00:25:01Z,23.76,64.16,99,0,36.03,101.52,236.00,1591.00,0,0,0
2023-08-12T00:26:01Z,23.75,64.19,99,0,36.03,101.51,232.00,1585.00,null,null,null
2023-08-12T00:27:01Z,23.78,64.16,99,0,36.05,101.51,232.00,1585.00,null,null,null
2023-08-12T00:28:01Z,23.78,64.14,99,0,36.40,101.51,232.00,1585.00,null,null,null
2023-08-12T00:29:01Z,23.76,64.16,99,0,35.77,101.51,229.00,1581.00,null,null,null
2023-08-12T00:30:01Z,23.78,64.15,99,0,36.04,101.51,232.00,1585.00,0,0,0
2023-08-12T00:31:01Z,23.76,64.17,99,0,36.50,101.51,226.00,1575.00,null,null,null
2023-08-12T00:32:01Z,23.81,64.14,99,0,35.81,101.51,232.00,1585.00,null,null,null
2023-08-12T00:33:01Z,23.79,64.13,99,0,36.63,101.51,229.00,1581.00,null,null,null
2023-08-12T00:34:01Z,23.79,64.18,99,0,36.52,101.51,232.00,1585.00,null,null,null
2023-08-12T00:35:01Z,23.78,64.12,99,0,36.37,101.51,229.00,1581.00,0,0,0
2023-08-12T00:36:01Z,23.79,64.16,99,0,36.33,101.50,229.00,1581.00,null,null,null
2023-08-12T00:37:01Z,23.81,64.11,99,0,37.53,101.50,229.00,1581.00,null,null,null
2023-08-12T00:38:01Z,23.79,64.15,99,0,36.37,101.50,229.00,1581.00,null,null,null
2023-08-12T00:39:01Z,23.79,64.10,99,0,36.53,101.50,229.00,1581.00,null,null,null
2023-08-12T00:40:01Z,23.78,64.10,99,0,36.33,101.50,229.00,1581.00,0,0,0
2023-08-12T00:41:01Z,23.81,64.11,99,0,36.20,101.50,226.00,1575.00,null,null,null
2023-08-12T00:42:01Z,23.81,64.13,99,0,36.77,101.50,229.00,1581.00,null,null,null
2023-08-12T00:43:01Z,23.78,64.08,99,0,35.76,101.50,226.00,1575.00,null,null,null
2023-08-12T00:44:01Z,23.79,64.04,99,0,36.28,101.50,229.00,1581.00,null,null,null
2023-08-12T00:45:01Z,23.81,64.07,99,0,36.51,101.50,226.00,1575.00,0,0,0
2023-08-12T00:46:01Z,23.79,64.13,99,0,36.27,101.50,226.00,1575.00,null,null,null
2023-08-12T00:47:01Z,23.82,64.10,99,0,36.07,101.50,226.00,1575.00,null,null,null
2023-08-12T00:48:01Z,23.81,64.13,99,0,36.14,101.50,226.00,1575.00,null,null,null
2023-08-12T00:49:01Z,23.79,64.13,99,0,36.38,101.50,226.00,1575.00,null,null,null
2023-08-12T00:50:01Z,23.79,64.06,99,0,36.93,101.50,226.00,1575.00,0,0,0
2023-08-12T00:51:01Z,23.79,64.12,99,0,36.61,101.50,226.00,1575.00,null,null,null
2023-08-12T00:52:01Z,23.78,64.07,99,0,36.03,101.50,229.00,1581.00,null,null,null
2023-08-12T00:53:01Z,23.78,64.05,99,0,35.18,101.50,226.00,1575.00,null,null,null
2023-08-12T00:54:01Z,23.79,64.10,99,0,36.45,101.50,229.00,1581.00,null,null,null
2023-08-12T00:55:01Z,23.78,64.06,99,0,37.27,101.50,226.00,1575.00,0,0,0
2023-08-12T00:56:01Z,23.81,64.11,99,0,35.76,101.50,229.00,1581.00,null,null,null
2023-08-12T00:57:01Z,23.78,64.08,99,0,36.09,101.50,226.00,1575.00,null,null,null
2023-08-12T00:58:01Z,23.79,64.05,99,0,36.08,101.50,226.00,1575.00,null,null,null
2023-08-12T00:59:01Z,23.79,64.04,99,0,36.11,101.51,226.00,1575.00,null,null,null
2023-08-12T01:00:01Z,23.79,64.05,99,0,36.58,101.50,222.00,1571.00,0,0,0
2023-08-12T01:01:01Z,23.79,64.10,99,0,36.03,101.50,226.00,1575.00,null,null,null
2023-08-12T01:02:01Z,23.82,64.01,99,0,35.65,101.50,226.00,1575.00,null,null,null
2023-08-12T01:03:01Z,23.79,64.02,99,0,35.89,101.49,226.00,1575.00,null,null,null
2023-08-12T01:04:01Z,23.79,64.05,99,0,36.41,101.49,229.00,1581.00,null,null,null
2023-08-12T01:05:01Z,23.79,64.04,99,0,36.40,101.49,226.00,1575.00,0,0,0
2023-08-12T01:06:01Z,23.79,64.04,99,0,36.19,101.49,229.00,1581.00,null,null,null
2023-08-12T01:07:01Z,23.81,64.07,99,0,36.14,101.49,226.00,1575.00,null,null,null
2023-08-12T01:08:01Z,23.78,64.05,99,0,35.99,101.49,229.00,1581.00,null,null,null
2023-08-12T01:09:01Z,23.81,64.02,99,0,36.60,101.49,222.00,1571.00,null,null,null
2023-08-12T01:10:01Z,23.79,64.06,99,0,36.04,101.49,226.00,1575.00,0,0,0
2023-08-12T01:11:01Z,23.81,64.08,99,0,36.70,101.49,222.00,1571.00,null,null,null
2023-08-12T01:12:01Z,23.81,63.97,99,0,36.15,101.49,222.00,1571.00,null,null,null
2023-08-12T01:13:01Z,23.81,64.01,99,0,36.38,101.50,222.00,1571.00,null,null,null
2023-08-12T01:14:01Z,23.79,63.98,99,0,36.03,101.49,222.00,1571.00,null,null,null
2023-08-12T01:15:01Z,23.78,64.00,99,0,36.82,101.49,222.00,1571.00,0,0,0
2023-08-12T01:16:01Z,23.78,64.03,99,0,36.11,101.49,222.00,1571.00,null,null,null
2023-08-12T01:17:01Z,23.81,64.01,99,0,36.25,101.48,219.00,1566.00,null,null,null
2023-08-12T01:18:01Z,23.81,64.03,99,0,36.02,101.48,219.00,1566.00,null,null,null
2023-08-12T01:19:01Z,23.81,64.00,99,0,35.98,101.48,222.00,1571.00,null,null,null
2023-08-12T01:20:01Z,23.79,63.99,99,0,35.83,101.48,219.00,1566.00,0,0,0
2023-08-12T01:21:01Z,23.78,64.04,99,0,36.25,101.48,222.00,1571.00,null,null,null
2023-08-12T01:22:01Z,23.76,64.00,99,0,36.29,101.48,219.00,1566.00,null,null,null
2023-08-12T01:23:01Z,23.78,63.99,99,0,35.94,101.48,222.00,1571.00,null,null,null
2023-08-12T01:24:01Z,23.79,63.98,99,0,36.83,101.48,222.00,1571.00,null,null,null
2023-08-12T01:25:01Z,23.76,63.97,99,0,36.58,101.48,226.00,1575.00,0,0,0
2023-08-12T01:26:01Z,23.78,64.00,99,0,36.10,101.49,226.00,1575.00,null,null,null
2023-08-12T01:27:01Z,23.79,63.97,99,0,36.79,101.49,226.00,1575.00,null,null,null
2023-08-12T01:28:01Z,23.76,63.92,99,0,36.26,101.49,229.00,1581.00,null,null,null
2023-08-12T01:29:01Z,23.76,63.91,99,0,36.60,101.49,226.00,1575.00,null,null,null
2023-08-12T01:30:01Z,23.76,63.94,99,0,36.19,101.48,229.00,1581.00,0,0,0
2023-08-12T01:31:01Z,23.78,64.01,99,0,36.07,101.48,226.00,1575.00,null,null,null
2023-08-12T01:32:01Z,23.79,63.94,99,0,35.96,101.48,226.00,1575.00,null,null,null
2023-08-12T01:33:01Z,23.76,63.94,99,0,36.30,101.48,222.00,1571.00,null,null,null
2023-08-12T01:34:01Z,23.78,63.92,99,0,36.50,101.48,226.00,1575.00,null,null,null
2023-08-12T01:35:01Z,23.76,63.97,99,0,36.34,101.48,222.00,1571.00,0,0,0
2023-08-12T01:36:01Z,23.75,63.97,99,0,36.07,101.49,222.00,1571.00,null,null,null
2023-08-12T01:37:01Z,23.76,63.93,99,0,36.63,101.49,222.00,1571.00,null,null,null
2023-08-12T01:38:01Z,23.76,63.88,99,0,36.32,101.49,222.00,1571.00,null,null,null
2023-08-12T01:39:01Z,23.73,63.91,99,0,36.45,101.49,222.00,1571.00,null,null,null
2023-08-12T01:40:01Z,23.76,63.94,99,0,36.24,101.49,243.00,1598.00,0,0,0
2023-08-12T01:41:01Z,23.75,63.94,99,0,36.40,101.49,219.00,1566.00,null,null,null
2023-08-12T01:42:01Z,23.76,63.90,99,0,36.44,101.48,219.00,1566.00,null,null,null
2023-08-12T01:43:01Z,23.75,63.95,99,0,35.80,101.48,222.00,1571.00,null,null,null
2023-08-12T01:44:01Z,23.75,63.88,99,0,36.38,101.48,219.00,1566.00,null,null,null
2023-08-12T01:45:01Z,23.75,63.92,99,0,36.91,101.48,222.00,1571.00,0,0,0
2023-08-12T01:46:01Z,23.72,63.95,99,0,36.13,101.47,222.00,1571.00,null,null,null
2023-08-12T01:47:01Z,23.75,63.95,99,0,35.95,101.47,252.00,1607.00,null,null,null
2023-08-12T01:48:01Z,23.73,63.97,99,0,36.64,101.47,226.00,1575.00,null,null,null
2023-08-12T01:49:01Z,23.75,63.92,99,0,36.25,101.47,255.00,1611.00,null,null,null
2023-08-12T01:50:01Z,23.72,63.94,99,0,31.11,101.48,232.00,1585.00,0,0,0
2023-08-12T01:51:01Z,23.73,63.95,99,0,35.78,101.48,259.00,1615.00,null,null,null
2023-08-12T01:52:01Z,23.73,63.91,99,0,36.20,101.48,264.00,1620.00,null,null,null
2023-08-12T01:53:01Z,23.75,63.90,99,0,37.53,101.48,259.00,1615.00,null,null,null
2023-08-12T01:54:01Z,23.73,63.89,99,0,37.74,101.47,232.00,1585.00,null,null,null
2023-08-12T01:55:01Z,23.71,63.86,99,0,36.66,101.48,255.00,1611.00,0,0,0
2023-08-12T01:56:01Z,23.73,63.91,99,0,42.63,101.48,255.00,1611.00,null,null,null
2023-08-12T01:57:01Z,23.69,63.92,99,0,36.30,101.48,259.00,1615.00,null,null,null
2023-08-12T01:58:01Z,23.73,63.86,99,0,36.27,101.48,255.00,1611.00,null,null,null
2023-08-12T01:59:01Z,23.72,63.87,99,0,36.69,101.48,255.00,1611.00,null,null,null
2023-08-12T02:00:01Z,23.71,63.90,99,0,35.98,101.48,255.00,1611.00,0,0,0
2023-08-12T02:01:01Z,23.71,63.90,99,0,36.23,101.48,259.00,1615.00,null,null,null
2023-08-12T02:02:01Z,23.72,63.86,99,0,36.62,101.48,255.00,1611.00,null,null,null
2023-08-12T02:03:01Z,23.72,63.85,99,0,36.20,101.48,252.00,1607.00,null,null,null
2023-08-12T02:04:01Z,23.68,63.82,99,0,37.21,101.47,255.00,1611.00,null,null,null
2023-08-12T02:05:01Z,23.68,63.89,99,0,36.55,101.48,252.00,1607.00,0,0,0
2023-08-12T02:06:01Z,23.68,63.84,99,0,36.21,101.47,247.00,1602.00,null,null,null
2023-08-12T02:07:01Z,23.68,63.81,99,0,36.50,101.48,247.00,1602.00,null,null,null
2023-08-12T02:08:01Z,23.66,63.84,99,0,36.79,101.48,247.00,1602.00,null,null,null
2023-08-12T02:09:01Z,23.66,63.80,99,0,36.35,101.48,243.00,1598.00,null,null,null
2023-08-12T02:10:01Z,23.62,63.82,99,0,42.90,101.48,243.00,1598.00,0,0,0
2023-08-12T02:11:01Z,23.65,63.83,99,0,36.66,101.48,247.00,1602.00,null,null,null
2023-08-12T02:12:01Z,23.64,63.81,99,0,36.34,101.48,252.00,1607.00,null,null,null
2023-08-12T02:13:01Z,23.64,63.79,99,0,36.75,101.48,255.00,1611.00,null,null,null
2023-08-12T02:14:01Z,23.59,63.80,99,0,36.36,101.48,252.00,1607.00,null,null,null
2023-08-12T02:15:01Z,23.62,63.75,99,0,36.48,101.47,255.00,1611.00,0,0,0
2023-08-12T02:16:01Z,23.61,63.88,99,0,35.91,101.48,255.00,1611.00,null,null,null
2023-08-12T02:17:01Z,23.61,63.82,99,0,36.53,101.47,255.00,1611.00,null,null,null
2023-08-12T02:18:01Z,23.62,63.80,99,0,36.42,101.47,255.00,1611.00,null,null,null
2023-08-12T02:19:01Z,23.61,63.84,99,0,36.51,101.47,252.00,1607.00,null,null,null
2023-08-12T02:20:01Z,23.61,63.83,99,0,36.65,101.47,255.00,1611.00,0,0,0
2023-08-12T02:21:01Z,23.61,63.84,99,0,36.57,101.47,247.00,1602.00,null,null,null
2023-08-12T02:22:01Z,23.61,63.81,99,0,36.77,101.47,247.00,1602.00,null,null,null
2023-08-12T02:23:01Z,23.61,63.82,99,0,36.56,101.47,243.00,1598.00,null,null,null
2023-08-12T02:24:01Z,23.57,63.79,99,0,36.29,101.47,243.00,1598.00,null,null,null
2023-08-12T02:25:01Z,23.61,63.79,99,0,36.71,101.47,243.00,1598.00,0,0,0
2023-08-12T02:26:01Z,23.61,63.86,99,0,36.34,101.46,240.00,1595.00,null,null,null
2023-08-12T02:27:01Z,23.58,63.77,99,0,36.27,101.46,240.00,1595.00,null,null,null
2023-08-12T02:28:01Z,23.61,63.81,99,0,36.76,101.46,240.00,1595.00,null,null,null
2023-08-12T02:29:01Z,23.57,63.80,99,0,36.35,101.46,240.00,1595.00,null,null,null
2023-08-12T02:30:01Z,23.58,63.83,99,0,36.55,101.46,236.00,1591.00,0,0,0
2023-08-12T02:31:01Z,23.57,63.87,99,0,36.71,101.46,236.00,1591.00,null,null,null
2023-08-12T02:32:01Z,23.59,63.78,99,0,36.35,101.46,236.00,1591.00,null,null,null
2023-08-12T02:33:01Z,23.57,63.80,99,0,36.50,101.46,236.00,1591.00,null,null,null
2023-08-12T02:34:01Z,23.55,63.78,99,0,36.76,101.46,233.00,1586.00,null,null,null
2023-08-12T02:35:01Z,23.58,63.80,99,0,36.43,101.46,233.00,1586.00,0,0,0
2023-08-12T02:36:01Z,23.55,63.87,99,0,36.53,101.46,233.00,1586.00,null,null,null
2023-08-12T02:37:01Z,23.57,63.80,99,0,36.35,101.46,233.00,1586.00,null,null,null
2023-08-12T02:38:01Z,23.58,63.80,99,0,37.30,101.46,233.00,1586.00,null,null,null
2023-08-12T02:39:01Z,23.57,63.80,99,0,36.28,101.46,233.00,1586.00,null,null,null
2023-08-12T02:40:01Z,23.57,63.80,99,0,36.45,101.46,229.00,1581.00,0,0,0
2023-08-12T02:41:01Z,23.57,63.84,99,0,30.71,101.46,226.00,1575.00,null,null,null
2023-08-12T02:42:01Z,23.57,63.77,99,0,36.48,101.46,229.00,1581.00,null,null,null
2023-08-12T02:43:01Z,23.58,63.75,99,0,32.01,101.46,226.00,1575.00,null,null,null
2023-08-12T02:44:01Z,23.55,63.77,99,0,33.81,101.46,226.00,1575.00,null,null,null
2023-08-12T02:45:01Z,23.54,63.76,99,0,36.33,101.46,222.00,1571.00,0,0,0
2023-08-12T02:46:01Z,23.54,63.84,99,0,32.10,101.47,226.00,1575.00,null,null,null
2023-08-12T02:47:01Z,23.57,63.83,99,0,31.45,101.47,222.00,1571.00,null,null,null
2023-08-12T02:48:01Z,23.55,63.81,99,0,31.84,101.47,222.00,1571.00,null,null,null
2023-08-12T02:49:01Z,23.54,63.77,99,0,31.97,101.48,222.00,1571.00,null,null,null
2023-08-12T02:50:01Z,23.57,63.80,99,0,31.31,101.48,222.00,1571.00,0,0,0
2023-08-12T02:51:01Z,23.55,63.81,99,0,31.91,101.49,222.00,1571.00,null,null,null
2023-08-12T02:52:01Z,23.55,63.80,99,0,31.12,101.49,217.00,1563.00,null,null,null
2023-08-12T02:53:01Z,23.55,63.78,99,0,35.92,101.48,222.00,1571.00,null,null,null
2023-08-12T02:54:01Z,23.52,63.75,99,0,35.85,101.48,222.00,1571.00,null,null,null
2023-08-12T02:55:01Z,23.52,63.77,99,0,35.62,101.48,217.00,1563.00,0,0,0
2023-08-12T02:56:01Z,23.55,63.79,99,0,35.89,101.49,217.00,1563.00,null,null,null
2023-08-12T02:57:01Z,23.54,63.78,99,0,36.40,101.49,222.00,1571.00,null,null,null
2023-08-12T02:58:01Z,23.57,63.76,99,0,36.56,101.49,217.00,1563.00,null,null,null
2023-08-12T02:59:01Z,23.52,63.76,99,0,36.59,101.49,222.00,1571.00,null,null,null
