TIME,TEMP,HUM,BATT,LIGHT,NOISE_A,PRESS,CCS811_VOCS,CCS811_ECO2,PM_1,PM_25,PM_10
ISO 8601,C,%,%,Lux,dBA,kPa,ppb,ppm,ug/m3,ug/m3,ug/m3
Time,Temperature,Humidity,Battery,Light,Noise dBA,Barometric pressure,VOC Gas CCS811,eCO2 Gas CCS811,PM 1.0,PM 2.5,PM 10.0
,55,56,10,14,53,58,113,112,89,87,88
2023-09-09T00:00:03Z,26.87,62.36,99,0,49.98,101.62,50.00,733.00,0,0,0
2023-09-09T00:01:03Z,26.88,62.34,99,0,48.44,101.62,47.00,710.00,null,null,null
2023-09-09T00:02:03Z,26.88,62.33,99,0,49.64,101.63,49.00,728.00,null,null,null
2023-09-09T00:03:03Z,26.87,62.32,99,0,48.01,101.62,49.00,728.00,null,null,null
2023-09-09T00:04:03Z,26.82,62.27,99,0,49.87,101.63,49.00,728.00,null,null,null
2023-09-09T00:05:03Z,26.82,62.29,99,0,47.76,101.63,47.00,715.00,0,0,0
2023-09-09T00:06:03Z,26.84,62.34,99,0,50.32,101.63,47.00,710.00,null,null,null
2023-09-09T00:07:03Z,26.84,62.34,99,0,50.07,101.63,47.00,715.00,null,null,null
2023-09-09T00:08:03Z,26.81,62.29,99,0,48.94,101.63,47.00,715.00,null,null,null
2023-09-09T00:09:03Z,26.77,62.37,99,0,50.54,101.63,47.00,710.00,null,null,null
2023-09-09T00:10:03Z,26.78,62.38,99,0,50.97,101.63,47.00,710.00,0,0,0
2023-09-09T00:11:03Z,26.75,62.37,99,0,49.35,101.62,45.00,700.00,null,null,null
2023-09-09T00:12:03Z,26.75,62.29,99,0,48.78,101.63,47.00,710.00,null,null,null
2023-09-09T00:13:03Z,26.74,62.32,99,0,49.77,101.62,46.00,706.00,null,null,null
2023-09-09T00:14:03Z,26.74,62.31,99,0,50.01,101.63,55.00,765.00,null,null,null
2023-09-09T00:15:03Z,26.72,62.31,99,0,48.59,101.62,54.00,759.00,0,0,0
2023-09-09T00:16:03Z,26.75,62.42,99,0,48.24,101.62,53.00,752.00,null,null,null
2023-09-09T00:17:03Z,26.72,62.42,99,0,51.20,101.62,45.00,700.00,null,null,null
2023-09-09T00:18:03Z,26.68,62.41,99,0,50.07,101.62,54.00,759.00,null,null,null
2023-09-09T00:19:03Z,26.68,62.46,99,0,51.50,101.62,54.00,759.00,null,null,null
2023-09-09T00:20:03Z,26.67,62.49,99,0,50.84,101.62,54.00,759.00,0,0,0
2023-09-09T00:21:03Z,26.68,62.45,99,0,49.04,101.62,53.00,752.00,null,null,null
2023-09-09T00:22:03Z,26.64,62.49,99,0,49.05,101.62,54.00,759.00,null,null,null
2023-09-09T00:23:03Z,26.64,62.59,99,0,48.16,101.62,54.00,759.00,null,null,null
2023-09-09T00:24:03Z,26.62,62.59,99,0,50.62,101.62,54.00,759.00,null,null,null
2023-09-09T00:25:03Z,26.61,62.63,99,0,49.61,101.62,54.00,759.00,0,0,0
2023-09-09T00:26:03Z,26.62,62.59,99,0,50.58,101.62,52.00,744.00,null,null,null
2023-09-09T00:27:03Z,26.61,62.68,99,0,49.15,101.62,54.00,759.00,null,null,null
2023-09-09T00:28:03Z,26.58,62.66,99,0,49.89,101.62,53.00,752.00,null,null,null
2023-09-09T00:29:03Z,26.58,62.76,99,0,51.84,101.62,53.00,752.00,null,null,null
2023-09-09T00:30:03Z,26.57,62.89,99,0,51.66,101.62,52.00,744.00,0,0,0
2023-09-09T00:31:03Z,26.55,62.91,99,0,51.31,101.62,52.00,744.00,null,null,null
2023-09-09T00:32:03Z,26.57,62.83,99,0,50.99,101.62,53.00,749.00,null,null,null
2023-09-09T00:33:03Z,26.55,62.92,99,0,48.29,101.62,53.00,749.00,null,null,null
2023-09-09T00:34:03Z,26.54,62.91,99,0,50.41,101.62,53.00,749.00,null,null,null
2023-09-09T00:35:03Z,26.54,62.95,99,0,51.20,101.61,54.00,757.00,0,0,0
2023-09-09T00:36:03Z,26.49,63.02,99,0,48.99,101.62,52.00,744.00,null,null,null
2023-09-09T00:37:03Z,26.52,63.08,99,0,48.37,101.62,54.00,761.00,null,null,null
2023-09-09T00:38:03Z,26.51,63.08,99,0,51.78,101.62,54.00,761.00,null,null,null
2023-09-09T00:39:03Z,26.49,63.08,99,0,50.78,101.61,54.00,761.00,null,null,null
2023-09-09T00:40:03Z,26.45,63.15,99,0,52.26,101.61,54.00,761.00,0,0,0
2023-09-09T00:41:03Z,26.47,63.09,99,0,47.82,101.62,53.00,749.00,null,null,null
2023-09-09T00:42:03Z,26.49,63.24,99,0,38.73,101.61,54.00,761.00,null,null,null
2023-09-09T00:43:03Z,26.51,63.25,99,0,31.39,101.61,56.00,768.00,null,null,null
2023-09-09T00:44:03Z,26.52,63.51,99,0,31.17,101.61,56.00,768.00,null,null,null
2023-09-09T00:45:03Z,26.52,63.66,99,0,35.22,101.61,57.00,778.00,0,0,0
2023-09-09T00:46:03Z,26.54,63.62,99,0,42.11,101.61,58.00,785.00,null,null,null
2023-09-09T00:47:03Z,26.55,63.63,99,0,32.73,101.61,62.00,810.00,null,null,null
2023-09-09T00:48:03Z,26.54,63.70,99,0,29.91,101.61,64.00,821.00,null,null,null
2023-09-09T00:49:03Z,26.57,63.75,99,0,33.00,101.61,65.00,830.00,null,null,null
2023-09-09T00:50:03Z,26.55,63.76,99,0,32.40,101.61,65.00,827.00,0,0,0
2023-09-09T00:51:03Z,26.55,63.77,99,0,31.25,101.61,65.00,827.00,null,null,null
2023-09-09T00:52:03Z,26.57,63.72,99,0,32.29,101.61,68.00,851.00,null,null,null
2023-09-09T00:53:03Z,26.57,63.71,99,0,32.82,101.61,70.00,865.00,null,null,null
2023-09-09T00:54:03Z,26.55,63.77,99,0,31.56,101.61,71.00,872.00,null,null,null
2023-09-09T00:55:03Z,26.54,63.85,99,0,32.29,101.61,72.00,874.00,0,0,0
2023-09-09T00:56:03Z,26.57,63.93,99,0,29.40,101.61,70.00,865.00,null,null,null
2023-09-09T00:57:03Z,26.57,63.88,99,0,31.63,101.61,73.00,882.00,null,null,null
2023-09-09T00:58:03Z,26.54,63.84,99,0,30.04,101.61,74.00,887.00,null,null,null
2023-09-09T00:59:03Z,26.55,63.87,99,0,29.81,101.60,75.00,897.00,null,null,null
2023-09-09T01:00:03Z,26.54,63.89,99,0,30.02,101.60,76.00,905.00,0,0,0
2023-09-09T01:01:03Z,26.55,63.91,99,0,32.55,101.60,74.00,887.00,null,null,null
2023-09-09T01:02:03Z,26.55,63.93,99,0,33.97,101.60,78.00,915.00,null,null,null
2023-09-09T01:03:03Z,26.54,63.97,99,0,31.52,101.60,78.00,915.00,null,null,null
2023-09-09T01:04:03Z,26.54,63.96,99,0,31.52,101.61,79.00,923.00,null,null,null
2023-09-09T01:05:03Z,26.54,64.00,99,0,31.78,101.60,79.00,923.00,0,0,0
2023-09-09T01:06:03Z,26.55,64.04,99,0,30.58,101.60,78.00,915.00,null,null,null
2023-09-09T01:07:03Z,26.55,64.09,99,0,31.82,101.60,80.00,927.00,null,null,null
2023-09-09T01:08:03Z,26.52,64.00,99,0,31.67,101.60,82.00,940.00,null,null,null
2023-09-09T01:09:03Z,26.52,64.09,99,0,29.81,101.60,82.00,940.00,null,null,null
2023-09-09T01:10:03Z,26.52,64.13,99,0,32.94,101.60,82.00,940.00,0,0,0
2023-09-09T01:11:03Z,26.54,64.11,99,0,32.10,101.60,82.00,940.00,null,null,null
2023-09-09T01:12:03Z,26.52,64.12,99,0,30.34,101.60,85.00,959.00,null,null,null
2023-09-09T01:13:03Z,26.55,64.13,99,0,30.06,101.60,85.00,959.00,null,null,null
2023-09-09T01:14:03Z,26.52,64.13,99,0,30.57,101.60,85.00,959.00,null,null,null
2023-09-09T01:15:03Z,26.51,64.23,99,0,33.36,101.60,86.00,967.00,0,0,0
2023-09-09T01:16:03Z,26.52,64.14,99,0,34.07,101.60,83.00,949.00,null,null,null
2023-09-09T01:17:03Z,26.51,64.16,99,0,32.50,101.59,86.00,967.00,null,null,null
2023-09-09T01:18:03Z,26.49,64.28,99,0,30.62,101.59,87.00,972.00,null,null,null
2023-09-09T01:19:03Z,26.52,64.25,99,0,37.24,101.60,87.00,977.00,null,null,null
2023-09-09T01:20:03Z,26.52,64.29,99,0,31.84,101.60,86.00,967.00,0,0,0
2023-09-09T01:21:03Z,26.51,64.22,99,0,34.02,101.60,85.00,961.00,null,null,null
2023-09-09T01:22:03Z,26.51,64.29,99,0,32.30,101.60,88.00,983.00,null,null,null
2023-09-09T01:23:03Z,26.51,64.18,99,0,30.92,101.60,89.00,987.00,null,null,null
2023-09-09T01:24:03Z,26.48,64.37,99,0,29.56,101.60,90.00,992.00,null,null,null
2023-09-09T01:25:03Z,26.48,64.41,99,0,30.09,101.60,89.00,987.00,0,0,0
2023-09-09T01:26:03Z,26.52,64.30,99,0,32.60,101.60,87.00,977.00,null,null,null
2023-09-09T01:27:03Z,26.48,64.36,99,0,31.63,101.59,90.00,997.00,null,null,null
2023-09-09T01:28:03Z,26.49,64.40,99,0,31.77,101.60,90.00,997.00,null,null,null
2023-09-09T01:29:03Z,26.48,64.37,99,0,31.31,101.60,90.00,997.00,null,null,null
2023-09-09T01:30:03Z,26.49,64.41,99,0,31.84,101.60,92.00,1007.00,0,0,0
2023-09-09T01:31:03Z,26.47,64.42,99,0,33.93,101.60,90.00,997.00,null,null,null
2023-09-09T01:32:03Z,26.51,64.44,99,0,31.17,101.60,92.00,1007.00,null,null,null
2023-09-09T01:33:03Z,26.48,64.49,99,0,33.80,101.60,92.00,1007.00,null,null,null
2023-09-09T01:34:03Z,26.48,64.49,99,0,32.96,101.60,92.00,1007.00,null,null,null
2023-09-09T01:35:03Z,26.44,64.62,99,0,30.78,101.60,93.00,1012.00,0,0,0
2023-09-09T01:36:03Z,26.45,64.51,99,0,31.58,101.60,93.00,1012.00,null,null,null
2023-09-09T01:37:03Z,26.45,64.56,99,0,32.31,101.60,93.00,1012.00,null,null,null
2023-09-09T01:38:03Z,26.45,64.58,99,0,31.30,101.59,94.00,1019.00,null,null,null
2023-09-09T01:39:03Z,26.45,64.57,99,0,30.85,101.59,94.00,1019.00,null,null,null
2023-09-09T01:40:03Z,26.44,64.56,99,0,31.76,101.59,94.00,1019.00,0,0,0
2023-09-09T01:41:03Z,26.45,64.54,99,0,32.28,101.59,94.00,1019.00,null,null,null
2023-09-09T01:42:03Z,26.45,64.58,99,0,30.46,101.59,97.00,1038.00,null,null,null
2023-09-09T01:43:03Z,26.44,64.56,99,0,30.67,101.59,97.00,1038.00,null,null,null
2023-09-09T01:44:03Z,26.44,64.64,99,0,31.61,101.58,97.00,1038.00,null,null,null
2023-09-09T01:45:03Z,26.41,64.54,99,0,30.98,101.59,97.00,1038.00,0,0,0
2023-09-09T01:46:03Z,26.43,64.57,99,0,31.36,101.58,94.00,1019.00,null,null,null
2023-09-09T01:47:03Z,26.43,64.61,99,0,30.75,101.59,97.00,1038.00,null,null,null
2023-09-09T01:48:03Z,26.41,64.59,99,0,31.00,101.59,97.00,1038.00,null,null,null
2023-09-09T01:49:03Z,26.41,64.67,99,0,30.16,101.59,97.00,1038.00,null,null,null
2023-09-09T01:50:03Z,26.40,64.74,99,0,31.57,101.59,97.00,1038.00,0,0,0
2023-09-09T01:51:03Z,26.40,64.63,99,0,33.17,101.59,93.00,1012.00,null,null,null
2023-09-09T01:52:03Z,26.40,64.69,99,0,29.25,101.59,97.00,1038.00,null,null,null
2023-09-09T01:53:03Z,26.41,64.79,99,0,29.98,101.59,94.00,1019.00,null,null,null
2023-09-09T01:54:03Z,26.41,64.72,99,0,32.72,101.59,94.00,1019.00,null,null,null
2023-09-09T01:55:03Z,26.38,64.74,99,0,30.18,101.59,97.00,1038.00,0,0,0
2023-09-09T01:56:03Z,26.40,64.77,99,0,31.37,101.59,94.00,1019.00,null,null,null
2023-09-09T01:57:03Z,26.37,64.78,99,0,31.72,101.59,94.00,1019.00,null,null,null
2023-09-09T01:58:03Z,26.37,64.82,99,0,29.90,101.59,97.00,1038.00,null,null,null
2023-09-09T01:59:03Z,26.37,64.83,99,0,30.35,101.59,94.00,1019.00,null,null,null
2023-09-09T02:00:03Z,26.37,64.79,99,0,32.28,101.59,94.00,1019.00,0,0,0
2023-09-09T02:01:03Z,26.38,64.84,99,0,30.85,101.59,92.00,1009.00,null,null,null
2023-09-09T02:02:03Z,26.37,64.87,99,0,31.86,101.59,97.00,1038.00,null,null,null
2023-09-09T02:03:03Z,26.36,64.79,99,0,32.76,101.59,97.00,1038.00,null,null,null
2023-09-09T02:04:03Z,26.36,64.82,99,0,31.24,101.59,97.00,1038.00,null,null,null
2023-09-09T02:05:03Z,26.34,64.76,99,0,30.85,101.59,97.00,1038.00,0,0,0
2023-09-09T02:06:03Z,26.33,64.84,99,0,31.11,101.59,94.00,1019.00,null,null,null
2023-09-09T02:07:03Z,26.36,64.85,99,0,30.85,101.59,97.00,1038.00,null,null,null
2023-09-09T02:08:03Z,26.31,64.87,99,0,31.63,101.59,97.00,1038.00,null,null,null
2023-09-09T02:09:03Z,26.34,64.87,99,0,30.43,101.59,97.00,1038.00,null,null,null
2023-09-09T02:10:03Z,26.31,65.03,99,0,36.95,101.59,97.00,1038.00,0,0,0
2023-09-09T02:11:03Z,26.33,65.00,99,0,32.82,101.59,94.00,1019.00,null,null,null
2023-09-09T02:12:03Z,26.31,64.97,99,0,31.16,101.59,98.00,1047.00,null,null,null
2023-09-09T02:13:03Z,26.31,64.94,99,0,33.27,101.59,98.00,1047.00,null,null,null
2023-09-09T02:14:03Z,26.34,64.96,99,0,30.81,101.59,98.00,1047.00,null,null,null
2023-09-09T02:15:03Z,26.30,65.06,99,0,34.05,101.59,98.00,1047.00,0,0,0
2023-09-09T02:16:03Z,26.31,65.04,99,0,29.44,101.59,97.00,1038.00,null,null,null
2023-09-09T02:17:03Z,26.30,64.98,99,0,32.14,101.59,99.00,1053.00,null,null,null
2023-09-09T02:18:03Z,26.33,64.89,99,0,30.17,101.59,99.00,1053.00,null,null,null
2023-09-09T02:19:03Z,26.31,64.99,99,0,31.51,101.59,99.00,1053.00,null,null,null
2023-09-09T02:20:03Z,26.27,65.02,99,0,29.88,101.59,99.00,1053.00,0,0,0
2023-09-09T02:21:03Z,26.28,64.94,99,0,31.16,101.59,97.00,1038.00,null,null,null
2023-09-09T02:22:03Z,26.31,64.92,99,0,31.70,101.59,99.00,1053.00,null,null,null
2023-09-09T02:23:03Z,26.30,65.02,99,0,33.12,101.59,101.00,1065.00,null,null,null
2023-09-09T02:24:03Z,26.30,64.91,99,0,31.90,101.59,101.00,1065.00,null,null,null
2023-09-09T02:25:03Z,26.30,65.08,99,0,33.03,101.59,101.00,1065.00,0,0,0
2023-09-09T02:26:03Z,26.30,65.08,99,0,31.56,101.59,99.00,1053.00,null,null,null
2023-09-09T02:27:03Z,26.30,65.12,99,0,29.74,101.59,102.00,1074.00,null,null,null
2023-09-09T02:28:03Z,26.28,64.87,99,0,31.78,101.59,102.00,1074.00,null,null,null
2023-09-09T02:29:03Z,26.28,64.94,99,0,30.64,101.59,104.00,1086.00,null,null,null
2023-09-09T02:30:03Z,26.27,65.15,99,0,32.67,101.59,104.00,1086.00,0,0,0
2023-09-09T02:31:03Z,26.27,65.03,99,0,31.31,101.59,102.00,1074.00,null,null,null
2023-09-09T02:32:03Z,26.27,64.97,99,0,31.25,101.59,104.00,1086.00,null,null,null
2023-09-09T02:33:03Z,26.30,65.06,99,0,31.06,101.59,104.00,1086.00,null,null,null
2023-09-09T02:34:03Z,26.27,64.97,99,0,36.45,101.59,106.00,1099.00,null,null,null
2023-09-09T02:35:03Z,26.28,65.01,99,0,31.18,101.58,104.00,1086.00,0,0,0
2023-09-09T02:36:03Z,26.26,65.03,99,0,32.48,101.59,102.00,1074.00,null,null,null
2023-09-09T02:37:03Z,26.24,64.99,99,0,32.37,101.58,104.00,1086.00,null,null,null
2023-09-09T02:38:03Z,26.26,65.04,99,0,36.24,101.58,117.00,1174.00,null,null,null
2023-09-09T02:39:03Z,26.26,65.02,99,0,31.88,101.58,104.00,1086.00,null,null,null
2023-09-09T02:40:03Z,26.23,65.04,99,0,33.36,101.58,104.00,1086.00,0,0,0
2023-09-09T02:41:03Z,26.23,65.00,99,0,31.89,101.59,114.00,1150.00,null,null,null
2023-09-09T02:42:03Z,26.24,65.07,99,0,29.40,101.58,115.00,1159.00,null,null,null
2023-09-09T02:43:03Z,26.24,65.05,99,0,35.19,101.58,117.00,1174.00,null,null,null
2023-09-09T02:44:03Z,26.20,64.94,99,0,31.25,101.58,115.00,1159.00,null,null,null
2023-09-09T02:45:03Z,26.21,64.97,99,0,31.81,101.58,115.00,1159.00,0,0,0
2023-09-09T02:46:03Z,26.24,65.00,99,0,29.44,101.58,114.00,1150.00,null,null,null
2023-09-09T02:47:03Z,26.23,64.94,99,0,31.59,101.58,115.00,1159.00,null,null,null
2023-09-09T02:48:03Z,26.21,64.94,99,0,33.99,101.58,115.00,1159.00,null,null,null
2023-09-09T02:49:03Z,26.20,64.94,99,0,32.45,101.58,114.00,1150.00,null,null,null
2023-09-09T02:50:03Z,26.20,64.98,99,0,30.93,101.58,114.00,1150.00,0,0,0
2023-09-09T02:51:03Z,26.19,65.04,99,0,30.89,101.58,112.00,1137.00,null,null,null
2023-09-09T02:52:03Z,26.19,65.03,99,0,29.67,101.58,114.00,1150.00,null,null,null
2023-09-09T02:53:03Z,26.19,64.92,99,0,32.03,101.58,112.00,1137.00,null,null,null
2023-09-09T02:54:03Z,26.17,64.93,99,0,31.30,101.57,112.00,1137.00,null,null,null
2023-09-09T02:55:03Z,26.16,65.07,99,0,31.42,101.57,112.00,1137.00,0,0,0
2023-09-09T02:56:03Z,26.16,64.99,99,0,32.79,101.57,109.00,1122.00,null,null,null
2023-09-09T02:57:03Z,26.16,64.94,99,0,31.18,101.58,111.00,1131.00,null,null,null
2023-09-09T02:58:03Z,26.14,65.06,99,0,32.31,101.57,109.00,1122.00,null,null,null
2023-09-09T02:59:03Z,26.13,65.01,99,0,28.81,101.57,111.00,1131.00,null,null,null
