TIME,TEMP,HUM,BATT,LIGHT,NOISE_A,PRESS,CCS811_VOCS,CCS811_ECO2,PM_1,PM_25,PM_10
ISO 8601,C,%,%,Lux,dBA,kPa,ppb,ppm,ug/m3,ug/m3,ug/m3
Time,Temperature,Humidity,Battery,Light,Noise dBA,Barometric pressure,VOC Gas CCS811,eCO2 Gas CCS811,PM 1.0,PM 2.5,PM 10.0
,55,56,10,14,53,58,113,112,89,87,88
2023-09-16T00:00:02Z,24.92,57.14,94,0,28.67,101.04,40.00,668.00,0,0,0
2023-09-16T00:01:02Z,24.94,57.14,94,0,31.57,101.03,41.00,675.00,null,null,null
2023-09-16T00:02:02Z,24.93,57.12,94,0,31.92,101.03,40.00,668.00,null,null,null
2023-09-16T00:03:02Z,24.93,57.17,94,0,29.20,101.03,43.00,686.00,null,null,null
2023-09-16T00:04:02Z,24.94,57.13,94,0,28.95,101.03,40.00,668.00,null,null,null
2023-09-16T00:05:02Z,24.90,57.14,94,0,26.57,101.03,40.00,668.00,0,0,0
2023-09-16T00:06:02Z,24.92,57.17,94,0,37.29,101.03,43.00,686.00,null,null,null
2023-09-16T00:07:02Z,24.93,57.18,94,0,27.60,101.03,40.00,668.00,null,null,null
2023-09-16T00:08:02Z,24.93,57.17,94,0,26.84,101.03,41.00,675.00,null,null,null
2023-09-16T00:09:02Z,24.93,57.13,94,0,27.53,101.03,41.00,675.00,null,null,null
2023-09-16T00:10:02Z,24.92,57.15,94,0,29.03,101.03,43.00,686.00,0,0,0
2023-09-16T00:11:02Z,24.92,57.14,94,0,29.44,101.03,41.00,675.00,null,null,null
2023-09-16T00:12:02Z,24.94,57.14,94,0,31.42,101.03,41.00,675.00,null,null,null
2023-09-16T00:13:02Z,24.92,57.19,94,0,28.78,101.03,43.00,686.00,null,null,null
2023-09-16T00:14:02Z,24.92,57.17,94,0,28.50,101.03,41.00,675.00,null,null,null
2023-09-16T00:15:02Z,24.92,57.19,94,0,27.97,101.03,41.00,675.00,0,0,0
2023-09-16T00:16:02Z,24.93,57.17,94,0,31.02,101.03,44.00,694.00,null,null,null
2023-09-16T00:17:02Z,24.92,57.18,94,0,28.55,101.03,41.00,675.00,null,null,null
2023-09-16T00:18:02Z,24.94,57.18,94,0,29.82,101.03,44.00,694.00,null,null,null
2023-09-16T00:19:02Z,24.93,57.21,94,0,27.47,101.03,41.00,675.00,null,null,null
2023-09-16T00:20:02Z,24.92,57.12,94,0,29.62,101.03,44.00,694.00,0,0,0
2023-09-16T00:21:02Z,24.93,57.15,94,0,27.32,101.03,41.00,675.00,null,null,null
2023-09-16T00:22:02Z,24.92,57.18,94,0,26.87,101.03,44.00,694.00,null,null,null
2023-09-16T00:23:02Z,24.90,57.18,94,0,33.09,101.03,41.00,675.00,null,null,null
2023-09-16T00:24:02Z,24.92,57.16,94,0,29.82,101.03,44.00,694.00,null,null,null
2023-09-16T00:25:02Z,24.92,57.18,94,0,27.45,101.03,41.00,675.00,0,0,0
2023-09-16T00:26:02Z,24.90,57.19,94,0,25.47,101.02,44.00,694.00,null,null,null
2023-09-16T00:27:02Z,24.92,57.15,94,0,29.18,101.02,43.00,686.00,null,null,null
2023-09-16T00:28:02Z,24.90,57.20,94,0,26.76,101.02,44.00,694.00,null,null,null
2023-09-16T00:29:02Z,24.92,57.22,94,0,28.22,101.02,45.00,700.00,null,null,null
2023-09-16T00:30:02Z,24.90,57.20,94,0,27.16,101.02,44.00,694.00,0,0,0
2023-09-16T00:31:02Z,24.92,57.24,94,0,27.66,101.02,43.00,686.00,null,null,null
2023-09-16T00:32:02Z,24.90,57.17,94,0,27.10,101.02,45.00,700.00,null,null,null
2023-09-16T00:33:02Z,24.90,57.21,94,0,27.89,101.02,45.00,700.00,null,null,null
2023-09-16T00:34:02Z,24.93,57.18,94,0,31.35,101.02,45.00,700.00,null,null,null
2023-09-16T00:35:02Z,24.90,57.19,94,0,36.12,101.02,45.00,700.00,0,0,0
2023-09-16T00:36:02Z,24.89,57.24,94,0,26.60,101.02,45.00,700.00,null,null,null
2023-09-16T00:37:02Z,24.92,57.16,94,0,30.21,101.02,45.00,700.00,null,null,null
2023-09-16T00:38:02Z,24.90,57.18,94,0,32.12,101.02,45.00,700.00,null,null,null
2023-09-16T00:39:02Z,24.90,57.19,94,0,31.88,101.02,45.00,700.00,null,null,null
2023-09-16T00:40:02Z,24.89,57.16,94,0,29.90,101.02,45.00,700.00,0,0,0
2023-09-16T00:41:02Z,24.87,57.25,94,0,26.93,101.02,46.00,708.00,null,null,null
2023-09-16T00:42:02Z,24.90,57.20,94,0,25.22,101.02,43.00,686.00,null,null,null
2023-09-16T00:43:02Z,24.90,57.18,94,0,26.76,101.02,44.00,694.00,null,null,null
2023-09-16T00:44:02Z,24.89,57.18,94,0,27.60,101.01,44.00,694.00,null,null,null
2023-09-16T00:45:02Z,24.87,57.21,94,0,31.69,101.02,46.00,708.00,0,0,0
2023-09-16T00:46:02Z,24.89,57.23,94,0,31.48,101.02,44.00,694.00,null,null,null
2023-09-16T00:47:02Z,24.90,57.20,94,0,29.57,101.02,44.00,694.00,null,null,null
2023-09-16T00:48:02Z,24.89,57.25,94,0,27.96,101.02,46.00,708.00,null,null,null
2023-09-16T00:49:02Z,24.87,57.21,94,0,25.73,101.01,43.00,686.00,null,null,null
2023-09-16T00:50:02Z,24.89,57.28,94,0,29.35,101.01,46.00,708.00,0,0,0
2023-09-16T00:51:02Z,24.89,57.20,94,0,27.77,101.01,43.00,686.00,null,null,null
2023-09-16T00:52:02Z,24.90,57.23,94,0,28.12,101.01,45.00,700.00,null,null,null
2023-09-16T00:53:02Z,24.89,57.20,94,0,30.29,101.01,46.00,708.00,null,null,null
2023-09-16T00:54:02Z,24.87,57.21,94,0,28.48,101.01,45.00,700.00,null,null,null
2023-09-16T00:55:02Z,24.86,57.25,94,0,30.06,101.01,45.00,700.00,0,0,0
2023-09-16T00:56:02Z,24.90,57.22,94,0,null,101.01,45.00,700.00,null,null,null
2023-09-16T00:57:02Z,24.87,57.23,94,0,25.47,101.01,46.00,708.00,null,null,null
2023-09-16T00:58:02Z,24.87,57.26,94,0,30.61,101.01,45.00,700.00,null,null,null
2023-09-16T00:59:02Z,24.87,57.25,94,0,32.10,101.01,47.00,710.00,null,null,null
2023-09-16T01:00:02Z,24.87,57.30,94,0,27.96,101.01,44.00,692.00,0,0,0
2023-09-16T01:01:02Z,24.87,57.26,94,0,29.16,101.01,45.00,700.00,null,null,null
2023-09-16T01:02:02Z,24.87,57.25,94,0,24.89,101.01,47.00,710.00,null,null,null
2023-09-16T01:03:02Z,24.87,57.23,94,0,28.76,101.01,45.00,700.00,null,null,null
2023-09-16T01:04:02Z,24.87,57.25,94,0,32.62,101.01,48.00,717.00,null,null,null
2023-09-16T01:05:02Z,24.89,57.23,94,0,35.45,101.00,45.00,700.00,0,0,0
2023-09-16T01:06:02Z,24.87,57.27,94,0,31.95,101.00,50.00,730.00,null,null,null
2023-09-16T01:07:02Z,24.87,57.26,94,0,28.14,101.01,45.00,700.00,null,null,null
2023-09-16T01:08:02Z,24.86,57.26,94,0,28.34,101.01,48.00,717.00,null,null,null
2023-09-16T01:09:02Z,24.87,57.24,94,0,30.28,101.01,45.00,700.00,null,null,null
2023-09-16T01:10:02Z,24.86,57.30,94,0,32.73,101.01,50.00,730.00,0,0,0
2023-09-16T01:11:02Z,24.86,57.28,94,0,31.30,101.01,45.00,700.00,null,null,null
2023-09-16T01:12:02Z,24.87,57.26,94,0,36.38,101.01,48.00,717.00,null,null,null
2023-09-16T01:13:02Z,24.87,57.28,94,0,24.23,101.01,45.00,700.00,null,null,null
2023-09-16T01:14:02Z,24.86,57.30,94,0,27.66,101.01,48.00,717.00,null,null,null
2023-09-16T01:15:02Z,24.86,57.29,94,0,29.93,101.01,47.00,710.00,0,0,0
2023-09-16T01:16:02Z,24.89,57.27,94,0,27.71,101.01,48.00,717.00,null,null,null
2023-09-16T01:17:02Z,24.87,57.29,94,0,27.60,101.01,47.00,710.00,null,null,null
2023-09-16T01:18:02Z,24.86,57.28,94,0,30.19,101.01,48.00,717.00,null,null,null
2023-09-16T01:19:02Z,24.86,57.29,94,0,26.38,101.01,47.00,710.00,null,null,null
2023-09-16T01:20:02Z,24.84,57.23,94,0,27.64,101.01,48.00,717.00,0,0,0
2023-09-16T01:21:02Z,24.86,57.29,94,0,30.22,101.00,48.00,717.00,null,null,null
2023-09-16T01:22:02Z,24.86,57.31,94,0,29.68,101.01,50.00,730.00,null,null,null
2023-09-16T01:23:02Z,24.83,57.26,94,0,29.11,101.01,48.00,717.00,null,null,null
2023-09-16T01:24:02Z,24.86,57.27,94,0,28.06,101.01,50.00,730.00,null,null,null
2023-09-16T01:25:02Z,24.84,57.27,94,0,31.84,101.01,47.00,710.00,0,0,0
2023-09-16T01:26:02Z,24.86,57.34,94,0,31.31,101.01,50.00,730.00,null,null,null
2023-09-16T01:27:02Z,24.86,57.31,94,0,29.16,101.00,50.00,730.00,null,null,null
2023-09-16T01:28:02Z,24.86,57.30,94,0,29.37,101.00,48.00,717.00,null,null,null
2023-09-16T01:29:02Z,24.86,57.35,94,0,29.03,101.00,51.00,737.00,null,null,null
2023-09-16T01:30:02Z,24.84,57.31,94,0,26.36,101.00,51.00,737.00,0,0,0
2023-09-16T01:31:02Z,24.84,57.30,94,0,28.02,101.00,51.00,737.00,null,null,null
2023-09-16T01:32:02Z,24.84,57.35,94,0,25.44,101.00,51.00,737.00,null,null,null
2023-09-16T01:33:02Z,24.86,57.30,94,0,28.91,101.00,51.00,737.00,null,null,null
2023-09-16T01:34:02Z,24.84,57.28,94,0,30.15,101.00,51.00,737.00,null,null,null
2023-09-16T01:35:02Z,24.82,57.31,94,0,30.15,101.00,51.00,737.00,0,0,0
2023-09-16T01:36:02Z,24.86,57.31,93,0,25.50,101.00,51.00,737.00,null,null,null
2023-09-16T01:37:02Z,24.86,57.34,94,0,28.77,101.00,51.00,737.00,null,null,null
2023-09-16T01:38:02Z,24.86,57.28,94,0,27.02,100.99,51.00,737.00,null,null,null
2023-09-16T01:39:02Z,24.84,57.32,94,0,27.20,100.99,51.00,737.00,null,null,null
2023-09-16T01:40:02Z,24.83,57.31,93,0,29.82,100.99,53.00,748.00,0,0,0
2023-09-16T01:41:02Z,24.83,57.32,93,0,29.56,100.99,53.00,748.00,null,null,null
2023-09-16T01:42:02Z,24.84,57.31,93,0,26.91,101.00,53.00,748.00,null,null,null
2023-09-16T01:43:02Z,24.82,57.29,94,0,27.49,100.99,53.00,748.00,null,null,null
2023-09-16T01:44:02Z,24.82,57.34,93,0,27.90,101.00,53.00,748.00,null,null,null
2023-09-16T01:45:02Z,24.82,57.31,94,0,28.70,100.99,53.00,748.00,0,0,0
2023-09-16T01:46:02Z,24.84,57.31,93,0,27.42,100.99,53.00,748.00,null,null,null
2023-09-16T01:47:02Z,24.84,57.35,93,0,27.97,100.99,53.00,748.00,null,null,null
2023-09-16T01:48:02Z,24.86,57.34,93,0,25.53,100.99,53.00,748.00,null,null,null
2023-09-16T01:49:02Z,24.83,57.34,93,0,27.40,100.99,53.00,748.00,null,null,null
2023-09-16T01:50:02Z,24.82,57.37,93,0,31.00,100.99,53.00,748.00,0,0,0
2023-09-16T01:51:02Z,24.82,57.30,93,0,26.69,100.99,51.00,737.00,null,null,null
2023-09-16T01:52:02Z,24.83,57.37,93,0,31.67,100.99,53.00,748.00,null,null,null
2023-09-16T01:53:02Z,24.83,57.29,93,0,29.40,100.99,53.00,748.00,null,null,null
2023-09-16T01:54:02Z,24.78,57.37,93,0,29.73,100.99,53.00,748.00,null,null,null
2023-09-16T01:55:02Z,24.83,57.34,93,0,28.88,100.99,51.00,737.00,0,0,0
2023-09-16T01:56:02Z,24.82,57.36,93,0,26.50,100.99,53.00,748.00,null,null,null
2023-09-16T01:57:02Z,24.83,57.33,93,0,28.14,100.99,53.00,748.00,null,null,null
2023-09-16T01:58:02Z,24.82,57.36,93,0,29.80,100.99,53.00,748.00,null,null,null
2023-09-16T01:59:02Z,24.83,57.33,93,0,27.40,101.00,53.00,748.00,null,null,null
2023-09-16T02:00:02Z,24.78,57.38,93,0,28.74,100.99,53.00,748.00,0,0,0
2023-09-16T02:01:02Z,24.82,57.39,93,0,33.15,100.99,53.00,748.00,null,null,null
2023-09-16T02:02:02Z,24.82,57.36,93,0,27.92,100.99,53.00,748.00,null,null,null
2023-09-16T02:03:02Z,24.82,57.37,93,0,null,101.00,53.00,748.00,null,null,null
2023-09-16T02:04:02Z,24.80,57.36,93,0,32.46,100.99,53.00,748.00,null,null,null
2023-09-16T02:05:02Z,24.83,57.41,93,0,29.80,101.00,53.00,754.00,0,0,0
2023-09-16T02:06:02Z,24.82,57.38,93,0,41.50,101.00,53.00,754.00,null,null,null
2023-09-16T02:07:02Z,24.80,57.38,93,0,28.04,101.00,53.00,754.00,null,null,null
2023-09-16T02:08:02Z,24.80,57.35,93,0,32.07,101.00,53.00,754.00,null,null,null
2023-09-16T02:09:02Z,24.80,57.35,93,0,28.91,100.99,53.00,748.00,null,null,null
2023-09-16T02:10:02Z,24.80,57.48,93,0,28.37,101.00,53.00,754.00,0,0,0
2023-09-16T02:11:02Z,24.82,57.41,93,0,30.86,101.00,53.00,754.00,null,null,null
2023-09-16T02:12:02Z,24.80,57.40,93,0,29.82,101.00,53.00,748.00,null,null,null
2023-09-16T02:13:02Z,24.80,57.38,93,0,31.25,101.00,53.00,748.00,null,null,null
2023-09-16T02:14:02Z,24.78,57.38,93,0,40.95,101.00,53.00,754.00,null,null,null
2023-09-16T02:15:02Z,24.78,57.43,93,0,31.14,101.00,55.00,763.00,0,0,0
2023-09-16T02:16:02Z,24.82,57.43,93,0,28.19,101.00,53.00,748.00,null,null,null
2023-09-16T02:17:02Z,24.82,57.42,93,0,27.51,101.00,55.00,763.00,null,null,null
2023-09-16T02:18:02Z,24.80,57.40,93,0,28.12,101.00,55.00,763.00,null,null,null
2023-09-16T02:19:02Z,24.82,57.41,93,0,29.31,101.00,53.00,754.00,null,null,null
2023-09-16T02:20:02Z,24.82,57.46,93,0,30.36,101.00,53.00,754.00,0,0,0
2023-09-16T02:21:02Z,24.78,57.37,93,0,32.70,101.00,53.00,748.00,null,null,null
2023-09-16T02:22:02Z,24.82,57.39,93,0,30.23,101.00,53.00,754.00,null,null,null
2023-09-16T02:23:02Z,24.80,57.41,93,0,22.78,101.00,53.00,754.00,null,null,null
2023-09-16T02:24:02Z,24.77,57.41,93,0,29.49,101.00,53.00,754.00,null,null,null
2023-09-16T02:25:02Z,24.78,57.40,93,0,30.65,101.00,53.00,754.00,0,0,0
2023-09-16T02:26:02Z,24.78,57.41,93,0,24.31,101.00,53.00,748.00,null,null,null
2023-09-16T02:27:02Z,24.82,57.42,93,0,27.08,101.00,53.00,754.00,null,null,null
2023-09-16T02:28:02Z,24.80,57.43,93,0,null,101.00,53.00,754.00,null,null,null
2023-09-16T02:29:02Z,24.78,57.42,93,0,39.32,101.00,53.00,754.00,null,null,null
2023-09-16T02:30:02Z,24.78,57.42,93,0,29.71,101.00,53.00,754.00,0,0,0
2023-09-16T02:31:02Z,24.78,57.41,93,0,25.70,101.00,53.00,754.00,null,null,null
2023-09-16T02:32:02Z,24.77,57.42,93,0,29.88,101.00,53.00,754.00,null,null,null
2023-09-16T02:33:02Z,24.80,57.41,93,0,33.20,101.00,53.00,754.00,null,null,null
2023-09-16T02:34:02Z,24.80,57.35,93,0,27.40,101.00,53.00,754.00,null,null,null
2023-09-16T02:35:02Z,24.78,57.41,93,0,30.16,101.00,53.00,754.00,0,0,0
2023-09-16T02:36:02Z,24.78,57.44,93,0,27.84,101.00,53.00,748.00,null,null,null
2023-09-16T02:37:02Z,24.77,57.44,93,0,26.08,101.00,53.00,754.00,null,null,null
2023-09-16T02:38:02Z,24.77,57.40,93,0,28.34,101.00,55.00,763.00,null,null,null
2023-09-16T02:39:02Z,24.78,57.43,93,0,27.85,101.00,53.00,754.00,null,null,null
2023-09-16T02:40:02Z,24.77,57.41,93,0,25.84,101.00,55.00,763.00,0,0,0
2023-09-16T02:41:02Z,24.78,57.46,93,0,30.71,101.00,55.00,763.00,null,null,null
2023-09-16T02:42:02Z,24.78,57.46,93,0,29.22,101.00,56.00,772.00,null,null,null
2023-09-16T02:43:02Z,24.80,57.42,93,0,25.87,101.00,56.00,772.00,null,null,null
2023-09-16T02:44:02Z,24.78,57.44,93,0,26.57,101.00,56.00,772.00,null,null,null
2023-09-16T02:45:02Z,24.77,57.46,93,0,28.25,101.00,56.00,772.00,0,0,0
2023-09-16T02:46:02Z,24.78,57.47,93,0,27.96,100.99,56.00,772.00,null,null,null
2023-09-16T02:47:02Z,24.78,57.42,93,0,29.18,101.00,58.00,783.00,null,null,null
2023-09-16T02:48:02Z,24.76,57.45,93,0,27.30,101.00,56.00,772.00,null,null,null
2023-09-16T02:49:02Z,24.76,57.44,93,0,31.75,101.00,58.00,783.00,null,null,null
2023-09-16T02:50:02Z,24.76,57.42,93,0,31.07,100.99,58.00,783.00,0,0,0
2023-09-16T02:51:02Z,24.77,57.44,93,0,28.37,100.99,56.00,772.00,null,null,null
2023-09-16T02:52:02Z,24.77,57.46,93,0,26.00,100.99,58.00,783.00,null,null,null
2023-09-16T02:53:02Z,24.78,57.48,93,0,28.54,100.99,58.00,783.00,null,null,null
2023-09-16T02:54:02Z,24.74,57.44,93,0,31.02,100.99,58.00,783.00,null,null,null
2023-09-16T02:55:02Z,24.74,57.48,93,0,28.66,100.99,61.00,804.00,0,0,0
2023-09-16T02:56:02Z,24.77,57.47,93,0,30.24,101.00,59.00,793.00,null,null,null
2023-09-16T02:57:02Z,24.74,57.49,93,0,28.42,100.99,56.00,772.00,null,null,null
2023-09-16T02:58:02Z,24.76,57.48,93,0,28.51,100.99,59.00,793.00,null,null,null
2023-09-16T02:59:02Z,24.76,57.51,93,0,36.81,100.99,56.00,772.00,null,null,null
