TIME,TEMP,HUM,BATT,LIGHT,NOISE_A,PRESS,CCS811_VOCS,CCS811_ECO2,PM_1,PM_25,PM_10
ISO 8601,C,%,%,Lux,dBA,kPa,ppb,ppm,ug/m3,ug/m3,ug/m3
Time,Temperature,Humidity,Battery,Light,Noise dBA,Barometric pressure,VOC Gas CCS811,eCO2 Gas CCS811,PM 1.0,PM 2.5,PM 10.0
,55,56,10,14,53,58,113,112,89,87,88
2023-08-05T00:00:31Z,19.16,64.05,98,0,37.71,101.63,12.00,483.00,null,null,null
2023-08-05T00:01:31Z,19.16,64.07,98,0,52.68,101.63,13.00,487.00,null,null,null
2023-08-05T00:02:31Z,19.16,64.10,98,0,37.95,101.63,13.00,487.00,null,null,null
2023-08-05T00:03:31Z,19.12,64.06,98,0,46.53,101.63,13.00,487.00,0,0,0
2023-08-05T00:04:31Z,19.15,64.10,98,0,37.49,101.62,13.00,487.00,null,null,null
2023-08-05T00:05:31Z,19.19,64.11,98,0,49.83,101.62,13.00,487.00,null,null,null
2023-08-05T00:06:31Z,19.12,64.07,98,0,53.09,101.63,13.00,487.00,null,null,null
2023-08-05T00:07:31Z,19.12,64.09,98,0,49.93,101.62,13.00,487.00,null,null,null
2023-08-05T00:08:31Z,19.15,64.10,98,0,44.45,101.63,13.00,487.00,0,0,0
2023-08-05T00:09:31Z,19.12,64.13,98,0,37.66,101.62,13.00,487.00,null,null,null
2023-08-05T00:10:31Z,19.11,64.15,98,0,37.94,101.63,13.00,487.00,null,null,null
2023-08-05T00:11:31Z,19.11,64.11,98,0,38.62,101.63,12.00,483.00,null,null,null
2023-08-05T00:12:31Z,19.09,64.10,98,0,37.79,101.63,13.00,487.00,null,null,null
2023-08-05T00:13:31Z,19.08,64.13,98,0,37.07,101.63,12.00,483.00,0,0,0
2023-08-05T00:14:31Z,19.08,64.13,98,0,37.79,101.63,14.00,495.00,null,null,null
2023-08-05T00:15:31Z,19.09,64.10,98,0,37.77,101.63,14.00,498.00,null,null,null
2023-08-05T00:16:31Z,19.06,64.09,98,0,37.67,101.63,14.00,498.00,null,null,null
2023-08-05T00:17:31Z,19.06,64.13,98,0,53.69,101.64,15.00,503.00,null,null,null
2023-08-05T00:18:31Z,19.04,64.13,98,0,38.37,101.64,15.00,503.00,0,0,0
2023-08-05T00:19:31Z,19.04,64.13,98,0,38.10,101.64,20.00,537.00,null,null,null
2023-08-05T00:20:31Z,19.05,64.13,98,0,38.48,101.63,26.00,572.00,null,null,null
2023-08-05T00:21:31Z,19.04,64.13,98,0,37.86,101.64,32.00,612.00,null,null,null
2023-08-05T00:22:31Z,19.02,64.19,98,0,37.81,101.63,32.00,612.00,null,null,null
2023-08-05T00:23:31Z,19.00,64.17,98,0,37.78,101.64,33.00,617.00,0,0,0
2023-08-05T00:24:31Z,19.02,64.23,98,0,37.36,101.64,34.00,626.00,null,null,null
2023-08-05T00:25:31Z,19.00,64.20,98,0,37.83,101.63,34.00,626.00,null,null,null
2023-08-05T00:26:31Z,19.00,64.25,98,0,37.98,101.63,35.00,631.00,null,null,null
2023-08-05T00:27:31Z,19.02,64.24,98,0,38.11,101.63,33.00,623.00,null,null,null
2023-08-05T00:28:31Z,18.99,64.33,98,0,37.80,101.62,35.00,631.00,0,0,0
2023-08-05T00:29:31Z,19.02,64.30,98,0,37.35,101.62,35.00,634.00,null,null,null
2023-08-05T00:30:31Z,18.99,64.39,98,0,37.77,101.62,37.00,645.00,null,null,null
2023-08-05T00:31:31Z,19.02,64.39,98,0,38.13,101.61,40.00,665.00,null,null,null
2023-08-05T00:32:31Z,19.05,64.46,98,0,37.68,101.61,40.00,665.00,null,null,null
2023-08-05T00:33:31Z,19.02,64.45,98,0,37.72,101.60,40.00,668.00,0,0,0
2023-08-05T00:34:31Z,19.04,64.46,98,0,37.38,101.60,41.00,675.00,null,null,null
2023-08-05T00:35:31Z,19.05,64.52,98,0,37.23,101.60,43.00,688.00,null,null,null
2023-08-05T00:36:31Z,19.09,64.57,98,0,37.66,101.59,44.00,692.00,null,null,null
2023-08-05T00:37:31Z,19.06,64.60,98,0,37.39,101.59,45.00,700.00,null,null,null
2023-08-05T00:38:31Z,19.06,64.60,98,0,37.72,101.58,48.00,719.00,0,0,0
2023-08-05T00:39:31Z,19.08,64.68,98,0,37.72,101.58,48.00,719.00,null,null,null
2023-08-05T00:40:31Z,19.12,64.63,98,0,37.44,101.59,49.00,728.00,null,null,null
2023-08-05T00:41:31Z,19.14,64.66,98,0,37.43,101.58,49.00,728.00,null,null,null
2023-08-05T00:42:31Z,19.12,64.72,98,0,37.46,101.59,49.00,728.00,null,null,null
2023-08-05T00:43:31Z,19.14,64.68,98,0,36.86,101.58,49.00,728.00,0,0,0
2023-08-05T00:44:31Z,19.12,64.68,98,0,32.97,101.58,48.00,719.00,null,null,null
2023-08-05T00:45:31Z,19.15,64.77,98,0,32.71,101.58,51.00,735.00,null,null,null
2023-08-05T00:46:31Z,19.16,64.70,98,0,33.25,101.58,47.00,715.00,null,null,null
2023-08-05T00:47:31Z,19.14,64.72,98,0,36.89,101.58,51.00,735.00,null,null,null
2023-08-05T00:48:31Z,19.16,64.73,98,0,36.46,101.57,51.00,735.00,0,0,0
2023-08-05T00:49:31Z,19.19,64.75,98,0,37.52,101.57,48.00,719.00,null,null,null
2023-08-05T00:50:31Z,19.19,64.78,98,0,37.31,101.57,51.00,735.00,null,null,null
2023-08-05T00:51:31Z,19.19,64.81,98,0,37.38,101.57,51.00,735.00,null,null,null
2023-08-05T00:52:31Z,19.20,64.86,98,0,36.95,101.57,51.00,735.00,null,null,null
2023-08-05T00:53:31Z,19.19,64.79,98,0,37.78,101.57,51.00,735.00,0,0,0
2023-08-05T00:54:31Z,19.20,64.81,98,0,37.55,101.57,49.00,728.00,null,null,null
2023-08-05T00:55:31Z,19.22,64.79,98,0,38.00,101.57,49.00,728.00,null,null,null
2023-08-05T00:56:31Z,19.22,64.78,98,0,37.56,101.56,49.00,728.00,null,null,null
2023-08-05T00:57:31Z,19.23,64.78,98,0,37.39,101.55,47.00,715.00,null,null,null
2023-08-05T00:58:31Z,19.23,64.79,98,0,37.51,101.55,47.00,715.00,0,0,0
2023-08-05T00:59:31Z,19.25,64.82,96,0,38.58,101.55,47.00,712.00,null,null,null
2023-08-05T01:00:31Z,19.29,64.85,97,0,37.20,101.55,38.00,650.00,null,null,null
2023-08-05T01:01:31Z,19.32,64.86,96,0,35.38,101.55,38.00,650.00,null,null,null
2023-08-05T01:02:31Z,19.37,64.80,96,0,32.10,101.54,38.00,650.00,null,null,null
2023-08-05T01:03:31Z,19.43,64.79,96,0,35.95,101.54,38.00,650.00,0,0,0
2023-08-05T01:04:31Z,19.45,64.72,96,0,42.09,101.54,38.00,650.00,null,null,null
2023-08-05T01:05:31Z,19.51,64.73,96,0,41.00,101.53,41.00,671.00,null,null,null
2023-08-05T01:06:31Z,19.56,64.73,96,0,36.69,101.53,41.00,671.00,null,null,null
2023-08-05T01:07:31Z,19.57,64.65,99,0,37.20,101.52,44.00,694.00,null,null,null
2023-08-05T01:08:31Z,19.59,64.70,99,0,37.30,101.52,46.00,702.00,0,0,0
2023-08-05T01:09:31Z,19.63,64.69,99,0,37.00,101.51,46.00,708.00,null,null,null
2023-08-05T01:10:31Z,19.62,64.75,99,0,36.94,101.51,46.00,708.00,null,null,null
2023-08-05T01:11:31Z,19.62,64.75,99,0,36.86,101.50,47.00,710.00,null,null,null
2023-08-05T01:12:31Z,19.62,64.81,99,0,36.73,101.51,50.00,730.00,null,null,null
2023-08-05T01:13:31Z,19.62,64.81,99,0,36.91,101.50,50.00,730.00,0,0,0
2023-08-05T01:14:31Z,19.62,64.81,99,0,37.43,101.49,51.00,735.00,null,null,null
2023-08-05T01:15:31Z,19.65,64.87,99,0,37.03,101.49,50.00,730.00,null,null,null
2023-08-05T01:16:31Z,19.65,64.86,99,0,37.54,101.49,50.00,730.00,null,null,null
2023-08-05T01:17:31Z,19.65,64.86,99,0,36.90,101.49,50.00,730.00,null,null,null
2023-08-05T01:18:31Z,19.63,64.92,99,0,37.12,101.48,50.00,730.00,0,0,0
2023-08-05T01:19:31Z,19.65,64.92,99,0,37.24,101.48,50.00,730.00,null,null,null
2023-08-05T01:20:31Z,19.63,64.93,99,0,37.14,101.48,48.00,717.00,null,null,null
2023-08-05T01:21:31Z,19.66,64.89,99,0,36.98,101.48,50.00,730.00,null,null,null
2023-08-05T01:22:31Z,19.65,64.96,99,0,37.01,101.48,50.00,730.00,null,null,null
2023-08-05T01:23:31Z,19.65,64.97,99,0,37.45,101.48,50.00,730.00,0,0,0
2023-08-05T01:24:31Z,19.63,65.01,99,0,37.14,101.48,51.00,735.00,null,null,null
2023-08-05T01:25:31Z,19.66,64.99,99,0,32.61,101.48,48.00,717.00,null,null,null
2023-08-05T01:26:31Z,19.66,65.03,99,0,37.41,101.47,51.00,735.00,null,null,null
2023-08-05T01:27:31Z,19.69,65.07,99,0,37.06,101.47,50.00,730.00,null,null,null
2023-08-05T01:28:31Z,19.69,65.10,99,0,37.60,101.47,50.00,730.00,0,0,0
2023-08-05T01:29:31Z,19.71,65.09,99,0,37.01,101.47,50.00,730.00,null,null,null
2023-08-05T01:30:31Z,19.73,65.11,99,0,32.22,101.47,50.00,730.00,null,null,null
2023-08-05T01:31:31Z,19.71,65.10,99,0,36.79,101.47,50.00,730.00,null,null,null
2023-08-05T01:32:31Z,19.73,65.08,99,0,37.52,101.47,50.00,730.00,null,null,null
2023-08-05T01:33:31Z,19.71,65.11,99,0,37.33,101.47,48.00,717.00,0,0,0
2023-08-05T01:34:31Z,19.74,65.15,99,0,37.31,101.47,50.00,730.00,null,null,null
2023-08-05T01:35:31Z,19.76,65.10,99,0,36.84,101.47,50.00,730.00,null,null,null
2023-08-05T01:36:31Z,19.73,65.14,99,0,37.19,101.46,39.00,660.00,null,null,null
2023-08-05T01:37:31Z,19.74,65.12,99,0,37.15,101.46,47.00,710.00,null,null,null
2023-08-05T01:38:31Z,19.76,65.13,99,0,37.19,101.47,47.00,710.00,0,0,0
2023-08-05T01:39:31Z,19.74,65.14,99,0,37.46,101.47,38.00,653.00,null,null,null
2023-08-05T01:40:31Z,19.76,65.17,99,0,37.44,101.47,48.00,717.00,null,null,null
2023-08-05T01:41:31Z,19.76,65.18,99,0,37.22,101.48,39.00,660.00,null,null,null
2023-08-05T01:42:31Z,19.77,65.15,99,0,37.12,101.48,39.00,660.00,null,null,null
2023-08-05T01:43:31Z,19.77,65.21,99,0,37.13,101.48,36.00,638.00,0,0,0
2023-08-05T01:44:31Z,19.78,65.16,99,0,37.49,101.47,37.00,646.00,null,null,null
2023-08-05T01:45:31Z,19.78,65.14,99,0,37.02,101.47,35.00,633.00,null,null,null
2023-08-05T01:46:31Z,19.80,65.15,99,0,37.29,101.46,35.00,633.00,null,null,null
2023-08-05T01:47:31Z,19.80,65.17,99,0,37.35,101.46,34.00,626.00,null,null,null
2023-08-05T01:48:31Z,19.80,65.18,99,0,37.39,101.46,34.00,626.00,0,0,0
2023-08-05T01:49:31Z,19.77,65.14,99,0,37.48,101.45,33.00,618.00,null,null,null
2023-08-05T01:50:31Z,19.81,65.09,99,0,37.08,101.45,30.00,603.00,null,null,null
2023-08-05T01:51:31Z,19.80,65.09,99,0,37.97,101.44,32.00,612.00,null,null,null
2023-08-05T01:52:31Z,19.80,65.11,99,0,37.35,101.44,30.00,603.00,null,null,null
2023-08-05T01:53:31Z,19.78,65.03,99,0,37.55,101.44,30.00,603.00,0,0,0
2023-08-05T01:54:31Z,19.78,65.07,99,0,37.16,101.44,29.00,594.00,null,null,null
2023-08-05T01:55:31Z,19.81,65.07,99,0,37.56,101.43,30.00,597.00,null,null,null
2023-08-05T01:56:31Z,19.80,65.01,99,0,37.06,101.43,29.00,594.00,null,null,null
2023-08-05T01:57:31Z,19.78,65.02,99,0,37.45,101.42,26.00,577.00,null,null,null
2023-08-05T01:58:31Z,19.77,65.04,99,0,32.74,101.43,26.00,577.00,0,0,0
2023-08-05T01:59:31Z,19.76,65.09,99,0,32.50,101.42,28.00,584.00,null,null,null
2023-08-05T02:00:31Z,19.81,65.06,99,0,32.69,101.42,26.00,577.00,null,null,null
2023-08-05T02:01:31Z,19.80,65.12,99,0,32.97,101.43,28.00,584.00,null,null,null
2023-08-05T02:02:31Z,19.80,65.08,99,0,36.28,101.42,25.00,570.00,null,null,null
2023-08-05T02:03:31Z,19.78,65.10,99,0,37.85,101.41,25.00,570.00,0,0,0
2023-08-05T02:04:31Z,19.80,65.09,99,0,37.20,101.41,25.00,567.00,null,null,null
2023-08-05T02:05:31Z,19.81,65.09,99,0,36.91,101.41,26.00,577.00,null,null,null
2023-08-05T02:06:31Z,19.81,65.06,99,0,37.54,101.41,28.00,584.00,null,null,null
2023-08-05T02:07:31Z,19.81,65.07,99,0,32.47,101.40,25.00,570.00,null,null,null
2023-08-05T02:08:31Z,19.80,65.10,99,0,36.92,101.40,25.00,567.00,0,0,0
2023-08-05T02:09:31Z,19.80,65.09,99,0,36.82,101.40,25.00,570.00,null,null,null
2023-08-05T02:10:31Z,19.81,65.10,99,0,37.35,101.39,25.00,567.00,null,null,null
2023-08-05T02:11:31Z,19.80,65.13,99,0,37.19,101.40,25.00,570.00,null,null,null
2023-08-05T02:12:31Z,19.81,65.11,99,0,37.25,101.39,25.00,567.00,null,null,null
2023-08-05T02:13:31Z,19.81,65.13,99,0,37.53,101.40,25.00,570.00,0,0,0
2023-08-05T02:14:31Z,19.81,65.06,99,0,37.57,101.40,23.00,551.00,null,null,null
2023-08-05T02:15:31Z,19.83,65.12,99,0,37.43,101.40,23.00,556.00,null,null,null
2023-08-05T02:16:31Z,19.84,65.13,99,0,32.95,101.40,25.00,567.00,null,null,null
2023-08-05T02:17:31Z,19.84,65.11,99,0,37.03,101.40,23.00,556.00,null,null,null
2023-08-05T02:18:31Z,19.81,65.11,99,0,37.42,101.41,23.00,556.00,0,0,0
2023-08-05T02:19:31Z,19.81,65.12,99,0,37.41,101.41,25.00,567.00,null,null,null
2023-08-05T02:20:31Z,19.81,65.14,99,0,37.30,101.41,23.00,556.00,null,null,null
2023-08-05T02:21:31Z,19.81,65.12,99,0,37.77,101.40,23.00,556.00,null,null,null
2023-08-05T02:22:31Z,19.81,65.11,99,0,37.27,101.40,25.00,567.00,null,null,null
2023-08-05T02:23:31Z,19.84,65.06,99,0,37.59,101.40,22.00,548.00,0,0,0
2023-08-05T02:24:31Z,19.83,65.12,99,0,37.33,101.39,22.00,548.00,null,null,null
2023-08-05T02:25:31Z,19.84,65.10,99,0,37.19,101.40,22.00,548.00,null,null,null
2023-08-05T02:26:31Z,19.81,65.14,99,0,37.60,101.40,22.00,548.00,null,null,null
2023-08-05T02:27:31Z,19.83,65.16,99,0,37.34,101.39,22.00,548.00,null,null,null
2023-08-05T02:28:31Z,19.81,65.11,99,0,37.28,101.39,22.00,548.00,0,0,0
2023-08-05T02:29:31Z,19.84,65.18,99,0,37.40,101.39,23.00,551.00,null,null,null
2023-08-05T02:30:31Z,19.83,65.14,99,0,37.03,101.39,23.00,551.00,null,null,null
2023-08-05T02:31:31Z,19.84,65.23,99,0,37.34,101.39,23.00,551.00,null,null,null
2023-08-05T02:32:31Z,19.83,65.21,99,0,37.22,101.39,23.00,551.00,null,null,null
2023-08-05T02:33:31Z,19.84,65.24,99,0,37.05,101.39,23.00,551.00,0,0,0
2023-08-05T02:34:31Z,19.87,65.22,99,0,37.60,101.39,23.00,556.00,null,null,null
2023-08-05T02:35:31Z,19.87,65.25,99,0,37.31,101.38,25.00,567.00,null,null,null
2023-08-05T02:36:31Z,19.88,65.25,99,0,37.14,101.38,22.00,546.00,null,null,null
2023-08-05T02:37:31Z,19.87,65.26,99,0,37.85,101.38,22.00,546.00,null,null,null
2023-08-05T02:38:31Z,19.88,65.27,99,0,37.26,101.38,23.00,552.00,0,0,0
2023-08-05T02:39:31Z,19.91,65.26,99,0,37.10,101.39,24.00,564.00,null,null,null
2023-08-05T02:40:31Z,19.94,65.30,99,0,37.18,101.39,23.00,552.00,null,null,null
2023-08-05T02:41:31Z,19.91,65.33,99,0,37.03,101.38,23.00,552.00,null,null,null
2023-08-05T02:42:31Z,19.94,65.28,99,0,37.39,101.38,23.00,552.00,null,null,null
2023-08-05T02:43:31Z,19.94,65.29,99,0,37.38,101.39,22.00,546.00,0,0,0
2023-08-05T02:44:31Z,19.96,65.32,99,0,37.16,101.39,23.00,552.00,null,null,null
2023-08-05T02:45:31Z,19.96,65.23,99,0,37.34,101.39,22.00,546.00,null,null,null
2023-08-05T02:46:31Z,19.96,65.31,99,0,36.92,101.39,25.00,567.00,null,null,null
2023-08-05T02:47:31Z,19.97,65.29,99,0,37.36,101.38,23.00,552.00,null,null,null
2023-08-05T02:48:31Z,19.97,65.29,99,0,37.32,101.38,24.00,564.00,0,0,0
2023-08-05T02:49:31Z,19.98,65.31,99,0,37.44,101.37,22.00,546.00,null,null,null
2023-08-05T02:50:31Z,19.98,65.26,99,0,37.51,101.37,22.00,546.00,null,null,null
2023-08-05T02:51:31Z,19.98,65.33,99,0,37.27,101.37,22.00,546.00,null,null,null
2023-08-05T02:52:31Z,20.00,65.35,99,0,37.58,101.37,22.00,546.00,null,null,null
2023-08-05T02:53:31Z,19.98,65.30,99,0,37.32,101.37,22.00,546.00,0,0,0
2023-08-05T02:54:31Z,20.01,65.33,99,0,37.39,101.36,22.00,546.00,null,null,null
2023-08-05T02:55:31Z,20.00,65.29,99,0,37.85,101.36,22.00,546.00,null,null,null
2023-08-05T02:56:31Z,20.01,65.33,99,0,36.58,101.36,22.00,546.00,null,null,null
2023-08-05T02:57:31Z,20.02,65.33,99,0,37.34,101.35,22.00,546.00,null,null,null
2023-08-05T02:58:31Z,20.01,65.34,99,0,37.57,101.34,23.00,552.00,0,0,0
2023-08-05T02:59:31Z,20.02,65.29,99,0,37.41,101.34,25.00,566.00,null,null,null
