TIME,TEMP,HUM,BATT,LIGHT,NOISE_A,PRESS,CCS811_VOCS,CCS811_ECO2,PM_1,PM_25,PM_10
ISO 8601,C,%,%,Lux,dBA,kPa,ppb,ppm,ug/m3,ug/m3,ug/m3
Time,Temperature,Humidity,Battery,Light,Noise dBA,Barometric pressure,VOC Gas CCS811,eCO2 Gas CCS811,PM 1.0,PM 2.5,PM 10.0
,55,56,10,14,53,58,113,112,89,87,88
2023-08-19T00:00:02Z,24.50,73.48,99,0,34.89,100.86,127.00,1238.00,0,0,0
2023-08-19T00:01:02Z,24.52,73.41,99,0,37.42,100.86,125.00,1224.00,null,null,null
2023-08-19T00:02:02Z,24.53,73.42,99,0,35.00,100.86,125.00,1224.00,null,null,null
2023-08-19T00:03:02Z,24.53,73.46,99,0,34.44,100.85,123.00,1212.00,null,null,null
2023-08-19T00:04:02Z,24.50,73.50,99,0,35.36,100.86,121.00,1198.00,null,null,null
2023-08-19T00:05:02Z,24.52,73.49,99,0,34.44,100.86,121.00,1198.00,0,0,0
2023-08-19T00:06:02Z,24.52,73.47,99,0,33.71,100.86,118.00,1181.00,null,null,null
2023-08-19T00:07:02Z,24.50,73.52,99,0,33.93,100.87,118.00,1181.00,null,null,null
2023-08-19T00:08:02Z,24.47,73.63,99,0,34.46,100.87,118.00,1181.00,null,null,null
2023-08-19T00:09:02Z,24.50,73.61,99,0,34.34,100.87,118.00,1181.00,null,null,null
2023-08-19T00:10:02Z,24.50,73.53,99,0,33.54,100.88,121.00,1198.00,0,0,0
2023-08-19T00:11:02Z,24.48,73.55,99,0,36.10,100.88,121.00,1198.00,null,null,null
2023-08-19T00:12:02Z,24.47,73.49,99,0,36.86,100.89,123.00,1212.00,null,null,null
2023-08-19T00:13:02Z,24.48,73.63,99,0,38.48,100.89,123.00,1212.00,null,null,null
2023-08-19T00:14:02Z,24.50,73.53,99,0,36.87,100.90,125.00,1224.00,null,null,null
2023-08-19T00:15:02Z,24.47,73.64,99,0,45.34,100.89,163.00,1474.00,0,0,0
2023-08-19T00:16:02Z,24.47,73.55,99,0,36.58,100.89,197.00,1537.00,null,null,null
2023-08-19T00:17:02Z,24.47,73.55,99,0,35.38,100.89,218.00,1564.00,null,null,null
2023-08-19T00:18:02Z,24.50,73.54,99,0,34.74,100.90,232.00,1585.00,null,null,null
2023-08-19T00:19:02Z,24.48,73.46,99,0,35.33,100.90,236.00,1590.00,null,null,null
2023-08-19T00:20:02Z,24.47,73.48,99,0,36.61,100.89,239.00,1594.00,0,0,0
2023-08-19T00:21:02Z,24.50,73.47,99,0,34.43,100.89,239.00,1594.00,null,null,null
2023-08-19T00:22:02Z,24.50,73.50,99,0,35.00,100.89,239.00,1594.00,null,null,null
2023-08-19T00:23:02Z,24.52,73.51,99,0,35.42,100.90,236.00,1590.00,null,null,null
2023-08-19T00:24:02Z,24.50,73.59,99,0,36.33,100.89,232.00,1585.00,null,null,null
2023-08-19T00:25:02Z,24.52,73.41,99,0,36.49,100.89,229.00,1581.00,0,0,0
2023-08-19T00:26:02Z,24.52,73.40,99,0,38.11,100.89,221.00,1569.00,null,null,null
2023-08-19T00:27:02Z,24.52,73.47,99,0,36.91,100.88,221.00,1569.00,null,null,null
2023-08-19T00:28:02Z,24.54,73.33,99,0,35.86,100.88,214.00,1560.00,null,null,null
2023-08-19T00:29:02Z,24.52,73.33,99,0,40.33,100.88,210.00,1556.00,null,null,null
2023-08-19T00:30:02Z,24.54,73.37,99,0,41.56,100.88,207.00,1551.00,0,0,0
2023-08-19T00:31:02Z,24.53,73.31,99,0,36.79,100.87,204.00,1547.00,null,null,null
2023-08-19T00:32:02Z,24.56,73.24,99,0,37.10,100.87,200.00,1542.00,null,null,null
2023-08-19T00:33:02Z,24.56,73.26,99,0,35.72,100.87,199.00,1540.00,null,null,null
2023-08-19T00:34:02Z,24.54,73.40,99,0,35.76,100.86,197.00,1537.00,null,null,null
2023-08-19T00:35:02Z,24.53,73.28,99,0,37.69,100.87,194.00,1533.00,0,0,0
2023-08-19T00:36:02Z,24.54,73.26,99,0,35.57,100.87,194.00,1533.00,null,null,null
2023-08-19T00:37:02Z,24.59,73.25,99,0,35.15,100.86,191.00,1529.00,null,null,null
2023-08-19T00:38:02Z,24.54,73.35,99,0,36.66,100.86,191.00,1529.00,null,null,null
2023-08-19T00:39:02Z,24.59,73.37,99,0,36.86,100.86,191.00,1529.00,null,null,null
2023-08-19T00:40:02Z,24.57,73.21,99,0,35.26,100.86,191.00,1529.00,0,0,0
2023-08-19T00:41:02Z,24.57,73.26,99,0,34.88,100.86,191.00,1528.00,null,null,null
2023-08-19T00:42:02Z,24.59,73.25,99,0,35.97,100.85,186.00,1521.00,null,null,null
2023-08-19T00:43:02Z,24.59,73.23,99,0,36.67,100.85,186.00,1521.00,null,null,null
2023-08-19T00:44:02Z,24.57,73.21,99,0,35.82,100.85,185.00,1520.00,null,null,null
2023-08-19T00:45:02Z,24.57,73.39,99,0,38.31,100.84,185.00,1520.00,0,0,0
2023-08-19T00:46:02Z,24.57,73.43,99,0,36.53,100.84,229.00,1581.00,null,null,null
2023-08-19T00:47:02Z,24.59,73.39,99,0,34.46,100.85,246.00,1601.00,null,null,null
2023-08-19T00:48:02Z,24.57,73.33,99,0,33.70,100.85,259.00,1615.00,null,null,null
2023-08-19T00:49:02Z,24.59,73.27,99,0,35.20,100.84,263.00,1619.00,null,null,null
2023-08-19T00:50:02Z,24.57,73.36,99,0,34.55,100.84,263.00,1619.00,0,0,0
2023-08-19T00:51:02Z,24.59,73.24,99,0,35.17,100.84,259.00,1615.00,null,null,null
2023-08-19T00:52:02Z,24.63,73.21,99,0,34.84,100.84,257.00,1612.00,null,null,null
2023-08-19T00:53:02Z,24.59,73.19,99,0,33.87,100.85,249.00,1604.00,null,null,null
2023-08-19T00:54:02Z,24.62,73.24,99,0,35.54,100.85,245.00,1599.00,null,null,null
2023-08-19T00:55:02Z,24.59,73.30,99,0,35.72,100.85,242.00,1595.00,0,0,0
2023-08-19T00:56:02Z,24.62,73.30,99,0,35.22,100.85,236.00,1590.00,null,null,null
2023-08-19T00:57:02Z,24.62,73.33,99,0,35.19,100.86,232.00,1585.00,null,null,null
2023-08-19T00:58:02Z,24.60,73.38,99,0,36.97,100.86,229.00,1581.00,null,null,null
2023-08-19T00:59:02Z,24.59,73.43,99,0,33.62,100.86,225.00,1573.00,null,null,null
2023-08-19T01:00:02Z,24.59,73.44,99,0,34.65,100.86,225.00,1573.00,0,0,0
2023-08-19T01:01:02Z,24.62,73.38,99,0,34.39,100.86,221.00,1569.00,null,null,null
2023-08-19T01:02:02Z,24.62,73.45,99,0,34.03,100.86,218.00,1564.00,null,null,null
2023-08-19T01:03:02Z,24.64,73.44,99,0,34.12,100.86,214.00,1560.00,null,null,null
2023-08-19T01:04:02Z,24.60,73.40,99,0,34.17,100.86,214.00,1560.00,null,null,null
2023-08-19T01:05:02Z,24.63,73.44,99,0,35.88,100.86,210.00,1556.00,0,0,0
2023-08-19T01:06:02Z,24.63,73.37,99,0,35.43,100.86,207.00,1551.00,null,null,null
2023-08-19T01:07:02Z,24.63,73.35,99,0,33.56,100.86,207.00,1551.00,null,null,null
2023-08-19T01:08:02Z,24.64,73.41,99,0,34.86,100.86,204.00,1547.00,null,null,null
2023-08-19T01:09:02Z,24.64,73.40,99,0,33.77,100.86,200.00,1542.00,null,null,null
2023-08-19T01:10:02Z,24.63,73.42,99,0,36.96,100.86,200.00,1542.00,0,0,0
2023-08-19T01:11:02Z,24.66,73.48,99,0,35.70,100.86,197.00,1537.00,null,null,null
2023-08-19T01:12:02Z,24.66,73.45,99,0,35.10,100.85,207.00,1551.00,null,null,null
2023-08-19T01:13:02Z,24.63,73.45,99,0,33.92,100.85,239.00,1594.00,null,null,null
2023-08-19T01:14:02Z,24.64,73.44,99,0,34.81,100.85,259.00,1615.00,null,null,null
2023-08-19T01:15:02Z,24.63,73.42,99,0,33.71,100.85,266.00,1624.00,0,0,0
2023-08-19T01:16:02Z,24.68,73.31,99,0,33.98,100.85,270.00,1628.00,null,null,null
2023-08-19T01:17:02Z,24.67,73.32,99,0,33.86,100.85,270.00,1628.00,null,null,null
2023-08-19T01:18:02Z,24.64,73.33,99,0,34.31,100.85,266.00,1624.00,null,null,null
2023-08-19T01:19:02Z,24.68,73.31,99,0,33.88,100.86,263.00,1619.00,null,null,null
2023-08-19T01:20:02Z,24.64,73.22,99,0,34.13,100.86,259.00,1615.00,0,0,0
2023-08-19T01:21:02Z,24.66,73.25,99,0,33.89,100.87,257.00,1612.00,null,null,null
2023-08-19T01:22:02Z,24.66,73.14,99,0,35.00,100.87,249.00,1606.00,null,null,null
2023-08-19T01:23:02Z,24.66,73.12,99,0,35.53,100.87,245.00,1599.00,null,null,null
2023-08-19T01:24:02Z,24.67,73.13,99,0,34.17,100.86,242.00,1595.00,null,null,null
2023-08-19T01:25:02Z,24.66,73.16,99,0,34.79,100.87,238.00,1592.00,0,0,0
2023-08-19T01:26:02Z,24.67,73.16,99,0,35.95,100.87,231.00,1583.00,null,null,null
2023-08-19T01:27:02Z,24.68,73.04,99,0,33.64,100.87,227.00,1578.00,null,null,null
2023-08-19T01:28:02Z,24.67,73.08,99,0,34.64,100.87,220.00,1568.00,null,null,null
2023-08-19T01:29:02Z,24.67,73.12,99,0,36.74,100.87,216.00,1562.00,null,null,null
2023-08-19T01:30:02Z,24.64,73.12,99,0,36.07,100.87,212.00,1559.00,0,0,0
2023-08-19T01:31:02Z,24.66,73.05,99,0,34.65,100.87,209.00,1555.00,null,null,null
2023-08-19T01:32:02Z,24.68,72.98,99,0,33.56,100.88,207.00,1550.00,null,null,null
2023-08-19T01:33:02Z,24.70,73.05,99,0,33.69,100.87,203.00,1544.00,null,null,null
2023-08-19T01:34:02Z,24.64,73.01,99,0,35.22,100.88,199.00,1540.00,null,null,null
2023-08-19T01:35:02Z,24.67,73.08,99,0,37.01,100.88,193.00,1532.00,0,0,0
2023-08-19T01:36:02Z,24.67,73.02,99,0,35.22,100.89,193.00,1532.00,null,null,null
2023-08-19T01:37:02Z,24.64,73.00,99,0,35.20,100.88,191.00,1528.00,null,null,null
2023-08-19T01:38:02Z,24.67,73.02,99,0,34.19,100.88,187.00,1524.00,null,null,null
2023-08-19T01:39:02Z,24.66,72.96,99,0,33.66,100.87,185.00,1520.00,null,null,null
2023-08-19T01:40:02Z,24.66,72.98,99,0,32.44,100.87,182.00,1516.00,0,0,0
2023-08-19T01:41:02Z,24.67,73.03,99,0,34.71,100.87,182.00,1516.00,null,null,null
2023-08-19T01:42:02Z,24.68,73.00,99,0,33.41,100.87,178.00,1511.00,null,null,null
2023-08-19T01:43:02Z,24.68,72.95,99,0,37.83,100.86,178.00,1511.00,null,null,null
2023-08-19T01:44:02Z,24.66,72.93,99,0,32.31,100.87,174.00,1503.00,null,null,null
2023-08-19T01:45:02Z,24.64,73.10,99,0,33.37,100.87,174.00,1503.00,0,0,0
2023-08-19T01:46:02Z,24.67,73.07,99,0,34.72,100.87,203.00,1544.00,null,null,null
2023-08-19T01:47:02Z,24.67,73.12,99,0,33.34,100.87,220.00,1568.00,null,null,null
2023-08-19T01:48:02Z,24.66,73.07,99,0,36.47,100.87,231.00,1583.00,null,null,null
2023-08-19T01:49:02Z,24.67,73.04,99,0,34.50,100.87,238.00,1592.00,null,null,null
2023-08-19T01:50:02Z,24.64,73.01,99,0,32.98,100.87,242.00,1595.00,0,0,0
2023-08-19T01:51:02Z,24.67,72.98,99,0,33.89,100.87,245.00,1599.00,null,null,null
2023-08-19T01:52:02Z,24.67,72.88,99,0,32.89,100.87,242.00,1595.00,null,null,null
2023-08-19T01:53:02Z,24.66,72.92,99,0,34.76,100.87,242.00,1595.00,null,null,null
2023-08-19T01:54:02Z,24.67,72.98,99,0,33.32,100.87,242.00,1595.00,null,null,null
2023-08-19T01:55:02Z,24.66,72.93,99,0,33.72,100.87,238.00,1592.00,0,0,0
2023-08-19T01:56:02Z,24.66,72.87,99,0,34.06,100.87,235.00,1588.00,null,null,null
2023-08-19T01:57:02Z,24.64,72.86,99,0,34.88,100.87,227.00,1578.00,null,null,null
2023-08-19T01:58:02Z,24.68,72.84,99,0,32.21,100.87,220.00,1568.00,null,null,null
2023-08-19T01:59:02Z,24.67,72.74,99,0,35.28,100.87,235.00,1588.00,null,null,null
2023-08-19T02:00:02Z,24.66,72.81,99,0,34.79,100.87,244.00,1598.00,0,0,0
2023-08-19T02:01:02Z,24.64,72.69,99,0,34.04,100.86,242.00,1595.00,null,null,null
2023-08-19T02:02:02Z,24.67,72.77,99,0,34.07,100.86,244.00,1598.00,null,null,null
2023-08-19T02:03:02Z,24.67,72.66,99,0,35.40,100.86,238.00,1592.00,null,null,null
2023-08-19T02:04:02Z,24.67,72.62,99,0,36.27,100.86,234.00,1587.00,null,null,null
2023-08-19T02:05:02Z,24.64,72.60,99,0,34.57,100.86,230.00,1582.00,0,0,0
2023-08-19T02:06:02Z,24.66,72.66,99,0,33.84,100.86,226.00,1576.00,null,null,null
2023-08-19T02:07:02Z,24.66,72.58,99,0,34.04,100.87,223.00,1572.00,null,null,null
2023-08-19T02:08:02Z,24.64,72.61,99,0,32.46,100.86,218.00,1564.00,null,null,null
2023-08-19T02:09:02Z,24.64,72.58,99,0,35.22,100.87,215.00,1560.00,null,null,null
2023-08-19T02:10:02Z,24.66,72.65,99,0,35.87,100.87,237.00,1591.00,0,0,0
2023-08-19T02:11:02Z,24.63,72.70,99,0,33.71,100.87,248.00,1603.00,null,null,null
2023-08-19T02:12:02Z,24.63,72.62,99,0,33.90,100.87,248.00,1603.00,null,null,null
2023-08-19T02:13:02Z,24.64,72.50,99,0,35.32,100.87,248.00,1603.00,null,null,null
2023-08-19T02:14:02Z,24.66,72.54,99,0,33.83,100.87,244.00,1598.00,null,null,null
2023-08-19T02:15:02Z,24.64,72.47,99,0,34.12,100.87,241.00,1594.00,0,0,0
2023-08-19T02:16:02Z,24.63,72.52,99,0,32.73,100.87,234.00,1587.00,null,null,null
2023-08-19T02:17:02Z,24.66,72.31,99,0,33.41,100.87,230.00,1582.00,null,null,null
2023-08-19T02:18:02Z,24.67,72.40,99,0,34.81,100.87,223.00,1572.00,null,null,null
2023-08-19T02:19:02Z,24.64,72.43,99,0,34.71,100.88,215.00,1560.00,null,null,null
2023-08-19T02:20:02Z,24.62,72.37,99,0,32.96,100.87,212.00,1557.00,0,0,0
2023-08-19T02:21:02Z,24.64,72.36,99,0,34.20,100.87,209.00,1553.00,null,null,null
2023-08-19T02:22:02Z,24.64,72.33,99,0,35.35,100.88,202.00,1543.00,null,null,null
2023-08-19T02:23:02Z,24.64,72.30,99,0,34.41,100.87,198.00,1539.00,null,null,null
2023-08-19T02:24:02Z,24.64,72.32,99,0,33.83,100.87,196.00,1535.00,null,null,null
2023-08-19T02:25:02Z,24.63,72.33,99,0,34.08,100.87,193.00,1531.00,0,0,0
2023-08-19T02:26:02Z,24.62,72.43,99,0,33.93,100.87,187.00,1523.00,null,null,null
2023-08-19T02:27:02Z,24.64,72.36,99,0,32.36,100.87,187.00,1523.00,null,null,null
2023-08-19T02:28:02Z,24.63,72.33,99,0,32.79,100.87,184.00,1519.00,null,null,null
2023-08-19T02:29:02Z,24.62,72.27,99,0,33.34,100.86,178.00,1511.00,null,null,null
2023-08-19T02:30:02Z,24.60,72.32,99,0,33.16,100.87,181.00,1514.00,0,0,0
2023-08-19T02:31:02Z,24.64,72.32,99,0,33.32,100.87,181.00,1514.00,null,null,null
2023-08-19T02:32:02Z,24.63,72.26,99,0,33.42,100.87,178.00,1511.00,null,null,null
2023-08-19T02:33:02Z,24.64,72.26,99,0,35.10,100.87,178.00,1511.00,null,null,null
2023-08-19T02:34:02Z,24.60,72.29,99,0,35.35,100.87,178.00,1511.00,null,null,null
2023-08-19T02:35:02Z,24.62,72.29,99,0,32.06,100.87,176.00,1506.00,0,0,0
2023-08-19T02:36:02Z,24.63,72.29,99,0,34.64,100.87,176.00,1506.00,null,null,null
2023-08-19T02:37:02Z,24.66,72.31,99,0,35.49,100.87,173.00,1502.00,null,null,null
2023-08-19T02:38:02Z,24.62,72.22,99,0,35.40,100.87,170.00,1497.00,null,null,null
2023-08-19T02:39:02Z,24.60,72.29,99,0,36.49,100.87,170.00,1497.00,null,null,null
2023-08-19T02:40:02Z,24.62,72.35,99,0,34.81,100.87,166.00,1495.00,0,0,0
2023-08-19T02:41:02Z,24.62,72.18,99,0,35.53,100.87,161.00,1458.00,null,null,null
2023-08-19T02:42:02Z,24.62,72.19,99,0,35.55,100.87,166.00,1495.00,null,null,null
2023-08-19T02:43:02Z,24.60,72.26,99,0,34.77,100.88,163.00,1470.00,null,null,null
2023-08-19T02:44:02Z,24.62,72.23,99,0,34.41,100.88,161.00,1458.00,null,null,null
2023-08-19T02:45:02Z,24.60,72.12,99,0,33.07,100.88,166.00,1495.00,0,0,0
2023-08-19T02:46:02Z,24.60,72.17,99,0,37.59,100.87,161.00,1462.00,null,null,null
2023-08-19T02:47:02Z,24.59,72.14,99,0,34.77,100.87,161.00,1462.00,null,null,null
2023-08-19T02:48:02Z,24.60,72.12,99,0,34.71,100.87,161.00,1462.00,null,null,null
2023-08-19T02:49:02Z,24.62,72.13,99,0,34.14,100.87,158.00,1441.00,null,null,null
2023-08-19T02:50:02Z,24.60,72.24,99,0,36.09,100.87,158.00,1441.00,0,0,0
2023-08-19T02:51:02Z,24.62,72.16,99,0,37.70,100.87,156.00,1425.00,null,null,null
2023-08-19T02:52:02Z,24.60,72.13,99,0,35.45,100.88,156.00,1425.00,null,null,null
2023-08-19T02:53:02Z,24.60,72.12,99,0,34.10,100.88,156.00,1425.00,null,null,null
2023-08-19T02:54:02Z,24.57,72.16,99,0,34.44,100.88,153.00,1408.00,null,null,null
2023-08-19T02:55:02Z,24.59,72.14,99,0,35.51,100.88,153.00,1408.00,0,0,0
2023-08-19T02:56:02Z,24.60,72.04,99,0,34.10,100.88,151.00,1393.00,null,null,null
2023-08-19T02:57:02Z,24.56,72.05,99,0,34.90,100.88,153.00,1408.00,null,null,null
2023-08-19T02:58:02Z,24.59,71.99,99,0,34.31,100.88,151.00,1393.00,null,null,null
2023-08-19T02:59:02Z,24.57,71.87,99,0,36.18,100.88,151.00,1393.00,null,null,null
