TIME,TEMP,HUM,BATT,LIGHT,NOISE_A,PRESS,CCS811_VOCS,CCS811_ECO2,PM_1,PM_25,PM_10
ISO 8601,C,%,%,Lux,dBA,kPa,ppb,ppm,ug/m3,ug/m3,ug/m3
Time,Temperature,Humidity,Battery,Light,Noise dBA,Barometric pressure,VOC Gas CCS811,eCO2 Gas CCS811,PM 1.0,PM 2.5,PM 10.0
,55,56,10,14,53,58,113,112,89,87,88
2023-09-02T00:00:02Z,22.72,73.70,99,0,29.90,101.59,42.00,679.00,0,0,0
2023-09-02T00:01:02Z,22.76,73.70,99,0,30.99,101.59,44.00,692.00,null,null,null
2023-09-02T00:02:02Z,22.73,73.70,99,0,28.85,101.59,46.00,706.00,null,null,null
2023-09-02T00:03:02Z,22.74,73.64,99,0,29.18,101.59,46.00,708.00,null,null,null
2023-09-02T00:04:02Z,22.73,73.75,99,0,30.20,101.59,47.00,715.00,null,null,null
2023-09-02T00:05:02Z,22.76,73.68,99,0,29.50,101.59,47.00,710.00,0,0,0
2023-09-02T00:06:02Z,22.73,73.70,99,0,31.81,101.60,50.00,732.00,null,null,null
2023-09-02T00:07:02Z,22.74,73.65,99,0,30.87,101.60,50.00,732.00,null,null,null
2023-09-02T00:08:02Z,22.76,73.67,99,0,30.46,101.60,50.00,732.00,null,null,null
2023-09-02T00:09:02Z,22.76,73.62,99,0,30.05,101.60,53.00,748.00,null,null,null
2023-09-02T00:10:02Z,22.74,73.66,99,0,30.02,101.59,54.00,757.00,0,0,0
2023-09-02T00:11:02Z,22.74,73.59,99,0,31.91,101.60,53.00,748.00,null,null,null
2023-09-02T00:12:02Z,22.73,73.65,99,0,29.83,101.59,53.00,754.00,null,null,null
2023-09-02T00:13:02Z,22.73,73.54,99,0,31.46,101.60,53.00,754.00,null,null,null
2023-09-02T00:14:02Z,22.76,73.56,99,0,31.86,101.59,55.00,763.00,null,null,null
2023-09-02T00:15:02Z,22.74,73.59,99,0,29.73,101.59,56.00,770.00,0,0,0
2023-09-02T00:16:02Z,22.76,73.62,99,0,31.83,101.60,56.00,768.00,null,null,null
2023-09-02T00:17:02Z,22.74,73.55,99,0,31.02,101.60,60.00,798.00,null,null,null
2023-09-02T00:18:02Z,22.76,73.53,99,0,30.10,101.59,56.00,772.00,null,null,null
2023-09-02T00:19:02Z,22.72,73.60,99,0,30.44,101.60,56.00,770.00,null,null,null
2023-09-02T00:20:02Z,22.76,73.60,99,0,30.48,101.60,56.00,772.00,0,0,0
2023-09-02T00:21:02Z,22.74,73.59,99,0,30.23,101.61,60.00,798.00,null,null,null
2023-09-02T00:22:02Z,22.77,73.54,99,0,30.58,101.60,59.00,791.00,null,null,null
2023-09-02T00:23:02Z,22.79,73.54,99,0,30.11,101.61,61.00,804.00,null,null,null
2023-09-02T00:24:02Z,22.74,73.52,99,0,30.27,101.61,61.00,804.00,null,null,null
2023-09-02T00:25:02Z,22.76,73.51,99,0,29.42,101.61,59.00,791.00,0,0,0
2023-09-02T00:26:02Z,22.76,73.50,99,0,29.33,101.61,63.00,815.00,null,null,null
2023-09-02T00:27:02Z,22.76,73.45,99,0,29.83,101.61,64.00,825.00,null,null,null
2023-09-02T00:28:02Z,22.76,73.45,99,0,31.88,101.61,64.00,825.00,null,null,null
2023-09-02T00:29:02Z,22.77,73.46,99,0,30.65,101.61,64.00,825.00,null,null,null
2023-09-02T00:30:02Z,22.76,73.43,99,0,29.49,101.62,65.00,832.00,0,0,0
2023-09-02T00:31:02Z,22.76,73.45,99,0,31.99,101.62,64.00,825.00,null,null,null
2023-09-02T00:32:02Z,22.77,73.41,99,0,31.56,101.62,65.00,832.00,null,null,null
2023-09-02T00:33:02Z,22.77,73.43,99,0,30.67,101.61,65.00,832.00,null,null,null
2023-09-02T00:34:02Z,22.74,73.42,99,0,31.33,101.62,65.00,832.00,null,null,null
2023-09-02T00:35:02Z,22.73,73.38,99,0,30.84,101.61,63.00,815.00,0,0,0
2023-09-02T00:36:02Z,22.76,73.40,99,0,30.57,101.61,65.00,830.00,null,null,null
2023-09-02T00:37:02Z,22.79,73.33,99,0,30.85,101.61,68.00,851.00,null,null,null
2023-09-02T00:38:02Z,22.76,73.36,99,0,30.26,101.61,68.00,851.00,null,null,null
2023-09-02T00:39:02Z,22.76,73.34,99,0,31.92,101.61,68.00,851.00,null,null,null
2023-09-02T00:40:02Z,22.76,73.36,99,0,31.89,101.61,68.00,851.00,0,0,0
2023-09-02T00:41:02Z,22.76,73.35,99,0,32.35,101.62,68.00,851.00,null,null,null
2023-09-02T00:42:02Z,22.74,73.34,99,0,33.84,101.61,68.00,851.00,null,null,null
2023-09-02T00:43:02Z,22.76,73.27,99,0,33.09,101.61,65.00,832.00,null,null,null
2023-09-02T00:44:02Z,22.76,73.27,99,0,29.27,101.61,67.00,840.00,null,null,null
2023-09-02T00:45:02Z,22.74,73.28,99,0,30.87,101.61,70.00,863.00,0,0,0
2023-09-02T00:46:02Z,22.76,73.30,99,0,30.21,101.61,66.00,838.00,null,null,null
2023-09-02T00:47:02Z,22.76,73.21,99,0,30.12,101.61,70.00,863.00,null,null,null
2023-09-02T00:48:02Z,22.74,73.21,99,0,30.05,101.61,71.00,870.00,null,null,null
2023-09-02T00:49:02Z,22.74,73.28,99,0,30.16,101.61,66.00,836.00,null,null,null
2023-09-02T00:50:02Z,22.73,73.32,99,0,29.98,101.61,66.00,838.00,0,0,0
2023-09-02T00:51:02Z,22.74,73.30,99,0,31.14,101.61,65.00,830.00,null,null,null
2023-09-02T00:52:02Z,22.77,73.27,99,0,30.68,101.61,64.00,825.00,null,null,null
2023-09-02T00:53:02Z,22.74,73.31,99,0,31.51,101.61,68.00,851.00,null,null,null
2023-09-02T00:54:02Z,22.76,73.26,99,0,31.48,101.61,69.00,853.00,null,null,null
2023-09-02T00:55:02Z,22.79,73.23,99,0,31.28,101.60,68.00,851.00,0,0,0
2023-09-02T00:56:02Z,22.73,73.28,99,0,30.29,101.60,68.00,848.00,null,null,null
2023-09-02T00:57:02Z,22.76,73.26,99,0,29.76,101.60,66.00,838.00,null,null,null
2023-09-02T00:58:02Z,22.74,73.24,99,0,32.47,101.60,68.00,851.00,null,null,null
2023-09-02T00:59:02Z,22.73,73.23,99,0,32.69,101.60,66.00,836.00,null,null,null
2023-09-02T01:00:02Z,22.74,73.28,99,0,29.97,101.60,66.00,836.00,0,0,0
2023-09-02T01:01:02Z,22.74,73.30,99,0,30.39,101.59,65.00,830.00,null,null,null
2023-09-02T01:02:02Z,22.74,73.27,99,0,28.96,101.60,71.00,870.00,null,null,null
2023-09-02T01:03:02Z,22.76,73.32,99,0,29.83,101.59,72.00,877.00,null,null,null
2023-09-02T01:04:02Z,22.74,73.26,99,0,30.70,101.59,74.00,891.00,null,null,null
2023-09-02T01:05:02Z,22.73,73.33,99,0,30.33,101.59,76.00,900.00,0,0,0
2023-09-02T01:06:02Z,22.74,73.36,99,0,31.25,101.59,76.00,900.00,null,null,null
2023-09-02T01:07:02Z,22.73,73.28,99,0,30.94,101.59,78.00,918.00,null,null,null
2023-09-02T01:08:02Z,22.73,73.34,99,0,32.25,101.59,78.00,918.00,null,null,null
2023-09-02T01:09:02Z,22.74,73.35,99,0,32.82,101.59,80.00,927.00,null,null,null
2023-09-02T01:10:02Z,22.74,73.36,99,0,30.86,101.59,77.00,907.00,0,0,0
2023-09-02T01:11:02Z,22.74,73.33,99,0,32.44,101.58,78.00,918.00,null,null,null
2023-09-02T01:12:02Z,22.76,73.34,99,0,31.01,101.60,80.00,927.00,null,null,null
2023-09-02T01:13:02Z,22.74,73.30,99,0,30.33,101.59,83.00,945.00,null,null,null
2023-09-02T01:14:02Z,22.73,73.29,99,0,29.38,101.59,80.00,927.00,null,null,null
2023-09-02T01:15:02Z,22.74,73.30,99,0,30.74,101.59,77.00,907.00,0,0,0
2023-09-02T01:16:02Z,22.77,73.33,99,0,30.24,101.58,78.00,918.00,null,null,null
2023-09-02T01:17:02Z,22.76,73.27,99,0,31.76,101.58,81.00,933.00,null,null,null
2023-09-02T01:18:02Z,22.74,73.28,99,0,31.07,101.59,79.00,920.00,null,null,null
2023-09-02T01:19:02Z,22.74,73.28,99,0,34.01,101.58,77.00,907.00,null,null,null
2023-09-02T01:20:02Z,22.73,73.29,99,0,31.35,101.59,76.00,900.00,0,0,0
2023-09-02T01:21:02Z,22.73,73.31,99,0,31.70,101.59,74.00,889.00,null,null,null
2023-09-02T01:22:02Z,22.76,73.27,99,0,30.93,101.59,76.00,900.00,null,null,null
2023-09-02T01:23:02Z,22.74,73.29,99,0,29.65,101.59,77.00,909.00,null,null,null
2023-09-02T01:24:02Z,22.73,73.28,99,0,30.48,101.59,76.00,900.00,null,null,null
2023-09-02T01:25:02Z,22.74,73.31,99,0,30.94,101.59,74.00,889.00,0,0,0
2023-09-02T01:26:02Z,22.74,73.33,99,0,30.20,101.59,74.00,889.00,null,null,null
2023-09-02T01:27:02Z,22.74,73.22,99,0,32.24,101.60,71.00,870.00,null,null,null
2023-09-02T01:28:02Z,22.74,73.26,99,0,31.74,101.60,71.00,868.00,null,null,null
2023-09-02T01:29:02Z,22.74,73.26,99,0,29.51,101.60,71.00,870.00,null,null,null
2023-09-02T01:30:02Z,22.72,73.31,99,0,30.11,101.59,71.00,870.00,0,0,0
2023-09-02T01:31:02Z,22.76,73.33,99,0,31.36,101.59,69.00,857.00,null,null,null
2023-09-02T01:32:02Z,22.73,73.28,99,0,29.60,101.60,71.00,872.00,null,null,null
2023-09-02T01:33:02Z,22.73,73.23,99,0,29.79,101.59,66.00,838.00,null,null,null
2023-09-02T01:34:02Z,22.73,73.30,99,0,30.14,101.59,70.00,863.00,null,null,null
2023-09-02T01:35:02Z,22.72,73.29,99,0,29.69,101.59,69.00,857.00,0,0,0
2023-09-02T01:36:02Z,22.72,73.32,99,0,29.99,101.59,65.00,830.00,null,null,null
2023-09-02T01:37:02Z,22.73,73.26,99,0,30.52,101.60,66.00,838.00,null,null,null
2023-09-02T01:38:02Z,22.73,73.30,99,0,29.56,101.60,69.00,853.00,null,null,null
2023-09-02T01:39:02Z,22.72,73.24,99,0,31.03,101.60,66.00,838.00,null,null,null
2023-09-02T01:40:02Z,22.72,73.32,99,0,29.43,101.61,70.00,863.00,0,0,0
2023-09-02T01:41:02Z,22.73,73.36,99,0,31.07,101.60,69.00,853.00,null,null,null
2023-09-02T01:42:02Z,22.76,73.37,99,0,32.03,101.61,66.00,838.00,null,null,null
2023-09-02T01:43:02Z,22.72,73.33,99,0,30.01,101.61,68.00,851.00,null,null,null
2023-09-02T01:44:02Z,22.72,73.38,99,0,30.62,101.61,65.00,830.00,null,null,null
2023-09-02T01:45:02Z,22.72,73.42,99,0,30.64,101.61,66.00,838.00,0,0,0
2023-09-02T01:46:02Z,22.73,73.40,99,0,30.14,101.61,64.00,825.00,null,null,null
2023-09-02T01:47:02Z,22.73,73.41,99,0,31.61,101.61,65.00,830.00,null,null,null
2023-09-02T01:48:02Z,22.73,73.39,99,0,31.97,101.61,65.00,830.00,null,null,null
2023-09-02T01:49:02Z,22.73,73.47,99,0,31.76,101.61,64.00,825.00,null,null,null
2023-09-02T01:50:02Z,22.72,73.43,99,0,28.77,101.61,64.00,825.00,0,0,0
2023-09-02T01:51:02Z,22.73,73.43,99,0,31.91,101.62,64.00,825.00,null,null,null
2023-09-02T01:52:02Z,22.74,73.42,99,0,31.29,101.61,64.00,825.00,null,null,null
2023-09-02T01:53:02Z,22.73,73.42,99,0,29.96,101.61,64.00,825.00,null,null,null
2023-09-02T01:54:02Z,22.73,73.48,99,0,29.09,101.61,64.00,825.00,null,null,null
2023-09-02T01:55:02Z,22.70,73.38,99,0,30.84,101.61,63.00,815.00,0,0,0
2023-09-02T01:56:02Z,22.72,73.38,99,0,31.13,101.61,63.00,815.00,null,null,null
2023-09-02T01:57:02Z,22.73,73.37,99,0,30.65,101.61,63.00,815.00,null,null,null
2023-09-02T01:58:02Z,22.73,73.39,99,0,31.41,101.61,63.00,815.00,null,null,null
2023-09-02T01:59:02Z,22.72,73.36,99,0,31.13,101.62,63.00,815.00,null,null,null
2023-09-02T02:00:02Z,22.72,73.37,99,0,30.48,101.62,62.00,808.00,0,0,0
2023-09-02T02:01:02Z,22.73,73.35,99,0,32.87,101.62,62.00,808.00,null,null,null
2023-09-02T02:02:02Z,22.73,73.30,99,0,29.46,101.62,62.00,808.00,null,null,null
2023-09-02T02:03:02Z,22.74,73.27,99,0,30.02,101.62,62.00,808.00,null,null,null
2023-09-02T02:04:02Z,22.73,73.28,99,0,31.96,101.62,60.00,798.00,null,null,null
2023-09-02T02:05:02Z,22.72,73.27,99,0,29.73,101.61,60.00,798.00,0,0,0
2023-09-02T02:06:02Z,22.74,73.27,99,0,28.63,101.62,60.00,798.00,null,null,null
2023-09-02T02:07:02Z,22.73,73.28,99,0,32.81,101.62,60.00,798.00,null,null,null
2023-09-02T02:08:02Z,22.72,73.23,99,0,30.66,101.62,60.00,798.00,null,null,null
2023-09-02T02:09:02Z,22.72,73.22,99,0,30.06,101.62,61.00,804.00,null,null,null
2023-09-02T02:10:02Z,22.72,73.26,99,0,31.07,101.62,61.00,804.00,0,0,0
2023-09-02T02:11:02Z,22.70,73.22,99,0,31.40,101.62,59.00,791.00,null,null,null
2023-09-02T02:12:02Z,22.72,73.24,99,0,29.81,101.62,60.00,798.00,null,null,null
2023-09-02T02:13:02Z,22.73,73.20,99,0,30.25,101.62,60.00,798.00,null,null,null
2023-09-02T02:14:02Z,22.70,73.21,99,0,29.21,101.63,58.00,787.00,null,null,null
2023-09-02T02:15:02Z,22.70,73.24,99,0,31.84,101.63,60.00,798.00,0,0,0
2023-09-02T02:16:02Z,22.72,73.19,99,0,31.59,101.63,58.00,787.00,null,null,null
2023-09-02T02:17:02Z,22.72,73.15,99,0,29.36,101.63,58.00,787.00,null,null,null
2023-09-02T02:18:02Z,22.74,73.16,99,0,31.20,101.63,58.00,787.00,null,null,null
2023-09-02T02:19:02Z,22.72,73.12,99,0,31.56,101.64,57.00,778.00,null,null,null
2023-09-02T02:20:02Z,22.70,73.13,99,0,30.52,101.64,57.00,778.00,0,0,0
2023-09-02T02:21:02Z,22.72,73.15,99,0,30.21,101.64,57.00,778.00,null,null,null
2023-09-02T02:22:02Z,22.72,73.11,99,0,30.35,101.64,56.00,774.00,null,null,null
2023-09-02T02:23:02Z,22.72,73.16,99,0,30.93,101.64,57.00,778.00,null,null,null
2023-09-02T02:24:02Z,22.73,73.14,99,0,29.26,101.64,56.00,774.00,null,null,null
2023-09-02T02:25:02Z,22.70,73.14,99,0,28.93,101.64,56.00,774.00,0,0,0
2023-09-02T02:26:02Z,22.70,73.16,99,0,31.54,101.64,56.00,774.00,null,null,null
2023-09-02T02:27:02Z,22.72,73.11,99,0,30.29,101.64,56.00,774.00,null,null,null
2023-09-02T02:28:02Z,22.73,73.07,99,0,31.30,101.64,56.00,774.00,null,null,null
2023-09-02T02:29:02Z,22.72,73.16,99,0,31.12,101.64,56.00,770.00,null,null,null
2023-09-02T02:30:02Z,22.69,73.10,99,0,29.60,101.64,56.00,770.00,0,0,0
2023-09-02T02:31:02Z,22.70,73.14,99,0,31.70,101.64,56.00,770.00,null,null,null
2023-09-02T02:32:02Z,22.73,73.07,99,0,30.50,101.64,54.00,761.00,null,null,null
2023-09-02T02:33:02Z,22.70,73.10,99,0,29.97,101.65,54.00,761.00,null,null,null
2023-09-02T02:34:02Z,22.69,73.09,99,0,30.56,101.65,54.00,761.00,null,null,null
2023-09-02T02:35:02Z,22.72,73.10,99,0,30.25,101.65,56.00,770.00,0,0,0
2023-09-02T02:36:02Z,22.70,73.08,99,0,29.50,101.66,54.00,761.00,null,null,null
2023-09-02T02:37:02Z,22.70,73.15,99,0,30.02,101.65,54.00,761.00,null,null,null
2023-09-02T02:38:02Z,22.69,73.11,99,0,29.51,101.65,54.00,761.00,null,null,null
2023-09-02T02:39:02Z,22.70,73.13,99,0,31.53,101.65,54.00,761.00,null,null,null
2023-09-02T02:40:02Z,22.66,73.15,99,0,30.29,101.65,54.00,761.00,0,0,0
2023-09-02T02:41:02Z,22.70,73.11,99,0,30.84,101.65,53.00,754.00,null,null,null
2023-09-02T02:42:02Z,22.69,73.13,99,0,30.91,101.65,54.00,761.00,null,null,null
2023-09-02T02:43:02Z,22.72,73.14,99,0,30.43,101.65,53.00,754.00,null,null,null
2023-09-02T02:44:02Z,22.70,73.14,99,0,32.96,101.65,53.00,754.00,null,null,null
2023-09-02T02:45:02Z,22.70,73.26,99,0,28.88,101.64,53.00,754.00,0,0,0
2023-09-02T02:46:02Z,22.69,73.23,99,0,30.36,101.65,53.00,748.00,null,null,null
2023-09-02T02:47:02Z,22.69,73.14,99,0,32.18,101.65,53.00,754.00,null,null,null
2023-09-02T02:48:02Z,22.69,73.17,99,0,30.82,101.64,53.00,754.00,null,null,null
2023-09-02T02:49:02Z,22.67,73.23,99,0,31.02,101.65,53.00,754.00,null,null,null
2023-09-02T02:50:02Z,22.67,73.23,99,0,31.26,101.65,53.00,754.00,0,0,0
2023-09-02T02:51:02Z,22.67,73.23,99,0,29.55,101.65,51.00,737.00,null,null,null
2023-09-02T02:52:02Z,22.69,73.18,99,0,30.36,101.64,53.00,754.00,null,null,null
2023-09-02T02:53:02Z,22.69,73.11,99,0,29.77,101.64,52.00,746.00,null,null,null
2023-09-02T02:54:02Z,22.69,73.24,99,0,30.60,101.64,52.00,746.00,null,null,null
2023-09-02T02:55:02Z,22.69,73.21,99,0,30.24,101.64,52.00,746.00,0,0,0
2023-09-02T02:56:02Z,22.69,73.16,99,0,30.48,101.64,52.00,746.00,null,null,null
2023-09-02T02:57:02Z,22.70,73.13,99,0,31.20,101.65,53.00,754.00,null,null,null
2023-09-02T02:58:02Z,22.70,73.11,99,0,32.02,101.64,54.00,761.00,null,null,null
2023-09-02T02:59:02Z,22.70,73.16,99,0,31.35,101.64,54.00,761.00,null,null,null
