TIME,TEMP,HUM,BATT,LIGHT,NOISE_A,PRESS,CCS811_VOCS,CCS811_ECO2,PM_1,PM_25,PM_10
ISO 8601,C,%,%,Lux,dBA,kPa,ppb,ppm,ug/m3,ug/m3,ug/m3
Time,Temperature,Humidity,Battery,Light,Noise dBA,Barometric pressure,VOC Gas CCS811,eCO2 Gas CCS811,PM 1.0,PM 2.5,PM 10.0
,55,56,10,14,53,58,113,112,89,87,88
2023-08-20T00:00:03Z,21.85,68.61,99,0,35.60,101.70,40.00,668.00,1,3,3
2023-08-20T00:01:03Z,21.92,68.86,98,0,38.55,101.70,47.00,710.00,null,null,null
2023-08-20T00:02:03Z,21.92,68.91,98,0,34.19,101.70,52.00,744.00,null,null,null
2023-08-20T00:03:03Z,21.94,69.12,98,0,40.32,101.69,60.00,800.00,null,null,null
2023-08-20T00:04:03Z,21.95,69.23,99,0,36.52,101.69,62.00,808.00,null,null,null
2023-08-20T00:05:03Z,21.95,69.22,98,0,39.67,101.69,62.00,808.00,0,1,1
2023-08-20T00:06:03Z,22.01,69.06,98,0,39.52,101.69,59.00,791.00,null,null,null
2023-08-20T00:07:03Z,22.01,68.94,99,0,39.31,101.68,59.00,791.00,null,null,null
2023-08-20T00:08:03Z,22.01,69.23,99,0,32.57,101.69,59.00,791.00,null,null,null
2023-08-20T00:09:03Z,22.01,69.26,98,0,39.02,101.69,60.00,800.00,null,null,null
2023-08-20T00:10:03Z,22.01,69.50,98,0,42.69,101.69,62.00,810.00,0,0,0
2023-08-20T00:11:03Z,22.04,69.17,98,0,30.38,101.68,61.00,802.00,null,null,null
2023-08-20T00:12:03Z,22.04,69.31,98,0,35.84,101.68,65.00,830.00,null,null,null
2023-08-20T00:13:03Z,22.04,69.09,98,0,35.70,101.69,61.00,802.00,null,null,null
2023-08-20T00:14:03Z,22.02,69.01,98,0,32.12,101.69,60.00,800.00,null,null,null
2023-08-20T00:15:03Z,22.04,68.90,98,0,35.00,101.69,57.00,780.00,0,0,0
2023-08-20T00:16:03Z,22.04,68.93,98,0,36.06,101.69,56.00,772.00,null,null,null
2023-08-20T00:17:03Z,22.08,68.91,98,0,31.24,101.69,56.00,772.00,null,null,null
2023-08-20T00:18:03Z,22.05,68.91,98,0,35.36,101.69,59.00,791.00,null,null,null
2023-08-20T00:19:03Z,22.06,68.99,98,0,34.03,101.69,56.00,772.00,null,null,null
2023-08-20T00:20:03Z,22.04,68.82,98,0,33.62,101.69,55.00,763.00,1,1,1
2023-08-20T00:21:03Z,22.06,68.98,98,0,32.85,101.68,53.00,754.00,null,null,null
2023-08-20T00:22:03Z,22.08,68.81,99,0,36.99,101.68,52.00,744.00,null,null,null
2023-08-20T00:23:03Z,22.04,68.93,99,0,32.88,101.68,47.00,712.00,null,null,null
2023-08-20T00:24:03Z,22.05,68.90,99,0,31.73,101.68,46.00,704.00,null,null,null
2023-08-20T00:25:03Z,22.05,68.94,98,0,35.47,101.68,46.00,704.00,0,0,0
2023-08-20T00:26:03Z,22.06,68.88,98,0,35.83,101.68,45.00,697.00,null,null,null
2023-08-20T00:27:03Z,22.08,68.83,98,0,33.10,101.69,47.00,712.00,null,null,null
2023-08-20T00:28:03Z,22.06,68.83,98,0,34.59,101.68,47.00,712.00,null,null,null
2023-08-20T00:29:03Z,22.08,68.75,98,0,41.47,101.68,47.00,712.00,null,null,null
2023-08-20T00:30:03Z,22.06,68.88,98,0,36.37,101.68,47.00,712.00,0,0,0
2023-08-20T00:31:03Z,22.06,68.84,98,0,37.29,101.68,46.00,704.00,null,null,null
2023-08-20T00:32:03Z,22.08,68.81,98,0,34.53,101.68,45.00,697.00,null,null,null
2023-08-20T00:33:03Z,22.06,68.78,99,0,36.90,101.68,42.00,678.00,null,null,null
2023-08-20T00:34:03Z,22.05,68.99,98,0,31.24,101.68,42.00,678.00,null,null,null
2023-08-20T00:35:03Z,22.04,68.93,98,0,31.62,101.68,38.00,653.00,1,1,1
2023-08-20T00:36:03Z,22.06,69.12,98,0,40.21,101.68,39.00,660.00,null,null,null
2023-08-20T00:37:03Z,22.04,68.93,98,0,47.75,101.68,37.00,646.00,null,null,null
2023-08-20T00:38:03Z,22.06,69.05,99,0,36.28,101.69,37.00,646.00,null,null,null
2023-08-20T00:39:03Z,22.06,68.91,98,0,33.57,101.69,35.00,633.00,null,null,null
2023-08-20T00:40:03Z,22.05,69.03,98,0,37.70,101.69,35.00,633.00,0,0,0
2023-08-20T00:41:03Z,22.06,69.12,98,0,34.25,101.69,35.00,633.00,null,null,null
2023-08-20T00:42:03Z,22.08,69.07,98,0,41.25,101.69,34.00,626.00,null,null,null
2023-08-20T00:43:03Z,22.06,69.17,99,0,41.04,101.70,34.00,626.00,null,null,null
2023-08-20T00:44:03Z,22.06,69.08,98,0,34.10,101.70,34.00,626.00,null,null,null
2023-08-20T00:45:03Z,22.06,69.25,98,0,37.78,101.70,35.00,633.00,0,0,0
2023-08-20T00:46:03Z,22.08,69.30,98,0,34.83,101.70,33.00,620.00,null,null,null
2023-08-20T00:47:03Z,22.08,69.40,98,0,35.37,101.71,32.00,612.00,null,null,null
2023-08-20T00:48:03Z,22.08,69.36,98,0,46.14,101.71,32.00,612.00,null,null,null
2023-08-20T00:49:03Z,22.09,69.67,98,0,31.98,101.71,33.00,620.00,null,null,null
2023-08-20T00:50:03Z,22.09,69.69,98,0,37.06,101.70,37.00,649.00,1,1,1
2023-08-20T00:51:03Z,22.10,69.48,99,0,35.57,101.71,45.00,699.00,null,null,null
2023-08-20T00:52:03Z,22.09,69.43,98,0,34.44,101.71,46.00,706.00,null,null,null
2023-08-20T00:53:03Z,22.10,69.36,98,0,35.76,101.71,46.00,706.00,null,null,null
2023-08-20T00:54:03Z,22.13,69.31,98,0,34.68,101.71,44.00,690.00,null,null,null
2023-08-20T00:55:03Z,22.08,69.22,98,0,38.80,101.71,42.00,682.00,0,0,0
2023-08-20T00:56:03Z,22.09,69.31,99,0,32.53,101.71,43.00,688.00,null,null,null
2023-08-20T00:57:03Z,22.12,69.14,98,0,46.87,101.72,41.00,672.00,null,null,null
2023-08-20T00:58:03Z,22.12,69.21,98,0,34.52,101.72,43.00,688.00,null,null,null
2023-08-20T00:59:03Z,22.13,69.13,99,0,41.25,101.72,42.00,678.00,null,null,null
2023-08-20T01:00:03Z,22.10,69.41,99,0,34.82,101.72,42.00,678.00,3,4,4
2023-08-20T01:01:03Z,22.12,69.02,98,0,36.53,101.72,41.00,672.00,null,null,null
2023-08-20T01:02:03Z,22.15,69.12,98,0,35.92,101.72,39.00,660.00,null,null,null
2023-08-20T01:03:03Z,22.13,69.00,98,0,37.65,101.72,38.00,653.00,null,null,null
2023-08-20T01:04:03Z,22.15,69.01,98,0,43.23,101.72,37.00,646.00,null,null,null
2023-08-20T01:05:03Z,22.13,69.08,98,0,38.71,101.72,36.00,640.00,0,0,0
2023-08-20T01:06:03Z,22.15,69.00,98,0,34.08,101.71,36.00,640.00,null,null,null
2023-08-20T01:07:03Z,22.16,69.08,98,0,32.96,101.72,35.00,633.00,null,null,null
2023-08-20T01:08:03Z,22.15,68.99,98,0,48.60,101.72,39.00,660.00,null,null,null
2023-08-20T01:09:03Z,22.15,69.11,98,0,47.47,101.72,46.00,704.00,null,null,null
2023-08-20T01:10:03Z,22.13,68.91,98,0,33.65,101.72,45.00,697.00,2,2,2
2023-08-20T01:11:03Z,22.13,69.19,98,0,36.03,101.72,46.00,704.00,null,null,null
2023-08-20T01:12:03Z,22.13,68.86,99,0,32.97,101.72,45.00,697.00,null,null,null
2023-08-20T01:13:03Z,22.15,68.99,98,0,40.17,101.72,43.00,688.00,null,null,null
2023-08-20T01:14:03Z,22.15,68.89,98,0,32.34,101.72,39.00,660.00,null,null,null
2023-08-20T01:15:03Z,22.12,69.08,98,0,36.53,101.72,39.00,660.00,0,1,1
2023-08-20T01:16:03Z,22.13,69.11,98,0,34.61,101.72,38.00,653.00,null,null,null
2023-08-20T01:17:03Z,22.13,68.87,99,0,38.06,101.72,36.00,640.00,null,null,null
2023-08-20T01:18:03Z,22.15,68.99,99,0,31.54,101.72,36.00,640.00,null,null,null
2023-08-20T01:19:03Z,22.13,68.95,98,0,35.02,101.72,34.00,626.00,null,null,null
2023-08-20T01:20:03Z,22.12,69.04,98,0,35.07,101.72,34.00,626.00,3,3,3
2023-08-20T01:21:03Z,22.13,68.90,98,0,34.68,101.72,32.00,612.00,null,null,null
2023-08-20T01:22:03Z,22.16,68.88,98,0,30.46,101.72,30.00,603.00,null,null,null
2023-08-20T01:23:03Z,22.15,68.75,98,0,32.37,101.73,30.00,603.00,null,null,null
2023-08-20T01:24:03Z,22.15,68.85,98,0,37.87,101.73,30.00,597.00,null,null,null
2023-08-20T01:25:03Z,22.15,68.77,99,0,34.41,101.73,28.00,589.00,2,2,2
2023-08-20T01:26:03Z,22.12,68.70,98,0,32.08,101.73,27.00,581.00,null,null,null
2023-08-20T01:27:03Z,22.15,68.70,98,0,33.21,101.73,28.00,588.00,null,null,null
2023-08-20T01:28:03Z,22.15,68.67,98,0,32.14,101.72,27.00,580.00,null,null,null
2023-08-20T01:29:03Z,22.15,68.71,98,0,32.87,101.73,27.00,580.00,null,null,null
2023-08-20T01:30:03Z,22.15,68.74,99,0,42.21,101.73,25.00,567.00,1,1,1
2023-08-20T01:31:03Z,22.16,68.81,98,0,35.47,101.73,24.00,561.00,null,null,null
2023-08-20T01:32:03Z,22.17,68.63,98,0,39.61,101.72,24.00,564.00,null,null,null
2023-08-20T01:33:03Z,22.15,68.93,98,0,36.54,101.72,24.00,561.00,null,null,null
2023-08-20T01:34:03Z,22.15,68.76,98,0,39.02,101.72,22.00,549.00,null,null,null
2023-08-20T01:35:03Z,22.12,69.02,98,0,34.13,101.72,23.00,555.00,0,0,0
2023-08-20T01:36:03Z,22.13,68.81,98,0,33.59,101.72,23.00,555.00,null,null,null
2023-08-20T01:37:03Z,22.16,69.08,98,0,39.23,101.72,23.00,555.00,null,null,null
2023-08-20T01:38:03Z,22.16,68.77,98,0,39.25,101.72,23.00,555.00,null,null,null
2023-08-20T01:39:03Z,22.15,68.84,98,0,39.40,101.71,23.00,555.00,null,null,null
2023-08-20T01:40:03Z,22.12,68.93,98,0,34.22,101.72,23.00,555.00,4,4,4
2023-08-20T01:41:03Z,22.13,68.86,99,0,34.72,101.71,22.00,549.00,null,null,null
2023-08-20T01:42:03Z,22.13,69.01,98,0,38.55,101.72,22.00,549.00,null,null,null
2023-08-20T01:43:03Z,22.15,68.97,98,0,41.04,101.72,20.00,537.00,null,null,null
2023-08-20T01:44:03Z,22.10,69.26,98,0,41.19,101.72,21.00,543.00,null,null,null
2023-08-20T01:45:03Z,22.13,69.13,98,0,39.21,101.73,19.00,527.00,0,4,4
2023-08-20T01:46:03Z,22.15,69.48,98,0,44.98,101.73,20.00,537.00,null,null,null
2023-08-20T01:47:03Z,22.15,69.19,98,0,35.56,101.72,20.00,533.00,null,null,null
2023-08-20T01:48:03Z,22.15,69.25,99,0,37.53,101.73,20.00,537.00,null,null,null
2023-08-20T01:49:03Z,22.15,69.19,98,0,35.92,101.73,20.00,533.00,null,null,null
2023-08-20T01:50:03Z,22.10,69.27,98,0,37.62,101.73,20.00,537.00,3,7,7
2023-08-20T01:51:03Z,22.16,69.40,98,0,37.06,101.73,20.00,533.00,null,null,null
2023-08-20T01:52:03Z,22.16,69.20,98,0,38.31,101.73,20.00,533.00,null,null,null
2023-08-20T01:53:03Z,22.15,69.37,98,0,41.93,101.72,21.00,543.00,null,null,null
2023-08-20T01:54:03Z,22.13,69.39,98,0,37.55,101.74,20.00,533.00,null,null,null
2023-08-20T01:55:03Z,22.12,69.58,99,0,35.78,101.74,22.00,545.00,3,3,3
2023-08-20T01:56:03Z,22.15,69.44,98,0,41.01,101.74,21.00,539.00,null,null,null
2023-08-20T01:57:03Z,22.15,69.59,98,0,48.17,101.74,21.00,539.00,null,null,null
2023-08-20T01:58:03Z,22.16,69.62,98,0,36.31,101.74,20.00,533.00,null,null,null
2023-08-20T01:59:03Z,22.12,69.81,98,0,40.32,101.74,21.00,539.00,null,null,null
2023-08-20T02:00:03Z,22.15,69.89,98,0,34.25,101.75,23.00,552.00,3,3,3
2023-08-20T02:01:03Z,22.15,70.02,98,0,46.20,101.74,25.00,566.00,null,null,null
2023-08-20T02:02:03Z,22.15,69.82,98,0,34.47,101.75,27.00,578.00,null,null,null
2023-08-20T02:03:03Z,22.16,69.63,98,0,44.16,101.75,27.00,578.00,null,null,null
2023-08-20T02:04:03Z,22.15,69.77,99,0,36.37,101.75,26.00,577.00,null,null,null
2023-08-20T02:05:03Z,22.16,69.35,99,0,34.01,101.75,27.00,578.00,6,6,6
2023-08-20T02:06:03Z,22.17,69.31,98,0,33.74,101.75,30.00,599.00,null,null,null
2023-08-20T02:07:03Z,22.19,69.28,98,0,37.53,101.75,33.00,620.00,null,null,null
2023-08-20T02:08:03Z,22.16,69.20,98,0,34.66,101.75,36.00,641.00,null,null,null
2023-08-20T02:09:03Z,22.20,69.31,98,0,36.98,101.75,41.00,671.00,null,null,null
2023-08-20T02:10:03Z,22.22,68.94,99,0,43.43,101.75,42.00,682.00,1,1,8
2023-08-20T02:11:03Z,22.22,68.98,99,0,37.88,101.75,43.00,688.00,null,null,null
2023-08-20T02:12:03Z,22.23,69.17,98,0,37.04,101.75,46.00,704.00,null,null,null
2023-08-20T02:13:03Z,22.22,68.72,99,0,35.35,101.75,47.00,712.00,null,null,null
2023-08-20T02:14:03Z,22.23,68.82,98,0,31.53,101.75,50.00,733.00,null,null,null
2023-08-20T02:15:03Z,22.20,68.81,99,0,45.03,101.75,51.00,735.00,5,5,5
2023-08-20T02:16:03Z,22.22,69.35,98,0,32.74,101.75,49.00,728.00,null,null,null
2023-08-20T02:17:03Z,22.22,68.72,99,0,33.59,101.75,46.00,706.00,null,null,null
2023-08-20T02:18:03Z,22.23,68.65,98,0,37.53,101.75,50.00,733.00,null,null,null
2023-08-20T02:19:03Z,22.25,68.76,99,0,30.76,101.75,52.00,742.00,null,null,null
2023-08-20T02:20:03Z,22.23,68.81,98,0,37.54,101.75,50.00,733.00,6,6,16
2023-08-20T02:21:03Z,22.22,68.92,98,0,44.85,101.75,51.00,735.00,null,null,null
2023-08-20T02:22:03Z,22.25,69.11,98,0,32.84,101.75,51.00,735.00,null,null,null
2023-08-20T02:23:03Z,22.25,68.89,98,0,33.17,101.75,49.00,726.00,null,null,null
2023-08-20T02:24:03Z,22.23,68.93,99,0,34.67,101.75,52.00,742.00,null,null,null
2023-08-20T02:25:03Z,22.25,68.75,98,0,35.55,101.76,55.00,763.00,4,5,5
2023-08-20T02:26:03Z,22.26,69.03,99,0,32.25,101.75,52.00,742.00,null,null,null
2023-08-20T02:27:03Z,22.26,69.48,98,0,29.01,101.76,52.00,742.00,null,null,null
2023-08-20T02:28:03Z,22.27,69.53,99,0,34.49,101.75,53.00,754.00,null,null,null
2023-08-20T02:29:03Z,22.25,69.13,98,0,31.24,101.75,53.00,754.00,null,null,null
2023-08-20T02:30:03Z,22.25,68.97,98,0,33.07,101.75,53.00,749.00,10,11,11
2023-08-20T02:31:03Z,22.26,69.17,98,0,39.33,101.75,52.00,742.00,null,null,null
2023-08-20T02:32:03Z,22.26,68.74,99,0,30.58,101.75,53.00,749.00,null,null,null
2023-08-20T02:33:03Z,22.27,69.32,98,0,32.40,101.76,56.00,768.00,null,null,null
2023-08-20T02:34:03Z,22.25,68.85,98,0,33.11,101.76,53.00,754.00,null,null,null
2023-08-20T02:35:03Z,22.23,68.68,98,0,30.98,101.76,52.00,742.00,2,2,2
2023-08-20T02:36:03Z,22.27,68.91,98,0,40.96,101.76,53.00,749.00,null,null,null
2023-08-20T02:37:03Z,22.26,68.65,98,0,35.03,101.76,52.00,742.00,null,null,null
2023-08-20T02:38:03Z,22.26,68.68,99,0,28.55,101.76,53.00,748.00,null,null,null
2023-08-20T02:39:03Z,22.27,68.65,98,0,28.93,101.76,54.00,757.00,null,null,null
2023-08-20T02:40:03Z,22.26,68.81,98,0,31.41,101.76,53.00,748.00,3,8,23
2023-08-20T02:41:03Z,22.27,68.85,98,0,41.02,101.76,52.00,742.00,null,null,null
2023-08-20T02:42:03Z,22.25,68.68,98,0,42.24,101.75,52.00,742.00,null,null,null
2023-08-20T02:43:03Z,22.26,68.61,98,0,32.51,101.76,51.00,740.00,null,null,null
2023-08-20T02:44:03Z,22.25,68.70,98,0,40.55,101.77,54.00,757.00,null,null,null
2023-08-20T02:45:03Z,22.23,68.63,98,0,29.03,101.77,53.00,748.00,4,7,7
2023-08-20T02:46:03Z,22.25,68.62,98,0,32.99,101.76,54.00,761.00,null,null,null
2023-08-20T02:47:03Z,22.26,68.57,98,0,37.96,101.76,51.00,740.00,null,null,null
2023-08-20T02:48:03Z,22.25,68.66,98,0,34.44,101.76,54.00,757.00,null,null,null
2023-08-20T02:49:03Z,22.25,68.49,98,0,29.21,101.76,54.00,757.00,null,null,null
2023-08-20T02:50:03Z,22.23,68.48,98,0,36.81,101.76,54.00,757.00,2,2,2
2023-08-20T02:51:03Z,22.23,68.50,98,0,37.10,101.76,54.00,761.00,null,null,null
2023-08-20T02:52:03Z,22.25,68.52,99,0,40.78,101.76,54.00,761.00,null,null,null
2023-08-20T02:53:03Z,22.23,68.88,98,0,31.38,101.76,53.00,748.00,null,null,null
2023-08-20T02:54:03Z,22.25,68.54,98,0,38.80,101.76,56.00,772.00,null,null,null
2023-08-20T02:55:03Z,22.23,68.63,98,0,34.71,101.76,54.00,757.00,2,2,2
2023-08-20T02:56:03Z,22.25,68.55,98,0,32.61,101.76,54.00,761.00,null,null,null
2023-08-20T02:57:03Z,22.25,68.53,98,0,33.23,101.76,51.00,740.00,null,null,null
2023-08-20T02:58:03Z,22.25,68.48,98,0,32.05,101.77,51.00,740.00,null,null,null
2023-08-20T02:59:03Z,22.23,68.57,98,0,35.20,101.76,50.00,732.00,null,null,null
