TIME,TEMP,HUM,BATT,LIGHT,NOISE_A,PRESS,CCS811_VOCS,CCS811_ECO2,PM_1,PM_25,PM_10
ISO 8601,C,%,%,Lux,dBA,kPa,ppb,ppm,ug/m3,ug/m3,ug/m3
Time,Temperature,Humidity,Battery,Light,Noise dBA,Barometric pressure,VOC Gas CCS811,eCO2 Gas CCS811,PM 1.0,PM 2.5,PM 10.0
,55,56,10,14,53,58,113,112,89,87,88
2023-08-13T00:00:31Z,21.17,67.28,98,0,36.97,101.18,9.00,461.00,4,4,4
2023-08-13T00:01:31Z,21.20,67.20,98,0,39.10,101.18,5.00,439.00,null,null,null
2023-08-13T00:02:31Z,21.20,67.27,98,0,40.13,101.18,7.00,451.00,null,null,null
2023-08-13T00:03:31Z,21.20,67.34,98,0,42.52,101.18,11.00,476.00,null,null,null
2023-08-13T00:04:31Z,21.21,67.40,98,0,42.61,101.18,16.00,508.00,null,null,null
2023-08-13T00:05:31Z,21.20,67.34,98,0,43.66,101.18,18.00,523.00,4,4,4
2023-08-13T00:06:31Z,21.23,67.27,98,0,38.27,101.18,21.00,540.00,null,null,null
2023-08-13T00:07:31Z,21.23,67.28,98,0,40.25,101.18,24.00,564.00,null,null,null
2023-08-13T00:08:31Z,21.26,67.43,98,0,38.32,101.18,30.00,599.00,null,null,null
2023-08-13T00:09:31Z,21.24,67.37,98,0,40.64,101.19,29.00,591.00,null,null,null
2023-08-13T00:10:31Z,21.26,67.48,98,0,38.75,101.19,36.00,637.00,2,4,4
2023-08-13T00:11:31Z,21.29,67.44,98,0,35.74,101.19,34.00,626.00,null,null,null
2023-08-13T00:12:31Z,21.30,67.35,98,0,41.03,101.18,29.00,591.00,null,null,null
2023-08-13T00:13:31Z,21.30,67.34,98,0,36.59,101.18,23.00,556.00,null,null,null
2023-08-13T00:14:31Z,21.26,67.16,98,0,37.56,101.18,18.00,520.00,null,null,null
2023-08-13T00:15:31Z,21.26,67.18,98,0,37.55,101.19,15.00,500.00,3,3,3
2023-08-13T00:16:31Z,21.26,67.31,98,0,38.82,101.18,14.00,496.00,null,null,null
2023-08-13T00:17:31Z,21.27,67.27,98,0,40.05,101.18,13.00,488.00,null,null,null
2023-08-13T00:18:31Z,21.23,67.36,98,0,40.90,101.18,14.00,493.00,null,null,null
2023-08-13T00:19:31Z,21.24,67.18,98,0,39.81,101.18,11.00,478.00,null,null,null
2023-08-13T00:20:31Z,21.23,67.18,98,0,37.49,101.18,13.00,486.00,2,2,2
2023-08-13T00:21:31Z,21.23,67.14,98,0,37.78,101.18,10.00,472.00,null,null,null
2023-08-13T00:22:31Z,21.21,67.18,98,0,37.84,101.18,11.00,476.00,null,null,null
2023-08-13T00:23:31Z,21.20,67.20,98,0,38.07,101.18,9.00,462.00,null,null,null
2023-08-13T00:24:31Z,21.21,67.16,98,0,40.49,101.18,11.00,476.00,null,null,null
2023-08-13T00:25:31Z,21.18,67.27,98,0,43.56,101.19,11.00,476.00,4,4,15
2023-08-13T00:26:31Z,21.21,67.25,98,0,39.29,101.19,14.00,492.00,null,null,null
2023-08-13T00:27:31Z,21.20,67.15,98,0,59.01,101.19,10.00,470.00,null,null,null
2023-08-13T00:28:31Z,21.20,67.41,98,0,40.04,101.19,10.00,470.00,null,null,null
2023-08-13T00:29:31Z,21.18,67.11,98,0,42.92,101.19,8.00,457.00,null,null,null
2023-08-13T00:30:31Z,21.18,67.14,98,0,38.41,101.19,9.00,461.00,2,2,2
2023-08-13T00:31:31Z,21.18,67.28,98,0,39.24,101.19,12.00,481.00,null,null,null
2023-08-13T00:32:31Z,21.21,67.21,98,0,41.44,101.18,16.00,506.00,null,null,null
2023-08-13T00:33:31Z,21.21,67.24,98,0,39.57,101.19,23.00,553.00,null,null,null
2023-08-13T00:34:31Z,21.23,67.26,98,0,36.35,101.18,28.00,588.00,null,null,null
2023-08-13T00:35:31Z,21.24,67.48,98,0,41.16,101.18,32.00,611.00,6,11,22
2023-08-13T00:36:31Z,21.24,67.38,98,0,37.02,101.18,32.00,611.00,null,null,null
2023-08-13T00:37:31Z,21.26,67.24,98,0,41.69,101.18,21.00,543.00,null,null,null
2023-08-13T00:38:31Z,21.21,67.31,98,0,39.27,101.18,15.00,505.00,null,null,null
2023-08-13T00:39:31Z,21.23,67.34,98,0,40.09,101.18,15.00,502.00,null,null,null
2023-08-13T00:40:31Z,21.20,67.30,98,0,42.10,101.18,13.00,486.00,2,6,6
2023-08-13T00:41:31Z,21.20,67.16,98,0,37.28,101.17,10.00,470.00,null,null,null
2023-08-13T00:42:31Z,21.18,67.02,98,0,35.35,101.18,13.00,491.00,null,null,null
2023-08-13T00:43:31Z,21.23,67.14,98,0,37.22,101.17,16.00,506.00,null,null,null
2023-08-13T00:44:31Z,21.21,67.29,98,0,37.13,101.18,19.00,529.00,null,null,null
2023-08-13T00:45:31Z,21.23,67.35,98,0,37.96,101.18,21.00,540.00,2,2,14
2023-08-13T00:46:31Z,21.23,67.12,98,0,33.79,101.18,22.00,546.00,null,null,null
2023-08-13T00:47:31Z,21.23,67.06,98,0,39.47,101.17,23.00,551.00,null,null,null
2023-08-13T00:48:31Z,21.24,67.12,98,0,37.75,101.17,25.00,565.00,null,null,null
2023-08-13T00:49:31Z,21.26,67.41,98,0,37.01,101.17,28.00,589.00,null,null,null
2023-08-13T00:50:31Z,21.27,67.49,98,0,41.11,101.17,28.00,588.00,0,0,0
2023-08-13T00:51:31Z,21.29,67.53,98,0,35.49,101.17,28.00,588.00,null,null,null
2023-08-13T00:52:31Z,21.30,67.50,98,0,37.81,101.17,30.00,599.00,null,null,null
2023-08-13T00:53:31Z,21.31,67.38,98,0,35.31,101.17,34.00,624.00,null,null,null
2023-08-13T00:54:31Z,21.33,67.21,98,0,36.02,101.17,37.00,643.00,null,null,null
2023-08-13T00:55:31Z,21.33,67.50,98,0,34.90,101.17,37.00,649.00,1,1,1
2023-08-13T00:56:31Z,21.35,67.63,98,0,33.99,101.17,38.00,650.00,null,null,null
2023-08-13T00:57:31Z,21.37,67.31,98,0,35.99,101.17,42.00,678.00,null,null,null
2023-08-13T00:58:31Z,21.38,67.17,98,0,40.84,101.18,42.00,682.00,null,null,null
2023-08-13T00:59:31Z,21.38,67.25,98,0,35.65,101.17,43.00,688.00,null,null,null
2023-08-13T01:00:31Z,21.37,67.06,98,0,37.64,101.17,44.00,694.00,1,1,1
2023-08-13T01:01:31Z,21.40,67.23,98,0,35.04,101.16,43.00,683.00,null,null,null
2023-08-13T01:02:31Z,21.40,67.09,98,0,34.86,101.17,40.00,668.00,null,null,null
2023-08-13T01:03:31Z,21.41,67.04,98,0,34.56,101.17,36.00,638.00,null,null,null
2023-08-13T01:04:31Z,21.38,67.04,98,0,38.08,101.16,37.00,645.00,null,null,null
2023-08-13T01:05:31Z,21.38,67.05,98,0,35.79,101.16,38.00,652.00,2,7,7
2023-08-13T01:06:31Z,21.41,66.93,98,0,34.45,101.16,36.00,638.00,null,null,null
2023-08-13T01:07:31Z,21.43,66.95,98,0,33.53,101.16,34.00,624.00,null,null,null
2023-08-13T01:08:31Z,21.43,67.00,98,0,43.83,101.16,35.00,631.00,null,null,null
2023-08-13T01:09:31Z,21.41,66.93,98,0,36.74,101.16,36.00,638.00,null,null,null
2023-08-13T01:10:31Z,21.43,67.11,98,0,35.98,101.16,36.00,638.00,0,0,0
2023-08-13T01:11:31Z,21.41,66.96,98,0,35.15,101.16,38.00,652.00,null,null,null
2023-08-13T01:12:31Z,21.43,66.96,98,0,30.69,101.16,33.00,623.00,null,null,null
2023-08-13T01:13:31Z,21.44,66.83,98,0,35.23,101.16,32.00,615.00,null,null,null
2023-08-13T01:14:31Z,21.41,66.77,98,0,38.18,101.16,31.00,607.00,null,null,null
2023-08-13T01:15:31Z,21.40,66.77,98,0,34.49,101.16,30.00,600.00,2,2,2
2023-08-13T01:16:31Z,21.40,66.99,98,0,36.33,101.16,31.00,607.00,null,null,null
2023-08-13T01:17:31Z,21.43,66.80,98,0,34.10,101.15,31.00,607.00,null,null,null
2023-08-13T01:18:31Z,21.44,66.90,98,0,36.74,101.15,31.00,607.00,null,null,null
2023-08-13T01:19:31Z,21.44,66.72,98,0,37.82,101.16,33.00,623.00,null,null,null
2023-08-13T01:20:31Z,21.44,66.69,98,0,34.92,101.16,35.00,634.00,3,4,4
2023-08-13T01:21:31Z,21.44,66.75,98,0,37.39,101.16,34.00,627.00,null,null,null
2023-08-13T01:22:31Z,21.47,66.84,98,0,36.23,101.15,33.00,620.00,null,null,null
2023-08-13T01:23:31Z,21.47,66.85,98,0,38.33,101.16,35.00,634.00,null,null,null
2023-08-13T01:24:31Z,21.47,66.92,98,0,35.03,101.16,37.00,649.00,null,null,null
2023-08-13T01:25:31Z,21.47,66.97,98,0,41.31,101.16,37.00,649.00,1,6,6
2023-08-13T01:26:31Z,21.48,66.95,98,0,38.13,101.16,37.00,649.00,null,null,null
2023-08-13T01:27:31Z,21.50,66.99,98,0,34.55,101.15,36.00,641.00,null,null,null
2023-08-13T01:28:31Z,21.48,66.91,98,0,34.77,101.15,37.00,649.00,null,null,null
2023-08-13T01:29:31Z,21.47,66.81,98,0,38.39,101.16,36.00,641.00,null,null,null
2023-08-13T01:30:31Z,21.47,66.89,98,0,33.16,101.16,35.00,634.00,0,0,0
2023-08-13T01:31:31Z,21.48,67.08,98,0,32.24,101.15,36.00,640.00,null,null,null
2023-08-13T01:32:31Z,21.51,66.98,98,0,34.86,101.16,39.00,657.00,null,null,null
2023-08-13T01:33:31Z,21.50,66.91,98,0,34.26,101.15,40.00,666.00,null,null,null
2023-08-13T01:34:31Z,21.50,66.74,98,0,35.41,101.16,40.00,666.00,null,null,null
2023-08-13T01:35:31Z,21.45,66.72,98,0,36.28,101.14,37.00,645.00,0,0,0
2023-08-13T01:36:31Z,21.47,67.06,98,0,35.77,101.15,34.00,624.00,null,null,null
2023-08-13T01:37:31Z,21.51,66.91,98,0,34.27,101.15,30.00,603.00,null,null,null
2023-08-13T01:38:31Z,21.50,66.97,98,0,37.31,101.15,32.00,612.00,null,null,null
2023-08-13T01:39:31Z,21.48,66.91,98,0,34.86,101.16,33.00,618.00,null,null,null
2023-08-13T01:40:31Z,21.47,66.73,98,0,30.35,101.16,33.00,617.00,0,5,5
2023-08-13T01:41:31Z,21.47,66.89,98,0,37.35,101.16,32.00,615.00,null,null,null
2023-08-13T01:42:31Z,21.47,66.95,98,0,40.52,101.15,29.00,596.00,null,null,null
2023-08-13T01:43:31Z,21.45,67.05,98,0,35.94,101.15,29.00,596.00,null,null,null
2023-08-13T01:44:31Z,21.45,66.91,98,0,35.80,101.15,25.00,569.00,null,null,null
2023-08-13T01:45:31Z,21.45,66.95,98,0,37.87,101.15,26.00,575.00,1,1,1
2023-08-13T01:46:31Z,21.47,66.99,98,0,33.41,101.15,28.00,588.00,null,null,null
2023-08-13T01:47:31Z,21.50,67.03,98,0,37.85,101.14,27.00,580.00,null,null,null
2023-08-13T01:48:31Z,21.44,66.91,98,0,35.01,101.15,28.00,588.00,null,null,null
2023-08-13T01:49:31Z,21.47,66.91,98,0,39.62,101.14,27.00,580.00,null,null,null
2023-08-13T01:50:31Z,21.45,66.92,98,0,37.95,101.14,27.00,578.00,3,3,3
2023-08-13T01:51:31Z,21.47,66.98,98,0,37.79,101.13,27.00,578.00,null,null,null
2023-08-13T01:52:31Z,21.45,67.04,98,0,37.20,101.15,26.00,574.00,null,null,null
2023-08-13T01:53:31Z,21.47,67.04,98,0,38.21,101.13,26.00,574.00,null,null,null
2023-08-13T01:54:31Z,21.45,67.06,98,0,35.82,101.13,26.00,574.00,null,null,null
2023-08-13T01:55:31Z,21.43,67.17,98,0,33.55,101.14,27.00,578.00,1,1,1
2023-08-13T01:56:31Z,21.44,67.16,98,0,36.24,101.14,23.00,552.00,null,null,null
2023-08-13T01:57:31Z,21.45,67.18,98,0,35.01,101.13,23.00,552.00,null,null,null
2023-08-13T01:58:31Z,21.47,67.09,98,0,35.63,101.13,24.00,560.00,null,null,null
2023-08-13T01:59:31Z,21.44,67.18,98,0,36.21,101.14,25.00,565.00,null,null,null
2023-08-13T02:00:31Z,21.44,67.24,98,0,34.74,101.14,23.00,555.00,2,3,3
2023-08-13T02:01:31Z,21.45,67.07,98,0,35.66,101.14,22.00,549.00,null,null,null
2023-08-13T02:02:31Z,21.48,66.95,98,0,36.51,101.13,22.00,545.00,null,null,null
2023-08-13T02:03:31Z,21.44,67.17,98,0,35.35,101.13,23.00,555.00,null,null,null
2023-08-13T02:04:31Z,21.44,67.10,98,0,48.93,101.14,22.00,549.00,null,null,null
2023-08-13T02:05:31Z,21.45,67.02,98,0,38.86,101.13,23.00,555.00,2,4,4
2023-08-13T02:06:31Z,21.45,66.95,98,0,35.66,101.13,21.00,539.00,null,null,null
2023-08-13T02:07:31Z,21.45,66.94,98,0,34.43,101.14,21.00,539.00,null,null,null
2023-08-13T02:08:31Z,21.43,66.95,98,0,34.80,101.13,22.00,545.00,null,null,null
2023-08-13T02:09:31Z,21.43,67.02,98,0,34.80,101.13,22.00,545.00,null,null,null
2023-08-13T02:10:31Z,21.41,67.25,98,0,37.09,101.13,22.00,549.00,0,0,0
2023-08-13T02:11:31Z,21.44,67.15,98,0,34.41,101.13,20.00,534.00,null,null,null
2023-08-13T02:12:31Z,21.44,67.20,98,0,34.30,101.14,21.00,539.00,null,null,null
2023-08-13T02:13:31Z,21.43,67.13,98,0,34.88,101.14,21.00,539.00,null,null,null
2023-08-13T02:14:31Z,21.43,67.00,98,0,33.49,101.13,22.00,545.00,null,null,null
2023-08-13T02:15:31Z,21.41,66.90,98,0,41.37,101.13,21.00,539.00,1,1,1
2023-08-13T02:16:31Z,21.40,66.95,98,0,37.44,101.13,19.00,530.00,null,null,null
2023-08-13T02:17:31Z,21.43,67.06,98,0,39.08,101.13,20.00,537.00,null,null,null
2023-08-13T02:18:31Z,21.40,67.08,98,0,40.28,101.13,20.00,537.00,null,null,null
2023-08-13T02:19:31Z,21.41,66.96,98,0,42.72,101.13,18.00,524.00,null,null,null
2023-08-13T02:20:31Z,21.38,66.93,98,0,43.32,101.14,18.00,524.00,0,0,0
2023-08-13T02:21:31Z,21.40,67.01,98,0,37.59,101.13,18.00,519.00,null,null,null
2023-08-13T02:22:31Z,21.38,67.23,98,0,33.21,101.13,20.00,537.00,null,null,null
2023-08-13T02:23:31Z,21.44,67.12,98,0,42.89,101.13,21.00,543.00,null,null,null
2023-08-13T02:24:31Z,21.37,67.00,98,0,40.55,101.13,19.00,530.00,null,null,null
2023-08-13T02:25:31Z,21.38,67.09,98,0,37.14,101.12,18.00,524.00,1,1,1
2023-08-13T02:26:31Z,21.38,67.12,98,0,39.17,101.14,16.00,506.00,null,null,null
2023-08-13T02:27:31Z,21.38,67.09,98,0,42.18,101.13,17.00,517.00,null,null,null
2023-08-13T02:28:31Z,21.41,67.24,98,0,32.55,101.13,18.00,520.00,null,null,null
2023-08-13T02:29:31Z,21.35,67.25,98,0,38.46,101.13,20.00,534.00,null,null,null
2023-08-13T02:30:31Z,21.35,67.15,98,0,44.52,101.12,20.00,536.00,2,2,2
2023-08-13T02:31:31Z,21.37,67.37,98,0,41.89,101.12,19.00,527.00,null,null,null
2023-08-13T02:32:31Z,21.37,67.28,98,0,36.80,101.13,16.00,508.00,null,null,null
2023-08-13T02:33:31Z,21.35,67.12,98,0,31.55,101.13,18.00,523.00,null,null,null
2023-08-13T02:34:31Z,21.37,67.29,98,0,38.10,101.12,21.00,540.00,null,null,null
2023-08-13T02:35:31Z,21.37,67.35,98,0,38.90,101.13,21.00,539.00,1,1,1
2023-08-13T02:36:31Z,21.37,67.39,98,0,38.20,101.12,18.00,520.00,null,null,null
2023-08-13T02:37:31Z,21.37,67.31,98,0,36.11,101.13,18.00,520.00,null,null,null
2023-08-13T02:38:31Z,21.34,67.31,98,0,42.41,101.13,16.00,506.00,null,null,null
2023-08-13T02:39:31Z,21.37,67.35,98,0,45.43,101.13,18.00,520.00,null,null,null
2023-08-13T02:40:31Z,21.34,67.27,98,0,36.28,101.13,16.00,506.00,0,0,7
2023-08-13T02:41:31Z,21.37,67.28,98,0,38.36,101.12,13.00,491.00,null,null,null
2023-08-13T02:42:31Z,21.37,67.28,98,0,47.95,101.13,16.00,506.00,null,null,null
2023-08-13T02:43:31Z,21.34,67.23,98,0,34.84,101.12,14.00,492.00,null,null,null
2023-08-13T02:44:31Z,21.31,67.33,98,0,40.12,101.12,15.00,502.00,null,null,null
2023-08-13T02:45:31Z,21.31,67.57,98,0,38.26,101.13,16.00,508.00,0,0,0
2023-08-13T02:46:31Z,21.35,67.38,98,0,42.18,101.12,14.00,498.00,null,null,null
2023-08-13T02:47:31Z,21.37,67.45,98,0,44.08,101.12,16.00,508.00,null,null,null
2023-08-13T02:48:31Z,21.37,67.47,98,0,34.54,101.12,16.00,508.00,null,null,null
2023-08-13T02:49:31Z,21.35,67.40,98,0,33.08,101.12,16.00,508.00,null,null,null
2023-08-13T02:50:31Z,21.35,67.39,98,0,36.71,101.11,19.00,526.00,1,1,1
2023-08-13T02:51:31Z,21.35,67.43,98,0,44.75,101.12,17.00,518.00,null,null,null
2023-08-13T02:52:31Z,21.35,67.35,98,0,46.24,101.11,16.00,508.00,null,null,null
2023-08-13T02:53:31Z,21.37,67.45,98,0,34.01,101.10,15.00,502.00,null,null,null
2023-08-13T02:54:31Z,21.33,67.40,98,0,46.17,101.11,15.00,502.00,null,null,null
2023-08-13T02:55:31Z,21.33,67.36,98,0,38.95,101.11,16.00,506.00,1,1,1
2023-08-13T02:56:31Z,21.34,67.41,98,0,45.90,101.11,14.00,497.00,null,null,null
2023-08-13T02:57:31Z,21.30,67.29,98,0,37.28,101.11,13.00,491.00,null,null,null
2023-08-13T02:58:31Z,21.34,67.44,98,0,35.00,101.10,15.00,502.00,null,null,null
2023-08-13T02:59:31Z,21.31,67.38,98,0,41.49,101.11,15.00,502.00,null,null,null
