TIME,TEMP,HUM,BATT,LIGHT,NOISE_A,PRESS,CCS811_VOCS,CCS811_ECO2,PM_1,PM_25,PM_10
ISO 8601,C,%,%,Lux,dBA,kPa,ppb,ppm,ug/m3,ug/m3,ug/m3
Time,Temperature,Humidity,Battery,Light,Noise dBA,Barometric pressure,VOC Gas CCS811,eCO2 Gas CCS811,PM 1.0,PM 2.5,PM 10.0
,55,56,10,14,53,58,113,112,89,87,88
2023-09-17T00:00:04Z,25.00,57.64,64,0,34.40,101.29,122.00,1204.00,4,4,4
2023-09-17T00:01:04Z,25.00,57.63,64,0,29.62,101.29,118.00,1178.00,null,null,null
2023-09-17T00:02:04Z,25.01,57.69,64,0,29.50,101.29,122.00,1204.00,null,null,null
2023-09-17T00:03:04Z,25.00,57.67,64,0,29.93,101.29,122.00,1204.00,null,null,null
2023-09-17T00:04:04Z,25.00,57.64,64,0,35.94,101.29,122.00,1204.00,null,null,null
2023-09-17T00:05:04Z,24.97,57.65,64,0,26.08,101.30,120.00,1188.00,6,6,6
2023-09-17T00:06:04Z,25.00,57.69,64,0,31.09,101.30,120.00,1188.00,null,null,null
2023-09-17T00:07:04Z,24.98,57.69,64,0,30.97,101.29,122.00,1204.00,null,null,null
2023-09-17T00:08:04Z,24.97,57.70,64,0,31.00,101.29,122.00,1204.00,null,null,null
2023-09-17T00:09:04Z,24.97,57.73,64,0,29.20,101.29,122.00,1204.00,null,null,null
2023-09-17T00:10:04Z,24.96,57.74,64,0,32.24,101.30,122.00,1204.00,4,4,4
2023-09-17T00:11:04Z,24.98,57.75,64,0,28.55,101.29,120.00,1188.00,null,null,null
2023-09-17T00:12:04Z,24.98,57.74,64,0,29.47,101.29,120.00,1191.00,null,null,null
2023-09-17T00:13:04Z,24.96,57.70,64,0,26.26,101.29,122.00,1204.00,null,null,null
2023-09-17T00:14:04Z,24.96,57.71,64,0,30.23,101.29,120.00,1188.00,null,null,null
2023-09-17T00:15:04Z,24.94,57.77,64,0,29.21,101.29,122.00,1204.00,5,5,5
2023-09-17T00:16:04Z,24.96,57.78,64,0,33.65,101.29,117.00,1174.00,null,null,null
2023-09-17T00:17:04Z,24.96,57.78,64,0,30.90,101.29,120.00,1191.00,null,null,null
2023-09-17T00:18:04Z,24.94,57.79,64,0,28.11,101.29,120.00,1191.00,null,null,null
2023-09-17T00:19:04Z,24.93,57.75,64,0,26.89,101.29,120.00,1191.00,null,null,null
2023-09-17T00:20:04Z,24.93,57.83,64,0,29.48,101.29,120.00,1191.00,5,6,6
2023-09-17T00:21:04Z,24.93,57.82,64,0,30.54,101.29,117.00,1174.00,null,null,null
2023-09-17T00:22:04Z,24.97,57.78,64,0,30.29,101.28,120.00,1191.00,null,null,null
2023-09-17T00:23:04Z,24.96,57.82,64,0,30.47,101.28,117.00,1174.00,null,null,null
2023-09-17T00:24:04Z,24.94,57.84,64,0,30.69,101.28,116.00,1163.00,null,null,null
2023-09-17T00:25:04Z,24.94,57.83,64,0,30.50,101.28,117.00,1174.00,3,3,3
2023-09-17T00:26:04Z,24.97,57.83,64,0,30.01,101.28,116.00,1163.00,null,null,null
2023-09-17T00:27:04Z,24.93,57.85,64,0,28.70,101.28,117.00,1174.00,null,null,null
2023-09-17T00:28:04Z,24.93,57.79,64,0,36.10,101.28,117.00,1174.00,null,null,null
2023-09-17T00:29:04Z,24.90,57.84,64,0,40.56,101.28,117.00,1174.00,null,null,null
2023-09-17T00:30:04Z,24.92,57.88,64,0,26.64,101.28,117.00,1174.00,9,9,9
2023-09-17T00:31:04Z,24.92,57.88,64,0,31.69,101.28,120.00,1191.00,null,null,null
2023-09-17T00:32:04Z,24.92,57.89,63,0,29.48,101.28,120.00,1191.00,null,null,null
2023-09-17T00:33:04Z,24.93,57.88,64,0,26.76,101.28,120.00,1191.00,null,null,null
2023-09-17T00:34:04Z,24.90,57.84,63,0,26.87,101.28,120.00,1191.00,null,null,null
2023-09-17T00:35:04Z,24.90,57.85,64,0,34.86,101.28,120.00,1191.00,4,6,6
2023-09-17T00:36:04Z,24.90,57.89,63,0,35.57,101.28,120.00,1191.00,null,null,null
2023-09-17T00:37:04Z,24.92,57.89,64,0,25.67,101.27,120.00,1191.00,null,null,null
2023-09-17T00:38:04Z,24.92,57.89,64,0,29.93,101.28,120.00,1191.00,null,null,null
2023-09-17T00:39:04Z,24.90,57.89,64,0,27.24,101.27,120.00,1191.00,null,null,null
2023-09-17T00:40:04Z,24.89,57.91,63,0,27.59,101.28,120.00,1191.00,5,7,7
2023-09-17T00:41:04Z,24.92,57.93,63,0,27.89,101.28,120.00,1191.00,null,null,null
2023-09-17T00:42:04Z,24.90,57.93,63,0,25.56,101.28,120.00,1191.00,null,null,null
2023-09-17T00:43:04Z,24.90,57.93,64,0,30.07,101.27,120.00,1191.00,null,null,null
2023-09-17T00:44:04Z,24.89,57.91,63,0,30.75,101.27,120.00,1191.00,null,null,null
2023-09-17T00:45:04Z,24.89,57.92,63,0,33.75,101.27,120.00,1191.00,4,4,4
2023-09-17T00:46:04Z,24.87,57.98,63,0,29.84,101.27,120.00,1191.00,null,null,null
2023-09-17T00:47:04Z,24.90,57.94,63,0,25.67,101.27,120.00,1191.00,null,null,null
2023-09-17T00:48:04Z,24.90,57.97,63,0,29.41,101.27,120.00,1191.00,null,null,null
2023-09-17T00:49:04Z,24.87,57.96,63,0,27.84,101.27,117.00,1174.00,null,null,null
2023-09-17T00:50:04Z,24.87,58.02,63,0,28.25,101.27,117.00,1174.00,5,5,5
2023-09-17T00:51:04Z,24.89,58.01,63,0,41.45,101.27,120.00,1191.00,null,null,null
2023-09-17T00:52:04Z,24.87,57.97,63,0,32.92,101.27,120.00,1191.00,null,null,null
2023-09-17T00:53:04Z,24.86,57.99,63,0,29.49,101.26,117.00,1174.00,null,null,null
2023-09-17T00:54:04Z,24.84,58.00,63,0,30.60,101.26,117.00,1174.00,null,null,null
2023-09-17T00:55:04Z,24.83,58.00,63,0,28.85,101.26,117.00,1174.00,6,6,6
2023-09-17T00:56:04Z,24.86,58.00,63,0,27.84,101.26,117.00,1174.00,null,null,null
2023-09-17T00:57:04Z,24.86,57.99,63,0,29.96,101.25,120.00,1191.00,null,null,null
2023-09-17T00:58:04Z,24.86,57.97,63,0,27.78,101.25,117.00,1174.00,null,null,null
2023-09-17T00:59:04Z,24.86,57.98,63,0,28.34,101.25,117.00,1174.00,null,null,null
2023-09-17T01:00:04Z,24.82,57.99,63,0,27.24,101.25,117.00,1174.00,7,8,8
2023-09-17T01:01:04Z,24.86,58.00,63,0,29.78,101.25,116.00,1163.00,null,null,null
2023-09-17T01:02:04Z,24.84,58.00,63,0,27.77,101.25,120.00,1191.00,null,null,null
2023-09-17T01:03:04Z,24.83,57.99,63,0,29.89,101.25,117.00,1174.00,null,null,null
2023-09-17T01:04:04Z,24.83,57.97,63,0,37.24,101.25,117.00,1174.00,null,null,null
2023-09-17T01:05:04Z,24.82,58.04,63,0,32.34,101.25,117.00,1174.00,11,16,16
2023-09-17T01:06:04Z,24.84,58.07,63,0,26.89,101.25,116.00,1163.00,null,null,null
2023-09-17T01:07:04Z,24.84,58.05,63,0,26.91,101.25,117.00,1174.00,null,null,null
2023-09-17T01:08:04Z,24.84,57.98,63,0,30.60,101.25,116.00,1163.00,null,null,null
2023-09-17T01:09:04Z,24.82,58.07,63,0,32.79,101.26,117.00,1174.00,null,null,null
2023-09-17T01:10:04Z,24.80,58.09,63,0,29.98,101.25,116.00,1163.00,3,3,3
2023-09-17T01:11:04Z,24.82,58.08,63,0,32.37,101.25,117.00,1174.00,null,null,null
2023-09-17T01:12:04Z,24.82,58.04,63,0,32.65,101.25,117.00,1174.00,null,null,null
2023-09-17T01:13:04Z,24.83,58.11,63,0,29.98,101.25,117.00,1174.00,null,null,null
2023-09-17T01:14:04Z,24.82,58.06,63,0,30.33,101.25,116.00,1163.00,null,null,null
2023-09-17T01:15:04Z,24.80,58.08,63,0,30.28,101.25,117.00,1174.00,7,10,10
2023-09-17T01:16:04Z,24.80,58.12,63,0,29.88,101.26,116.00,1163.00,null,null,null
2023-09-17T01:17:04Z,24.84,58.17,63,0,27.38,101.25,117.00,1174.00,null,null,null
2023-09-17T01:18:04Z,24.80,58.17,63,0,40.88,101.25,116.00,1163.00,null,null,null
2023-09-17T01:19:04Z,24.80,58.09,63,0,28.80,101.26,117.00,1174.00,null,null,null
2023-09-17T01:20:04Z,24.78,58.12,63,0,28.71,101.26,116.00,1163.00,2,3,3
2023-09-17T01:21:04Z,24.80,58.16,63,0,29.25,101.26,117.00,1174.00,null,null,null
2023-09-17T01:22:04Z,24.80,58.16,63,0,29.13,101.26,116.00,1163.00,null,null,null
2023-09-17T01:23:04Z,24.78,58.12,63,0,28.04,101.25,117.00,1174.00,null,null,null
2023-09-17T01:24:04Z,24.78,58.15,63,0,29.17,101.26,116.00,1163.00,null,null,null
2023-09-17T01:25:04Z,24.78,58.17,63,0,26.78,101.25,117.00,1174.00,10,10,10
2023-09-17T01:26:04Z,24.78,58.17,63,0,28.33,101.25,116.00,1163.00,null,null,null
2023-09-17T01:27:04Z,24.82,58.13,63,0,27.78,101.26,117.00,1174.00,null,null,null
2023-09-17T01:28:04Z,24.78,58.16,63,0,27.02,101.25,116.00,1163.00,null,null,null
2023-09-17T01:29:04Z,24.77,58.18,63,0,28.09,101.25,116.00,1163.00,null,null,null
2023-09-17T01:30:04Z,24.76,58.22,63,0,28.58,101.24,116.00,1163.00,9,12,12
2023-09-17T01:31:04Z,24.78,58.20,63,0,29.81,101.25,117.00,1174.00,null,null,null
2023-09-17T01:32:04Z,24.78,58.20,63,0,28.70,101.25,116.00,1163.00,null,null,null
2023-09-17T01:33:04Z,24.78,58.18,63,0,32.24,101.24,117.00,1174.00,null,null,null
2023-09-17T01:34:04Z,24.80,58.21,63,0,29.00,101.24,116.00,1163.00,null,null,null
2023-09-17T01:35:04Z,24.76,58.21,63,0,32.83,101.24,117.00,1174.00,8,8,19
2023-09-17T01:36:04Z,24.77,58.22,63,0,30.99,101.24,114.00,1150.00,null,null,null
2023-09-17T01:37:04Z,24.76,58.21,63,0,28.44,101.24,117.00,1174.00,null,null,null
2023-09-17T01:38:04Z,24.77,58.19,63,0,32.15,101.23,116.00,1163.00,null,null,null
2023-09-17T01:39:04Z,24.77,58.21,63,0,29.67,101.23,117.00,1174.00,null,null,null
2023-09-17T01:40:04Z,24.76,58.23,63,0,25.29,101.23,116.00,1163.00,3,3,3
2023-09-17T01:41:04Z,24.78,58.25,63,0,27.28,101.23,116.00,1163.00,null,null,null
2023-09-17T01:42:04Z,24.78,58.22,63,0,29.33,101.22,114.00,1150.00,null,null,null
2023-09-17T01:43:04Z,24.77,58.21,63,0,27.62,101.23,116.00,1163.00,null,null,null
2023-09-17T01:44:04Z,24.76,58.21,63,0,30.03,101.22,116.00,1163.00,null,null,null
2023-09-17T01:45:04Z,24.74,58.27,63,0,29.79,101.23,116.00,1163.00,3,3,3
2023-09-17T01:46:04Z,24.76,58.25,63,0,28.09,101.23,107.00,1105.00,null,null,null
2023-09-17T01:47:04Z,24.76,58.22,63,0,30.07,101.22,114.00,1150.00,null,null,null
2023-09-17T01:48:04Z,24.74,58.23,63,0,29.47,101.22,116.00,1163.00,null,null,null
2023-09-17T01:49:04Z,24.76,58.27,63,0,30.23,101.23,111.00,1131.00,null,null,null
2023-09-17T01:50:04Z,24.73,58.26,63,0,26.99,101.23,115.00,1159.00,6,6,6
2023-09-17T01:51:04Z,24.76,58.28,63,0,24.89,101.23,107.00,1105.00,null,null,null
2023-09-17T01:52:04Z,24.76,58.23,63,0,26.82,101.23,115.00,1159.00,null,null,null
2023-09-17T01:53:04Z,24.74,58.26,63,0,28.91,101.23,117.00,1174.00,null,null,null
2023-09-17T01:54:04Z,24.76,58.29,63,0,31.07,101.22,107.00,1105.00,null,null,null
2023-09-17T01:55:04Z,24.76,58.25,63,0,29.08,101.23,115.00,1159.00,6,7,7
2023-09-17T01:56:04Z,24.77,58.25,63,0,28.89,101.23,114.00,1150.00,null,null,null
2023-09-17T01:57:04Z,24.76,58.21,63,0,30.14,101.23,115.00,1159.00,null,null,null
2023-09-17T01:58:04Z,24.76,58.22,63,0,29.63,101.23,117.00,1174.00,null,null,null
2023-09-17T01:59:04Z,24.76,58.25,63,0,30.61,101.23,117.00,1174.00,null,null,null
2023-09-17T02:00:04Z,24.73,58.27,62,0,33.22,101.23,115.00,1159.00,7,7,7
2023-09-17T02:01:04Z,24.76,58.30,62,0,29.32,101.23,125.00,1224.00,null,null,null
2023-09-17T02:02:04Z,24.74,58.29,63,0,29.90,101.23,115.00,1159.00,null,null,null
2023-09-17T02:03:04Z,24.76,58.21,63,0,28.04,101.23,107.00,1105.00,null,null,null
2023-09-17T02:04:04Z,24.74,58.27,63,0,29.78,101.23,117.00,1174.00,null,null,null
2023-09-17T02:05:04Z,24.74,58.31,63,0,30.46,101.22,109.00,1118.00,3,3,3
2023-09-17T02:06:04Z,24.74,58.29,62,0,30.69,101.22,109.00,1118.00,null,null,null
2023-09-17T02:07:04Z,24.74,58.31,63,0,29.72,101.22,109.00,1118.00,null,null,null
2023-09-17T02:08:04Z,24.76,58.31,62,0,26.11,101.22,110.00,1128.00,null,null,null
2023-09-17T02:09:04Z,24.73,58.37,62,0,34.10,101.22,118.00,1178.00,null,null,null
2023-09-17T02:10:04Z,24.73,58.31,63,0,32.36,101.22,110.00,1128.00,8,8,8
2023-09-17T02:11:04Z,24.73,58.37,62,0,30.14,101.22,110.00,1128.00,null,null,null
2023-09-17T02:12:04Z,24.74,58.31,63,0,29.86,101.22,110.00,1128.00,null,null,null
2023-09-17T02:13:04Z,24.71,58.32,62,0,30.93,101.21,110.00,1128.00,null,null,null
2023-09-17T02:14:04Z,24.71,58.34,62,0,28.31,101.21,110.00,1128.00,null,null,null
2023-09-17T02:15:04Z,24.70,58.34,63,0,30.15,101.21,110.00,1128.00,4,5,5
2023-09-17T02:16:04Z,24.73,58.37,62,0,27.20,101.21,112.00,1137.00,null,null,null
2023-09-17T02:17:04Z,24.73,58.33,62,0,29.12,101.21,110.00,1128.00,null,null,null
2023-09-17T02:18:04Z,24.71,58.35,62,0,27.96,101.20,110.00,1128.00,null,null,null
2023-09-17T02:19:04Z,24.71,58.33,62,0,30.29,101.20,112.00,1137.00,null,null,null
2023-09-17T02:20:04Z,24.69,58.39,62,0,29.57,101.21,112.00,1137.00,7,7,7
2023-09-17T02:21:04Z,24.71,58.36,62,0,31.12,101.20,112.00,1137.00,null,null,null
2023-09-17T02:22:04Z,24.71,58.38,62,0,29.37,101.20,112.00,1137.00,null,null,null
2023-09-17T02:23:04Z,24.71,58.37,62,0,35.18,101.20,112.00,1137.00,null,null,null
2023-09-17T02:24:04Z,24.70,58.37,62,0,25.16,101.20,112.00,1137.00,null,null,null
2023-09-17T02:25:04Z,24.67,58.39,62,0,29.88,101.20,112.00,1137.00,6,6,6
2023-09-17T02:26:04Z,24.71,58.43,62,0,27.34,101.20,112.00,1137.00,null,null,null
2023-09-17T02:27:04Z,24.70,58.37,62,0,30.95,101.20,6.00,443.00,null,null,null
2023-09-17T02:28:04Z,24.70,58.39,62,0,28.95,101.20,5.00,439.00,null,null,null
2023-09-17T02:29:04Z,24.69,58.42,62,0,29.97,101.20,6.00,443.00,null,null,null
2023-09-17T02:30:04Z,24.67,58.39,62,0,31.71,101.20,6.00,443.00,5,5,5
2023-09-17T02:31:04Z,24.70,58.39,62,0,30.66,101.20,6.00,443.00,null,null,null
2023-09-17T02:32:04Z,24.69,58.36,62,0,31.05,101.20,6.00,443.00,null,null,null
2023-09-17T02:33:04Z,24.70,58.34,62,0,26.99,101.20,6.00,443.00,null,null,null
2023-09-17T02:34:04Z,24.70,58.37,62,0,30.65,101.20,6.00,443.00,null,null,null
2023-09-17T02:35:04Z,24.69,58.43,62,0,29.70,101.20,6.00,443.00,2,2,2
2023-09-17T02:36:04Z,24.69,58.45,62,0,31.31,101.20,6.00,443.00,null,null,null
2023-09-17T02:37:04Z,24.69,58.41,62,0,null,101.20,6.00,443.00,null,null,null
2023-09-17T02:38:04Z,24.70,58.44,62,0,32.07,101.20,6.00,443.00,null,null,null
2023-09-17T02:39:04Z,24.67,58.43,62,0,30.09,101.20,6.00,443.00,null,null,null
2023-09-17T02:40:04Z,24.66,58.44,62,0,26.76,101.20,6.00,443.00,9,11,11
2023-09-17T02:41:04Z,24.67,58.43,62,0,27.78,101.19,6.00,443.00,null,null,null
2023-09-17T02:42:04Z,24.69,58.42,62,0,28.81,101.19,6.00,443.00,null,null,null
2023-09-17T02:43:04Z,24.69,58.43,62,0,34.69,101.19,6.00,443.00,null,null,null
2023-09-17T02:44:04Z,24.67,58.44,62,0,27.84,101.19,6.00,443.00,null,null,null
2023-09-17T02:45:04Z,24.66,58.45,62,0,30.91,101.18,6.00,443.00,5,6,6
2023-09-17T02:46:04Z,24.67,58.43,62,0,30.69,101.18,6.00,443.00,null,null,null
2023-09-17T02:47:04Z,24.67,58.45,62,0,27.40,101.18,6.00,443.00,null,null,null
2023-09-17T02:48:04Z,24.67,58.45,62,0,29.84,101.18,6.00,443.00,null,null,null
2023-09-17T02:49:04Z,24.69,58.47,62,0,28.20,101.18,6.00,443.00,null,null,null
2023-09-17T02:50:04Z,24.67,58.44,62,0,28.28,101.18,6.00,443.00,3,4,4
2023-09-17T02:51:04Z,24.69,58.47,62,0,29.55,101.18,6.00,443.00,null,null,null
2023-09-17T02:52:04Z,24.69,58.47,62,0,30.05,101.17,6.00,443.00,null,null,null
2023-09-17T02:53:04Z,24.66,58.45,62,0,36.37,101.18,6.00,443.00,null,null,null
2023-09-17T02:54:04Z,24.66,58.45,62,0,25.62,101.18,6.00,443.00,null,null,null
2023-09-17T02:55:04Z,24.64,58.49,62,0,38.54,101.18,6.00,443.00,6,6,6
2023-09-17T02:56:04Z,24.66,58.48,62,0,31.78,101.17,6.00,443.00,null,null,null
2023-09-17T02:57:04Z,24.69,58.49,62,0,28.14,101.18,6.00,443.00,null,null,null
2023-09-17T02:58:04Z,24.66,58.47,62,0,28.58,101.17,6.00,443.00,null,null,null
2023-09-17T02:59:04Z,24.64,58.49,62,0,28.64,101.18,6.00,443.00,null,null,null
