TIME,TEMP,HUM,BATT,LIGHT,NOISE_A,PRESS,CCS811_VOCS,CCS811_ECO2,PM_1,PM_25,PM_10
ISO 8601,C,%,%,Lux,dBA,kPa,ppb,ppm,ug/m3,ug/m3,ug/m3
Time,Temperature,Humidity,Battery,Light,Noise dBA,Barometric pressure,VOC Gas CCS811,eCO2 Gas CCS811,PM 1.0,PM 2.5,PM 10.0
,55,56,10,14,53,58,113,112,89,87,88
2023-09-10T00:00:04Z,26.37,67.84,98,0,35.96,101.33,166.00,1495.00,49,87,115
2023-09-10T00:01:04Z,26.37,67.96,98,0,36.71,101.33,164.00,1478.00,null,null,null
2023-09-10T00:02:04Z,26.37,67.76,98,0,36.27,101.33,164.00,1478.00,null,null,null
2023-09-10T00:03:04Z,26.37,68.00,98,0,38.11,101.33,164.00,1478.00,null,null,null
2023-09-10T00:04:04Z,26.36,68.02,98,0,35.57,101.33,166.00,1495.00,null,null,null
2023-09-10T00:05:04Z,26.36,68.08,98,0,39.62,101.33,166.00,1495.00,57,85,107
2023-09-10T00:06:04Z,26.36,68.00,98,0,36.14,101.33,164.00,1478.00,null,null,null
2023-09-10T00:07:04Z,26.37,67.95,98,0,37.93,101.33,164.00,1478.00,null,null,null
2023-09-10T00:08:04Z,26.36,68.03,98,0,35.09,101.33,166.00,1495.00,null,null,null
2023-09-10T00:09:04Z,26.36,68.36,98,0,39.49,101.32,164.00,1478.00,null,null,null
2023-09-10T00:10:04Z,26.33,68.43,98,0,36.81,101.32,164.00,1482.00,43,88,104
2023-09-10T00:11:04Z,26.34,68.43,98,0,44.78,101.32,167.00,1499.00,null,null,null
2023-09-10T00:12:04Z,26.37,68.44,98,0,40.63,101.32,167.00,1499.00,null,null,null
2023-09-10T00:13:04Z,26.34,68.34,98,0,35.63,101.32,167.00,1499.00,null,null,null
2023-09-10T00:14:04Z,26.33,68.39,98,0,41.69,101.32,167.00,1499.00,null,null,null
2023-09-10T00:15:04Z,26.33,68.26,98,0,35.79,101.32,167.00,1499.00,45,71,77
2023-09-10T00:16:04Z,26.34,68.36,98,0,35.78,101.32,164.00,1482.00,null,null,null
2023-09-10T00:17:04Z,26.33,68.35,98,0,40.21,101.32,170.00,1497.00,null,null,null
2023-09-10T00:18:04Z,26.36,68.14,98,0,37.61,101.32,167.00,1499.00,null,null,null
2023-09-10T00:19:04Z,26.34,68.25,98,0,34.34,101.32,169.00,1496.00,null,null,null
2023-09-10T00:20:04Z,26.33,68.26,98,0,38.88,101.32,167.00,1499.00,54,68,91
2023-09-10T00:21:04Z,26.33,68.21,98,0,32.65,101.32,167.00,1499.00,null,null,null
2023-09-10T00:22:04Z,26.34,68.18,98,0,37.70,101.31,230.00,1582.00,null,null,null
2023-09-10T00:23:04Z,26.36,68.15,98,0,47.19,101.32,216.00,1562.00,null,null,null
2023-09-10T00:24:04Z,26.31,68.33,98,0,40.21,101.31,212.00,1559.00,null,null,null
2023-09-10T00:25:04Z,26.30,68.14,98,0,41.23,101.31,210.00,1556.00,32,49,49
2023-09-10T00:26:04Z,26.31,68.39,98,0,38.88,101.31,206.00,1548.00,null,null,null
2023-09-10T00:27:04Z,26.33,68.29,98,0,40.10,101.31,207.00,1551.00,null,null,null
2023-09-10T00:28:04Z,26.33,68.23,98,0,46.24,101.31,204.00,1546.00,null,null,null
2023-09-10T00:29:04Z,26.29,68.41,98,0,32.59,101.31,206.00,1548.00,null,null,null
2023-09-10T00:30:04Z,26.33,68.25,98,0,40.26,101.31,204.00,1546.00,47,59,75
2023-09-10T00:31:04Z,26.31,68.31,98,0,42.16,101.30,194.00,1533.00,null,null,null
2023-09-10T00:32:04Z,26.33,68.26,98,0,40.00,101.31,197.00,1537.00,null,null,null
2023-09-10T00:33:04Z,26.33,68.22,98,0,36.70,101.31,194.00,1533.00,null,null,null
2023-09-10T00:34:04Z,26.31,68.25,98,0,51.75,101.31,193.00,1532.00,null,null,null
2023-09-10T00:35:04Z,26.30,68.18,98,0,53.37,101.31,194.00,1533.00,68,105,105
2023-09-10T00:36:04Z,26.31,68.33,98,0,35.98,101.31,203.00,1544.00,null,null,null
2023-09-10T00:37:04Z,26.30,68.22,98,0,38.37,101.31,197.00,1537.00,null,null,null
2023-09-10T00:38:04Z,26.31,68.29,98,0,42.68,101.31,203.00,1544.00,null,null,null
2023-09-10T00:39:04Z,26.27,68.33,98,0,35.60,101.31,200.00,1542.00,null,null,null
2023-09-10T00:40:04Z,26.29,68.47,98,0,34.52,101.31,200.00,1542.00,51,76,76
2023-09-10T00:41:04Z,26.31,68.51,98,0,39.26,101.31,217.00,1563.00,null,null,null
2023-09-10T00:42:04Z,26.30,68.33,98,0,39.57,101.31,308.00,1669.00,null,null,null
2023-09-10T00:43:04Z,26.30,68.51,98,0,37.70,101.31,365.00,1728.00,null,null,null
2023-09-10T00:44:04Z,26.29,68.53,98,0,43.73,101.31,402.00,1759.00,null,null,null
2023-09-10T00:45:04Z,26.29,68.47,98,0,39.21,101.31,417.00,1772.00,55,102,117
2023-09-10T00:46:04Z,26.31,68.55,98,0,37.22,101.31,431.00,1783.00,null,null,null
2023-09-10T00:47:04Z,26.30,68.29,98,0,36.07,101.31,431.00,1783.00,null,null,null
2023-09-10T00:48:04Z,26.31,68.50,98,0,40.80,101.31,417.00,1772.00,null,null,null
2023-09-10T00:49:04Z,26.29,68.26,98,0,35.27,101.31,402.00,1759.00,null,null,null
2023-09-10T00:50:04Z,26.30,68.48,98,0,36.20,101.31,382.00,1742.00,29,43,59
2023-09-10T00:51:04Z,26.30,68.44,98,0,36.92,101.31,365.00,1728.00,null,null,null
2023-09-10T00:52:04Z,26.30,68.48,98,0,48.15,101.31,347.00,1708.00,null,null,null
2023-09-10T00:53:04Z,26.26,68.45,98,0,33.62,101.31,335.00,1696.00,null,null,null
2023-09-10T00:54:04Z,26.29,68.35,98,0,36.09,101.31,319.00,1680.00,null,null,null
2023-09-10T00:55:04Z,26.26,68.48,98,0,44.83,101.31,308.00,1669.00,49,88,105
2023-09-10T00:56:04Z,26.29,68.38,98,0,35.33,101.31,289.00,1650.00,null,null,null
2023-09-10T00:57:04Z,26.29,68.35,98,0,37.24,101.31,280.00,1638.00,null,null,null
2023-09-10T00:58:04Z,26.29,68.59,98,0,35.80,101.31,270.00,1628.00,null,null,null
2023-09-10T00:59:04Z,26.24,68.54,98,0,38.38,101.31,262.00,1618.00,null,null,null
2023-09-10T01:00:04Z,26.26,68.57,98,0,45.09,101.31,279.00,1637.00,65,90,90
2023-09-10T01:01:04Z,26.26,68.46,98,0,49.80,101.31,243.00,1598.00,null,null,null
2023-09-10T01:02:04Z,26.26,68.68,98,0,42.88,101.31,236.00,1591.00,null,null,null
2023-09-10T01:03:04Z,26.24,68.49,98,0,31.60,101.31,228.00,1579.00,null,null,null
2023-09-10T01:04:04Z,26.24,68.89,98,0,42.18,101.31,265.00,1623.00,null,null,null
2023-09-10T01:05:04Z,26.24,68.84,98,0,49.14,101.31,266.00,1624.00,47,79,113
2023-09-10T01:06:04Z,26.24,68.70,98,0,31.41,101.31,263.00,1619.00,null,null,null
2023-09-10T01:07:04Z,26.27,68.78,98,0,39.01,101.31,265.00,1623.00,null,null,null
2023-09-10T01:08:04Z,26.24,68.65,98,0,37.95,101.31,230.00,1582.00,null,null,null
2023-09-10T01:09:04Z,26.24,68.72,98,0,33.95,101.31,258.00,1614.00,null,null,null
2023-09-10T01:10:04Z,26.26,68.77,98,0,38.32,101.31,253.00,1607.00,57,86,117
2023-09-10T01:11:04Z,26.24,68.97,98,0,34.97,101.31,219.00,1566.00,null,null,null
2023-09-10T01:12:04Z,26.23,68.85,98,0,35.69,101.31,236.00,1591.00,null,null,null
2023-09-10T01:13:04Z,26.21,69.13,98,0,36.89,101.31,233.00,1586.00,null,null,null
2023-09-10T01:14:04Z,26.23,69.14,98,0,43.39,101.31,233.00,1586.00,null,null,null
2023-09-10T01:15:04Z,26.21,69.03,98,0,36.80,101.31,233.00,1586.00,63,94,110
2023-09-10T01:16:04Z,26.24,69.21,98,0,36.03,101.31,236.00,1591.00,null,null,null
2023-09-10T01:17:04Z,26.24,68.93,98,0,39.29,101.31,242.00,1595.00,null,null,null
2023-09-10T01:18:04Z,26.21,69.09,98,0,41.66,101.31,242.00,1595.00,null,null,null
2023-09-10T01:19:04Z,26.24,69.03,98,0,35.33,101.31,242.00,1595.00,null,null,null
2023-09-10T01:20:04Z,26.21,69.20,98,0,38.70,101.31,242.00,1595.00,72,99,99
2023-09-10T01:21:04Z,26.24,69.01,98,0,35.48,101.31,236.00,1591.00,null,null,null
2023-09-10T01:22:04Z,26.23,68.77,98,0,36.47,101.31,233.00,1586.00,null,null,null
2023-09-10T01:23:04Z,26.21,69.01,98,0,34.37,101.31,230.00,1582.00,null,null,null
2023-09-10T01:24:04Z,26.20,68.85,98,0,35.01,101.31,230.00,1582.00,null,null,null
2023-09-10T01:25:04Z,26.20,68.96,98,0,34.06,101.32,226.00,1576.00,58,88,103
2023-09-10T01:26:04Z,26.21,68.87,98,0,34.83,101.32,226.00,1576.00,null,null,null
2023-09-10T01:27:04Z,26.20,69.04,98,0,38.95,101.32,222.00,1571.00,null,null,null
2023-09-10T01:28:04Z,26.20,69.01,98,0,38.48,101.31,219.00,1566.00,null,null,null
2023-09-10T01:29:04Z,26.19,68.85,98,0,36.36,101.31,216.00,1562.00,null,null,null
2023-09-10T01:30:04Z,26.19,69.06,98,0,38.23,101.31,216.00,1562.00,44,64,88
2023-09-10T01:31:04Z,26.19,68.86,98,0,37.67,101.31,209.00,1555.00,null,null,null
2023-09-10T01:32:04Z,26.20,69.03,98,0,35.93,101.31,212.00,1559.00,null,null,null
2023-09-10T01:33:04Z,26.19,68.97,98,0,33.86,101.32,209.00,1555.00,null,null,null
2023-09-10T01:34:04Z,26.16,69.01,98,0,36.21,101.32,209.00,1555.00,null,null,null
2023-09-10T01:35:04Z,26.17,69.06,98,0,34.23,101.31,209.00,1555.00,53,84,84
2023-09-10T01:36:04Z,26.19,68.93,98,0,35.82,101.31,204.00,1546.00,null,null,null
2023-09-10T01:37:04Z,26.19,69.01,98,0,39.07,101.31,207.00,1550.00,null,null,null
2023-09-10T01:38:04Z,26.17,69.09,98,0,33.58,101.31,259.00,1615.00,null,null,null
2023-09-10T01:39:04Z,26.16,69.08,98,0,32.38,101.31,294.00,1655.00,null,null,null
2023-09-10T01:40:04Z,26.13,69.01,98,0,33.08,101.31,320.00,1681.00,69,96,126
2023-09-10T01:41:04Z,26.14,69.09,98,0,36.31,101.32,329.00,1690.00,null,null,null
2023-09-10T01:42:04Z,26.16,68.97,98,0,39.72,101.31,335.00,1696.00,null,null,null
2023-09-10T01:43:04Z,26.17,68.91,98,0,40.37,101.32,324.00,1686.00,null,null,null
2023-09-10T01:44:04Z,26.14,69.22,98,0,36.93,101.31,324.00,1686.00,null,null,null
2023-09-10T01:45:04Z,26.14,69.07,98,0,38.56,101.32,320.00,1681.00,48,95,116
2023-09-10T01:46:04Z,26.16,69.21,98,0,35.40,101.31,308.00,1669.00,null,null,null
2023-09-10T01:47:04Z,26.16,69.07,98,0,39.67,101.31,308.00,1669.00,null,null,null
2023-09-10T01:48:04Z,26.16,69.10,98,0,39.05,101.31,285.00,1644.00,null,null,null
2023-09-10T01:49:04Z,26.14,69.24,98,0,35.72,101.30,285.00,1644.00,null,null,null
2023-09-10T01:50:04Z,26.10,69.13,98,0,35.36,101.31,276.00,1633.00,65,102,120
2023-09-10T01:51:04Z,26.13,69.26,98,0,37.21,101.31,266.00,1624.00,null,null,null
2023-09-10T01:52:04Z,26.13,69.08,98,0,38.58,101.31,260.00,1615.00,null,null,null
2023-09-10T01:53:04Z,26.13,69.31,98,0,33.57,101.30,259.00,1615.00,null,null,null
2023-09-10T01:54:04Z,26.11,69.21,98,0,34.07,101.30,253.00,1607.00,null,null,null
2023-09-10T01:55:04Z,26.07,69.39,98,0,35.26,101.30,263.00,1619.00,45,79,110
2023-09-10T01:56:04Z,26.10,69.26,98,0,36.69,101.30,277.00,1635.00,null,null,null
2023-09-10T01:57:04Z,26.10,69.30,98,0,36.42,101.31,291.00,1651.00,null,null,null
2023-09-10T01:58:04Z,26.09,69.33,98,0,35.48,101.30,291.00,1651.00,null,null,null
2023-09-10T01:59:04Z,26.07,69.27,98,0,38.18,101.30,332.00,1694.00,null,null,null
2023-09-10T02:00:04Z,26.07,69.41,98,0,31.56,101.30,347.00,1708.00,45,65,65
2023-09-10T02:01:04Z,26.06,69.32,98,0,39.96,101.30,355.00,1717.00,null,null,null
2023-09-10T02:02:04Z,26.10,69.34,98,0,53.26,101.31,355.00,1717.00,null,null,null
2023-09-10T02:03:04Z,26.07,69.39,98,0,38.45,101.30,347.00,1708.00,null,null,null
2023-09-10T02:04:04Z,26.04,69.42,98,0,35.65,101.30,342.00,1704.00,null,null,null
2023-09-10T02:05:04Z,26.03,69.52,98,0,34.32,101.30,332.00,1694.00,59,96,96
2023-09-10T02:06:04Z,26.06,69.46,98,0,40.37,101.30,325.00,1686.00,null,null,null
2023-09-10T02:07:04Z,26.06,69.59,98,0,39.96,101.31,321.00,1682.00,null,null,null
2023-09-10T02:08:04Z,26.04,69.64,98,0,43.27,101.31,311.00,1672.00,null,null,null
2023-09-10T02:09:04Z,26.03,69.77,98,0,36.34,101.31,301.00,1663.00,null,null,null
2023-09-10T02:10:04Z,26.00,69.84,98,0,37.81,101.31,292.00,1652.00,57,86,86
2023-09-10T02:11:04Z,26.03,69.71,98,0,42.44,101.31,283.00,1641.00,null,null,null
2023-09-10T02:12:04Z,26.01,69.84,98,0,35.10,101.31,286.00,1645.00,null,null,null
2023-09-10T02:13:04Z,26.01,69.80,98,0,40.00,101.31,274.00,1632.00,null,null,null
2023-09-10T02:14:04Z,26.01,69.98,98,0,32.77,101.31,266.00,1624.00,null,null,null
2023-09-10T02:15:04Z,25.99,69.87,98,0,36.22,101.32,266.00,1624.00,57,109,126
2023-09-10T02:16:04Z,25.99,69.98,98,0,34.30,101.31,254.00,1608.00,null,null,null
2023-09-10T02:17:04Z,26.01,69.89,98,0,36.23,101.31,254.00,1608.00,null,null,null
2023-09-10T02:18:04Z,25.99,69.92,98,0,31.90,101.32,243.00,1598.00,null,null,null
2023-09-10T02:19:04Z,25.97,69.97,98,0,37.12,101.32,240.00,1595.00,null,null,null
2023-09-10T02:20:04Z,25.96,70.15,98,0,33.99,101.32,236.00,1591.00,50,89,105
2023-09-10T02:21:04Z,25.99,70.24,98,0,36.66,101.32,231.00,1583.00,null,null,null
2023-09-10T02:22:04Z,26.00,70.06,98,0,41.61,101.32,228.00,1579.00,null,null,null
2023-09-10T02:23:04Z,25.96,69.93,98,0,37.88,101.32,225.00,1573.00,null,null,null
2023-09-10T02:24:04Z,25.94,70.13,98,0,38.49,101.32,225.00,1573.00,null,null,null
2023-09-10T02:25:04Z,25.94,70.20,98,0,44.80,101.32,221.00,1569.00,53,67,67
2023-09-10T02:26:04Z,25.96,70.30,98,0,36.32,101.32,217.00,1563.00,null,null,null
2023-09-10T02:27:04Z,25.96,70.12,98,0,39.26,101.32,193.00,1532.00,null,null,null
2023-09-10T02:28:04Z,25.94,70.23,98,0,37.21,101.32,196.00,1535.00,null,null,null
2023-09-10T02:29:04Z,25.94,70.06,98,0,37.13,101.32,192.00,1530.00,null,null,null
2023-09-10T02:30:04Z,25.92,70.03,98,0,40.09,101.32,192.00,1530.00,43,82,82
2023-09-10T02:31:04Z,25.92,70.16,98,0,33.46,101.32,192.00,1530.00,null,null,null
2023-09-10T02:32:04Z,25.90,70.33,98,0,37.37,101.32,187.00,1523.00,null,null,null
2023-09-10T02:33:04Z,25.88,70.40,98,0,33.00,101.32,187.00,1524.00,null,null,null
2023-09-10T02:34:04Z,25.89,70.29,98,0,37.93,101.32,185.00,1520.00,null,null,null
2023-09-10T02:35:04Z,25.88,70.70,98,0,37.16,101.32,185.00,1520.00,43,87,87
2023-09-10T02:36:04Z,25.88,70.56,98,0,35.92,101.32,198.00,1539.00,null,null,null
2023-09-10T02:37:04Z,25.86,70.70,98,0,36.02,101.31,211.00,1556.00,null,null,null
2023-09-10T02:38:04Z,25.86,70.68,98,0,45.20,101.31,220.00,1568.00,null,null,null
2023-09-10T02:39:04Z,25.85,70.61,98,0,37.81,101.31,242.00,1595.00,null,null,null
2023-09-10T02:40:04Z,25.82,70.79,98,0,43.10,101.31,264.00,1620.00,72,107,141
2023-09-10T02:41:04Z,25.80,70.87,98,0,34.88,101.31,270.00,1628.00,null,null,null
2023-09-10T02:42:04Z,25.82,70.79,98,0,37.48,101.30,280.00,1638.00,null,null,null
2023-09-10T02:43:04Z,25.80,70.74,98,0,38.34,101.30,276.00,1633.00,null,null,null
2023-09-10T02:44:04Z,25.78,70.71,98,0,37.23,101.30,273.00,1631.00,null,null,null
2023-09-10T02:45:04Z,25.76,70.95,98,0,34.50,101.30,267.00,1624.00,48,68,68
2023-09-10T02:46:04Z,25.75,70.85,98,0,38.40,101.30,258.00,1614.00,null,null,null
2023-09-10T02:47:04Z,25.75,70.93,98,0,39.38,101.30,249.00,1606.00,null,null,null
2023-09-10T02:48:04Z,25.75,70.78,98,0,36.65,101.30,276.00,1633.00,null,null,null
2023-09-10T02:49:04Z,25.72,70.93,98,0,41.17,101.29,282.00,1641.00,null,null,null
2023-09-10T02:50:04Z,25.70,70.78,98,0,35.44,101.29,312.00,1673.00,53,122,122
2023-09-10T02:51:04Z,25.73,70.83,98,0,35.54,101.29,310.00,1671.00,null,null,null
2023-09-10T02:52:04Z,25.73,70.83,98,0,34.12,101.29,305.00,1667.00,null,null,null
2023-09-10T02:53:04Z,25.70,70.89,98,0,33.84,101.29,297.00,1659.00,null,null,null
2023-09-10T02:54:04Z,25.69,71.04,98,0,41.63,101.29,293.00,1654.00,null,null,null
2023-09-10T02:55:04Z,25.66,71.00,98,0,34.55,101.28,286.00,1645.00,54,82,93
2023-09-10T02:56:04Z,25.68,71.22,98,0,42.07,101.29,274.00,1632.00,null,null,null
2023-09-10T02:57:04Z,25.70,70.94,98,0,37.25,101.28,274.00,1632.00,null,null,null
2023-09-10T02:58:04Z,25.68,71.07,98,0,37.36,101.28,263.00,1619.00,null,null,null
2023-09-10T02:59:04Z,25.70,70.98,98,0,37.56,101.28,263.00,1619.00,null,null,null
