TIME,TEMP,HUM,BATT,LIGHT,NOISE_A,PRESS,CCS811_VOCS,CCS811_ECO2,PM_1,PM_25,PM_10
ISO 8601,C,%,%,Lux,dBA,kPa,ppb,ppm,ug/m3,ug/m3,ug/m3
Time,Temperature,Humidity,Battery,Light,Noise dBA,Barometric pressure,VOC Gas CCS811,eCO2 Gas CCS811,PM 1.0,PM 2.5,PM 10.0
,55,56,10,14,53,58,113,112,89,87,88
2023-09-03T00:00:04Z,20.79,74.31,99,0,35.78,102.31,34.00,624.00,20,28,28
2023-09-03T00:01:04Z,20.80,74.37,99,0,41.70,102.31,33.00,618.00,null,null,null
2023-09-03T00:02:04Z,20.79,74.22,98,0,43.70,102.31,33.00,618.00,null,null,null
2023-09-03T00:03:04Z,20.79,74.35,98,0,39.45,102.31,34.00,624.00,null,null,null
2023-09-03T00:04:04Z,20.79,74.17,99,0,47.00,102.30,33.00,618.00,null,null,null
2023-09-03T00:05:04Z,20.75,74.40,98,0,34.13,102.31,34.00,624.00,20,22,22
2023-09-03T00:06:04Z,20.76,74.53,98,0,44.21,102.30,30.00,600.00,null,null,null
2023-09-03T00:07:04Z,20.79,74.32,99,0,34.16,102.30,31.00,605.00,null,null,null
2023-09-03T00:08:04Z,20.75,74.20,98,0,39.26,102.30,31.00,605.00,null,null,null
2023-09-03T00:09:04Z,20.73,74.35,98,0,38.95,102.30,32.00,612.00,null,null,null
2023-09-03T00:10:04Z,20.73,74.27,98,0,35.15,102.30,41.00,675.00,18,20,43
2023-09-03T00:11:04Z,20.73,74.39,98,0,41.00,102.30,41.00,671.00,null,null,null
2023-09-03T00:12:04Z,20.72,74.35,98,0,29.60,102.30,43.00,686.00,null,null,null
2023-09-03T00:13:04Z,20.75,74.31,98,0,46.36,102.30,45.00,700.00,null,null,null
2023-09-03T00:14:04Z,20.73,74.26,98,0,37.78,102.30,37.00,643.00,null,null,null
2023-09-03T00:15:04Z,20.70,74.46,98,0,35.54,102.30,46.00,704.00,15,20,20
2023-09-03T00:16:04Z,20.73,74.56,98,0,35.06,102.30,45.00,700.00,null,null,null
2023-09-03T00:17:04Z,20.75,74.49,98,0,34.34,102.30,47.00,712.00,null,null,null
2023-09-03T00:18:04Z,20.75,74.44,99,0,41.99,102.29,40.00,665.00,null,null,null
2023-09-03T00:19:04Z,20.73,74.37,99,0,43.56,102.29,41.00,671.00,null,null,null
2023-09-03T00:20:04Z,20.72,74.50,99,0,40.60,102.29,52.00,744.00,18,23,23
2023-09-03T00:21:04Z,20.73,74.36,98,0,36.22,102.30,51.00,735.00,null,null,null
2023-09-03T00:22:04Z,20.75,74.29,98,0,43.96,102.29,51.00,735.00,null,null,null
2023-09-03T00:23:04Z,20.75,74.32,98,0,35.88,102.30,41.00,671.00,null,null,null
2023-09-03T00:24:04Z,20.72,74.27,98,0,54.41,102.30,40.00,665.00,null,null,null
2023-09-03T00:25:04Z,20.73,74.38,98,0,41.95,102.30,50.00,730.00,15,23,34
2023-09-03T00:26:04Z,20.73,74.30,98,0,36.66,102.30,48.00,717.00,null,null,null
2023-09-03T00:27:04Z,20.70,74.32,99,0,39.26,102.30,50.00,730.00,null,null,null
2023-09-03T00:28:04Z,20.72,74.34,98,0,45.97,102.30,51.00,735.00,null,null,null
2023-09-03T00:29:04Z,20.70,74.31,98,0,40.69,102.30,50.00,730.00,null,null,null
2023-09-03T00:30:04Z,20.68,74.38,99,0,48.67,102.30,48.00,717.00,12,25,25
2023-09-03T00:31:04Z,20.69,74.56,98,0,43.37,102.29,46.00,704.00,null,null,null
2023-09-03T00:32:04Z,20.69,74.32,98,0,38.43,102.29,46.00,704.00,null,null,null
2023-09-03T00:33:04Z,20.69,74.31,98,0,35.72,102.29,44.00,692.00,null,null,null
2023-09-03T00:34:04Z,20.68,74.31,98,0,54.61,102.29,44.00,692.00,null,null,null
2023-09-03T00:35:04Z,20.64,74.36,98,0,54.80,102.29,45.00,700.00,18,26,26
2023-09-03T00:36:04Z,20.66,74.32,98,0,38.39,102.29,44.00,692.00,null,null,null
2023-09-03T00:37:04Z,20.66,74.38,99,0,36.19,102.29,44.00,692.00,null,null,null
2023-09-03T00:38:04Z,20.64,74.41,98,0,42.60,102.29,44.00,692.00,null,null,null
2023-09-03T00:39:04Z,20.66,74.45,98,0,38.50,102.28,45.00,700.00,null,null,null
2023-09-03T00:40:04Z,20.64,74.41,98,0,54.25,102.28,46.00,704.00,16,23,23
2023-09-03T00:41:04Z,20.64,74.37,98,0,41.51,102.29,45.00,700.00,null,null,null
2023-09-03T00:42:04Z,20.66,74.37,98,0,39.58,102.28,46.00,704.00,null,null,null
2023-09-03T00:43:04Z,20.64,74.34,99,0,44.59,102.29,47.00,712.00,null,null,null
2023-09-03T00:44:04Z,20.62,74.35,98,0,39.05,102.29,48.00,717.00,null,null,null
2023-09-03T00:45:04Z,20.63,74.74,98,0,42.15,102.29,48.00,717.00,16,32,32
2023-09-03T00:46:04Z,20.64,74.40,98,0,34.38,102.29,55.00,765.00,null,null,null
2023-09-03T00:47:04Z,20.64,74.35,98,0,35.72,102.29,56.00,774.00,null,null,null
2023-09-03T00:48:04Z,20.64,74.76,98,0,40.89,102.29,58.00,783.00,null,null,null
2023-09-03T00:49:04Z,20.63,74.47,98,0,35.07,102.29,57.00,776.00,null,null,null
2023-09-03T00:50:04Z,20.60,74.38,98,0,43.84,102.29,61.00,802.00,14,19,35
2023-09-03T00:51:04Z,20.64,74.57,98,0,39.21,102.29,59.00,793.00,null,null,null
2023-09-03T00:52:04Z,20.62,74.32,98,0,39.62,102.29,61.00,802.00,null,null,null
2023-09-03T00:53:04Z,20.64,74.48,99,0,34.31,102.29,62.00,808.00,null,null,null
2023-09-03T00:54:04Z,20.66,74.54,98,0,32.16,102.28,65.00,830.00,null,null,null
2023-09-03T00:55:04Z,20.63,74.61,98,0,34.64,102.28,67.00,846.00,18,18,25
2023-09-03T00:56:04Z,20.68,74.64,98,0,42.87,102.29,67.00,846.00,null,null,null
2023-09-03T00:57:04Z,20.66,74.36,98,0,37.98,102.29,71.00,868.00,null,null,null
2023-09-03T00:58:04Z,20.66,74.54,98,0,35.83,102.29,69.00,853.00,null,null,null
2023-09-03T00:59:04Z,20.66,74.39,98,0,31.16,102.30,71.00,868.00,null,null,null
2023-09-03T01:00:04Z,20.66,74.43,98,0,41.48,102.30,73.00,885.00,16,20,20
2023-09-03T01:01:04Z,20.64,74.41,98,0,37.09,102.30,73.00,885.00,null,null,null
2023-09-03T01:02:04Z,20.66,74.35,98,0,41.74,102.30,73.00,885.00,null,null,null
2023-09-03T01:03:04Z,20.68,74.28,99,0,36.81,102.30,72.00,874.00,null,null,null
2023-09-03T01:04:04Z,20.63,74.24,99,0,33.67,102.30,69.00,853.00,null,null,null
2023-09-03T01:05:04Z,20.64,74.26,98,0,42.18,102.30,70.00,863.00,10,15,15
2023-09-03T01:06:04Z,20.64,74.20,98,0,34.95,102.29,67.00,846.00,null,null,null
2023-09-03T01:07:04Z,20.64,74.20,99,0,37.63,102.30,70.00,863.00,null,null,null
2023-09-03T01:08:04Z,20.66,74.19,98,0,42.42,102.30,70.00,863.00,null,null,null
2023-09-03T01:09:04Z,20.66,74.21,98,0,36.75,102.30,69.00,853.00,null,null,null
2023-09-03T01:10:04Z,20.64,74.13,98,0,36.60,102.30,70.00,863.00,13,23,23
2023-09-03T01:11:04Z,20.64,74.18,99,0,34.11,102.30,67.00,844.00,null,null,null
2023-09-03T01:12:04Z,20.64,74.11,99,0,36.87,102.29,64.00,825.00,null,null,null
2023-09-03T01:13:04Z,20.63,74.05,98,0,36.86,102.30,63.00,815.00,null,null,null
2023-09-03T01:14:04Z,20.62,74.08,99,0,33.85,102.30,62.00,808.00,null,null,null
2023-09-03T01:15:04Z,20.63,74.09,99,0,35.54,102.30,63.00,815.00,12,22,22
2023-09-03T01:16:04Z,20.62,74.17,98,0,36.84,102.29,62.00,808.00,null,null,null
2023-09-03T01:17:04Z,20.63,74.13,98,0,37.50,102.29,62.00,808.00,null,null,null
2023-09-03T01:18:04Z,20.63,74.30,98,0,36.77,102.30,62.00,808.00,null,null,null
2023-09-03T01:19:04Z,20.62,74.45,99,0,36.24,102.30,61.00,802.00,null,null,null
2023-09-03T01:20:04Z,20.60,74.12,99,0,48.35,102.30,59.00,793.00,14,20,20
2023-09-03T01:21:04Z,20.62,74.30,98,0,39.11,102.30,59.00,791.00,null,null,null
2023-09-03T01:22:04Z,20.64,74.31,99,0,35.18,102.29,58.00,783.00,null,null,null
2023-09-03T01:23:04Z,20.63,74.25,98,0,37.14,102.29,59.00,793.00,null,null,null
2023-09-03T01:24:04Z,20.63,74.11,98,0,39.80,102.29,61.00,802.00,null,null,null
2023-09-03T01:25:04Z,20.60,74.20,98,0,50.55,102.29,62.00,808.00,15,27,27
2023-09-03T01:26:04Z,20.63,74.16,98,0,40.00,102.29,60.00,800.00,null,null,null
2023-09-03T01:27:04Z,20.63,74.19,98,0,33.37,102.30,60.00,800.00,null,null,null
2023-09-03T01:28:04Z,20.64,74.17,98,0,34.96,102.30,64.00,825.00,null,null,null
2023-09-03T01:29:04Z,20.64,74.37,98,0,36.88,102.31,64.00,825.00,null,null,null
2023-09-03T01:30:04Z,20.63,74.30,99,0,51.31,102.31,65.00,830.00,10,14,14
2023-09-03T01:31:04Z,20.63,74.31,98,0,42.84,102.31,65.00,830.00,null,null,null
2023-09-03T01:32:04Z,20.66,74.26,98,0,34.88,102.31,67.00,846.00,null,null,null
2023-09-03T01:33:04Z,20.64,74.24,99,0,34.88,102.31,72.00,874.00,null,null,null
2023-09-03T01:34:04Z,20.66,74.35,98,0,53.33,102.31,74.00,891.00,null,null,null
2023-09-03T01:35:04Z,20.64,74.37,98,0,35.24,102.30,73.00,885.00,8,19,19
2023-09-03T01:36:04Z,20.69,74.37,98,0,33.05,102.31,75.00,895.00,null,null,null
2023-09-03T01:37:04Z,20.69,74.32,98,0,35.93,102.31,78.00,915.00,null,null,null
2023-09-03T01:38:04Z,20.69,74.22,98,0,48.05,102.31,78.00,915.00,null,null,null
2023-09-03T01:39:04Z,20.66,74.36,99,0,36.64,102.32,82.00,940.00,null,null,null
2023-09-03T01:40:04Z,20.66,74.29,98,0,49.93,102.31,79.00,925.00,13,17,17
2023-09-03T01:41:04Z,20.68,74.25,99,0,55.13,102.31,79.00,925.00,null,null,null
2023-09-03T01:42:04Z,20.68,74.16,98,0,32.37,102.31,79.00,925.00,null,null,null
2023-09-03T01:43:04Z,20.69,74.12,98,0,35.31,102.31,81.00,933.00,null,null,null
2023-09-03T01:44:04Z,20.69,74.17,98,0,32.76,102.31,82.00,940.00,null,null,null
2023-09-03T01:45:04Z,20.66,74.03,98,0,38.36,102.31,79.00,923.00,17,17,17
2023-09-03T01:46:04Z,20.68,74.09,98,0,44.01,102.31,82.00,940.00,null,null,null
2023-09-03T01:47:04Z,20.70,74.23,98,0,44.13,102.31,81.00,933.00,null,null,null
2023-09-03T01:48:04Z,20.69,74.17,98,0,36.70,102.31,83.00,951.00,null,null,null
2023-09-03T01:49:04Z,20.69,74.20,98,0,57.32,102.31,82.00,940.00,null,null,null
2023-09-03T01:50:04Z,20.69,74.28,98,0,33.33,102.31,83.00,951.00,14,21,21
2023-09-03T01:51:04Z,20.72,74.18,98,0,43.55,102.31,85.00,959.00,null,null,null
2023-09-03T01:52:04Z,20.72,74.18,98,0,31.94,102.31,87.00,972.00,null,null,null
2023-09-03T01:53:04Z,20.70,74.17,98,0,35.23,102.30,87.00,972.00,null,null,null
2023-09-03T01:54:04Z,20.72,74.06,98,0,36.00,102.31,88.00,983.00,null,null,null
2023-09-03T01:55:04Z,20.69,74.22,98,0,43.78,102.31,93.00,1012.00,11,18,34
2023-09-03T01:56:04Z,20.72,74.41,98,0,37.62,102.31,90.00,995.00,null,null,null
2023-09-03T01:57:04Z,20.73,74.36,98,0,38.97,102.30,92.00,1004.00,null,null,null
2023-09-03T01:58:04Z,20.73,74.42,98,0,40.83,102.31,92.00,1009.00,null,null,null
2023-09-03T01:59:04Z,20.73,74.21,98,0,42.74,102.31,97.00,1038.00,null,null,null
2023-09-03T02:00:04Z,20.73,74.20,98,0,36.83,102.32,96.00,1035.00,12,23,23
2023-09-03T02:01:04Z,20.76,75.09,98,0,37.91,102.32,102.00,1071.00,null,null,null
2023-09-03T02:02:04Z,20.78,74.35,98,0,33.09,102.32,83.00,949.00,null,null,null
2023-09-03T02:03:04Z,20.75,74.22,99,0,37.60,102.32,84.00,956.00,null,null,null
2023-09-03T02:04:04Z,20.76,74.67,98,0,34.00,102.32,87.00,975.00,null,null,null
2023-09-03T02:05:04Z,20.76,74.23,98,0,35.35,102.32,84.00,956.00,9,19,19
2023-09-03T02:06:04Z,20.75,73.96,98,0,36.24,102.32,84.00,954.00,null,null,null
2023-09-03T02:07:04Z,20.76,73.95,99,0,34.31,102.32,79.00,925.00,null,null,null
2023-09-03T02:08:04Z,20.75,73.96,98,0,36.70,102.32,80.00,930.00,null,null,null
2023-09-03T02:09:04Z,20.75,74.05,99,0,36.92,102.33,79.00,925.00,null,null,null
2023-09-03T02:10:04Z,20.75,74.13,98,0,36.38,102.33,82.00,942.00,9,17,17
2023-09-03T02:11:04Z,20.72,73.77,98,0,38.20,102.33,76.00,900.00,null,null,null
2023-09-03T02:12:04Z,20.73,74.07,98,0,38.73,102.33,90.00,995.00,null,null,null
2023-09-03T02:13:04Z,20.73,74.03,98,0,35.69,102.33,90.00,995.00,null,null,null
2023-09-03T02:14:04Z,20.72,74.09,98,0,33.69,102.33,90.00,995.00,null,null,null
2023-09-03T02:15:04Z,20.72,73.87,98,0,34.97,102.33,88.00,983.00,11,17,17
2023-09-03T02:16:04Z,20.73,73.85,98,0,38.91,102.33,86.00,967.00,null,null,null
2023-09-03T02:17:04Z,20.73,74.02,98,0,35.84,102.34,87.00,972.00,null,null,null
2023-09-03T02:18:04Z,20.73,74.01,98,0,41.51,102.34,82.00,940.00,null,null,null
2023-09-03T02:19:04Z,20.72,73.90,98,0,35.59,102.33,82.00,940.00,null,null,null
2023-09-03T02:20:04Z,20.70,73.77,98,0,45.68,102.33,77.00,907.00,5,14,14
2023-09-03T02:21:04Z,20.72,73.66,99,0,34.62,102.34,74.00,891.00,null,null,null
2023-09-03T02:22:04Z,20.70,73.55,98,0,35.25,102.34,76.00,900.00,null,null,null
2023-09-03T02:23:04Z,20.69,73.71,98,0,35.43,102.34,76.00,900.00,null,null,null
2023-09-03T02:24:04Z,20.70,73.99,99,0,38.74,102.34,77.00,909.00,null,null,null
2023-09-03T02:25:04Z,20.72,73.99,98,0,39.45,102.34,73.00,882.00,8,11,11
2023-09-03T02:26:04Z,20.70,73.70,98,0,33.35,102.34,72.00,874.00,null,null,null
2023-09-03T02:27:04Z,20.69,73.55,98,0,42.96,102.34,73.00,882.00,null,null,null
2023-09-03T02:28:04Z,20.70,73.65,98,0,45.78,102.34,71.00,870.00,null,null,null
2023-09-03T02:29:04Z,20.69,73.57,99,0,33.11,102.34,67.00,844.00,null,null,null
2023-09-03T02:30:04Z,20.66,73.28,98,0,36.83,102.35,64.00,821.00,7,11,18
2023-09-03T02:31:04Z,20.64,73.35,98,0,34.54,102.34,60.00,798.00,null,null,null
2023-09-03T02:32:04Z,20.66,73.35,99,0,37.67,102.34,57.00,778.00,null,null,null
2023-09-03T02:33:04Z,20.63,73.43,98,0,33.75,102.34,54.00,761.00,null,null,null
2023-09-03T02:34:04Z,20.62,73.21,98,0,45.76,102.34,53.00,748.00,null,null,null
2023-09-03T02:35:04Z,20.60,73.28,99,0,42.36,102.35,53.00,748.00,11,17,17
2023-09-03T02:36:04Z,20.64,73.51,99,0,38.17,102.35,50.00,733.00,null,null,null
2023-09-03T02:37:04Z,20.62,73.45,98,0,32.91,102.35,50.00,733.00,null,null,null
2023-09-03T02:38:04Z,20.60,73.45,98,0,39.32,102.35,50.00,733.00,null,null,null
2023-09-03T02:39:04Z,20.60,73.44,99,0,52.34,102.35,52.00,742.00,null,null,null
2023-09-03T02:40:04Z,20.62,73.36,98,0,42.17,102.35,52.00,742.00,10,13,24
2023-09-03T02:41:04Z,20.60,73.45,98,0,34.99,102.36,47.00,715.00,null,null,null
2023-09-03T02:42:04Z,20.60,73.45,99,0,34.48,102.35,47.00,712.00,null,null,null
2023-09-03T02:43:04Z,20.59,73.38,99,0,36.57,102.35,46.00,704.00,null,null,null
2023-09-03T02:44:04Z,20.57,73.32,98,0,33.93,102.36,46.00,704.00,null,null,null
2023-09-03T02:45:04Z,20.56,73.42,98,0,46.03,102.36,43.00,688.00,6,13,13
2023-09-03T02:46:04Z,20.59,73.44,98,0,45.18,102.36,41.00,674.00,null,null,null
2023-09-03T02:47:04Z,20.56,73.47,98,0,49.57,102.36,41.00,674.00,null,null,null
2023-09-03T02:48:04Z,20.53,73.34,98,0,39.51,102.36,40.00,668.00,null,null,null
2023-09-03T02:49:04Z,20.52,73.48,98,0,40.44,102.36,38.00,652.00,null,null,null
2023-09-03T02:50:04Z,20.53,73.60,98,0,36.73,102.36,37.00,645.00,13,18,33
2023-09-03T02:51:04Z,20.53,73.52,98,0,54.57,102.36,36.00,641.00,null,null,null
2023-09-03T02:52:04Z,20.53,73.70,98,0,35.47,102.36,37.00,645.00,null,null,null
2023-09-03T02:53:04Z,20.52,73.73,98,0,42.85,102.36,37.00,645.00,null,null,null
2023-09-03T02:54:04Z,20.53,73.87,98,0,38.82,102.36,38.00,652.00,null,null,null
2023-09-03T02:55:04Z,20.53,73.85,99,0,44.94,102.36,39.00,660.00,8,12,12
2023-09-03T02:56:04Z,20.53,73.82,98,0,34.00,102.36,40.00,668.00,null,null,null
2023-09-03T02:57:04Z,20.55,74.00,98,0,30.73,102.36,42.00,682.00,null,null,null
2023-09-03T02:58:04Z,20.53,74.01,98,0,34.66,102.36,44.00,692.00,null,null,null
2023-09-03T02:59:04Z,20.53,73.92,98,0,36.22,102.36,45.00,699.00,null,null,null
