TIME,TEMP,HUM,BATT,LIGHT,NOISE_A,PRESS,CCS811_VOCS,CCS811_ECO2,PM_1,PM_25,PM_10
ISO 8601,C,%,%,Lux,dBA,kPa,ppb,ppm,ug/m3,ug/m3,ug/m3
Time,Temperature,Humidity,Battery,Light,Noise dBA,Barometric pressure,VOC Gas CCS811,eCO2 Gas CCS811,PM 1.0,PM 2.5,PM 10.0
,55,56,10,14,53,58,113,112,89,87,88
2023-09-03T00:00:05Z,20.06,73.83,100,0,31.06,102.70,17.00,518.00,14,18,18
2023-09-03T00:01:05Z,20.06,74.10,99,0,35.98,102.70,17.00,518.00,null,null,null
2023-09-03T00:02:05Z,20.05,73.91,99,0,37.87,102.70,17.00,514.00,null,null,null
2023-09-03T00:03:05Z,20.05,73.89,99,0,27.75,102.70,17.00,518.00,null,null,null
2023-09-03T00:04:05Z,20.04,73.98,99,0,27.08,102.70,17.00,518.00,null,null,null
2023-09-03T00:05:05Z,20.02,73.94,99,0,27.60,102.70,18.00,524.00,8,14,14
2023-09-03T00:06:05Z,20.04,74.17,100,0,27.57,102.70,18.00,524.00,null,null,null
2023-09-03T00:07:05Z,20.04,74.01,99,0,30.16,102.70,19.00,529.00,null,null,null
2023-09-03T00:08:05Z,20.02,73.88,99,0,27.14,102.69,19.00,529.00,null,null,null
2023-09-03T00:09:05Z,20.05,73.96,100,0,32.48,102.70,20.00,534.00,null,null,null
2023-09-03T00:10:05Z,20.01,73.86,100,0,29.27,102.70,19.00,529.00,9,11,11
2023-09-03T00:11:05Z,20.00,74.14,100,0,25.76,102.70,19.00,529.00,null,null,null
2023-09-03T00:12:05Z,20.01,74.00,99,0,26.97,102.70,19.00,529.00,null,null,null
2023-09-03T00:13:05Z,20.00,73.94,99,0,27.38,102.69,20.00,534.00,null,null,null
2023-09-03T00:14:05Z,20.01,74.00,99,0,28.64,102.69,21.00,540.00,null,null,null
2023-09-03T00:15:05Z,20.01,73.96,99,0,33.53,102.69,21.00,540.00,12,21,21
2023-09-03T00:16:05Z,20.01,74.20,100,0,27.55,102.70,20.00,534.00,null,null,null
2023-09-03T00:17:05Z,20.02,74.03,100,0,27.57,102.69,21.00,540.00,null,null,null
2023-09-03T00:18:05Z,20.02,73.99,99,0,28.07,102.69,21.00,540.00,null,null,null
2023-09-03T00:19:05Z,20.02,73.98,99,0,23.81,102.69,21.00,543.00,null,null,null
2023-09-03T00:20:05Z,20.00,73.91,99,0,23.54,102.69,22.00,548.00,11,17,17
2023-09-03T00:21:05Z,20.01,74.18,100,0,28.28,102.69,21.00,540.00,null,null,null
2023-09-03T00:22:05Z,20.02,74.03,99,0,29.32,102.69,21.00,543.00,null,null,null
2023-09-03T00:23:05Z,20.01,73.98,99,0,27.55,102.69,21.00,543.00,null,null,null
2023-09-03T00:24:05Z,20.02,74.03,99,0,28.89,102.70,22.00,548.00,null,null,null
2023-09-03T00:25:05Z,20.00,73.92,99,0,29.46,102.69,22.00,548.00,15,22,22
2023-09-03T00:26:05Z,20.02,74.32,99,0,23.90,102.70,21.00,543.00,null,null,null
2023-09-03T00:27:05Z,20.01,74.16,99,0,29.37,102.70,21.00,539.00,null,null,null
2023-09-03T00:28:05Z,20.01,74.00,99,0,34.62,102.70,21.00,543.00,null,null,null
2023-09-03T00:29:05Z,20.00,73.96,99,0,28.34,102.69,22.00,548.00,null,null,null
2023-09-03T00:30:05Z,19.98,73.97,99,0,30.97,102.70,22.00,548.00,8,8,8
2023-09-03T00:31:05Z,20.00,74.22,99,0,28.93,102.69,21.00,543.00,null,null,null
2023-09-03T00:32:05Z,20.01,74.01,99,0,28.91,102.69,22.00,548.00,null,null,null
2023-09-03T00:33:05Z,20.01,74.02,99,0,31.92,102.69,23.00,553.00,null,null,null
2023-09-03T00:34:05Z,20.00,74.03,99,0,31.14,102.68,23.00,553.00,null,null,null
2023-09-03T00:35:05Z,20.00,74.05,99,0,29.43,102.68,23.00,553.00,18,31,31
2023-09-03T00:36:05Z,20.01,74.29,99,0,29.79,102.68,22.00,548.00,null,null,null
2023-09-03T00:37:05Z,20.00,74.07,99,0,28.14,102.68,22.00,549.00,null,null,null
2023-09-03T00:38:05Z,20.01,74.07,99,0,23.72,102.68,23.00,553.00,null,null,null
2023-09-03T00:39:05Z,20.00,74.04,99,0,25.92,102.68,23.00,553.00,null,null,null
2023-09-03T00:40:05Z,19.98,74.02,100,0,24.07,102.68,24.00,561.00,9,21,21
2023-09-03T00:41:05Z,20.00,74.32,99,0,28.30,102.69,24.00,561.00,null,null,null
2023-09-03T00:42:05Z,19.97,74.09,100,0,29.35,102.68,23.00,555.00,null,null,null
2023-09-03T00:43:05Z,19.98,74.05,100,0,27.24,102.68,23.00,553.00,null,null,null
2023-09-03T00:44:05Z,19.98,74.05,99,0,29.44,102.68,24.00,561.00,null,null,null
2023-09-03T00:45:05Z,19.97,74.10,99,0,31.09,102.68,25.00,567.00,19,24,24
2023-09-03T00:46:05Z,19.98,74.31,99,0,27.20,102.69,24.00,561.00,null,null,null
2023-09-03T00:47:05Z,19.98,74.14,99,0,32.26,102.69,23.00,555.00,null,null,null
2023-09-03T00:48:05Z,19.98,74.12,99,0,26.82,102.69,24.00,561.00,null,null,null
2023-09-03T00:49:05Z,19.98,74.06,100,0,30.16,102.68,25.00,567.00,null,null,null
2023-09-03T00:50:05Z,19.97,74.05,100,0,24.19,102.68,25.00,567.00,11,20,20
2023-09-03T00:51:05Z,19.97,74.29,99,0,30.55,102.68,23.00,553.00,null,null,null
2023-09-03T00:52:05Z,19.97,74.10,99,0,24.07,102.69,24.00,564.00,null,null,null
2023-09-03T00:53:05Z,19.98,74.08,99,0,23.49,102.68,25.00,567.00,null,null,null
2023-09-03T00:54:05Z,19.94,74.05,99,0,26.80,102.68,25.00,567.00,null,null,null
2023-09-03T00:55:05Z,19.95,74.09,100,0,24.11,102.68,25.00,567.00,16,20,20
2023-09-03T00:56:05Z,19.98,74.28,99,0,29.12,102.68,24.00,561.00,null,null,null
2023-09-03T00:57:05Z,19.95,74.12,100,0,40.65,102.68,23.00,555.00,null,null,null
2023-09-03T00:58:05Z,19.98,74.16,99,0,31.20,102.69,25.00,567.00,null,null,null
2023-09-03T00:59:05Z,19.97,74.16,99,0,28.63,102.69,24.00,561.00,null,null,null
2023-09-03T01:00:05Z,19.97,74.08,99,0,27.77,102.69,24.00,561.00,7,12,12
2023-09-03T01:01:05Z,19.97,74.25,100,0,26.43,102.69,23.00,553.00,null,null,null
2023-09-03T01:02:05Z,19.98,74.08,99,0,23.94,102.69,22.00,549.00,null,null,null
2023-09-03T01:03:05Z,19.98,74.07,100,0,26.19,102.69,23.00,553.00,null,null,null
2023-09-03T01:04:05Z,19.95,74.09,99,0,28.37,102.69,24.00,561.00,null,null,null
2023-09-03T01:05:05Z,19.95,74.13,99,0,27.12,102.69,25.00,567.00,10,12,24
2023-09-03T01:06:05Z,19.97,74.30,99,0,26.67,102.70,23.00,553.00,null,null,null
2023-09-03T01:07:05Z,19.97,74.10,100,0,25.41,102.69,22.00,549.00,null,null,null
2023-09-03T01:08:05Z,19.95,74.10,99,0,23.59,102.69,24.00,561.00,null,null,null
2023-09-03T01:09:05Z,19.95,74.07,99,0,29.44,102.69,23.00,553.00,null,null,null
2023-09-03T01:10:05Z,19.94,74.10,99,0,27.80,102.69,23.00,553.00,17,19,19
2023-09-03T01:11:05Z,19.95,74.27,100,0,27.82,102.69,21.00,543.00,null,null,null
2023-09-03T01:12:05Z,19.95,74.10,100,0,30.21,102.69,21.00,543.00,null,null,null
2023-09-03T01:13:05Z,19.93,74.08,99,0,28.04,102.69,23.00,553.00,null,null,null
2023-09-03T01:14:05Z,19.95,74.06,99,0,26.67,102.69,23.00,553.00,null,null,null
2023-09-03T01:15:05Z,19.91,74.08,100,0,24.39,102.69,25.00,567.00,12,17,24
2023-09-03T01:16:05Z,19.95,74.29,99,0,41.48,102.69,23.00,553.00,null,null,null
2023-09-03T01:17:05Z,19.95,74.07,100,0,27.71,102.69,23.00,555.00,null,null,null
2023-09-03T01:18:05Z,19.91,74.04,99,0,27.92,102.69,24.00,561.00,null,null,null
2023-09-03T01:19:05Z,19.93,74.02,99,0,26.41,102.69,25.00,567.00,null,null,null
2023-09-03T01:20:05Z,19.93,74.04,99,0,27.75,102.69,24.00,561.00,12,24,24
2023-09-03T01:21:05Z,19.95,74.29,100,0,25.26,102.69,24.00,561.00,null,null,null
2023-09-03T01:22:05Z,19.94,74.13,99,0,29.50,102.69,24.00,564.00,null,null,null
2023-09-03T01:23:05Z,19.93,74.08,99,0,27.80,102.69,25.00,567.00,null,null,null
2023-09-03T01:24:05Z,19.95,74.03,99,0,24.54,102.69,25.00,567.00,null,null,null
2023-09-03T01:25:05Z,19.93,74.04,99,0,25.92,102.69,25.00,567.00,10,12,12
2023-09-03T01:26:05Z,19.94,74.30,99,0,27.60,102.69,25.00,567.00,null,null,null
2023-09-03T01:27:05Z,19.93,74.16,99,0,27.99,102.69,24.00,564.00,null,null,null
2023-09-03T01:28:05Z,19.94,74.10,99,0,25.16,102.69,25.00,567.00,null,null,null
2023-09-03T01:29:05Z,19.95,74.10,100,0,30.32,102.69,25.00,567.00,null,null,null
2023-09-03T01:30:05Z,19.91,74.07,99,0,28.31,102.70,25.00,567.00,12,16,16
2023-09-03T01:31:05Z,19.90,74.28,99,0,27.77,102.70,24.00,561.00,null,null,null
2023-09-03T01:32:05Z,19.93,74.11,99,0,26.97,102.69,24.00,564.00,null,null,null
2023-09-03T01:33:05Z,19.93,74.13,99,0,29.26,102.70,25.00,567.00,null,null,null
2023-09-03T01:34:05Z,19.90,74.09,99,0,36.71,102.70,25.00,567.00,null,null,null
2023-09-03T01:35:05Z,19.91,74.03,99,0,29.21,102.70,25.00,567.00,6,12,24
2023-09-03T01:36:05Z,19.94,74.27,100,0,25.13,102.70,25.00,567.00,null,null,null
2023-09-03T01:37:05Z,19.91,74.10,100,0,28.95,102.70,23.00,555.00,null,null,null
2023-09-03T01:38:05Z,19.91,74.00,99,0,25.03,102.70,25.00,567.00,null,null,null
2023-09-03T01:39:05Z,19.90,74.03,99,0,25.76,102.70,25.00,567.00,null,null,null
2023-09-03T01:40:05Z,19.88,74.04,99,0,25.44,102.70,25.00,567.00,9,16,16
2023-09-03T01:41:05Z,19.91,74.27,100,0,29.35,102.70,25.00,567.00,null,null,null
2023-09-03T01:42:05Z,19.94,74.19,100,0,25.84,102.70,24.00,564.00,null,null,null
2023-09-03T01:43:05Z,19.93,74.08,99,0,28.70,102.70,26.00,572.00,null,null,null
2023-09-03T01:44:05Z,19.93,74.07,99,0,34.11,102.70,25.00,567.00,null,null,null
2023-09-03T01:45:05Z,19.91,74.02,100,0,25.84,102.70,25.00,567.00,7,11,11
2023-09-03T01:46:05Z,19.94,74.24,99,0,31.65,102.70,24.00,561.00,null,null,null
2023-09-03T01:47:05Z,19.91,74.13,100,0,25.65,102.70,24.00,561.00,null,null,null
2023-09-03T01:48:05Z,19.93,74.06,99,0,26.93,102.71,25.00,567.00,null,null,null
2023-09-03T01:49:05Z,19.91,74.06,99,0,24.31,102.70,24.00,561.00,null,null,null
2023-09-03T01:50:05Z,19.90,74.04,100,0,27.18,102.70,25.00,567.00,12,18,18
2023-09-03T01:51:05Z,19.93,74.24,99,0,25.03,102.70,24.00,561.00,null,null,null
2023-09-03T01:52:05Z,19.93,74.08,99,0,27.75,102.70,24.00,561.00,null,null,null
2023-09-03T01:53:05Z,19.91,74.04,99,0,30.88,102.70,25.00,567.00,null,null,null
2023-09-03T01:54:05Z,19.91,74.00,99,0,25.13,102.70,24.00,561.00,null,null,null
2023-09-03T01:55:05Z,19.91,74.03,100,0,25.84,102.70,25.00,567.00,10,13,13
2023-09-03T01:56:05Z,19.91,74.20,100,0,21.26,102.70,24.00,561.00,null,null,null
2023-09-03T01:57:05Z,19.93,74.10,99,0,26.99,102.70,24.00,561.00,null,null,null
2023-09-03T01:58:05Z,19.91,74.03,99,0,30.31,102.70,25.00,567.00,null,null,null
2023-09-03T01:59:05Z,19.88,74.00,99,0,25.16,102.70,24.00,561.00,null,null,null
2023-09-03T02:00:05Z,19.90,74.00,100,0,26.14,102.71,25.00,567.00,5,5,5
2023-09-03T02:01:05Z,19.90,74.19,100,0,27.40,102.71,23.00,553.00,null,null,null
2023-09-03T02:02:05Z,19.90,74.06,99,0,27.89,102.71,24.00,561.00,null,null,null
2023-09-03T02:03:05Z,19.91,73.99,99,0,27.49,102.71,25.00,567.00,null,null,null
2023-09-03T02:04:05Z,19.87,73.99,99,0,25.90,102.71,25.00,567.00,null,null,null
2023-09-03T02:05:05Z,19.88,74.01,99,0,28.45,102.71,25.00,567.00,9,12,12
2023-09-03T02:06:05Z,19.90,74.20,99,0,28.96,102.72,24.00,561.00,null,null,null
2023-09-03T02:07:05Z,19.90,74.07,99,0,26.00,102.71,25.00,567.00,null,null,null
2023-09-03T02:08:05Z,19.90,74.03,99,0,29.80,102.71,25.00,567.00,null,null,null
2023-09-03T02:09:05Z,19.87,74.03,99,0,27.24,102.71,26.00,572.00,null,null,null
2023-09-03T02:10:05Z,19.90,73.99,99,0,27.08,102.71,26.00,572.00,13,14,14
2023-09-03T02:11:05Z,19.88,74.17,99,0,26.64,102.72,25.00,567.00,null,null,null
2023-09-03T02:12:05Z,19.90,74.07,99,0,25.41,102.72,26.00,572.00,null,null,null
2023-09-03T02:13:05Z,19.88,74.03,100,0,31.01,102.72,27.00,578.00,null,null,null
2023-09-03T02:14:05Z,19.88,74.03,99,0,27.44,102.73,27.00,578.00,null,null,null
2023-09-03T02:15:05Z,19.87,73.99,99,0,29.49,102.73,27.00,581.00,9,9,9
2023-09-03T02:16:05Z,19.90,74.26,99,0,27.16,102.72,27.00,578.00,null,null,null
2023-09-03T02:17:05Z,19.87,74.07,99,0,30.01,102.72,26.00,577.00,null,null,null
2023-09-03T02:18:05Z,19.93,74.06,100,0,29.09,102.73,27.00,581.00,null,null,null
2023-09-03T02:19:05Z,19.88,74.02,99,0,29.35,102.73,27.00,581.00,null,null,null
2023-09-03T02:20:05Z,19.87,74.01,99,0,28.52,102.72,27.00,581.00,11,13,13
2023-09-03T02:21:05Z,19.91,74.20,99,0,32.70,102.73,29.00,592.00,null,null,null
2023-09-03T02:22:05Z,19.93,74.07,99,0,30.32,102.72,29.00,592.00,null,null,null
2023-09-03T02:23:05Z,19.90,74.03,99,0,25.79,102.73,30.00,599.00,null,null,null
2023-09-03T02:24:05Z,19.88,73.99,100,0,27.96,102.73,30.00,599.00,null,null,null
2023-09-03T02:25:05Z,19.87,74.01,99,0,28.81,102.73,30.00,599.00,6,9,9
2023-09-03T02:26:05Z,19.91,74.18,100,0,30.05,102.73,29.00,592.00,null,null,null
2023-09-03T02:27:05Z,19.88,74.03,99,0,23.86,102.73,29.00,592.00,null,null,null
2023-09-03T02:28:05Z,19.88,73.99,99,0,24.23,102.74,30.00,599.00,null,null,null
2023-09-03T02:29:05Z,19.88,74.01,99,0,27.06,102.74,30.00,599.00,null,null,null
2023-09-03T02:30:05Z,19.88,74.01,99,0,33.74,102.74,30.00,599.00,8,16,16
2023-09-03T02:31:05Z,19.87,74.22,99,0,27.60,102.73,29.00,592.00,null,null,null
2023-09-03T02:32:05Z,19.88,74.06,99,0,27.53,102.74,30.00,599.00,null,null,null
2023-09-03T02:33:05Z,19.88,73.99,99,0,24.39,102.74,30.00,599.00,null,null,null
2023-09-03T02:34:05Z,19.90,73.99,100,0,26.80,102.74,30.00,599.00,null,null,null
2023-09-03T02:35:05Z,19.88,73.95,99,0,25.95,102.74,30.00,599.00,8,14,25
2023-09-03T02:36:05Z,19.91,74.18,100,0,25.53,102.74,29.00,592.00,null,null,null
2023-09-03T02:37:05Z,19.87,74.03,99,0,26.21,102.74,29.00,592.00,null,null,null
2023-09-03T02:38:05Z,19.88,73.98,99,0,29.70,102.74,30.00,599.00,null,null,null
2023-09-03T02:39:05Z,19.90,73.94,99,0,27.42,102.74,30.00,599.00,null,null,null
2023-09-03T02:40:05Z,19.90,73.92,99,0,27.04,102.75,30.00,599.00,7,15,15
2023-09-03T02:41:05Z,19.90,74.12,99,0,27.18,102.75,29.00,592.00,null,null,null
2023-09-03T02:42:05Z,19.91,74.01,99,0,33.20,102.75,29.00,592.00,null,null,null
2023-09-03T02:43:05Z,19.88,73.97,99,0,28.17,102.75,30.00,599.00,null,null,null
2023-09-03T02:44:05Z,19.88,73.92,100,0,29.76,102.75,29.00,592.00,null,null,null
2023-09-03T02:45:05Z,19.85,73.93,100,0,30.07,102.75,29.00,592.00,6,8,8
2023-09-03T02:46:05Z,19.88,74.11,99,0,23.81,102.76,29.00,592.00,null,null,null
2023-09-03T02:47:05Z,19.88,73.95,99,0,25.35,102.76,29.00,592.00,null,null,null
2023-09-03T02:48:05Z,19.87,73.94,99,0,24.61,102.76,29.00,592.00,null,null,null
2023-09-03T02:49:05Z,19.88,73.93,99,0,28.39,102.76,29.00,592.00,null,null,null
2023-09-03T02:50:05Z,19.87,73.92,99,0,26.60,102.76,29.00,592.00,2,2,2
2023-09-03T02:51:05Z,19.88,74.12,99,0,27.12,102.76,29.00,592.00,null,null,null
2023-09-03T02:52:05Z,19.90,73.95,99,0,28.51,102.76,29.00,592.00,null,null,null
2023-09-03T02:53:05Z,19.88,73.90,99,0,26.06,102.76,30.00,599.00,null,null,null
2023-09-03T02:54:05Z,19.88,73.91,99,0,27.87,102.75,30.00,599.00,null,null,null
2023-09-03T02:55:05Z,19.88,73.92,99,0,25.70,102.76,30.00,599.00,6,10,10
2023-09-03T02:56:05Z,19.88,74.06,99,0,30.92,102.76,29.00,592.00,null,null,null
2023-09-03T02:57:05Z,19.90,73.93,99,0,32.17,102.76,29.00,592.00,null,null,null
2023-09-03T02:58:05Z,19.88,73.89,99,0,24.15,102.76,30.00,599.00,null,null,null
2023-09-03T02:59:05Z,19.87,73.90,99,0,26.62,102.76,29.00,592.00,null,null,null
2023-09-03T03:00:05Z,19.85,73.84,100,0,27.14,102.76,29.00,592.00,6,11,11
2023-09-03T03:01:05Z,19.90,74.05,100,0,29.74,102.76,29.00,592.00,null,null,null
2023-09-03T03:02:05Z,19.87,73.90,100,0,26.84,102.75,30.00,599.00,null,null,null
2023-09-03T03:03:05Z,19.90,73.87,99,0,22.37,102.75,29.00,592.00,null,null,null
2023-09-03T03:04:05Z,19.91,73.83,99,0,27.57,102.75,29.00,592.00,null,null,null
2023-09-03T03:05:05Z,19.84,73.83,100,0,26.03,102.75,29.00,592.00,13,13,13
2023-09-03T03:06:05Z,19.87,74.02,99,0,26.60,102.74,29.00,592.00,null,null,null
2023-09-03T03:07:05Z,19.88,73.89,99,0,25.32,102.74,29.00,592.00,null,null,null
2023-09-03T03:08:05Z,19.88,73.87,100,0,28.91,102.74,27.00,581.00,null,null,null
2023-09-03T03:09:05Z,19.87,73.79,99,0,28.07,102.74,29.00,592.00,null,null,null
2023-09-03T03:10:05Z,19.85,73.82,99,0,29.50,102.74,29.00,592.00,8,10,10
2023-09-03T03:11:05Z,19.85,74.02,100,0,23.77,102.74,27.00,578.00,null,null,null
2023-09-03T03:12:05Z,19.85,73.86,99,0,28.45,102.73,27.00,581.00,null,null,null
2023-09-03T03:13:05Z,19.87,73.82,99,0,29.46,102.74,27.00,581.00,null,null,null
2023-09-03T03:14:05Z,19.87,73.84,99,0,31.83,102.74,27.00,581.00,null,null,null
2023-09-03T03:15:05Z,19.83,73.77,99,0,28.77,102.74,27.00,581.00,7,11,11
2023-09-03T03:16:05Z,19.85,73.95,100,0,29.62,102.73,26.00,572.00,null,null,null
2023-09-03T03:17:05Z,19.85,73.83,99,0,29.08,102.73,27.00,578.00,null,null,null
2023-09-03T03:18:05Z,19.83,73.81,100,0,25.26,102.73,27.00,578.00,null,null,null
2023-09-03T03:19:05Z,19.80,73.83,99,0,28.34,102.73,27.00,578.00,null,null,null
2023-09-03T03:20:05Z,19.81,73.80,99,0,25.50,102.73,27.00,578.00,6,7,7
2023-09-03T03:21:05Z,19.81,73.99,99,0,29.20,102.73,26.00,572.00,null,null,null
2023-09-03T03:22:05Z,19.81,73.92,99,0,26.14,102.73,27.00,578.00,null,null,null
2023-09-03T03:23:05Z,19.80,73.82,99,0,29.32,102.73,26.00,572.00,null,null,null
2023-09-03T03:24:05Z,19.78,73.79,99,0,24.72,102.73,27.00,578.00,null,null,null
2023-09-03T03:25:05Z,19.80,73.80,99,0,24.23,102.73,26.00,572.00,13,17,24
2023-09-03T03:26:05Z,19.78,73.93,99,0,27.49,102.73,25.00,567.00,null,null,null
2023-09-03T03:27:05Z,19.78,73.79,99,0,29.65,102.73,24.00,561.00,null,null,null
2023-09-03T03:28:05Z,19.78,73.80,99,0,26.95,102.73,25.00,567.00,null,null,null
2023-09-03T03:29:05Z,19.77,73.82,99,0,28.61,102.72,25.00,567.00,null,null,null
2023-09-03T03:30:05Z,19.76,73.76,99,0,27.90,102.73,25.00,567.00,7,13,13
2023-09-03T03:31:05Z,19.76,73.94,99,0,27.14,102.73,25.00,567.00,null,null,null
2023-09-03T03:32:05Z,19.74,73.84,100,0,23.72,102.73,25.00,567.00,null,null,null
2023-09-03T03:33:05Z,19.77,73.80,100,0,31.31,102.73,33.00,623.00,null,null,null
2023-09-03T03:34:05Z,19.76,73.82,100,0,27.55,102.73,25.00,567.00,null,null,null
2023-09-03T03:35:05Z,19.76,73.82,99,0,26.26,102.74,24.00,564.00,6,8,8
2023-09-03T03:36:05Z,19.76,74.01,100,0,26.46,102.74,24.00,564.00,null,null,null
2023-09-03T03:37:05Z,19.74,73.93,99,0,29.48,102.75,25.00,567.00,null,null,null
2023-09-03T03:38:05Z,19.76,73.87,99,0,27.66,102.75,33.00,617.00,null,null,null
2023-09-03T03:39:05Z,19.76,73.82,99,0,27.73,102.75,25.00,567.00,null,null,null
2023-09-03T03:40:05Z,19.71,73.83,99,0,26.64,102.75,25.00,567.00,5,8,8
2023-09-03T03:41:05Z,19.74,74.01,99,0,26.93,102.75,33.00,623.00,null,null,null
2023-09-03T03:42:05Z,19.74,73.91,99,0,26.67,102.76,33.00,623.00,null,null,null
2023-09-03T03:43:05Z,19.76,73.83,99,0,26.41,102.76,33.00,623.00,null,null,null
2023-09-03T03:44:05Z,19.71,73.86,100,0,24.68,102.76,24.00,564.00,null,null,null
2023-09-03T03:45:05Z,19.73,73.86,99,0,28.07,102.76,33.00,623.00,8,12,12
2023-09-03T03:46:05Z,19.73,74.03,100,0,28.12,102.76,33.00,623.00,null,null,null
2023-09-03T03:47:05Z,19.74,73.90,99,0,26.67,102.76,33.00,623.00,null,null,null
2023-09-03T03:48:05Z,19.73,73.87,99,0,26.11,102.76,33.00,623.00,null,null,null
2023-09-03T03:49:05Z,19.71,73.86,99,0,28.58,102.76,33.00,623.00,null,null,null
2023-09-03T03:50:05Z,19.71,73.83,99,0,23.63,102.76,33.00,623.00,7,14,14
2023-09-03T03:51:05Z,19.74,73.99,100,0,26.93,102.76,33.00,617.00,null,null,null
2023-09-03T03:52:05Z,19.71,73.85,99,0,26.11,102.76,33.00,617.00,null,null,null
2023-09-03T03:53:05Z,19.74,73.87,100,0,27.59,102.76,33.00,617.00,null,null,null
2023-09-03T03:54:05Z,19.71,73.84,99,0,29.65,102.76,33.00,617.00,null,null,null
2023-09-03T03:55:05Z,19.69,73.84,99,0,27.10,102.76,33.00,623.00,9,10,10
2023-09-03T03:56:05Z,19.70,74.01,99,0,29.68,102.76,33.00,617.00,null,null,null
2023-09-03T03:57:05Z,19.70,73.87,99,0,25.13,102.76,33.00,617.00,null,null,null
2023-09-03T03:58:05Z,19.70,73.87,99,0,28.17,102.76,32.00,611.00,null,null,null
2023-09-03T03:59:05Z,19.69,73.87,100,0,26.53,102.76,33.00,617.00,null,null,null
2023-09-03T04:00:05Z,19.69,73.91,99,0,27.68,102.76,33.00,617.00,5,6,6
2023-09-03T04:01:05Z,19.69,74.03,99,0,28.76,102.76,32.00,611.00,null,null,null
2023-09-03T04:02:05Z,19.67,73.89,100,0,27.80,102.76,33.00,617.00,null,null,null
2023-09-03T04:03:05Z,19.69,73.88,99,0,26.31,102.76,33.00,617.00,null,null,null
2023-09-03T04:04:05Z,19.70,73.86,99,0,31.21,102.75,32.00,611.00,null,null,null
2023-09-03T04:05:05Z,19.67,73.86,99,0,28.09,102.76,33.00,617.00,10,16,16
2023-09-03T04:06:05Z,19.67,74.02,99,0,27.38,102.76,33.00,617.00,null,null,null
2023-09-03T04:07:05Z,19.69,73.91,100,0,25.87,102.76,32.00,611.00,null,null,null
2023-09-03T04:08:05Z,19.69,73.86,99,0,25.44,102.76,32.00,611.00,null,null,null
2023-09-03T04:09:05Z,19.69,73.87,99,0,24.50,102.76,32.00,611.00,null,null,null
2023-09-03T04:10:05Z,19.63,73.87,99,0,26.57,102.76,32.00,611.00,8,9,15
2023-09-03T04:11:05Z,19.64,74.05,99,0,25.44,102.76,32.00,611.00,null,null,null
2023-09-03T04:12:05Z,19.66,73.91,99,0,27.44,102.76,32.00,611.00,null,null,null
2023-09-03T04:13:05Z,19.66,73.90,100,0,26.87,102.76,32.00,611.00,null,null,null
2023-09-03T04:14:05Z,19.67,73.85,99,0,45.95,102.75,30.00,602.00,null,null,null
2023-09-03T04:15:05Z,19.66,73.88,99,0,26.29,102.75,32.00,611.00,4,4,4
2023-09-03T04:16:05Z,19.63,74.01,100,0,28.55,102.75,30.00,602.00,null,null,null
2023-09-03T04:17:05Z,19.63,73.94,100,0,26.69,102.75,30.00,602.00,null,null,null
2023-09-03T04:18:05Z,19.64,73.87,99,0,26.69,102.75,30.00,602.00,null,null,null
2023-09-03T04:19:05Z,19.63,73.88,100,0,26.57,102.74,32.00,611.00,null,null,null
2023-09-03T04:20:05Z,19.64,73.92,100,0,30.07,102.74,32.00,611.00,14,20,20
2023-09-03T04:21:05Z,19.60,74.06,100,0,24.86,102.74,29.00,596.00,null,null,null
2023-09-03T04:22:05Z,19.63,73.97,99,0,26.26,102.74,32.00,611.00,null,null,null
2023-09-03T04:23:05Z,19.64,73.91,99,0,28.04,102.74,32.00,611.00,null,null,null
2023-09-03T04:24:05Z,19.64,73.90,99,0,24.93,102.74,32.00,611.00,null,null,null
2023-09-03T04:25:05Z,19.60,73.92,99,0,27.18,102.74,32.00,611.00,6,13,13
2023-09-03T04:26:05Z,19.60,74.06,99,0,26.00,102.74,30.00,602.00,null,null,null
2023-09-03T04:27:05Z,19.60,73.92,99,0,27.30,102.74,30.00,602.00,null,null,null
2023-09-03T04:28:05Z,19.59,73.91,99,0,26.76,102.74,30.00,602.00,null,null,null
2023-09-03T04:29:05Z,19.60,73.85,100,0,26.38,102.74,30.00,602.00,null,null,null
2023-09-03T04:30:05Z,19.59,73.87,100,0,27.18,102.74,30.00,602.00,8,18,18
2023-09-03T04:31:05Z,19.57,74.07,99,0,27.57,102.75,29.00,596.00,null,null,null
2023-09-03T04:32:05Z,19.59,73.95,99,0,25.70,102.74,29.00,596.00,null,null,null
2023-09-03T04:33:05Z,19.56,73.94,100,0,27.32,102.74,30.00,602.00,null,null,null
2023-09-03T04:34:05Z,19.57,73.88,99,0,29.31,102.74,30.00,602.00,null,null,null
2023-09-03T04:35:05Z,19.56,73.88,99,0,27.85,102.74,29.00,596.00,8,11,23
2023-09-03T04:36:05Z,19.54,74.05,99,0,27.90,102.74,29.00,591.00,null,null,null
2023-09-03T04:37:05Z,19.59,73.96,99,0,27.78,102.74,29.00,596.00,null,null,null
2023-09-03T04:38:05Z,19.56,73.88,99,0,28.66,102.74,29.00,591.00,null,null,null
2023-09-03T04:39:05Z,19.53,73.93,99,0,27.59,102.74,29.00,596.00,null,null,null
2023-09-03T04:40:05Z,19.51,73.91,100,0,29.44,102.74,29.00,596.00,6,18,18
2023-09-03T04:41:05Z,19.54,74.14,99,0,28.30,102.74,29.00,596.00,null,null,null
2023-09-03T04:42:05Z,19.54,73.96,99,0,25.22,102.75,29.00,596.00,null,null,null
2023-09-03T04:43:05Z,19.53,73.91,100,0,25.65,102.75,30.00,602.00,null,null,null
2023-09-03T04:44:05Z,19.50,73.95,100,0,28.76,102.75,29.00,596.00,null,null,null
2023-09-03T04:45:05Z,19.50,73.97,99,0,29.00,102.75,29.00,596.00,12,16,16
2023-09-03T04:46:05Z,19.50,74.14,100,0,26.19,102.75,30.00,602.00,null,null,null
2023-09-03T04:47:05Z,19.50,74.00,100,0,30.41,102.76,29.00,596.00,null,null,null
2023-09-03T04:48:05Z,19.50,73.99,100,0,29.63,102.76,29.00,596.00,null,null,null
2023-09-03T04:49:05Z,19.49,73.98,99,0,28.76,102.75,30.00,602.00,null,null,null
2023-09-03T04:50:05Z,19.49,73.97,99,0,22.55,102.76,30.00,602.00,7,10,10
2023-09-03T04:51:05Z,19.50,74.14,99,0,26.08,102.76,29.00,596.00,null,null,null
2023-09-03T04:52:05Z,19.50,74.02,99,0,28.48,102.77,29.00,596.00,null,null,null
2023-09-03T04:53:05Z,19.50,73.99,99,0,26.46,102.76,30.00,602.00,null,null,null
2023-09-03T04:54:05Z,19.49,73.97,100,0,27.60,102.77,29.00,596.00,null,null,null
2023-09-03T04:55:05Z,19.47,73.99,100,0,26.41,102.77,29.00,596.00,6,11,11
2023-09-03T04:56:05Z,19.47,74.21,99,0,29.72,102.77,30.00,602.00,null,null,null
2023-09-03T04:57:05Z,19.49,74.06,100,0,25.38,102.77,29.00,596.00,null,null,null
2023-09-03T04:58:05Z,19.47,74.04,99,0,26.03,102.77,29.00,596.00,null,null,null
2023-09-03T04:59:05Z,19.47,74.05,99,0,26.80,102.76,29.00,596.00,null,null,null
2023-09-03T05:00:05Z,19.46,73.98,100,0,24.35,102.77,29.00,596.00,4,8,8
2023-09-03T05:01:05Z,19.49,74.19,99,0,25.79,102.76,29.00,591.00,null,null,null
2023-09-03T05:02:05Z,19.49,74.07,100,0,25.29,102.76,29.00,591.00,null,null,null
2023-09-03T05:03:05Z,19.46,74.05,99,0,28.31,102.76,29.00,596.00,null,null,null
2023-09-03T05:04:05Z,19.45,74.03,99,0,26.19,102.76,29.00,591.00,null,null,null
2023-09-03T05:05:05Z,19.43,73.99,99,0,26.89,102.75,29.00,596.00,9,11,11
2023-09-03T05:06:05Z,19.43,74.19,99,0,28.28,102.76,29.00,591.00,null,null,null
2023-09-03T05:07:05Z,19.42,74.07,99,0,31.48,102.76,29.00,591.00,null,null,null
2023-09-03T05:08:05Z,19.45,74.02,99,0,25.90,102.75,29.00,591.00,null,null,null
2023-09-03T05:09:05Z,19.40,74.02,99,0,26.24,102.76,29.00,591.00,null,null,null
2023-09-03T05:10:05Z,19.42,73.99,99,0,26.29,102.75,29.00,591.00,9,18,18
2023-09-03T05:11:05Z,19.40,74.22,99,0,29.73,102.75,29.00,591.00,null,null,null
2023-09-03T05:12:05Z,19.42,74.07,99,0,23.94,102.76,29.00,591.00,null,null,null
2023-09-03T05:13:05Z,19.40,74.06,99,0,27.42,102.76,29.00,591.00,null,null,null
2023-09-03T05:14:05Z,19.39,74.05,99,0,26.26,102.76,29.00,591.00,null,null,null
2023-09-03T05:15:05Z,19.37,74.04,100,0,28.17,102.76,29.00,596.00,5,5,5
2023-09-03T05:16:05Z,19.40,74.26,99,0,27.04,102.76,29.00,591.00,null,null,null
2023-09-03T05:17:05Z,19.39,74.09,99,0,38.88,102.76,29.00,591.00,null,null,null
2023-09-03T05:18:05Z,19.40,74.14,100,0,22.24,102.76,29.00,596.00,null,null,null
2023-09-03T05:19:05Z,19.40,74.05,99,0,34.11,102.76,29.00,591.00,null,null,null
2023-09-03T05:20:05Z,19.40,74.08,100,0,28.71,102.76,29.00,596.00,10,10,10
2023-09-03T05:21:05Z,19.39,74.30,100,0,26.24,102.76,29.00,596.00,null,null,null
2023-09-03T05:22:05Z,19.40,74.14,100,0,27.49,102.77,29.00,591.00,null,null,null
2023-09-03T05:23:05Z,19.37,74.12,99,0,26.69,102.77,29.00,596.00,null,null,null
2023-09-03T05:24:05Z,19.36,74.11,99,0,28.02,102.77,29.00,596.00,null,null,null
2023-09-03T05:25:05Z,19.37,74.07,99,0,24.89,102.77,30.00,602.00,6,11,11
2023-09-03T05:26:05Z,19.39,74.26,99,0,26.82,102.77,29.00,596.00,null,null,null
2023-09-03T05:27:05Z,19.40,74.14,99,0,25.76,102.77,28.00,586.00,null,null,null
2023-09-03T05:28:05Z,19.37,74.11,100,0,29.23,102.77,29.00,596.00,null,null,null
2023-09-03T05:29:05Z,19.39,74.11,100,0,28.23,102.77,29.00,591.00,null,null,null
2023-09-03T05:30:05Z,19.36,74.09,99,0,28.40,102.77,29.00,596.00,11,14,14
2023-09-03T05:31:05Z,19.35,74.30,99,0,29.07,102.77,29.00,591.00,null,null,null
2023-09-03T05:32:05Z,19.37,74.16,99,0,26.43,102.78,29.00,591.00,null,null,null
2023-09-03T05:33:05Z,19.35,74.13,99,0,27.59,102.78,29.00,596.00,null,null,null
2023-09-03T05:34:05Z,19.37,74.15,100,0,28.96,102.78,29.00,591.00,null,null,null
2023-09-03T05:35:05Z,19.36,74.14,100,0,27.36,102.78,29.00,596.00,11,11,11
2023-09-03T05:36:05Z,19.39,74.31,99,0,32.72,102.78,29.00,591.00,null,null,null
2023-09-03T05:37:05Z,19.37,74.19,99,0,24.31,102.78,29.00,591.00,null,null,null
2023-09-03T05:38:05Z,19.36,74.16,99,0,25.16,102.78,29.00,596.00,null,null,null
2023-09-03T05:39:05Z,19.37,74.15,99,0,28.28,102.78,29.00,591.00,null,null,null
2023-09-03T05:40:05Z,19.35,74.12,99,0,29.91,102.78,29.00,596.00,11,13,13
2023-09-03T05:41:05Z,19.36,74.34,99,0,27.59,102.78,29.00,591.00,null,null,null
2023-09-03T05:42:05Z,19.35,74.16,99,0,33.83,102.78,29.00,591.00,null,null,null
2023-09-03T05:43:05Z,19.36,74.15,99,0,28.22,102.78,29.00,591.00,null,null,null
2023-09-03T05:44:05Z,19.35,74.15,99,0,26.31,102.78,29.00,591.00,null,null,null
2023-09-03T05:45:05Z,19.33,74.14,99,0,27.20,102.78,29.00,591.00,10,12,12
2023-09-03T05:46:05Z,19.35,74.26,99,0,28.44,102.78,28.00,588.00,null,null,null
2023-09-03T05:47:05Z,19.35,74.15,99,0,32.88,102.79,28.00,586.00,null,null,null
2023-09-03T05:48:05Z,19.33,74.13,99,0,28.15,102.79,29.00,591.00,null,null,null
2023-09-03T05:49:05Z,19.33,74.13,100,0,28.44,102.78,28.00,588.00,null,null,null
2023-09-03T05:50:05Z,19.33,74.12,99,0,31.02,102.78,28.00,588.00,6,9,9
2023-09-03T05:51:05Z,19.32,74.37,99,0,28.42,102.79,27.00,580.00,null,null,null
2023-09-03T05:52:05Z,19.32,74.22,99,0,24.35,102.79,27.00,581.00,null,null,null
2023-09-03T05:53:05Z,19.35,74.16,99,0,31.41,102.79,28.00,588.00,null,null,null
2023-09-03T05:54:05Z,19.29,74.19,100,0,28.71,102.79,27.00,580.00,null,null,null
2023-09-03T05:55:05Z,19.29,74.16,99,0,29.05,102.79,27.00,580.00,9,10,10
2023-09-03T05:56:05Z,19.29,74.41,99,0,28.54,102.79,27.00,580.00,null,null,null
2023-09-03T05:57:05Z,19.32,74.21,99,0,29.07,102.79,27.00,581.00,null,null,null
2023-09-03T05:58:05Z,19.30,74.21,100,0,28.77,102.79,28.00,588.00,null,null,null
2023-09-03T05:59:05Z,19.29,74.19,99,0,27.04,102.79,28.00,588.00,null,null,null
2023-09-03T06:00:05Z,19.29,74.17,99,0,26.99,102.80,28.00,588.00,12,15,15
2023-09-03T06:01:05Z,19.30,74.36,100,0,32.84,102.80,27.00,580.00,null,null,null
2023-09-03T06:02:05Z,19.30,74.28,99,0,29.38,102.80,26.00,575.00,null,null,null
2023-09-03T06:03:05Z,19.29,74.23,99,0,28.30,102.80,27.00,581.00,null,null,null
2023-09-03T06:04:05Z,19.32,74.23,99,0,25.41,102.81,29.00,591.00,null,null,null
2023-09-03T06:05:05Z,19.29,74.25,99,0,29.84,102.80,28.00,588.00,10,12,12
2023-09-03T06:06:05Z,19.30,74.48,99,0,29.54,102.80,26.00,575.00,null,null,null
2023-09-03T06:07:05Z,19.30,74.35,99,0,27.84,102.80,27.00,581.00,null,null,null
2023-09-03T06:08:05Z,19.29,74.27,99,0,31.06,102.80,28.00,586.00,null,null,null
2023-09-03T06:09:05Z,19.30,74.30,99,0,30.50,102.80,27.00,581.00,null,null,null
2023-09-03T06:10:05Z,19.32,74.25,100,0,27.36,102.80,27.00,581.00,11,16,16
2023-09-03T06:11:05Z,19.29,74.49,99,0,35.36,102.80,27.00,581.00,null,null,null
2023-09-03T06:12:05Z,19.32,74.35,99,0,26.60,102.80,28.00,586.00,null,null,null
2023-09-03T06:13:05Z,19.35,74.30,100,0,28.89,102.80,28.00,586.00,null,null,null
2023-09-03T06:14:05Z,19.33,74.33,99,0,29.00,102.80,28.00,586.00,null,null,null
2023-09-03T06:15:05Z,19.32,74.29,99,0,28.34,102.79,28.00,586.00,7,10,10
2023-09-03T06:16:05Z,19.35,74.52,100,0,25.16,102.79,28.00,586.00,null,null,null
2023-09-03T06:17:05Z,19.36,74.36,100,0,27.28,102.79,28.00,586.00,null,null,null
2023-09-03T06:18:05Z,19.33,74.28,99,0,27.62,102.80,28.00,586.00,null,null,null
2023-09-03T06:19:05Z,19.33,74.32,99,0,29.32,102.80,28.00,586.00,null,null,null
2023-09-03T06:20:05Z,19.30,74.28,99,0,29.74,102.80,28.00,586.00,6,8,8
2023-09-03T06:21:05Z,19.33,74.53,99,0,28.58,102.80,27.00,581.00,null,null,null
2023-09-03T06:22:05Z,19.33,74.38,99,0,28.27,102.80,28.00,586.00,null,null,null
2023-09-03T06:23:05Z,19.35,74.35,99,0,27.75,102.80,28.00,586.00,null,null,null
2023-09-03T06:24:05Z,19.37,74.33,99,0,28.40,102.81,28.00,586.00,null,null,null
2023-09-03T06:25:05Z,19.35,74.35,99,0,24.46,102.81,28.00,586.00,9,12,12
2023-09-03T06:26:05Z,19.39,74.54,99,0,25.29,102.81,28.00,586.00,null,null,null
2023-09-03T06:27:05Z,19.39,74.40,99,0,26.46,102.81,28.00,586.00,null,null,null
2023-09-03T06:28:05Z,19.40,74.37,99,0,27.59,102.81,28.00,586.00,null,null,null
2023-09-03T06:29:05Z,19.40,74.32,100,0,28.76,102.81,28.00,586.00,null,null,null
2023-09-03T06:30:05Z,19.39,74.36,99,0,27.82,102.81,29.00,591.00,9,13,13
2023-09-03T06:31:05Z,19.43,74.53,100,0,28.98,102.81,28.00,586.00,null,null,null
2023-09-03T06:32:05Z,19.46,74.39,100,0,29.20,102.81,28.00,586.00,null,null,null
2023-09-03T06:33:05Z,19.43,74.35,99,0,27.55,102.81,28.00,586.00,null,null,null
2023-09-03T06:34:05Z,19.45,74.38,99,0,29.68,102.81,29.00,591.00,null,null,null
2023-09-03T06:35:05Z,19.46,74.33,100,0,28.89,102.82,29.00,591.00,6,21,21
2023-09-03T06:36:05Z,19.47,74.49,99,1,30.29,102.81,29.00,591.00,null,null,null
2023-09-03T06:37:05Z,19.49,74.39,99,1,26.24,102.81,30.00,603.00,null,null,null
2023-09-03T06:38:05Z,19.50,74.41,99,1,28.42,102.81,33.00,617.00,null,null,null
2023-09-03T06:39:05Z,19.50,74.47,99,1,30.22,102.81,34.00,627.00,null,null,null
2023-09-03T06:40:05Z,19.50,74.46,99,1,24.43,102.81,34.00,627.00,12,14,14
2023-09-03T06:41:05Z,19.54,74.66,99,1,29.80,102.81,37.00,649.00,null,null,null
2023-09-03T06:42:05Z,19.57,74.52,99,1,26.19,102.81,39.00,656.00,null,null,null
2023-09-03T06:43:05Z,19.59,74.48,99,1,27.78,102.81,40.00,665.00,null,null,null
2023-09-03T06:44:05Z,19.62,74.46,99,0,27.68,102.81,41.00,672.00,null,null,null
2023-09-03T06:45:05Z,19.60,74.44,100,0,24.89,102.81,42.00,678.00,7,11,11
2023-09-03T06:46:05Z,19.64,74.65,99,0,32.07,102.81,42.00,678.00,null,null,null
2023-09-03T06:47:05Z,19.67,74.50,99,0,27.78,102.81,43.00,686.00,null,null,null
2023-09-03T06:48:05Z,19.70,74.47,99,0,46.72,102.81,44.00,694.00,null,null,null
2023-09-03T06:49:05Z,19.69,74.50,99,1,30.54,102.81,44.00,694.00,null,null,null
2023-09-03T06:50:05Z,19.71,74.47,99,1,32.29,102.81,46.00,708.00,5,11,11
2023-09-03T06:51:05Z,19.77,74.61,99,1,47.54,102.81,44.00,694.00,null,null,null
2023-09-03T06:52:05Z,19.80,74.51,99,1,43.42,102.81,36.00,638.00,null,null,null
2023-09-03T06:53:05Z,19.81,74.46,99,1,32.02,102.81,37.00,645.00,null,null,null
2023-09-03T06:54:05Z,19.81,74.45,99,1,31.35,102.81,37.00,645.00,null,null,null
2023-09-03T06:55:05Z,19.83,74.40,99,1,35.85,102.81,38.00,652.00,11,18,18
2023-09-03T06:56:05Z,19.88,74.52,100,1,29.71,102.81,38.00,652.00,null,null,null
2023-09-03T06:57:05Z,19.88,74.42,100,1,25.35,102.81,39.00,656.00,null,null,null
2023-09-03T06:58:05Z,19.90,74.39,100,1,29.72,102.81,38.00,652.00,null,null,null
2023-09-03T06:59:05Z,19.93,74.41,99,1,32.37,102.81,39.00,656.00,null,null,null
2023-09-03T07:00:05Z,19.97,74.34,99,1,56.63,102.81,39.00,656.00,5,5,5
2023-09-03T07:01:05Z,19.97,74.45,99,1,62.01,102.81,39.00,656.00,null,null,null
2023-09-03T07:02:05Z,20.01,74.33,99,1,47.42,102.81,40.00,668.00,null,null,null
2023-09-03T07:03:05Z,20.01,74.33,99,1,50.25,102.81,39.00,656.00,null,null,null
2023-09-03T07:04:05Z,20.04,74.34,99,1,41.75,102.81,40.00,668.00,null,null,null
2023-09-03T07:05:05Z,20.04,74.32,99,1,46.83,102.80,39.00,656.00,12,12,12
2023-09-03T07:06:05Z,20.08,74.31,100,0,27.02,102.80,41.00,672.00,null,null,null
2023-09-03T07:07:05Z,20.11,74.26,100,1,49.00,102.80,41.00,672.00,null,null,null
2023-09-03T07:08:05Z,20.14,74.22,99,1,49.41,102.80,42.00,679.00,null,null,null
2023-09-03T07:09:05Z,20.15,74.21,99,1,49.78,102.81,42.00,678.00,null,null,null
2023-09-03T07:10:05Z,20.17,74.24,100,1,54.63,102.80,42.00,678.00,8,10,10
2023-09-03T07:11:05Z,20.20,74.22,100,1,43.00,102.80,42.00,678.00,null,null,null
2023-09-03T07:12:05Z,20.22,74.17,99,1,31.52,102.80,42.00,678.00,null,null,null
2023-09-03T07:13:05Z,20.24,74.15,99,1,62.67,102.80,44.00,692.00,null,null,null
2023-09-03T07:14:05Z,20.29,74.11,99,1,56.30,102.80,43.00,686.00,null,null,null
2023-09-03T07:15:05Z,20.25,74.13,99,1,40.49,102.81,40.00,665.00,5,7,7
2023-09-03T07:16:05Z,20.29,74.14,99,1,34.13,102.81,40.00,665.00,null,null,null
2023-09-03T07:17:05Z,20.29,74.07,100,1,62.43,102.81,40.00,665.00,null,null,null
2023-09-03T07:18:05Z,20.35,74.04,99,0,63.56,102.81,41.00,674.00,null,null,null
2023-09-03T07:19:05Z,20.32,74.03,99,0,53.74,102.81,41.00,674.00,null,null,null
2023-09-03T07:20:05Z,20.38,73.98,100,1,62.61,102.82,42.00,679.00,8,10,10
2023-09-03T07:21:05Z,20.39,73.98,99,1,57.34,102.82,42.00,679.00,null,null,null
2023-09-03T07:22:05Z,20.42,73.94,99,1,50.82,102.81,42.00,679.00,null,null,null
2023-09-03T07:23:05Z,20.41,73.94,99,1,60.03,102.81,42.00,679.00,null,null,null
2023-09-03T07:24:05Z,20.43,73.93,99,1,48.44,102.81,43.00,688.00,null,null,null
2023-09-03T07:25:05Z,20.48,73.89,99,1,62.14,102.82,43.00,688.00,9,9,9
2023-09-03T07:26:05Z,20.49,73.88,99,1,55.63,102.82,43.00,688.00,null,null,null
2023-09-03T07:27:05Z,20.52,73.84,100,1,65.16,102.82,43.00,688.00,null,null,null
2023-09-03T07:28:05Z,20.52,73.83,99,1,33.84,102.82,43.00,688.00,null,null,null
2023-09-03T07:29:05Z,20.53,73.81,99,1,31.32,102.81,45.00,697.00,null,null,null
2023-09-03T07:30:05Z,20.56,73.82,99,1,38.67,102.81,46.00,702.00,10,11,11
2023-09-03T07:31:05Z,20.57,73.79,99,2,46.43,102.82,45.00,697.00,null,null,null
2023-09-03T07:32:05Z,20.66,75.66,99,0,70.83,102.80,46.00,702.00,null,null,null
