TIME,TEMP,HUM,BATT,LIGHT,NOISE_A,PRESS,CCS811_VOCS,CCS811_ECO2,PM_1,PM_25,PM_10
ISO 8601,C,%,%,Lux,dBA,kPa,ppb,ppm,ug/m3,ug/m3,ug/m3
Time,Temperature,Humidity,Battery,Light,Noise dBA,Barometric pressure,VOC Gas CCS811,eCO2 Gas CCS811,PM 1.0,PM 2.5,PM 10.0
,55,56,10,14,53,58,113,112,89,87,88
2023-09-10T00:00:18Z,27.77,55.33,99,0,35.39,101.70,27.00,580.00,null,null,null
2023-09-10T00:01:18Z,27.81,55.45,99,0,35.07,101.69,27.00,580.00,null,null,null
2023-09-10T00:02:18Z,27.79,55.41,99,0,28.96,101.69,27.00,580.00,9,11,11
2023-09-10T00:03:18Z,27.77,55.54,99,0,28.95,101.69,27.00,580.00,null,null,null
2023-09-10T00:04:18Z,27.78,55.41,99,0,31.02,101.69,26.00,575.00,null,null,null
2023-09-10T00:05:18Z,27.78,55.35,99,0,36.61,101.68,27.00,580.00,null,null,null
2023-09-10T00:06:18Z,27.77,55.36,99,0,31.74,101.69,27.00,580.00,null,null,null
2023-09-10T00:07:18Z,27.74,55.34,99,0,30.40,101.69,27.00,580.00,4,5,5
2023-09-10T00:08:18Z,27.78,55.58,99,0,29.87,101.69,27.00,581.00,null,null,null
2023-09-10T00:09:18Z,27.75,55.47,99,0,31.36,101.68,27.00,580.00,null,null,null
2023-09-10T00:10:18Z,27.77,55.42,99,0,32.25,101.69,27.00,580.00,null,null,null
2023-09-10T00:11:18Z,27.75,55.39,99,0,32.06,101.68,27.00,580.00,null,null,null
2023-09-10T00:12:18Z,27.74,55.42,99,0,30.70,101.68,27.00,580.00,4,4,4
2023-09-10T00:13:18Z,27.77,55.64,99,0,36.41,101.68,27.00,581.00,null,null,null
2023-09-10T00:14:18Z,27.77,55.50,99,0,29.13,101.68,27.00,580.00,null,null,null
2023-09-10T00:15:18Z,27.74,55.47,99,0,31.08,101.68,27.00,580.00,null,null,null
2023-09-10T00:16:18Z,27.75,55.40,99,0,29.92,101.68,27.00,581.00,null,null,null
2023-09-10T00:17:18Z,27.74,55.43,99,0,32.80,101.68,28.00,588.00,4,4,4
2023-09-10T00:18:18Z,27.78,55.67,99,0,28.12,101.68,27.00,581.00,null,null,null
2023-09-10T00:19:18Z,27.75,55.54,99,0,31.54,101.68,28.00,588.00,null,null,null
2023-09-10T00:20:18Z,27.74,55.52,99,0,37.05,101.67,28.00,588.00,null,null,null
2023-09-10T00:21:18Z,27.75,55.51,99,0,33.68,101.68,28.00,586.00,null,null,null
2023-09-10T00:22:18Z,27.75,55.49,99,0,30.77,101.68,27.00,580.00,6,6,6
2023-09-10T00:23:18Z,27.75,55.71,99,0,30.65,101.67,29.00,594.00,null,null,null
2023-09-10T00:24:18Z,27.75,55.59,99,0,34.37,101.67,28.00,588.00,null,null,null
2023-09-10T00:25:18Z,27.75,55.51,99,0,35.73,101.67,29.00,594.00,null,null,null
2023-09-10T00:26:18Z,27.71,55.55,99,0,30.61,101.67,29.00,594.00,null,null,null
2023-09-10T00:27:18Z,27.78,55.54,99,0,26.31,101.67,30.00,597.00,6,8,8
2023-09-10T00:28:18Z,27.75,55.74,99,0,32.82,101.67,29.00,594.00,null,null,null
2023-09-10T00:29:18Z,27.75,55.64,99,0,28.61,101.67,29.00,594.00,null,null,null
2023-09-10T00:30:18Z,27.77,55.76,99,0,33.15,101.67,29.00,594.00,null,null,null
2023-09-10T00:31:18Z,27.75,55.73,99,0,34.24,101.67,28.00,589.00,null,null,null
2023-09-10T00:32:18Z,27.72,55.68,99,0,36.13,101.67,30.00,599.00,3,4,4
2023-09-10T00:33:18Z,27.75,55.88,99,0,29.77,101.67,29.00,591.00,null,null,null
2023-09-10T00:34:18Z,27.72,55.76,99,0,33.19,101.67,28.00,589.00,null,null,null
2023-09-10T00:35:18Z,27.79,55.79,99,0,31.16,101.67,28.00,586.00,null,null,null
2023-09-10T00:36:18Z,27.75,55.74,99,0,33.96,101.67,28.00,589.00,null,null,null
2023-09-10T00:37:18Z,27.74,55.80,99,0,28.95,101.67,29.00,594.00,1,1,1
2023-09-10T00:38:18Z,27.72,55.97,99,0,31.66,101.67,28.00,586.00,null,null,null
2023-09-10T00:39:18Z,27.74,55.89,99,0,33.34,101.67,29.00,592.00,null,null,null
2023-09-10T00:40:18Z,27.71,55.90,99,0,27.26,101.67,30.00,599.00,null,null,null
2023-09-10T00:41:18Z,27.72,55.97,99,0,32.87,101.67,29.00,592.00,null,null,null
2023-09-10T00:42:18Z,27.71,56.07,99,0,30.46,101.67,30.00,599.00,3,3,3
2023-09-10T00:43:18Z,27.68,56.20,99,0,34.50,101.67,29.00,592.00,null,null,null
2023-09-10T00:44:18Z,27.68,56.02,99,0,30.46,101.67,30.00,599.00,null,null,null
2023-09-10T00:45:18Z,27.74,55.95,99,0,31.17,101.67,29.00,592.00,null,null,null
2023-09-10T00:46:18Z,27.65,55.95,99,0,35.05,101.67,30.00,599.00,null,null,null
2023-09-10T00:47:18Z,27.69,56.00,99,0,30.27,101.67,30.00,599.00,2,2,2
2023-09-10T00:48:18Z,27.67,56.16,99,0,38.91,101.67,29.00,592.00,null,null,null
2023-09-10T00:49:18Z,27.67,56.11,99,0,32.32,101.67,30.00,599.00,null,null,null
2023-09-10T00:50:18Z,27.68,56.04,99,0,32.61,101.67,30.00,599.00,null,null,null
2023-09-10T00:51:18Z,27.65,56.08,99,0,41.00,101.67,30.00,599.00,null,null,null
2023-09-10T00:52:18Z,27.65,56.01,99,0,31.56,101.67,30.00,603.00,4,4,4
2023-09-10T00:53:18Z,27.65,56.32,99,0,33.15,101.67,30.00,599.00,null,null,null
2023-09-10T00:54:18Z,27.64,56.28,99,0,30.06,101.67,29.00,596.00,null,null,null
2023-09-10T00:55:18Z,27.65,56.34,99,0,30.50,101.67,29.00,591.00,null,null,null
2023-09-10T00:56:18Z,27.61,56.25,99,0,29.54,101.66,29.00,591.00,null,null,null
2023-09-10T00:57:18Z,27.64,56.14,99,0,29.97,101.67,29.00,596.00,3,7,7
2023-09-10T00:58:18Z,27.61,56.39,99,0,33.01,101.67,31.00,607.00,null,null,null
2023-09-10T00:59:18Z,27.61,56.31,99,0,30.49,101.67,30.00,599.00,null,null,null
2023-09-10T01:00:18Z,27.61,56.35,99,0,31.00,101.66,30.00,599.00,null,null,null
2023-09-10T01:01:18Z,27.58,56.41,99,0,32.06,101.67,30.00,599.00,null,null,null
2023-09-10T01:02:18Z,27.60,56.44,99,0,31.06,101.67,30.00,599.00,4,5,5
2023-09-10T01:03:18Z,27.58,56.51,99,0,38.92,101.67,30.00,599.00,null,null,null
2023-09-10T01:04:18Z,27.61,56.35,99,0,32.89,101.67,31.00,605.00,null,null,null
2023-09-10T01:05:18Z,27.57,56.31,99,0,24.07,101.67,31.00,605.00,null,null,null
2023-09-10T01:06:18Z,27.57,56.31,99,0,32.98,101.67,30.00,599.00,null,null,null
2023-09-10T01:07:18Z,27.56,56.37,99,0,32.04,101.66,31.00,605.00,5,6,6
2023-09-10T01:08:18Z,27.56,56.47,99,0,32.82,101.66,30.00,599.00,null,null,null
2023-09-10T01:09:18Z,27.57,56.45,99,0,31.37,101.66,31.00,605.00,null,null,null
2023-09-10T01:10:18Z,27.56,56.53,99,0,31.96,101.67,31.00,605.00,null,null,null
2023-09-10T01:11:18Z,27.56,56.46,99,0,31.02,101.66,31.00,605.00,null,null,null
2023-09-10T01:12:18Z,27.53,56.50,99,0,29.21,101.66,30.00,599.00,2,6,6
2023-09-10T01:13:18Z,27.53,56.67,99,0,32.64,101.66,31.00,605.00,null,null,null
2023-09-10T01:14:18Z,27.53,56.67,99,0,31.72,101.66,31.00,605.00,null,null,null
2023-09-10T01:15:18Z,27.51,56.62,99,0,36.29,101.66,31.00,605.00,null,null,null
2023-09-10T01:16:18Z,27.51,56.62,99,0,31.48,101.67,30.00,599.00,null,null,null
2023-09-10T01:17:18Z,27.50,56.66,99,0,33.86,101.66,31.00,605.00,7,9,9
2023-09-10T01:18:18Z,27.51,56.75,99,0,41.12,101.66,30.00,599.00,null,null,null
2023-09-10T01:19:18Z,27.50,56.60,99,0,39.87,101.66,29.00,594.00,null,null,null
2023-09-10T01:20:18Z,27.50,56.51,99,0,39.95,101.66,30.00,599.00,null,null,null
2023-09-10T01:21:18Z,27.48,56.51,99,0,31.12,101.66,30.00,599.00,null,null,null
2023-09-10T01:22:18Z,27.47,56.51,99,0,39.13,101.66,31.00,605.00,5,6,6
2023-09-10T01:23:18Z,27.47,56.73,99,0,30.71,101.67,29.00,596.00,null,null,null
2023-09-10T01:24:18Z,27.48,56.59,99,0,29.09,101.67,30.00,599.00,null,null,null
2023-09-10T01:25:18Z,27.50,56.69,99,0,29.47,101.67,30.00,599.00,null,null,null
2023-09-10T01:26:18Z,27.50,56.62,99,0,31.02,101.66,31.00,605.00,null,null,null
2023-09-10T01:27:18Z,27.50,56.61,99,0,30.70,101.67,31.00,605.00,3,4,4
2023-09-10T01:28:18Z,27.50,56.80,99,0,35.48,101.67,30.00,599.00,null,null,null
2023-09-10T01:29:18Z,27.50,56.67,99,0,40.49,101.67,29.00,594.00,null,null,null
2023-09-10T01:30:18Z,27.48,56.61,99,0,31.63,101.67,30.00,599.00,null,null,null
2023-09-10T01:31:18Z,27.48,56.62,99,0,30.39,101.67,30.00,599.00,null,null,null
2023-09-10T01:32:18Z,27.47,56.66,99,0,30.22,101.67,31.00,605.00,2,2,2
2023-09-10T01:33:18Z,27.48,56.79,99,0,32.74,101.67,31.00,605.00,null,null,null
2023-09-10T01:34:18Z,27.47,56.73,99,0,30.67,101.66,30.00,600.00,null,null,null
2023-09-10T01:35:18Z,27.48,56.69,99,0,30.45,101.67,31.00,605.00,null,null,null
2023-09-10T01:36:18Z,27.47,56.73,99,0,29.09,101.66,31.00,605.00,null,null,null
2023-09-10T01:37:18Z,27.46,56.72,99,0,27.85,101.66,31.00,605.00,5,5,5
2023-09-10T01:38:18Z,27.47,56.97,99,0,29.13,101.66,31.00,605.00,null,null,null
2023-09-10T01:39:18Z,27.47,56.82,99,0,31.48,101.67,30.00,600.00,null,null,null
2023-09-10T01:40:18Z,27.46,56.81,99,0,33.81,101.67,31.00,605.00,null,null,null
2023-09-10T01:41:18Z,27.46,56.96,99,0,42.38,101.66,31.00,605.00,null,null,null
2023-09-10T01:42:18Z,27.44,57.00,99,0,29.82,101.66,30.00,600.00,5,10,10
2023-09-10T01:43:18Z,27.41,57.05,99,0,32.62,101.66,31.00,605.00,null,null,null
2023-09-10T01:44:18Z,27.46,56.91,99,0,32.87,101.67,31.00,605.00,null,null,null
2023-09-10T01:45:18Z,27.41,56.97,99,0,32.72,101.66,31.00,605.00,null,null,null
2023-09-10T01:46:18Z,27.38,56.93,99,0,29.78,101.66,32.00,614.00,null,null,null
2023-09-10T01:47:18Z,27.41,56.97,99,0,29.11,101.66,31.00,605.00,10,12,12
2023-09-10T01:48:18Z,27.41,57.13,99,0,32.28,101.66,32.00,614.00,null,null,null
2023-09-10T01:49:18Z,27.41,57.02,99,0,31.95,101.66,32.00,614.00,null,null,null
2023-09-10T01:50:18Z,27.40,56.91,99,0,32.41,101.66,32.00,614.00,null,null,null
2023-09-10T01:51:18Z,27.38,56.90,99,0,29.47,101.66,32.00,614.00,null,null,null
2023-09-10T01:52:18Z,27.40,56.88,99,0,33.40,101.66,33.00,620.00,4,4,4
2023-09-10T01:53:18Z,27.38,57.11,99,0,31.86,101.66,33.00,620.00,null,null,null
2023-09-10T01:54:18Z,27.44,56.92,99,0,29.94,101.66,33.00,620.00,null,null,null
2023-09-10T01:55:18Z,27.41,56.89,99,0,26.38,101.66,32.00,614.00,null,null,null
2023-09-10T01:56:18Z,27.40,56.89,99,0,30.32,101.65,33.00,620.00,null,null,null
2023-09-10T01:57:18Z,27.38,56.90,99,0,34.41,101.66,33.00,620.00,2,3,3
2023-09-10T01:58:18Z,27.40,57.14,99,0,33.80,101.65,33.00,620.00,null,null,null
2023-09-10T01:59:18Z,27.41,57.07,99,0,32.62,101.66,34.00,626.00,null,null,null
2023-09-10T02:00:18Z,27.40,57.07,99,0,35.45,101.65,34.00,626.00,null,null,null
2023-09-10T02:01:18Z,27.38,57.12,99,0,36.25,101.65,34.00,629.00,null,null,null
2023-09-10T02:02:18Z,27.36,57.18,99,0,34.06,101.65,34.00,629.00,5,7,7
2023-09-10T02:03:18Z,27.37,57.37,99,0,39.73,101.65,34.00,626.00,null,null,null
2023-09-10T02:04:18Z,27.37,57.19,99,0,35.07,101.65,33.00,618.00,null,null,null
2023-09-10T02:05:18Z,27.37,57.13,99,0,33.36,101.66,34.00,626.00,null,null,null
2023-09-10T02:06:18Z,27.34,57.20,99,0,36.93,101.66,34.00,626.00,null,null,null
2023-09-10T02:07:18Z,27.34,57.30,99,0,29.73,101.66,34.00,629.00,8,11,11
2023-09-10T02:08:18Z,27.33,57.39,99,0,34.53,101.65,33.00,623.00,null,null,null
2023-09-10T02:09:18Z,27.33,57.34,99,0,31.49,101.66,33.00,623.00,null,null,null
2023-09-10T02:10:18Z,27.33,57.43,99,0,29.42,101.66,33.00,623.00,null,null,null
2023-09-10T02:11:18Z,27.31,57.39,99,0,36.45,101.66,33.00,623.00,null,null,null
2023-09-10T02:12:18Z,27.29,57.42,99,0,29.86,101.66,33.00,623.00,6,7,7
2023-09-10T02:13:18Z,27.33,57.56,99,0,33.70,101.66,33.00,618.00,null,null,null
2023-09-10T02:14:18Z,27.30,57.52,99,0,34.30,101.66,33.00,623.00,null,null,null
2023-09-10T02:15:18Z,27.30,57.44,99,0,41.62,101.66,33.00,618.00,null,null,null
2023-09-10T02:16:18Z,27.27,57.49,99,0,32.57,101.66,33.00,618.00,null,null,null
2023-09-10T02:17:18Z,27.27,57.46,99,0,30.66,101.66,33.00,623.00,5,5,5
2023-09-10T02:18:18Z,27.24,57.65,99,0,29.81,101.66,33.00,618.00,null,null,null
2023-09-10T02:19:18Z,27.29,57.50,99,0,29.27,101.66,41.00,674.00,null,null,null
2023-09-10T02:20:18Z,27.27,57.44,99,0,30.63,101.66,33.00,623.00,null,null,null
2023-09-10T02:21:18Z,27.24,57.56,99,0,32.85,101.66,33.00,623.00,null,null,null
2023-09-10T02:22:18Z,27.24,57.48,99,0,31.99,101.66,41.00,674.00,4,4,4
2023-09-10T02:23:18Z,27.24,57.68,99,0,35.28,101.66,42.00,682.00,null,null,null
2023-09-10T02:24:18Z,27.24,57.63,99,0,32.75,101.66,42.00,682.00,null,null,null
2023-09-10T02:25:18Z,27.23,57.75,99,0,31.68,101.67,44.00,690.00,null,null,null
2023-09-10T02:26:18Z,27.20,57.71,99,0,32.44,101.66,41.00,674.00,null,null,null
2023-09-10T02:27:18Z,27.20,57.68,99,0,29.77,101.66,42.00,682.00,4,4,4
2023-09-10T02:28:18Z,27.21,57.80,99,0,35.29,101.66,42.00,682.00,null,null,null
2023-09-10T02:29:18Z,27.21,57.76,99,0,29.93,101.66,42.00,682.00,null,null,null
2023-09-10T02:30:18Z,27.20,57.72,99,0,34.67,101.67,42.00,682.00,null,null,null
2023-09-10T02:31:18Z,27.17,57.79,99,0,28.63,101.66,44.00,690.00,null,null,null
2023-09-10T02:32:18Z,27.16,57.88,99,0,32.58,101.66,42.00,682.00,3,3,3
2023-09-10T02:33:18Z,27.17,57.92,99,0,33.63,101.67,41.00,674.00,null,null,null
2023-09-10T02:34:18Z,27.17,57.78,99,0,28.92,101.66,42.00,682.00,null,null,null
2023-09-10T02:35:18Z,27.14,57.87,99,0,29.81,101.66,43.00,688.00,null,null,null
2023-09-10T02:36:18Z,27.14,57.79,99,0,27.20,101.66,43.00,688.00,null,null,null
2023-09-10T02:37:18Z,27.11,57.84,99,0,26.87,101.66,44.00,694.00,5,6,6
2023-09-10T02:38:18Z,27.13,57.97,99,0,30.91,101.66,42.00,682.00,null,null,null
2023-09-10T02:39:18Z,27.14,57.91,99,0,31.32,101.65,43.00,688.00,null,null,null
2023-09-10T02:40:18Z,27.16,57.91,99,0,30.38,101.66,42.00,682.00,null,null,null
2023-09-10T02:41:18Z,27.14,57.93,99,0,31.60,101.65,43.00,688.00,null,null,null
2023-09-10T02:42:18Z,27.11,58.03,99,0,27.32,101.65,44.00,694.00,6,7,7
2023-09-10T02:43:18Z,27.09,58.09,99,0,29.64,101.66,44.00,694.00,null,null,null
2023-09-10T02:44:18Z,27.10,58.10,99,0,31.28,101.65,44.00,694.00,null,null,null
2023-09-10T02:45:18Z,27.09,58.12,99,0,35.19,101.65,44.00,694.00,null,null,null
2023-09-10T02:46:18Z,27.07,58.15,99,0,30.30,101.65,44.00,694.00,null,null,null
2023-09-10T02:47:18Z,27.04,58.20,99,0,34.31,101.64,44.00,694.00,11,11,11
2023-09-10T02:48:18Z,27.09,58.29,99,0,34.32,101.64,44.00,694.00,null,null,null
2023-09-10T02:49:18Z,27.04,58.30,99,0,40.97,101.64,43.00,686.00,null,null,null
2023-09-10T02:50:18Z,27.03,58.32,99,0,28.15,101.64,44.00,694.00,null,null,null
2023-09-10T02:51:18Z,27.04,58.31,99,0,29.91,101.64,44.00,694.00,null,null,null
2023-09-10T02:52:18Z,27.02,58.32,99,0,29.71,101.63,44.00,694.00,7,8,8
2023-09-10T02:53:18Z,27.02,58.44,99,0,34.33,101.64,44.00,694.00,null,null,null
2023-09-10T02:54:18Z,27.04,58.44,99,0,27.64,101.64,45.00,699.00,null,null,null
2023-09-10T02:55:18Z,26.99,58.53,99,0,33.31,101.64,45.00,699.00,null,null,null
2023-09-10T02:56:18Z,27.00,58.59,99,0,28.92,101.63,45.00,699.00,null,null,null
2023-09-10T02:57:18Z,26.96,58.48,99,0,31.84,101.63,45.00,699.00,4,4,4
2023-09-10T02:58:18Z,26.93,58.74,99,0,30.93,101.63,46.00,706.00,null,null,null
2023-09-10T02:59:18Z,26.93,58.73,99,0,33.31,101.62,46.00,706.00,null,null,null
