TIME,TEMP,HUM,BATT,LIGHT,NOISE_A,PRESS,CCS811_VOCS,CCS811_ECO2,PM_1,PM_25,PM_10
ISO 8601,C,%,%,Lux,dBA,kPa,ppb,ppm,ug/m3,ug/m3,ug/m3
Time,Temperature,Humidity,Battery,Light,Noise dBA,Barometric pressure,VOC Gas CCS811,eCO2 Gas CCS811,PM 1.0,PM 2.5,PM 10.0
,55,56,10,14,53,58,113,112,89,87,88
2023-08-12T00:00:24Z,23.87,56.66,98,0,36.23,101.66,0.00,406.00,null,null,null
2023-08-12T00:01:24Z,23.89,56.70,98,0,36.79,101.66,0.00,406.00,null,null,null
2023-08-12T00:02:24Z,23.89,56.73,99,0,33.22,101.66,0.00,406.00,null,null,null
2023-08-12T00:03:24Z,23.87,56.73,98,0,35.64,101.66,0.00,406.00,null,null,null
2023-08-12T00:04:24Z,23.85,56.70,98,0,34.91,101.66,0.00,406.00,0,0,0
2023-08-12T00:05:24Z,23.85,56.74,98,0,36.15,101.66,0.00,406.00,null,null,null
2023-08-12T00:06:24Z,23.82,56.76,99,0,30.15,101.66,0.00,406.00,null,null,null
2023-08-12T00:07:24Z,23.84,56.76,98,0,36.51,101.66,0.00,402.00,null,null,null
2023-08-12T00:08:24Z,23.85,56.78,99,0,30.80,101.65,0.00,400.00,null,null,null
2023-08-12T00:09:24Z,23.82,56.80,99,0,40.94,101.65,1.00,409.00,0,0,0
2023-08-12T00:10:24Z,23.85,56.77,98,0,32.94,101.65,1.00,409.00,null,null,null
2023-08-12T00:11:24Z,23.82,56.76,98,0,35.59,101.66,0.00,400.00,null,null,null
2023-08-12T00:12:24Z,23.81,56.81,99,0,39.48,101.66,1.00,409.00,null,null,null
2023-08-12T00:13:24Z,23.81,56.76,98,0,32.29,101.66,1.00,409.00,null,null,null
2023-08-12T00:14:24Z,23.78,56.82,98,0,36.47,101.67,0.00,400.00,0,0,0
2023-08-12T00:15:24Z,23.81,56.82,99,0,33.93,101.66,1.00,409.00,null,null,null
2023-08-12T00:16:24Z,23.82,56.81,98,0,34.38,101.66,1.00,409.00,null,null,null
2023-08-12T00:17:24Z,23.81,56.80,99,0,33.21,101.66,0.00,400.00,null,null,null
2023-08-12T00:18:24Z,23.80,56.83,99,0,34.39,101.65,0.00,400.00,null,null,null
2023-08-12T00:19:24Z,23.81,56.84,98,0,36.60,101.64,1.00,409.00,0,0,0
2023-08-12T00:20:24Z,23.84,56.82,98,0,36.51,101.64,1.00,409.00,null,null,null
2023-08-12T00:21:24Z,23.78,56.82,99,0,36.51,101.64,0.00,400.00,null,null,null
2023-08-12T00:22:24Z,23.78,56.82,98,0,32.33,101.65,0.00,400.00,null,null,null
2023-08-12T00:23:24Z,23.80,56.83,98,0,35.74,101.65,0.00,400.00,null,null,null
2023-08-12T00:24:24Z,23.78,56.84,98,0,35.72,101.65,0.00,400.00,0,0,0
2023-08-12T00:25:24Z,23.80,56.87,99,0,33.45,101.65,0.00,400.00,null,null,null
2023-08-12T00:26:24Z,23.77,56.85,98,0,36.17,101.64,0.00,400.00,null,null,null
2023-08-12T00:27:24Z,23.78,56.86,98,0,34.08,101.64,0.00,400.00,null,null,null
2023-08-12T00:28:24Z,23.77,56.93,98,0,36.59,101.64,0.00,400.00,null,null,null
2023-08-12T00:29:24Z,23.77,56.87,98,0,32.51,101.64,0.00,400.00,0,0,0
2023-08-12T00:30:24Z,23.75,56.90,98,0,36.55,101.64,0.00,400.00,null,null,null
2023-08-12T00:31:24Z,23.75,56.91,98,0,32.82,101.64,0.00,400.00,null,null,null
2023-08-12T00:32:24Z,23.75,56.89,99,0,35.19,101.64,0.00,400.00,null,null,null
2023-08-12T00:33:24Z,23.75,56.87,99,0,35.85,101.64,0.00,400.00,null,null,null
2023-08-12T00:34:24Z,23.75,56.95,99,0,35.05,101.64,0.00,400.00,0,0,0
2023-08-12T00:35:24Z,23.75,56.94,98,0,35.88,101.63,0.00,400.00,null,null,null
2023-08-12T00:36:24Z,23.77,56.90,99,0,36.69,101.64,0.00,400.00,null,null,null
2023-08-12T00:37:24Z,23.73,56.92,98,0,37.66,101.63,0.00,400.00,null,null,null
2023-08-12T00:38:24Z,23.75,56.93,98,0,30.73,101.64,0.00,403.00,null,null,null
2023-08-12T00:39:24Z,23.75,56.94,98,0,35.65,101.63,0.00,400.00,0,0,0
2023-08-12T00:40:24Z,23.75,57.00,99,0,35.32,101.63,0.00,400.00,null,null,null
2023-08-12T00:41:24Z,23.74,56.99,99,0,32.88,101.63,0.00,400.00,null,null,null
2023-08-12T00:42:24Z,23.75,56.91,99,0,36.19,101.63,1.00,413.00,null,null,null
2023-08-12T00:43:24Z,23.71,56.94,98,0,32.88,101.63,0.00,400.00,null,null,null
2023-08-12T00:44:24Z,23.71,56.97,99,0,33.40,101.63,0.00,403.00,0,0,0
2023-08-12T00:45:24Z,23.75,56.93,99,0,36.28,101.63,0.00,403.00,null,null,null
2023-08-12T00:46:24Z,23.75,56.96,99,0,34.08,101.63,0.00,400.00,null,null,null
2023-08-12T00:47:24Z,23.73,56.93,99,0,34.43,101.63,1.00,409.00,null,null,null
2023-08-12T00:48:24Z,23.71,56.95,98,0,36.40,101.63,1.00,413.00,null,null,null
2023-08-12T00:49:24Z,23.68,57.01,98,0,32.64,101.63,1.00,413.00,0,0,0
2023-08-12T00:50:24Z,23.71,56.95,98,0,34.56,101.63,3.00,422.00,null,null,null
2023-08-12T00:51:24Z,23.74,56.94,98,0,35.59,101.63,1.00,413.00,null,null,null
2023-08-12T00:52:24Z,23.71,56.96,98,0,32.01,101.63,1.00,413.00,null,null,null
2023-08-12T00:53:24Z,23.68,56.96,98,0,34.87,101.63,3.00,422.00,null,null,null
2023-08-12T00:54:24Z,23.67,56.97,99,0,35.10,101.63,1.00,413.00,0,0,0
2023-08-12T00:55:24Z,23.67,56.96,98,0,36.66,101.63,1.00,413.00,null,null,null
2023-08-12T00:56:24Z,23.70,56.96,98,0,32.87,101.63,1.00,413.00,null,null,null
2023-08-12T00:57:24Z,23.67,56.96,99,0,33.60,101.63,1.00,413.00,null,null,null
2023-08-12T00:58:24Z,23.67,56.97,98,0,34.59,101.64,1.00,413.00,null,null,null
2023-08-12T00:59:24Z,23.66,56.95,98,0,36.63,101.63,1.00,413.00,0,0,0
2023-08-12T01:00:24Z,23.66,57.00,99,0,33.13,101.63,1.00,413.00,null,null,null
2023-08-12T01:01:24Z,23.66,56.93,99,0,36.81,101.63,1.00,413.00,null,null,null
2023-08-12T01:02:24Z,23.64,56.95,99,0,34.39,101.63,1.00,413.00,null,null,null
2023-08-12T01:03:24Z,23.64,56.96,98,0,32.32,101.62,1.00,413.00,null,null,null
2023-08-12T01:04:24Z,23.66,56.95,99,0,36.45,101.62,1.00,413.00,0,0,0
2023-08-12T01:05:24Z,23.66,56.99,98,0,37.38,101.62,0.00,403.00,null,null,null
2023-08-12T01:06:24Z,23.64,56.96,98,0,42.59,101.63,0.00,403.00,null,null,null
2023-08-12T01:07:24Z,23.64,56.94,99,0,36.79,101.63,1.00,413.00,null,null,null
2023-08-12T01:08:24Z,23.61,57.00,99,0,35.38,101.62,0.00,403.00,null,null,null
2023-08-12T01:09:24Z,23.61,56.98,99,0,33.55,101.63,0.00,403.00,0,0,0
2023-08-12T01:10:24Z,23.63,56.95,98,0,31.67,101.62,1.00,413.00,null,null,null
2023-08-12T01:11:24Z,23.60,57.02,99,0,35.92,101.62,0.00,403.00,null,null,null
2023-08-12T01:12:24Z,23.60,56.97,98,0,35.29,101.62,0.00,403.00,null,null,null
2023-08-12T01:13:24Z,23.56,57.03,99,0,37.67,101.62,1.00,413.00,null,null,null
2023-08-12T01:14:24Z,23.57,56.98,98,0,31.18,101.62,0.00,403.00,0,0,0
2023-08-12T01:15:24Z,23.60,56.99,99,0,35.44,101.62,0.00,403.00,null,null,null
2023-08-12T01:16:24Z,23.58,56.96,98,0,36.41,101.62,0.00,403.00,null,null,null
2023-08-12T01:17:24Z,23.58,56.95,98,0,33.39,101.62,0.00,403.00,null,null,null
2023-08-12T01:18:24Z,23.57,57.00,99,0,34.21,101.61,0.00,403.00,null,null,null
2023-08-12T01:19:24Z,23.58,57.01,99,0,35.03,101.61,0.00,403.00,0,0,0
2023-08-12T01:20:24Z,23.56,57.02,98,0,31.85,101.61,0.00,403.00,null,null,null
2023-08-12T01:21:24Z,23.56,57.02,99,0,31.23,101.61,0.00,403.00,null,null,null
2023-08-12T01:22:24Z,23.54,57.03,99,0,35.74,101.61,0.00,403.00,null,null,null
2023-08-12T01:23:24Z,23.54,57.03,98,0,35.09,101.61,0.00,403.00,null,null,null
2023-08-12T01:24:24Z,23.53,56.99,98,0,34.83,101.62,0.00,403.00,0,0,0
2023-08-12T01:25:24Z,23.53,57.02,98,0,33.50,101.61,0.00,400.00,null,null,null
2023-08-12T01:26:24Z,23.56,57.05,99,0,36.04,101.62,1.00,409.00,null,null,null
2023-08-12T01:27:24Z,23.54,57.06,99,0,33.02,101.62,1.00,409.00,null,null,null
2023-08-12T01:28:24Z,23.53,57.04,99,0,32.56,101.62,1.00,409.00,null,null,null
2023-08-12T01:29:24Z,23.50,57.03,98,0,34.11,101.62,1.00,409.00,0,0,0
2023-08-12T01:30:24Z,23.51,57.04,99,0,30.07,101.62,1.00,409.00,null,null,null
2023-08-12T01:31:24Z,23.49,57.09,98,0,31.06,101.62,1.00,409.00,null,null,null
2023-08-12T01:32:24Z,23.50,57.07,99,0,37.27,101.62,1.00,409.00,null,null,null
2023-08-12T01:33:24Z,23.51,57.07,98,0,34.48,101.61,1.00,409.00,null,null,null
2023-08-12T01:34:24Z,23.49,57.10,99,0,36.53,101.61,1.00,409.00,0,0,0
2023-08-12T01:35:24Z,23.53,57.11,98,0,35.13,101.61,1.00,409.00,null,null,null
2023-08-12T01:36:24Z,23.53,57.08,98,0,37.87,101.61,0.00,400.00,null,null,null
2023-08-12T01:37:24Z,23.49,57.11,99,0,36.20,101.62,0.00,400.00,null,null,null
2023-08-12T01:38:24Z,23.49,57.08,98,0,37.27,101.62,0.00,400.00,null,null,null
2023-08-12T01:39:24Z,23.47,57.09,98,0,32.94,101.62,0.00,400.00,0,0,0
2023-08-12T01:40:24Z,23.47,57.10,98,0,38.03,101.62,1.00,410.00,null,null,null
2023-08-12T01:41:24Z,23.46,57.08,99,0,37.03,101.61,1.00,410.00,null,null,null
2023-08-12T01:42:24Z,23.46,57.07,98,0,32.67,101.61,1.00,410.00,null,null,null
2023-08-12T01:43:24Z,23.46,57.07,99,0,32.32,101.61,1.00,410.00,null,null,null
2023-08-12T01:44:24Z,23.47,57.10,99,0,37.81,101.61,1.00,410.00,0,0,0
2023-08-12T01:45:24Z,23.43,57.11,98,0,31.45,101.61,1.00,410.00,null,null,null
2023-08-12T01:46:24Z,23.45,57.09,98,0,30.73,101.61,0.00,400.00,null,null,null
2023-08-12T01:47:24Z,23.43,57.10,98,0,31.33,101.60,0.00,400.00,null,null,null
2023-08-12T01:48:24Z,23.42,57.10,98,0,34.74,101.60,1.00,410.00,null,null,null
2023-08-12T01:49:24Z,23.43,57.11,98,0,31.66,101.60,0.00,400.00,0,0,0
2023-08-12T01:50:24Z,23.46,57.11,99,0,31.73,101.60,1.00,410.00,null,null,null
2023-08-12T01:51:24Z,23.43,57.08,99,0,36.99,101.60,0.00,400.00,null,null,null
2023-08-12T01:52:24Z,23.42,57.14,98,0,34.92,101.60,0.00,400.00,null,null,null
2023-08-12T01:53:24Z,23.40,57.19,98,0,34.76,101.60,0.00,400.00,null,null,null
2023-08-12T01:54:24Z,23.43,57.12,99,0,36.97,101.61,0.00,400.00,0,0,0
2023-08-12T01:55:24Z,23.40,57.18,98,0,35.83,101.60,0.00,400.00,null,null,null
2023-08-12T01:56:24Z,23.40,57.17,99,0,33.30,101.60,0.00,400.00,null,null,null
2023-08-12T01:57:24Z,23.40,57.18,98,0,36.81,101.61,0.00,400.00,null,null,null
2023-08-12T01:58:24Z,23.36,57.17,98,0,36.00,101.60,0.00,400.00,null,null,null
2023-08-12T01:59:24Z,23.40,57.17,98,0,36.45,101.61,0.00,400.00,0,0,0
2023-08-12T02:00:24Z,23.39,57.23,98,0,35.83,101.61,0.00,400.00,null,null,null
2023-08-12T02:01:24Z,23.39,57.18,98,0,32.22,101.60,0.00,400.00,null,null,null
2023-08-12T02:02:24Z,23.39,57.18,99,0,33.72,101.61,0.00,400.00,null,null,null
2023-08-12T02:03:24Z,23.34,57.22,98,0,31.24,101.61,0.00,400.00,null,null,null
2023-08-12T02:04:24Z,23.37,57.15,99,0,34.22,101.60,0.00,400.00,0,0,0
2023-08-12T02:05:24Z,23.39,57.20,98,0,33.22,101.61,0.00,400.00,null,null,null
2023-08-12T02:06:24Z,23.36,57.23,98,0,35.11,101.60,0.00,400.00,null,null,null
2023-08-12T02:07:24Z,23.36,57.22,99,0,30.69,101.60,0.00,400.00,null,null,null
2023-08-12T02:08:24Z,23.33,57.22,98,0,36.54,101.60,0.00,400.00,null,null,null
2023-08-12T02:09:24Z,23.36,57.20,98,0,31.63,101.60,0.00,400.00,0,0,0
2023-08-12T02:10:24Z,23.33,57.23,98,0,32.86,101.60,0.00,400.00,null,null,null
2023-08-12T02:11:24Z,23.36,57.23,98,0,33.82,101.60,1.00,409.00,null,null,null
2023-08-12T02:12:24Z,23.34,57.22,99,0,32.87,101.60,0.00,400.00,null,null,null
2023-08-12T02:13:24Z,23.33,57.19,99,0,35.77,101.60,1.00,409.00,null,null,null
2023-08-12T02:14:24Z,23.31,57.28,98,0,29.87,101.60,1.00,409.00,0,0,0
2023-08-12T02:15:24Z,23.31,57.21,99,0,34.57,101.60,0.00,400.00,null,null,null
2023-08-12T02:16:24Z,23.33,57.25,99,0,36.67,101.60,2.00,414.00,null,null,null
2023-08-12T02:17:24Z,23.31,57.24,98,0,37.24,101.60,0.00,400.00,null,null,null
2023-08-12T02:18:24Z,23.33,57.22,98,0,36.99,101.60,2.00,414.00,null,null,null
2023-08-12T02:19:24Z,23.29,57.24,98,0,36.82,101.60,0.00,405.00,0,0,0
2023-08-12T02:20:24Z,23.31,57.26,99,0,38.23,101.60,0.00,405.00,null,null,null
2023-08-12T02:21:24Z,23.30,57.24,98,0,31.92,101.60,0.00,400.00,null,null,null
2023-08-12T02:22:24Z,23.29,57.27,99,0,35.14,101.60,0.00,405.00,null,null,null
2023-08-12T02:23:24Z,23.27,57.26,98,0,34.74,101.60,0.00,400.00,null,null,null
2023-08-12T02:24:24Z,23.27,57.24,98,0,32.83,101.60,0.00,400.00,0,0,0
2023-08-12T02:25:24Z,23.30,57.28,98,0,30.72,101.60,0.00,405.00,null,null,null
2023-08-12T02:26:24Z,23.30,57.27,98,0,33.49,101.59,0.00,400.00,null,null,null
2023-08-12T02:27:24Z,23.26,57.28,98,0,33.80,101.59,0.00,400.00,null,null,null
2023-08-12T02:28:24Z,23.26,57.26,99,0,35.17,101.59,1.00,409.00,null,null,null
2023-08-12T02:29:24Z,23.23,57.28,98,0,36.89,101.59,1.00,409.00,0,0,0
2023-08-12T02:30:24Z,23.26,57.31,99,0,36.42,101.59,6.00,445.00,null,null,null
2023-08-12T02:31:24Z,23.26,57.29,98,0,36.38,101.59,1.00,409.00,null,null,null
2023-08-12T02:32:24Z,23.27,57.33,98,0,32.23,101.58,0.00,400.00,null,null,null
2023-08-12T02:33:24Z,23.22,57.32,98,0,37.13,101.59,1.00,409.00,null,null,null
2023-08-12T02:34:24Z,23.20,57.33,99,0,36.98,101.59,6.00,445.00,0,0,0
2023-08-12T02:35:24Z,23.25,57.32,99,0,35.97,101.59,6.00,445.00,null,null,null
2023-08-12T02:36:24Z,23.23,57.30,98,0,37.24,101.59,1.00,409.00,null,null,null
2023-08-12T02:37:24Z,23.20,57.33,99,0,32.79,101.59,5.00,435.00,null,null,null
2023-08-12T02:38:24Z,23.22,57.33,99,0,36.24,101.59,6.00,445.00,null,null,null
2023-08-12T02:39:24Z,23.19,57.31,98,0,33.15,101.58,6.00,445.00,0,0,0
2023-08-12T02:40:24Z,23.22,57.37,98,0,36.06,101.58,6.00,445.00,null,null,null
2023-08-12T02:41:24Z,23.22,57.35,99,0,35.86,101.59,6.00,445.00,null,null,null
2023-08-12T02:42:24Z,23.22,57.29,99,0,36.59,101.59,6.00,445.00,null,null,null
2023-08-12T02:43:24Z,23.22,57.36,99,0,34.48,101.59,6.00,445.00,null,null,null
2023-08-12T02:44:24Z,23.18,57.37,98,0,34.01,101.59,5.00,435.00,0,0,0
2023-08-12T02:45:24Z,23.18,57.42,98,0,35.65,101.59,5.00,435.00,null,null,null
2023-08-12T02:46:24Z,23.23,57.39,98,0,35.26,101.59,6.00,445.00,null,null,null
2023-08-12T02:47:24Z,23.18,57.43,99,0,33.49,101.59,5.00,435.00,null,null,null
2023-08-12T02:48:24Z,23.16,57.39,99,0,36.91,101.60,5.00,435.00,null,null,null
2023-08-12T02:49:24Z,23.16,57.44,99,0,34.75,101.60,6.00,445.00,0,0,0
2023-08-12T02:50:24Z,23.18,57.44,98,0,35.32,101.61,5.00,435.00,null,null,null
2023-08-12T02:51:24Z,23.15,57.42,98,0,36.74,101.61,5.00,435.00,null,null,null
2023-08-12T02:52:24Z,23.16,57.44,99,0,37.15,101.62,6.00,445.00,null,null,null
2023-08-12T02:53:24Z,23.16,57.44,98,0,36.19,101.62,5.00,435.00,null,null,null
2023-08-12T02:54:24Z,23.15,57.42,98,0,33.85,101.62,5.00,435.00,0,0,0
2023-08-12T02:55:24Z,23.16,57.49,99,0,37.15,101.62,5.00,435.00,null,null,null
2023-08-12T02:56:24Z,23.13,57.47,99,0,35.61,101.62,5.00,435.00,null,null,null
2023-08-12T02:57:24Z,23.13,57.46,98,0,33.98,101.62,6.00,445.00,null,null,null
2023-08-12T02:58:24Z,23.13,57.44,98,0,36.50,101.62,5.00,435.00,null,null,null
2023-08-12T02:59:24Z,23.12,57.44,99,0,37.72,101.63,5.00,435.00,0,0,0
