TIME,TEMP,HUM,BATT,LIGHT,NOISE_A,PRESS,CCS811_VOCS,CCS811_ECO2,PM_1,PM_25,PM_10
ISO 8601,C,%,%,Lux,dBA,kPa,ppb,ppm,ug/m3,ug/m3,ug/m3
Time,Temperature,Humidity,Battery,Light,Noise dBA,Barometric pressure,VOC Gas CCS811,eCO2 Gas CCS811,PM 1.0,PM 2.5,PM 10.0
,55,56,10,14,53,58,113,112,89,87,88
2023-09-13T00:00:07Z,21.70,60.75,99,0,30.12,101.80,13.00,487.00,0,0,0
2023-09-13T00:01:07Z,21.66,60.81,99,0,29.94,101.80,13.00,487.00,null,null,null
2023-09-13T00:02:07Z,21.66,60.81,99,0,33.16,101.81,14.00,492.00,null,null,null
2023-09-13T00:03:07Z,21.66,60.76,99,0,28.42,101.81,14.00,492.00,null,null,null
2023-09-13T00:04:07Z,21.65,60.75,100,0,27.78,101.81,14.00,495.00,null,null,null
2023-09-13T00:05:07Z,21.63,60.77,99,0,26.57,101.81,14.00,492.00,0,0,0
2023-09-13T00:06:07Z,21.65,60.82,99,0,28.25,101.81,14.00,492.00,null,null,null
2023-09-13T00:07:07Z,21.62,60.76,99,0,28.93,101.81,14.00,492.00,null,null,null
2023-09-13T00:08:07Z,21.62,60.79,99,0,37.10,101.83,14.00,495.00,null,null,null
2023-09-13T00:09:07Z,21.62,60.77,99,0,38.78,101.81,15.00,500.00,null,null,null
2023-09-13T00:10:07Z,21.59,60.79,99,0,29.11,101.82,15.00,500.00,0,0,0
2023-09-13T00:11:07Z,21.58,60.86,99,0,27.44,101.82,14.00,495.00,null,null,null
2023-09-13T00:12:07Z,21.58,60.83,99,0,32.01,101.82,14.00,495.00,null,null,null
2023-09-13T00:13:07Z,21.58,60.77,99,0,27.32,101.81,14.00,495.00,null,null,null
2023-09-13T00:14:07Z,21.56,60.75,99,0,26.84,101.81,14.00,492.00,null,null,null
2023-09-13T00:15:07Z,21.55,60.75,99,0,33.04,101.82,14.00,492.00,0,0,0
2023-09-13T00:16:07Z,21.54,60.81,99,0,32.17,101.81,13.00,487.00,null,null,null
2023-09-13T00:17:07Z,21.52,60.73,99,0,29.49,101.82,13.00,487.00,null,null,null
2023-09-13T00:18:07Z,21.52,60.75,100,0,31.63,101.82,14.00,493.00,null,null,null
2023-09-13T00:19:07Z,21.49,60.75,99,0,28.17,101.82,13.00,487.00,null,null,null
2023-09-13T00:20:07Z,21.49,60.76,100,0,26.50,101.81,12.00,483.00,0,0,0
2023-09-13T00:21:07Z,21.49,60.81,100,0,29.98,101.82,12.00,483.00,null,null,null
2023-09-13T00:22:07Z,21.49,60.81,99,0,26.31,101.81,12.00,483.00,null,null,null
2023-09-13T00:23:07Z,21.49,60.81,99,0,27.82,101.82,12.00,483.00,null,null,null
2023-09-13T00:24:07Z,21.49,60.86,99,0,30.10,101.82,12.00,481.00,null,null,null
2023-09-13T00:25:07Z,21.47,60.81,99,0,26.53,101.82,12.00,481.00,0,0,0
2023-09-13T00:26:07Z,21.44,60.82,99,0,26.08,101.82,12.00,481.00,null,null,null
2023-09-13T00:27:07Z,21.47,60.84,99,0,26.16,101.82,12.00,481.00,null,null,null
2023-09-13T00:28:07Z,21.47,60.82,99,0,26.76,101.82,12.00,481.00,null,null,null
2023-09-13T00:29:07Z,21.45,60.82,99,0,26.19,101.83,12.00,481.00,null,null,null
2023-09-13T00:30:07Z,21.44,60.81,99,0,26.43,101.82,11.00,477.00,0,0,0
2023-09-13T00:31:07Z,21.44,60.90,99,0,27.82,101.83,12.00,481.00,null,null,null
2023-09-13T00:32:07Z,21.48,60.86,99,0,25.09,101.83,11.00,477.00,null,null,null
2023-09-13T00:33:07Z,21.45,60.80,99,0,26.67,101.83,11.00,477.00,null,null,null
2023-09-13T00:34:07Z,21.44,60.80,99,0,27.53,101.83,11.00,477.00,null,null,null
2023-09-13T00:35:07Z,21.44,60.84,99,0,25.26,101.83,12.00,481.00,0,0,0
2023-09-13T00:36:07Z,21.42,60.87,100,0,28.15,101.84,11.00,477.00,null,null,null
2023-09-13T00:37:07Z,21.44,60.84,99,0,27.80,101.84,11.00,477.00,null,null,null
2023-09-13T00:38:07Z,21.45,60.88,99,0,30.34,101.84,11.00,477.00,null,null,null
2023-09-13T00:39:07Z,21.45,60.84,99,0,28.40,101.84,11.00,477.00,null,null,null
2023-09-13T00:40:07Z,21.41,60.82,99,0,25.59,101.84,11.00,477.00,0,0,0
2023-09-13T00:41:07Z,21.42,60.90,99,0,26.31,101.84,11.00,477.00,null,null,null
2023-09-13T00:42:07Z,21.45,60.88,100,0,26.46,101.84,11.00,477.00,null,null,null
2023-09-13T00:43:07Z,21.44,60.86,99,0,27.10,101.85,11.00,477.00,null,null,null
2023-09-13T00:44:07Z,21.45,60.86,99,0,26.26,101.85,10.00,472.00,null,null,null
2023-09-13T00:45:07Z,21.47,60.87,99,0,26.78,101.86,10.00,472.00,0,0,0
2023-09-13T00:46:07Z,21.45,60.90,99,0,34.23,101.85,9.00,465.00,null,null,null
2023-09-13T00:47:07Z,21.47,60.86,99,0,27.45,101.85,10.00,472.00,null,null,null
2023-09-13T00:48:07Z,21.44,60.81,99,0,27.53,101.86,10.00,472.00,null,null,null
2023-09-13T00:49:07Z,21.44,60.81,99,0,26.69,101.85,10.00,472.00,null,null,null
2023-09-13T00:50:07Z,21.42,60.80,99,0,30.43,101.86,10.00,472.00,0,0,0
2023-09-13T00:51:07Z,21.44,60.83,99,0,26.34,101.85,9.00,465.00,null,null,null
2023-09-13T00:52:07Z,21.42,60.78,99,0,24.35,101.86,10.00,472.00,null,null,null
2023-09-13T00:53:07Z,21.45,60.77,99,0,33.53,101.88,10.00,472.00,null,null,null
2023-09-13T00:54:07Z,21.44,60.69,99,0,23.68,101.86,9.00,465.00,null,null,null
2023-09-13T00:55:07Z,21.42,60.64,99,0,27.08,101.87,11.00,473.00,0,0,0
2023-09-13T00:56:07Z,21.42,60.70,100,0,26.03,101.86,10.00,470.00,null,null,null
2023-09-13T00:57:07Z,21.39,60.39,99,0,27.10,101.86,11.00,473.00,null,null,null
2023-09-13T00:58:07Z,21.38,60.41,100,0,34.98,101.86,9.00,464.00,null,null,null
2023-09-13T00:59:07Z,21.35,60.48,99,0,33.81,101.87,9.00,464.00,null,null,null
2023-09-13T01:00:07Z,21.33,60.47,99,0,25.84,101.87,9.00,464.00,0,0,0
2023-09-13T01:01:07Z,21.33,60.54,99,0,28.84,101.87,8.00,456.00,null,null,null
2023-09-13T01:02:07Z,21.33,60.49,99,0,31.34,101.87,9.00,461.00,null,null,null
2023-09-13T01:03:07Z,21.33,60.54,99,0,26.64,101.87,8.00,456.00,null,null,null
2023-09-13T01:04:07Z,21.33,60.53,99,0,25.26,101.88,9.00,461.00,null,null,null
2023-09-13T01:05:07Z,21.31,60.48,99,0,25.92,101.87,8.00,456.00,0,0,0
2023-09-13T01:06:07Z,21.30,60.48,99,0,26.82,101.87,9.00,461.00,null,null,null
2023-09-13T01:07:07Z,21.28,60.49,99,0,26.91,101.87,9.00,461.00,null,null,null
2023-09-13T01:08:07Z,21.28,60.48,99,0,25.29,101.88,9.00,461.00,null,null,null
2023-09-13T01:09:07Z,21.30,60.53,100,0,25.19,101.87,9.00,461.00,null,null,null
2023-09-13T01:10:07Z,21.30,60.54,99,0,27.18,101.87,9.00,464.00,0,0,0
2023-09-13T01:11:07Z,21.30,60.55,100,0,24.61,101.88,9.00,461.00,null,null,null
2023-09-13T01:12:07Z,21.31,60.50,100,0,32.12,101.87,9.00,461.00,null,null,null
2023-09-13T01:13:07Z,21.33,60.51,99,0,28.17,101.88,9.00,461.00,null,null,null
2023-09-13T01:14:07Z,21.30,60.45,99,0,29.13,101.88,8.00,456.00,null,null,null
2023-09-13T01:15:07Z,21.24,60.22,99,0,28.58,101.88,7.00,450.00,0,0,0
2023-09-13T01:16:07Z,21.24,60.39,99,0,25.79,101.88,9.00,462.00,null,null,null
2023-09-13T01:17:07Z,21.24,60.45,99,0,22.61,101.88,9.00,462.00,null,null,null
2023-09-13T01:18:07Z,21.26,60.48,99,0,25.09,101.89,9.00,462.00,null,null,null
2023-09-13T01:19:07Z,21.26,60.46,100,0,27.97,101.89,8.00,456.00,null,null,null
2023-09-13T01:20:07Z,21.27,60.48,99,0,31.12,101.89,8.00,456.00,0,0,0
2023-09-13T01:21:07Z,21.26,60.44,99,0,32.75,101.88,8.00,454.00,null,null,null
2023-09-13T01:22:07Z,21.27,60.42,99,0,26.76,101.89,8.00,454.00,null,null,null
2023-09-13T01:23:07Z,21.28,60.46,99,0,28.07,101.89,8.00,454.00,null,null,null
2023-09-13T01:24:07Z,21.21,60.25,99,0,25.70,101.89,7.00,450.00,null,null,null
2023-09-13T01:25:07Z,21.18,60.23,99,0,25.70,101.88,8.00,454.00,0,0,0
2023-09-13T01:26:07Z,21.18,60.28,99,0,25.00,101.89,9.00,462.00,null,null,null
2023-09-13T01:27:07Z,21.21,60.33,99,0,25.65,101.89,8.00,459.00,null,null,null
2023-09-13T01:28:07Z,21.20,60.37,100,0,31.13,101.89,8.00,459.00,null,null,null
2023-09-13T01:29:07Z,21.21,60.36,99,0,32.25,101.89,9.00,462.00,null,null,null
2023-09-13T01:30:07Z,21.20,60.36,99,0,28.28,101.89,9.00,462.00,0,0,0
2023-09-13T01:31:07Z,21.23,60.42,99,0,24.58,101.89,9.00,462.00,null,null,null
2023-09-13T01:32:07Z,21.26,60.33,99,0,28.28,101.89,9.00,465.00,null,null,null
2023-09-13T01:33:07Z,21.27,60.35,99,0,24.50,101.89,9.00,461.00,null,null,null
2023-09-13T01:34:07Z,21.26,60.33,99,0,27.14,101.90,9.00,461.00,null,null,null
2023-09-13T01:35:07Z,21.24,60.28,99,0,27.51,101.90,9.00,461.00,0,0,0
2023-09-13T01:36:07Z,21.30,60.31,99,0,24.93,101.90,9.00,465.00,null,null,null
2023-09-13T01:37:07Z,21.31,60.26,100,0,24.89,101.90,9.00,464.00,null,null,null
2023-09-13T01:38:07Z,21.33,60.23,99,0,24.03,101.90,9.00,461.00,null,null,null
2023-09-13T01:39:07Z,21.31,60.21,99,0,26.14,101.91,9.00,464.00,null,null,null
2023-09-13T01:40:07Z,21.31,60.24,99,0,26.36,101.90,9.00,464.00,1,1,1
2023-09-13T01:41:07Z,21.30,60.22,100,0,29.56,101.90,9.00,464.00,null,null,null
2023-09-13T01:42:07Z,21.28,60.17,99,0,27.77,101.90,9.00,464.00,null,null,null
2023-09-13T01:43:07Z,21.33,60.15,99,0,27.12,101.91,9.00,464.00,null,null,null
2023-09-13T01:44:07Z,21.30,60.13,100,0,26.16,101.90,9.00,464.00,null,null,null
2023-09-13T01:45:07Z,21.28,60.15,99,0,29.47,101.91,9.00,464.00,0,0,0
2023-09-13T01:46:07Z,21.31,60.19,99,0,26.82,101.91,9.00,464.00,null,null,null
2023-09-13T01:47:07Z,21.31,60.19,99,0,27.55,101.91,9.00,464.00,null,null,null
2023-09-13T01:48:07Z,21.33,60.18,99,0,25.76,101.91,10.00,470.00,null,null,null
2023-09-13T01:49:07Z,21.33,60.17,99,0,27.06,101.92,9.00,464.00,null,null,null
2023-09-13T01:50:07Z,21.30,60.13,99,0,26.26,101.91,10.00,470.00,0,0,0
2023-09-13T01:51:07Z,21.31,60.12,99,0,24.86,101.91,9.00,460.00,null,null,null
2023-09-13T01:52:07Z,21.33,60.12,99,0,26.95,101.91,10.00,470.00,null,null,null
2023-09-13T01:53:07Z,21.33,60.08,100,0,26.46,101.91,10.00,470.00,null,null,null
2023-09-13T01:54:07Z,21.33,60.08,99,0,27.53,101.91,10.00,470.00,null,null,null
2023-09-13T01:55:07Z,21.30,60.05,99,0,26.84,101.91,10.00,470.00,0,0,0
2023-09-13T01:56:07Z,21.34,60.10,99,0,25.09,101.91,9.00,464.00,null,null,null
2023-09-13T01:57:07Z,21.33,60.07,99,0,26.21,101.92,9.00,464.00,null,null,null
2023-09-13T01:58:07Z,21.34,60.02,99,0,34.02,101.91,10.00,470.00,null,null,null
2023-09-13T01:59:07Z,21.30,60.00,99,0,29.27,101.91,10.00,470.00,null,null,null
2023-09-13T02:00:07Z,21.30,59.99,99,0,27.59,101.91,10.00,470.00,0,0,0
2023-09-13T02:01:07Z,21.33,60.00,99,0,27.94,101.92,9.00,464.00,null,null,null
2023-09-13T02:02:07Z,21.33,59.99,100,0,25.76,101.92,9.00,464.00,null,null,null
2023-09-13T02:03:07Z,21.30,59.98,100,0,24.76,101.91,9.00,464.00,null,null,null
2023-09-13T02:04:07Z,21.30,59.96,99,0,30.07,101.91,10.00,470.00,null,null,null
2023-09-13T02:05:07Z,21.28,59.96,99,0,26.34,101.92,10.00,470.00,1,1,1
2023-09-13T02:06:07Z,21.27,59.96,99,0,25.50,101.92,10.00,470.00,null,null,null
2023-09-13T02:07:07Z,21.26,59.94,99,0,23.94,101.92,9.00,464.00,null,null,null
2023-09-13T02:08:07Z,21.27,59.94,99,0,27.38,101.91,10.00,470.00,null,null,null
2023-09-13T02:09:07Z,21.28,59.89,99,0,24.27,101.92,9.00,464.00,null,null,null
2023-09-13T02:10:07Z,21.28,59.93,99,0,26.41,101.91,9.00,464.00,0,0,0
2023-09-13T02:11:07Z,21.26,59.92,99,0,24.15,101.92,9.00,464.00,null,null,null
2023-09-13T02:12:07Z,21.28,59.92,99,0,25.87,101.92,9.00,464.00,null,null,null
2023-09-13T02:13:07Z,21.24,59.93,99,0,26.08,101.92,9.00,464.00,null,null,null
2023-09-13T02:14:07Z,21.24,59.89,99,0,32.59,101.92,10.00,472.00,null,null,null
2023-09-13T02:15:07Z,21.26,59.93,100,0,25.70,101.92,11.00,475.00,0,0,0
2023-09-13T02:16:07Z,21.27,59.99,99,0,26.53,101.92,10.00,470.00,null,null,null
2023-09-13T02:17:07Z,21.26,59.98,99,0,25.70,101.92,9.00,464.00,null,null,null
2023-09-13T02:18:07Z,21.24,59.98,100,0,25.19,101.92,9.00,464.00,null,null,null
2023-09-13T02:19:07Z,21.23,59.93,99,0,27.40,101.92,10.00,472.00,null,null,null
2023-09-13T02:20:07Z,21.24,59.91,99,0,26.26,101.92,11.00,475.00,0,0,0
2023-09-13T02:21:07Z,21.24,59.97,99,0,28.48,101.92,11.00,475.00,null,null,null
2023-09-13T02:22:07Z,21.21,59.93,99,0,25.47,101.93,11.00,475.00,null,null,null
2023-09-13T02:23:07Z,21.20,59.87,99,0,26.06,101.93,11.00,475.00,null,null,null
2023-09-13T02:24:07Z,21.20,59.90,99,0,26.71,101.93,11.00,475.00,null,null,null
2023-09-13T02:25:07Z,21.18,59.95,100,0,27.16,101.93,11.00,475.00,0,0,0
2023-09-13T02:26:07Z,21.20,59.98,99,0,27.96,101.93,11.00,475.00,null,null,null
2023-09-13T02:27:07Z,21.15,59.95,99,0,27.40,101.93,11.00,475.00,null,null,null
2023-09-13T02:28:07Z,21.18,59.92,99,0,27.40,101.93,11.00,475.00,null,null,null
2023-09-13T02:29:07Z,21.15,59.95,99,0,24.35,101.93,11.00,475.00,null,null,null
2023-09-13T02:30:07Z,21.14,60.01,99,0,27.44,101.93,11.00,475.00,0,0,0
2023-09-13T02:31:07Z,21.15,60.02,99,0,25.95,101.93,11.00,475.00,null,null,null
2023-09-13T02:32:07Z,21.17,60.01,99,0,35.91,101.94,11.00,478.00,null,null,null
2023-09-13T02:33:07Z,21.15,59.99,99,0,34.92,101.94,11.00,475.00,null,null,null
2023-09-13T02:34:07Z,21.15,60.01,99,0,24.79,101.93,11.00,475.00,null,null,null
2023-09-13T02:35:07Z,21.14,60.03,99,0,26.93,101.94,11.00,475.00,0,0,0
2023-09-13T02:36:07Z,21.14,59.99,99,0,26.50,101.94,11.00,475.00,null,null,null
2023-09-13T02:37:07Z,21.12,59.95,99,0,25.59,101.94,11.00,475.00,null,null,null
2023-09-13T02:38:07Z,21.11,59.99,99,0,25.90,101.94,11.00,475.00,null,null,null
2023-09-13T02:39:07Z,21.12,59.99,99,0,23.63,101.94,11.00,475.00,null,null,null
2023-09-13T02:40:07Z,21.11,59.95,99,0,29.70,101.94,11.00,475.00,0,0,0
2023-09-13T02:41:07Z,21.11,60.03,99,0,25.00,101.93,11.00,475.00,null,null,null
2023-09-13T02:42:07Z,21.10,59.93,99,0,27.89,101.94,11.00,475.00,null,null,null
2023-09-13T02:43:07Z,21.10,59.97,99,0,21.99,101.94,11.00,475.00,null,null,null
2023-09-13T02:44:07Z,21.08,59.98,99,0,25.09,101.94,11.00,475.00,null,null,null
2023-09-13T02:45:07Z,21.07,59.97,99,0,25.92,101.94,11.00,475.00,0,0,0
2023-09-13T02:46:07Z,21.06,60.01,100,0,28.07,101.94,9.00,465.00,null,null,null
2023-09-13T02:47:07Z,21.06,59.93,99,0,25.13,101.94,11.00,475.00,null,null,null
2023-09-13T02:48:07Z,21.04,59.95,99,0,25.90,101.94,11.00,475.00,null,null,null
2023-09-13T02:49:07Z,21.06,59.96,99,0,22.99,101.94,10.00,472.00,null,null,null
2023-09-13T02:50:07Z,21.06,59.97,100,0,29.26,101.94,11.00,475.00,0,0,0
2023-09-13T02:51:07Z,21.03,60.02,99,0,26.93,101.94,9.00,465.00,null,null,null
2023-09-13T02:52:07Z,21.04,60.00,99,0,27.59,101.94,11.00,475.00,null,null,null
2023-09-13T02:53:07Z,21.04,60.00,99,0,25.82,101.94,11.00,475.00,null,null,null
2023-09-13T02:54:07Z,21.01,60.04,99,0,24.79,101.94,10.00,472.00,null,null,null
2023-09-13T02:55:07Z,21.03,60.05,99,0,26.29,101.94,11.00,475.00,0,0,0
2023-09-13T02:56:07Z,21.03,60.05,99,0,24.65,101.93,9.00,465.00,null,null,null
2023-09-13T02:57:07Z,21.01,59.99,100,0,23.72,101.94,10.00,472.00,null,null,null
2023-09-13T02:58:07Z,21.03,60.05,99,0,28.51,101.94,11.00,475.00,null,null,null
2023-09-13T02:59:07Z,21.00,60.05,99,0,28.68,101.94,9.00,465.00,null,null,null
2023-09-13T03:00:07Z,21.01,60.02,99,0,33.59,101.94,9.00,465.00,0,0,0
2023-09-13T03:01:07Z,21.01,60.10,99,0,27.12,101.94,9.00,465.00,null,null,null
2023-09-13T03:02:07Z,21.00,60.07,99,0,27.89,101.94,9.00,465.00,null,null,null
2023-09-13T03:03:07Z,21.01,59.99,99,0,23.68,101.94,11.00,475.00,null,null,null
2023-09-13T03:04:07Z,20.97,60.07,100,0,25.32,101.93,10.00,472.00,null,null,null
2023-09-13T03:05:07Z,20.99,60.06,99,0,28.45,101.93,10.00,472.00,0,0,0
2023-09-13T03:06:07Z,20.99,60.12,99,0,25.13,101.93,10.00,472.00,null,null,null
2023-09-13T03:07:07Z,20.97,60.03,100,0,26.60,101.93,9.00,465.00,null,null,null
2023-09-13T03:08:07Z,20.97,60.05,99,0,25.56,101.93,10.00,472.00,null,null,null
2023-09-13T03:09:07Z,20.96,60.09,99,0,26.26,101.93,10.00,472.00,null,null,null
2023-09-13T03:10:07Z,20.96,60.13,99,0,24.83,101.93,10.00,472.00,0,0,0
2023-09-13T03:11:07Z,20.94,60.21,99,0,30.32,101.93,11.00,475.00,null,null,null
2023-09-13T03:12:07Z,20.97,60.16,99,0,25.92,101.93,10.00,472.00,null,null,null
2023-09-13T03:13:07Z,20.94,60.20,99,0,27.78,101.92,10.00,472.00,null,null,null
2023-09-13T03:14:07Z,20.93,60.19,99,0,24.96,101.93,10.00,472.00,null,null,null
2023-09-13T03:15:07Z,20.96,60.18,99,0,25.13,101.93,9.00,465.00,0,0,0
2023-09-13T03:16:07Z,20.94,60.30,100,0,27.30,101.93,10.00,472.00,null,null,null
2023-09-13T03:17:07Z,20.96,60.23,100,0,25.41,101.93,9.00,465.00,null,null,null
2023-09-13T03:18:07Z,20.96,60.26,99,0,27.90,101.93,10.00,472.00,null,null,null
2023-09-13T03:19:07Z,20.94,60.23,99,0,26.11,101.93,9.00,465.00,null,null,null
2023-09-13T03:20:07Z,20.97,60.28,99,0,25.50,101.93,10.00,472.00,1,1,1
2023-09-13T03:21:07Z,20.97,60.32,99,0,26.43,101.93,9.00,465.00,null,null,null
2023-09-13T03:22:07Z,20.99,60.33,99,0,27.94,101.93,9.00,465.00,null,null,null
2023-09-13T03:23:07Z,21.00,60.32,99,0,25.38,101.94,9.00,465.00,null,null,null
2023-09-13T03:24:07Z,21.00,60.28,100,0,25.84,101.93,9.00,465.00,null,null,null
2023-09-13T03:25:07Z,20.99,60.30,99,0,28.17,101.94,9.00,465.00,0,0,0
2023-09-13T03:26:07Z,20.99,60.30,99,0,27.42,101.94,9.00,465.00,null,null,null
2023-09-13T03:27:07Z,20.99,60.29,99,0,26.84,101.94,9.00,465.00,null,null,null
2023-09-13T03:28:07Z,21.00,60.25,99,0,25.87,101.94,9.00,465.00,null,null,null
2023-09-13T03:29:07Z,21.00,60.23,99,0,27.66,101.94,9.00,465.00,null,null,null
2023-09-13T03:30:07Z,20.99,60.31,100,0,25.92,101.94,10.00,472.00,0,0,0
2023-09-13T03:31:07Z,21.01,60.33,99,0,24.72,101.94,9.00,465.00,null,null,null
2023-09-13T03:32:07Z,21.01,60.27,99,0,31.57,101.94,9.00,465.00,null,null,null
2023-09-13T03:33:07Z,21.03,60.33,100,0,33.52,101.94,9.00,465.00,null,null,null
2023-09-13T03:34:07Z,21.00,60.35,99,0,35.82,101.94,9.00,465.00,null,null,null
2023-09-13T03:35:07Z,21.01,60.32,99,0,26.67,101.94,9.00,465.00,0,0,0
2023-09-13T03:36:07Z,21.06,60.39,99,0,29.00,101.94,9.00,465.00,null,null,null
2023-09-13T03:37:07Z,21.01,60.34,99,0,26.73,101.94,10.00,470.00,null,null,null
2023-09-13T03:38:07Z,21.04,60.36,99,0,26.19,101.94,10.00,470.00,null,null,null
2023-09-13T03:39:07Z,21.06,60.32,100,0,28.83,101.94,10.00,470.00,null,null,null
2023-09-13T03:40:07Z,21.06,60.37,99,0,28.36,101.94,10.00,470.00,0,0,0
2023-09-13T03:41:07Z,21.07,60.36,99,0,26.55,101.94,10.00,470.00,null,null,null
2023-09-13T03:42:07Z,21.08,60.32,99,0,27.71,101.94,10.00,470.00,null,null,null
2023-09-13T03:43:07Z,21.08,60.33,99,0,27.04,101.94,10.00,470.00,null,null,null
2023-09-13T03:44:07Z,21.07,60.35,99,0,24.23,101.94,10.00,470.00,null,null,null
2023-09-13T03:45:07Z,21.06,60.34,99,0,26.84,101.94,10.00,470.00,0,0,0
2023-09-13T03:46:07Z,21.08,60.38,100,0,25.38,101.94,9.00,462.00,null,null,null
2023-09-13T03:47:07Z,21.07,60.30,99,0,26.38,101.93,10.00,470.00,null,null,null
2023-09-13T03:48:07Z,21.07,60.28,99,0,26.87,101.94,10.00,470.00,null,null,null
2023-09-13T03:49:07Z,21.06,60.29,99,0,26.48,101.94,10.00,470.00,null,null,null
2023-09-13T03:50:07Z,21.07,60.32,100,0,29.00,101.93,10.00,470.00,0,0,0
2023-09-13T03:51:07Z,21.06,60.33,100,0,27.92,101.94,9.00,462.00,null,null,null
2023-09-13T03:52:07Z,21.06,60.31,100,0,27.34,101.94,10.00,470.00,null,null,null
2023-09-13T03:53:07Z,21.04,60.28,99,0,25.76,101.94,10.00,470.00,null,null,null
2023-09-13T03:54:07Z,21.06,60.30,99,0,28.48,101.93,10.00,470.00,null,null,null
2023-09-13T03:55:07Z,21.07,60.30,99,0,28.48,101.94,10.00,470.00,0,0,0
2023-09-13T03:56:07Z,21.06,60.38,99,0,25.84,101.93,9.00,465.00,null,null,null
2023-09-13T03:57:07Z,21.06,60.26,99,0,28.42,101.94,9.00,465.00,null,null,null
2023-09-13T03:58:07Z,21.06,60.31,99,0,26.84,101.93,9.00,465.00,null,null,null
2023-09-13T03:59:07Z,21.01,60.23,99,0,29.22,101.94,9.00,462.00,null,null,null
2023-09-13T04:00:07Z,21.01,60.27,99,0,26.55,101.93,9.00,465.00,0,0,0
2023-09-13T04:01:07Z,21.03,60.32,99,0,26.55,101.94,9.00,462.00,null,null,null
2023-09-13T04:02:07Z,21.01,60.30,99,0,28.71,101.94,9.00,462.00,null,null,null
2023-09-13T04:03:07Z,21.03,60.30,99,0,28.17,101.93,9.00,465.00,null,null,null
2023-09-13T04:04:07Z,21.03,60.28,100,0,25.00,101.94,9.00,465.00,null,null,null
2023-09-13T04:05:07Z,21.03,60.29,99,0,27.08,101.94,9.00,465.00,1,1,1
2023-09-13T04:06:07Z,21.01,60.33,100,0,26.19,101.94,9.00,465.00,null,null,null
2023-09-13T04:07:07Z,21.03,60.32,99,0,28.02,101.94,9.00,465.00,null,null,null
2023-09-13T04:08:07Z,21.03,60.27,99,0,27.38,101.94,9.00,465.00,null,null,null
2023-09-13T04:09:07Z,21.00,60.25,99,0,25.47,101.95,10.00,470.00,null,null,null
2023-09-13T04:10:07Z,21.01,60.32,99,0,28.23,101.95,10.00,470.00,0,0,0
2023-09-13T04:11:07Z,21.04,60.39,99,0,27.73,101.95,9.00,465.00,null,null,null
2023-09-13T04:12:07Z,21.04,60.33,99,0,26.99,101.95,10.00,470.00,null,null,null
2023-09-13T04:13:07Z,21.03,60.37,99,0,26.64,101.95,10.00,470.00,null,null,null
2023-09-13T04:14:07Z,21.03,60.35,99,0,27.96,101.95,9.00,465.00,null,null,null
2023-09-13T04:15:07Z,21.01,60.32,100,0,29.18,101.95,9.00,465.00,0,0,0
2023-09-13T04:16:07Z,21.01,60.37,99,0,28.76,101.95,9.00,465.00,null,null,null
2023-09-13T04:17:07Z,21.04,60.37,99,0,29.09,101.96,9.00,465.00,null,null,null
2023-09-13T04:18:07Z,21.06,60.35,99,0,28.70,101.96,9.00,465.00,null,null,null
2023-09-13T04:19:07Z,21.01,60.36,100,0,26.62,101.96,9.00,465.00,null,null,null
2023-09-13T04:20:07Z,21.00,60.37,99,0,28.37,101.96,9.00,465.00,0,0,0
2023-09-13T04:21:07Z,21.01,60.36,99,0,27.10,101.96,9.00,462.00,null,null,null
2023-09-13T04:22:07Z,21.03,60.31,99,0,26.84,101.96,9.00,465.00,null,null,null
2023-09-13T04:23:07Z,21.01,60.32,99,0,31.66,101.96,9.00,462.00,null,null,null
2023-09-13T04:24:07Z,21.01,60.34,99,0,27.82,101.96,9.00,462.00,null,null,null
2023-09-13T04:25:07Z,20.99,60.36,99,0,25.62,101.97,9.00,462.00,0,0,0
2023-09-13T04:26:07Z,21.01,60.41,99,0,26.03,101.97,9.00,462.00,null,null,null
2023-09-13T04:27:07Z,21.01,60.36,99,0,26.99,101.97,9.00,462.00,null,null,null
2023-09-13T04:28:07Z,21.03,60.36,99,0,28.95,101.97,9.00,462.00,null,null,null
2023-09-13T04:29:07Z,20.99,60.32,99,0,26.78,101.96,9.00,462.00,null,null,null
2023-09-13T04:30:07Z,21.00,60.29,99,0,26.57,101.97,9.00,462.00,0,0,0
2023-09-13T04:31:07Z,21.00,60.42,99,0,28.31,101.97,9.00,462.00,null,null,null
2023-09-13T04:32:07Z,20.99,60.32,100,0,25.79,101.97,9.00,462.00,null,null,null
2023-09-13T04:33:07Z,20.99,60.36,99,0,24.35,101.97,9.00,462.00,null,null,null
2023-09-13T04:34:07Z,20.99,60.33,100,0,26.38,101.97,9.00,462.00,null,null,null
2023-09-13T04:35:07Z,21.00,60.38,99,0,30.63,101.96,9.00,462.00,0,0,0
2023-09-13T04:36:07Z,21.00,60.40,99,0,25.06,101.97,9.00,462.00,null,null,null
2023-09-13T04:37:07Z,21.00,60.37,99,0,25.06,101.96,9.00,462.00,null,null,null
2023-09-13T04:38:07Z,20.97,60.39,99,0,25.22,101.96,9.00,462.00,null,null,null
2023-09-13T04:39:07Z,20.99,60.40,100,0,26.50,101.96,9.00,462.00,null,null,null
2023-09-13T04:40:07Z,20.94,60.34,99,0,28.02,101.97,9.00,462.00,0,0,0
2023-09-13T04:41:07Z,20.97,60.42,99,0,27.92,101.97,9.00,462.00,null,null,null
2023-09-13T04:42:07Z,20.96,60.37,100,0,28.02,101.97,9.00,462.00,null,null,null
2023-09-13T04:43:07Z,20.97,60.40,99,0,25.44,101.97,9.00,462.00,null,null,null
2023-09-13T04:44:07Z,20.96,60.37,99,0,26.21,101.97,9.00,462.00,null,null,null
2023-09-13T04:45:07Z,20.94,60.38,99,0,26.31,101.97,9.00,462.00,0,0,0
2023-09-13T04:46:07Z,20.96,60.46,99,0,30.38,101.97,8.00,459.00,null,null,null
2023-09-13T04:47:07Z,20.94,60.40,99,0,25.41,101.97,9.00,462.00,null,null,null
2023-09-13T04:48:07Z,20.93,60.45,99,0,24.58,101.98,9.00,462.00,null,null,null
2023-09-13T04:49:07Z,20.96,60.42,99,0,28.51,101.97,9.00,462.00,null,null,null
2023-09-13T04:50:07Z,20.93,60.41,99,0,26.06,101.98,9.00,462.00,0,1,1
2023-09-13T04:51:07Z,20.94,60.46,99,0,27.57,101.98,8.00,459.00,null,null,null
2023-09-13T04:52:07Z,20.94,60.44,99,0,24.65,101.98,9.00,462.00,null,null,null
2023-09-13T04:53:07Z,20.94,60.40,99,0,32.79,101.98,9.00,462.00,null,null,null
2023-09-13T04:54:07Z,20.91,60.43,99,0,28.17,101.98,8.00,459.00,null,null,null
2023-09-13T04:55:07Z,20.91,60.45,99,0,30.56,101.97,9.00,462.00,0,0,0
2023-09-13T04:56:07Z,20.91,60.48,100,0,28.37,101.98,8.00,454.00,null,null,null
2023-09-13T04:57:07Z,20.90,60.45,99,0,26.43,101.98,9.00,462.00,null,null,null
2023-09-13T04:58:07Z,20.93,60.48,99,0,27.66,101.98,9.00,462.00,null,null,null
2023-09-13T04:59:07Z,20.93,60.49,99,0,26.55,101.98,8.00,454.00,null,null,null
2023-09-13T05:00:07Z,20.91,60.50,99,0,25.53,101.98,8.00,459.00,0,0,0
2023-09-13T05:01:07Z,20.91,60.51,99,0,24.72,101.99,8.00,454.00,null,null,null
2023-09-13T05:02:07Z,20.93,60.50,99,0,37.20,101.99,8.00,459.00,null,null,null
2023-09-13T05:03:07Z,20.93,60.51,99,0,27.99,101.99,9.00,462.00,null,null,null
2023-09-13T05:04:07Z,20.91,60.51,99,0,25.90,101.99,9.00,462.00,null,null,null
2023-09-13T05:05:07Z,20.89,60.50,99,0,27.02,102.00,9.00,462.00,0,0,0
2023-09-13T05:06:07Z,20.96,60.55,100,0,26.21,102.00,9.00,462.00,null,null,null
2023-09-13T05:07:07Z,20.91,60.57,99,0,27.12,102.00,9.00,465.00,null,null,null
2023-09-13T05:08:07Z,20.91,60.58,99,0,25.98,102.00,9.00,465.00,null,null,null
2023-09-13T05:09:07Z,20.93,60.59,99,0,25.76,101.99,9.00,465.00,null,null,null
2023-09-13T05:10:07Z,20.91,60.55,99,0,27.04,102.00,9.00,465.00,0,0,0
2023-09-13T05:11:07Z,20.90,60.65,99,0,37.74,102.01,10.00,470.00,null,null,null
2023-09-13T05:12:07Z,20.96,60.59,99,0,26.91,102.00,10.00,470.00,null,null,null
2023-09-13T05:13:07Z,20.91,60.57,99,0,29.54,102.00,10.00,470.00,null,null,null
2023-09-13T05:14:07Z,20.93,60.50,100,0,25.84,102.00,10.00,470.00,null,null,null
2023-09-13T05:15:07Z,20.91,60.53,99,0,28.25,102.01,10.00,470.00,0,0,0
2023-09-13T05:16:07Z,20.91,60.58,99,0,28.89,102.01,10.00,470.00,null,null,null
2023-09-13T05:17:07Z,20.93,60.54,99,0,26.93,102.01,10.00,470.00,null,null,null
2023-09-13T05:18:07Z,20.91,60.50,99,0,28.63,102.01,10.00,470.00,null,null,null
2023-09-13T05:19:07Z,20.87,60.54,99,0,29.09,102.01,10.00,470.00,null,null,null
2023-09-13T05:20:07Z,20.91,60.54,99,0,28.58,102.01,10.00,470.00,0,0,0
2023-09-13T05:21:07Z,20.91,60.59,100,0,27.10,102.01,9.00,465.00,null,null,null
2023-09-13T05:22:07Z,20.90,60.51,99,0,25.87,102.01,9.00,465.00,null,null,null
2023-09-13T05:23:07Z,20.90,60.48,100,0,27.66,102.01,9.00,465.00,null,null,null
2023-09-13T05:24:07Z,20.90,60.50,99,0,25.98,102.01,9.00,465.00,null,null,null
2023-09-13T05:25:07Z,20.89,60.48,99,0,28.91,102.01,9.00,465.00,0,0,0
2023-09-13T05:26:07Z,20.87,60.57,99,0,28.93,102.02,9.00,465.00,null,null,null
2023-09-13T05:27:07Z,20.90,60.47,99,0,26.64,102.02,9.00,462.00,null,null,null
2023-09-13T05:28:07Z,20.87,60.45,100,0,31.69,102.02,9.00,462.00,null,null,null
2023-09-13T05:29:07Z,20.89,60.48,100,0,28.92,102.02,9.00,465.00,null,null,null
2023-09-13T05:30:07Z,20.87,60.48,99,0,31.51,102.03,9.00,465.00,0,0,0
2023-09-13T05:31:07Z,20.89,60.51,99,0,33.21,102.03,9.00,465.00,null,null,null
2023-09-13T05:32:07Z,20.87,60.42,100,0,30.50,102.02,9.00,465.00,null,null,null
2023-09-13T05:33:07Z,20.87,60.47,100,0,29.61,102.03,9.00,462.00,null,null,null
2023-09-13T05:34:07Z,20.87,60.49,99,0,26.26,102.03,9.00,462.00,null,null,null
2023-09-13T05:35:07Z,20.86,60.47,99,0,29.33,102.03,9.00,462.00,1,1,1
2023-09-13T05:36:07Z,20.86,60.57,99,0,28.55,102.03,9.00,462.00,null,null,null
2023-09-13T05:37:07Z,20.87,60.49,99,0,31.38,102.04,9.00,462.00,null,null,null
2023-09-13T05:38:07Z,20.84,60.48,100,0,30.46,102.03,9.00,462.00,null,null,null
2023-09-13T05:39:07Z,20.86,60.47,99,0,27.28,102.03,9.00,462.00,null,null,null
2023-09-13T05:40:07Z,20.82,60.44,99,0,28.44,102.04,9.00,462.00,0,0,0
2023-09-13T05:41:07Z,20.83,60.48,99,0,27.53,102.04,9.00,462.00,null,null,null
2023-09-13T05:42:07Z,20.84,60.48,99,0,31.31,102.04,9.00,462.00,null,null,null
2023-09-13T05:43:07Z,20.83,60.45,99,0,33.55,102.05,9.00,462.00,null,null,null
2023-09-13T05:44:07Z,20.83,60.46,99,0,30.11,102.05,9.00,462.00,null,null,null
2023-09-13T05:45:07Z,20.80,60.44,99,0,32.62,102.06,9.00,462.00,0,0,0
2023-09-13T05:46:07Z,20.83,60.46,100,0,31.79,102.06,8.00,454.00,null,null,null
2023-09-13T05:47:07Z,20.80,60.44,100,0,25.98,102.07,8.00,459.00,null,null,null
2023-09-13T05:48:07Z,20.79,60.40,100,0,28.04,102.07,9.00,462.00,null,null,null
2023-09-13T05:49:07Z,20.79,60.39,99,0,36.71,102.07,8.00,459.00,null,null,null
2023-09-13T05:50:07Z,20.75,60.39,100,0,39.27,102.07,8.00,459.00,2,2,2
2023-09-13T05:51:07Z,20.78,60.42,99,0,39.52,102.07,7.00,451.00,null,null,null
2023-09-13T05:52:07Z,20.75,60.39,100,0,33.69,102.08,8.00,459.00,null,null,null
2023-09-13T05:53:07Z,20.75,60.32,99,0,28.61,102.07,8.00,454.00,null,null,null
2023-09-13T05:54:07Z,20.73,60.37,99,0,32.45,102.08,8.00,459.00,null,null,null
2023-09-13T05:55:07Z,20.72,60.38,99,0,31.79,102.09,14.00,496.00,0,0,0
2023-09-13T05:56:07Z,20.72,60.38,99,0,37.67,102.09,14.00,493.00,null,null,null
2023-09-13T05:57:07Z,20.72,60.37,100,0,40.19,102.09,14.00,496.00,null,null,null
2023-09-13T05:58:07Z,20.70,60.40,99,0,30.28,102.09,14.00,496.00,null,null,null
2023-09-13T05:59:07Z,20.70,60.36,99,0,29.35,102.09,14.00,496.00,null,null,null
2023-09-13T06:00:07Z,20.68,60.38,99,0,26.95,102.10,13.00,488.00,0,0,0
2023-09-13T06:01:07Z,20.69,60.43,99,0,34.74,102.09,14.00,493.00,null,null,null
2023-09-13T06:02:07Z,20.68,60.39,99,0,33.22,102.10,14.00,493.00,null,null,null
2023-09-13T06:03:07Z,20.68,60.36,99,0,27.90,102.10,14.00,493.00,null,null,null
2023-09-13T06:04:07Z,20.66,60.42,99,0,34.94,102.10,14.00,496.00,null,null,null
2023-09-13T06:05:07Z,20.63,60.46,99,0,28.51,102.10,14.00,496.00,2,2,2
2023-09-13T06:06:07Z,20.66,60.48,99,0,30.89,102.10,14.00,496.00,null,null,null
2023-09-13T06:07:07Z,20.64,60.41,99,0,30.08,102.10,14.00,496.00,null,null,null
2023-09-13T06:08:07Z,20.64,60.45,99,0,26.50,102.11,14.00,496.00,null,null,null
2023-09-13T06:09:07Z,20.63,60.42,99,0,26.62,102.10,14.00,496.00,null,null,null
2023-09-13T06:10:07Z,20.60,60.40,99,0,26.73,102.11,14.00,493.00,1,1,1
2023-09-13T06:11:07Z,20.63,60.49,99,0,26.73,102.11,14.00,493.00,null,null,null
2023-09-13T06:12:07Z,20.62,60.45,99,0,null,102.11,14.00,493.00,null,null,null
2023-09-13T06:13:07Z,20.60,60.44,99,0,36.24,102.11,14.00,493.00,null,null,null
2023-09-13T06:14:07Z,20.60,60.42,99,0,32.45,102.11,14.00,493.00,null,null,null
2023-09-13T06:15:07Z,20.59,60.37,99,0,28.01,102.11,14.00,493.00,0,0,0
2023-09-13T06:16:07Z,20.57,60.47,99,0,30.59,102.11,14.00,493.00,null,null,null
2023-09-13T06:17:07Z,20.59,60.47,99,0,28.60,102.11,14.00,493.00,null,null,null
2023-09-13T06:18:07Z,20.59,60.45,99,0,28.64,102.11,13.00,488.00,null,null,null
2023-09-13T06:19:07Z,20.56,60.47,99,0,27.59,102.11,13.00,488.00,null,null,null
2023-09-13T06:20:07Z,20.57,60.45,100,0,27.97,102.12,13.00,488.00,0,0,0
2023-09-13T06:21:07Z,20.56,60.50,99,0,28.83,102.11,13.00,488.00,null,null,null
2023-09-13T06:22:07Z,20.57,60.45,99,0,28.30,102.12,13.00,488.00,null,null,null
2023-09-13T06:23:07Z,20.57,60.47,99,0,30.30,102.11,13.00,488.00,null,null,null
2023-09-13T06:24:07Z,20.55,60.51,99,0,28.27,102.12,13.00,488.00,null,null,null
2023-09-13T06:25:07Z,20.56,60.50,99,0,29.21,102.12,13.00,488.00,0,0,0
2023-09-13T06:26:07Z,20.57,60.51,99,0,29.47,102.12,13.00,488.00,null,null,null
2023-09-13T06:27:07Z,20.57,60.53,99,0,30.70,102.12,13.00,488.00,null,null,null
2023-09-13T06:28:07Z,20.59,60.53,99,0,35.45,102.12,13.00,488.00,null,null,null
2023-09-13T06:29:07Z,20.55,60.56,100,0,27.20,102.12,13.00,488.00,null,null,null
2023-09-13T06:30:07Z,20.53,60.57,99,0,31.53,102.12,13.00,488.00,0,0,0
2023-09-13T06:31:07Z,20.57,60.61,100,0,31.24,102.12,13.00,488.00,null,null,null
2023-09-13T06:32:07Z,20.57,60.58,99,0,27.22,102.12,13.00,488.00,null,null,null
2023-09-13T06:33:07Z,20.59,60.57,99,0,41.60,102.13,13.00,488.00,null,null,null
2023-09-13T06:34:07Z,20.57,60.58,100,0,28.31,102.12,13.00,488.00,null,null,null
2023-09-13T06:35:07Z,20.57,60.56,100,0,29.36,102.13,13.00,488.00,0,0,0
2023-09-13T06:36:07Z,20.59,60.62,99,0,32.34,102.13,14.00,493.00,null,null,null
2023-09-13T06:37:07Z,20.57,60.61,100,0,30.68,102.13,14.00,493.00,null,null,null
2023-09-13T06:38:07Z,20.57,60.59,100,0,32.23,102.12,14.00,493.00,null,null,null
2023-09-13T06:39:07Z,20.56,60.57,99,0,31.20,102.13,13.00,488.00,null,null,null
2023-09-13T06:40:07Z,20.57,60.57,99,0,30.97,102.13,14.00,493.00,0,0,0
2023-09-13T06:41:07Z,20.60,60.65,99,0,29.31,102.13,14.00,493.00,null,null,null
2023-09-13T06:42:07Z,20.59,60.64,99,0,32.06,102.13,14.00,493.00,null,null,null
2023-09-13T06:43:07Z,20.59,60.60,99,0,49.91,102.13,14.00,493.00,null,null,null
2023-09-13T06:44:07Z,20.62,60.61,99,0,30.74,102.13,14.00,493.00,null,null,null
2023-09-13T06:45:07Z,20.59,60.64,99,0,29.17,102.14,14.00,496.00,1,1,1
2023-09-13T06:46:07Z,20.62,60.59,99,0,30.29,102.14,13.00,488.00,null,null,null
2023-09-13T06:47:07Z,20.63,60.59,99,0,27.73,102.14,14.00,493.00,null,null,null
2023-09-13T06:48:07Z,20.62,60.60,99,0,28.01,102.14,14.00,496.00,null,null,null
2023-09-13T06:49:07Z,20.63,60.64,99,0,36.55,102.14,14.00,496.00,null,null,null
2023-09-13T06:50:07Z,20.63,60.53,99,0,27.22,102.14,14.00,496.00,0,0,0
2023-09-13T06:51:07Z,20.62,60.59,99,0,33.89,102.14,14.00,493.00,null,null,null
2023-09-13T06:52:07Z,20.63,60.54,99,0,34.06,102.15,14.00,496.00,null,null,null
2023-09-13T06:53:07Z,20.63,60.58,99,0,29.79,102.15,14.00,496.00,null,null,null
2023-09-13T06:54:07Z,20.62,60.58,99,0,33.30,102.15,14.00,496.00,null,null,null
2023-09-13T06:55:07Z,20.60,60.57,100,0,29.12,102.15,14.00,496.00,1,1,1
2023-09-13T06:56:07Z,20.63,60.64,99,0,34.92,102.15,14.00,493.00,null,null,null
2023-09-13T06:57:07Z,20.63,60.59,100,0,35.92,102.15,14.00,496.00,null,null,null
2023-09-13T06:58:07Z,20.64,60.66,100,0,37.38,102.16,14.00,496.00,null,null,null
2023-09-13T06:59:07Z,20.64,60.61,99,0,27.66,102.16,14.00,496.00,null,null,null
2023-09-13T07:00:07Z,20.66,60.65,99,0,45.30,102.16,15.00,501.00,1,1,1
2023-09-13T07:01:07Z,20.64,60.66,99,0,35.51,102.16,14.00,496.00,null,null,null
2023-09-13T07:02:07Z,20.68,60.58,99,0,43.38,102.16,15.00,501.00,null,null,null
2023-09-13T07:03:07Z,20.68,60.64,99,0,29.07,102.16,15.00,501.00,null,null,null
2023-09-13T07:04:07Z,20.68,60.65,99,0,29.41,102.16,15.00,501.00,null,null,null
2023-09-13T07:05:07Z,20.68,60.62,100,0,31.18,102.17,15.00,501.00,1,1,1
2023-09-13T07:06:07Z,20.69,60.61,99,0,33.64,102.17,15.00,501.00,null,null,null
2023-09-13T07:07:07Z,20.68,60.58,100,0,29.04,102.17,15.00,505.00,null,null,null
2023-09-13T07:08:07Z,20.70,60.59,99,0,30.46,102.17,15.00,505.00,null,null,null
2023-09-13T07:09:07Z,20.68,60.57,99,0,39.61,102.17,15.00,505.00,null,null,null
2023-09-13T07:10:07Z,20.70,60.59,99,0,30.47,102.17,15.00,505.00,0,0,0
2023-09-13T07:11:07Z,20.69,60.62,99,0,26.48,102.17,15.00,505.00,null,null,null
2023-09-13T07:12:07Z,20.69,60.57,99,0,39.73,102.17,15.00,505.00,null,null,null
2023-09-13T07:13:07Z,20.69,60.53,100,0,28.71,102.17,15.00,505.00,null,null,null
2023-09-13T07:14:07Z,20.69,60.56,99,0,26.43,102.17,15.00,505.00,null,null,null
2023-09-13T07:15:07Z,20.68,60.55,99,0,31.00,102.17,15.00,505.00,0,0,0
2023-09-13T07:16:07Z,20.66,60.55,99,0,36.25,102.17,15.00,505.00,null,null,null
2023-09-13T07:17:07Z,20.69,60.53,100,0,34.55,102.17,15.00,505.00,null,null,null
2023-09-13T07:18:07Z,20.64,60.54,99,0,32.01,102.17,15.00,505.00,null,null,null
2023-09-13T07:19:07Z,20.68,60.54,100,0,28.60,102.17,15.00,505.00,null,null,null
2023-09-13T07:20:07Z,20.66,60.54,100,0,30.72,102.17,15.00,505.00,0,0,0
2023-09-13T07:21:07Z,20.66,60.55,99,0,29.46,102.17,15.00,505.00,null,null,null
2023-09-13T07:22:07Z,20.66,60.46,99,0,33.10,102.17,15.00,501.00,null,null,null
2023-09-13T07:23:07Z,20.64,60.45,99,0,30.78,102.17,15.00,505.00,null,null,null
2023-09-13T07:24:07Z,20.66,60.53,99,0,27.64,102.17,15.00,505.00,null,null,null
2023-09-13T07:25:07Z,20.63,60.50,99,0,30.99,102.17,15.00,505.00,0,0,0
2023-09-13T07:26:07Z,20.63,60.50,100,0,35.28,102.17,15.00,501.00,null,null,null
2023-09-13T07:27:07Z,20.64,60.48,99,0,35.55,102.18,15.00,505.00,null,null,null
2023-09-13T07:28:07Z,20.62,60.50,99,0,31.58,102.17,15.00,505.00,null,null,null
2023-09-13T07:29:07Z,20.64,60.48,100,0,30.73,102.18,15.00,505.00,null,null,null
2023-09-13T07:30:07Z,20.62,60.49,100,0,35.56,102.17,15.00,505.00,0,0,0
2023-09-13T07:31:07Z,20.62,60.52,99,0,38.70,102.17,15.00,505.00,null,null,null
2023-09-13T07:32:07Z,20.62,60.46,100,0,29.71,102.16,15.00,505.00,null,null,null
2023-09-13T07:33:07Z,20.60,60.43,99,0,34.38,102.17,15.00,505.00,null,null,null
2023-09-13T07:34:07Z,20.57,60.49,99,0,30.38,102.16,15.00,505.00,null,null,null
2023-09-13T07:35:07Z,20.56,60.45,99,0,34.43,102.17,17.00,514.00,0,0,0
2023-09-13T07:36:07Z,20.62,67.03,99,0,57.46,102.16,17.00,514.00,null,null,null
2023-09-13T07:37:07Z,20.70,63.00,99,0,42.53,102.18,6.00,443.00,null,null,null
2023-09-13T07:38:07Z,20.75,62.45,100,0,42.75,102.18,12.00,481.00,null,null,null
2023-09-13T07:39:07Z,20.78,62.30,100,0,38.81,102.18,6.00,445.00,null,null,null
2023-09-13T07:40:07Z,20.83,62.23,99,0,36.96,102.19,7.00,448.00,1,1,1
2023-09-13T07:41:07Z,20.87,62.16,99,0,33.74,102.18,7.00,452.00,null,null,null
2023-09-13T07:42:07Z,20.91,62.12,99,0,36.25,102.18,7.00,452.00,null,null,null
2023-09-13T07:43:07Z,20.94,62.10,99,0,41.62,102.19,8.00,455.00,null,null,null
2023-09-13T07:44:07Z,20.97,62.04,99,0,46.28,102.18,8.00,455.00,null,null,null
2023-09-13T07:45:07Z,20.99,61.94,99,0,45.24,102.19,8.00,455.00,0,0,0
2023-09-13T07:46:07Z,21.03,61.76,99,0,38.86,102.19,7.00,452.00,null,null,null
2023-09-13T07:47:07Z,21.04,61.79,100,0,33.54,102.19,8.00,455.00,null,null,null
2023-09-13T07:48:07Z,21.07,61.78,99,0,34.46,102.19,8.00,459.00,null,null,null
2023-09-13T07:49:07Z,21.10,61.77,100,0,38.41,102.20,9.00,463.00,null,null,null
2023-09-13T07:50:07Z,21.11,61.78,99,0,44.99,102.20,10.00,466.00,7,9,9
2023-09-13T07:51:07Z,21.12,61.64,99,0,37.53,102.20,10.00,466.00,null,null,null
2023-09-13T07:52:07Z,21.17,61.63,99,0,43.02,102.20,12.00,480.00,null,null,null
2023-09-13T07:53:07Z,21.17,61.72,99,0,45.67,102.20,12.00,483.00,null,null,null
2023-09-13T07:54:07Z,21.20,61.65,99,0,43.50,102.20,14.00,492.00,null,null,null
2023-09-13T07:55:07Z,21.20,61.64,100,0,40.36,102.20,15.00,500.00,3,4,16
2023-09-13T07:56:07Z,21.23,61.77,99,0,31.23,102.20,15.00,500.00,null,null,null
2023-09-13T07:57:07Z,21.26,61.64,99,0,39.65,102.20,16.00,508.00,null,null,null
2023-09-13T07:58:07Z,21.27,61.76,99,0,40.89,102.20,17.00,514.00,null,null,null
2023-09-13T07:59:07Z,21.30,61.69,99,0,34.56,102.20,15.00,505.00,null,null,null
2023-09-13T08:00:07Z,21.31,61.68,99,0,30.72,102.21,17.00,514.00,1,1,1
2023-09-13T08:01:07Z,21.37,61.61,99,0,44.77,102.20,15.00,505.00,null,null,null
2023-09-13T08:02:07Z,21.37,61.45,99,0,34.79,102.20,18.00,519.00,null,null,null
2023-09-13T08:03:07Z,21.37,61.54,99,0,46.58,102.20,23.00,555.00,null,null,null
2023-09-13T08:04:07Z,21.38,61.56,99,0,52.80,102.20,23.00,555.00,null,null,null
2023-09-13T08:05:07Z,21.41,61.52,99,0,38.33,102.19,24.00,561.00,0,0,0
2023-09-13T08:06:07Z,21.44,61.50,99,0,34.47,102.19,25.00,565.00,null,null,null
2023-09-13T08:07:07Z,21.45,61.45,99,0,39.04,102.19,25.00,565.00,null,null,null
2023-09-13T08:08:07Z,21.49,61.42,100,0,32.48,102.20,25.00,565.00,null,null,null
2023-09-13T08:09:07Z,21.51,61.32,99,0,62.04,102.19,24.00,561.00,null,null,null
2023-09-13T08:10:07Z,21.51,61.27,100,0,64.54,102.20,25.00,565.00,1,1,1
2023-09-13T08:11:07Z,21.51,61.35,99,0,65.49,102.20,24.00,561.00,null,null,null
2023-09-13T08:12:07Z,21.55,61.21,100,0,64.43,102.20,23.00,555.00,null,null,null
2023-09-13T08:13:07Z,21.54,61.20,99,0,33.08,102.20,24.00,564.00,null,null,null
2023-09-13T08:14:07Z,21.55,61.20,100,0,32.41,102.20,24.00,564.00,null,null,null
2023-09-13T08:15:07Z,21.56,61.22,99,0,58.82,102.20,23.00,556.00,1,1,1
2023-09-13T08:16:07Z,21.56,61.14,100,0,60.39,102.21,23.00,556.00,null,null,null
2023-09-13T08:17:07Z,21.59,61.15,99,0,51.27,102.19,23.00,553.00,null,null,null
2023-09-13T08:18:07Z,21.56,61.02,99,0,49.95,102.20,23.00,553.00,null,null,null
2023-09-13T08:19:07Z,21.56,60.99,99,0,59.78,102.20,23.00,553.00,null,null,null
2023-09-13T08:20:07Z,21.56,61.06,99,0,69.64,102.20,23.00,553.00,0,0,0
2023-09-13T08:21:07Z,21.61,61.15,99,0,57.56,102.20,22.00,549.00,null,null,null
2023-09-13T08:22:07Z,21.61,61.15,99,0,62.15,102.20,22.00,549.00,null,null,null
2023-09-13T08:23:07Z,21.62,60.96,100,0,49.18,102.20,22.00,549.00,null,null,null
2023-09-13T08:24:07Z,21.61,61.07,99,0,59.01,102.21,21.00,543.00,null,null,null
2023-09-13T08:25:07Z,21.63,60.99,99,0,68.40,102.21,21.00,543.00,1,1,1
2023-09-13T08:26:07Z,21.62,61.04,99,0,57.79,102.21,21.00,543.00,null,null,null
2023-09-13T08:27:07Z,21.63,60.97,99,0,72.08,102.21,21.00,539.00,null,null,null
2023-09-13T08:28:07Z,21.61,61.04,100,0,62.93,102.21,21.00,543.00,null,null,null
2023-09-13T08:29:07Z,21.62,61.05,99,0,50.43,102.21,21.00,539.00,null,null,null
2023-09-13T08:30:07Z,21.59,61.06,99,0,63.28,102.21,21.00,543.00,1,1,1
2023-09-13T08:31:07Z,21.66,61.06,100,0,68.13,102.21,21.00,543.00,null,null,null
2023-09-13T08:32:07Z,21.65,61.01,100,0,37.07,102.21,21.00,543.00,null,null,null
2023-09-13T08:33:07Z,21.65,60.98,100,0,64.21,102.21,21.00,543.00,null,null,null
2023-09-13T08:34:07Z,21.63,60.92,99,0,62.28,102.21,21.00,543.00,null,null,null
2023-09-13T08:35:07Z,21.66,61.01,99,0,63.66,102.21,21.00,543.00,0,0,0
2023-09-13T08:36:07Z,21.66,61.01,99,0,54.93,102.21,21.00,543.00,null,null,null
2023-09-13T08:37:07Z,21.69,60.96,99,0,49.87,102.21,21.00,543.00,null,null,null
2023-09-13T08:38:07Z,21.72,60.90,99,0,49.76,102.21,21.00,543.00,null,null,null
2023-09-13T08:39:07Z,21.69,60.91,99,0,43.82,102.21,21.00,543.00,null,null,null
2023-09-13T08:40:07Z,21.72,61.01,99,0,56.41,102.21,22.00,549.00,0,0,0
2023-09-13T08:41:07Z,21.73,60.99,100,0,27.42,102.22,22.00,549.00,null,null,null
2023-09-13T08:42:07Z,21.73,60.94,100,0,51.72,102.22,22.00,549.00,null,null,null
2023-09-13T08:43:07Z,21.81,61.00,99,0,60.61,102.22,21.00,543.00,null,null,null
2023-09-13T08:44:07Z,21.78,60.93,99,0,54.52,102.22,14.00,497.00,null,null,null
2023-09-13T08:45:07Z,21.82,60.97,99,0,43.34,102.22,14.00,497.00,0,0,0
2023-09-13T08:46:07Z,21.82,60.85,100,0,58.30,102.22,13.00,491.00,null,null,null
2023-09-13T08:47:07Z,21.86,60.82,99,0,62.02,102.22,15.00,502.00,null,null,null
2023-09-13T08:48:07Z,21.85,60.77,99,0,54.20,102.22,17.00,518.00,null,null,null
2023-09-13T08:49:07Z,21.83,60.69,99,0,54.01,102.23,19.00,526.00,null,null,null
2023-09-13T08:50:07Z,21.88,60.78,99,0,61.31,102.23,19.00,531.00,0,0,0
2023-09-13T08:51:07Z,21.88,60.73,99,0,44.27,102.23,17.00,518.00,null,null,null
2023-09-13T08:52:07Z,21.89,60.73,99,0,57.71,102.23,19.00,529.00,null,null,null
2023-09-13T08:53:07Z,21.90,60.66,99,0,57.53,102.23,19.00,529.00,null,null,null
2023-09-13T08:54:07Z,21.90,60.62,99,0,32.16,102.23,19.00,529.00,null,null,null
2023-09-13T08:55:07Z,21.88,60.69,99,0,41.91,102.23,19.00,529.00,0,1,1
2023-09-13T08:56:07Z,21.88,60.65,99,0,31.25,102.24,18.00,519.00,null,null,null
2023-09-13T08:57:07Z,21.90,60.67,99,0,59.86,102.24,18.00,524.00,null,null,null
2023-09-13T08:58:07Z,21.90,60.71,99,0,56.42,102.24,17.00,517.00,null,null,null
2023-09-13T08:59:07Z,21.90,60.65,100,0,47.71,102.24,17.00,517.00,null,null,null
2023-09-13T09:00:07Z,21.92,60.73,99,0,48.50,102.24,17.00,517.00,1,1,1
2023-09-13T09:01:07Z,21.90,60.65,99,0,54.40,102.24,17.00,517.00,null,null,null
2023-09-13T09:02:07Z,21.90,60.60,99,0,35.53,102.24,17.00,517.00,null,null,null
2023-09-13T09:03:07Z,21.92,60.66,99,0,60.61,102.24,16.00,508.00,null,null,null
2023-09-13T09:04:07Z,21.92,60.72,99,0,59.80,102.25,17.00,517.00,null,null,null
2023-09-13T09:05:07Z,21.89,60.68,99,0,61.29,102.24,16.00,508.00,0,0,0
2023-09-13T09:06:07Z,21.90,60.55,99,0,52.99,102.25,16.00,508.00,null,null,null
2023-09-13T09:07:07Z,21.90,60.60,99,0,59.40,102.24,16.00,508.00,null,null,null
2023-09-13T09:08:07Z,21.90,60.56,99,0,48.70,102.24,15.00,502.00,null,null,null
2023-09-13T09:09:07Z,21.93,60.59,100,0,59.97,102.24,15.00,502.00,null,null,null
2023-09-13T09:10:07Z,21.89,60.63,99,0,63.37,102.24,15.00,502.00,1,1,1
2023-09-13T09:11:07Z,21.90,60.56,99,0,61.15,102.24,15.00,502.00,null,null,null
2023-09-13T09:12:07Z,21.95,60.41,99,0,61.27,102.24,14.00,498.00,null,null,null
2023-09-13T09:13:07Z,21.92,60.57,99,0,50.01,102.24,14.00,498.00,null,null,null
2023-09-13T09:14:07Z,21.93,60.58,99,0,51.45,102.24,14.00,498.00,null,null,null
2023-09-13T09:15:07Z,21.90,60.51,100,0,56.61,102.24,14.00,498.00,0,0,0
2023-09-13T09:16:07Z,21.92,60.50,99,0,59.85,102.25,14.00,496.00,null,null,null
2023-09-13T09:17:07Z,21.90,60.33,100,0,48.42,102.25,14.00,498.00,null,null,null
2023-09-13T09:18:07Z,21.90,60.34,99,0,66.85,102.25,14.00,496.00,null,null,null
2023-09-13T09:19:07Z,21.90,60.32,99,0,54.26,102.25,14.00,496.00,null,null,null
2023-09-13T09:20:07Z,21.90,60.34,100,0,63.73,102.25,14.00,496.00,2,2,2
2023-09-13T09:21:07Z,21.89,60.26,99,0,50.93,102.25,14.00,496.00,null,null,null
2023-09-13T09:22:07Z,21.89,60.43,99,0,61.26,102.25,14.00,496.00,null,null,null
2023-09-13T09:23:07Z,21.88,60.41,99,0,56.04,102.25,14.00,496.00,null,null,null
2023-09-13T09:24:07Z,21.89,60.52,99,0,59.70,102.26,13.00,491.00,null,null,null
2023-09-13T09:25:07Z,21.90,60.51,99,0,57.41,102.25,13.00,491.00,0,0,0
2023-09-13T09:26:07Z,21.92,60.44,100,0,60.67,102.25,13.00,491.00,null,null,null
2023-09-13T09:27:07Z,21.89,60.29,99,0,56.60,102.26,13.00,491.00,null,null,null
2023-09-13T09:28:07Z,21.90,60.29,99,0,50.66,102.25,14.00,496.00,null,null,null
2023-09-13T09:29:07Z,21.90,60.11,100,0,60.52,102.25,13.00,491.00,null,null,null
2023-09-13T09:30:07Z,21.92,60.33,100,0,53.91,102.26,14.00,495.00,0,0,0
2023-09-13T09:31:07Z,21.90,60.27,99,0,63.63,102.26,13.00,491.00,null,null,null
2023-09-13T09:32:07Z,21.90,60.29,99,0,59.24,102.26,13.00,491.00,null,null,null
2023-09-13T09:33:07Z,21.88,60.41,100,0,55.88,102.26,13.00,491.00,null,null,null
2023-09-13T09:34:07Z,21.90,60.40,99,0,55.55,102.26,13.00,491.00,null,null,null
2023-09-13T09:35:07Z,21.92,60.44,100,0,59.63,102.26,13.00,491.00,0,0,0
2023-09-13T09:36:07Z,21.90,60.42,100,0,40.87,102.26,13.00,491.00,null,null,null
2023-09-13T09:37:07Z,21.93,60.42,99,0,62.72,102.26,13.00,491.00,null,null,null
2023-09-13T09:38:07Z,22.25,61.95,99,19,53.20,102.25,13.00,486.00,null,null,null
