TIME,TEMP,HUM,BATT,LIGHT,NOISE_A,PRESS,CCS811_VOCS,CCS811_ECO2,PM_1,PM_25,PM_10
ISO 8601,C,%,%,Lux,dBA,kPa,ppb,ppm,ug/m3,ug/m3,ug/m3
Time,Temperature,Humidity,Battery,Light,Noise dBA,Barometric pressure,VOC Gas CCS811,eCO2 Gas CCS811,PM 1.0,PM 2.5,PM 10.0
,55,56,10,14,53,58,113,112,89,87,88
2023-09-18T00:00:03Z,23.14,70.48,100,0,38.70,100.34,24.00,564.00,0,0,0
2023-09-18T00:01:03Z,23.15,71.12,99,0,37.18,100.34,24.00,564.00,null,null,null
2023-09-18T00:02:03Z,23.14,70.81,99,0,35.34,100.34,23.00,556.00,null,null,null
2023-09-18T00:03:03Z,23.17,70.76,99,0,35.97,100.35,23.00,556.00,null,null,null
2023-09-18T00:04:03Z,23.14,70.68,99,0,34.98,100.35,23.00,556.00,null,null,null
2023-09-18T00:05:03Z,23.14,70.66,99,0,35.15,100.35,23.00,552.00,0,0,0
2023-09-18T00:06:03Z,23.15,71.17,99,0,36.14,100.35,23.00,552.00,null,null,null
2023-09-18T00:07:03Z,23.15,70.91,99,0,37.53,100.34,22.00,548.00,null,null,null
2023-09-18T00:08:03Z,23.14,70.81,99,0,34.66,100.34,22.00,548.00,null,null,null
2023-09-18T00:09:03Z,23.15,70.86,99,0,33.58,100.34,21.00,542.00,null,null,null
2023-09-18T00:10:03Z,23.15,70.88,99,0,32.66,100.33,21.00,542.00,0,0,0
2023-09-18T00:11:03Z,23.14,71.41,99,0,39.32,100.33,22.00,548.00,null,null,null
2023-09-18T00:12:03Z,23.15,71.07,99,0,34.24,100.33,21.00,542.00,null,null,null
2023-09-18T00:13:03Z,23.12,70.99,99,0,35.73,100.32,22.00,548.00,null,null,null
2023-09-18T00:14:03Z,23.11,71.00,99,0,35.52,100.32,21.00,542.00,null,null,null
2023-09-18T00:15:03Z,23.14,70.98,99,0,42.20,100.32,21.00,542.00,0,0,0
2023-09-18T00:16:03Z,23.11,71.50,99,0,36.17,100.31,21.00,539.00,null,null,null
2023-09-18T00:17:03Z,23.14,71.25,99,0,34.98,100.31,20.00,533.00,null,null,null
2023-09-18T00:18:03Z,23.11,71.10,99,0,31.84,100.31,20.00,533.00,null,null,null
2023-09-18T00:19:03Z,23.14,71.11,99,0,32.22,100.30,21.00,539.00,null,null,null
2023-09-18T00:20:03Z,23.14,71.02,99,0,27.97,100.30,21.00,539.00,0,0,0
2023-09-18T00:21:03Z,23.11,71.61,100,0,26.69,100.30,21.00,539.00,null,null,null
2023-09-18T00:22:03Z,23.12,71.26,99,0,27.16,100.28,20.00,533.00,null,null,null
2023-09-18T00:23:03Z,23.14,71.19,99,0,23.77,100.28,20.00,533.00,null,null,null
2023-09-18T00:24:03Z,23.12,71.15,99,0,27.66,100.27,21.00,539.00,null,null,null
2023-09-18T00:25:03Z,23.11,71.10,99,0,24.54,100.27,21.00,539.00,0,0,0
2023-09-18T00:26:03Z,23.11,71.56,99,0,24.11,100.26,21.00,539.00,null,null,null
2023-09-18T00:27:03Z,23.14,71.29,99,0,24.72,100.27,20.00,533.00,null,null,null
2023-09-18T00:28:03Z,23.11,71.17,99,0,21.34,100.27,19.00,527.00,null,null,null
2023-09-18T00:29:03Z,23.11,71.14,99,0,24.54,100.26,20.00,533.00,null,null,null
2023-09-18T00:30:03Z,23.11,71.13,99,0,22.94,100.26,20.00,533.00,0,0,0
2023-09-18T00:31:03Z,23.12,71.56,99,0,25.56,100.27,20.00,533.00,null,null,null
2023-09-18T00:32:03Z,23.12,71.26,99,0,22.83,100.27,20.00,533.00,null,null,null
2023-09-18T00:33:03Z,23.11,71.24,99,0,26.76,100.28,19.00,527.00,null,null,null
2023-09-18T00:34:03Z,23.11,71.15,99,0,29.16,100.27,20.00,533.00,null,null,null
2023-09-18T00:35:03Z,23.11,71.12,99,0,27.44,100.26,18.00,524.00,0,0,0
2023-09-18T00:36:03Z,23.10,71.52,100,0,32.29,100.26,20.00,533.00,null,null,null
2023-09-18T00:37:03Z,23.11,71.25,99,0,31.72,100.25,17.00,518.00,null,null,null
2023-09-18T00:38:03Z,23.11,71.19,99,0,32.53,100.25,19.00,527.00,null,null,null
2023-09-18T00:39:03Z,23.10,71.16,100,0,28.70,100.25,18.00,524.00,null,null,null
2023-09-18T00:40:03Z,23.11,71.11,99,0,32.20,100.25,18.00,524.00,0,0,0
2023-09-18T00:41:03Z,23.11,71.51,99,0,27.47,100.25,18.00,524.00,null,null,null
2023-09-18T00:42:03Z,23.10,71.27,100,0,29.96,100.25,17.00,518.00,null,null,null
2023-09-18T00:43:03Z,23.10,71.17,99,0,22.99,100.25,17.00,518.00,null,null,null
2023-09-18T00:44:03Z,23.07,71.18,100,0,35.11,100.24,18.00,520.00,null,null,null
2023-09-18T00:45:03Z,23.10,71.08,99,0,30.20,100.24,18.00,520.00,0,0,0
2023-09-18T00:46:03Z,23.08,71.54,100,0,27.42,100.23,18.00,520.00,null,null,null
2023-09-18T00:47:03Z,23.08,71.22,99,0,27.77,100.23,17.00,515.00,null,null,null
2023-09-18T00:48:03Z,23.07,71.17,99,0,27.59,100.22,18.00,520.00,null,null,null
2023-09-18T00:49:03Z,23.08,71.15,99,0,22.18,100.22,18.00,520.00,null,null,null
2023-09-18T00:50:03Z,23.08,71.11,99,0,22.61,100.22,18.00,520.00,0,0,0
2023-09-18T00:51:03Z,23.10,71.53,99,0,22.99,100.22,17.00,515.00,null,null,null
2023-09-18T00:52:03Z,23.08,71.28,100,0,21.71,100.23,15.00,505.00,null,null,null
2023-09-18T00:53:03Z,23.07,71.17,99,0,23.30,100.23,15.00,505.00,null,null,null
2023-09-18T00:54:03Z,23.08,71.10,99,0,30.73,100.23,15.00,505.00,null,null,null
2023-09-18T00:55:03Z,23.10,71.12,100,0,23.86,100.24,15.00,505.00,0,0,0
2023-09-18T00:56:03Z,23.07,71.46,99,0,27.18,100.23,17.00,515.00,null,null,null
2023-09-18T00:57:03Z,23.08,71.23,99,0,23.98,100.24,15.00,505.00,null,null,null
2023-09-18T00:58:03Z,23.08,71.14,99,0,23.49,100.23,17.00,515.00,null,null,null
2023-09-18T00:59:03Z,23.07,71.10,99,0,23.98,100.23,17.00,515.00,null,null,null
2023-09-18T01:00:03Z,23.06,71.13,99,0,21.85,100.23,15.00,505.00,0,0,0
2023-09-18T01:01:03Z,23.06,71.47,99,0,21.99,100.23,15.00,505.00,null,null,null
2023-09-18T01:02:03Z,23.04,71.23,99,0,22.99,100.22,15.00,505.00,null,null,null
2023-09-18T01:03:03Z,23.04,71.14,99,0,23.94,100.22,15.00,505.00,null,null,null
2023-09-18T01:04:03Z,23.04,71.09,99,0,22.55,100.22,15.00,505.00,null,null,null
2023-09-18T01:05:03Z,23.06,71.04,99,0,22.05,100.21,15.00,505.00,0,0,0
2023-09-18T01:06:03Z,23.04,71.43,100,0,22.94,100.21,17.00,515.00,null,null,null
2023-09-18T01:07:03Z,23.07,71.15,99,0,24.11,100.21,15.00,500.00,null,null,null
2023-09-18T01:08:03Z,23.03,71.16,99,0,22.99,100.21,15.00,505.00,null,null,null
2023-09-18T01:09:03Z,23.04,71.14,99,0,25.50,100.20,15.00,505.00,null,null,null
2023-09-18T01:10:03Z,23.03,71.08,99,0,23.94,100.21,15.00,505.00,0,0,0
2023-09-18T01:11:03Z,23.04,71.40,99,0,24.19,100.20,15.00,505.00,null,null,null
2023-09-18T01:12:03Z,23.03,71.17,100,0,24.72,100.21,14.00,496.00,null,null,null
2023-09-18T01:13:03Z,23.06,71.08,99,0,26.84,100.20,15.00,505.00,null,null,null
2023-09-18T01:14:03Z,23.03,71.08,99,0,26.29,100.20,15.00,501.00,null,null,null
2023-09-18T01:15:03Z,23.01,71.07,99,0,29.73,100.19,15.00,501.00,0,0,0
2023-09-18T01:16:03Z,23.04,71.34,99,0,29.20,100.19,15.00,501.00,null,null,null
2023-09-18T01:17:03Z,23.04,71.13,99,0,28.58,100.19,14.00,496.00,null,null,null
2023-09-18T01:18:03Z,23.01,71.07,99,0,30.44,100.19,14.00,495.00,null,null,null
2023-09-18T01:19:03Z,23.01,71.08,99,0,29.61,100.19,14.00,495.00,null,null,null
2023-09-18T01:20:03Z,23.01,71.01,99,0,26.82,100.18,14.00,495.00,0,0,0
2023-09-18T01:21:03Z,23.01,71.32,100,0,28.91,100.18,14.00,495.00,null,null,null
2023-09-18T01:22:03Z,23.01,71.13,99,0,27.71,100.18,13.00,488.00,null,null,null
2023-09-18T01:23:03Z,23.03,71.07,99,0,26.69,100.17,14.00,495.00,null,null,null
2023-09-18T01:24:03Z,23.03,71.04,99,0,26.21,100.16,12.00,485.00,null,null,null
2023-09-18T01:25:03Z,23.01,71.01,99,0,27.12,100.16,14.00,495.00,0,0,0
2023-09-18T01:26:03Z,23.01,71.28,99,0,26.31,100.15,12.00,485.00,null,null,null
2023-09-18T01:27:03Z,23.00,71.12,99,0,25.38,100.15,12.00,480.00,null,null,null
2023-09-18T01:28:03Z,23.03,71.01,99,0,30.46,100.14,12.00,485.00,null,null,null
2023-09-18T01:29:03Z,23.00,71.03,99,0,34.66,100.14,12.00,485.00,null,null,null
2023-09-18T01:30:03Z,23.00,71.01,99,0,30.16,100.13,12.00,485.00,0,0,0
2023-09-18T01:31:03Z,23.04,71.26,99,0,30.43,100.13,12.00,481.00,null,null,null
2023-09-18T01:32:03Z,23.00,71.07,99,0,29.65,100.13,11.00,476.00,null,null,null
2023-09-18T01:33:03Z,22.99,71.00,99,0,26.62,100.14,12.00,485.00,null,null,null
2023-09-18T01:34:03Z,22.99,70.99,99,0,25.32,100.13,12.00,481.00,null,null,null
2023-09-18T01:35:03Z,22.99,70.99,99,0,25.06,100.13,12.00,485.00,0,0,0
2023-09-18T01:36:03Z,23.01,71.24,99,0,25.13,100.13,12.00,485.00,null,null,null
2023-09-18T01:37:03Z,23.00,71.07,100,0,26.69,100.12,12.00,481.00,null,null,null
2023-09-18T01:38:03Z,22.99,70.99,99,0,23.68,100.12,12.00,481.00,null,null,null
2023-09-18T01:39:03Z,22.99,71.04,99,0,27.20,100.11,12.00,485.00,null,null,null
2023-09-18T01:40:03Z,22.97,70.95,99,0,24.39,100.10,12.00,481.00,0,0,0
2023-09-18T01:41:03Z,22.99,71.24,99,0,22.61,100.10,12.00,485.00,null,null,null
2023-09-18T01:42:03Z,22.97,71.07,99,0,24.76,100.10,12.00,481.00,null,null,null
2023-09-18T01:43:03Z,22.97,71.00,99,0,21.78,100.09,12.00,481.00,null,null,null
2023-09-18T01:44:03Z,22.96,70.97,100,0,24.11,100.09,11.00,475.00,null,null,null
2023-09-18T01:45:03Z,22.96,70.96,99,0,24.31,100.08,12.00,481.00,0,0,0
2023-09-18T01:46:03Z,22.96,71.22,99,0,24.83,100.08,11.00,475.00,null,null,null
2023-09-18T01:47:03Z,22.97,71.05,100,0,30.18,100.08,12.00,481.00,null,null,null
2023-09-18T01:48:03Z,22.97,71.00,99,0,28.45,100.08,12.00,481.00,null,null,null
2023-09-18T01:49:03Z,22.96,70.93,99,0,27.34,100.08,12.00,481.00,null,null,null
2023-09-18T01:50:03Z,22.93,70.92,99,0,29.00,100.07,11.00,475.00,0,0,0
2023-09-18T01:51:03Z,22.94,71.19,99,0,32.22,100.06,12.00,481.00,null,null,null
2023-09-18T01:52:03Z,22.94,71.02,99,0,29.32,100.06,12.00,481.00,null,null,null
2023-09-18T01:53:03Z,22.93,70.97,99,0,31.41,100.05,11.00,475.00,null,null,null
2023-09-18T01:54:03Z,22.93,70.95,99,0,32.05,100.05,11.00,475.00,null,null,null
2023-09-18T01:55:03Z,22.93,70.91,99,0,29.82,100.05,12.00,481.00,0,0,0
2023-09-18T01:56:03Z,22.96,71.23,99,0,28.80,100.05,10.00,466.00,null,null,null
2023-09-18T01:57:03Z,22.93,71.04,100,0,29.41,100.05,11.00,475.00,null,null,null
2023-09-18T01:58:03Z,22.93,71.02,100,0,31.73,100.05,10.00,466.00,null,null,null
2023-09-18T01:59:03Z,22.92,70.93,99,0,30.46,100.06,11.00,475.00,null,null,null
2023-09-18T02:00:03Z,22.92,70.98,99,0,26.48,100.06,11.00,475.00,0,0,0
2023-09-18T02:01:03Z,22.93,71.28,100,0,29.00,100.07,10.00,466.00,null,null,null
2023-09-18T02:02:03Z,22.90,71.10,99,0,27.97,100.08,8.00,459.00,null,null,null
2023-09-18T02:03:03Z,22.90,71.00,99,0,30.25,100.09,8.00,459.00,null,null,null
2023-09-18T02:04:03Z,22.93,71.00,99,0,27.45,100.10,10.00,466.00,null,null,null
2023-09-18T02:05:03Z,22.93,71.01,99,0,26.08,100.09,11.00,475.00,0,0,0
2023-09-18T02:06:03Z,22.92,71.30,99,0,22.72,100.09,9.00,463.00,null,null,null
2023-09-18T02:07:03Z,22.93,71.08,99,0,23.68,100.08,9.00,462.00,null,null,null
2023-09-18T02:08:03Z,22.90,71.07,99,0,27.16,100.08,10.00,466.00,null,null,null
2023-09-18T02:09:03Z,22.90,71.03,99,0,23.20,100.08,10.00,466.00,null,null,null
2023-09-18T02:10:03Z,22.89,71.05,99,0,25.03,100.08,10.00,466.00,0,0,0
2023-09-18T02:11:03Z,22.93,71.34,99,0,24.27,100.08,9.00,463.00,null,null,null
2023-09-18T02:12:03Z,22.92,71.17,99,0,25.53,100.07,10.00,466.00,null,null,null
2023-09-18T02:13:03Z,22.92,71.07,99,0,23.59,100.07,9.00,463.00,null,null,null
2023-09-18T02:14:03Z,22.90,71.04,100,0,23.81,100.06,9.00,463.00,null,null,null
2023-09-18T02:15:03Z,22.89,71.04,99,0,29.09,100.07,8.00,459.00,0,0,0
2023-09-18T02:16:03Z,22.89,71.36,100,0,21.85,100.07,10.00,466.00,null,null,null
2023-09-18T02:17:03Z,22.90,71.13,99,0,31.28,100.07,8.00,459.00,null,null,null
2023-09-18T02:18:03Z,22.89,71.10,99,0,24.65,100.07,9.00,463.00,null,null,null
2023-09-18T02:19:03Z,22.87,71.07,99,0,24.46,100.07,9.00,463.00,null,null,null
2023-09-18T02:20:03Z,22.87,71.09,99,0,25.79,100.07,9.00,463.00,0,0,0
2023-09-18T02:21:03Z,22.89,71.34,100,0,24.65,100.08,9.00,463.00,null,null,null
2023-09-18T02:22:03Z,22.89,71.17,99,0,28.64,100.08,8.00,459.00,null,null,null
2023-09-18T02:23:03Z,22.89,71.12,100,0,25.19,100.08,8.00,459.00,null,null,null
2023-09-18T02:24:03Z,22.87,71.10,99,0,23.15,100.07,9.00,463.00,null,null,null
2023-09-18T02:25:03Z,22.86,71.10,99,0,24.72,100.08,8.00,459.00,0,0,0
2023-09-18T02:26:03Z,22.87,71.38,99,0,25.16,100.07,8.00,459.00,null,null,null
2023-09-18T02:27:03Z,22.86,71.19,99,0,24.93,100.07,8.00,454.00,null,null,null
2023-09-18T02:28:03Z,22.86,71.14,99,0,26.73,100.08,8.00,459.00,null,null,null
2023-09-18T02:29:03Z,22.84,71.08,99,0,26.00,100.07,8.00,459.00,null,null,null
2023-09-18T02:30:03Z,22.83,71.05,100,0,24.58,100.07,8.00,459.00,0,0,0
2023-09-18T02:31:03Z,22.87,71.33,99,0,24.54,100.07,8.00,459.00,null,null,null
2023-09-18T02:32:03Z,22.83,71.15,99,0,23.15,100.07,7.00,448.00,null,null,null
2023-09-18T02:33:03Z,22.83,71.15,99,0,24.86,100.07,8.00,459.00,null,null,null
2023-09-18T02:34:03Z,22.86,71.04,100,0,24.68,100.07,8.00,459.00,null,null,null
2023-09-18T02:35:03Z,22.86,71.10,99,0,23.77,100.06,8.00,454.00,0,0,0
2023-09-18T02:36:03Z,22.80,71.32,99,0,22.94,100.07,8.00,454.00,null,null,null
2023-09-18T02:37:03Z,22.84,71.19,99,0,30.47,100.07,7.00,448.00,null,null,null
2023-09-18T02:38:03Z,22.84,71.09,99,0,22.72,100.07,7.00,448.00,null,null,null
2023-09-18T02:39:03Z,22.82,71.09,100,0,24.35,100.07,8.00,454.00,null,null,null
2023-09-18T02:40:03Z,22.83,71.06,99,0,23.35,100.06,8.00,454.00,0,0,0
2023-09-18T02:41:03Z,22.83,71.31,100,0,20.93,100.06,8.00,454.00,null,null,null
2023-09-18T02:42:03Z,22.83,71.12,99,0,23.98,100.06,7.00,448.00,null,null,null
2023-09-18T02:43:03Z,22.84,71.12,99,0,25.26,100.06,8.00,454.00,null,null,null
2023-09-18T02:44:03Z,22.83,71.09,100,0,23.05,100.06,8.00,454.00,null,null,null
2023-09-18T02:45:03Z,22.79,71.04,99,0,25.95,100.06,8.00,454.00,0,0,0
2023-09-18T02:46:03Z,22.80,71.30,99,0,23.63,100.06,8.00,454.00,null,null,null
2023-09-18T02:47:03Z,22.79,71.10,99,0,24.50,100.06,7.00,448.00,null,null,null
2023-09-18T02:48:03Z,22.82,71.05,100,0,22.55,100.06,8.00,454.00,null,null,null
2023-09-18T02:49:03Z,22.80,71.01,100,0,23.59,100.06,8.00,454.00,null,null,null
2023-09-18T02:50:03Z,22.79,71.05,99,0,23.90,100.05,8.00,454.00,0,0,0
2023-09-18T02:51:03Z,22.82,71.31,100,0,20.76,100.05,8.00,454.00,null,null,null
2023-09-18T02:52:03Z,22.76,71.14,99,0,27.02,100.05,6.00,444.00,null,null,null
2023-09-18T02:53:03Z,22.79,71.04,100,0,27.26,100.05,8.00,454.00,null,null,null
2023-09-18T02:54:03Z,22.80,71.02,100,0,24.27,100.05,7.00,448.00,null,null,null
2023-09-18T02:55:03Z,22.77,71.02,99,0,24.50,100.05,7.00,448.00,0,0,0
2023-09-18T02:56:03Z,22.79,71.26,99,0,23.72,100.06,7.00,448.00,null,null,null
2023-09-18T02:57:03Z,22.77,71.12,99,0,23.77,100.05,6.00,444.00,null,null,null
2023-09-18T02:58:03Z,22.77,71.03,99,0,23.63,100.05,7.00,448.00,null,null,null
2023-09-18T02:59:03Z,22.76,71.03,99,0,24.39,100.05,7.00,448.00,null,null,null
