TIME,TEMP,HUM,BATT,LIGHT,NOISE_A,PRESS,CCS811_VOCS,CCS811_ECO2,PM_1,PM_25,PM_10
ISO 8601,C,%,%,Lux,dBA,kPa,ppb,ppm,ug/m3,ug/m3,ug/m3
Time,Temperature,Humidity,Battery,Light,Noise dBA,Barometric pressure,VOC Gas CCS811,eCO2 Gas CCS811,PM 1.0,PM 2.5,PM 10.0
,55,56,10,14,53,58,113,112,89,87,88
2023-08-06T11:56:55Z,28.22,58.81,69,52,31.87,101.61,0.00,400.00,0,0,0
2023-08-06T11:57:55Z,28.01,50.18,71,193,36.41,101.63,0.00,400.00,null,null,null
2023-08-06T11:58:55Z,27.99,56.19,71,250,62.05,101.64,5.00,439.00,null,null,null
2023-08-06T11:59:55Z,27.84,56.06,71,0,59.86,101.66,0.00,400.00,null,null,null
2023-08-06T12:00:55Z,27.59,56.75,71,0,37.66,101.66,3.00,425.00,null,null,null
2023-08-06T12:01:55Z,27.30,57.42,72,0,51.79,101.67,1.00,411.00,0,0,0
2023-08-06T12:02:55Z,27.06,57.45,72,0,34.33,101.67,0.00,400.00,null,null,null
2023-08-06T12:03:55Z,26.85,58.23,72,0,23.86,101.67,5.00,434.00,null,null,null
2023-08-06T12:04:55Z,26.63,58.62,72,0,24.43,101.66,2.00,414.00,null,null,null
2023-08-06T12:05:55Z,26.47,58.94,72,0,26.26,101.66,3.00,420.00,null,null,null
2023-08-06T12:06:55Z,26.31,59.20,72,0,23.59,101.65,0.00,401.00,0,0,0
2023-08-06T12:07:55Z,26.16,58.88,72,0,25.22,101.66,0.00,400.00,null,null,null
2023-08-06T12:08:55Z,26.03,59.40,72,0,25.35,101.66,5.00,433.00,null,null,null
2023-08-06T12:09:55Z,25.89,59.67,72,0,27.24,101.65,2.00,418.00,null,null,null
2023-08-06T12:10:55Z,25.79,59.85,72,0,25.32,101.65,1.00,409.00,null,null,null
2023-08-06T12:11:55Z,25.68,59.98,72,0,22.43,101.64,0.00,400.00,0,0,0
2023-08-06T12:12:55Z,25.58,59.66,72,0,34.33,101.65,2.00,416.00,null,null,null
2023-08-06T12:13:55Z,25.46,60.05,72,0,24.07,101.65,3.00,421.00,null,null,null
2023-08-06T12:14:55Z,25.34,60.23,72,0,34.44,101.64,1.00,407.00,null,null,null
2023-08-06T12:15:55Z,25.27,60.40,72,0,33.60,101.64,0.00,401.00,null,null,null
2023-08-06T12:16:55Z,25.17,60.54,72,0,25.26,101.64,0.00,400.00,0,0,0
2023-08-06T12:17:55Z,25.09,60.18,72,0,32.29,101.64,2.00,418.00,null,null,null
2023-08-06T12:18:55Z,24.99,60.55,72,0,33.60,101.63,2.00,418.00,null,null,null
2023-08-06T12:19:55Z,24.91,60.73,72,0,25.98,101.64,0.00,400.00,null,null,null
2023-08-06T12:20:55Z,24.79,60.81,72,0,23.94,101.63,0.00,400.00,null,null,null
2023-08-06T12:21:55Z,24.72,60.94,71,0,27.85,101.63,0.00,400.00,0,0,0
2023-08-06T12:22:55Z,24.68,60.60,72,0,26.62,101.63,0.00,400.00,null,null,null
2023-08-06T12:23:55Z,24.58,60.93,72,0,37.86,101.62,0.00,400.00,null,null,null
2023-08-06T12:24:55Z,24.50,61.07,71,0,23.94,101.62,0.00,400.00,null,null,null
2023-08-06T12:25:55Z,24.46,61.17,71,0,27.47,101.62,0.00,400.00,null,null,null
2023-08-06T12:26:55Z,24.36,61.31,72,0,31.76,101.62,0.00,400.00,0,0,0
2023-08-06T12:27:55Z,24.29,61.00,71,0,25.70,101.63,0.00,400.00,null,null,null
2023-08-06T12:28:55Z,24.23,61.33,71,0,38.50,101.63,0.00,400.00,null,null,null
2023-08-06T12:29:55Z,24.14,61.46,72,0,27.14,101.64,0.00,400.00,null,null,null
2023-08-06T12:30:55Z,24.07,61.61,71,0,36.27,101.66,2.00,417.00,null,null,null
2023-08-06T12:31:55Z,24.00,61.74,71,0,28.19,101.67,0.00,400.00,0,0,0
2023-08-06T12:32:55Z,23.93,61.51,71,0,29.68,101.65,0.00,400.00,null,null,null
2023-08-06T12:33:55Z,23.85,61.81,71,0,33.74,101.65,0.00,400.00,null,null,null
2023-08-06T12:34:55Z,23.79,61.95,72,0,32.03,101.65,0.00,400.00,null,null,null
2023-08-06T12:35:55Z,23.75,62.08,72,0,23.54,101.65,0.00,400.00,null,null,null
2023-08-06T12:36:55Z,23.68,62.16,71,0,33.48,101.66,0.00,400.00,0,0,0
2023-08-06T12:37:55Z,23.62,62.00,72,0,31.75,101.66,0.00,400.00,null,null,null
2023-08-06T12:38:55Z,23.57,62.20,71,0,27.85,101.66,0.00,400.00,null,null,null
2023-08-06T12:39:55Z,23.50,62.36,72,0,24.50,101.65,0.00,400.00,null,null,null
2023-08-06T12:40:55Z,23.45,62.42,71,0,34.45,101.65,0.00,400.00,null,null,null
2023-08-06T12:41:55Z,23.38,62.52,72,0,33.23,101.65,0.00,400.00,0,0,0
2023-08-06T12:42:55Z,23.34,62.30,71,0,29.65,101.66,0.00,400.00,null,null,null
2023-08-06T12:43:55Z,23.30,62.57,71,0,35.37,101.66,0.00,400.00,null,null,null
2023-08-06T12:44:55Z,23.26,62.65,71,0,36.31,101.66,0.00,400.00,null,null,null
2023-08-06T12:45:55Z,23.20,62.75,72,0,32.73,101.66,0.00,400.00,null,null,null
2023-08-06T12:46:55Z,23.16,62.79,71,0,29.20,101.66,2.00,415.00,0,0,0
2023-08-06T12:47:55Z,23.12,62.63,71,0,29.58,101.67,0.00,400.00,null,null,null
2023-08-06T12:48:55Z,23.07,62.86,71,0,33.90,101.67,0.00,400.00,null,null,null
2023-08-06T12:49:55Z,23.05,62.90,71,0,39.05,101.67,0.00,400.00,null,null,null
2023-08-06T12:50:55Z,23.00,63.08,71,0,31.13,101.66,0.00,400.00,null,null,null
2023-08-06T12:51:55Z,22.96,63.12,72,0,29.31,101.66,0.00,400.00,0,0,0
2023-08-06T12:52:55Z,22.93,62.86,71,0,35.26,101.66,0.00,400.00,null,null,null
2023-08-06T12:53:55Z,22.89,63.04,71,0,32.24,101.67,0.00,400.00,null,null,null
2023-08-06T12:54:55Z,22.86,63.19,71,0,35.91,101.67,0.00,400.00,null,null,null
2023-08-06T12:55:55Z,22.82,63.26,71,0,23.77,101.66,0.00,400.00,null,null,null
2023-08-06T12:56:55Z,22.81,63.35,71,0,30.05,101.66,0.00,400.00,0,0,0
2023-08-06T12:57:55Z,22.79,63.11,71,0,31.60,101.66,0.00,400.00,null,null,null
2023-08-06T12:58:55Z,22.75,63.35,71,0,22.99,101.66,0.00,400.00,null,null,null
2023-08-06T12:59:55Z,22.71,63.41,71,0,29.08,101.66,0.00,400.00,null,null,null
2023-08-06T13:00:55Z,22.69,63.51,71,0,30.56,101.66,0.00,402.00,null,null,null
2023-08-06T13:01:55Z,22.68,63.54,71,0,26.87,101.66,0.00,400.00,0,0,0
2023-08-06T13:02:55Z,22.65,63.30,71,0,29.60,101.67,0.00,400.00,null,null,null
2023-08-06T13:03:55Z,22.61,63.53,71,0,34.11,101.66,0.00,400.00,null,null,null
2023-08-06T13:04:55Z,22.61,63.63,71,0,33.32,101.65,0.00,400.00,null,null,null
2023-08-06T13:05:55Z,22.59,63.72,71,0,28.76,101.66,0.00,400.00,null,null,null
2023-08-06T13:06:55Z,22.55,63.77,71,0,58.75,101.66,0.00,400.00,0,0,0
2023-08-06T13:07:55Z,22.54,63.69,71,0,35.10,101.66,0.00,400.00,null,null,null
2023-08-06T13:08:55Z,22.52,63.84,71,0,35.46,101.66,0.00,400.00,null,null,null
2023-08-06T13:09:55Z,22.51,63.99,71,0,35.10,101.66,0.00,400.00,null,null,null
2023-08-06T13:10:55Z,22.47,64.11,71,0,45.50,101.65,0.00,400.00,null,null,null
2023-08-06T13:11:55Z,22.47,64.21,71,0,40.07,101.66,0.00,400.00,0,0,0
2023-08-06T13:12:55Z,22.47,64.17,71,0,30.91,101.66,0.00,400.00,null,null,null
2023-08-06T13:13:55Z,22.44,64.26,71,0,45.88,101.66,0.00,400.00,null,null,null
2023-08-06T13:14:55Z,22.42,64.30,71,0,33.64,101.66,0.00,400.00,null,null,null
2023-08-06T13:15:55Z,22.44,64.40,71,0,34.79,101.67,0.00,400.00,null,null,null
2023-08-06T13:16:55Z,22.38,64.48,71,0,57.63,101.67,0.00,400.00,0,0,0
2023-08-06T13:17:55Z,22.35,64.36,71,0,33.39,101.66,0.00,400.00,null,null,null
2023-08-06T13:18:55Z,22.37,64.49,71,0,39.05,101.67,0.00,400.00,null,null,null
2023-08-06T13:19:55Z,22.37,64.55,71,0,44.48,101.66,0.00,400.00,null,null,null
2023-08-06T13:20:55Z,22.33,64.62,71,0,35.97,101.67,0.00,400.00,null,null,null
2023-08-06T13:21:55Z,22.33,64.67,71,0,26.06,101.66,0.00,400.00,0,0,0
2023-08-06T13:22:55Z,22.33,64.59,71,0,33.66,101.67,0.00,400.00,null,null,null
2023-08-06T13:23:55Z,22.31,64.71,71,0,29.86,101.66,0.00,400.00,null,null,null
2023-08-06T13:24:55Z,22.33,64.73,71,0,36.46,101.66,0.00,400.00,null,null,null
2023-08-06T13:25:55Z,22.27,64.79,71,0,24.27,101.66,0.00,400.00,null,null,null
2023-08-06T13:26:55Z,22.27,64.84,71,0,31.07,101.66,0.00,400.00,0,0,0
2023-08-06T13:27:55Z,22.26,64.71,71,0,37.36,101.66,0.00,400.00,null,null,null
2023-08-06T13:28:55Z,22.26,64.85,71,0,50.19,101.66,0.00,400.00,null,null,null
2023-08-06T13:29:55Z,22.27,64.87,71,0,27.71,101.66,0.00,400.00,null,null,null
2023-08-06T13:30:55Z,22.24,64.94,71,0,26.57,101.66,0.00,400.00,null,null,null
2023-08-06T13:31:55Z,22.26,64.96,71,0,24.68,101.66,3.00,426.00,0,0,0
2023-08-06T13:32:55Z,22.24,64.87,71,0,25.19,101.66,0.00,400.00,null,null,null
2023-08-06T13:33:55Z,22.22,64.94,71,0,28.88,101.66,3.00,426.00,null,null,null
2023-08-06T13:34:55Z,22.22,65.03,71,0,29.94,101.66,3.00,421.00,null,null,null
2023-08-06T13:35:55Z,22.20,65.03,71,0,29.92,101.66,3.00,421.00,null,null,null
2023-08-06T13:36:55Z,22.22,65.04,71,0,30.01,101.66,1.00,409.00,0,0,0
2023-08-06T13:37:55Z,22.20,64.98,71,0,25.29,101.66,0.00,401.00,null,null,null
2023-08-06T13:38:55Z,22.20,65.04,71,0,36.01,101.66,0.00,400.00,null,null,null
2023-08-06T13:39:55Z,22.19,65.13,71,0,22.66,101.66,0.00,400.00,null,null,null
2023-08-06T13:40:55Z,22.17,65.14,71,0,39.76,101.66,0.00,400.00,null,null,null
2023-08-06T13:41:55Z,22.19,65.19,71,0,35.95,101.67,0.00,400.00,0,0,0
2023-08-06T13:42:55Z,22.17,65.06,71,0,42.56,101.67,0.00,400.00,null,null,null
2023-08-06T13:43:55Z,22.17,65.16,71,0,41.93,101.67,0.00,400.00,null,null,null
2023-08-06T13:44:55Z,22.20,65.16,71,0,30.07,101.67,0.00,400.00,null,null,null
2023-08-06T13:45:55Z,22.17,65.22,71,0,31.94,101.68,0.00,400.00,null,null,null
2023-08-06T13:46:55Z,22.16,65.27,71,0,28.83,101.67,0.00,400.00,0,0,0
2023-08-06T13:47:55Z,22.14,65.01,71,0,57.03,101.67,0.00,400.00,null,null,null
2023-08-06T13:48:55Z,22.16,65.16,71,0,62.71,101.67,0.00,401.00,null,null,null
2023-08-06T13:49:55Z,22.16,65.21,71,0,40.36,101.67,0.00,400.00,null,null,null
2023-08-06T13:50:55Z,22.14,65.22,71,0,28.44,101.67,0.00,400.00,null,null,null
2023-08-06T13:51:55Z,22.14,65.26,71,0,31.36,101.66,0.00,400.00,0,0,0
2023-08-06T13:52:55Z,22.13,65.10,71,0,26.97,101.67,0.00,400.00,null,null,null
2023-08-06T13:53:55Z,22.16,65.19,71,0,33.16,101.67,0.00,400.00,null,null,null
2023-08-06T13:54:55Z,22.13,65.23,71,0,42.33,101.67,0.00,400.00,null,null,null
2023-08-06T13:55:55Z,22.14,65.23,71,0,27.06,101.67,0.00,400.00,null,null,null
2023-08-06T13:56:55Z,22.13,65.25,71,0,28.48,101.66,0.00,400.00,0,0,0
2023-08-06T13:57:55Z,22.12,64.98,71,0,27.68,101.67,0.00,400.00,null,null,null
2023-08-06T13:58:55Z,22.13,65.13,71,0,40.06,101.67,0.00,400.00,null,null,null
2023-08-06T13:59:55Z,22.13,65.16,71,0,25.50,101.66,0.00,400.00,null,null,null
2023-08-06T14:00:55Z,22.10,65.20,71,0,37.00,101.66,0.00,400.00,null,null,null
2023-08-06T14:01:55Z,22.10,65.20,71,0,24.68,101.67,0.00,400.00,0,0,0
2023-08-06T14:02:55Z,22.12,65.09,71,0,34.67,101.67,0.00,400.00,null,null,null
2023-08-06T14:03:55Z,22.09,65.19,71,0,26.64,101.66,0.00,400.00,null,null,null
2023-08-06T14:04:55Z,22.12,65.24,71,0,32.67,101.66,0.00,400.00,null,null,null
2023-08-06T14:05:55Z,22.10,65.21,71,0,29.32,101.66,0.00,400.00,null,null,null
2023-08-06T14:06:55Z,22.07,65.26,71,0,46.30,101.66,0.00,400.00,0,0,0
2023-08-06T14:07:55Z,22.10,65.05,71,0,29.81,101.67,0.00,400.00,null,null,null
2023-08-06T14:08:55Z,22.09,65.19,71,0,28.37,101.66,0.00,400.00,null,null,null
2023-08-06T14:09:55Z,22.09,65.23,71,0,36.61,101.66,0.00,406.00,null,null,null
2023-08-06T14:10:55Z,22.07,65.26,71,0,35.00,101.66,0.00,400.00,null,null,null
2023-08-06T14:11:55Z,22.09,65.28,71,0,33.25,101.66,0.00,400.00,0,0,0
2023-08-06T14:12:55Z,22.09,65.08,71,0,26.69,101.66,0.00,400.00,null,null,null
2023-08-06T14:13:55Z,22.10,65.21,71,0,28.48,101.66,0.00,400.00,null,null,null
2023-08-06T14:14:55Z,22.07,65.27,71,0,37.58,101.66,0.00,400.00,null,null,null
2023-08-06T14:15:55Z,22.09,65.26,71,0,35.30,101.66,0.00,400.00,null,null,null
2023-08-06T14:16:55Z,22.10,65.27,71,0,29.55,101.66,0.00,400.00,0,0,0
2023-08-06T14:17:55Z,22.06,65.15,71,0,60.14,101.66,0.00,400.00,null,null,null
2023-08-06T14:18:55Z,22.09,65.26,71,0,63.92,101.66,0.00,400.00,null,null,null
2023-08-06T14:19:55Z,22.09,65.27,71,0,26.29,101.66,0.00,400.00,null,null,null
2023-08-06T14:20:55Z,22.07,65.31,71,0,36.48,101.66,0.00,400.00,null,null,null
2023-08-06T14:21:55Z,22.07,65.33,71,0,27.45,101.66,0.00,400.00,0,0,0
2023-08-06T14:22:55Z,22.07,65.09,71,0,29.88,101.66,0.00,400.00,null,null,null
2023-08-06T14:23:55Z,22.07,65.23,71,0,32.44,101.66,0.00,400.00,null,null,null
2023-08-06T14:24:55Z,22.09,65.29,71,0,36.33,101.65,0.00,400.00,null,null,null
2023-08-06T14:25:55Z,22.06,65.26,71,0,54.03,101.65,0.00,400.00,null,null,null
2023-08-06T14:26:55Z,22.09,65.23,71,0,45.71,101.65,0.00,400.00,0,0,0
2023-08-06T14:27:55Z,22.07,64.97,71,0,46.63,101.65,0.00,400.00,null,null,null
2023-08-06T14:28:55Z,22.09,65.13,71,0,47.82,101.66,0.00,400.00,null,null,null
2023-08-06T14:29:55Z,22.09,65.14,71,0,29.32,101.66,0.00,402.00,null,null,null
2023-08-06T14:30:55Z,22.07,65.15,71,0,33.37,101.66,0.00,400.00,null,null,null
2023-08-06T14:31:55Z,22.04,65.21,71,0,38.37,101.66,0.00,400.00,0,0,0
2023-08-06T14:32:55Z,22.07,64.91,70,0,30.11,101.65,1.00,409.00,null,null,null
2023-08-06T14:33:55Z,22.07,65.05,71,0,35.51,101.66,0.00,400.00,null,null,null
2023-08-06T14:34:55Z,22.06,65.10,71,0,32.59,101.66,0.00,406.00,null,null,null
2023-08-06T14:35:55Z,22.09,65.08,71,0,35.53,101.66,0.00,400.00,null,null,null
2023-08-06T14:36:55Z,22.04,65.16,71,0,36.51,101.66,0.00,400.00,0,0,0
2023-08-06T14:37:55Z,22.07,64.92,71,0,23.49,101.66,0.00,400.00,null,null,null
2023-08-06T14:38:55Z,22.09,65.02,71,0,26.00,101.66,0.00,400.00,null,null,null
2023-08-06T14:39:55Z,22.06,65.13,71,0,30.42,101.66,0.00,400.00,null,null,null
2023-08-06T14:40:55Z,22.10,65.07,71,0,32.53,101.66,0.00,400.00,null,null,null
2023-08-06T14:41:55Z,22.09,65.07,71,0,32.28,101.67,0.00,400.00,0,0,0
2023-08-06T14:42:55Z,22.07,64.88,70,0,30.40,101.66,0.00,400.00,null,null,null
2023-08-06T14:43:55Z,22.06,64.96,71,0,27.92,101.67,0.00,400.00,null,null,null
2023-08-06T14:44:55Z,22.09,65.03,70,0,30.10,101.66,0.00,400.00,null,null,null
2023-08-06T14:45:55Z,22.09,65.03,70,0,35.12,101.67,0.00,400.00,null,null,null
2023-08-06T14:46:55Z,22.04,65.08,71,0,32.90,101.67,0.00,400.00,0,0,0
2023-08-06T14:47:55Z,22.04,64.87,70,0,31.76,101.68,0.00,400.00,null,null,null
2023-08-06T14:48:55Z,22.10,64.98,70,0,26.57,101.68,0.00,400.00,null,null,null
2023-08-06T14:49:55Z,22.09,64.98,70,0,25.09,101.67,0.00,400.00,null,null,null
2023-08-06T14:50:55Z,22.07,65.07,70,0,28.11,101.68,0.00,400.00,null,null,null
2023-08-06T14:51:55Z,22.09,65.04,71,0,26.89,101.67,0.00,400.00,0,0,0
2023-08-06T14:52:55Z,22.07,64.81,70,0,25.98,101.67,0.00,400.00,null,null,null
2023-08-06T14:53:55Z,22.04,64.95,70,0,27.85,101.67,0.00,400.00,null,null,null
2023-08-06T14:54:55Z,22.06,64.98,70,0,30.68,101.67,0.00,400.00,null,null,null
2023-08-06T14:55:55Z,22.07,65.01,71,0,31.02,101.68,0.00,400.00,null,null,null
2023-08-06T14:56:55Z,22.07,64.97,70,0,28.61,101.66,0.00,400.00,0,0,0
2023-08-06T14:57:55Z,22.07,64.78,70,0,30.11,101.67,0.00,400.00,null,null,null
2023-08-06T14:58:55Z,22.10,64.88,70,0,30.31,101.67,0.00,403.00,null,null,null
2023-08-06T14:59:55Z,22.07,64.95,70,0,27.92,101.67,0.00,400.00,null,null,null
2023-08-06T15:00:55Z,22.06,64.90,70,0,27.49,101.67,0.00,400.00,null,null,null
2023-08-06T15:01:55Z,22.06,64.90,70,0,28.73,101.67,0.00,400.00,0,0,0
2023-08-06T15:02:55Z,22.07,64.49,70,0,24.19,101.67,0.00,400.00,null,null,null
2023-08-06T15:03:55Z,22.07,64.72,70,0,34.16,101.67,0.00,401.00,null,null,null
2023-08-06T15:04:55Z,22.06,64.72,70,0,25.59,101.67,0.00,400.00,null,null,null
2023-08-06T15:05:55Z,22.07,64.75,70,0,27.12,101.67,0.00,401.00,null,null,null
2023-08-06T15:06:55Z,22.04,64.76,70,0,28.31,101.67,0.00,400.00,0,0,0
2023-08-06T15:07:55Z,22.06,64.47,70,0,35.19,101.67,0.00,400.00,null,null,null
2023-08-06T15:08:55Z,22.07,64.66,70,0,26.36,101.67,0.00,405.00,null,null,null
2023-08-06T15:09:55Z,22.09,64.69,70,0,31.90,101.66,0.00,400.00,null,null,null
2023-08-06T15:10:55Z,22.09,64.68,70,0,26.34,101.67,0.00,401.00,null,null,null
2023-08-06T15:11:55Z,22.06,64.72,70,0,25.44,101.67,0.00,401.00,0,0,0
2023-08-06T15:12:55Z,22.06,64.46,70,0,27.75,101.67,0.00,400.00,null,null,null
2023-08-06T15:13:55Z,22.06,64.60,70,0,25.76,101.66,0.00,400.00,null,null,null
2023-08-06T15:14:55Z,22.07,64.60,70,0,33.04,101.66,0.00,406.00,null,null,null
2023-08-06T15:15:55Z,22.07,64.62,70,0,29.17,101.66,0.00,400.00,null,null,null
2023-08-06T15:16:55Z,22.06,64.62,70,0,35.50,101.67,0.00,401.00,0,0,0
2023-08-06T15:17:55Z,22.06,64.19,70,0,28.47,101.66,0.00,400.00,null,null,null
2023-08-06T15:18:55Z,22.04,64.39,70,0,31.41,101.65,0.00,400.00,null,null,null
2023-08-06T15:19:55Z,22.04,64.44,70,0,28.67,101.66,0.00,403.00,null,null,null
2023-08-06T15:20:55Z,22.06,64.49,70,0,33.16,101.66,0.00,402.00,null,null,null
2023-08-06T15:21:55Z,22.06,64.53,70,0,27.49,101.66,0.00,400.00,0,0,0
2023-08-06T15:22:55Z,22.06,64.31,70,0,26.31,101.66,0.00,400.00,null,null,null
2023-08-06T15:23:55Z,22.06,64.45,70,0,31.32,101.67,0.00,400.00,null,null,null
2023-08-06T15:24:55Z,22.07,64.47,70,0,26.71,101.66,0.00,406.00,null,null,null
2023-08-06T15:25:55Z,22.06,64.43,70,0,25.90,101.66,0.00,401.00,null,null,null
2023-08-06T15:26:55Z,22.04,64.51,70,0,28.68,101.66,0.00,400.00,0,0,0
2023-08-06T15:27:55Z,22.04,64.21,70,0,26.31,101.66,0.00,400.00,null,null,null
2023-08-06T15:28:55Z,22.06,64.42,70,0,25.95,101.67,0.00,401.00,null,null,null
2023-08-06T15:29:55Z,22.06,64.45,70,0,31.13,101.66,0.00,400.00,null,null,null
2023-08-06T15:30:55Z,22.06,64.49,70,0,29.80,101.66,0.00,403.00,null,null,null
2023-08-06T15:31:55Z,22.04,64.51,70,0,33.17,101.66,0.00,400.00,0,0,0
2023-08-06T15:32:55Z,22.04,64.35,70,0,28.51,101.66,0.00,400.00,null,null,null
2023-08-06T15:33:55Z,22.06,64.43,70,0,34.84,101.67,0.00,401.00,null,null,null
2023-08-06T15:34:55Z,22.06,64.49,70,0,23.35,101.66,0.00,400.00,null,null,null
2023-08-06T15:35:55Z,22.02,64.54,70,0,26.34,101.66,0.00,400.00,null,null,null
2023-08-06T15:36:55Z,22.04,64.54,70,0,28.31,101.66,0.00,403.00,0,0,0
2023-08-06T15:37:55Z,22.03,64.38,70,0,30.07,101.66,0.00,400.00,null,null,null
2023-08-06T15:38:55Z,22.04,64.47,70,0,25.47,101.66,0.00,401.00,null,null,null
2023-08-06T15:39:55Z,22.04,64.54,70,0,27.53,101.66,0.00,401.00,null,null,null
2023-08-06T15:40:55Z,22.03,64.50,70,0,34.12,101.65,0.00,400.00,null,null,null
2023-08-06T15:41:55Z,22.03,64.49,70,0,33.26,101.65,0.00,400.00,0,0,0
2023-08-06T15:42:55Z,22.04,64.27,70,0,33.13,101.66,0.00,400.00,null,null,null
2023-08-06T15:43:55Z,22.06,64.44,70,0,30.52,101.66,0.00,400.00,null,null,null
2023-08-06T15:44:55Z,22.06,64.50,70,0,31.96,101.67,0.00,406.00,null,null,null
2023-08-06T15:45:55Z,22.06,64.48,70,0,34.28,101.67,0.00,406.00,null,null,null
2023-08-06T15:46:55Z,22.04,64.48,70,0,30.59,101.66,0.00,405.00,0,0,0
2023-08-06T15:47:55Z,22.06,64.26,70,0,25.76,101.67,0.00,400.00,null,null,null
2023-08-06T15:48:55Z,22.04,64.39,70,0,32.44,101.67,0.00,400.00,null,null,null
2023-08-06T15:49:55Z,22.06,64.44,70,0,26.57,101.67,0.00,406.00,null,null,null
2023-08-06T15:50:55Z,22.06,64.47,70,0,32.79,101.68,0.00,401.00,null,null,null
2023-08-06T15:51:55Z,22.06,64.49,70,0,36.70,101.68,0.00,403.00,0,0,0
2023-08-06T15:52:55Z,22.06,64.17,70,0,35.08,101.67,0.00,400.00,null,null,null
2023-08-06T15:53:55Z,22.03,64.35,70,0,31.25,101.68,0.00,403.00,null,null,null
2023-08-06T15:54:55Z,22.06,64.43,70,0,25.44,101.68,0.00,406.00,null,null,null
2023-08-06T15:55:55Z,22.04,64.45,70,0,22.78,101.68,0.00,400.00,null,null,null
2023-08-06T15:56:55Z,22.06,64.45,70,0,25.26,101.67,0.00,400.00,0,0,0
2023-08-06T15:57:55Z,22.03,64.22,70,0,27.90,101.67,0.00,400.00,null,null,null
2023-08-06T15:58:55Z,22.06,64.38,70,0,32.94,101.67,0.00,400.00,null,null,null
2023-08-06T15:59:55Z,22.04,64.41,70,0,25.67,101.67,0.00,402.00,null,null,null
2023-08-06T16:00:55Z,22.04,64.41,70,0,25.56,101.68,0.00,403.00,null,null,null
2023-08-06T16:01:55Z,22.04,64.43,70,0,27.02,101.68,0.00,400.00,0,0,0
2023-08-06T16:02:55Z,22.06,64.26,70,0,33.28,101.67,0.00,400.00,null,null,null
2023-08-06T16:03:55Z,22.06,64.38,70,0,27.14,101.68,0.00,400.00,null,null,null
2023-08-06T16:04:55Z,22.04,64.41,70,0,34.76,101.67,0.00,401.00,null,null,null
2023-08-06T16:05:55Z,22.04,64.36,70,0,25.92,101.68,0.00,400.00,null,null,null
2023-08-06T16:06:55Z,22.06,64.33,70,0,33.45,101.68,0.00,400.00,0,0,0
2023-08-06T16:07:55Z,22.04,64.08,70,0,25.29,101.68,0.00,400.00,null,null,null
2023-08-06T16:08:55Z,22.06,64.22,70,0,32.18,101.68,0.00,405.00,null,null,null
2023-08-06T16:09:55Z,22.06,64.28,70,0,23.05,101.68,0.00,403.00,null,null,null
2023-08-06T16:10:55Z,22.07,64.31,70,0,30.25,101.68,0.00,402.00,null,null,null
2023-08-06T16:11:55Z,22.04,64.35,70,0,22.37,101.68,0.00,400.00,0,0,0
2023-08-06T16:12:55Z,22.06,64.14,70,0,30.24,101.68,0.00,400.00,null,null,null
2023-08-06T16:13:55Z,22.06,64.28,70,0,30.51,101.68,1.00,407.00,null,null,null
2023-08-06T16:14:55Z,22.04,64.27,70,0,30.76,101.68,1.00,407.00,null,null,null
2023-08-06T16:15:55Z,22.07,64.29,70,0,26.41,101.69,1.00,409.00,null,null,null
2023-08-06T16:16:55Z,22.07,64.33,70,0,37.72,101.68,0.00,406.00,0,0,0
2023-08-06T16:17:55Z,22.04,64.08,70,0,24.93,101.68,0.00,400.00,null,null,null
2023-08-06T16:18:55Z,22.04,64.22,70,0,26.69,101.69,0.00,400.00,null,null,null
2023-08-06T16:19:55Z,22.07,64.24,70,0,30.19,101.68,0.00,405.00,null,null,null
2023-08-06T16:20:55Z,22.09,64.26,70,0,30.66,101.69,1.00,407.00,null,null,null
2023-08-06T16:21:55Z,22.04,64.27,70,0,27.08,101.69,0.00,400.00,0,0,0
2023-08-06T16:22:55Z,22.07,64.09,69,0,24.35,101.69,0.00,400.00,null,null,null
2023-08-06T16:23:55Z,22.07,64.20,70,0,29.73,101.69,0.00,400.00,null,null,null
2023-08-06T16:24:55Z,22.07,64.21,70,0,33.10,101.69,0.00,400.00,null,null,null
2023-08-06T16:25:55Z,22.06,64.22,70,0,25.00,101.68,0.00,401.00,null,null,null
2023-08-06T16:26:55Z,22.07,64.21,70,0,22.89,101.68,0.00,403.00,0,0,0
2023-08-06T16:27:55Z,22.07,63.93,69,0,32.07,101.68,0.00,400.00,null,null,null
2023-08-06T16:28:55Z,22.04,64.08,70,0,29.23,101.68,0.00,400.00,null,null,null
2023-08-06T16:29:55Z,22.07,64.14,70,0,25.19,101.68,0.00,405.00,null,null,null
2023-08-06T16:30:55Z,22.06,64.17,70,0,23.54,101.68,0.00,406.00,null,null,null
2023-08-06T16:31:55Z,22.06,64.19,70,0,26.73,101.68,0.00,401.00,0,0,0
2023-08-06T16:32:55Z,22.06,63.98,69,0,25.03,101.68,0.00,400.00,null,null,null
2023-08-06T16:33:55Z,22.06,64.11,69,0,30.09,101.68,0.00,400.00,null,null,null
2023-08-06T16:34:55Z,22.07,64.10,70,0,23.98,101.68,0.00,405.00,null,null,null
2023-08-06T16:35:55Z,22.06,64.11,69,0,26.29,101.68,0.00,401.00,null,null,null
2023-08-06T16:36:55Z,22.07,64.16,69,0,27.22,101.68,0.00,402.00,0,0,0
2023-08-06T16:37:55Z,22.06,63.97,69,0,26.80,101.68,0.00,400.00,null,null,null
2023-08-06T16:38:55Z,22.07,64.07,69,0,29.91,101.68,0.00,401.00,null,null,null
2023-08-06T16:39:55Z,22.06,64.11,69,0,29.03,101.68,0.00,402.00,null,null,null
2023-08-06T16:40:55Z,22.07,64.17,69,0,24.43,101.68,0.00,402.00,null,null,null
2023-08-06T16:41:55Z,22.06,64.13,69,0,24.27,101.67,0.00,400.00,0,0,0
2023-08-06T16:42:55Z,22.09,63.94,69,0,32.83,101.69,0.00,400.00,null,null,null
2023-08-06T16:43:55Z,22.06,64.13,69,0,28.06,101.68,0.00,400.00,null,null,null
2023-08-06T16:44:55Z,22.07,64.13,69,0,25.50,101.68,0.00,401.00,null,null,null
2023-08-06T16:45:55Z,22.04,64.13,69,0,25.87,101.69,0.00,402.00,null,null,null
2023-08-06T16:46:55Z,22.06,64.16,69,0,38.15,101.69,0.00,402.00,0,0,0
2023-08-06T16:47:55Z,22.06,63.76,69,0,45.35,101.69,0.00,400.00,null,null,null
2023-08-06T16:48:55Z,22.09,63.93,69,0,23.40,101.68,0.00,400.00,null,null,null
2023-08-06T16:49:55Z,22.07,63.99,69,0,29.40,101.68,0.00,401.00,null,null,null
2023-08-06T16:50:55Z,22.06,64.00,69,0,33.32,101.68,0.00,405.00,null,null,null
2023-08-06T16:51:55Z,22.09,64.01,69,0,28.77,101.68,0.00,406.00,0,0,0
2023-08-06T16:52:55Z,22.09,63.69,69,0,28.31,101.68,0.00,400.00,null,null,null
2023-08-06T16:53:55Z,22.07,63.82,69,0,30.39,101.69,0.00,400.00,null,null,null
2023-08-06T16:54:55Z,22.07,63.92,69,0,34.92,101.69,0.00,401.00,null,null,null
2023-08-06T16:55:55Z,22.09,63.97,69,0,28.92,101.69,0.00,405.00,null,null,null
2023-08-06T16:56:55Z,22.07,63.95,69,0,33.65,101.69,0.00,401.00,0,0,0
2023-08-06T16:57:55Z,22.07,63.75,69,0,27.82,101.70,0.00,400.00,null,null,null
2023-08-06T16:58:55Z,22.07,63.89,69,0,39.36,101.70,0.00,400.00,null,null,null
2023-08-06T16:59:55Z,22.07,63.95,69,0,39.32,101.70,0.00,405.00,null,null,null
2023-08-06T17:00:55Z,22.09,63.94,69,0,31.48,101.70,0.00,403.00,null,null,null
2023-08-06T17:01:55Z,22.09,63.99,69,0,34.89,101.70,0.00,405.00,0,0,0
2023-08-06T17:02:55Z,22.09,63.60,69,0,34.34,101.70,0.00,400.00,null,null,null
2023-08-06T17:03:55Z,22.09,63.78,69,0,34.13,101.70,0.00,405.00,null,null,null
2023-08-06T17:04:55Z,22.09,63.86,69,0,34.75,101.70,0.00,406.00,null,null,null
2023-08-06T17:05:55Z,22.07,63.88,69,0,33.85,101.69,0.00,402.00,null,null,null
2023-08-06T17:06:55Z,22.09,63.90,69,0,34.35,101.70,0.00,400.00,0,0,0
2023-08-06T17:07:55Z,22.09,63.65,69,0,31.12,101.70,0.00,400.00,null,null,null
2023-08-06T17:08:55Z,22.07,63.76,69,0,33.26,101.70,1.00,407.00,null,null,null
2023-08-06T17:09:55Z,22.07,63.79,69,0,30.46,101.70,0.00,401.00,null,null,null
2023-08-06T17:10:55Z,22.12,63.85,69,0,34.87,101.69,0.00,402.00,null,null,null
2023-08-06T17:11:55Z,22.07,63.87,69,0,35.56,101.70,0.00,400.00,0,0,0
2023-08-06T17:12:55Z,22.09,63.49,69,0,25.38,101.69,0.00,400.00,null,null,null
2023-08-06T17:13:55Z,22.10,63.68,69,0,27.85,101.70,1.00,407.00,null,null,null
2023-08-06T17:14:55Z,22.06,63.71,69,0,27.49,101.70,1.00,411.00,null,null,null
2023-08-06T17:15:55Z,22.10,63.73,69,0,28.25,101.70,1.00,408.00,null,null,null
2023-08-06T17:16:55Z,22.09,63.74,69,0,29.54,101.69,0.00,402.00,0,0,0
2023-08-06T17:17:55Z,22.10,63.34,69,0,31.50,101.70,0.00,400.00,null,null,null
2023-08-06T17:18:55Z,22.09,63.49,69,0,35.17,101.70,0.00,400.00,null,null,null
2023-08-06T17:19:55Z,22.09,63.58,69,0,26.82,101.70,1.00,411.00,null,null,null
2023-08-06T17:20:55Z,22.09,63.64,69,0,27.60,101.69,1.00,413.00,null,null,null
2023-08-06T17:21:55Z,22.07,63.62,69,0,33.26,101.69,1.00,413.00,0,0,0
2023-08-06T17:22:55Z,22.07,63.42,69,0,25.98,101.69,0.00,400.00,null,null,null
2023-08-06T17:23:55Z,22.10,63.54,69,0,26.34,101.70,0.00,400.00,null,null,null
2023-08-06T17:24:55Z,22.09,63.62,69,0,26.48,101.70,1.00,407.00,null,null,null
2023-08-06T17:25:55Z,22.07,63.61,69,0,27.57,101.70,1.00,413.00,null,null,null
2023-08-06T17:26:55Z,22.07,63.62,69,0,31.26,101.70,1.00,413.00,0,0,0
2023-08-06T17:27:55Z,22.09,63.34,69,0,26.89,101.70,0.00,400.00,null,null,null
2023-08-06T17:28:55Z,22.10,63.50,69,0,28.15,101.70,0.00,400.00,null,null,null
2023-08-06T17:29:55Z,22.10,63.55,69,0,31.43,101.70,1.00,407.00,null,null,null
2023-08-06T17:30:55Z,22.09,63.55,69,0,39.05,101.70,1.00,408.00,null,null,null
2023-08-06T17:31:55Z,22.10,63.57,69,0,21.18,101.70,0.00,405.00,0,0,0
2023-08-06T17:32:55Z,22.07,63.30,69,0,25.44,101.71,0.00,400.00,null,null,null
2023-08-06T17:33:55Z,22.09,63.43,69,0,32.72,101.71,0.00,400.00,null,null,null
2023-08-06T17:34:55Z,22.12,63.52,69,0,26.73,101.70,0.00,402.00,null,null,null
2023-08-06T17:35:55Z,22.10,63.52,69,0,24.23,101.71,1.00,408.00,null,null,null
2023-08-06T17:36:55Z,22.09,63.50,69,0,27.02,101.71,0.00,405.00,0,0,0
2023-08-06T17:37:55Z,22.10,63.21,69,0,30.61,101.71,0.00,400.00,null,null,null
2023-08-06T17:38:55Z,22.10,63.34,69,0,39.73,101.71,1.00,413.00,null,null,null
2023-08-06T17:39:55Z,22.07,63.39,69,0,29.26,101.71,1.00,408.00,null,null,null
2023-08-06T17:40:55Z,22.09,63.44,69,0,27.06,101.71,1.00,409.00,null,null,null
2023-08-06T17:41:55Z,22.09,63.45,69,0,22.83,101.71,1.00,408.00,0,0,0
2023-08-06T17:42:55Z,22.10,63.06,69,0,23.45,101.72,0.00,400.00,null,null,null
2023-08-06T17:43:55Z,22.09,63.28,69,0,30.20,101.72,2.00,417.00,null,null,null
2023-08-06T17:44:55Z,22.07,63.28,69,0,33.21,101.72,2.00,418.00,null,null,null
2023-08-06T17:45:55Z,22.10,63.36,69,0,26.80,101.72,3.00,420.00,null,null,null
2023-08-06T17:46:55Z,22.07,63.36,69,0,34.16,101.72,2.00,416.00,0,0,0
2023-08-06T17:47:55Z,22.07,63.20,69,0,28.92,101.72,0.00,400.00,null,null,null
2023-08-06T17:48:55Z,22.09,63.33,69,0,21.99,101.72,1.00,410.00,null,null,null
2023-08-06T17:49:55Z,22.07,63.38,69,0,25.70,101.72,2.00,416.00,null,null,null
2023-08-06T17:50:55Z,22.07,63.41,69,0,27.14,101.73,2.00,416.00,null,null,null
2023-08-06T17:51:55Z,22.09,63.40,69,0,23.20,101.73,3.00,422.00,0,0,0
2023-08-06T17:52:55Z,22.09,63.07,69,0,24.61,101.72,2.00,414.00,null,null,null
2023-08-06T17:53:55Z,22.09,63.20,69,0,29.07,101.72,0.00,400.00,null,null,null
2023-08-06T17:54:55Z,22.10,63.25,69,0,32.69,101.72,2.00,415.00,null,null,null
2023-08-06T17:55:55Z,22.07,63.31,69,0,28.60,101.72,1.00,411.00,null,null,null
2023-08-06T17:56:55Z,22.07,63.33,69,0,23.72,101.72,1.00,413.00,0,0,0
2023-08-06T17:57:55Z,22.09,63.10,69,0,26.08,101.73,0.00,400.00,null,null,null
2023-08-06T17:58:55Z,22.07,63.23,68,0,26.76,101.73,0.00,401.00,null,null,null
2023-08-06T17:59:55Z,22.09,63.30,69,0,30.22,101.73,0.00,405.00,null,null,null
2023-08-06T18:00:55Z,22.07,63.28,68,0,40.69,101.72,0.00,406.00,null,null,null
2023-08-06T18:01:55Z,22.06,63.26,69,0,25.06,101.73,1.00,407.00,0,0,0
2023-08-06T18:02:55Z,22.09,63.03,68,0,29.44,101.73,0.00,400.00,null,null,null
2023-08-06T18:03:55Z,22.09,63.19,69,0,31.83,101.73,0.00,406.00,null,null,null
2023-08-06T18:04:55Z,22.07,63.25,69,0,24.61,101.73,2.00,414.00,null,null,null
2023-08-06T18:05:55Z,22.07,63.25,69,0,25.62,101.73,0.00,406.00,null,null,null
2023-08-06T18:06:55Z,22.06,63.26,68,0,27.47,101.73,1.00,409.00,0,0,0
2023-08-06T18:07:55Z,22.07,62.99,68,0,29.48,101.73,0.00,400.00,null,null,null
2023-08-06T18:08:55Z,22.07,63.16,68,0,25.29,101.73,1.00,410.00,null,null,null
2023-08-06T18:09:55Z,22.06,63.21,68,0,32.73,101.74,1.00,411.00,null,null,null
2023-08-06T18:10:55Z,22.06,63.18,68,0,21.26,101.74,2.00,417.00,null,null,null
2023-08-06T18:11:55Z,22.07,63.19,69,0,26.21,101.74,2.00,418.00,0,0,0
2023-08-06T18:12:55Z,22.07,62.94,68,0,25.38,101.74,0.00,400.00,null,null,null
2023-08-06T18:13:55Z,22.06,63.04,68,0,28.17,101.74,0.00,403.00,null,null,null
2023-08-06T18:14:55Z,22.04,63.10,68,0,38.31,101.74,1.00,407.00,null,null,null
2023-08-06T18:15:55Z,22.03,63.12,68,0,31.16,101.74,1.00,413.00,null,null,null
2023-08-06T18:16:55Z,22.04,63.09,68,0,27.45,101.74,1.00,409.00,0,0,0
2023-08-06T18:17:55Z,22.07,62.78,68,0,33.67,101.74,0.00,400.00,null,null,null
2023-08-06T18:18:55Z,22.06,63.00,68,0,30.79,101.75,1.00,407.00,null,null,null
2023-08-06T18:19:55Z,22.04,63.00,68,0,31.22,101.75,0.00,406.00,null,null,null
2023-08-06T18:20:55Z,22.04,63.03,68,0,30.69,101.75,1.00,407.00,null,null,null
2023-08-06T18:21:55Z,22.04,63.08,68,0,32.29,101.75,0.00,405.00,0,0,0
2023-08-06T18:22:55Z,22.03,62.80,68,0,31.93,101.75,0.00,405.00,null,null,null
2023-08-06T18:23:55Z,22.06,62.96,68,0,33.99,101.75,0.00,400.00,null,null,null
2023-08-06T18:24:55Z,22.04,63.01,68,0,34.40,101.75,1.00,408.00,null,null,null
2023-08-06T18:25:55Z,22.03,63.03,68,0,32.76,101.75,1.00,413.00,null,null,null
2023-08-06T18:26:55Z,22.02,63.07,68,0,26.36,101.75,1.00,408.00,0,0,0
2023-08-06T18:27:55Z,22.02,62.80,68,0,28.99,101.76,0.00,400.00,null,null,null
2023-08-06T18:28:55Z,22.02,62.97,68,0,29.32,101.76,0.00,400.00,null,null,null
2023-08-06T18:29:55Z,22.02,62.99,68,0,33.10,101.76,1.00,408.00,null,null,null
2023-08-06T18:30:55Z,22.02,63.07,68,0,27.57,101.76,1.00,413.00,null,null,null
2023-08-06T18:31:55Z,22.02,63.06,68,0,26.21,101.77,1.00,408.00,0,0,0
2023-08-06T18:32:55Z,22.03,62.83,68,0,29.61,101.76,0.00,400.00,null,null,null
2023-08-06T18:33:55Z,22.03,62.97,68,0,21.71,101.76,0.00,400.00,null,null,null
2023-08-06T18:34:55Z,22.03,63.03,68,0,33.38,101.76,1.00,408.00,null,null,null
2023-08-06T18:35:55Z,21.99,63.01,68,0,36.79,101.77,1.00,410.00,null,null,null
2023-08-06T18:36:55Z,22.03,63.03,68,0,26.84,101.76,1.00,408.00,0,0,0
2023-08-06T18:37:55Z,22.00,62.84,68,0,21.99,101.76,0.00,400.00,null,null,null
2023-08-06T18:38:55Z,22.00,62.96,68,0,25.90,101.76,0.00,400.00,null,null,null
2023-08-06T18:39:55Z,22.02,62.99,68,0,34.06,101.76,1.00,408.00,null,null,null
2023-08-06T18:40:55Z,22.00,63.06,68,0,24.58,101.76,1.00,410.00,null,null,null
2023-08-06T18:41:55Z,21.99,63.07,68,0,26.60,101.76,1.00,408.00,0,0,0
2023-08-06T18:42:55Z,21.99,62.79,68,0,28.09,101.76,0.00,400.00,null,null,null
2023-08-06T18:43:55Z,22.00,62.91,68,0,40.82,101.76,0.00,402.00,null,null,null
2023-08-06T18:44:55Z,22.02,62.96,68,0,30.53,101.76,0.00,406.00,null,null,null
2023-08-06T18:45:55Z,21.97,63.01,68,0,26.29,101.76,1.00,409.00,null,null,null
2023-08-06T18:46:55Z,21.99,62.93,68,0,25.41,101.76,1.00,407.00,0,0,0
2023-08-06T18:47:55Z,21.99,62.59,68,0,27.64,101.76,0.00,400.00,null,null,null
2023-08-06T18:48:55Z,21.97,62.74,68,0,27.24,101.76,1.00,413.00,null,null,null
2023-08-06T18:49:55Z,22.00,62.79,68,0,34.81,101.76,3.00,420.00,null,null,null
2023-08-06T18:50:55Z,21.97,62.86,68,0,24.46,101.76,1.00,410.00,null,null,null
2023-08-06T18:51:55Z,21.97,62.88,68,0,30.28,101.76,1.00,408.00,0,0,0
2023-08-06T18:52:55Z,21.96,62.54,68,0,30.33,101.77,0.00,400.00,null,null,null
2023-08-06T18:53:55Z,21.96,62.70,68,0,29.56,101.77,0.00,400.00,null,null,null
2023-08-06T18:54:55Z,21.95,62.76,68,0,29.18,101.77,1.00,410.00,null,null,null
2023-08-06T18:55:55Z,21.96,62.82,68,0,28.14,101.77,2.00,417.00,null,null,null
2023-08-06T18:56:55Z,21.96,62.85,68,0,28.39,101.77,2.00,414.00,0,0,0
2023-08-06T18:57:55Z,21.97,62.61,68,0,35.80,101.77,0.00,405.00,null,null,null
2023-08-06T18:58:55Z,21.95,62.75,67,0,26.14,101.77,0.00,400.00,null,null,null
2023-08-06T18:59:55Z,21.95,62.81,68,0,25.44,101.77,0.00,403.00,null,null,null
2023-08-06T19:00:55Z,21.96,62.85,68,0,27.16,101.77,1.00,410.00,null,null,null
2023-08-06T19:01:55Z,21.96,62.85,68,0,25.29,101.76,1.00,407.00,0,0,0
2023-08-06T19:02:55Z,21.93,62.63,67,0,27.82,101.77,0.00,400.00,null,null,null
2023-08-06T19:03:55Z,21.93,62.76,68,0,24.89,101.77,0.00,403.00,null,null,null
2023-08-06T19:04:55Z,21.96,62.82,68,0,24.83,101.77,0.00,406.00,null,null,null
2023-08-06T19:05:55Z,21.93,62.84,68,0,23.45,101.77,0.00,406.00,null,null,null
2023-08-06T19:06:55Z,21.93,62.83,68,0,26.87,101.77,1.00,408.00,0,0,0
2023-08-06T19:07:55Z,21.95,62.66,68,0,27.22,101.77,0.00,400.00,null,null,null
2023-08-06T19:08:55Z,21.96,62.83,68,0,26.11,101.77,0.00,403.00,null,null,null
2023-08-06T19:09:55Z,21.93,62.81,68,0,24.86,101.78,0.00,406.00,null,null,null
2023-08-06T19:10:55Z,21.92,62.86,68,0,33.91,101.77,0.00,406.00,null,null,null
2023-08-06T19:11:55Z,21.90,62.90,68,0,27.06,101.78,1.00,410.00,0,0,0
2023-08-06T19:12:55Z,21.92,62.66,67,0,29.01,101.78,0.00,400.00,null,null,null
2023-08-06T19:13:55Z,21.95,62.77,67,0,26.76,101.78,0.00,403.00,null,null,null
2023-08-06T19:14:55Z,21.92,62.85,67,0,30.86,101.78,0.00,406.00,null,null,null
2023-08-06T19:15:55Z,21.92,62.84,67,0,24.96,101.78,0.00,406.00,null,null,null
2023-08-06T19:16:55Z,21.92,62.82,67,0,34.34,101.78,1.00,410.00,0,0,0
2023-08-06T19:17:55Z,21.90,62.59,67,0,38.11,101.78,0.00,400.00,null,null,null
2023-08-06T19:18:55Z,21.93,62.74,68,0,31.20,101.77,0.00,406.00,null,null,null
2023-08-06T19:19:55Z,21.92,62.77,67,0,25.73,101.78,1.00,413.00,null,null,null
2023-08-06T19:20:55Z,21.90,62.77,67,0,25.00,101.78,0.00,405.00,null,null,null
2023-08-06T19:21:55Z,21.88,62.68,68,0,24.43,101.78,1.00,407.00,0,0,0
2023-08-06T19:22:55Z,21.90,62.23,67,0,29.84,101.78,0.00,400.00,null,null,null
2023-08-06T19:23:55Z,21.92,62.49,67,0,32.61,101.79,1.00,413.00,null,null,null
2023-08-06T19:24:55Z,21.90,62.56,67,0,27.99,101.79,2.00,414.00,null,null,null
2023-08-06T19:25:55Z,21.90,62.60,68,0,25.13,101.78,2.00,414.00,null,null,null
2023-08-06T19:26:55Z,21.88,62.63,67,0,33.11,101.78,2.00,415.00,0,0,0
2023-08-06T19:27:55Z,21.89,62.37,67,0,23.05,101.79,2.00,414.00,null,null,null
2023-08-06T19:28:55Z,21.88,62.51,67,0,35.26,101.79,0.00,400.00,null,null,null
2023-08-06T19:29:55Z,21.88,62.58,67,0,23.20,101.79,1.00,409.00,null,null,null
2023-08-06T19:30:55Z,21.86,62.61,67,0,30.54,101.79,2.00,414.00,null,null,null
2023-08-06T19:31:55Z,21.85,62.66,67,0,32.32,101.79,2.00,415.00,0,0,0
2023-08-06T19:32:55Z,21.86,62.45,67,0,29.57,101.79,0.00,400.00,null,null,null
2023-08-06T19:33:55Z,21.88,62.60,67,0,29.25,101.79,0.00,400.00,null,null,null
2023-08-06T19:34:55Z,21.86,62.62,67,0,29.71,101.79,0.00,406.00,null,null,null
2023-08-06T19:35:55Z,21.85,62.60,67,0,36.80,101.79,0.00,406.00,null,null,null
2023-08-06T19:36:55Z,21.88,62.62,67,0,32.85,101.79,1.00,407.00,0,0,0
2023-08-06T19:37:55Z,21.86,62.38,67,0,31.62,101.79,0.00,400.00,null,null,null
2023-08-06T19:38:55Z,21.86,62.58,67,0,33.63,101.79,0.00,400.00,null,null,null
2023-08-06T19:39:55Z,21.86,62.54,67,0,35.18,101.79,0.00,406.00,null,null,null
2023-08-06T19:40:55Z,21.85,62.56,67,0,29.91,101.79,0.00,406.00,null,null,null
2023-08-06T19:41:55Z,21.82,62.58,67,0,31.86,101.79,1.00,407.00,0,0,0
2023-08-06T19:42:55Z,21.82,62.24,67,0,33.29,101.79,0.00,400.00,null,null,null
2023-08-06T19:43:55Z,21.82,62.45,67,0,32.11,101.79,0.00,406.00,null,null,null
2023-08-06T19:44:55Z,21.80,62.50,67,0,32.31,101.79,1.00,407.00,null,null,null
2023-08-06T19:45:55Z,21.79,62.59,67,0,36.27,101.80,0.00,406.00,null,null,null
2023-08-06T19:46:55Z,21.82,62.58,67,0,31.83,101.80,1.00,409.00,0,0,0
2023-08-06T19:47:55Z,21.83,62.36,67,0,28.54,101.79,0.00,400.00,null,null,null
2023-08-06T19:48:55Z,21.82,62.51,67,0,36.48,101.80,0.00,402.00,null,null,null
2023-08-06T19:49:55Z,21.79,62.55,67,0,26.50,101.80,1.00,407.00,null,null,null
2023-08-06T19:50:55Z,21.79,62.55,67,0,38.42,101.80,0.00,406.00,null,null,null
2023-08-06T19:51:55Z,21.79,62.57,67,0,23.72,101.80,1.00,409.00,0,0,0
2023-08-06T19:52:55Z,21.80,62.35,67,0,28.93,101.80,0.00,400.00,null,null,null
2023-08-06T19:53:55Z,21.78,62.47,67,0,40.09,101.80,1.00,411.00,null,null,null
2023-08-06T19:54:55Z,21.80,62.51,67,0,23.45,101.81,2.00,414.00,null,null,null
2023-08-06T19:55:55Z,21.76,62.57,67,0,25.67,101.81,1.00,413.00,null,null,null
2023-08-06T19:56:55Z,21.78,62.53,67,0,29.57,101.81,1.00,413.00,0,0,0
2023-08-06T19:57:55Z,21.78,62.36,67,0,28.76,101.81,2.00,414.00,null,null,null
2023-08-06T19:58:55Z,21.78,62.49,67,0,28.28,101.81,0.00,400.00,null,null,null
2023-08-06T19:59:55Z,21.76,62.52,67,0,37.63,101.82,1.00,411.00,null,null,null
2023-08-06T20:00:55Z,21.78,62.54,67,0,26.93,101.82,2.00,414.00,null,null,null
2023-08-06T20:01:55Z,21.75,62.54,67,0,26.29,101.82,1.00,413.00,0,0,0
2023-08-06T20:02:55Z,21.76,62.39,67,0,24.76,101.83,0.00,401.00,null,null,null
2023-08-06T20:03:55Z,21.75,62.47,67,0,22.89,101.83,0.00,400.00,null,null,null
2023-08-06T20:04:55Z,21.75,62.53,67,0,26.67,101.83,1.00,413.00,null,null,null
2023-08-06T20:05:55Z,21.75,62.59,67,0,27.26,101.83,2.00,414.00,null,null,null
2023-08-06T20:06:55Z,21.73,62.57,67,0,24.19,101.83,2.00,415.00,0,0,0
2023-08-06T20:07:55Z,21.72,62.26,67,0,24.15,101.83,4.00,432.00,null,null,null
2023-08-06T20:08:55Z,21.75,62.42,67,0,36.20,101.84,4.00,427.00,null,null,null
2023-08-06T20:09:55Z,21.75,62.44,67,0,28.48,101.84,0.00,400.00,null,null,null
2023-08-06T20:10:55Z,21.73,62.50,67,0,24.58,101.84,0.00,405.00,null,null,null
2023-08-06T20:11:55Z,21.72,62.54,67,0,24.58,101.84,5.00,439.00,0,0,0
2023-08-06T20:12:55Z,21.73,62.26,66,0,31.16,101.84,2.00,416.00,null,null,null
2023-08-06T20:13:55Z,21.72,62.41,67,0,27.18,101.84,1.00,413.00,null,null,null
2023-08-06T20:14:55Z,21.72,62.43,66,0,22.72,101.84,3.00,420.00,null,null,null
2023-08-06T20:15:55Z,21.69,62.45,67,0,21.49,101.84,3.00,424.00,null,null,null
2023-08-06T20:16:55Z,21.71,62.45,67,0,30.51,101.84,3.00,422.00,0,0,0
2023-08-06T20:17:55Z,21.72,62.15,66,0,25.73,101.84,0.00,400.00,null,null,null
2023-08-06T20:18:55Z,21.72,62.33,67,0,26.41,101.84,1.00,410.00,null,null,null
2023-08-06T20:19:55Z,21.72,62.32,67,0,28.66,101.85,1.00,413.00,null,null,null
2023-08-06T20:20:55Z,21.68,62.32,67,0,26.31,101.84,1.00,411.00,null,null,null
2023-08-06T20:21:55Z,21.69,62.31,67,0,28.45,101.84,1.00,408.00,0,0,0
2023-08-06T20:22:55Z,21.71,62.01,66,0,28.47,101.84,0.00,400.00,null,null,null
2023-08-06T20:23:55Z,21.69,62.10,66,0,30.94,101.85,1.00,411.00,null,null,null
2023-08-06T20:24:55Z,21.67,62.24,66,0,25.70,101.84,2.00,415.00,null,null,null
2023-08-06T20:25:55Z,21.67,62.25,66,0,23.15,101.85,3.00,423.00,null,null,null
2023-08-06T20:26:55Z,21.65,62.32,66,0,28.33,101.84,2.00,416.00,0,0,0
2023-08-06T20:27:55Z,21.64,62.05,66,0,32.78,101.85,2.00,416.00,null,null,null
2023-08-06T20:28:55Z,21.65,62.24,66,0,22.18,101.85,0.00,400.00,null,null,null
2023-08-06T20:29:55Z,21.65,62.24,66,0,22.72,101.85,2.00,414.00,null,null,null
2023-08-06T20:30:55Z,21.68,62.30,66,0,29.72,101.85,3.00,420.00,null,null,null
2023-08-06T20:31:55Z,21.62,62.32,66,0,25.16,101.85,3.00,420.00,0,0,0
2023-08-06T20:32:55Z,21.64,62.05,66,0,25.29,101.85,0.00,402.00,null,null,null
2023-08-06T20:33:55Z,21.65,62.23,66,0,23.49,101.86,0.00,400.00,null,null,null
2023-08-06T20:34:55Z,21.65,62.30,66,0,24.19,101.85,1.00,410.00,null,null,null
2023-08-06T20:35:55Z,21.62,62.25,66,0,29.23,101.85,1.00,408.00,null,null,null
2023-08-06T20:36:55Z,21.64,62.23,66,0,26.48,101.85,1.00,411.00,0,0,0
2023-08-06T20:37:55Z,21.62,61.85,66,0,34.68,101.86,0.00,400.00,null,null,null
2023-08-06T20:38:55Z,21.62,62.05,66,0,22.66,101.85,0.00,405.00,null,null,null
2023-08-06T20:39:55Z,21.61,62.17,66,0,23.40,101.86,1.00,410.00,null,null,null
2023-08-06T20:40:55Z,21.58,62.14,66,0,24.89,101.86,2.00,417.00,null,null,null
2023-08-06T20:41:55Z,21.59,62.21,66,0,23.94,101.86,2.00,414.00,0,0,0
2023-08-06T20:42:55Z,21.59,61.95,66,0,21.02,101.86,0.00,400.00,null,null,null
2023-08-06T20:43:55Z,21.59,61.98,66,0,21.26,101.85,0.00,405.00,null,null,null
2023-08-06T20:44:55Z,21.59,62.07,66,0,22.43,101.86,0.00,401.00,null,null,null
2023-08-06T20:45:55Z,21.58,62.08,66,0,24.68,101.85,0.00,405.00,null,null,null
2023-08-06T20:46:55Z,21.58,62.01,66,0,23.49,101.85,0.00,401.00,0,0,0
2023-08-06T20:47:55Z,21.57,61.68,66,0,21.64,101.86,0.00,400.00,null,null,null
2023-08-06T20:48:55Z,21.57,61.85,66,0,26.00,101.86,1.00,407.00,null,null,null
2023-08-06T20:49:55Z,21.58,61.98,66,0,25.22,101.85,1.00,409.00,null,null,null
2023-08-06T20:50:55Z,21.57,61.91,66,0,25.47,101.86,1.00,413.00,null,null,null
2023-08-06T20:51:55Z,21.55,61.98,66,0,24.72,101.86,1.00,409.00,0,0,0
2023-08-06T20:52:55Z,21.55,61.58,66,0,28.25,101.86,0.00,400.00,null,null,null
2023-08-06T20:53:55Z,21.55,61.79,66,0,32.59,101.86,2.00,416.00,null,null,null
2023-08-06T20:54:55Z,21.54,61.84,66,0,29.18,101.86,2.00,418.00,null,null,null
2023-08-06T20:55:55Z,21.52,61.83,66,0,31.14,101.86,2.00,417.00,null,null,null
2023-08-06T20:56:55Z,21.52,61.88,66,0,33.42,101.86,2.00,414.00,0,0,0
2023-08-06T20:57:55Z,21.52,61.60,66,0,36.13,101.86,0.00,400.00,null,null,null
2023-08-06T20:58:55Z,21.49,61.77,66,0,35.71,101.86,0.00,400.00,null,null,null
2023-08-06T20:59:55Z,21.49,61.81,66,0,27.04,101.86,2.00,416.00,null,null,null
2023-08-06T21:00:55Z,21.49,61.83,66,0,34.90,101.86,1.00,409.00,null,null,null
2023-08-06T21:01:55Z,21.48,61.83,66,0,36.13,101.87,1.00,413.00,0,0,0
2023-08-06T21:02:55Z,21.49,61.54,66,0,27.22,101.87,0.00,401.00,null,null,null
2023-08-06T21:03:55Z,21.48,61.74,66,0,32.10,101.87,0.00,400.00,null,null,null
2023-08-06T21:04:55Z,21.48,61.85,66,0,37.53,101.87,3.00,420.00,null,null,null
2023-08-06T21:05:55Z,21.48,61.90,66,0,29.61,101.87,3.00,422.00,null,null,null
2023-08-06T21:06:55Z,21.48,61.98,66,0,48.67,101.87,3.00,421.00,0,0,0
2023-08-06T21:07:55Z,21.46,61.71,66,0,31.09,101.87,0.00,400.00,null,null,null
2023-08-06T21:08:55Z,21.46,61.84,66,0,28.36,101.87,0.00,403.00,null,null,null
2023-08-06T21:09:55Z,21.46,61.97,66,0,37.10,101.87,1.00,410.00,null,null,null
2023-08-06T21:10:55Z,21.45,61.99,66,0,30.82,101.87,2.00,418.00,null,null,null
2023-08-06T21:11:55Z,21.44,62.07,66,0,45.15,101.87,3.00,420.00,0,0,0
2023-08-06T21:12:55Z,21.42,61.78,66,0,28.78,101.87,0.00,401.00,null,null,null
2023-08-06T21:13:55Z,21.44,61.90,66,0,28.85,101.87,0.00,400.00,null,null,null
2023-08-06T21:14:55Z,21.44,62.00,66,0,25.65,101.87,2.00,414.00,null,null,null
2023-08-06T21:15:55Z,21.42,62.01,66,0,26.29,101.87,2.00,415.00,null,null,null
2023-08-06T21:16:55Z,21.42,62.02,66,0,22.37,101.87,2.00,418.00,0,0,0
2023-08-06T21:17:55Z,21.42,61.74,66,0,23.54,101.87,0.00,400.00,null,null,null
2023-08-06T21:18:55Z,21.41,61.95,66,0,24.50,101.87,1.00,407.00,null,null,null
2023-08-06T21:19:55Z,21.42,61.98,66,0,26.95,101.87,1.00,409.00,null,null,null
2023-08-06T21:20:55Z,21.40,62.05,66,0,24.27,101.87,2.00,417.00,null,null,null
2023-08-06T21:21:55Z,21.38,62.06,66,0,22.55,101.87,3.00,422.00,0,0,0
2023-08-06T21:22:55Z,21.41,61.90,66,0,26.21,101.88,0.00,400.00,null,null,null
2023-08-06T21:23:55Z,21.40,62.05,66,0,19.98,101.87,1.00,409.00,null,null,null
2023-08-06T21:24:55Z,21.41,62.10,66,0,27.06,101.88,2.00,415.00,null,null,null
2023-08-06T21:25:55Z,21.38,62.10,66,0,25.22,101.87,2.00,414.00,null,null,null
2023-08-06T21:26:55Z,21.35,62.13,66,0,23.20,101.87,1.00,411.00,0,0,0
2023-08-06T21:27:55Z,21.38,61.88,65,0,23.10,101.88,0.00,400.00,null,null,null
2023-08-06T21:28:55Z,21.37,62.05,65,0,23.30,101.88,1.00,408.00,null,null,null
2023-08-06T21:29:55Z,21.35,62.08,66,0,37.12,101.88,1.00,408.00,null,null,null
2023-08-06T21:30:55Z,21.37,62.07,66,0,23.59,101.87,1.00,409.00,null,null,null
2023-08-06T21:31:55Z,21.35,62.09,66,0,23.59,101.88,1.00,413.00,0,0,0
2023-08-06T21:32:55Z,21.37,61.85,65,0,28.61,101.87,0.00,406.00,null,null,null
2023-08-06T21:33:55Z,21.37,61.94,65,0,23.05,101.88,0.00,400.00,null,null,null
2023-08-06T21:34:55Z,21.35,62.05,65,0,26.48,101.88,2.00,417.00,null,null,null
2023-08-06T21:35:55Z,21.33,62.03,65,0,20.85,101.88,2.00,414.00,null,null,null
2023-08-06T21:36:55Z,21.35,62.08,65,0,28.50,101.88,3.00,422.00,0,0,0
2023-08-06T21:37:55Z,21.34,61.86,65,0,43.59,101.88,0.00,400.00,null,null,null
2023-08-06T21:38:55Z,21.31,61.98,65,0,45.27,101.88,0.00,405.00,null,null,null
2023-08-06T21:39:55Z,21.33,62.07,65,0,27.08,101.88,2.00,414.00,null,null,null
2023-08-06T21:40:55Z,21.31,62.10,65,0,26.24,101.88,2.00,417.00,null,null,null
2023-08-06T21:41:55Z,21.31,62.12,65,0,29.72,101.88,3.00,424.00,0,0,0
2023-08-06T21:42:55Z,21.30,61.85,65,0,25.00,101.88,0.00,400.00,null,null,null
2023-08-06T21:43:55Z,21.31,61.99,65,0,26.97,101.88,0.00,400.00,null,null,null
2023-08-06T21:44:55Z,21.31,62.03,65,0,44.95,101.88,1.00,409.00,null,null,null
2023-08-06T21:45:55Z,21.30,62.07,65,0,25.70,101.88,3.00,420.00,null,null,null
2023-08-06T21:46:55Z,21.27,62.11,65,0,36.48,101.88,2.00,418.00,0,0,0
2023-08-06T21:47:55Z,21.28,61.83,65,0,27.53,101.88,0.00,400.00,null,null,null
2023-08-06T21:48:55Z,21.28,62.03,65,0,31.37,101.88,0.00,406.00,null,null,null
2023-08-06T21:49:55Z,21.30,62.10,65,0,31.65,101.88,2.00,415.00,null,null,null
2023-08-06T21:50:55Z,21.27,62.11,65,0,33.10,101.88,2.00,414.00,null,null,null
2023-08-06T21:51:55Z,21.25,62.11,65,0,36.87,101.88,2.00,416.00,0,0,0
2023-08-06T21:52:55Z,21.25,61.89,65,0,31.35,101.88,0.00,400.00,null,null,null
2023-08-06T21:53:55Z,21.27,62.08,65,0,30.12,101.88,1.00,413.00,null,null,null
2023-08-06T21:54:55Z,21.25,62.16,65,0,35.65,101.88,2.00,418.00,null,null,null
2023-08-06T21:55:55Z,21.27,62.13,65,0,35.07,101.88,3.00,426.00,null,null,null
2023-08-06T21:56:55Z,21.24,62.16,65,0,54.46,101.88,4.00,428.00,0,0,0
2023-08-06T21:57:55Z,21.24,61.93,65,0,26.67,101.88,7.00,451.00,null,null,null
2023-08-06T21:58:55Z,21.25,62.09,65,0,33.31,101.88,8.00,457.00,null,null,null
2023-08-06T21:59:55Z,21.24,62.22,65,0,30.27,101.88,3.00,426.00,null,null,null
2023-08-06T22:00:55Z,21.23,62.23,65,0,29.47,101.88,3.00,426.00,null,null,null
2023-08-06T22:01:55Z,21.23,62.29,65,0,27.62,101.88,9.00,465.00,0,0,0
2023-08-06T22:02:55Z,21.25,62.04,65,0,27.12,101.88,9.00,465.00,null,null,null
2023-08-06T22:03:55Z,21.27,62.23,65,0,29.32,101.88,1.00,410.00,null,null,null
2023-08-06T22:04:55Z,21.25,62.27,65,0,33.97,101.88,3.00,422.00,null,null,null
2023-08-06T22:05:55Z,21.24,62.30,65,0,25.09,101.88,3.00,422.00,null,null,null
2023-08-06T22:06:55Z,21.25,62.33,65,0,26.62,101.88,8.00,459.00,0,0,0
2023-08-06T22:07:55Z,21.25,62.12,65,0,25.56,101.88,2.00,417.00,null,null,null
