TIME,TEMP,HUM,BATT,LIGHT,NOISE_A,PRESS,CCS811_VOCS,CCS811_ECO2,PM_1,PM_25,PM_10
ISO 8601,C,%,%,Lux,dBA,kPa,ppb,ppm,ug/m3,ug/m3,ug/m3
Time,Temperature,Humidity,Battery,Light,Noise dBA,Barometric pressure,VOC Gas CCS811,eCO2 Gas CCS811,PM 1.0,PM 2.5,PM 10.0
,55,56,10,14,53,58,113,112,89,87,88
2023-09-04T00:00:03Z,24.78,69.63,99,0,26.82,102.57,19.00,531.00,0,0,0
2023-09-04T00:01:03Z,24.76,69.99,99,0,24.68,102.57,19.00,531.00,null,null,null
2023-09-04T00:02:03Z,24.78,69.74,99,0,25.90,102.57,19.00,527.00,null,null,null
2023-09-04T00:03:03Z,24.76,69.74,99,0,23.59,102.57,19.00,531.00,null,null,null
2023-09-04T00:04:03Z,24.76,69.75,99,0,28.09,102.57,19.00,526.00,null,null,null
2023-09-04T00:05:03Z,24.76,69.71,99,0,26.21,102.57,19.00,527.00,0,0,0
2023-09-04T00:06:03Z,24.76,70.03,99,0,25.32,102.56,19.00,531.00,null,null,null
2023-09-04T00:07:03Z,24.78,69.84,99,0,21.85,102.56,19.00,527.00,null,null,null
2023-09-04T00:08:03Z,24.76,69.78,99,0,23.86,102.55,18.00,520.00,null,null,null
2023-09-04T00:09:03Z,24.76,69.76,99,0,23.49,102.56,18.00,520.00,null,null,null
2023-09-04T00:10:03Z,24.75,69.74,99,0,25.62,102.55,18.00,520.00,0,0,0
2023-09-04T00:11:03Z,24.75,70.06,99,0,41.36,102.56,19.00,531.00,null,null,null
2023-09-04T00:12:03Z,24.73,69.86,99,0,null,102.55,18.00,520.00,null,null,null
2023-09-04T00:13:03Z,24.75,69.82,99,0,24.15,102.55,25.00,566.00,null,null,null
2023-09-04T00:14:03Z,24.73,69.82,99,0,23.30,102.56,18.00,520.00,null,null,null
2023-09-04T00:15:03Z,24.73,69.83,99,0,26.11,102.56,25.00,566.00,0,0,0
2023-09-04T00:16:03Z,24.73,70.04,99,0,24.68,102.55,25.00,566.00,null,null,null
2023-09-04T00:17:03Z,24.72,69.88,99,0,23.35,102.55,25.00,566.00,null,null,null
2023-09-04T00:18:03Z,24.75,69.81,99,0,22.31,102.56,25.00,566.00,null,null,null
2023-09-04T00:19:03Z,24.71,69.85,99,0,27.99,102.56,18.00,520.00,null,null,null
2023-09-04T00:20:03Z,24.72,69.83,99,0,29.21,102.56,24.00,560.00,0,0,0
2023-09-04T00:21:03Z,24.75,70.10,99,0,21.99,102.55,25.00,566.00,null,null,null
2023-09-04T00:22:03Z,24.73,69.92,99,0,25.03,102.56,19.00,527.00,null,null,null
2023-09-04T00:23:03Z,24.71,69.84,99,0,24.35,102.55,23.00,552.00,null,null,null
2023-09-04T00:24:03Z,24.72,69.84,99,0,23.05,102.55,24.00,560.00,null,null,null
2023-09-04T00:25:03Z,24.71,69.84,99,0,24.23,102.55,23.00,552.00,0,0,0
2023-09-04T00:26:03Z,24.69,70.13,99,0,23.40,102.55,24.00,560.00,null,null,null
2023-09-04T00:27:03Z,24.72,69.97,99,0,26.46,102.55,23.00,552.00,null,null,null
2023-09-04T00:28:03Z,24.73,69.88,99,0,23.45,102.55,24.00,560.00,null,null,null
2023-09-04T00:29:03Z,24.71,69.86,99,0,27.22,102.55,22.00,548.00,null,null,null
2023-09-04T00:30:03Z,24.71,69.86,99,0,30.18,102.54,22.00,548.00,0,0,0
2023-09-04T00:31:03Z,24.71,70.11,99,0,31.32,102.54,23.00,552.00,null,null,null
2023-09-04T00:32:03Z,24.68,70.01,99,0,21.71,102.55,23.00,552.00,null,null,null
2023-09-04T00:33:03Z,24.69,69.97,99,0,23.25,102.55,23.00,552.00,null,null,null
2023-09-04T00:34:03Z,24.69,69.95,99,0,25.62,102.55,24.00,560.00,null,null,null
2023-09-04T00:35:03Z,24.69,69.95,99,0,25.38,102.55,23.00,552.00,0,0,0
2023-09-04T00:36:03Z,24.69,70.33,99,0,23.68,102.55,24.00,560.00,null,null,null
2023-09-04T00:37:03Z,24.66,70.10,99,0,22.66,102.55,23.00,553.00,null,null,null
2023-09-04T00:38:03Z,24.68,70.09,99,0,25.67,102.55,25.00,566.00,null,null,null
2023-09-04T00:39:03Z,24.68,70.08,99,0,22.89,102.55,25.00,566.00,null,null,null
2023-09-04T00:40:03Z,24.66,70.07,99,0,23.77,102.55,25.00,566.00,0,0,0
2023-09-04T00:41:03Z,24.66,70.56,99,0,22.99,102.55,25.00,566.00,null,null,null
2023-09-04T00:42:03Z,24.68,70.27,99,0,26.03,102.55,25.00,567.00,null,null,null
2023-09-04T00:43:03Z,24.66,70.20,99,0,24.03,102.55,25.00,567.00,null,null,null
2023-09-04T00:44:03Z,24.65,70.19,99,0,28.33,102.55,26.00,572.00,null,null,null
2023-09-04T00:45:03Z,24.66,70.16,99,0,23.98,102.55,26.00,572.00,0,0,0
2023-09-04T00:46:03Z,24.65,70.55,99,0,32.85,102.54,27.00,578.00,null,null,null
2023-09-04T00:47:03Z,24.65,70.35,99,0,23.05,102.54,26.00,574.00,null,null,null
2023-09-04T00:48:03Z,24.66,70.26,99,0,34.15,102.55,25.00,567.00,null,null,null
2023-09-04T00:49:03Z,24.66,70.25,99,0,51.86,102.55,26.00,574.00,null,null,null
2023-09-04T00:50:03Z,24.68,70.23,99,0,28.50,102.55,25.00,567.00,0,0,0
2023-09-04T00:51:03Z,24.66,70.55,99,0,34.21,102.54,28.00,586.00,null,null,null
2023-09-04T00:52:03Z,24.65,70.38,99,0,38.83,102.54,28.00,588.00,null,null,null
2023-09-04T00:53:03Z,24.66,70.29,99,0,33.76,102.54,30.00,600.00,null,null,null
2023-09-04T00:54:03Z,24.64,70.24,99,0,43.41,102.54,34.00,629.00,null,null,null
2023-09-04T00:55:03Z,24.65,70.29,99,0,29.17,102.54,39.00,656.00,0,0,0
2023-09-04T00:56:03Z,24.65,70.55,99,0,29.30,102.53,40.00,666.00,null,null,null
2023-09-04T00:57:03Z,24.65,70.34,99,0,30.36,102.53,41.00,674.00,null,null,null
2023-09-04T00:58:03Z,24.65,70.35,99,0,26.48,102.53,44.00,690.00,null,null,null
2023-09-04T00:59:03Z,24.64,70.30,99,0,34.28,102.53,45.00,699.00,null,null,null
2023-09-04T01:00:03Z,24.62,70.30,99,0,29.65,102.53,45.00,699.00,0,0,0
2023-09-04T01:01:03Z,24.64,70.61,99,0,31.64,102.52,47.00,715.00,null,null,null
2023-09-04T01:02:03Z,24.64,70.43,99,0,34.48,102.53,47.00,715.00,null,null,null
2023-09-04T01:03:03Z,24.62,70.31,99,0,33.37,102.53,47.00,715.00,null,null,null
2023-09-04T01:04:03Z,24.61,70.32,99,0,23.10,102.52,47.00,715.00,null,null,null
2023-09-04T01:05:03Z,24.62,70.27,99,0,23.94,102.52,47.00,715.00,0,0,0
2023-09-04T01:06:03Z,24.59,70.57,99,0,24.93,102.52,47.00,715.00,null,null,null
2023-09-04T01:07:03Z,24.61,70.35,99,0,25.47,102.52,47.00,715.00,null,null,null
2023-09-04T01:08:03Z,24.61,70.32,99,0,23.54,102.52,46.00,706.00,null,null,null
2023-09-04T01:09:03Z,24.58,70.32,99,0,23.05,102.52,46.00,706.00,null,null,null
2023-09-04T01:10:03Z,24.58,70.26,99,0,22.78,102.52,46.00,706.00,0,0,0
2023-09-04T01:11:03Z,24.59,70.48,99,0,22.05,102.52,45.00,699.00,null,null,null
2023-09-04T01:12:03Z,24.61,70.33,99,0,25.22,102.51,45.00,699.00,null,null,null
2023-09-04T01:13:03Z,24.61,70.25,99,0,26.11,102.52,46.00,706.00,null,null,null
2023-09-04T01:14:03Z,24.58,70.25,99,0,24.50,102.51,45.00,699.00,null,null,null
2023-09-04T01:15:03Z,24.58,70.23,99,0,25.32,102.51,44.00,690.00,0,0,0
2023-09-04T01:16:03Z,24.58,70.46,99,0,26.57,102.51,45.00,697.00,null,null,null
2023-09-04T01:17:03Z,24.58,70.33,99,0,25.95,102.51,42.00,682.00,null,null,null
2023-09-04T01:18:03Z,24.58,70.26,99,0,25.29,102.51,42.00,682.00,null,null,null
2023-09-04T01:19:03Z,24.58,70.26,99,0,24.31,102.51,40.00,666.00,null,null,null
2023-09-04T01:20:03Z,24.56,70.24,99,0,23.05,102.51,41.00,674.00,0,0,0
2023-09-04T01:21:03Z,24.55,70.45,99,0,24.58,102.51,41.00,672.00,null,null,null
2023-09-04T01:22:03Z,24.55,70.30,99,0,28.45,102.50,40.00,666.00,null,null,null
2023-09-04T01:23:03Z,24.56,70.24,99,0,22.99,102.50,39.00,657.00,null,null,null
2023-09-04T01:24:03Z,24.55,70.23,99,0,null,102.51,40.00,665.00,null,null,null
2023-09-04T01:25:03Z,24.55,70.23,99,0,26.03,102.51,39.00,656.00,0,0,0
2023-09-04T01:26:03Z,24.51,70.39,99,0,25.44,102.51,37.00,649.00,null,null,null
2023-09-04T01:27:03Z,24.54,70.22,99,0,25.82,102.50,36.00,637.00,null,null,null
2023-09-04T01:28:03Z,24.52,70.24,99,0,24.15,102.51,37.00,649.00,null,null,null
2023-09-04T01:29:03Z,24.51,70.19,99,0,25.29,102.51,36.00,641.00,null,null,null
2023-09-04T01:30:03Z,24.51,70.20,99,0,25.35,102.50,36.00,641.00,0,0,0
2023-09-04T01:31:03Z,24.52,70.33,99,0,22.78,102.50,35.00,634.00,null,null,null
2023-09-04T01:32:03Z,24.49,70.24,99,0,24.89,102.50,33.00,623.00,null,null,null
2023-09-04T01:33:03Z,24.49,70.20,99,0,26.48,102.50,33.00,620.00,null,null,null
2023-09-04T01:34:03Z,24.48,70.18,99,0,23.59,102.50,34.00,627.00,null,null,null
2023-09-04T01:35:03Z,24.47,70.16,99,0,23.77,102.50,33.00,620.00,0,0,0
2023-09-04T01:36:03Z,24.49,70.34,99,0,23.25,102.50,32.00,614.00,null,null,null
2023-09-04T01:37:03Z,24.47,70.20,99,0,23.63,102.50,31.00,607.00,null,null,null
2023-09-04T01:38:03Z,24.47,70.19,99,0,24.35,102.50,31.00,605.00,null,null,null
2023-09-04T01:39:03Z,24.47,70.14,99,0,24.83,102.50,31.00,605.00,null,null,null
2023-09-04T01:40:03Z,24.45,70.20,99,0,24.96,102.50,31.00,605.00,0,0,0
2023-09-04T01:41:03Z,24.47,70.31,99,0,27.14,102.50,31.00,605.00,null,null,null
2023-09-04T01:42:03Z,24.47,70.23,99,0,24.15,102.50,29.00,594.00,null,null,null
2023-09-04T01:43:03Z,24.45,70.15,99,0,23.40,102.50,30.00,599.00,null,null,null
2023-09-04T01:44:03Z,24.45,70.14,99,0,25.56,102.50,30.00,599.00,null,null,null
2023-09-04T01:45:03Z,24.41,70.14,99,0,24.15,102.51,28.00,586.00,0,0,0
2023-09-04T01:46:03Z,24.44,70.28,99,0,26.46,102.50,27.00,578.00,null,null,null
2023-09-04T01:47:03Z,24.41,70.16,99,0,30.37,102.51,26.00,574.00,null,null,null
2023-09-04T01:48:03Z,24.41,70.13,99,0,23.59,102.50,26.00,574.00,null,null,null
2023-09-04T01:49:03Z,24.42,70.11,99,0,22.66,102.50,27.00,578.00,null,null,null
2023-09-04T01:50:03Z,24.39,70.12,99,0,23.49,102.50,27.00,578.00,0,0,0
2023-09-04T01:51:03Z,24.41,70.24,99,0,23.40,102.50,25.00,566.00,null,null,null
2023-09-04T01:52:03Z,24.41,70.10,99,0,24.46,102.50,27.00,578.00,null,null,null
2023-09-04T01:53:03Z,24.38,70.09,99,0,22.99,102.50,26.00,572.00,null,null,null
2023-09-04T01:54:03Z,24.39,70.09,99,0,24.15,102.50,25.00,566.00,null,null,null
2023-09-04T01:55:03Z,24.38,70.05,99,0,23.40,102.50,26.00,572.00,0,0,0
2023-09-04T01:56:03Z,24.37,70.21,99,0,27.68,102.50,23.00,552.00,null,null,null
2023-09-04T01:57:03Z,24.38,70.11,99,0,23.86,102.49,25.00,566.00,null,null,null
2023-09-04T01:58:03Z,24.39,70.09,99,0,23.25,102.49,23.00,552.00,null,null,null
2023-09-04T01:59:03Z,24.37,70.09,99,0,29.61,102.49,24.00,560.00,null,null,null
2023-09-04T02:00:03Z,24.35,70.09,99,0,33.16,102.48,23.00,552.00,0,0,0
2023-09-04T02:01:03Z,24.38,70.18,99,0,34.67,102.48,23.00,552.00,null,null,null
2023-09-04T02:02:03Z,24.35,70.09,99,0,32.41,102.48,23.00,552.00,null,null,null
2023-09-04T02:03:03Z,24.37,70.06,99,0,32.64,102.48,23.00,552.00,null,null,null
2023-09-04T02:04:03Z,24.32,70.01,99,0,29.01,102.48,22.00,548.00,null,null,null
2023-09-04T02:05:03Z,24.35,70.07,99,0,31.12,102.48,22.00,548.00,0,0,0
2023-09-04T02:06:03Z,24.35,70.16,99,0,31.80,102.47,21.00,540.00,null,null,null
2023-09-04T02:07:03Z,24.35,70.07,99,0,null,102.47,21.00,540.00,null,null,null
2023-09-04T02:08:03Z,24.32,70.04,99,0,30.30,102.47,20.00,536.00,null,null,null
2023-09-04T02:09:03Z,24.32,70.02,99,0,35.52,102.47,21.00,540.00,null,null,null
2023-09-04T02:10:03Z,24.32,70.02,99,0,33.41,102.48,20.00,536.00,0,0,0
2023-09-04T02:11:03Z,24.31,70.15,99,0,30.42,102.48,20.00,536.00,null,null,null
2023-09-04T02:12:03Z,24.31,70.09,99,0,33.22,102.48,19.00,530.00,null,null,null
2023-09-04T02:13:03Z,24.29,70.05,99,0,28.60,102.48,19.00,530.00,null,null,null
2023-09-04T02:14:03Z,24.28,70.04,99,0,25.38,102.49,18.00,524.00,null,null,null
2023-09-04T02:15:03Z,24.28,70.03,99,0,25.44,102.49,18.00,524.00,0,0,0
2023-09-04T02:16:03Z,24.28,70.14,99,0,25.16,102.48,18.00,524.00,null,null,null
2023-09-04T02:17:03Z,24.29,70.07,99,0,25.03,102.49,18.00,524.00,null,null,null
2023-09-04T02:18:03Z,24.27,70.04,99,0,24.39,102.48,17.00,518.00,null,null,null
2023-09-04T02:19:03Z,24.25,70.02,99,0,24.23,102.49,16.00,508.00,null,null,null
2023-09-04T02:20:03Z,24.25,70.02,99,0,22.78,102.49,16.00,508.00,0,0,0
2023-09-04T02:21:03Z,24.24,70.09,99,0,23.90,102.48,15.00,502.00,null,null,null
2023-09-04T02:22:03Z,24.27,70.05,99,0,25.00,102.48,18.00,524.00,null,null,null
2023-09-04T02:23:03Z,24.27,70.06,99,0,23.72,102.49,16.00,508.00,null,null,null
2023-09-04T02:24:03Z,24.24,69.96,99,0,24.83,102.49,15.00,502.00,null,null,null
2023-09-04T02:25:03Z,24.20,69.97,99,0,30.70,102.49,15.00,502.00,0,0,0
2023-09-04T02:26:03Z,24.24,70.15,99,0,21.99,102.49,18.00,519.00,null,null,null
2023-09-04T02:27:03Z,24.21,70.04,99,0,25.84,102.49,19.00,530.00,null,null,null
2023-09-04T02:28:03Z,24.21,70.04,99,0,26.46,102.49,18.00,524.00,null,null,null
2023-09-04T02:29:03Z,24.20,69.98,99,0,23.72,102.49,18.00,519.00,null,null,null
2023-09-04T02:30:03Z,24.18,69.99,99,0,21.64,102.48,18.00,519.00,0,0,0
2023-09-04T02:31:03Z,24.18,70.12,99,0,24.83,102.48,16.00,508.00,null,null,null
2023-09-04T02:32:03Z,24.18,70.03,99,0,20.58,102.48,18.00,519.00,null,null,null
2023-09-04T02:33:03Z,24.18,70.02,99,0,22.72,102.48,18.00,524.00,null,null,null
2023-09-04T02:34:03Z,24.20,69.96,99,0,21.18,102.48,18.00,519.00,null,null,null
2023-09-04T02:35:03Z,24.18,69.98,99,0,23.86,102.48,18.00,519.00,0,0,0
2023-09-04T02:36:03Z,24.17,70.07,99,0,23.94,102.48,18.00,519.00,null,null,null
2023-09-04T02:37:03Z,24.21,70.03,99,0,21.78,102.48,16.00,508.00,null,null,null
2023-09-04T02:38:03Z,24.17,69.98,99,0,24.54,102.48,18.00,519.00,null,null,null
2023-09-04T02:39:03Z,24.14,69.98,99,0,24.15,102.48,15.00,502.00,null,null,null
2023-09-04T02:40:03Z,24.11,70.00,99,0,25.06,102.48,15.00,502.00,0,0,0
2023-09-04T02:41:03Z,24.14,70.12,99,0,23.25,102.48,15.00,502.00,null,null,null
2023-09-04T02:42:03Z,24.14,69.99,99,0,22.37,102.48,15.00,502.00,null,null,null
2023-09-04T02:43:03Z,24.13,69.98,99,0,22.72,102.48,15.00,502.00,null,null,null
2023-09-04T02:44:03Z,24.13,69.99,99,0,22.72,102.48,15.00,502.00,null,null,null
2023-09-04T02:45:03Z,24.10,70.00,99,0,23.05,102.48,14.00,498.00,0,0,0
2023-09-04T02:46:03Z,24.11,70.12,99,0,25.65,102.48,15.00,502.00,null,null,null
2023-09-04T02:47:03Z,24.11,70.00,99,0,24.03,102.48,14.00,498.00,null,null,null
2023-09-04T02:48:03Z,24.11,69.98,99,0,21.41,102.48,14.00,493.00,null,null,null
2023-09-04T02:49:03Z,24.11,69.99,99,0,24.23,102.47,14.00,498.00,null,null,null
2023-09-04T02:50:03Z,24.10,69.94,99,0,26.21,102.48,14.00,493.00,0,0,0
2023-09-04T02:51:03Z,24.09,70.03,99,0,26.34,102.48,14.00,493.00,null,null,null
2023-09-04T02:52:03Z,24.11,70.01,99,0,23.81,102.47,14.00,493.00,null,null,null
2023-09-04T02:53:03Z,24.10,70.02,99,0,24.31,102.48,14.00,493.00,null,null,null
2023-09-04T02:54:03Z,24.10,69.95,99,0,23.49,102.48,14.00,493.00,null,null,null
2023-09-04T02:55:03Z,24.04,69.98,99,0,22.37,102.48,14.00,493.00,0,0,0
2023-09-04T02:56:03Z,24.10,70.07,99,0,25.35,102.47,13.00,491.00,null,null,null
2023-09-04T02:57:03Z,24.07,69.98,99,0,25.16,102.47,13.00,491.00,null,null,null
2023-09-04T02:58:03Z,24.09,69.95,99,0,25.29,102.47,13.00,491.00,null,null,null
2023-09-04T02:59:03Z,24.06,69.92,99,0,24.58,102.47,13.00,491.00,null,null,null
