TIME,TEMP,HUM,BATT,LIGHT,NOISE_A,PRESS,CCS811_VOCS,CCS811_ECO2,PM_1,PM_25,PM_10
ISO 8601,C,%,%,Lux,dBA,kPa,ppb,ppm,ug/m3,ug/m3,ug/m3
Time,Temperature,Humidity,Battery,Light,Noise dBA,Barometric pressure,VOC Gas CCS811,eCO2 Gas CCS811,PM 1.0,PM 2.5,PM 10.0
,55,56,10,14,53,58,113,112,89,87,88
2023-08-14T00:00:01Z,23.29,61.74,99,0,30.62,101.25,12.00,480.00,null,null,null
2023-08-14T00:01:01Z,23.29,61.70,99,0,25.62,101.25,12.00,480.00,null,null,null
2023-08-14T00:02:01Z,23.28,61.72,99,0,27.66,101.24,12.00,480.00,null,null,null
2023-08-14T00:03:01Z,23.27,61.74,99,0,31.75,101.25,12.00,485.00,0,0,0
2023-08-14T00:04:01Z,23.27,61.94,99,0,31.74,101.24,12.00,480.00,null,null,null
2023-08-14T00:05:01Z,23.31,61.78,99,0,21.85,101.24,12.00,481.00,null,null,null
2023-08-14T00:06:01Z,23.28,61.78,99,0,23.68,101.24,12.00,481.00,null,null,null
2023-08-14T00:07:01Z,23.27,61.80,99,0,23.94,101.24,11.00,476.00,null,null,null
2023-08-14T00:08:01Z,23.28,61.78,99,0,22.49,101.23,11.00,476.00,0,0,0
2023-08-14T00:09:01Z,23.27,61.96,99,0,21.02,101.23,11.00,476.00,null,null,null
2023-08-14T00:10:01Z,23.27,61.85,99,0,21.71,101.23,11.00,476.00,null,null,null
2023-08-14T00:11:01Z,23.29,61.84,99,0,24.27,101.23,11.00,476.00,null,null,null
2023-08-14T00:12:01Z,23.27,61.83,99,0,25.13,101.22,11.00,476.00,null,null,null
2023-08-14T00:13:01Z,23.28,61.84,99,0,23.05,101.22,11.00,476.00,0,0,0
2023-08-14T00:14:01Z,23.25,61.99,99,0,22.78,101.22,11.00,476.00,null,null,null
2023-08-14T00:15:01Z,23.27,61.90,99,0,22.31,101.22,11.00,476.00,null,null,null
2023-08-14T00:16:01Z,23.25,61.88,99,0,24.35,101.22,11.00,476.00,null,null,null
2023-08-14T00:17:01Z,23.27,61.89,99,0,22.72,101.22,10.00,470.00,null,null,null
2023-08-14T00:18:01Z,23.25,61.89,99,0,22.37,101.22,10.00,470.00,0,0,0
2023-08-14T00:19:01Z,23.22,62.03,99,0,30.70,101.22,10.00,470.00,null,null,null
2023-08-14T00:20:01Z,23.27,61.92,99,0,23.59,101.22,10.00,470.00,null,null,null
2023-08-14T00:21:01Z,23.25,61.93,99,0,23.94,101.22,17.00,514.00,null,null,null
2023-08-14T00:22:01Z,23.25,61.89,99,0,24.96,101.22,10.00,470.00,null,null,null
2023-08-14T00:23:01Z,23.21,61.88,99,0,22.94,101.21,10.00,470.00,0,0,0
2023-08-14T00:24:01Z,23.25,62.00,99,0,23.45,101.22,15.00,505.00,null,null,null
2023-08-14T00:25:01Z,23.24,61.92,99,0,22.37,101.22,9.00,464.00,null,null,null
2023-08-14T00:26:01Z,23.22,61.92,99,0,25.29,101.21,17.00,514.00,null,null,null
2023-08-14T00:27:01Z,23.22,61.93,99,0,22.37,101.22,17.00,514.00,null,null,null
2023-08-14T00:28:01Z,23.21,61.93,99,0,24.96,101.22,15.00,505.00,0,0,0
2023-08-14T00:29:01Z,23.24,62.03,99,0,23.20,101.22,15.00,505.00,null,null,null
2023-08-14T00:30:01Z,23.24,61.93,99,0,22.94,101.21,15.00,505.00,null,null,null
2023-08-14T00:31:01Z,23.21,61.95,99,0,23.30,101.21,15.00,500.00,null,null,null
2023-08-14T00:32:01Z,23.24,61.91,99,0,29.08,101.21,15.00,500.00,null,null,null
2023-08-14T00:33:01Z,23.18,61.92,99,0,22.24,101.21,15.00,500.00,0,0,0
2023-08-14T00:34:01Z,23.21,62.05,99,0,22.49,101.21,14.00,495.00,null,null,null
2023-08-14T00:35:01Z,23.21,61.98,99,0,24.76,101.21,15.00,500.00,null,null,null
2023-08-14T00:36:01Z,23.20,61.95,99,0,24.19,101.21,14.00,495.00,null,null,null
2023-08-14T00:37:01Z,23.18,61.94,99,0,24.86,101.21,14.00,495.00,null,null,null
2023-08-14T00:38:01Z,23.20,61.94,99,0,23.68,101.21,14.00,495.00,0,0,0
2023-08-14T00:39:01Z,23.20,62.06,99,0,25.29,101.21,14.00,495.00,null,null,null
2023-08-14T00:40:01Z,23.18,61.98,99,0,22.05,101.21,13.00,491.00,null,null,null
2023-08-14T00:41:01Z,23.17,61.96,99,0,24.23,101.21,13.00,491.00,null,null,null
2023-08-14T00:42:01Z,23.17,61.97,99,0,26.80,101.21,13.00,491.00,null,null,null
2023-08-14T00:43:01Z,23.15,61.96,99,0,23.54,101.21,13.00,491.00,0,0,0
2023-08-14T00:44:01Z,23.17,62.05,99,0,22.99,101.21,13.00,491.00,null,null,null
2023-08-14T00:45:01Z,23.20,62.02,99,0,25.00,101.20,13.00,491.00,null,null,null
2023-08-14T00:46:01Z,23.21,61.98,99,0,23.30,101.20,12.00,483.00,null,null,null
2023-08-14T00:47:01Z,23.15,62.00,99,0,22.49,101.20,12.00,483.00,null,null,null
2023-08-14T00:48:01Z,23.17,62.01,99,0,30.36,101.20,12.00,483.00,0,0,0
2023-08-14T00:49:01Z,23.17,62.10,99,0,26.62,101.20,12.00,483.00,null,null,null
2023-08-14T00:50:01Z,23.17,61.99,99,0,21.18,101.20,12.00,483.00,null,null,null
2023-08-14T00:51:01Z,23.17,62.00,99,0,28.63,101.20,11.00,478.00,null,null,null
2023-08-14T00:52:01Z,23.14,62.02,99,0,22.78,101.20,11.00,478.00,null,null,null
2023-08-14T00:53:01Z,23.12,62.01,99,0,23.10,101.19,11.00,475.00,0,0,0
2023-08-14T00:54:01Z,23.12,62.12,99,0,31.24,101.19,11.00,475.00,null,null,null
2023-08-14T00:55:01Z,23.12,62.03,99,0,25.70,101.19,13.00,491.00,null,null,null
2023-08-14T00:56:01Z,23.14,62.05,99,0,24.76,101.20,11.00,478.00,null,null,null
2023-08-14T00:57:01Z,23.12,61.99,99,0,24.83,101.19,11.00,478.00,null,null,null
2023-08-14T00:58:01Z,23.11,62.00,99,0,24.27,101.19,11.00,475.00,0,0,0
2023-08-14T00:59:01Z,23.11,62.13,99,0,25.98,101.19,11.00,475.00,null,null,null
2023-08-14T01:00:01Z,23.12,62.06,99,0,27.73,101.18,11.00,475.00,null,null,null
2023-08-14T01:01:01Z,23.11,62.08,99,0,25.70,101.19,11.00,475.00,null,null,null
2023-08-14T01:02:01Z,23.11,62.04,99,0,28.04,101.18,11.00,475.00,null,null,null
2023-08-14T01:03:01Z,23.11,62.04,99,0,29.74,101.18,10.00,466.00,0,0,0
2023-08-14T01:04:01Z,23.08,62.14,99,0,30.85,101.19,10.00,466.00,null,null,null
2023-08-14T01:05:01Z,23.11,62.10,99,0,27.66,101.18,10.00,466.00,null,null,null
2023-08-14T01:06:01Z,23.10,62.06,99,0,27.87,101.19,10.00,466.00,null,null,null
2023-08-14T01:07:01Z,23.08,62.09,99,0,32.76,101.19,10.00,466.00,null,null,null
2023-08-14T01:08:01Z,23.08,62.06,99,0,25.53,101.19,10.00,466.00,0,0,0
2023-08-14T01:09:01Z,23.10,62.21,99,0,28.91,101.19,9.00,461.00,null,null,null
2023-08-14T01:10:01Z,23.08,62.10,99,0,28.12,101.18,9.00,461.00,null,null,null
2023-08-14T01:11:01Z,23.07,62.11,99,0,28.70,101.19,10.00,466.00,null,null,null
2023-08-14T01:12:01Z,23.08,62.08,99,0,30.03,101.18,9.00,461.00,null,null,null
2023-08-14T01:13:01Z,23.10,62.10,99,0,27.04,101.17,8.00,457.00,0,0,0
2023-08-14T01:14:01Z,23.06,62.17,99,0,22.37,101.17,9.00,461.00,null,null,null
2023-08-14T01:15:01Z,23.07,62.13,99,0,23.35,101.17,9.00,461.00,null,null,null
2023-08-14T01:16:01Z,23.06,62.18,99,0,22.05,101.17,10.00,466.00,null,null,null
2023-08-14T01:17:01Z,23.06,62.13,99,0,25.44,101.17,9.00,461.00,null,null,null
2023-08-14T01:18:01Z,23.04,62.12,99,0,23.10,101.17,10.00,466.00,0,0,0
2023-08-14T01:19:01Z,23.03,62.23,99,0,23.90,101.16,9.00,461.00,null,null,null
2023-08-14T01:20:01Z,23.04,62.15,99,0,21.02,101.17,7.00,452.00,null,null,null
2023-08-14T01:21:01Z,23.04,62.20,99,0,22.66,101.17,7.00,452.00,null,null,null
2023-08-14T01:22:01Z,23.04,62.16,99,0,24.43,101.17,8.00,457.00,null,null,null
2023-08-14T01:23:01Z,23.06,62.14,99,0,22.99,101.17,8.00,457.00,0,0,0
2023-08-14T01:24:01Z,23.03,62.28,99,0,24.46,101.17,8.00,457.00,null,null,null
2023-08-14T01:25:01Z,23.01,62.23,99,0,22.31,101.16,8.00,454.00,null,null,null
2023-08-14T01:26:01Z,23.03,62.14,99,0,26.31,101.17,7.00,450.00,null,null,null
2023-08-14T01:27:01Z,23.03,62.18,99,0,25.79,101.16,7.00,450.00,null,null,null
2023-08-14T01:28:01Z,23.00,62.18,99,0,32.05,101.16,7.00,450.00,0,0,0
2023-08-14T01:29:01Z,23.03,62.30,99,0,23.05,101.16,7.00,452.00,null,null,null
2023-08-14T01:30:01Z,23.00,62.19,99,0,23.30,101.16,7.00,446.00,null,null,null
2023-08-14T01:31:01Z,23.00,62.22,99,0,23.81,101.16,7.00,452.00,null,null,null
2023-08-14T01:32:01Z,23.00,62.19,99,0,25.59,101.15,7.00,450.00,null,null,null
2023-08-14T01:33:01Z,23.01,62.19,99,0,24.61,101.15,7.00,450.00,0,0,0
2023-08-14T01:34:01Z,23.03,62.31,99,0,22.37,101.15,6.00,443.00,null,null,null
2023-08-14T01:35:01Z,22.99,62.23,99,0,23.40,101.15,7.00,448.00,null,null,null
2023-08-14T01:36:01Z,23.00,62.20,99,0,24.43,101.15,7.00,450.00,null,null,null
2023-08-14T01:37:01Z,22.99,62.23,99,0,22.31,101.15,6.00,443.00,null,null,null
2023-08-14T01:38:01Z,22.96,62.17,99,0,24.83,101.15,7.00,450.00,0,0,0
2023-08-14T01:39:01Z,22.97,62.34,99,0,23.59,101.15,6.00,443.00,null,null,null
2023-08-14T01:40:01Z,22.97,62.26,99,0,21.85,101.14,5.00,439.00,null,null,null
2023-08-14T01:41:01Z,22.96,62.24,99,0,20.76,101.15,7.00,446.00,null,null,null
2023-08-14T01:42:01Z,22.96,62.25,99,0,22.99,101.15,6.00,443.00,null,null,null
2023-08-14T01:43:01Z,22.94,62.23,99,0,22.66,101.15,5.00,439.00,0,0,0
2023-08-14T01:44:01Z,22.96,62.39,99,0,22.83,101.14,6.00,443.00,null,null,null
2023-08-14T01:45:01Z,22.96,62.30,99,0,24.35,101.14,5.00,439.00,null,null,null
2023-08-14T01:46:01Z,22.94,62.21,99,0,24.43,101.14,5.00,436.00,null,null,null
2023-08-14T01:47:01Z,22.94,62.24,99,0,24.72,101.14,6.00,443.00,null,null,null
2023-08-14T01:48:01Z,22.92,62.25,99,0,22.37,101.14,6.00,441.00,0,0,0
2023-08-14T01:49:01Z,22.94,62.37,99,0,22.18,101.14,5.00,436.00,null,null,null
2023-08-14T01:50:01Z,22.96,62.34,99,0,23.59,101.14,5.00,436.00,null,null,null
2023-08-14T01:51:01Z,22.92,62.34,99,0,25.03,101.13,5.00,436.00,null,null,null
2023-08-14T01:52:01Z,22.90,62.30,99,0,26.03,101.14,5.00,436.00,null,null,null
2023-08-14T01:53:01Z,22.90,62.24,99,0,23.54,101.14,5.00,436.00,0,0,0
2023-08-14T01:54:01Z,22.92,62.40,99,0,23.54,101.14,5.00,435.00,null,null,null
2023-08-14T01:55:01Z,22.90,62.33,99,0,25.26,101.14,4.00,432.00,null,null,null
2023-08-14T01:56:01Z,22.90,62.31,99,0,23.63,101.13,4.00,432.00,null,null,null
2023-08-14T01:57:01Z,22.90,62.30,99,0,21.49,101.13,4.00,432.00,null,null,null
2023-08-14T01:58:01Z,22.89,62.30,99,0,25.90,101.13,4.00,432.00,0,0,0
2023-08-14T01:59:01Z,22.92,62.44,99,0,23.59,101.13,4.00,432.00,null,null,null
2023-08-14T02:00:01Z,22.92,62.35,99,0,27.68,101.13,3.00,425.00,null,null,null
2023-08-14T02:01:01Z,22.89,62.35,99,0,26.08,101.13,3.00,425.00,null,null,null
2023-08-14T02:02:01Z,22.89,62.35,99,0,31.56,101.13,3.00,425.00,null,null,null
2023-08-14T02:03:01Z,22.87,62.32,99,0,25.26,101.13,3.00,425.00,0,0,0
2023-08-14T02:04:01Z,22.89,62.47,99,0,22.37,101.13,3.00,425.00,null,null,null
2023-08-14T02:05:01Z,22.87,62.40,99,0,24.31,101.13,3.00,425.00,null,null,null
2023-08-14T02:06:01Z,22.89,62.36,99,0,25.16,101.13,3.00,425.00,null,null,null
2023-08-14T02:07:01Z,22.87,62.37,99,0,22.24,101.13,3.00,425.00,null,null,null
2023-08-14T02:08:01Z,22.87,62.31,99,0,24.50,101.13,3.00,425.00,0,0,0
2023-08-14T02:09:01Z,22.83,62.48,99,0,23.10,101.13,3.00,422.00,null,null,null
2023-08-14T02:10:01Z,22.84,62.39,99,0,29.27,101.13,3.00,422.00,null,null,null
2023-08-14T02:11:01Z,22.84,62.42,99,0,28.67,101.12,3.00,425.00,null,null,null
2023-08-14T02:12:01Z,22.86,62.31,99,0,33.54,101.13,3.00,425.00,null,null,null
2023-08-14T02:13:01Z,22.84,62.39,99,0,30.14,101.12,3.00,422.00,0,0,0
2023-08-14T02:14:01Z,22.84,62.51,99,0,26.64,101.12,3.00,422.00,null,null,null
2023-08-14T02:15:01Z,22.84,62.43,99,0,28.57,101.12,3.00,422.00,null,null,null
2023-08-14T02:16:01Z,22.83,62.41,99,0,27.90,101.12,3.00,422.00,null,null,null
2023-08-14T02:17:01Z,22.83,62.34,99,0,33.49,101.12,3.00,422.00,null,null,null
2023-08-14T02:18:01Z,22.83,62.38,99,0,26.87,101.12,3.00,422.00,0,0,0
2023-08-14T02:19:01Z,22.82,62.47,99,0,30.26,101.12,3.00,422.00,null,null,null
2023-08-14T02:20:01Z,22.82,62.41,99,0,27.69,101.12,3.00,422.00,null,null,null
2023-08-14T02:21:01Z,22.82,62.42,99,0,29.58,101.12,3.00,422.00,null,null,null
2023-08-14T02:22:01Z,22.82,62.38,99,0,29.68,101.12,2.00,417.00,null,null,null
2023-08-14T02:23:01Z,22.79,62.41,99,0,30.46,101.12,3.00,422.00,0,0,0
2023-08-14T02:24:01Z,22.80,62.58,99,0,25.22,101.12,2.00,417.00,null,null,null
2023-08-14T02:25:01Z,22.82,62.47,99,0,25.03,101.12,2.00,417.00,null,null,null
2023-08-14T02:26:01Z,22.79,62.44,99,0,23.20,101.13,2.00,417.00,null,null,null
2023-08-14T02:27:01Z,22.79,62.43,99,0,25.09,101.12,2.00,417.00,null,null,null
2023-08-14T02:28:01Z,22.77,62.40,99,0,23.45,101.11,2.00,417.00,0,0,0
2023-08-14T02:29:01Z,22.77,62.56,99,0,22.12,101.12,1.00,413.00,null,null,null
2023-08-14T02:30:01Z,22.79,62.48,99,0,23.15,101.12,1.00,413.00,null,null,null
2023-08-14T02:31:01Z,22.79,62.43,99,0,21.10,101.12,1.00,413.00,null,null,null
2023-08-14T02:32:01Z,22.79,62.42,99,0,23.25,101.12,2.00,417.00,null,null,null
2023-08-14T02:33:01Z,22.77,62.42,99,0,24.76,101.11,2.00,417.00,0,0,0
2023-08-14T02:34:01Z,22.76,62.53,99,0,23.49,101.12,1.00,409.00,null,null,null
2023-08-14T02:35:01Z,22.76,62.47,99,0,24.03,101.12,1.00,409.00,null,null,null
2023-08-14T02:36:01Z,22.76,62.46,99,0,30.96,101.11,1.00,409.00,null,null,null
2023-08-14T02:37:01Z,22.75,62.41,99,0,23.54,101.11,1.00,413.00,null,null,null
2023-08-14T02:38:01Z,22.73,62.41,99,0,23.86,101.12,1.00,413.00,0,0,0
2023-08-14T02:39:01Z,22.76,62.56,99,0,23.94,101.11,2.00,414.00,null,null,null
2023-08-14T02:40:01Z,22.73,62.52,99,0,24.68,101.12,1.00,413.00,null,null,null
2023-08-14T02:41:01Z,22.75,62.48,99,0,24.15,101.11,2.00,416.00,null,null,null
2023-08-14T02:42:01Z,22.75,62.43,99,0,22.05,101.11,1.00,413.00,null,null,null
2023-08-14T02:43:01Z,22.76,62.47,99,0,23.59,101.12,1.00,413.00,0,0,0
2023-08-14T02:44:01Z,22.73,62.55,99,0,22.37,101.11,1.00,409.00,null,null,null
2023-08-14T02:45:01Z,22.75,62.53,99,0,24.54,101.12,2.00,416.00,null,null,null
2023-08-14T02:46:01Z,22.75,62.48,99,0,22.72,101.11,1.00,413.00,null,null,null
2023-08-14T02:47:01Z,22.72,62.48,99,0,26.03,101.11,1.00,413.00,null,null,null
2023-08-14T02:48:01Z,22.75,62.48,99,0,23.63,101.11,2.00,416.00,0,0,0
2023-08-14T02:49:01Z,22.73,62.62,99,0,22.18,101.11,1.00,409.00,null,null,null
2023-08-14T02:50:01Z,22.72,62.54,99,0,23.98,101.11,2.00,414.00,null,null,null
2023-08-14T02:51:01Z,22.70,62.49,99,0,24.11,101.11,2.00,416.00,null,null,null
2023-08-14T02:52:01Z,22.70,62.50,99,0,24.23,101.11,2.00,416.00,null,null,null
2023-08-14T02:53:01Z,22.70,62.51,99,0,24.68,101.11,2.00,416.00,0,0,0
2023-08-14T02:54:01Z,22.70,62.59,99,0,22.55,101.11,2.00,416.00,null,null,null
2023-08-14T02:55:01Z,22.70,62.56,99,0,22.99,101.12,2.00,416.00,null,null,null
2023-08-14T02:56:01Z,22.69,62.53,99,0,23.30,101.11,2.00,416.00,null,null,null
2023-08-14T02:57:01Z,22.69,62.54,99,0,22.99,101.11,2.00,416.00,null,null,null
2023-08-14T02:58:01Z,22.70,62.54,99,0,25.29,101.11,2.00,416.00,0,0,0
2023-08-14T02:59:01Z,22.70,62.69,99,0,24.03,101.12,2.00,416.00,null,null,null
