TIME,TEMP,HUM,BATT,LIGHT,NOISE_A,PRESS,CCS811_VOCS,CCS811_ECO2,PM_1,PM_25,PM_10
ISO 8601,C,%,%,Lux,dBA,kPa,ppb,ppm,ug/m3,ug/m3,ug/m3
Time,Temperature,Humidity,Battery,Light,Noise dBA,Barometric pressure,VOC Gas CCS811,eCO2 Gas CCS811,PM 1.0,PM 2.5,PM 10.0
,55,56,10,14,53,58,113,112,89,87,88
2023-08-21T00:00:02Z,24.29,62.70,99,0,26.03,102.29,1.00,411.00,0,0,0
2023-08-21T00:01:02Z,24.31,62.66,99,0,25.67,102.30,1.00,408.00,null,null,null
2023-08-21T00:02:02Z,24.31,62.70,99,0,25.53,102.30,1.00,411.00,null,null,null
2023-08-21T00:03:02Z,24.29,62.64,99,0,25.16,102.30,1.00,411.00,null,null,null
2023-08-21T00:04:02Z,24.28,62.71,99,0,23.54,102.30,1.00,411.00,null,null,null
2023-08-21T00:05:02Z,24.27,62.70,99,0,22.72,102.30,1.00,411.00,0,0,0
2023-08-21T00:06:02Z,24.28,62.72,99,0,23.20,102.30,1.00,411.00,null,null,null
2023-08-21T00:07:02Z,24.27,62.70,99,0,23.81,102.31,1.00,408.00,null,null,null
2023-08-21T00:08:02Z,24.25,62.68,99,0,22.66,102.30,1.00,411.00,null,null,null
2023-08-21T00:09:02Z,24.24,62.75,99,0,24.79,102.30,1.00,408.00,null,null,null
2023-08-21T00:10:02Z,24.24,62.74,99,0,23.68,102.30,2.00,417.00,0,0,0
2023-08-21T00:11:02Z,24.24,62.74,99,0,21.34,102.30,3.00,422.00,null,null,null
2023-08-21T00:12:02Z,24.25,62.77,99,0,24.65,102.30,3.00,425.00,null,null,null
2023-08-21T00:13:02Z,24.21,62.77,99,0,24.79,102.30,0.00,403.00,null,null,null
2023-08-21T00:14:02Z,24.21,62.76,99,0,25.79,102.30,3.00,421.00,null,null,null
2023-08-21T00:15:02Z,24.24,62.80,99,0,25.50,102.30,2.00,417.00,0,0,0
2023-08-21T00:16:02Z,24.18,62.83,99,0,23.20,102.30,2.00,417.00,null,null,null
2023-08-21T00:17:02Z,24.21,62.78,99,0,28.52,102.30,3.00,421.00,null,null,null
2023-08-21T00:18:02Z,24.21,62.80,99,0,21.71,102.30,3.00,421.00,null,null,null
2023-08-21T00:19:02Z,24.21,62.81,99,0,23.05,102.30,3.00,421.00,null,null,null
2023-08-21T00:20:02Z,24.18,62.79,99,0,27.62,102.30,3.00,421.00,0,0,0
2023-08-21T00:21:02Z,24.17,62.85,99,0,22.12,102.29,3.00,421.00,null,null,null
2023-08-21T00:22:02Z,24.18,62.82,99,0,23.90,102.29,3.00,421.00,null,null,null
2023-08-21T00:23:02Z,24.18,62.85,99,0,22.72,102.29,3.00,421.00,null,null,null
2023-08-21T00:24:02Z,24.18,62.80,99,0,24.79,102.29,3.00,421.00,null,null,null
2023-08-21T00:25:02Z,24.16,62.84,99,0,23.68,102.29,3.00,421.00,0,0,0
2023-08-21T00:26:02Z,24.16,62.89,99,0,23.86,102.29,3.00,421.00,null,null,null
2023-08-21T00:27:02Z,24.16,62.84,99,0,24.15,102.29,3.00,421.00,null,null,null
2023-08-21T00:28:02Z,24.17,62.84,99,0,25.44,102.29,2.00,417.00,null,null,null
2023-08-21T00:29:02Z,24.14,62.87,99,0,29.15,102.29,3.00,421.00,null,null,null
2023-08-21T00:30:02Z,24.13,62.86,99,0,28.37,102.29,2.00,417.00,0,0,0
2023-08-21T00:31:02Z,24.11,62.94,99,0,32.16,102.29,2.00,417.00,null,null,null
2023-08-21T00:32:02Z,24.13,62.88,99,0,35.09,102.29,2.00,417.00,null,null,null
2023-08-21T00:33:02Z,24.13,62.92,99,0,29.47,102.29,3.00,421.00,null,null,null
2023-08-21T00:34:02Z,24.13,62.84,99,0,33.86,102.29,2.00,417.00,null,null,null
2023-08-21T00:35:02Z,24.09,62.91,99,0,31.31,102.29,2.00,417.00,0,0,0
2023-08-21T00:36:02Z,24.09,62.96,99,0,38.81,102.29,1.00,413.00,null,null,null
2023-08-21T00:37:02Z,24.11,62.92,99,0,27.49,102.29,2.00,417.00,null,null,null
2023-08-21T00:38:02Z,24.10,62.91,99,0,32.64,102.29,2.00,417.00,null,null,null
2023-08-21T00:39:02Z,24.09,62.95,99,0,28.93,102.29,2.00,417.00,null,null,null
2023-08-21T00:40:02Z,24.07,62.97,99,0,31.98,102.30,3.00,421.00,0,0,0
2023-08-21T00:41:02Z,24.07,63.03,99,0,31.46,102.29,1.00,413.00,null,null,null
2023-08-21T00:42:02Z,24.09,62.99,99,0,28.96,102.29,2.00,417.00,null,null,null
2023-08-21T00:43:02Z,24.04,63.02,99,0,28.34,102.29,2.00,417.00,null,null,null
2023-08-21T00:44:02Z,24.07,63.01,99,0,22.72,102.29,2.00,417.00,null,null,null
2023-08-21T00:45:02Z,24.06,63.02,99,0,25.79,102.30,2.00,417.00,0,0,0
2023-08-21T00:46:02Z,24.07,63.13,99,0,24.50,102.29,3.00,421.00,null,null,null
2023-08-21T00:47:02Z,24.03,63.10,99,0,27.10,102.29,3.00,421.00,null,null,null
2023-08-21T00:48:02Z,24.04,63.12,99,0,24.43,102.30,3.00,421.00,null,null,null
2023-08-21T00:49:02Z,24.03,63.10,99,0,29.57,102.29,3.00,421.00,null,null,null
2023-08-21T00:50:02Z,24.01,63.10,99,0,28.88,102.30,3.00,421.00,0,0,0
2023-08-21T00:51:02Z,24.03,63.20,99,0,27.57,102.30,3.00,421.00,null,null,null
2023-08-21T00:52:02Z,24.04,63.14,99,0,28.64,102.29,3.00,426.00,null,null,null
2023-08-21T00:53:02Z,24.03,63.10,99,0,29.82,102.29,3.00,421.00,null,null,null
2023-08-21T00:54:02Z,24.01,63.10,99,0,30.90,102.29,3.00,421.00,null,null,null
2023-08-21T00:55:02Z,23.99,63.17,99,0,28.76,102.29,3.00,421.00,0,0,0
2023-08-21T00:56:02Z,24.00,63.20,99,0,29.38,102.29,3.00,421.00,null,null,null
2023-08-21T00:57:02Z,24.01,63.19,99,0,33.92,102.29,3.00,421.00,null,null,null
2023-08-21T00:58:02Z,23.97,63.16,99,0,25.41,102.29,3.00,421.00,null,null,null
2023-08-21T00:59:02Z,23.99,63.14,99,0,32.00,102.29,3.00,421.00,null,null,null
2023-08-21T01:00:02Z,23.97,63.17,99,0,28.55,102.29,3.00,421.00,0,0,0
2023-08-21T01:01:02Z,23.97,63.21,99,0,28.40,102.29,3.00,421.00,null,null,null
2023-08-21T01:02:02Z,23.99,63.18,99,0,24.19,102.29,3.00,421.00,null,null,null
2023-08-21T01:03:02Z,23.97,63.18,99,0,25.44,102.29,3.00,421.00,null,null,null
2023-08-21T01:04:02Z,23.94,63.19,99,0,26.84,102.29,3.00,421.00,null,null,null
2023-08-21T01:05:02Z,23.97,63.21,99,0,23.45,102.29,3.00,421.00,0,0,0
2023-08-21T01:06:02Z,23.97,63.26,99,0,28.48,102.29,2.00,417.00,null,null,null
2023-08-21T01:07:02Z,23.97,63.27,99,0,26.64,102.29,1.00,413.00,null,null,null
2023-08-21T01:08:02Z,23.94,63.21,99,0,32.08,102.29,1.00,413.00,null,null,null
2023-08-21T01:09:02Z,23.94,63.23,99,0,24.03,102.29,2.00,416.00,null,null,null
2023-08-21T01:10:02Z,23.93,63.20,99,0,23.63,102.29,3.00,421.00,0,0,0
2023-08-21T01:11:02Z,23.93,63.26,99,0,25.70,102.29,2.00,417.00,null,null,null
2023-08-21T01:12:02Z,23.94,63.23,99,0,24.39,102.29,2.00,416.00,null,null,null
2023-08-21T01:13:02Z,23.92,63.25,99,0,24.54,102.29,3.00,421.00,null,null,null
2023-08-21T01:14:02Z,23.93,63.24,99,0,23.54,102.29,2.00,416.00,null,null,null
2023-08-21T01:15:02Z,23.90,63.23,99,0,25.50,102.29,3.00,421.00,0,0,0
2023-08-21T01:16:02Z,23.93,63.28,99,0,24.15,102.29,2.00,417.00,null,null,null
2023-08-21T01:17:02Z,23.93,63.26,99,0,23.77,102.29,2.00,416.00,null,null,null
2023-08-21T01:18:02Z,23.92,63.28,99,0,24.07,102.30,2.00,416.00,null,null,null
2023-08-21T01:19:02Z,23.90,63.24,99,0,24.03,102.30,2.00,416.00,null,null,null
2023-08-21T01:20:02Z,23.90,63.30,99,0,27.30,102.29,3.00,421.00,0,0,0
2023-08-21T01:21:02Z,23.90,63.36,99,0,25.62,102.30,2.00,416.00,null,null,null
2023-08-21T01:22:02Z,23.90,63.34,99,0,24.43,102.30,2.00,416.00,null,null,null
2023-08-21T01:23:02Z,23.90,63.26,99,0,23.15,102.30,2.00,416.00,null,null,null
2023-08-21T01:24:02Z,23.90,63.31,99,0,22.31,102.30,2.00,416.00,null,null,null
2023-08-21T01:25:02Z,23.87,63.29,99,0,24.15,102.30,2.00,416.00,0,0,0
2023-08-21T01:26:02Z,23.87,63.45,99,0,22.89,102.30,2.00,416.00,null,null,null
2023-08-21T01:27:02Z,23.89,63.38,99,0,23.72,102.30,3.00,422.00,null,null,null
2023-08-21T01:28:02Z,23.87,63.42,99,0,28.22,102.30,2.00,416.00,null,null,null
2023-08-21T01:29:02Z,23.86,63.38,99,0,30.11,102.30,3.00,422.00,null,null,null
2023-08-21T01:30:02Z,23.86,63.39,99,0,21.92,102.30,2.00,416.00,0,0,0
2023-08-21T01:31:02Z,23.87,63.62,99,0,26.08,102.31,3.00,422.00,null,null,null
2023-08-21T01:32:02Z,23.86,63.56,99,0,21.99,102.30,2.00,416.00,null,null,null
2023-08-21T01:33:02Z,23.86,63.56,99,0,24.19,102.30,3.00,422.00,null,null,null
2023-08-21T01:34:02Z,23.84,63.60,99,0,23.49,102.30,3.00,422.00,null,null,null
2023-08-21T01:35:02Z,23.84,63.65,99,0,24.03,102.30,3.00,422.00,0,0,0
2023-08-21T01:36:02Z,23.82,64.02,99,0,25.56,102.30,3.00,425.00,null,null,null
2023-08-21T01:37:02Z,23.84,63.89,99,0,28.92,102.30,3.00,422.00,null,null,null
2023-08-21T01:38:02Z,23.86,63.83,99,0,24.93,102.30,3.00,422.00,null,null,null
2023-08-21T01:39:02Z,23.83,63.90,99,0,33.72,102.31,2.00,418.00,null,null,null
2023-08-21T01:40:02Z,23.83,63.91,99,0,37.64,102.30,3.00,422.00,0,0,0
2023-08-21T01:41:02Z,23.84,64.22,99,0,32.53,102.30,3.00,422.00,null,null,null
2023-08-21T01:42:02Z,23.83,64.01,99,0,30.52,102.30,2.00,418.00,null,null,null
2023-08-21T01:43:02Z,23.79,64.04,99,0,34.27,102.30,3.00,422.00,null,null,null
2023-08-21T01:44:02Z,23.80,63.98,99,0,33.23,102.30,3.00,422.00,null,null,null
2023-08-21T01:45:02Z,23.80,64.04,99,0,32.36,102.30,3.00,422.00,0,0,0
2023-08-21T01:46:02Z,23.82,64.40,99,0,26.62,102.30,3.00,422.00,null,null,null
2023-08-21T01:47:02Z,23.83,64.18,99,0,31.09,102.30,3.00,420.00,null,null,null
2023-08-21T01:48:02Z,23.82,64.14,99,0,27.69,102.30,3.00,422.00,null,null,null
2023-08-21T01:49:02Z,23.80,64.14,99,0,26.34,102.30,3.00,422.00,null,null,null
2023-08-21T01:50:02Z,23.79,64.13,99,0,28.30,102.30,3.00,422.00,0,0,0
2023-08-21T01:51:02Z,23.82,64.40,99,0,25.00,102.30,3.00,422.00,null,null,null
2023-08-21T01:52:02Z,23.79,64.24,99,0,24.58,102.30,3.00,424.00,null,null,null
2023-08-21T01:53:02Z,23.79,64.19,99,0,26.26,102.30,3.00,426.00,null,null,null
2023-08-21T01:54:02Z,23.82,64.13,99,0,22.66,102.30,3.00,422.00,null,null,null
2023-08-21T01:55:02Z,23.77,64.20,99,0,23.05,102.30,3.00,422.00,0,0,0
2023-08-21T01:56:02Z,23.77,64.45,99,0,23.72,102.30,3.00,426.00,null,null,null
2023-08-21T01:57:02Z,23.80,64.27,99,0,22.55,102.30,3.00,420.00,null,null,null
2023-08-21T01:58:02Z,23.77,64.29,99,0,23.35,102.30,3.00,424.00,null,null,null
2023-08-21T01:59:02Z,23.76,64.24,99,0,25.79,102.30,3.00,420.00,null,null,null
2023-08-21T02:00:02Z,23.77,64.21,99,0,25.09,102.30,3.00,426.00,0,0,0
2023-08-21T02:01:02Z,23.77,64.47,99,0,23.20,102.30,3.00,422.00,null,null,null
2023-08-21T02:02:02Z,23.76,64.33,99,0,26.82,102.30,3.00,420.00,null,null,null
2023-08-21T02:03:02Z,23.75,64.27,99,0,23.25,102.30,3.00,420.00,null,null,null
2023-08-21T02:04:02Z,23.76,64.26,99,0,22.18,102.29,3.00,420.00,null,null,null
2023-08-21T02:05:02Z,23.76,64.27,99,0,24.65,102.30,3.00,424.00,0,0,0
2023-08-21T02:06:02Z,23.76,64.49,99,0,25.53,102.30,3.00,420.00,null,null,null
2023-08-21T02:07:02Z,23.76,64.35,99,0,23.49,102.31,3.00,420.00,null,null,null
2023-08-21T02:08:02Z,23.75,64.28,99,0,23.59,102.31,3.00,420.00,null,null,null
2023-08-21T02:09:02Z,23.76,64.29,99,0,23.10,102.31,3.00,420.00,null,null,null
2023-08-21T02:10:02Z,23.76,64.29,99,0,22.89,102.31,3.00,420.00,0,0,0
2023-08-21T02:11:02Z,23.73,64.52,99,0,23.72,102.31,3.00,420.00,null,null,null
2023-08-21T02:12:02Z,23.75,64.36,99,0,24.83,102.31,8.00,456.00,null,null,null
2023-08-21T02:13:02Z,23.76,64.38,99,0,24.19,102.31,3.00,420.00,null,null,null
2023-08-21T02:14:02Z,23.72,64.35,99,0,23.77,102.31,3.00,420.00,null,null,null
2023-08-21T02:15:02Z,23.69,64.35,99,0,26.08,102.31,8.00,456.00,0,0,0
2023-08-21T02:16:02Z,23.73,64.52,99,0,22.61,102.31,8.00,456.00,null,null,null
2023-08-21T02:17:02Z,23.73,64.42,99,0,23.68,102.31,7.00,452.00,null,null,null
2023-08-21T02:18:02Z,23.73,64.40,99,0,22.55,102.31,8.00,456.00,null,null,null
2023-08-21T02:19:02Z,23.72,64.39,99,0,31.07,102.31,7.00,452.00,null,null,null
2023-08-21T02:20:02Z,23.70,64.35,99,0,22.49,102.31,7.00,452.00,0,0,0
2023-08-21T02:21:02Z,23.70,64.60,99,0,24.19,102.31,8.00,456.00,null,null,null
2023-08-21T02:22:02Z,23.72,64.47,99,0,22.72,102.31,9.00,461.00,null,null,null
2023-08-21T02:23:02Z,23.72,64.43,99,0,25.35,102.31,8.00,456.00,null,null,null
2023-08-21T02:24:02Z,23.69,64.40,99,0,20.93,102.31,9.00,461.00,null,null,null
2023-08-21T02:25:02Z,23.70,64.44,99,0,25.22,102.31,9.00,461.00,0,0,0
2023-08-21T02:26:02Z,23.69,64.62,99,0,23.54,102.30,9.00,461.00,null,null,null
2023-08-21T02:27:02Z,23.70,64.49,99,0,24.65,102.31,9.00,461.00,null,null,null
2023-08-21T02:28:02Z,23.69,64.46,99,0,23.15,102.31,9.00,461.00,null,null,null
2023-08-21T02:29:02Z,23.69,64.47,99,0,25.35,102.31,9.00,461.00,null,null,null
2023-08-21T02:30:02Z,23.66,64.44,99,0,23.45,102.31,9.00,461.00,0,0,0
2023-08-21T02:31:02Z,23.69,64.69,99,0,22.49,102.31,9.00,464.00,null,null,null
2023-08-21T02:32:02Z,23.69,64.54,99,0,24.15,102.31,9.00,464.00,null,null,null
2023-08-21T02:33:02Z,23.66,64.51,99,0,24.35,102.31,9.00,461.00,null,null,null
2023-08-21T02:34:02Z,23.66,64.45,99,0,22.78,102.31,9.00,464.00,null,null,null
2023-08-21T02:35:02Z,23.66,64.45,99,0,24.23,102.31,9.00,461.00,0,0,0
2023-08-21T02:36:02Z,23.66,64.69,99,0,23.15,102.31,9.00,464.00,null,null,null
2023-08-21T02:37:02Z,23.68,64.54,99,0,25.32,102.31,9.00,464.00,null,null,null
2023-08-21T02:38:02Z,23.65,64.54,99,0,25.87,102.30,9.00,464.00,null,null,null
2023-08-21T02:39:02Z,23.68,64.53,99,0,25.38,102.31,9.00,464.00,null,null,null
2023-08-21T02:40:02Z,23.66,64.48,99,0,23.54,102.31,9.00,464.00,0,0,0
2023-08-21T02:41:02Z,23.63,64.70,99,0,23.72,102.31,9.00,464.00,null,null,null
2023-08-21T02:42:02Z,23.65,64.58,99,0,26.97,102.30,9.00,464.00,null,null,null
2023-08-21T02:43:02Z,23.66,64.57,99,0,22.94,102.31,9.00,464.00,null,null,null
2023-08-21T02:44:02Z,23.68,64.55,99,0,23.81,102.31,9.00,464.00,null,null,null
2023-08-21T02:45:02Z,23.63,64.53,99,0,26.06,102.31,9.00,464.00,0,0,0
2023-08-21T02:46:02Z,23.65,64.71,99,0,30.05,102.31,9.00,464.00,null,null,null
2023-08-21T02:47:02Z,23.63,64.63,99,0,null,102.31,9.00,464.00,null,null,null
2023-08-21T02:48:02Z,23.63,64.51,99,0,36.31,102.31,9.00,464.00,null,null,null
2023-08-21T02:49:02Z,23.61,64.59,99,0,35.09,102.31,9.00,464.00,null,null,null
2023-08-21T02:50:02Z,23.65,64.56,99,0,29.65,102.31,9.00,464.00,0,0,0
2023-08-21T02:51:02Z,23.62,64.78,99,0,28.42,102.31,9.00,464.00,null,null,null
2023-08-21T02:52:02Z,23.63,64.63,99,0,35.49,102.31,9.00,460.00,null,null,null
2023-08-21T02:53:02Z,23.63,64.61,99,0,27.96,102.31,9.00,461.00,null,null,null
2023-08-21T02:54:02Z,23.62,64.57,99,0,29.07,102.31,9.00,461.00,null,null,null
2023-08-21T02:55:02Z,23.59,64.62,99,0,33.15,102.32,9.00,461.00,0,0,0
2023-08-21T02:56:02Z,23.61,64.77,99,0,30.10,102.31,9.00,464.00,null,null,null
2023-08-21T02:57:02Z,23.62,64.67,99,0,29.82,102.32,9.00,460.00,null,null,null
2023-08-21T02:58:02Z,23.62,64.63,99,0,24.72,102.32,9.00,461.00,null,null,null
2023-08-21T02:59:02Z,23.59,64.57,99,0,32.46,102.32,9.00,464.00,null,null,null
