TIME,TEMP,HUM,BATT,LIGHT,NOISE_A,PRESS,CCS811_VOCS,CCS811_ECO2,PM_1,PM_25,PM_10
ISO 8601,C,%,%,Lux,dBA,kPa,ppb,ppm,ug/m3,ug/m3,ug/m3
Time,Temperature,Humidity,Battery,Light,Noise dBA,Barometric pressure,VOC Gas CCS811,eCO2 Gas CCS811,PM 1.0,PM 2.5,PM 10.0
,55,56,10,14,53,58,113,112,89,87,88
2023-09-11T00:00:02Z,27.92,60.07,99,0,30.97,101.32,5.00,436.00,0,0,0
2023-09-11T00:01:02Z,27.90,60.30,99,0,28.71,101.33,5.00,436.00,null,null,null
2023-09-11T00:02:02Z,27.89,60.15,99,0,32.26,101.33,5.00,438.00,null,null,null
2023-09-11T00:03:02Z,27.90,60.10,99,0,28.23,101.33,6.00,442.00,null,null,null
2023-09-11T00:04:02Z,27.89,60.17,99,0,29.47,101.33,6.00,442.00,null,null,null
2023-09-11T00:05:02Z,27.88,60.09,99,0,28.96,101.33,5.00,436.00,0,0,0
2023-09-11T00:06:02Z,27.89,60.33,99,0,30.36,101.32,6.00,442.00,null,null,null
2023-09-11T00:07:02Z,27.86,60.22,99,0,29.90,101.33,5.00,433.00,null,null,null
2023-09-11T00:08:02Z,27.86,60.15,99,0,31.45,101.33,5.00,436.00,null,null,null
2023-09-11T00:09:02Z,27.85,60.17,99,0,31.54,101.32,5.00,436.00,null,null,null
2023-09-11T00:10:02Z,27.85,60.16,99,0,25.03,101.33,5.00,436.00,0,0,0
2023-09-11T00:11:02Z,27.86,60.37,99,0,31.73,101.33,5.00,436.00,null,null,null
2023-09-11T00:12:02Z,27.89,60.22,99,0,28.95,101.32,5.00,433.00,null,null,null
2023-09-11T00:13:02Z,27.81,60.25,99,0,31.99,101.33,5.00,436.00,null,null,null
2023-09-11T00:14:02Z,27.85,60.25,99,0,23.59,101.33,5.00,433.00,null,null,null
2023-09-11T00:15:02Z,27.82,60.18,99,0,26.24,101.33,5.00,433.00,0,0,0
2023-09-11T00:16:02Z,27.82,60.47,99,0,23.81,101.33,5.00,436.00,null,null,null
2023-09-11T00:17:02Z,27.82,60.31,99,0,23.94,101.33,5.00,433.00,null,null,null
2023-09-11T00:18:02Z,27.85,60.27,99,0,20.85,101.33,5.00,433.00,null,null,null
2023-09-11T00:19:02Z,27.81,60.23,99,0,24.89,101.33,5.00,433.00,null,null,null
2023-09-11T00:20:02Z,27.82,60.23,99,0,22.66,101.32,5.00,436.00,0,0,0
2023-09-11T00:21:02Z,27.82,60.44,99,0,24.31,101.32,4.00,432.00,null,null,null
2023-09-11T00:22:02Z,27.84,60.32,99,0,22.89,101.32,3.00,426.00,null,null,null
2023-09-11T00:23:02Z,27.81,60.33,99,0,25.41,101.32,3.00,426.00,null,null,null
2023-09-11T00:24:02Z,27.78,60.30,99,0,36.52,101.32,3.00,426.00,null,null,null
2023-09-11T00:25:02Z,27.78,60.28,99,0,24.15,101.32,3.00,426.00,0,0,0
2023-09-11T00:26:02Z,27.79,60.54,99,0,25.35,101.32,3.00,426.00,null,null,null
2023-09-11T00:27:02Z,27.76,60.40,99,0,23.30,101.31,3.00,426.00,null,null,null
2023-09-11T00:28:02Z,27.75,60.28,99,0,25.32,101.31,3.00,426.00,null,null,null
2023-09-11T00:29:02Z,27.76,60.35,99,0,23.90,101.31,3.00,424.00,null,null,null
2023-09-11T00:30:02Z,27.75,60.33,99,0,23.68,101.30,3.00,424.00,0,0,0
2023-09-11T00:31:02Z,27.75,60.55,99,0,22.66,101.31,3.00,426.00,null,null,null
2023-09-11T00:32:02Z,27.75,60.38,99,0,25.35,101.31,3.00,426.00,null,null,null
2023-09-11T00:33:02Z,27.75,60.35,99,0,28.25,101.31,3.00,424.00,null,null,null
2023-09-11T00:34:02Z,27.75,60.35,99,0,22.24,101.30,3.00,424.00,null,null,null
2023-09-11T00:35:02Z,27.73,60.31,99,0,25.03,101.31,3.00,420.00,0,0,0
2023-09-11T00:36:02Z,27.71,60.57,99,0,29.93,101.31,3.00,420.00,null,null,null
2023-09-11T00:37:02Z,27.72,60.49,99,0,23.20,101.30,8.00,457.00,null,null,null
2023-09-11T00:38:02Z,27.71,60.45,99,0,24.46,101.30,8.00,457.00,null,null,null
2023-09-11T00:39:02Z,27.69,60.38,99,0,22.78,101.30,8.00,457.00,null,null,null
2023-09-11T00:40:02Z,27.71,60.45,99,0,22.43,101.31,8.00,457.00,0,0,0
2023-09-11T00:41:02Z,27.73,60.66,99,0,24.46,101.31,7.00,452.00,null,null,null
2023-09-11T00:42:02Z,27.71,60.52,99,0,22.83,101.31,8.00,457.00,null,null,null
2023-09-11T00:43:02Z,27.69,60.45,99,0,23.77,101.31,8.00,457.00,null,null,null
2023-09-11T00:44:02Z,27.69,60.46,99,0,22.78,101.31,8.00,457.00,null,null,null
2023-09-11T00:45:02Z,27.68,60.48,99,0,23.59,101.31,8.00,457.00,0,0,0
2023-09-11T00:46:02Z,27.66,60.68,99,0,23.45,101.31,7.00,452.00,null,null,null
2023-09-11T00:47:02Z,27.69,60.51,99,0,25.09,101.30,7.00,452.00,null,null,null
2023-09-11T00:48:02Z,27.66,60.51,99,0,24.86,101.30,7.00,452.00,null,null,null
2023-09-11T00:49:02Z,27.66,60.53,99,0,24.15,101.30,7.00,452.00,null,null,null
2023-09-11T00:50:02Z,27.65,60.54,99,0,24.50,101.30,7.00,452.00,0,0,0
2023-09-11T00:51:02Z,27.68,60.73,99,0,23.81,101.30,7.00,452.00,null,null,null
2023-09-11T00:52:02Z,27.66,60.63,99,0,24.07,101.30,7.00,452.00,null,null,null
2023-09-11T00:53:02Z,27.66,60.59,99,0,22.83,101.30,7.00,452.00,null,null,null
2023-09-11T00:54:02Z,27.65,60.54,99,0,24.65,101.30,7.00,452.00,null,null,null
2023-09-11T00:55:02Z,27.65,60.54,99,0,24.31,101.29,7.00,448.00,0,0,0
2023-09-11T00:56:02Z,27.65,60.80,99,0,29.99,101.30,7.00,452.00,null,null,null
2023-09-11T00:57:02Z,27.66,60.66,99,0,null,101.29,6.00,444.00,null,null,null
2023-09-11T00:58:02Z,27.62,60.54,99,0,33.17,101.29,7.00,452.00,null,null,null
2023-09-11T00:59:02Z,27.62,60.60,99,0,29.36,101.29,7.00,448.00,null,null,null
2023-09-11T01:00:02Z,27.64,60.53,99,0,27.04,101.29,7.00,448.00,0,0,0
2023-09-11T01:01:02Z,27.62,60.80,99,0,31.79,101.29,7.00,452.00,null,null,null
2023-09-11T01:02:02Z,27.61,60.66,99,0,28.70,101.29,6.00,444.00,null,null,null
2023-09-11T01:03:02Z,27.61,60.62,99,0,31.37,101.29,7.00,448.00,null,null,null
2023-09-11T01:04:02Z,27.62,60.63,99,0,30.35,101.29,7.00,448.00,null,null,null
2023-09-11T01:05:02Z,27.62,60.63,99,0,34.10,101.29,7.00,448.00,0,0,0
2023-09-11T01:06:02Z,27.61,60.81,99,0,28.77,101.29,7.00,448.00,null,null,null
2023-09-11T01:07:02Z,27.61,60.69,99,0,31.96,101.29,6.00,444.00,null,null,null
2023-09-11T01:08:02Z,27.58,60.66,99,0,25.92,101.30,7.00,448.00,null,null,null
2023-09-11T01:09:02Z,27.58,60.67,99,0,30.33,101.30,7.00,448.00,null,null,null
2023-09-11T01:10:02Z,27.55,60.70,99,0,25.59,101.29,7.00,448.00,0,0,0
2023-09-11T01:11:02Z,27.58,60.89,99,0,33.35,101.30,7.00,448.00,null,null,null
2023-09-11T01:12:02Z,27.60,60.73,99,0,23.35,101.29,6.00,444.00,null,null,null
2023-09-11T01:13:02Z,27.58,60.74,99,0,25.62,101.29,6.00,444.00,null,null,null
2023-09-11T01:14:02Z,27.58,60.68,99,0,null,101.29,7.00,448.00,null,null,null
2023-09-11T01:15:02Z,27.55,60.68,99,0,24.19,101.29,7.00,448.00,0,0,0
2023-09-11T01:16:02Z,27.55,60.91,99,0,23.30,101.29,6.00,444.00,null,null,null
2023-09-11T01:17:02Z,27.55,60.76,99,0,25.00,101.29,5.00,439.00,null,null,null
2023-09-11T01:18:02Z,27.54,60.77,99,0,22.12,101.29,5.00,439.00,null,null,null
2023-09-11T01:19:02Z,27.55,60.78,99,0,23.35,101.29,5.00,439.00,null,null,null
2023-09-11T01:20:02Z,27.53,60.74,99,0,23.49,101.29,5.00,439.00,0,0,0
2023-09-11T01:21:02Z,27.53,60.94,99,0,24.50,101.29,6.00,444.00,null,null,null
2023-09-11T01:22:02Z,27.55,60.78,99,0,30.73,101.28,5.00,434.00,null,null,null
2023-09-11T01:23:02Z,27.51,60.87,99,0,22.78,101.29,5.00,434.00,null,null,null
2023-09-11T01:24:02Z,27.54,60.82,99,0,22.99,101.28,5.00,439.00,null,null,null
2023-09-11T01:25:02Z,27.48,60.84,99,0,25.53,101.28,5.00,439.00,0,0,0
2023-09-11T01:26:02Z,27.53,60.96,99,0,25.29,101.29,5.00,434.00,null,null,null
2023-09-11T01:27:02Z,27.54,60.90,99,0,24.50,101.29,5.00,434.00,null,null,null
2023-09-11T01:28:02Z,27.53,60.77,99,0,23.59,101.28,5.00,434.00,null,null,null
2023-09-11T01:29:02Z,27.50,60.77,99,0,24.93,101.29,5.00,434.00,null,null,null
2023-09-11T01:30:02Z,27.50,60.81,99,0,24.83,101.29,5.00,434.00,0,0,0
2023-09-11T01:31:02Z,27.48,61.06,99,0,24.23,101.29,5.00,434.00,null,null,null
2023-09-11T01:32:02Z,27.50,60.93,99,0,23.98,101.29,5.00,434.00,null,null,null
2023-09-11T01:33:02Z,27.47,60.87,99,0,27.68,101.29,5.00,434.00,null,null,null
2023-09-11T01:34:02Z,27.50,60.89,99,0,25.92,101.30,5.00,434.00,null,null,null
2023-09-11T01:35:02Z,27.47,60.87,99,0,22.49,101.29,5.00,434.00,0,0,0
2023-09-11T01:36:02Z,27.48,61.04,99,0,23.59,101.30,5.00,434.00,null,null,null
2023-09-11T01:37:02Z,27.47,60.93,99,0,26.29,101.30,5.00,434.00,null,null,null
2023-09-11T01:38:02Z,27.45,60.88,99,0,24.07,101.30,5.00,434.00,null,null,null
2023-09-11T01:39:02Z,27.47,60.89,99,0,25.62,101.30,5.00,434.00,null,null,null
2023-09-11T01:40:02Z,27.45,60.91,99,0,23.72,101.30,5.00,434.00,0,0,0
2023-09-11T01:41:02Z,27.45,61.11,99,0,24.07,101.30,5.00,434.00,null,null,null
2023-09-11T01:42:02Z,27.45,60.95,99,0,25.09,101.30,5.00,434.00,null,null,null
2023-09-11T01:43:02Z,27.45,60.88,99,0,25.92,101.30,4.00,428.00,null,null,null
2023-09-11T01:44:02Z,27.44,60.89,99,0,23.40,101.30,5.00,434.00,null,null,null
2023-09-11T01:45:02Z,27.43,60.90,99,0,23.72,101.29,5.00,434.00,0,0,0
2023-09-11T01:46:02Z,27.45,61.14,99,0,23.90,101.29,5.00,434.00,null,null,null
2023-09-11T01:47:02Z,27.45,60.98,99,0,24.58,101.29,5.00,434.00,null,null,null
2023-09-11T01:48:02Z,27.44,60.99,99,0,26.57,101.29,5.00,434.00,null,null,null
2023-09-11T01:49:02Z,27.43,60.95,99,0,24.68,101.29,5.00,434.00,null,null,null
2023-09-11T01:50:02Z,27.38,60.95,99,0,22.83,101.29,5.00,434.00,0,0,0
2023-09-11T01:51:02Z,27.43,61.17,99,0,23.40,101.29,4.00,428.00,null,null,null
2023-09-11T01:52:02Z,27.43,61.06,99,0,23.81,101.30,5.00,434.00,null,null,null
2023-09-11T01:53:02Z,27.41,61.01,99,0,21.85,101.29,4.00,428.00,null,null,null
2023-09-11T01:54:02Z,27.38,61.00,99,0,23.45,101.29,5.00,434.00,null,null,null
2023-09-11T01:55:02Z,27.37,61.02,99,0,25.09,101.29,4.00,428.00,0,0,0
2023-09-11T01:56:02Z,27.40,61.22,99,0,26.00,101.30,4.00,428.00,null,null,null
2023-09-11T01:57:02Z,27.40,61.10,99,0,33.15,101.29,4.00,428.00,null,null,null
2023-09-11T01:58:02Z,27.37,61.05,99,0,29.13,101.29,4.00,428.00,null,null,null
2023-09-11T01:59:02Z,27.38,61.03,99,0,32.08,101.29,4.00,428.00,null,null,null
2023-09-11T02:00:02Z,27.37,61.05,99,0,29.05,101.29,4.00,428.00,0,0,0
2023-09-11T02:01:02Z,27.38,61.24,99,0,26.36,101.28,4.00,428.00,null,null,null
2023-09-11T02:02:02Z,27.37,61.14,99,0,29.22,101.29,4.00,428.00,null,null,null
2023-09-11T02:03:02Z,27.37,61.06,99,0,27.99,101.29,3.00,424.00,null,null,null
2023-09-11T02:04:02Z,27.36,61.07,99,0,26.55,101.29,4.00,428.00,null,null,null
2023-09-11T02:05:02Z,27.33,61.11,99,0,29.26,101.29,4.00,428.00,0,0,0
2023-09-11T02:06:02Z,27.36,61.24,99,0,27.85,101.28,3.00,424.00,null,null,null
2023-09-11T02:07:02Z,27.37,61.17,99,0,32.12,101.28,3.00,424.00,null,null,null
2023-09-11T02:08:02Z,27.34,61.11,99,0,31.95,101.28,3.00,424.00,null,null,null
2023-09-11T02:09:02Z,27.34,61.12,99,0,27.66,101.28,3.00,424.00,null,null,null
2023-09-11T02:10:02Z,27.34,61.10,99,0,28.99,101.28,3.00,424.00,0,0,0
2023-09-11T02:11:02Z,27.33,61.30,99,0,23.63,101.28,3.00,422.00,null,null,null
2023-09-11T02:12:02Z,27.34,61.20,99,0,25.84,101.28,3.00,420.00,null,null,null
2023-09-11T02:13:02Z,27.34,61.17,99,0,23.54,101.29,3.00,424.00,null,null,null
2023-09-11T02:14:02Z,27.33,61.11,99,0,25.79,101.29,3.00,424.00,null,null,null
2023-09-11T02:15:02Z,27.33,61.13,99,0,23.15,101.29,3.00,424.00,0,0,0
2023-09-11T02:16:02Z,27.33,61.36,99,0,24.11,101.29,3.00,424.00,null,null,null
2023-09-11T02:17:02Z,27.31,61.21,99,0,23.54,101.29,3.00,420.00,null,null,null
2023-09-11T02:18:02Z,27.31,61.18,99,0,22.31,101.29,3.00,424.00,null,null,null
2023-09-11T02:19:02Z,27.31,61.16,99,0,24.11,101.28,3.00,424.00,null,null,null
2023-09-11T02:20:02Z,27.30,61.19,99,0,23.68,101.29,3.00,424.00,0,0,0
2023-09-11T02:21:02Z,27.31,61.39,99,0,23.25,101.29,3.00,424.00,null,null,null
2023-09-11T02:22:02Z,27.30,61.24,100,0,24.43,101.28,3.00,420.00,null,null,null
2023-09-11T02:23:02Z,27.30,61.24,99,0,25.38,101.29,3.00,424.00,null,null,null
2023-09-11T02:24:02Z,27.29,61.23,99,0,23.68,101.28,3.00,424.00,null,null,null
2023-09-11T02:25:02Z,27.29,61.26,99,0,23.94,101.28,3.00,424.00,0,0,0
2023-09-11T02:26:02Z,27.30,61.42,99,0,24.79,101.28,3.00,420.00,null,null,null
2023-09-11T02:27:02Z,27.29,61.25,99,0,21.56,101.28,3.00,420.00,null,null,null
2023-09-11T02:28:02Z,27.29,61.31,99,0,23.15,101.28,3.00,420.00,null,null,null
2023-09-11T02:29:02Z,27.27,61.28,99,0,25.09,101.28,2.00,417.00,null,null,null
2023-09-11T02:30:02Z,27.27,61.22,99,0,23.98,101.28,3.00,420.00,0,0,0
2023-09-11T02:31:02Z,27.29,61.48,99,0,23.90,101.28,3.00,424.00,null,null,null
2023-09-11T02:32:02Z,27.29,61.33,99,0,22.72,101.28,3.00,420.00,null,null,null
2023-09-11T02:33:02Z,27.27,61.29,99,0,21.78,101.28,3.00,420.00,null,null,null
2023-09-11T02:34:02Z,27.26,61.25,99,0,23.59,101.28,3.00,420.00,null,null,null
2023-09-11T02:35:02Z,27.26,61.24,99,0,24.46,101.28,2.00,417.00,0,0,0
2023-09-11T02:36:02Z,27.26,61.49,99,0,22.78,101.28,3.00,424.00,null,null,null
2023-09-11T02:37:02Z,27.26,61.35,99,0,21.92,101.28,2.00,417.00,null,null,null
2023-09-11T02:38:02Z,27.24,61.33,99,0,24.50,101.28,2.00,417.00,null,null,null
2023-09-11T02:39:02Z,27.23,61.26,99,0,23.30,101.28,7.00,452.00,null,null,null
2023-09-11T02:40:02Z,27.24,61.30,99,0,23.05,101.28,7.00,452.00,0,0,0
2023-09-11T02:41:02Z,27.23,61.54,99,0,25.22,101.28,7.00,452.00,null,null,null
2023-09-11T02:42:02Z,27.24,61.35,99,0,24.23,101.28,7.00,452.00,null,null,null
2023-09-11T02:43:02Z,27.26,61.34,99,0,22.72,101.28,6.00,445.00,null,null,null
2023-09-11T02:44:02Z,27.23,61.36,99,0,24.07,101.27,2.00,417.00,null,null,null
2023-09-11T02:45:02Z,27.20,61.32,99,0,24.03,101.28,7.00,452.00,0,0,0
2023-09-11T02:46:02Z,27.23,61.56,99,0,23.54,101.28,7.00,452.00,null,null,null
2023-09-11T02:47:02Z,27.21,61.45,99,0,24.23,101.28,7.00,452.00,null,null,null
2023-09-11T02:48:02Z,27.23,61.36,99,0,23.05,101.27,7.00,452.00,null,null,null
2023-09-11T02:49:02Z,27.21,61.42,99,0,23.20,101.27,6.00,445.00,null,null,null
2023-09-11T02:50:02Z,27.20,61.38,99,0,23.25,101.27,7.00,452.00,0,0,0
2023-09-11T02:51:02Z,27.21,61.59,99,0,23.98,101.27,6.00,445.00,null,null,null
2023-09-11T02:52:02Z,27.21,61.51,99,0,24.65,101.27,6.00,445.00,null,null,null
2023-09-11T02:53:02Z,27.20,61.42,99,0,24.54,101.27,6.00,445.00,null,null,null
2023-09-11T02:54:02Z,27.21,61.39,99,0,30.29,101.27,6.00,445.00,null,null,null
2023-09-11T02:55:02Z,27.20,61.41,99,0,29.90,101.27,7.00,452.00,0,0,0
2023-09-11T02:56:02Z,27.20,61.63,99,0,30.07,101.27,6.00,445.00,null,null,null
2023-09-11T02:57:02Z,27.21,61.45,99,0,30.23,101.27,6.00,445.00,null,null,null
2023-09-11T02:58:02Z,27.17,61.37,99,0,32.68,101.27,7.00,452.00,null,null,null
2023-09-11T02:59:02Z,27.19,61.42,99,0,31.39,101.27,6.00,445.00,null,null,null
