TIME,TEMP,HUM,BATT,LIGHT,NOISE_A,PRESS,CCS811_VOCS,CCS811_ECO2,PM_1,PM_25,PM_10
ISO 8601,C,%,%,Lux,dBA,kPa,ppb,ppm,ug/m3,ug/m3,ug/m3
Time,Temperature,Humidity,Battery,Light,Noise dBA,Barometric pressure,VOC Gas CCS811,eCO2 Gas CCS811,PM 1.0,PM 2.5,PM 10.0
,55,56,10,14,53,58,113,112,89,87,88
2023-08-16T00:00:57Z,24.86,66.19,99,0,34.14,101.80,4.00,428.00,1,1,1
2023-08-16T00:01:57Z,24.87,66.27,99,0,30.88,101.80,5.00,435.00,null,null,null
2023-08-16T00:02:57Z,24.88,66.20,99,0,33.50,101.80,4.00,428.00,null,null,null
2023-08-16T00:03:57Z,24.86,66.31,99,0,30.34,101.80,5.00,435.00,null,null,null
2023-08-16T00:04:57Z,24.88,66.30,99,0,31.63,101.80,3.00,424.00,null,null,null
2023-08-16T00:05:57Z,24.87,66.35,99,0,31.67,101.80,4.00,428.00,0,0,0
2023-08-16T00:06:57Z,24.86,66.43,99,0,30.68,101.80,4.00,428.00,null,null,null
2023-08-16T00:07:57Z,24.86,66.39,99,0,31.87,101.81,5.00,434.00,null,null,null
2023-08-16T00:08:57Z,24.87,66.42,99,0,32.60,101.80,4.00,428.00,null,null,null
2023-08-16T00:09:57Z,24.88,66.89,99,0,35.24,101.80,4.00,428.00,null,null,null
2023-08-16T00:10:57Z,24.86,66.66,99,0,32.17,101.80,5.00,436.00,1,1,1
2023-08-16T00:11:57Z,24.87,66.52,99,0,34.84,101.80,5.00,434.00,null,null,null
2023-08-16T00:12:57Z,24.88,66.49,99,0,33.40,101.80,5.00,434.00,null,null,null
2023-08-16T00:13:57Z,24.88,66.59,99,0,35.26,101.80,5.00,434.00,null,null,null
2023-08-16T00:14:57Z,24.87,66.66,99,0,32.95,101.80,5.00,434.00,null,null,null
2023-08-16T00:15:57Z,24.88,66.70,99,0,35.23,101.80,6.00,444.00,1,1,1
2023-08-16T00:16:57Z,24.87,66.64,99,0,31.77,101.80,6.00,441.00,null,null,null
2023-08-16T00:17:57Z,24.88,66.69,99,0,35.16,101.80,6.00,444.00,null,null,null
2023-08-16T00:18:57Z,24.88,66.70,99,0,34.50,101.80,6.00,441.00,null,null,null
2023-08-16T00:19:57Z,24.88,66.69,99,0,31.15,101.79,6.00,441.00,null,null,null
2023-08-16T00:20:57Z,24.88,66.69,99,0,32.74,101.80,6.00,441.00,0,0,0
2023-08-16T00:21:57Z,24.88,66.71,99,0,32.96,101.80,6.00,441.00,null,null,null
2023-08-16T00:22:57Z,24.90,66.67,99,0,33.99,101.79,6.00,444.00,null,null,null
2023-08-16T00:23:57Z,24.86,66.63,99,0,34.12,101.79,6.00,444.00,null,null,null
2023-08-16T00:24:57Z,24.87,66.66,99,0,34.94,101.79,6.00,441.00,null,null,null
2023-08-16T00:25:57Z,24.87,66.61,99,0,32.40,101.79,6.00,441.00,0,0,0
2023-08-16T00:26:57Z,24.88,66.58,99,0,33.66,101.79,6.00,441.00,null,null,null
2023-08-16T00:27:57Z,24.90,66.61,99,0,33.16,101.79,6.00,441.00,null,null,null
2023-08-16T00:28:57Z,24.88,66.55,99,0,32.89,101.79,7.00,448.00,null,null,null
2023-08-16T00:29:57Z,24.90,66.56,99,0,31.03,101.79,6.00,444.00,null,null,null
2023-08-16T00:30:57Z,24.87,66.66,99,0,34.25,101.79,6.00,441.00,0,5,5
2023-08-16T00:31:57Z,24.88,66.64,99,0,32.13,101.79,6.00,441.00,null,null,null
2023-08-16T00:32:57Z,24.90,66.57,99,0,32.44,101.79,7.00,448.00,null,null,null
2023-08-16T00:33:57Z,24.88,66.63,99,0,35.37,101.79,6.00,444.00,null,null,null
2023-08-16T00:34:57Z,24.90,66.54,99,0,33.59,101.79,6.00,444.00,null,null,null
2023-08-16T00:35:57Z,24.87,66.55,99,0,31.60,101.79,6.00,444.00,0,5,5
2023-08-16T00:36:57Z,24.84,66.46,99,0,32.44,101.79,5.00,434.00,null,null,null
2023-08-16T00:37:57Z,24.88,66.43,99,0,33.51,101.79,6.00,444.00,null,null,null
2023-08-16T00:38:57Z,24.87,66.49,99,0,null,101.79,6.00,444.00,null,null,null
2023-08-16T00:39:57Z,24.90,66.56,99,0,29.49,101.79,6.00,441.00,null,null,null
2023-08-16T00:40:57Z,24.87,66.57,99,0,31.77,101.79,6.00,441.00,1,1,1
2023-08-16T00:41:57Z,24.87,66.58,99,0,33.29,101.79,5.00,434.00,null,null,null
2023-08-16T00:42:57Z,24.91,66.61,99,0,32.26,101.79,6.00,441.00,null,null,null
2023-08-16T00:43:57Z,24.88,66.51,99,0,34.55,101.79,6.00,444.00,null,null,null
2023-08-16T00:44:57Z,24.88,66.49,99,0,30.82,101.79,6.00,441.00,null,null,null
2023-08-16T00:45:57Z,24.88,66.60,99,0,36.37,101.79,5.00,434.00,0,0,0
2023-08-16T00:46:57Z,24.88,66.49,99,0,30.18,101.78,6.00,441.00,null,null,null
2023-08-16T00:47:57Z,24.88,66.56,99,0,33.34,101.79,6.00,441.00,null,null,null
2023-08-16T00:48:57Z,24.88,66.62,99,0,31.51,101.79,6.00,441.00,null,null,null
2023-08-16T00:49:57Z,24.87,66.67,99,0,29.87,101.78,6.00,441.00,null,null,null
2023-08-16T00:50:57Z,24.87,66.57,99,0,32.29,101.79,6.00,441.00,0,0,0
2023-08-16T00:51:57Z,24.88,66.64,99,0,31.86,101.78,6.00,444.00,null,null,null
2023-08-16T00:52:57Z,24.90,66.61,99,0,31.54,101.79,6.00,441.00,null,null,null
2023-08-16T00:53:57Z,24.88,66.60,99,0,33.43,101.78,6.00,441.00,null,null,null
2023-08-16T00:54:57Z,24.87,66.54,99,0,35.02,101.79,6.00,444.00,null,null,null
2023-08-16T00:55:57Z,24.87,66.55,99,0,32.75,101.78,6.00,441.00,2,2,2
2023-08-16T00:56:57Z,24.87,66.52,99,0,31.61,101.78,6.00,444.00,null,null,null
2023-08-16T00:57:57Z,24.90,66.48,99,0,32.80,101.78,6.00,441.00,null,null,null
2023-08-16T00:58:57Z,24.88,66.55,99,0,31.24,101.79,6.00,441.00,null,null,null
2023-08-16T00:59:57Z,24.88,66.56,99,0,33.04,101.78,6.00,444.00,null,null,null
2023-08-16T01:00:57Z,24.86,66.66,99,0,34.69,101.78,6.00,441.00,2,2,2
2023-08-16T01:01:57Z,24.86,66.66,99,0,31.74,101.78,6.00,441.00,null,null,null
2023-08-16T01:02:57Z,24.87,66.62,99,0,32.50,101.78,6.00,441.00,null,null,null
2023-08-16T01:03:57Z,24.87,66.58,99,0,31.59,101.78,6.00,441.00,null,null,null
2023-08-16T01:04:57Z,24.86,66.50,99,0,34.09,101.78,6.00,441.00,null,null,null
2023-08-16T01:05:57Z,24.87,66.61,99,0,33.18,101.79,6.00,444.00,0,0,0
2023-08-16T01:06:57Z,24.86,66.56,99,0,33.46,101.78,6.00,444.00,null,null,null
2023-08-16T01:07:57Z,24.88,66.59,99,0,32.58,101.79,6.00,444.00,null,null,null
2023-08-16T01:08:57Z,24.87,66.57,99,0,32.19,101.78,6.00,444.00,null,null,null
2023-08-16T01:09:57Z,24.84,66.55,99,0,32.03,101.78,6.00,441.00,null,null,null
2023-08-16T01:10:57Z,24.84,66.61,99,0,33.44,101.78,6.00,444.00,0,0,0
2023-08-16T01:11:57Z,24.86,66.55,99,0,32.38,101.78,6.00,444.00,null,null,null
2023-08-16T01:12:57Z,24.87,66.51,99,0,32.68,101.79,6.00,444.00,null,null,null
2023-08-16T01:13:57Z,24.84,66.53,99,0,33.22,101.78,6.00,444.00,null,null,null
2023-08-16T01:14:57Z,24.84,66.56,99,0,33.32,101.78,6.00,444.00,null,null,null
2023-08-16T01:15:57Z,24.84,66.59,99,0,31.38,101.79,6.00,441.00,2,2,2
2023-08-16T01:16:57Z,24.86,66.61,99,0,34.66,101.78,6.00,441.00,null,null,null
2023-08-16T01:17:57Z,24.87,66.55,99,0,31.11,101.79,6.00,444.00,null,null,null
2023-08-16T01:18:57Z,24.86,66.57,99,0,33.80,101.78,6.00,441.00,null,null,null
2023-08-16T01:19:57Z,24.86,66.60,99,0,36.74,101.79,6.00,444.00,null,null,null
2023-08-16T01:20:57Z,24.86,66.57,99,0,33.16,101.79,6.00,444.00,0,0,0
2023-08-16T01:21:57Z,24.86,66.50,99,0,32.03,101.79,6.00,444.00,null,null,null
2023-08-16T01:22:57Z,24.87,66.50,99,0,31.12,101.79,6.00,441.00,null,null,null
2023-08-16T01:23:57Z,24.84,66.61,99,0,34.07,101.79,6.00,444.00,null,null,null
2023-08-16T01:24:57Z,24.84,66.59,99,0,33.38,101.79,7.00,448.00,null,null,null
2023-08-16T01:25:57Z,24.81,66.48,99,0,32.98,101.80,6.00,444.00,1,1,1
2023-08-16T01:26:57Z,24.84,66.53,99,0,31.16,101.79,6.00,444.00,null,null,null
2023-08-16T01:27:57Z,24.83,66.48,99,0,32.62,101.80,6.00,441.00,null,null,null
2023-08-16T01:28:57Z,24.83,66.49,99,0,30.28,101.79,6.00,444.00,null,null,null
2023-08-16T01:29:57Z,24.83,66.53,99,0,33.18,101.80,6.00,441.00,null,null,null
2023-08-16T01:30:57Z,24.83,66.57,99,0,29.81,101.80,6.00,441.00,0,0,0
2023-08-16T01:31:57Z,24.81,66.50,99,0,32.70,101.80,7.00,448.00,null,null,null
2023-08-16T01:32:57Z,24.83,66.54,99,0,35.05,101.80,7.00,448.00,null,null,null
2023-08-16T01:33:57Z,24.84,66.51,99,0,34.13,101.80,6.00,444.00,null,null,null
2023-08-16T01:34:57Z,24.81,66.75,99,0,32.70,101.80,6.00,444.00,null,null,null
2023-08-16T01:35:57Z,24.84,66.57,99,0,33.51,101.80,6.00,445.00,0,0,0
2023-08-16T01:36:57Z,24.81,66.67,99,0,33.93,101.80,6.00,444.00,null,null,null
2023-08-16T01:37:57Z,24.84,66.65,99,0,32.66,101.80,7.00,448.00,null,null,null
2023-08-16T01:38:57Z,24.83,66.67,99,0,32.79,101.80,7.00,451.00,null,null,null
2023-08-16T01:39:57Z,24.81,66.55,99,0,31.77,101.80,8.00,456.00,null,null,null
2023-08-16T01:40:57Z,24.81,66.57,99,0,32.36,101.80,8.00,456.00,0,0,0
2023-08-16T01:41:57Z,24.83,66.63,99,0,34.20,101.80,8.00,456.00,null,null,null
2023-08-16T01:42:57Z,24.83,66.53,99,0,30.47,101.80,8.00,456.00,null,null,null
2023-08-16T01:43:57Z,24.83,66.83,99,0,34.15,101.80,8.00,456.00,null,null,null
2023-08-16T01:44:57Z,24.81,66.62,99,0,31.78,101.80,7.00,452.00,null,null,null
2023-08-16T01:45:57Z,24.84,66.73,99,0,30.92,101.80,8.00,456.00,0,0,0
2023-08-16T01:46:57Z,24.81,66.79,99,0,32.67,101.80,7.00,451.00,null,null,null
2023-08-16T01:47:57Z,24.84,66.58,99,0,33.75,101.80,9.00,460.00,null,null,null
2023-08-16T01:48:57Z,24.84,66.58,99,0,33.54,101.80,9.00,463.00,null,null,null
2023-08-16T01:49:57Z,24.83,66.62,99,0,31.92,101.81,9.00,463.00,null,null,null
2023-08-16T01:50:57Z,24.81,66.72,99,0,32.48,101.81,9.00,465.00,0,0,0
2023-08-16T01:51:57Z,24.83,66.68,99,0,34.76,101.81,8.00,456.00,null,null,null
2023-08-16T01:52:57Z,24.81,66.65,99,0,34.10,101.80,9.00,463.00,null,null,null
2023-08-16T01:53:57Z,24.81,66.67,99,0,34.28,101.80,9.00,463.00,null,null,null
2023-08-16T01:54:57Z,24.81,66.67,99,0,32.91,101.81,9.00,463.00,null,null,null
2023-08-16T01:55:57Z,24.80,66.73,99,0,34.47,101.81,9.00,463.00,0,5,5
2023-08-16T01:56:57Z,24.81,66.76,99,0,31.24,101.81,9.00,463.00,null,null,null
2023-08-16T01:57:57Z,24.83,66.70,99,0,31.29,101.81,9.00,460.00,null,null,null
2023-08-16T01:58:57Z,24.83,66.71,99,0,32.91,101.81,9.00,463.00,null,null,null
2023-08-16T01:59:57Z,24.81,66.70,99,0,35.96,101.81,9.00,463.00,null,null,null
2023-08-16T02:00:57Z,24.81,66.65,99,0,31.59,101.81,9.00,463.00,1,1,1
2023-08-16T02:01:57Z,24.81,66.59,99,0,31.21,101.81,9.00,463.00,null,null,null
2023-08-16T02:02:57Z,24.81,66.60,99,0,32.56,101.81,9.00,463.00,null,null,null
2023-08-16T02:03:57Z,24.80,66.73,99,0,32.05,101.81,9.00,463.00,null,null,null
2023-08-16T02:04:57Z,24.81,66.82,99,0,33.16,101.81,9.00,463.00,null,null,null
2023-08-16T02:05:57Z,24.80,66.63,99,0,33.04,101.81,7.00,452.00,0,0,0
2023-08-16T02:06:57Z,24.81,66.75,99,0,34.68,101.80,8.00,456.00,null,null,null
2023-08-16T02:07:57Z,24.79,66.71,99,0,33.39,101.80,7.00,452.00,null,null,null
2023-08-16T02:08:57Z,24.81,66.78,99,0,33.60,101.81,8.00,456.00,null,null,null
2023-08-16T02:09:57Z,24.80,66.89,99,0,32.84,101.81,7.00,452.00,null,null,null
2023-08-16T02:10:57Z,24.79,66.79,99,0,34.54,101.80,7.00,452.00,0,0,0
2023-08-16T02:11:57Z,24.79,66.83,99,0,30.99,101.81,7.00,452.00,null,null,null
2023-08-16T02:12:57Z,24.80,66.78,99,0,35.22,101.81,7.00,452.00,null,null,null
2023-08-16T02:13:57Z,24.81,66.78,99,0,30.61,101.81,7.00,452.00,null,null,null
2023-08-16T02:14:57Z,24.80,66.75,99,0,30.97,101.81,7.00,452.00,null,null,null
2023-08-16T02:15:57Z,24.80,66.86,99,0,33.79,101.81,7.00,452.00,1,1,1
2023-08-16T02:16:57Z,24.80,66.85,99,0,32.35,101.80,7.00,452.00,null,null,null
2023-08-16T02:17:57Z,24.80,66.89,99,0,33.92,101.80,7.00,452.00,null,null,null
2023-08-16T02:18:57Z,24.79,66.80,99,0,32.73,101.80,7.00,452.00,null,null,null
2023-08-16T02:19:57Z,24.81,66.80,99,0,31.77,101.81,7.00,452.00,null,null,null
2023-08-16T02:20:57Z,24.77,66.94,99,0,33.15,101.81,7.00,452.00,1,1,1
2023-08-16T02:21:57Z,24.79,66.80,99,0,32.89,101.81,7.00,452.00,null,null,null
2023-08-16T02:22:57Z,24.80,66.84,99,0,33.82,101.81,7.00,452.00,null,null,null
2023-08-16T02:23:57Z,24.77,66.85,99,0,33.47,101.81,7.00,447.00,null,null,null
2023-08-16T02:24:57Z,24.79,66.86,99,0,33.17,101.81,7.00,447.00,null,null,null
2023-08-16T02:25:57Z,24.79,66.83,99,0,31.83,101.81,7.00,452.00,0,0,0
2023-08-16T02:26:57Z,24.77,66.90,99,0,32.28,101.81,7.00,447.00,null,null,null
2023-08-16T02:27:57Z,24.80,66.89,99,0,32.88,101.81,7.00,447.00,null,null,null
2023-08-16T02:28:57Z,24.79,66.96,99,0,34.44,101.81,7.00,452.00,null,null,null
2023-08-16T02:29:57Z,24.77,67.01,99,0,32.66,101.81,7.00,447.00,null,null,null
2023-08-16T02:30:57Z,24.79,67.09,99,0,31.83,101.81,7.00,452.00,0,0,0
2023-08-16T02:31:57Z,24.79,66.96,99,0,31.08,101.81,7.00,447.00,null,null,null
2023-08-16T02:32:57Z,24.79,66.96,99,0,31.51,101.81,7.00,452.00,null,null,null
2023-08-16T02:33:57Z,24.77,67.02,99,0,34.62,101.80,7.00,452.00,null,null,null
2023-08-16T02:34:57Z,24.79,67.10,99,0,33.71,101.81,7.00,447.00,null,null,null
2023-08-16T02:35:57Z,24.80,67.04,99,0,33.64,101.81,7.00,447.00,1,1,1
2023-08-16T02:36:57Z,24.79,67.09,99,0,34.61,101.81,7.00,452.00,null,null,null
2023-08-16T02:37:57Z,24.77,67.02,99,0,30.97,101.82,7.00,447.00,null,null,null
2023-08-16T02:38:57Z,24.77,67.10,99,0,34.12,101.81,7.00,447.00,null,null,null
2023-08-16T02:39:57Z,24.77,67.12,99,0,32.08,101.81,7.00,447.00,null,null,null
2023-08-16T02:40:57Z,24.76,67.48,99,0,33.25,101.81,7.00,447.00,1,1,1
2023-08-16T02:41:57Z,24.77,67.18,99,0,33.34,101.82,7.00,452.00,null,null,null
2023-08-16T02:42:57Z,24.80,67.24,99,0,33.26,101.82,7.00,452.00,null,null,null
2023-08-16T02:43:57Z,24.80,67.20,99,0,33.01,101.82,7.00,452.00,null,null,null
2023-08-16T02:44:57Z,24.80,67.22,99,0,31.33,101.82,7.00,452.00,null,null,null
2023-08-16T02:45:57Z,24.77,67.41,99,0,32.88,101.82,7.00,447.00,0,0,0
2023-08-16T02:46:57Z,24.79,67.24,99,0,30.97,101.82,6.00,444.00,null,null,null
2023-08-16T02:47:57Z,24.79,67.22,99,0,33.77,101.82,7.00,452.00,null,null,null
2023-08-16T02:48:57Z,24.80,67.26,99,0,33.48,101.82,7.00,447.00,null,null,null
2023-08-16T02:49:57Z,24.80,67.38,99,0,31.93,101.82,7.00,448.00,null,null,null
2023-08-16T02:50:57Z,24.77,67.34,99,0,32.42,101.82,7.00,448.00,3,4,4
2023-08-16T02:51:57Z,24.80,67.30,99,0,32.05,101.82,6.00,444.00,null,null,null
2023-08-16T02:52:57Z,24.77,67.36,99,0,32.28,101.82,7.00,448.00,null,null,null
2023-08-16T02:53:57Z,24.77,67.46,99,0,32.53,101.82,6.00,444.00,null,null,null
2023-08-16T02:54:57Z,24.77,67.22,99,0,33.15,101.82,7.00,448.00,null,null,null
2023-08-16T02:55:57Z,24.77,67.42,99,0,34.53,101.82,7.00,447.00,1,1,1
2023-08-16T02:56:57Z,24.77,67.27,99,0,34.33,101.82,6.00,444.00,null,null,null
2023-08-16T02:57:57Z,24.79,67.36,99,0,31.98,101.82,7.00,448.00,null,null,null
2023-08-16T02:58:57Z,24.79,67.45,99,0,33.15,101.83,6.00,444.00,null,null,null
2023-08-16T02:59:57Z,24.79,67.36,99,0,35.48,101.83,7.00,448.00,null,null,null
