TIME,TEMP,HUM,BATT,LIGHT,NOISE_A,PRESS,CCS811_VOCS,CCS811_ECO2,PM_1,PM_25,PM_10
ISO 8601,C,%,%,Lux,dBA,kPa,ppb,ppm,ug/m3,ug/m3,ug/m3
Time,Temperature,Humidity,Battery,Light,Noise dBA,Barometric pressure,VOC Gas CCS811,eCO2 Gas CCS811,PM 1.0,PM 2.5,PM 10.0
,55,56,10,14,53,58,113,112,89,87,88
2023-09-02T00:00:33Z,22.85,64.05,100,0,32.32,101.45,21.00,539.00,null,null,null
2023-09-02T00:01:33Z,22.85,64.26,99,0,33.15,101.44,20.00,534.00,null,null,null
2023-09-02T00:02:33Z,22.83,64.08,100,0,34.30,101.44,19.00,531.00,null,null,null
2023-09-02T00:03:33Z,22.80,64.13,99,0,31.28,101.45,21.00,539.00,1,1,1
2023-09-02T00:04:33Z,22.82,64.10,100,0,33.76,101.45,19.00,530.00,null,null,null
2023-09-02T00:05:33Z,22.83,64.11,99,0,28.80,101.45,21.00,539.00,null,null,null
2023-09-02T00:06:33Z,22.80,64.20,99,0,29.71,101.45,20.00,534.00,null,null,null
2023-09-02T00:07:33Z,22.83,64.26,100,0,35.10,101.45,20.00,534.00,null,null,null
2023-09-02T00:08:33Z,22.82,64.16,100,0,27.32,101.45,19.00,531.00,1,1,1
2023-09-02T00:09:33Z,22.82,64.17,99,0,30.71,101.46,20.00,534.00,null,null,null
2023-09-02T00:10:33Z,22.85,64.20,99,0,32.80,101.46,21.00,539.00,null,null,null
2023-09-02T00:11:33Z,22.83,64.17,99,0,31.68,101.46,21.00,539.00,null,null,null
2023-09-02T00:12:33Z,22.82,64.09,99,0,null,101.46,20.00,534.00,null,null,null
2023-09-02T00:13:33Z,22.82,64.13,100,0,32.13,101.45,20.00,534.00,8,8,8
2023-09-02T00:14:33Z,22.83,64.19,99,0,32.12,101.45,21.00,539.00,null,null,null
2023-09-02T00:15:33Z,22.80,64.18,99,0,27.89,101.46,21.00,539.00,null,null,null
2023-09-02T00:16:33Z,22.80,64.14,100,0,29.17,101.46,21.00,539.00,null,null,null
2023-09-02T00:17:33Z,22.80,64.12,100,0,27.42,101.45,21.00,539.00,null,null,null
2023-09-02T00:18:33Z,22.80,64.32,100,0,29.46,101.45,21.00,539.00,1,1,1
2023-09-02T00:19:33Z,22.82,64.66,99,0,30.77,101.45,20.00,536.00,null,null,null
2023-09-02T00:20:33Z,22.82,64.14,99,0,28.48,101.46,20.00,536.00,null,null,null
2023-09-02T00:21:33Z,22.82,64.20,99,0,29.12,101.46,21.00,539.00,null,null,null
2023-09-02T00:22:33Z,22.83,64.26,99,0,33.10,101.46,21.00,539.00,null,null,null
2023-09-02T00:23:33Z,22.79,64.17,99,0,27.49,101.46,20.00,536.00,4,4,4
2023-09-02T00:24:33Z,22.83,64.23,100,0,30.83,101.46,21.00,539.00,null,null,null
2023-09-02T00:25:33Z,22.82,64.16,100,0,35.44,101.47,21.00,539.00,null,null,null
2023-09-02T00:26:33Z,22.82,64.12,99,0,30.69,101.47,21.00,539.00,null,null,null
2023-09-02T00:27:33Z,22.82,64.11,99,0,30.86,101.47,21.00,539.00,null,null,null
2023-09-02T00:28:33Z,22.82,64.23,99,0,29.87,101.47,21.00,539.00,2,2,2
2023-09-02T00:29:33Z,22.79,64.19,100,0,34.20,101.47,21.00,539.00,null,null,null
2023-09-02T00:30:33Z,22.80,64.13,99,0,29.76,101.47,21.00,539.00,null,null,null
2023-09-02T00:31:33Z,22.82,64.10,99,0,30.32,101.47,21.00,539.00,null,null,null
2023-09-02T00:32:33Z,22.82,64.14,99,0,32.87,101.48,21.00,539.00,null,null,null
2023-09-02T00:33:33Z,22.80,64.16,99,0,32.82,101.47,21.00,539.00,2,2,2
2023-09-02T00:34:33Z,22.80,64.24,100,0,31.90,101.47,21.00,539.00,null,null,null
2023-09-02T00:35:33Z,22.82,64.13,100,0,28.61,101.47,21.00,539.00,null,null,null
2023-09-02T00:36:33Z,22.80,64.16,100,0,29.17,101.47,21.00,539.00,null,null,null
2023-09-02T00:37:33Z,22.79,64.20,99,0,28.80,101.47,21.00,539.00,null,null,null
2023-09-02T00:38:33Z,22.78,64.49,99,0,31.02,101.47,21.00,539.00,6,6,6
2023-09-02T00:39:33Z,22.79,64.27,99,0,28.74,101.48,20.00,536.00,null,null,null
2023-09-02T00:40:33Z,22.82,64.14,100,0,32.41,101.47,21.00,543.00,null,null,null
2023-09-02T00:41:33Z,22.80,64.18,100,0,29.09,101.47,21.00,539.00,null,null,null
2023-09-02T00:42:33Z,22.79,64.18,99,0,34.79,101.47,21.00,539.00,null,null,null
2023-09-02T00:43:33Z,22.78,64.16,99,0,28.71,101.48,21.00,539.00,1,1,1
2023-09-02T00:44:33Z,22.79,64.24,100,0,29.97,101.47,21.00,539.00,null,null,null
2023-09-02T00:45:33Z,22.79,64.18,100,0,32.81,101.47,21.00,539.00,null,null,null
2023-09-02T00:46:33Z,22.80,64.31,99,0,31.77,101.48,20.00,534.00,null,null,null
2023-09-02T00:47:33Z,22.80,64.13,99,0,28.52,101.48,19.00,531.00,null,null,null
2023-09-02T00:48:33Z,22.79,64.16,100,0,27.38,101.47,21.00,539.00,3,4,4
2023-09-02T00:49:33Z,22.76,64.28,99,0,33.07,101.47,21.00,539.00,null,null,null
2023-09-02T00:50:33Z,22.80,64.12,100,0,35.25,101.47,21.00,539.00,null,null,null
2023-09-02T00:51:33Z,22.79,64.14,99,0,29.49,101.46,21.00,543.00,null,null,null
2023-09-02T00:52:33Z,22.79,64.60,99,0,28.33,101.47,21.00,539.00,null,null,null
2023-09-02T00:53:33Z,22.78,64.28,100,0,33.64,101.46,20.00,536.00,2,2,2
2023-09-02T00:54:33Z,22.79,64.27,99,0,30.97,101.47,20.00,536.00,null,null,null
2023-09-02T00:55:33Z,22.80,64.27,100,0,34.20,101.47,20.00,536.00,null,null,null
2023-09-02T00:56:33Z,22.79,64.26,99,0,27.22,101.47,20.00,536.00,null,null,null
2023-09-02T00:57:33Z,22.79,64.29,99,0,31.45,101.46,20.00,536.00,null,null,null
2023-09-02T00:58:33Z,22.76,64.14,99,0,29.82,101.46,20.00,536.00,2,2,2
2023-09-02T00:59:33Z,22.80,64.24,99,0,31.03,101.46,21.00,539.00,null,null,null
2023-09-02T01:00:33Z,22.79,64.19,100,0,27.57,101.46,21.00,539.00,null,null,null
2023-09-02T01:01:33Z,22.79,64.21,100,0,26.78,101.46,20.00,534.00,null,null,null
2023-09-02T01:02:33Z,22.79,64.14,99,0,33.33,101.46,21.00,539.00,null,null,null
2023-09-02T01:03:33Z,22.76,64.24,100,0,32.04,101.45,21.00,539.00,3,3,3
2023-09-02T01:04:33Z,22.80,64.22,99,0,30.28,101.45,20.00,534.00,null,null,null
2023-09-02T01:05:33Z,22.76,64.19,99,0,31.83,101.45,21.00,539.00,null,null,null
2023-09-02T01:06:33Z,22.76,64.18,99,0,32.25,101.45,21.00,539.00,null,null,null
2023-09-02T01:07:33Z,22.79,64.20,99,0,33.72,101.45,21.00,539.00,null,null,null
2023-09-02T01:08:33Z,22.76,64.23,99,0,32.46,101.45,20.00,534.00,0,0,0
2023-09-02T01:09:33Z,22.76,64.25,100,0,32.60,101.45,21.00,539.00,null,null,null
2023-09-02T01:10:33Z,22.79,64.22,100,0,31.65,101.45,19.00,531.00,null,null,null
2023-09-02T01:11:33Z,22.78,64.53,100,0,29.65,101.45,21.00,539.00,null,null,null
2023-09-02T01:12:33Z,22.76,64.26,99,0,31.96,101.45,19.00,531.00,null,null,null
2023-09-02T01:13:33Z,22.76,64.50,100,0,29.13,101.45,19.00,531.00,0,0,0
2023-09-02T01:14:33Z,22.78,64.51,99,0,30.40,101.45,19.00,531.00,null,null,null
2023-09-02T01:15:33Z,22.79,64.26,100,0,30.11,101.45,19.00,531.00,null,null,null
2023-09-02T01:16:33Z,22.79,64.27,100,0,27.14,101.45,19.00,531.00,null,null,null
2023-09-02T01:17:33Z,22.78,64.22,99,0,31.17,101.45,19.00,531.00,null,null,null
2023-09-02T01:18:33Z,22.78,64.32,99,0,29.27,101.45,20.00,534.00,0,0,0
2023-09-02T01:19:33Z,22.79,64.47,99,0,27.94,101.45,19.00,531.00,null,null,null
2023-09-02T01:20:33Z,22.79,64.27,100,0,28.11,101.45,19.00,531.00,null,null,null
2023-09-02T01:21:33Z,22.76,64.21,100,0,30.46,101.45,19.00,531.00,null,null,null
2023-09-02T01:22:33Z,22.76,64.28,100,0,32.50,101.45,19.00,530.00,null,null,null
2023-09-02T01:23:33Z,22.76,64.23,100,0,29.84,101.46,19.00,527.00,1,1,1
2023-09-02T01:24:33Z,22.78,64.37,99,0,31.44,101.45,19.00,530.00,null,null,null
2023-09-02T01:25:33Z,22.76,64.29,99,0,30.51,101.45,19.00,527.00,null,null,null
2023-09-02T01:26:33Z,22.79,64.25,99,0,31.56,101.46,19.00,527.00,null,null,null
2023-09-02T01:27:33Z,22.76,64.25,99,0,33.32,101.46,19.00,527.00,null,null,null
2023-09-02T01:28:33Z,22.74,64.27,100,0,32.88,101.46,19.00,527.00,0,0,0
2023-09-02T01:29:33Z,22.78,64.29,100,0,33.07,101.46,21.00,540.00,null,null,null
2023-09-02T01:30:33Z,22.76,64.19,100,0,31.70,101.45,19.00,531.00,null,null,null
2023-09-02T01:31:33Z,22.76,64.18,99,0,28.78,101.46,19.00,530.00,null,null,null
2023-09-02T01:32:33Z,22.76,64.22,100,0,30.60,101.45,19.00,530.00,null,null,null
2023-09-02T01:33:33Z,22.75,64.31,99,0,30.81,101.45,19.00,530.00,0,0,0
2023-09-02T01:34:33Z,22.76,64.29,99,0,32.38,101.46,19.00,527.00,null,null,null
2023-09-02T01:35:33Z,22.78,64.27,100,0,30.12,101.45,19.00,527.00,null,null,null
2023-09-02T01:36:33Z,22.75,64.29,100,0,32.49,101.46,19.00,527.00,null,null,null
2023-09-02T01:37:33Z,22.79,64.26,99,0,29.42,101.46,19.00,527.00,null,null,null
2023-09-02T01:38:33Z,22.75,64.48,99,0,35.19,101.46,18.00,520.00,0,0,0
2023-09-02T01:39:33Z,22.76,64.30,100,0,29.49,101.46,19.00,527.00,null,null,null
2023-09-02T01:40:33Z,22.79,64.82,99,0,33.29,101.47,17.00,515.00,null,null,null
2023-09-02T01:41:33Z,22.75,64.45,100,0,32.95,101.47,17.00,515.00,null,null,null
2023-09-02T01:42:33Z,22.78,64.50,100,0,31.32,101.47,18.00,520.00,null,null,null
2023-09-02T01:43:33Z,22.76,64.56,99,0,31.47,101.47,18.00,520.00,0,0,0
2023-09-02T01:44:33Z,22.76,64.75,100,0,31.02,101.47,18.00,520.00,null,null,null
2023-09-02T01:45:33Z,22.76,64.40,100,0,32.65,101.47,18.00,520.00,null,null,null
2023-09-02T01:46:33Z,22.76,64.38,99,0,29.73,101.47,19.00,527.00,null,null,null
2023-09-02T01:47:33Z,22.76,64.35,99,0,31.36,101.48,19.00,527.00,null,null,null
2023-09-02T01:48:33Z,22.75,64.33,99,0,33.63,101.48,18.00,520.00,0,0,0
2023-09-02T01:49:33Z,22.76,64.42,99,0,31.90,101.48,18.00,520.00,null,null,null
2023-09-02T01:50:33Z,22.76,64.72,99,0,28.99,101.48,19.00,527.00,null,null,null
2023-09-02T01:51:33Z,22.75,64.31,99,0,31.17,101.48,19.00,527.00,null,null,null
2023-09-02T01:52:33Z,22.74,64.29,99,0,29.65,101.48,19.00,527.00,null,null,null
2023-09-02T01:53:33Z,22.76,64.36,99,0,29.31,101.48,21.00,540.00,3,5,5
2023-09-02T01:54:33Z,22.78,64.72,99,0,28.88,101.48,18.00,520.00,null,null,null
2023-09-02T01:55:33Z,22.75,64.37,100,0,29.17,101.48,19.00,527.00,null,null,null
2023-09-02T01:56:33Z,22.76,64.40,99,0,31.40,101.48,19.00,527.00,null,null,null
2023-09-02T01:57:33Z,22.76,64.35,100,0,32.55,101.48,19.00,527.00,null,null,null
2023-09-02T01:58:33Z,22.74,64.34,99,0,31.52,101.49,19.00,527.00,2,2,2
2023-09-02T01:59:33Z,22.74,64.40,99,0,34.04,101.48,20.00,534.00,null,null,null
2023-09-02T02:00:33Z,22.74,64.34,99,0,31.95,101.49,21.00,540.00,null,null,null
2023-09-02T02:01:33Z,22.75,64.30,99,0,28.01,101.49,21.00,540.00,null,null,null
2023-09-02T02:02:33Z,22.75,64.34,99,0,28.95,101.49,19.00,527.00,null,null,null
2023-09-02T02:03:33Z,22.75,64.35,99,0,29.91,101.49,19.00,527.00,3,3,3
2023-09-02T02:04:33Z,22.74,64.41,99,0,33.32,101.49,19.00,527.00,null,null,null
2023-09-02T02:05:33Z,22.75,64.42,99,0,29.48,101.49,21.00,540.00,null,null,null
2023-09-02T02:06:33Z,22.74,64.35,100,0,32.36,101.49,19.00,531.00,null,null,null
2023-09-02T02:07:33Z,22.74,64.30,100,0,28.34,101.49,21.00,540.00,null,null,null
2023-09-02T02:08:33Z,22.75,64.60,99,0,28.87,101.49,21.00,540.00,3,5,5
2023-09-02T02:09:33Z,22.78,64.54,100,0,32.75,101.49,19.00,531.00,null,null,null
2023-09-02T02:10:33Z,22.75,64.33,99,0,29.53,101.50,19.00,531.00,null,null,null
2023-09-02T02:11:33Z,22.72,64.39,100,0,29.36,101.49,19.00,527.00,null,null,null
2023-09-02T02:12:33Z,22.74,64.33,100,0,29.72,101.50,21.00,540.00,null,null,null
2023-09-02T02:13:33Z,22.71,64.34,99,0,29.94,101.50,21.00,540.00,3,3,3
2023-09-02T02:14:33Z,22.74,64.47,99,0,33.00,101.50,22.00,546.00,null,null,null
2023-09-02T02:15:33Z,22.75,64.39,99,0,31.58,101.50,22.00,546.00,null,null,null
2023-09-02T02:16:33Z,22.75,64.34,100,0,32.34,101.50,20.00,536.00,null,null,null
2023-09-02T02:17:33Z,22.75,64.35,99,0,29.65,101.50,19.00,531.00,null,null,null
2023-09-02T02:18:33Z,22.74,64.35,99,0,37.28,101.51,19.00,527.00,1,1,1
2023-09-02T02:19:33Z,22.75,64.43,100,0,33.65,101.51,21.00,540.00,null,null,null
2023-09-02T02:20:33Z,22.75,64.35,99,0,29.60,101.51,19.00,531.00,null,null,null
2023-09-02T02:21:33Z,22.75,64.34,99,0,33.30,101.51,19.00,531.00,null,null,null
2023-09-02T02:22:33Z,22.75,64.56,100,0,28.70,101.51,19.00,527.00,null,null,null
2023-09-02T02:23:33Z,22.72,64.40,99,0,33.94,101.51,19.00,527.00,1,1,1
2023-09-02T02:24:33Z,22.75,64.46,100,0,29.89,101.51,21.00,540.00,null,null,null
2023-09-02T02:25:33Z,22.74,64.77,99,0,30.36,101.52,19.00,527.00,null,null,null
2023-09-02T02:26:33Z,22.72,64.47,99,0,32.98,101.51,20.00,534.00,null,null,null
2023-09-02T02:27:33Z,22.72,64.44,99,0,30.28,101.52,22.00,546.00,null,null,null
2023-09-02T02:28:33Z,22.74,64.39,99,0,30.09,101.52,22.00,546.00,0,0,0
2023-09-02T02:29:33Z,22.74,64.45,100,0,34.80,101.51,22.00,546.00,null,null,null
2023-09-02T02:30:33Z,22.75,64.50,100,0,28.20,101.52,22.00,546.00,null,null,null
2023-09-02T02:31:33Z,22.74,64.61,99,0,30.13,101.52,19.00,531.00,null,null,null
2023-09-02T02:32:33Z,22.72,64.38,99,0,33.35,101.52,22.00,546.00,null,null,null
2023-09-02T02:33:33Z,22.75,64.60,100,0,30.99,101.52,21.00,540.00,4,5,5
2023-09-02T02:34:33Z,22.74,64.47,100,0,27.14,101.53,19.00,527.00,null,null,null
2023-09-02T02:35:33Z,22.72,64.39,100,0,32.56,101.53,21.00,540.00,null,null,null
2023-09-02T02:36:33Z,22.72,64.41,100,0,32.95,101.53,21.00,540.00,null,null,null
2023-09-02T02:37:33Z,22.72,64.43,100,0,32.21,101.53,21.00,540.00,null,null,null
2023-09-02T02:38:33Z,22.71,64.53,99,0,34.33,101.53,23.00,551.00,0,0,0
2023-09-02T02:39:33Z,22.75,64.58,100,0,31.87,101.53,21.00,540.00,null,null,null
2023-09-02T02:40:33Z,22.76,64.44,100,0,28.58,101.53,20.00,536.00,null,null,null
2023-09-02T02:41:33Z,22.74,64.43,99,0,30.41,101.52,19.00,531.00,null,null,null
2023-09-02T02:42:33Z,22.72,64.51,99,0,33.17,101.53,22.00,546.00,null,null,null
2023-09-02T02:43:33Z,22.69,64.46,100,0,30.10,101.53,22.00,546.00,0,0,0
2023-09-02T02:44:33Z,22.71,64.49,100,0,32.68,101.53,21.00,540.00,null,null,null
2023-09-02T02:45:33Z,22.72,64.44,99,0,28.39,101.52,22.00,546.00,null,null,null
2023-09-02T02:46:33Z,22.72,64.36,99,0,27.73,101.53,22.00,546.00,null,null,null
2023-09-02T02:47:33Z,22.74,64.42,100,0,31.64,101.52,22.00,546.00,null,null,null
2023-09-02T02:48:33Z,22.71,64.57,99,0,29.91,101.52,23.00,551.00,2,2,2
2023-09-02T02:49:33Z,22.72,64.62,100,0,31.95,101.52,22.00,546.00,null,null,null
2023-09-02T02:50:33Z,22.72,64.65,99,0,31.53,101.52,23.00,551.00,null,null,null
2023-09-02T02:51:33Z,22.74,64.42,99,0,29.78,101.52,23.00,551.00,null,null,null
2023-09-02T02:52:33Z,22.71,64.42,99,0,29.21,101.52,23.00,551.00,null,null,null
2023-09-02T02:53:33Z,22.69,64.43,99,0,30.81,101.52,23.00,551.00,2,2,2
2023-09-02T02:54:33Z,22.72,64.51,100,0,31.83,101.52,23.00,551.00,null,null,null
2023-09-02T02:55:33Z,22.72,64.41,99,0,31.08,101.52,23.00,551.00,null,null,null
2023-09-02T02:56:33Z,22.71,64.43,99,0,29.40,101.52,23.00,551.00,null,null,null
2023-09-02T02:57:33Z,22.71,64.45,99,0,30.43,101.52,23.00,551.00,null,null,null
2023-09-02T02:58:33Z,22.72,64.43,99,0,31.99,101.52,23.00,551.00,1,1,1
2023-09-02T02:59:33Z,22.71,64.53,100,0,30.16,101.52,22.00,546.00,null,null,null
