TIME,TEMP,HUM,BATT,LIGHT,NOISE_A,PRESS,CCS811_VOCS,CCS811_ECO2,PM_1,PM_25,PM_10
ISO 8601,C,%,%,Lux,dBA,kPa,ppb,ppm,ug/m3,ug/m3,ug/m3
Time,Temperature,Humidity,Battery,Light,Noise dBA,Barometric pressure,VOC Gas CCS811,eCO2 Gas CCS811,PM 1.0,PM 2.5,PM 10.0
,55,56,10,14,53,58,113,112,89,87,88
2023-09-16T00:00:05Z,24.22,58.89,71,0,34.58,100.94,29.00,591.00,0,0,0
2023-09-16T00:01:05Z,24.19,58.90,71,0,31.28,100.94,29.00,591.00,null,null,null
2023-09-16T00:02:05Z,24.19,58.85,71,0,33.76,100.94,28.00,586.00,null,null,null
2023-09-16T00:03:05Z,24.21,58.86,71,0,37.85,100.94,29.00,591.00,null,null,null
2023-09-16T00:04:05Z,24.16,58.85,71,0,32.30,100.94,29.00,591.00,null,null,null
2023-09-16T00:05:05Z,24.19,58.90,71,0,32.47,100.94,28.00,586.00,0,0,0
2023-09-16T00:06:05Z,24.21,58.93,71,0,35.47,100.94,30.00,599.00,null,null,null
2023-09-16T00:07:05Z,24.18,58.87,71,0,32.01,100.94,29.00,591.00,null,null,null
2023-09-16T00:08:05Z,24.21,58.86,71,0,29.60,100.94,31.00,605.00,null,null,null
2023-09-16T00:09:05Z,24.18,58.90,71,0,31.60,100.94,29.00,591.00,null,null,null
2023-09-16T00:10:05Z,24.18,58.91,71,0,34.72,100.94,31.00,605.00,0,0,0
2023-09-16T00:11:05Z,24.18,58.93,71,0,38.54,100.94,28.00,586.00,null,null,null
2023-09-16T00:12:05Z,24.16,58.97,71,0,33.08,100.94,31.00,605.00,null,null,null
2023-09-16T00:13:05Z,24.19,58.93,71,0,33.58,100.94,30.00,599.00,null,null,null
2023-09-16T00:14:05Z,24.16,58.91,71,0,32.52,100.94,31.00,605.00,null,null,null
2023-09-16T00:15:05Z,24.16,58.92,71,0,33.06,100.94,31.00,605.00,0,0,0
2023-09-16T00:16:05Z,24.16,58.92,71,0,38.33,100.94,29.00,591.00,null,null,null
2023-09-16T00:17:05Z,24.16,58.93,71,0,30.80,100.94,31.00,605.00,null,null,null
2023-09-16T00:18:05Z,24.16,59.00,71,0,32.97,100.94,30.00,599.00,null,null,null
2023-09-16T00:19:05Z,24.15,58.94,71,0,32.71,100.94,31.00,605.00,null,null,null
2023-09-16T00:20:05Z,24.15,58.96,71,0,34.32,100.94,32.00,614.00,1,1,1
2023-09-16T00:21:05Z,24.18,58.93,71,0,35.29,100.94,31.00,605.00,null,null,null
2023-09-16T00:22:05Z,24.15,58.93,71,0,32.21,100.94,32.00,614.00,null,null,null
2023-09-16T00:23:05Z,24.18,58.92,71,0,35.32,100.94,32.00,614.00,null,null,null
2023-09-16T00:24:05Z,24.14,58.97,71,0,33.18,100.94,30.00,599.00,null,null,null
2023-09-16T00:25:05Z,24.12,58.94,71,0,31.62,100.94,30.00,599.00,0,0,0
2023-09-16T00:26:05Z,24.16,59.02,71,0,34.34,100.94,32.00,614.00,null,null,null
2023-09-16T00:27:05Z,24.15,58.97,71,0,35.72,100.94,31.00,605.00,null,null,null
2023-09-16T00:28:05Z,24.16,58.97,71,0,33.73,100.93,32.00,614.00,null,null,null
2023-09-16T00:29:05Z,24.12,59.02,71,0,31.17,100.93,31.00,605.00,null,null,null
2023-09-16T00:30:05Z,24.16,59.02,71,0,33.11,100.93,32.00,614.00,0,0,0
2023-09-16T00:31:05Z,24.14,59.02,71,0,33.93,100.93,31.00,605.00,null,null,null
2023-09-16T00:32:05Z,24.15,58.99,71,0,32.87,100.93,32.00,614.00,null,null,null
2023-09-16T00:33:05Z,24.12,58.95,71,0,30.24,100.93,32.00,614.00,null,null,null
2023-09-16T00:34:05Z,24.15,59.04,71,0,30.99,100.93,33.00,620.00,null,null,null
2023-09-16T00:35:05Z,24.14,59.02,71,0,29.70,100.93,32.00,614.00,0,0,0
2023-09-16T00:36:05Z,24.12,59.02,71,0,36.00,100.93,33.00,620.00,null,null,null
2023-09-16T00:37:05Z,24.11,59.03,71,0,36.35,100.93,32.00,614.00,null,null,null
2023-09-16T00:38:05Z,24.11,58.96,71,0,33.28,100.93,33.00,620.00,null,null,null
2023-09-16T00:39:05Z,24.11,59.01,71,0,38.42,100.93,32.00,614.00,null,null,null
2023-09-16T00:40:05Z,24.11,59.01,71,0,32.37,100.93,33.00,620.00,3,4,4
2023-09-16T00:41:05Z,24.14,59.03,71,0,36.27,100.93,32.00,614.00,null,null,null
2023-09-16T00:42:05Z,24.14,59.01,71,0,36.03,100.92,35.00,631.00,null,null,null
2023-09-16T00:43:05Z,24.12,59.02,71,0,30.61,100.92,35.00,631.00,null,null,null
2023-09-16T00:44:05Z,24.11,59.05,71,0,35.90,100.92,33.00,620.00,null,null,null
2023-09-16T00:45:05Z,24.11,59.00,71,0,35.80,100.92,32.00,614.00,2,2,2
2023-09-16T00:46:05Z,24.10,59.01,71,0,35.88,100.93,35.00,631.00,null,null,null
2023-09-16T00:47:05Z,24.11,59.00,71,0,34.73,100.92,35.00,631.00,null,null,null
2023-09-16T00:48:05Z,24.11,59.00,71,0,33.60,100.92,35.00,631.00,null,null,null
2023-09-16T00:49:05Z,24.12,59.02,71,0,35.49,100.93,35.00,631.00,null,null,null
2023-09-16T00:50:05Z,24.11,59.00,71,0,34.32,100.92,35.00,634.00,0,0,0
2023-09-16T00:51:05Z,24.10,59.07,71,0,30.57,100.92,33.00,620.00,null,null,null
2023-09-16T00:52:05Z,24.08,59.04,71,0,31.02,100.92,33.00,620.00,null,null,null
2023-09-16T00:53:05Z,24.10,59.03,71,0,31.99,100.92,35.00,634.00,null,null,null
2023-09-16T00:54:05Z,24.11,59.07,71,0,33.25,100.92,35.00,631.00,null,null,null
2023-09-16T00:55:05Z,24.08,59.07,71,0,33.87,100.92,35.00,634.00,0,0,0
2023-09-16T00:56:05Z,24.08,59.08,71,0,31.70,100.92,35.00,631.00,null,null,null
2023-09-16T00:57:05Z,24.08,59.11,71,0,35.80,100.92,35.00,634.00,null,null,null
2023-09-16T00:58:05Z,24.10,59.09,71,0,33.11,100.91,35.00,631.00,null,null,null
2023-09-16T00:59:05Z,24.10,59.07,71,0,32.61,100.92,35.00,634.00,null,null,null
2023-09-16T01:00:05Z,24.10,59.09,71,0,34.30,100.92,33.00,620.00,0,0,0
2023-09-16T01:01:05Z,24.10,59.09,71,0,33.96,100.92,35.00,631.00,null,null,null
2023-09-16T01:02:05Z,24.07,59.06,71,0,33.62,100.92,35.00,631.00,null,null,null
2023-09-16T01:03:05Z,24.08,59.06,71,0,35.70,100.92,35.00,631.00,null,null,null
2023-09-16T01:04:05Z,24.05,59.04,71,0,32.81,100.92,35.00,631.00,null,null,null
2023-09-16T01:05:05Z,24.07,59.09,71,0,35.52,100.92,35.00,631.00,0,0,0
2023-09-16T01:06:05Z,24.08,59.09,71,0,33.97,100.92,35.00,634.00,null,null,null
2023-09-16T01:07:05Z,24.08,59.08,71,0,37.47,100.91,35.00,634.00,null,null,null
2023-09-16T01:08:05Z,24.08,59.11,71,0,39.03,100.91,35.00,634.00,null,null,null
2023-09-16T01:09:05Z,24.05,59.07,71,0,32.63,100.92,37.00,649.00,null,null,null
2023-09-16T01:10:05Z,24.04,59.10,71,0,32.14,100.92,37.00,649.00,3,3,3
2023-09-16T01:11:05Z,24.08,59.14,71,0,30.97,100.92,36.00,641.00,null,null,null
2023-09-16T01:12:05Z,24.08,59.08,71,0,31.41,100.92,36.00,641.00,null,null,null
2023-09-16T01:13:05Z,24.05,59.10,71,0,36.34,100.92,36.00,641.00,null,null,null
2023-09-16T01:14:05Z,24.07,59.13,71,0,34.45,100.92,37.00,649.00,null,null,null
2023-09-16T01:15:05Z,24.04,59.14,71,0,34.01,100.92,37.00,649.00,5,5,5
2023-09-16T01:16:05Z,24.05,59.18,71,0,32.57,100.92,36.00,641.00,null,null,null
2023-09-16T01:17:05Z,24.03,59.05,71,0,34.17,100.92,36.00,641.00,null,null,null
2023-09-16T01:18:05Z,24.05,59.08,71,0,35.79,100.92,36.00,641.00,null,null,null
2023-09-16T01:19:05Z,24.05,59.07,71,0,32.16,100.92,39.00,659.00,null,null,null
2023-09-16T01:20:05Z,24.05,59.10,71,0,33.01,100.92,39.00,659.00,2,2,2
2023-09-16T01:21:05Z,24.03,59.11,71,0,34.73,100.92,37.00,649.00,null,null,null
2023-09-16T01:22:05Z,24.05,59.14,71,0,33.15,100.92,39.00,659.00,null,null,null
2023-09-16T01:23:05Z,24.04,59.14,71,0,34.94,100.92,39.00,659.00,null,null,null
2023-09-16T01:24:05Z,24.01,59.12,71,0,31.49,100.91,39.00,659.00,null,null,null
2023-09-16T01:25:05Z,24.04,59.14,71,0,34.17,100.91,39.00,659.00,0,0,0
2023-09-16T01:26:05Z,24.04,59.18,71,0,33.15,100.92,40.00,665.00,null,null,null
2023-09-16T01:27:05Z,24.04,59.19,71,0,35.88,100.91,37.00,649.00,null,null,null
2023-09-16T01:28:05Z,24.03,59.12,71,0,37.34,100.92,37.00,649.00,null,null,null
2023-09-16T01:29:05Z,24.01,59.14,71,0,33.26,100.91,39.00,659.00,null,null,null
2023-09-16T01:30:05Z,24.03,59.16,71,0,32.51,100.91,40.00,665.00,0,0,0
2023-09-16T01:31:05Z,24.03,59.12,71,0,32.00,100.91,39.00,659.00,null,null,null
2023-09-16T01:32:05Z,24.04,59.15,70,0,34.82,100.91,39.00,659.00,null,null,null
2023-09-16T01:33:05Z,24.01,59.17,70,0,30.70,100.91,40.00,665.00,null,null,null
2023-09-16T01:34:05Z,24.03,59.13,70,0,32.25,100.91,39.00,659.00,null,null,null
2023-09-16T01:35:05Z,24.04,59.20,70,0,31.39,100.90,40.00,665.00,1,1,1
2023-09-16T01:36:05Z,24.03,59.19,70,0,32.29,100.91,39.00,659.00,null,null,null
2023-09-16T01:37:05Z,24.01,59.18,70,0,32.38,100.90,40.00,665.00,null,null,null
2023-09-16T01:38:05Z,24.04,59.18,70,0,28.64,100.91,39.00,659.00,null,null,null
2023-09-16T01:39:05Z,24.00,59.18,70,0,32.32,100.90,40.00,665.00,null,null,null
2023-09-16T01:40:05Z,23.98,59.22,70,0,31.77,100.90,39.00,659.00,0,0,0
2023-09-16T01:41:05Z,24.01,59.18,70,0,30.40,100.90,41.00,672.00,null,null,null
2023-09-16T01:42:05Z,24.01,59.21,70,0,32.48,100.90,40.00,665.00,null,null,null
2023-09-16T01:43:05Z,24.03,59.18,70,0,32.39,100.90,39.00,659.00,null,null,null
2023-09-16T01:44:05Z,24.00,59.23,70,0,36.50,100.90,40.00,665.00,null,null,null
2023-09-16T01:45:05Z,24.00,59.21,70,0,30.14,100.90,39.00,659.00,0,0,0
2023-09-16T01:46:05Z,24.01,59.18,70,0,35.44,100.90,40.00,665.00,null,null,null
2023-09-16T01:47:05Z,24.03,59.18,70,0,30.85,100.90,40.00,665.00,null,null,null
2023-09-16T01:48:05Z,24.00,59.25,70,0,39.07,100.90,40.00,665.00,null,null,null
2023-09-16T01:49:05Z,23.98,59.22,70,0,28.63,100.90,40.00,665.00,null,null,null
2023-09-16T01:50:05Z,23.98,59.25,70,0,31.02,100.90,40.00,665.00,0,0,0
2023-09-16T01:51:05Z,24.00,59.23,70,0,31.00,100.90,39.00,656.00,null,null,null
2023-09-16T01:52:05Z,24.00,59.22,70,0,32.33,100.90,40.00,665.00,null,null,null
2023-09-16T01:53:05Z,23.98,59.25,70,0,33.39,100.90,40.00,665.00,null,null,null
2023-09-16T01:54:05Z,24.00,59.20,70,0,32.69,100.90,39.00,656.00,null,null,null
2023-09-16T01:55:05Z,23.98,59.22,70,0,30.85,100.90,41.00,672.00,0,0,0
2023-09-16T01:56:05Z,24.00,59.25,70,0,33.67,100.90,42.00,679.00,null,null,null
2023-09-16T01:57:05Z,23.98,59.28,70,0,34.94,100.90,41.00,672.00,null,null,null
2023-09-16T01:58:05Z,23.98,59.21,70,0,29.47,100.90,41.00,672.00,null,null,null
2023-09-16T01:59:05Z,23.97,59.26,70,0,34.18,100.90,40.00,665.00,null,null,null
2023-09-16T02:00:05Z,23.97,59.22,70,0,32.51,100.90,39.00,656.00,1,1,1
2023-09-16T02:01:05Z,23.95,59.25,70,0,35.03,100.90,40.00,665.00,null,null,null
2023-09-16T02:02:05Z,23.98,59.25,70,0,34.04,100.90,39.00,656.00,null,null,null
2023-09-16T02:03:05Z,23.98,59.26,70,0,34.35,100.90,39.00,656.00,null,null,null
2023-09-16T02:04:05Z,23.97,59.24,70,0,34.64,100.90,38.00,652.00,null,null,null
2023-09-16T02:05:05Z,23.98,59.23,70,0,36.33,100.90,41.00,672.00,0,0,0
2023-09-16T02:06:05Z,23.97,59.29,70,0,32.84,100.90,41.00,672.00,null,null,null
2023-09-16T02:07:05Z,23.98,59.25,70,0,28.78,100.90,43.00,683.00,null,null,null
2023-09-16T02:08:05Z,23.95,59.28,70,0,34.96,100.90,41.00,672.00,null,null,null
2023-09-16T02:09:05Z,23.94,59.25,70,0,32.65,100.90,41.00,672.00,null,null,null
2023-09-16T02:10:05Z,23.97,59.30,70,0,32.87,100.91,41.00,672.00,1,1,1
2023-09-16T02:11:05Z,23.97,59.32,70,0,32.16,100.90,40.00,665.00,null,null,null
2023-09-16T02:12:05Z,23.97,59.29,70,0,30.17,100.90,41.00,672.00,null,null,null
2023-09-16T02:13:05Z,23.94,59.26,70,0,29.05,100.90,41.00,672.00,null,null,null
2023-09-16T02:14:05Z,23.97,59.23,70,0,30.32,100.91,43.00,683.00,null,null,null
2023-09-16T02:15:05Z,23.94,59.26,70,0,33.27,100.91,44.00,692.00,0,0,0
2023-09-16T02:16:05Z,23.97,59.29,70,0,35.91,100.91,43.00,683.00,null,null,null
2023-09-16T02:17:05Z,23.95,59.30,70,0,33.65,100.91,43.00,683.00,null,null,null
2023-09-16T02:18:05Z,23.98,59.31,70,0,32.46,100.91,43.00,683.00,null,null,null
2023-09-16T02:19:05Z,23.97,59.30,70,0,33.67,100.91,43.00,683.00,null,null,null
2023-09-16T02:20:05Z,23.91,59.32,70,0,33.79,100.91,43.00,683.00,0,0,0
2023-09-16T02:21:05Z,23.94,59.27,70,0,35.02,100.91,43.00,683.00,null,null,null
2023-09-16T02:22:05Z,23.95,59.33,70,0,31.27,100.91,43.00,683.00,null,null,null
2023-09-16T02:23:05Z,23.95,59.29,70,0,29.33,100.90,43.00,683.00,null,null,null
2023-09-16T02:24:05Z,23.94,59.29,70,0,33.43,100.90,43.00,683.00,null,null,null
2023-09-16T02:25:05Z,23.93,59.32,70,0,34.05,100.91,43.00,683.00,0,0,0
2023-09-16T02:26:05Z,23.97,59.30,70,0,35.03,100.90,43.00,683.00,null,null,null
2023-09-16T02:27:05Z,23.91,59.27,70,0,33.71,100.90,43.00,683.00,null,null,null
2023-09-16T02:28:05Z,23.93,59.30,70,0,29.81,100.91,44.00,692.00,null,null,null
2023-09-16T02:29:05Z,23.94,59.30,70,0,29.31,100.91,43.00,683.00,null,null,null
2023-09-16T02:30:05Z,23.91,59.30,70,0,30.02,100.91,44.00,692.00,0,0,0
2023-09-16T02:31:05Z,23.93,59.31,70,0,32.82,100.91,44.00,692.00,null,null,null
2023-09-16T02:32:05Z,23.94,59.31,70,0,35.23,100.91,43.00,683.00,null,null,null
2023-09-16T02:33:05Z,23.93,59.28,70,0,32.79,100.91,44.00,692.00,null,null,null
2023-09-16T02:34:05Z,23.95,59.33,70,0,35.62,100.91,44.00,692.00,null,null,null
2023-09-16T02:35:05Z,23.91,59.34,70,0,31.32,100.91,44.00,692.00,0,0,0
2023-09-16T02:36:05Z,23.94,59.35,70,0,29.46,100.91,44.00,692.00,null,null,null
2023-09-16T02:37:05Z,23.91,59.30,70,0,37.75,100.91,44.00,692.00,null,null,null
2023-09-16T02:38:05Z,23.91,59.33,70,0,34.96,100.91,44.00,692.00,null,null,null
2023-09-16T02:39:05Z,23.93,59.33,70,0,34.36,100.91,44.00,692.00,null,null,null
2023-09-16T02:40:05Z,23.93,59.37,70,0,30.78,100.91,44.00,692.00,1,1,1
2023-09-16T02:41:05Z,23.93,59.37,70,0,34.54,100.91,44.00,692.00,null,null,null
2023-09-16T02:42:05Z,23.91,59.33,70,0,34.96,100.91,44.00,692.00,null,null,null
2023-09-16T02:43:05Z,23.91,59.38,70,0,35.35,100.91,44.00,692.00,null,null,null
2023-09-16T02:44:05Z,23.90,59.36,70,0,34.35,100.91,44.00,692.00,null,null,null
2023-09-16T02:45:05Z,23.93,59.40,70,0,29.87,100.91,44.00,692.00,0,0,0
2023-09-16T02:46:05Z,23.91,59.36,70,0,33.48,100.90,45.00,700.00,null,null,null
2023-09-16T02:47:05Z,23.90,59.34,70,0,32.70,100.90,47.00,710.00,null,null,null
2023-09-16T02:48:05Z,23.88,59.36,70,0,32.70,100.90,45.00,700.00,null,null,null
2023-09-16T02:49:05Z,23.88,59.37,70,0,37.49,100.91,47.00,710.00,null,null,null
2023-09-16T02:50:05Z,23.88,59.36,70,0,36.00,100.90,45.00,700.00,0,0,0
2023-09-16T02:51:05Z,23.90,59.38,69,0,34.31,100.91,47.00,710.00,null,null,null
2023-09-16T02:52:05Z,23.91,59.39,70,0,34.67,100.90,45.00,700.00,null,null,null
2023-09-16T02:53:05Z,23.90,59.37,69,0,34.25,100.90,47.00,710.00,null,null,null
2023-09-16T02:54:05Z,23.90,59.36,69,0,34.59,100.90,45.00,700.00,null,null,null
2023-09-16T02:55:05Z,23.90,59.40,69,0,34.92,100.90,48.00,717.00,1,1,1
2023-09-16T02:56:05Z,23.91,59.39,69,0,35.30,100.90,48.00,717.00,null,null,null
2023-09-16T02:57:05Z,23.88,59.34,70,0,37.69,100.90,45.00,700.00,null,null,null
2023-09-16T02:58:05Z,23.87,59.36,69,0,38.43,100.90,44.00,692.00,null,null,null
2023-09-16T02:59:05Z,23.88,59.38,70,0,35.61,100.90,45.00,700.00,null,null,null
