TIME,TEMP,HUM,BATT,LIGHT,NOISE_A,PRESS,CCS811_VOCS,CCS811_ECO2,PM_1,PM_25,PM_10
ISO 8601,C,%,%,Lux,dBA,kPa,ppb,ppm,ug/m3,ug/m3,ug/m3
Time,Temperature,Humidity,Battery,Light,Noise dBA,Barometric pressure,VOC Gas CCS811,eCO2 Gas CCS811,PM 1.0,PM 2.5,PM 10.0
,55,56,10,14,53,58,113,112,89,87,88
2023-09-09T00:00:05Z,26.43,65.17,99,0,36.20,101.49,20.00,533.00,3,3,3
2023-09-09T00:01:05Z,26.41,65.32,100,0,34.99,101.50,20.00,537.00,null,null,null
2023-09-09T00:02:05Z,26.41,65.38,99,0,32.31,101.49,19.00,527.00,null,null,null
2023-09-09T00:03:05Z,26.44,65.21,100,0,34.03,101.50,20.00,533.00,null,null,null
2023-09-09T00:04:05Z,26.41,65.41,99,0,34.91,101.49,20.00,537.00,null,null,null
2023-09-09T00:05:05Z,26.41,65.48,100,0,37.06,101.50,19.00,527.00,2,2,2
2023-09-09T00:06:05Z,26.44,65.13,99,0,34.06,101.50,20.00,533.00,null,null,null
2023-09-09T00:07:05Z,26.43,64.82,99,0,36.57,101.50,20.00,537.00,null,null,null
2023-09-09T00:08:05Z,26.43,65.25,99,0,34.94,101.49,19.00,531.00,null,null,null
2023-09-09T00:09:05Z,26.44,65.25,100,0,38.84,101.49,20.00,533.00,null,null,null
2023-09-09T00:10:05Z,26.43,65.47,99,0,37.50,101.49,19.00,527.00,2,2,2
2023-09-09T00:11:05Z,26.43,65.37,100,0,34.81,101.49,18.00,524.00,null,null,null
2023-09-09T00:12:05Z,26.41,65.43,99,0,34.38,101.49,19.00,527.00,null,null,null
2023-09-09T00:13:05Z,26.43,65.47,99,0,32.92,101.49,20.00,533.00,null,null,null
2023-09-09T00:14:05Z,26.43,65.44,100,0,36.46,101.49,19.00,527.00,null,null,null
2023-09-09T00:15:05Z,26.40,65.46,99,0,35.03,101.49,19.00,527.00,2,2,2
2023-09-09T00:16:05Z,26.43,65.32,99,0,34.07,101.48,19.00,527.00,null,null,null
2023-09-09T00:17:05Z,26.44,65.22,100,0,34.38,101.48,19.00,527.00,null,null,null
2023-09-09T00:18:05Z,26.43,65.43,99,0,35.95,101.49,19.00,531.00,null,null,null
2023-09-09T00:19:05Z,26.41,65.48,100,0,33.57,101.48,19.00,527.00,null,null,null
2023-09-09T00:20:05Z,26.38,65.55,100,0,34.95,101.49,19.00,527.00,0,0,0
2023-09-09T00:21:05Z,26.44,65.51,100,0,36.16,101.48,19.00,527.00,null,null,null
2023-09-09T00:22:05Z,26.41,65.48,100,0,36.66,101.48,19.00,527.00,null,null,null
2023-09-09T00:23:05Z,26.43,65.50,99,0,32.54,101.48,19.00,527.00,null,null,null
2023-09-09T00:24:05Z,26.44,65.47,99,0,34.90,101.48,19.00,527.00,null,null,null
2023-09-09T00:25:05Z,26.40,65.40,99,0,36.15,101.48,20.00,533.00,1,1,1
2023-09-09T00:26:05Z,26.41,65.37,99,0,34.66,101.47,19.00,527.00,null,null,null
2023-09-09T00:27:05Z,26.40,65.39,100,0,34.01,101.48,19.00,527.00,null,null,null
2023-09-09T00:28:05Z,26.40,65.42,99,0,35.32,101.47,19.00,527.00,null,null,null
2023-09-09T00:29:05Z,26.40,65.51,99,0,34.71,101.48,19.00,527.00,null,null,null
2023-09-09T00:30:05Z,26.40,65.36,100,0,33.60,101.48,18.00,524.00,1,1,1
2023-09-09T00:31:05Z,26.41,65.26,99,0,35.61,101.48,18.00,524.00,null,null,null
2023-09-09T00:32:05Z,26.44,65.42,99,0,35.61,101.47,18.00,524.00,null,null,null
2023-09-09T00:33:05Z,26.40,65.37,100,0,34.71,101.47,18.00,524.00,null,null,null
2023-09-09T00:34:05Z,26.40,65.29,99,0,35.33,101.48,18.00,524.00,null,null,null
2023-09-09T00:35:05Z,26.40,65.41,99,0,36.31,101.47,18.00,524.00,1,1,1
2023-09-09T00:36:05Z,26.41,65.24,100,0,32.94,101.47,18.00,524.00,null,null,null
2023-09-09T00:37:05Z,26.43,65.37,100,0,37.22,101.47,19.00,529.00,null,null,null
2023-09-09T00:38:05Z,26.43,65.31,100,0,35.38,101.47,18.00,524.00,null,null,null
2023-09-09T00:39:05Z,26.40,65.17,100,0,33.86,101.47,18.00,524.00,null,null,null
2023-09-09T00:40:05Z,26.41,65.24,100,0,34.26,101.47,19.00,529.00,2,2,2
2023-09-09T00:41:05Z,26.40,65.22,99,0,36.15,101.47,19.00,529.00,null,null,null
2023-09-09T00:42:05Z,26.40,65.29,100,0,35.34,101.46,19.00,529.00,null,null,null
2023-09-09T00:43:05Z,26.38,65.15,99,0,33.16,101.47,18.00,524.00,null,null,null
2023-09-09T00:44:05Z,26.37,65.24,100,0,33.76,101.47,19.00,529.00,null,null,null
2023-09-09T00:45:05Z,26.40,65.33,99,0,33.17,101.47,18.00,523.00,3,3,3
2023-09-09T00:46:05Z,26.40,65.19,99,0,36.15,101.47,17.00,518.00,null,null,null
2023-09-09T00:47:05Z,26.40,65.31,100,0,37.13,101.47,18.00,523.00,null,null,null
2023-09-09T00:48:05Z,26.40,65.24,99,0,34.91,101.47,17.00,518.00,null,null,null
2023-09-09T00:49:05Z,26.38,65.24,100,0,34.32,101.47,18.00,523.00,null,null,null
2023-09-09T00:50:05Z,26.37,65.19,100,0,40.11,101.47,17.00,517.00,0,0,0
2023-09-09T00:51:05Z,26.38,65.12,99,0,32.16,101.47,18.00,523.00,null,null,null
2023-09-09T00:52:05Z,26.40,65.09,100,0,35.09,101.47,17.00,517.00,null,null,null
2023-09-09T00:53:05Z,26.40,65.15,99,0,35.66,101.47,17.00,517.00,null,null,null
2023-09-09T00:54:05Z,26.38,65.27,99,0,32.99,101.47,17.00,517.00,null,null,null
2023-09-09T00:55:05Z,26.37,65.36,99,0,34.86,101.47,16.00,508.00,2,2,2
2023-09-09T00:56:05Z,26.36,65.05,100,0,36.37,101.47,16.00,508.00,null,null,null
2023-09-09T00:57:05Z,26.40,65.24,99,0,35.91,101.46,17.00,518.00,null,null,null
2023-09-09T00:58:05Z,26.40,65.01,100,0,34.59,101.46,19.00,529.00,null,null,null
2023-09-09T00:59:05Z,26.38,65.26,99,0,35.12,101.47,17.00,517.00,null,null,null
2023-09-09T01:00:05Z,26.37,65.26,99,0,33.42,101.46,16.00,508.00,2,2,2
2023-09-09T01:01:05Z,26.38,65.27,99,0,34.56,101.46,15.00,503.00,null,null,null
2023-09-09T01:02:05Z,26.40,65.28,99,0,35.81,101.46,16.00,508.00,null,null,null
2023-09-09T01:03:05Z,26.38,65.34,100,0,35.11,101.46,17.00,518.00,null,null,null
2023-09-09T01:04:05Z,26.38,65.29,99,0,35.64,101.46,16.00,508.00,null,null,null
2023-09-09T01:05:05Z,26.37,65.28,100,0,35.47,101.46,16.00,508.00,2,2,2
2023-09-09T01:06:05Z,26.38,65.24,99,0,33.90,101.46,15.00,503.00,null,null,null
2023-09-09T01:07:05Z,26.38,65.34,100,0,36.16,101.46,17.00,517.00,null,null,null
2023-09-09T01:08:05Z,26.40,65.30,100,0,34.17,101.46,17.00,518.00,null,null,null
2023-09-09T01:09:05Z,26.40,65.22,99,0,33.57,101.46,17.00,518.00,null,null,null
2023-09-09T01:10:05Z,26.37,65.35,99,0,32.85,101.46,18.00,523.00,1,1,1
2023-09-09T01:11:05Z,26.40,65.24,99,0,34.58,101.46,15.00,503.00,null,null,null
2023-09-09T01:12:05Z,26.40,65.25,99,0,35.68,101.46,18.00,523.00,null,null,null
2023-09-09T01:13:05Z,26.41,65.38,99,0,36.32,101.46,17.00,518.00,null,null,null
2023-09-09T01:14:05Z,26.38,65.19,100,0,35.99,101.46,16.00,508.00,null,null,null
2023-09-09T01:15:05Z,26.37,64.97,100,0,36.63,101.46,18.00,523.00,1,1,1
2023-09-09T01:16:05Z,26.37,65.18,100,0,35.78,101.46,16.00,508.00,null,null,null
2023-09-09T01:17:05Z,26.40,65.27,99,0,33.65,101.46,17.00,517.00,null,null,null
2023-09-09T01:18:05Z,26.38,65.31,100,0,37.54,101.46,16.00,508.00,null,null,null
2023-09-09T01:19:05Z,26.37,65.24,99,0,35.26,101.45,16.00,508.00,null,null,null
2023-09-09T01:20:05Z,26.38,65.33,99,0,34.18,101.45,17.00,517.00,2,2,2
2023-09-09T01:21:05Z,26.40,65.21,100,0,34.23,101.46,15.00,503.00,null,null,null
2023-09-09T01:22:05Z,26.40,65.23,99,0,36.03,101.46,17.00,517.00,null,null,null
2023-09-09T01:23:05Z,26.38,65.24,100,0,34.09,101.46,17.00,517.00,null,null,null
2023-09-09T01:24:05Z,26.38,65.26,100,0,35.66,101.46,17.00,517.00,null,null,null
2023-09-09T01:25:05Z,26.37,65.27,100,0,36.48,101.46,16.00,508.00,0,0,0
2023-09-09T01:26:05Z,26.40,65.29,100,0,34.21,101.46,15.00,503.00,null,null,null
2023-09-09T01:27:05Z,26.41,65.18,99,0,35.33,101.46,15.00,503.00,null,null,null
2023-09-09T01:28:05Z,26.41,65.25,100,0,34.59,101.46,17.00,517.00,null,null,null
2023-09-09T01:29:05Z,26.40,65.26,99,0,34.22,101.46,16.00,508.00,null,null,null
2023-09-09T01:30:05Z,26.37,65.32,99,0,33.16,101.45,16.00,508.00,0,0,0
2023-09-09T01:31:05Z,26.38,65.12,100,0,35.19,101.46,16.00,508.00,null,null,null
2023-09-09T01:32:05Z,26.38,65.29,100,0,35.08,101.46,17.00,517.00,null,null,null
2023-09-09T01:33:05Z,26.38,65.18,99,0,35.06,101.46,16.00,508.00,null,null,null
2023-09-09T01:34:05Z,26.40,65.18,100,0,31.91,101.46,17.00,517.00,null,null,null
2023-09-09T01:35:05Z,26.37,65.34,99,0,35.85,101.46,17.00,517.00,1,1,1
2023-09-09T01:36:05Z,26.41,65.30,100,0,36.31,101.46,16.00,508.00,null,null,null
2023-09-09T01:37:05Z,26.38,65.16,99,0,34.88,101.46,15.00,503.00,null,null,null
2023-09-09T01:38:05Z,26.40,65.27,99,0,37.28,101.46,17.00,517.00,null,null,null
2023-09-09T01:39:05Z,26.38,65.19,99,0,36.06,101.46,15.00,503.00,null,null,null
2023-09-09T01:40:05Z,26.40,65.22,100,0,35.60,101.45,16.00,508.00,0,0,0
2023-09-09T01:41:05Z,26.40,65.29,99,0,36.50,101.45,16.00,508.00,null,null,null
2023-09-09T01:42:05Z,26.40,65.27,99,0,35.10,101.45,15.00,503.00,null,null,null
2023-09-09T01:43:05Z,26.40,65.07,99,0,34.20,101.45,15.00,503.00,null,null,null
2023-09-09T01:44:05Z,26.40,65.23,99,0,35.54,101.45,16.00,508.00,null,null,null
2023-09-09T01:45:05Z,26.38,65.26,100,0,34.07,101.45,16.00,508.00,2,2,2
2023-09-09T01:46:05Z,26.38,65.27,99,0,34.40,101.45,15.00,503.00,null,null,null
2023-09-09T01:47:05Z,26.38,65.17,100,0,35.78,101.44,15.00,503.00,null,null,null
2023-09-09T01:48:05Z,26.40,65.25,100,0,35.71,101.45,16.00,508.00,null,null,null
2023-09-09T01:49:05Z,26.37,65.24,99,0,34.65,101.45,15.00,503.00,null,null,null
2023-09-09T01:50:05Z,26.38,65.24,99,0,35.98,101.45,16.00,508.00,1,1,1
2023-09-09T01:51:05Z,26.38,65.22,100,0,35.71,101.45,16.00,508.00,null,null,null
2023-09-09T01:52:05Z,26.38,65.22,100,0,34.68,101.45,16.00,508.00,null,null,null
2023-09-09T01:53:05Z,26.38,65.18,99,0,33.95,101.45,16.00,508.00,null,null,null
2023-09-09T01:54:05Z,26.38,65.33,100,0,36.75,101.45,16.00,508.00,null,null,null
2023-09-09T01:55:05Z,26.37,65.24,99,0,34.72,101.45,15.00,503.00,0,0,0
2023-09-09T01:56:05Z,26.40,65.19,100,0,33.56,101.45,15.00,502.00,null,null,null
2023-09-09T01:57:05Z,26.38,65.21,100,0,34.28,101.45,16.00,508.00,null,null,null
2023-09-09T01:58:05Z,26.40,64.97,99,0,35.09,101.45,15.00,502.00,null,null,null
2023-09-09T01:59:05Z,26.38,65.26,99,0,35.47,101.45,15.00,502.00,null,null,null
2023-09-09T02:00:05Z,26.37,65.22,99,0,35.19,101.45,14.00,498.00,1,2,2
2023-09-09T02:01:05Z,26.37,65.05,99,0,35.44,101.45,15.00,502.00,null,null,null
2023-09-09T02:02:05Z,26.38,65.23,100,0,34.69,101.45,15.00,502.00,null,null,null
2023-09-09T02:03:05Z,26.40,65.17,100,0,37.04,101.45,16.00,508.00,null,null,null
2023-09-09T02:04:05Z,26.40,65.27,99,0,33.86,101.45,16.00,508.00,null,null,null
2023-09-09T02:05:05Z,26.38,65.21,99,0,35.39,101.45,15.00,503.00,7,7,7
2023-09-09T02:06:05Z,26.38,65.11,99,0,36.65,101.45,15.00,502.00,null,null,null
2023-09-09T02:07:05Z,26.38,65.15,99,0,34.62,101.45,16.00,508.00,null,null,null
2023-09-09T02:08:05Z,26.40,65.17,99,0,35.30,101.45,16.00,508.00,null,null,null
2023-09-09T02:09:05Z,26.40,65.07,100,0,34.50,101.45,16.00,508.00,null,null,null
2023-09-09T02:10:05Z,26.37,64.57,100,0,33.48,101.45,15.00,502.00,2,2,2
2023-09-09T02:11:05Z,26.40,64.78,99,0,33.63,101.45,16.00,508.00,null,null,null
2023-09-09T02:12:05Z,26.40,64.78,99,0,34.73,101.45,15.00,502.00,null,null,null
2023-09-09T02:13:05Z,26.40,64.73,100,0,34.84,101.45,14.00,497.00,null,null,null
2023-09-09T02:14:05Z,26.40,64.72,100,0,34.32,101.45,16.00,508.00,null,null,null
2023-09-09T02:15:05Z,26.41,64.81,99,0,35.81,101.45,16.00,508.00,10,15,15
2023-09-09T02:16:05Z,26.40,64.85,99,0,34.37,101.46,15.00,502.00,null,null,null
2023-09-09T02:17:05Z,26.41,64.90,100,0,35.36,101.45,16.00,508.00,null,null,null
2023-09-09T02:18:05Z,26.43,64.92,100,0,35.75,101.46,15.00,502.00,null,null,null
2023-09-09T02:19:05Z,26.40,65.08,99,0,34.06,101.45,16.00,508.00,null,null,null
2023-09-09T02:20:05Z,26.41,65.03,99,0,37.07,101.45,17.00,517.00,12,16,16
2023-09-09T02:21:05Z,26.43,65.04,99,0,33.11,101.45,17.00,517.00,null,null,null
2023-09-09T02:22:05Z,26.43,65.03,99,0,33.56,101.45,18.00,523.00,null,null,null
2023-09-09T02:23:05Z,26.41,65.11,99,0,37.13,101.45,18.00,523.00,null,null,null
2023-09-09T02:24:05Z,26.44,65.11,100,0,37.76,101.45,20.00,537.00,null,null,null
2023-09-09T02:25:05Z,26.41,65.18,99,0,35.96,101.45,22.00,546.00,19,23,23
2023-09-09T02:26:05Z,26.44,65.20,99,0,37.38,101.45,19.00,529.00,null,null,null
2023-09-09T02:27:05Z,26.44,65.16,99,0,36.96,101.46,20.00,537.00,null,null,null
2023-09-09T02:28:05Z,26.44,65.21,100,0,36.74,101.45,20.00,537.00,null,null,null
2023-09-09T02:29:05Z,26.45,65.20,100,0,38.73,101.45,22.00,546.00,null,null,null
2023-09-09T02:30:05Z,26.43,65.27,99,0,35.72,101.45,22.00,549.00,17,23,23
2023-09-09T02:31:05Z,26.49,65.19,100,0,37.26,101.45,21.00,542.00,null,null,null
2023-09-09T02:32:05Z,26.48,65.20,100,0,37.29,101.46,23.00,555.00,null,null,null
2023-09-09T02:33:05Z,26.45,65.23,99,0,37.77,101.45,24.00,564.00,null,null,null
2023-09-09T02:34:05Z,26.45,65.27,100,0,36.02,101.45,26.00,572.00,null,null,null
2023-09-09T02:35:05Z,26.45,65.33,99,0,35.54,101.45,25.00,567.00,18,33,33
2023-09-09T02:36:05Z,26.47,65.30,100,0,35.79,101.45,25.00,567.00,null,null,null
2023-09-09T02:37:05Z,26.49,65.30,100,0,37.65,101.45,25.00,570.00,null,null,null
2023-09-09T02:38:05Z,26.48,65.35,100,0,35.97,101.45,26.00,577.00,null,null,null
2023-09-09T02:39:05Z,26.47,65.31,99,0,36.41,101.45,26.00,577.00,null,null,null
2023-09-09T02:40:05Z,26.48,65.41,100,0,34.74,101.44,28.00,584.00,9,13,20
2023-09-09T02:41:05Z,26.48,65.36,99,0,33.94,101.45,28.00,584.00,null,null,null
2023-09-09T02:42:05Z,26.49,65.39,100,0,34.10,101.45,29.00,594.00,null,null,null
2023-09-09T02:43:05Z,26.47,65.40,100,0,34.66,101.45,30.00,597.00,null,null,null
2023-09-09T02:44:05Z,26.48,65.39,99,0,34.00,101.45,30.00,597.00,null,null,null
2023-09-09T02:45:05Z,26.48,65.44,99,0,34.11,101.45,30.00,597.00,17,23,30
2023-09-09T02:46:05Z,26.48,65.48,99,0,34.54,101.45,30.00,597.00,null,null,null
2023-09-09T02:47:05Z,26.51,65.46,100,0,33.63,101.45,30.00,603.00,null,null,null
2023-09-09T02:48:05Z,26.49,65.56,99,0,34.75,101.45,30.00,603.00,null,null,null
2023-09-09T02:49:05Z,26.51,65.49,99,0,33.10,101.45,32.00,612.00,null,null,null
2023-09-09T02:50:05Z,26.49,65.51,99,0,34.39,101.45,32.00,612.00,19,37,37
2023-09-09T02:51:05Z,26.51,65.51,99,0,35.85,101.45,32.00,612.00,null,null,null
2023-09-09T02:52:05Z,26.52,65.58,100,0,34.93,101.45,33.00,618.00,null,null,null
2023-09-09T02:53:05Z,26.51,65.60,99,0,35.89,101.45,33.00,618.00,null,null,null
2023-09-09T02:54:05Z,26.49,65.70,100,0,37.54,101.45,33.00,618.00,null,null,null
2023-09-09T02:55:05Z,26.52,65.76,99,0,34.88,101.44,34.00,626.00,15,17,17
2023-09-09T02:56:05Z,26.51,65.72,99,0,35.32,101.44,33.00,620.00,null,null,null
2023-09-09T02:57:05Z,26.52,65.79,100,0,36.10,101.45,34.00,626.00,null,null,null
2023-09-09T02:58:05Z,26.55,65.80,100,0,34.88,101.45,34.00,627.00,null,null,null
2023-09-09T02:59:05Z,26.55,65.81,100,0,32.34,101.45,34.00,627.00,null,null,null
