TIME,TEMP,HUM,BATT,LIGHT,NOISE_A,PRESS,CCS811_VOCS,CCS811_ECO2,PM_1,PM_25,PM_10
ISO 8601,C,%,%,Lux,dBA,kPa,ppb,ppm,ug/m3,ug/m3,ug/m3
Time,Temperature,Humidity,Battery,Light,Noise dBA,Barometric pressure,VOC Gas CCS811,eCO2 Gas CCS811,PM 1.0,PM 2.5,PM 10.0
,55,56,10,14,53,58,113,112,89,87,88
2023-08-25T00:00:05Z,25.89,63.92,100,0,50.17,100.89,18.00,523.00,0,0,0
2023-08-25T00:01:05Z,25.90,63.92,99,0,35.61,100.89,17.00,517.00,null,null,null
2023-08-25T00:02:05Z,25.86,63.86,100,0,40.53,100.89,17.00,517.00,null,null,null
2023-08-25T00:03:05Z,25.88,63.92,100,0,40.28,100.89,17.00,517.00,null,null,null
2023-08-25T00:04:05Z,25.92,63.92,99,0,37.71,100.90,16.00,506.00,null,null,null
2023-08-25T00:05:05Z,25.88,63.92,100,0,51.17,100.90,16.00,506.00,0,0,0
2023-08-25T00:06:05Z,25.86,63.80,99,0,37.59,100.89,14.00,496.00,null,null,null
2023-08-25T00:07:05Z,25.89,63.70,99,0,37.52,100.90,15.00,500.00,null,null,null
2023-08-25T00:08:05Z,25.88,63.79,99,0,38.08,100.90,15.00,503.00,null,null,null
2023-08-25T00:09:05Z,25.89,63.78,99,0,39.64,100.90,15.00,500.00,null,null,null
2023-08-25T00:10:05Z,25.89,63.77,99,0,45.98,100.90,14.00,496.00,0,0,0
2023-08-25T00:11:05Z,25.89,63.76,100,0,49.98,100.90,14.00,496.00,null,null,null
2023-08-25T00:12:05Z,25.89,63.66,99,0,41.88,100.90,14.00,496.00,null,null,null
2023-08-25T00:13:05Z,25.89,63.73,99,0,48.67,100.90,14.00,495.00,null,null,null
2023-08-25T00:14:05Z,25.85,63.68,99,0,41.56,100.90,13.00,488.00,null,null,null
2023-08-25T00:15:05Z,25.88,63.70,99,0,40.02,100.89,13.00,488.00,0,0,0
2023-08-25T00:16:05Z,25.86,63.66,99,0,36.69,100.89,13.00,488.00,null,null,null
2023-08-25T00:17:05Z,25.85,63.70,99,0,38.94,100.89,13.00,488.00,null,null,null
2023-08-25T00:18:05Z,25.86,63.72,99,0,38.05,100.89,12.00,482.00,null,null,null
2023-08-25T00:19:05Z,25.86,63.69,99,0,33.86,100.89,13.00,488.00,null,null,null
2023-08-25T00:20:05Z,25.86,63.78,99,0,35.69,100.89,12.00,482.00,0,0,0
2023-08-25T00:21:05Z,25.88,63.73,99,0,37.27,100.89,11.00,478.00,null,null,null
2023-08-25T00:22:05Z,25.86,63.70,100,0,39.85,100.89,11.00,477.00,null,null,null
2023-08-25T00:23:05Z,25.85,63.70,99,0,39.30,100.89,11.00,477.00,null,null,null
2023-08-25T00:24:05Z,25.89,63.69,99,0,38.14,100.90,11.00,477.00,null,null,null
2023-08-25T00:25:05Z,25.83,63.70,99,0,38.26,100.89,11.00,477.00,0,0,0
2023-08-25T00:26:05Z,25.86,63.77,99,0,37.56,100.89,11.00,473.00,null,null,null
2023-08-25T00:27:05Z,25.86,63.62,100,0,36.78,100.89,10.00,466.00,null,null,null
2023-08-25T00:28:05Z,25.83,63.71,99,0,37.89,100.89,9.00,465.00,null,null,null
2023-08-25T00:29:05Z,25.83,63.74,100,0,37.10,100.89,11.00,473.00,null,null,null
2023-08-25T00:30:05Z,25.85,63.72,99,0,38.14,100.89,11.00,473.00,0,0,0
2023-08-25T00:31:05Z,25.85,63.73,99,0,37.35,100.89,9.00,465.00,null,null,null
2023-08-25T00:32:05Z,25.86,63.67,99,0,38.12,100.89,9.00,465.00,null,null,null
2023-08-25T00:33:05Z,25.85,63.69,99,0,36.98,100.89,9.00,465.00,null,null,null
2023-08-25T00:34:05Z,25.83,63.70,99,0,36.98,100.89,9.00,465.00,null,null,null
2023-08-25T00:35:05Z,25.83,63.70,99,0,36.30,100.89,9.00,460.00,0,0,0
2023-08-25T00:36:05Z,25.83,63.69,99,0,38.50,100.90,9.00,460.00,null,null,null
2023-08-25T00:37:05Z,25.85,63.69,100,0,36.35,100.89,9.00,460.00,null,null,null
2023-08-25T00:38:05Z,25.85,63.69,99,0,37.43,100.90,9.00,460.00,null,null,null
2023-08-25T00:39:05Z,25.83,63.66,99,0,37.21,100.89,9.00,460.00,null,null,null
2023-08-25T00:40:05Z,25.82,63.70,99,0,36.77,100.89,8.00,456.00,0,0,0
2023-08-25T00:41:05Z,25.82,63.66,100,0,37.43,100.89,8.00,456.00,null,null,null
2023-08-25T00:42:05Z,25.83,63.63,99,0,35.81,100.89,8.00,456.00,null,null,null
2023-08-25T00:43:05Z,25.85,63.66,99,0,36.62,100.89,8.00,456.00,null,null,null
2023-08-25T00:44:05Z,25.82,63.63,99,0,36.55,100.89,7.00,451.00,null,null,null
2023-08-25T00:45:05Z,25.80,63.72,99,0,36.89,100.90,7.00,451.00,0,0,0
2023-08-25T00:46:05Z,25.82,63.58,99,0,37.67,100.89,7.00,451.00,null,null,null
2023-08-25T00:47:05Z,25.82,63.74,99,0,41.07,100.89,7.00,451.00,null,null,null
2023-08-25T00:48:05Z,25.83,63.62,99,0,39.39,100.88,7.00,451.00,null,null,null
2023-08-25T00:49:05Z,25.79,63.62,99,0,35.81,100.89,7.00,446.00,null,null,null
2023-08-25T00:50:05Z,25.82,63.66,99,0,37.34,100.89,7.00,446.00,0,0,0
2023-08-25T00:51:05Z,25.83,63.54,99,0,37.66,100.89,7.00,446.00,null,null,null
2023-08-25T00:52:05Z,25.80,63.52,99,0,37.78,100.89,6.00,442.00,null,null,null
2023-08-25T00:53:05Z,25.82,63.52,99,0,38.60,100.89,6.00,442.00,null,null,null
2023-08-25T00:54:05Z,25.79,63.70,100,0,38.17,100.89,5.00,436.00,null,null,null
2023-08-25T00:55:05Z,25.79,63.58,99,0,36.62,100.89,7.00,446.00,0,0,0
2023-08-25T00:56:05Z,25.82,63.57,99,0,39.17,100.89,5.00,436.00,null,null,null
2023-08-25T00:57:05Z,25.80,63.72,100,0,36.90,100.89,6.00,442.00,null,null,null
2023-08-25T00:58:05Z,25.80,63.70,99,0,38.67,100.89,6.00,442.00,null,null,null
2023-08-25T00:59:05Z,25.80,63.62,99,0,36.65,100.89,6.00,442.00,null,null,null
2023-08-25T01:00:05Z,25.80,63.73,99,0,40.10,100.89,5.00,436.00,0,0,0
2023-08-25T01:01:05Z,25.80,63.67,99,0,34.97,100.89,4.00,432.00,null,null,null
2023-08-25T01:02:05Z,25.79,63.70,100,0,38.17,100.89,5.00,436.00,null,null,null
2023-08-25T01:03:05Z,25.78,63.61,99,0,36.63,100.89,5.00,436.00,null,null,null
2023-08-25T01:04:05Z,25.78,63.58,100,0,37.69,100.89,4.00,432.00,null,null,null
2023-08-25T01:05:05Z,25.76,63.64,100,0,37.87,100.89,4.00,432.00,0,0,0
2023-08-25T01:06:05Z,25.80,63.48,99,0,36.54,100.90,7.00,446.00,null,null,null
2023-08-25T01:07:05Z,25.76,63.58,100,0,36.36,100.90,5.00,436.00,null,null,null
2023-08-25T01:08:05Z,25.79,63.51,100,0,38.78,100.90,4.00,432.00,null,null,null
2023-08-25T01:09:05Z,25.80,63.57,100,0,37.89,100.90,4.00,432.00,null,null,null
2023-08-25T01:10:05Z,25.78,63.46,100,0,36.40,100.89,5.00,436.00,0,0,0
2023-08-25T01:11:05Z,25.78,63.46,99,0,39.19,100.89,3.00,421.00,null,null,null
2023-08-25T01:12:05Z,25.79,63.40,99,0,36.70,100.89,4.00,427.00,null,null,null
2023-08-25T01:13:05Z,25.78,63.55,99,0,37.93,100.90,4.00,432.00,null,null,null
2023-08-25T01:14:05Z,25.75,63.40,99,0,36.87,100.90,4.00,432.00,null,null,null
2023-08-25T01:15:05Z,25.76,63.48,100,0,37.87,100.90,3.00,421.00,0,0,0
2023-08-25T01:16:05Z,25.76,63.49,99,0,35.77,100.90,4.00,427.00,null,null,null
2023-08-25T01:17:05Z,25.76,63.41,100,0,37.51,100.90,4.00,432.00,null,null,null
2023-08-25T01:18:05Z,25.76,63.37,99,0,37.56,100.90,3.00,421.00,null,null,null
2023-08-25T01:19:05Z,25.73,63.40,99,0,38.42,100.90,4.00,427.00,null,null,null
2023-08-25T01:20:05Z,25.73,63.46,100,0,39.82,100.89,5.00,438.00,1,1,1
2023-08-25T01:21:05Z,25.75,63.37,100,0,38.65,100.90,5.00,435.00,null,null,null
2023-08-25T01:22:05Z,25.76,63.33,99,0,38.49,100.90,4.00,427.00,null,null,null
2023-08-25T01:23:05Z,25.72,63.34,99,0,37.50,100.90,4.00,427.00,null,null,null
2023-08-25T01:24:05Z,25.75,63.35,99,0,38.70,100.90,5.00,435.00,null,null,null
2023-08-25T01:25:05Z,25.72,63.25,99,0,41.11,100.91,2.00,416.00,0,0,0
2023-08-25T01:26:05Z,25.75,63.37,99,0,37.77,100.91,5.00,435.00,null,null,null
2023-08-25T01:27:05Z,25.76,63.27,99,0,36.24,100.90,3.00,421.00,null,null,null
2023-08-25T01:28:05Z,25.72,63.21,99,0,37.93,100.91,3.00,421.00,null,null,null
2023-08-25T01:29:05Z,25.70,63.20,99,0,37.26,100.91,6.00,441.00,null,null,null
2023-08-25T01:30:05Z,25.70,63.31,99,0,37.92,100.91,6.00,441.00,0,0,0
2023-08-25T01:31:05Z,25.73,63.14,99,0,37.93,100.91,5.00,435.00,null,null,null
2023-08-25T01:32:05Z,25.75,63.12,99,0,35.62,100.90,6.00,441.00,null,null,null
2023-08-25T01:33:05Z,25.70,63.17,99,0,37.42,100.91,3.00,421.00,null,null,null
2023-08-25T01:34:05Z,25.70,63.17,99,0,35.67,100.90,5.00,435.00,null,null,null
2023-08-25T01:35:05Z,25.69,63.16,99,0,37.11,100.90,4.00,428.00,0,0,0
2023-08-25T01:36:05Z,25.72,63.12,99,0,37.31,100.90,4.00,428.00,null,null,null
2023-08-25T01:37:05Z,25.72,63.15,100,0,37.30,100.90,4.00,428.00,null,null,null
2023-08-25T01:38:05Z,25.72,63.16,99,0,36.35,100.90,5.00,435.00,null,null,null
2023-08-25T01:39:05Z,25.70,63.38,100,0,38.13,100.90,4.00,428.00,null,null,null
2023-08-25T01:40:05Z,25.70,63.00,99,0,36.67,100.90,5.00,435.00,0,0,0
2023-08-25T01:41:05Z,25.70,63.20,100,0,38.38,100.90,5.00,435.00,null,null,null
2023-08-25T01:42:05Z,25.70,63.20,99,0,37.09,100.90,5.00,435.00,null,null,null
2023-08-25T01:43:05Z,25.69,62.99,99,0,36.57,100.89,4.00,428.00,null,null,null
2023-08-25T01:44:05Z,25.69,63.07,100,0,41.30,100.90,4.00,428.00,null,null,null
2023-08-25T01:45:05Z,25.69,63.14,99,0,37.47,100.90,4.00,428.00,0,0,0
2023-08-25T01:46:05Z,25.70,63.07,100,0,37.32,100.90,4.00,428.00,null,null,null
2023-08-25T01:47:05Z,25.69,63.04,99,0,37.36,100.90,3.00,425.00,null,null,null
2023-08-25T01:48:05Z,25.69,62.98,100,0,36.35,100.90,4.00,428.00,null,null,null
2023-08-25T01:49:05Z,25.68,63.07,99,0,38.31,100.90,4.00,428.00,null,null,null
2023-08-25T01:50:05Z,25.66,63.26,100,0,37.90,100.89,4.00,428.00,0,0,0
2023-08-25T01:51:05Z,25.68,63.05,100,0,36.82,100.90,3.00,421.00,null,null,null
2023-08-25T01:52:05Z,25.68,63.04,99,0,38.01,100.90,3.00,425.00,null,null,null
2023-08-25T01:53:05Z,25.66,63.13,99,0,37.57,100.90,3.00,425.00,null,null,null
2023-08-25T01:54:05Z,25.68,63.10,99,0,48.33,100.90,3.00,425.00,null,null,null
2023-08-25T01:55:05Z,25.66,63.14,99,0,37.01,100.90,3.00,425.00,0,0,0
2023-08-25T01:56:05Z,25.68,63.10,99,0,37.17,100.90,3.00,425.00,null,null,null
2023-08-25T01:57:05Z,25.69,63.13,99,0,40.62,100.90,3.00,425.00,null,null,null
2023-08-25T01:58:05Z,25.65,63.13,99,0,38.94,100.90,3.00,425.00,null,null,null
2023-08-25T01:59:05Z,25.66,63.21,100,0,37.21,100.90,3.00,425.00,null,null,null
2023-08-25T02:00:05Z,25.64,63.16,100,0,36.96,100.90,3.00,425.00,0,0,0
2023-08-25T02:01:05Z,25.65,63.10,99,0,38.31,100.90,3.00,425.00,null,null,null
2023-08-25T02:02:05Z,25.69,63.18,99,0,36.99,100.91,3.00,425.00,null,null,null
2023-08-25T02:03:05Z,25.66,63.12,99,0,36.81,100.90,3.00,425.00,null,null,null
2023-08-25T02:04:05Z,25.65,63.13,99,0,37.02,100.91,3.00,425.00,null,null,null
2023-08-25T02:05:05Z,25.65,63.17,99,0,35.55,100.91,3.00,425.00,0,0,0
2023-08-25T02:06:05Z,25.65,63.21,99,0,40.08,100.91,3.00,425.00,null,null,null
2023-08-25T02:07:05Z,25.66,63.16,99,0,36.58,100.91,3.00,425.00,null,null,null
2023-08-25T02:08:05Z,25.66,63.14,99,0,39.62,100.91,3.00,425.00,null,null,null
2023-08-25T02:09:05Z,25.65,63.19,99,0,37.45,100.91,3.00,420.00,null,null,null
2023-08-25T02:10:05Z,25.64,63.19,100,0,40.33,100.91,3.00,420.00,0,0,0
2023-08-25T02:11:05Z,25.65,63.32,100,0,35.76,100.91,3.00,420.00,null,null,null
2023-08-25T02:12:05Z,25.66,63.13,99,0,38.61,100.91,2.00,415.00,null,null,null
2023-08-25T02:13:05Z,25.65,63.13,99,0,37.11,100.91,3.00,420.00,null,null,null
2023-08-25T02:14:05Z,25.64,63.15,99,0,37.54,100.91,3.00,425.00,null,null,null
2023-08-25T02:15:05Z,25.61,63.17,99,0,38.22,100.91,3.00,425.00,0,0,0
2023-08-25T02:16:05Z,25.62,63.26,99,0,37.72,100.90,3.00,425.00,null,null,null
2023-08-25T02:17:05Z,25.62,63.12,100,0,39.34,100.91,3.00,421.00,null,null,null
2023-08-25T02:18:05Z,25.61,63.19,100,0,39.14,100.90,2.00,416.00,null,null,null
2023-08-25T02:19:05Z,25.61,63.20,99,0,35.83,100.90,2.00,416.00,null,null,null
2023-08-25T02:20:05Z,25.62,63.15,99,0,40.25,100.90,3.00,420.00,0,0,0
2023-08-25T02:21:05Z,25.61,63.04,99,0,37.08,100.90,2.00,416.00,null,null,null
2023-08-25T02:22:05Z,25.64,62.97,99,0,36.84,100.90,2.00,416.00,null,null,null
2023-08-25T02:23:05Z,25.61,63.09,99,0,37.64,100.90,2.00,416.00,null,null,null
2023-08-25T02:24:05Z,25.62,62.98,100,0,36.17,100.90,3.00,420.00,null,null,null
2023-08-25T02:25:05Z,25.61,63.08,99,0,38.00,100.90,3.00,420.00,0,0,0
2023-08-25T02:26:05Z,25.62,63.10,99,0,37.08,100.90,1.00,411.00,null,null,null
2023-08-25T02:27:05Z,25.62,62.86,100,0,38.45,100.90,3.00,425.00,null,null,null
2023-08-25T02:28:05Z,25.61,62.86,99,0,37.41,100.90,2.00,416.00,null,null,null
2023-08-25T02:29:05Z,25.61,62.95,100,0,40.31,100.89,3.00,425.00,null,null,null
2023-08-25T02:30:05Z,25.59,63.10,99,0,37.55,100.90,3.00,420.00,0,0,0
2023-08-25T02:31:05Z,25.61,62.92,99,0,38.07,100.90,1.00,411.00,null,null,null
2023-08-25T02:32:05Z,25.62,62.70,99,0,37.94,100.90,3.00,420.00,null,null,null
2023-08-25T02:33:05Z,25.59,62.88,99,0,35.84,100.90,3.00,421.00,null,null,null
2023-08-25T02:34:05Z,25.59,62.76,99,0,38.08,100.90,1.00,411.00,null,null,null
2023-08-25T02:35:05Z,25.56,62.86,99,0,40.64,100.90,1.00,411.00,0,0,0
2023-08-25T02:36:05Z,25.58,62.73,99,0,38.93,100.91,1.00,411.00,null,null,null
2023-08-25T02:37:05Z,25.58,62.74,100,0,34.80,100.91,2.00,416.00,null,null,null
2023-08-25T02:38:05Z,25.56,62.60,100,0,38.65,100.90,2.00,416.00,null,null,null
2023-08-25T02:39:05Z,25.62,62.74,99,0,37.33,100.91,2.00,416.00,null,null,null
2023-08-25T02:40:05Z,25.58,62.72,99,0,37.41,100.91,1.00,411.00,0,0,0
2023-08-25T02:41:05Z,25.59,62.81,100,0,36.93,100.90,1.00,411.00,null,null,null
2023-08-25T02:42:05Z,25.59,62.62,100,0,36.54,100.90,1.00,407.00,null,null,null
2023-08-25T02:43:05Z,25.56,62.72,99,0,38.70,100.90,1.00,411.00,null,null,null
2023-08-25T02:44:05Z,25.58,62.71,100,0,38.52,100.90,1.00,411.00,null,null,null
2023-08-25T02:45:05Z,25.58,62.42,99,0,41.00,100.90,1.00,411.00,0,0,0
2023-08-25T02:46:05Z,25.59,62.59,100,0,40.06,100.90,0.00,403.00,null,null,null
2023-08-25T02:47:05Z,25.58,62.56,99,0,37.95,100.91,1.00,407.00,null,null,null
2023-08-25T02:48:05Z,25.58,62.58,100,0,38.15,100.91,1.00,407.00,null,null,null
2023-08-25T02:49:05Z,25.58,62.51,100,0,37.76,100.91,0.00,403.00,null,null,null
2023-08-25T02:50:05Z,25.55,62.68,99,0,38.30,100.91,0.00,403.00,0,0,0
2023-08-25T02:51:05Z,25.56,62.47,100,0,38.78,100.91,0.00,403.00,null,null,null
2023-08-25T02:52:05Z,25.56,62.37,99,0,38.57,100.91,0.00,403.00,null,null,null
2023-08-25T02:53:05Z,25.55,62.25,99,0,36.10,100.90,0.00,403.00,null,null,null
2023-08-25T02:54:05Z,25.55,62.53,99,0,40.39,100.90,0.00,400.00,null,null,null
2023-08-25T02:55:05Z,25.53,62.31,99,0,37.58,100.90,0.00,400.00,0,0,0
2023-08-25T02:56:05Z,25.56,62.25,99,0,37.09,100.91,0.00,400.00,null,null,null
2023-08-25T02:57:05Z,25.55,62.26,99,0,38.35,100.90,0.00,400.00,null,null,null
2023-08-25T02:58:05Z,25.53,62.66,99,0,35.70,100.91,0.00,400.00,null,null,null
2023-08-25T02:59:05Z,25.53,62.20,99,0,35.32,100.90,0.00,400.00,null,null,null
2023-08-25T03:00:05Z,25.53,62.23,99,0,39.90,100.90,0.00,403.00,0,0,0
2023-08-25T03:01:05Z,25.52,62.20,99,0,36.61,100.90,0.00,401.00,null,null,null
2023-08-25T03:02:05Z,25.52,62.06,99,0,38.06,100.90,0.00,401.00,null,null,null
2023-08-25T03:03:05Z,25.55,62.28,100,0,36.72,100.90,0.00,401.00,null,null,null
2023-08-25T03:04:05Z,25.53,62.40,99,0,36.32,100.90,0.00,400.00,null,null,null
2023-08-25T03:05:05Z,25.49,62.06,99,0,37.68,100.90,0.00,400.00,0,0,0
2023-08-25T03:06:05Z,25.55,62.24,100,0,38.50,100.91,0.00,403.00,null,null,null
2023-08-25T03:07:05Z,25.51,62.16,99,0,37.41,100.90,0.00,400.00,null,null,null
2023-08-25T03:08:05Z,25.52,62.15,99,0,34.67,100.90,0.00,400.00,null,null,null
2023-08-25T03:09:05Z,25.51,61.91,99,0,38.15,100.90,0.00,400.00,null,null,null
2023-08-25T03:10:05Z,25.52,62.21,99,0,38.23,100.90,0.00,400.00,0,0,0
2023-08-25T03:11:05Z,25.51,62.19,99,0,38.74,100.90,0.00,400.00,null,null,null
2023-08-25T03:12:05Z,25.49,62.05,100,0,37.12,100.90,0.00,400.00,null,null,null
2023-08-25T03:13:05Z,25.51,62.41,100,0,37.89,100.90,0.00,400.00,null,null,null
2023-08-25T03:14:05Z,25.49,62.32,99,0,37.54,100.90,0.00,400.00,null,null,null
2023-08-25T03:15:05Z,25.49,62.41,99,0,38.61,100.90,1.00,407.00,0,0,0
2023-08-25T03:16:05Z,25.49,62.22,99,0,37.89,100.90,1.00,407.00,null,null,null
2023-08-25T03:17:05Z,25.48,62.05,99,0,36.68,100.90,1.00,413.00,null,null,null
2023-08-25T03:18:05Z,25.49,62.09,99,0,39.85,100.90,1.00,410.00,null,null,null
2023-08-25T03:19:05Z,25.48,61.88,99,0,39.60,100.90,0.00,403.00,null,null,null
2023-08-25T03:20:05Z,25.48,61.88,99,0,38.70,100.90,0.00,403.00,0,0,0
2023-08-25T03:21:05Z,25.46,62.11,99,0,37.83,100.90,0.00,403.00,null,null,null
2023-08-25T03:22:05Z,25.46,61.87,100,0,38.84,100.90,0.00,403.00,null,null,null
2023-08-25T03:23:05Z,25.48,61.66,99,0,37.89,100.90,0.00,400.00,null,null,null
2023-08-25T03:24:05Z,25.45,62.05,99,0,37.83,100.90,0.00,403.00,null,null,null
2023-08-25T03:25:05Z,25.45,62.31,99,0,38.89,100.90,0.00,405.00,0,0,0
2023-08-25T03:26:05Z,25.45,61.83,99,0,38.90,100.90,0.00,401.00,null,null,null
2023-08-25T03:27:05Z,25.43,62.08,100,0,39.19,100.90,0.00,400.00,null,null,null
2023-08-25T03:28:05Z,25.45,62.09,100,0,38.44,100.90,0.00,405.00,null,null,null
2023-08-25T03:29:05Z,25.43,61.74,99,0,37.83,100.90,0.00,405.00,null,null,null
2023-08-25T03:30:05Z,25.43,62.18,99,0,37.76,100.90,1.00,408.00,0,0,0
2023-08-25T03:31:05Z,25.43,61.48,99,0,35.81,100.90,0.00,400.00,null,null,null
2023-08-25T03:32:05Z,25.45,61.86,99,0,36.82,100.89,0.00,401.00,null,null,null
2023-08-25T03:33:05Z,25.43,61.80,100,0,35.65,100.89,0.00,400.00,null,null,null
2023-08-25T03:34:05Z,25.43,62.10,99,0,38.84,100.89,0.00,400.00,null,null,null
2023-08-25T03:35:05Z,25.41,61.83,100,0,37.21,100.89,0.00,400.00,0,0,0
2023-08-25T03:36:05Z,25.42,61.69,99,0,39.10,100.89,0.00,400.00,null,null,null
2023-08-25T03:37:05Z,25.42,61.78,99,0,37.70,100.90,0.00,403.00,null,null,null
2023-08-25T03:38:05Z,25.43,61.80,99,0,38.67,100.89,0.00,400.00,null,null,null
2023-08-25T03:39:05Z,25.39,61.40,99,0,36.83,100.89,0.00,400.00,null,null,null
2023-08-25T03:40:05Z,25.38,61.72,100,0,37.69,100.90,0.00,400.00,0,0,0
2023-08-25T03:41:05Z,25.41,61.53,99,0,36.74,100.89,0.00,403.00,null,null,null
2023-08-25T03:42:05Z,25.43,61.59,99,0,36.80,100.89,0.00,403.00,null,null,null
2023-08-25T03:43:05Z,25.41,61.48,99,0,36.12,100.90,0.00,403.00,null,null,null
2023-08-25T03:44:05Z,25.41,61.48,99,0,36.22,100.90,0.00,400.00,null,null,null
2023-08-25T03:45:05Z,25.39,61.78,99,0,37.88,100.90,0.00,400.00,0,0,0
2023-08-25T03:46:05Z,25.41,61.57,99,0,36.20,100.90,0.00,400.00,null,null,null
2023-08-25T03:47:05Z,25.41,61.78,99,0,38.85,100.90,1.00,407.00,null,null,null
2023-08-25T03:48:05Z,25.42,61.55,100,0,36.29,100.90,0.00,403.00,null,null,null
2023-08-25T03:49:05Z,25.38,61.66,100,0,39.09,100.90,1.00,407.00,null,null,null
2023-08-25T03:50:05Z,25.37,61.37,99,0,36.56,100.89,1.00,407.00,0,0,0
2023-08-25T03:51:05Z,25.39,61.57,100,0,36.20,100.90,0.00,403.00,null,null,null
2023-08-25T03:52:05Z,25.39,61.46,100,0,39.19,100.90,0.00,403.00,null,null,null
2023-08-25T03:53:05Z,25.38,61.30,99,0,35.64,100.90,0.00,403.00,null,null,null
2023-08-25T03:54:05Z,25.39,61.40,99,0,37.92,100.90,0.00,403.00,null,null,null
2023-08-25T03:55:05Z,25.37,61.65,99,0,35.71,100.90,0.00,403.00,0,0,0
2023-08-25T03:56:05Z,25.39,61.56,99,0,36.18,100.90,0.00,400.00,null,null,null
2023-08-25T03:57:05Z,25.39,61.26,99,0,37.49,100.90,0.00,406.00,null,null,null
2023-08-25T03:58:05Z,25.39,61.35,100,0,37.22,100.90,0.00,400.00,null,null,null
2023-08-25T03:59:05Z,25.37,61.16,99,0,36.82,100.89,0.00,400.00,null,null,null
2023-08-25T04:00:05Z,25.37,61.55,99,0,37.29,100.90,0.00,405.00,0,0,0
2023-08-25T04:01:05Z,25.39,61.30,99,0,37.42,100.90,0.00,400.00,null,null,null
2023-08-25T04:02:05Z,25.38,61.59,99,0,36.20,100.90,0.00,400.00,null,null,null
2023-08-25T04:03:05Z,25.37,61.22,99,0,40.11,100.90,0.00,400.00,null,null,null
2023-08-25T04:04:05Z,25.37,61.52,99,0,36.72,100.90,0.00,405.00,null,null,null
2023-08-25T04:05:05Z,25.35,61.08,100,0,40.65,100.90,0.00,403.00,0,0,0
2023-08-25T04:06:05Z,25.35,61.51,99,0,36.72,100.90,0.00,405.00,null,null,null
2023-08-25T04:07:05Z,25.35,61.10,99,0,37.59,100.90,0.00,400.00,null,null,null
2023-08-25T04:08:05Z,25.35,61.53,100,0,33.90,100.90,0.00,405.00,null,null,null
2023-08-25T04:09:05Z,25.34,61.01,100,0,37.94,100.90,0.00,400.00,null,null,null
2023-08-25T04:10:05Z,25.32,60.76,100,0,37.42,100.90,0.00,405.00,0,0,0
2023-08-25T04:11:05Z,25.34,61.31,100,0,34.73,100.90,0.00,405.00,null,null,null
2023-08-25T04:12:05Z,25.35,61.07,99,0,37.58,100.90,0.00,400.00,null,null,null
2023-08-25T04:13:05Z,25.35,60.96,100,0,40.77,100.90,0.00,405.00,null,null,null
2023-08-25T04:14:05Z,25.32,60.93,99,0,38.13,100.90,0.00,401.00,null,null,null
2023-08-25T04:15:05Z,25.34,61.45,99,0,38.12,100.90,0.00,405.00,0,0,0
2023-08-25T04:16:05Z,25.32,60.93,99,0,38.95,100.90,0.00,400.00,null,null,null
2023-08-25T04:17:05Z,25.34,61.14,99,0,37.57,100.90,0.00,405.00,null,null,null
2023-08-25T04:18:05Z,25.34,60.96,100,0,38.70,100.89,0.00,405.00,null,null,null
2023-08-25T04:19:05Z,25.32,61.01,99,0,38.20,100.89,0.00,400.00,null,null,null
2023-08-25T04:20:05Z,25.34,60.83,100,0,38.17,100.89,0.00,400.00,0,0,0
2023-08-25T04:21:05Z,25.32,60.59,99,0,36.17,100.90,0.00,400.00,null,null,null
2023-08-25T04:22:05Z,25.30,61.00,99,0,38.64,100.90,0.00,405.00,null,null,null
2023-08-25T04:23:05Z,25.31,60.83,99,0,38.07,100.90,0.00,400.00,null,null,null
2023-08-25T04:24:05Z,25.34,60.76,99,0,36.90,100.89,0.00,400.00,null,null,null
2023-08-25T04:25:05Z,25.34,60.91,99,0,39.77,100.89,0.00,400.00,0,0,0
2023-08-25T04:26:05Z,25.32,60.89,99,0,35.88,100.89,0.00,400.00,null,null,null
2023-08-25T04:27:05Z,25.30,60.55,99,0,38.51,100.89,0.00,400.00,null,null,null
2023-08-25T04:28:05Z,25.31,60.80,99,0,37.01,100.89,0.00,405.00,null,null,null
2023-08-25T04:29:05Z,25.31,60.82,99,0,40.14,100.89,0.00,400.00,null,null,null
2023-08-25T04:30:05Z,25.30,60.71,99,0,36.90,100.90,0.00,400.00,0,0,0
2023-08-25T04:31:05Z,25.31,60.71,100,0,40.59,100.90,0.00,405.00,null,null,null
2023-08-25T04:32:05Z,25.30,60.96,99,0,36.96,100.90,0.00,405.00,null,null,null
2023-08-25T04:33:05Z,25.28,60.75,99,0,38.09,100.90,0.00,405.00,null,null,null
2023-08-25T04:34:05Z,25.30,61.18,99,0,33.71,100.90,0.00,405.00,null,null,null
2023-08-25T04:35:05Z,25.30,60.77,99,0,36.86,100.90,0.00,405.00,0,0,0
2023-08-25T04:36:05Z,25.28,60.94,99,0,37.00,100.90,0.00,405.00,null,null,null
2023-08-25T04:37:05Z,25.30,60.61,100,0,35.16,100.90,0.00,405.00,null,null,null
2023-08-25T04:38:05Z,25.25,60.91,99,0,34.22,100.90,1.00,409.00,null,null,null
2023-08-25T04:39:05Z,25.28,60.60,100,0,36.62,100.90,0.00,405.00,null,null,null
2023-08-25T04:40:05Z,25.30,60.68,99,0,36.34,100.90,0.00,405.00,0,0,0
2023-08-25T04:41:05Z,25.27,60.74,99,0,36.99,100.90,0.00,405.00,null,null,null
2023-08-25T04:42:05Z,25.25,60.48,99,0,37.68,100.90,0.00,405.00,null,null,null
2023-08-25T04:43:05Z,25.27,60.93,99,0,39.81,100.90,0.00,405.00,null,null,null
2023-08-25T04:44:05Z,25.27,60.32,100,0,41.25,100.90,0.00,400.00,null,null,null
2023-08-25T04:45:05Z,25.25,60.43,99,0,38.84,100.90,0.00,405.00,0,0,0
2023-08-25T04:46:05Z,25.28,60.42,99,0,39.49,100.90,0.00,405.00,null,null,null
2023-08-25T04:47:05Z,25.28,60.53,99,0,34.86,100.90,0.00,405.00,null,null,null
2023-08-25T04:48:05Z,25.27,60.28,100,0,34.84,100.90,0.00,405.00,null,null,null
2023-08-25T04:49:05Z,25.25,60.33,99,0,34.33,100.90,0.00,400.00,null,null,null
2023-08-25T04:50:05Z,25.27,60.26,100,0,39.82,100.89,0.00,400.00,0,0,0
2023-08-25T04:51:05Z,25.25,60.18,99,0,36.52,100.89,0.00,400.00,null,null,null
2023-08-25T04:52:05Z,25.25,60.28,99,0,37.29,100.89,0.00,403.00,null,null,null
2023-08-25T04:53:05Z,25.24,60.76,99,0,38.61,100.89,0.00,403.00,null,null,null
2023-08-25T04:54:05Z,25.25,60.33,99,0,36.53,100.89,1.00,408.00,null,null,null
2023-08-25T04:55:05Z,25.24,60.69,99,0,37.66,100.90,1.00,408.00,0,0,0
2023-08-25T04:56:05Z,25.24,60.14,99,0,37.95,100.90,5.00,438.00,null,null,null
2023-08-25T04:57:05Z,25.22,60.45,100,0,34.93,100.90,7.00,446.00,null,null,null
2023-08-25T04:58:05Z,25.25,60.12,99,0,36.73,100.90,5.00,438.00,null,null,null
2023-08-25T04:59:05Z,25.24,60.18,100,0,38.41,100.90,1.00,407.00,null,null,null
2023-08-25T05:00:05Z,25.22,60.70,100,0,39.82,100.91,6.00,442.00,0,0,0
2023-08-25T05:01:05Z,25.24,60.29,99,0,38.90,100.91,5.00,438.00,null,null,null
2023-08-25T05:02:05Z,25.24,60.47,99,0,38.49,100.90,5.00,438.00,null,null,null
2023-08-25T05:03:05Z,25.25,60.18,100,0,36.20,100.90,5.00,438.00,null,null,null
2023-08-25T05:04:05Z,25.22,60.58,99,0,39.33,100.91,1.00,407.00,null,null,null
2023-08-25T05:05:05Z,25.21,60.59,99,0,40.80,100.90,5.00,438.00,0,0,0
2023-08-25T05:06:05Z,25.22,60.56,99,0,38.98,100.91,5.00,434.00,null,null,null
2023-08-25T05:07:05Z,25.24,60.44,99,0,36.86,100.90,5.00,438.00,null,null,null
2023-08-25T05:08:05Z,25.22,60.68,100,0,37.30,100.91,6.00,443.00,null,null,null
2023-08-25T05:09:05Z,25.21,60.67,99,0,37.24,100.90,6.00,443.00,null,null,null
2023-08-25T05:10:05Z,25.20,60.70,99,0,36.97,100.90,6.00,443.00,0,0,0
2023-08-25T05:11:05Z,25.22,60.69,99,0,33.41,100.90,5.00,438.00,null,null,null
2023-08-25T05:12:05Z,25.21,60.71,99,0,38.53,100.90,7.00,447.00,null,null,null
2023-08-25T05:13:05Z,25.21,60.44,99,0,37.46,100.90,7.00,447.00,null,null,null
2023-08-25T05:14:05Z,25.21,60.59,99,0,42.80,100.91,7.00,447.00,null,null,null
2023-08-25T05:15:05Z,25.18,60.67,99,0,38.56,100.91,7.00,447.00,0,0,0
2023-08-25T05:16:05Z,25.20,60.79,99,0,38.11,100.91,7.00,447.00,null,null,null
2023-08-25T05:17:05Z,25.22,60.62,99,0,38.48,100.91,6.00,445.00,null,null,null
2023-08-25T05:18:05Z,25.21,60.54,99,0,38.99,100.91,7.00,450.00,null,null,null
2023-08-25T05:19:05Z,25.21,60.47,99,0,39.10,100.92,7.00,450.00,null,null,null
2023-08-25T05:20:05Z,25.18,60.44,99,0,38.51,100.91,7.00,450.00,0,0,0
2023-08-25T05:21:05Z,25.21,60.55,99,0,38.55,100.91,7.00,450.00,null,null,null
2023-08-25T05:22:05Z,25.20,60.40,99,0,37.21,100.92,7.00,450.00,null,null,null
2023-08-25T05:23:05Z,25.21,60.19,99,0,36.07,100.92,7.00,450.00,null,null,null
2023-08-25T05:24:05Z,25.21,60.33,100,0,38.70,100.92,8.00,454.00,null,null,null
2023-08-25T05:25:05Z,25.18,60.16,99,0,39.92,100.93,8.00,455.00,0,0,0
2023-08-25T05:26:05Z,25.21,60.29,99,0,38.08,100.93,8.00,454.00,null,null,null
2023-08-25T05:27:05Z,25.20,60.45,99,0,38.69,100.93,7.00,450.00,null,null,null
2023-08-25T05:28:05Z,25.18,60.19,99,0,39.64,100.93,7.00,450.00,null,null,null
2023-08-25T05:29:05Z,25.20,60.20,100,0,37.74,100.93,8.00,454.00,null,null,null
2023-08-25T05:30:05Z,25.18,60.30,99,0,37.55,100.93,8.00,454.00,0,0,0
2023-08-25T05:31:05Z,25.20,60.19,99,0,37.48,100.93,7.00,450.00,null,null,null
2023-08-25T05:32:05Z,25.18,60.25,100,0,38.78,100.93,8.00,459.00,null,null,null
2023-08-25T05:33:05Z,25.21,60.24,99,0,36.49,100.93,7.00,450.00,null,null,null
2023-08-25T05:34:05Z,25.18,60.27,99,0,37.85,100.93,8.00,454.00,null,null,null
2023-08-25T05:35:05Z,25.17,60.19,99,0,38.71,100.93,7.00,450.00,0,0,0
2023-08-25T05:36:05Z,25.18,59.96,100,0,39.48,100.93,8.00,454.00,null,null,null
2023-08-25T05:37:05Z,25.18,60.12,100,0,36.11,100.93,7.00,451.00,null,null,null
2023-08-25T05:38:05Z,25.20,60.19,99,0,38.12,100.94,8.00,454.00,null,null,null
2023-08-25T05:39:05Z,25.18,60.06,100,0,39.43,100.94,8.00,454.00,null,null,null
2023-08-25T05:40:05Z,25.17,60.13,99,0,41.48,100.94,8.00,454.00,0,0,0
2023-08-25T05:41:05Z,25.21,60.17,99,0,41.15,100.94,8.00,454.00,null,null,null
2023-08-25T05:42:05Z,25.21,60.06,99,0,39.31,100.93,8.00,454.00,null,null,null
2023-08-25T05:43:05Z,25.18,60.18,99,0,34.68,100.94,8.00,454.00,null,null,null
2023-08-25T05:44:05Z,25.21,59.90,99,0,47.06,100.93,8.00,454.00,null,null,null
2023-08-25T05:45:05Z,25.18,59.94,99,0,35.73,100.93,7.00,451.00,0,0,0
2023-08-25T05:46:05Z,25.17,60.06,99,0,37.05,100.93,8.00,454.00,null,null,null
2023-08-25T05:47:05Z,25.15,59.90,99,0,41.48,100.93,8.00,454.00,null,null,null
2023-08-25T05:48:05Z,25.20,60.04,99,0,38.87,100.92,8.00,459.00,null,null,null
2023-08-25T05:49:05Z,25.17,60.06,99,0,37.58,100.92,8.00,454.00,null,null,null
2023-08-25T05:50:05Z,25.18,60.11,99,0,36.77,100.92,8.00,459.00,0,0,0
2023-08-25T05:51:05Z,25.20,59.96,99,0,37.61,100.92,8.00,454.00,null,null,null
2023-08-25T05:52:05Z,25.18,59.75,100,0,38.64,100.93,8.00,454.00,null,null,null
2023-08-25T05:53:05Z,25.18,59.88,99,0,38.21,100.93,8.00,454.00,null,null,null
2023-08-25T05:54:05Z,25.15,59.84,100,0,34.50,100.92,8.00,459.00,null,null,null
2023-08-25T05:55:05Z,25.17,59.68,99,0,40.97,100.93,8.00,454.00,0,0,0
2023-08-25T05:56:05Z,25.17,59.78,99,0,37.90,100.93,8.00,456.00,null,null,null
2023-08-25T05:57:05Z,25.18,59.81,99,0,37.72,100.93,8.00,454.00,null,null,null
2023-08-25T05:58:05Z,25.13,59.75,99,0,35.35,100.92,8.00,454.00,null,null,null
2023-08-25T05:59:05Z,25.15,60.00,99,0,35.99,100.92,7.00,451.00,null,null,null
2023-08-25T06:00:05Z,25.18,59.80,99,0,40.11,100.92,8.00,454.00,0,0,0
2023-08-25T06:01:05Z,25.17,59.86,99,0,39.03,100.92,8.00,454.00,null,null,null
2023-08-25T06:02:05Z,25.17,59.62,99,0,38.13,100.93,7.00,451.00,null,null,null
2023-08-25T06:03:05Z,25.17,59.75,100,0,36.05,100.92,8.00,456.00,null,null,null
2023-08-25T06:04:05Z,25.15,59.80,99,0,37.68,100.92,7.00,446.00,null,null,null
2023-08-25T06:05:05Z,25.15,59.77,99,0,39.40,100.92,7.00,446.00,0,0,0
2023-08-25T06:06:05Z,25.14,59.67,99,0,37.04,100.92,7.00,446.00,null,null,null
2023-08-25T06:07:05Z,25.17,59.77,100,0,39.19,100.93,8.00,454.00,null,null,null
2023-08-25T06:08:05Z,25.15,59.94,100,0,55.43,100.93,8.00,454.00,null,null,null
2023-08-25T06:09:05Z,25.14,60.17,100,0,41.89,100.92,8.00,454.00,null,null,null
2023-08-25T06:10:05Z,25.14,60.20,99,0,45.21,100.93,8.00,454.00,0,0,0
2023-08-25T06:11:05Z,25.14,60.27,99,0,45.25,100.93,8.00,454.00,null,null,null
2023-08-25T06:12:05Z,25.15,60.15,100,0,46.45,100.92,8.00,459.00,null,null,null
2023-08-25T06:13:05Z,25.13,60.21,99,0,40.84,100.92,8.00,459.00,null,null,null
2023-08-25T06:14:05Z,25.13,60.03,99,0,39.68,100.93,8.00,459.00,null,null,null
2023-08-25T06:15:05Z,25.08,60.08,99,0,37.19,100.92,9.00,462.00,0,0,0
2023-08-25T06:16:05Z,25.08,60.17,99,0,39.07,100.92,8.00,454.00,null,null,null
2023-08-25T06:17:05Z,25.10,60.18,99,0,38.52,100.93,8.00,459.00,null,null,null
2023-08-25T06:18:05Z,25.11,60.19,99,0,38.85,100.93,8.00,459.00,null,null,null
2023-08-25T06:19:05Z,25.08,60.26,99,0,38.15,100.93,8.00,459.00,null,null,null
2023-08-25T06:20:05Z,25.07,60.29,99,0,38.63,100.93,8.00,455.00,0,0,0
2023-08-25T06:21:05Z,25.07,60.27,100,0,38.16,100.93,7.00,450.00,null,null,null
2023-08-25T06:22:05Z,25.07,60.23,100,0,44.24,100.93,7.00,450.00,null,null,null
2023-08-25T06:23:05Z,25.10,60.12,99,0,36.27,100.93,8.00,454.00,null,null,null
2023-08-25T06:24:05Z,25.07,59.94,100,0,41.27,100.93,8.00,454.00,null,null,null
2023-08-25T06:25:05Z,25.04,60.21,100,0,39.75,100.93,7.00,451.00,0,0,0
2023-08-25T06:26:05Z,25.07,59.93,99,0,37.07,100.93,7.00,446.00,null,null,null
2023-08-25T06:27:05Z,25.05,59.94,99,0,39.56,100.93,7.00,451.00,null,null,null
2023-08-25T06:28:05Z,25.01,59.91,100,0,38.19,100.93,7.00,446.00,null,null,null
2023-08-25T06:29:05Z,25.04,59.91,99,0,39.99,100.93,7.00,446.00,null,null,null
2023-08-25T06:30:05Z,25.04,60.01,99,0,39.35,100.93,6.00,442.00,0,0,0
2023-08-25T06:31:05Z,25.00,59.99,99,0,41.50,100.93,6.00,442.00,null,null,null
2023-08-25T06:32:05Z,25.02,60.16,99,0,39.64,100.93,6.00,442.00,null,null,null
2023-08-25T06:33:05Z,25.01,60.05,99,0,39.86,100.93,6.00,442.00,null,null,null
2023-08-25T06:34:05Z,25.01,60.06,99,0,40.50,100.93,6.00,442.00,null,null,null
2023-08-25T06:35:05Z,25.00,60.07,100,0,42.05,100.93,6.00,442.00,0,0,0
2023-08-25T06:36:05Z,24.97,60.03,100,0,39.99,100.93,5.00,438.00,null,null,null
2023-08-25T06:37:05Z,25.00,59.94,99,0,42.33,100.93,6.00,442.00,null,null,null
2023-08-25T06:38:05Z,24.95,59.99,99,0,42.90,100.93,6.00,442.00,null,null,null
2023-08-25T06:39:05Z,24.97,59.96,99,0,37.48,100.93,6.00,442.00,null,null,null
2023-08-25T06:40:05Z,24.95,60.15,99,0,41.49,100.93,6.00,442.00,0,0,0
2023-08-25T06:41:05Z,24.97,60.03,99,0,40.14,100.93,5.00,438.00,null,null,null
2023-08-25T06:42:05Z,24.95,60.05,99,0,41.55,100.94,5.00,438.00,null,null,null
2023-08-25T06:43:05Z,24.97,59.90,99,0,39.07,100.94,5.00,438.00,null,null,null
2023-08-25T06:44:05Z,24.95,60.09,99,0,41.54,100.94,5.00,433.00,null,null,null
2023-08-25T06:45:05Z,24.95,60.05,99,0,39.49,100.94,5.00,433.00,0,0,0
2023-08-25T06:46:05Z,24.98,60.09,99,0,38.64,100.94,5.00,433.00,null,null,null
2023-08-25T06:47:05Z,24.94,59.99,99,0,39.06,100.94,5.00,438.00,null,null,null
2023-08-25T06:48:05Z,24.94,60.14,99,0,39.85,100.93,5.00,438.00,null,null,null
2023-08-25T06:49:05Z,24.93,60.07,99,0,39.40,100.93,5.00,433.00,null,null,null
2023-08-25T06:50:05Z,24.93,60.09,99,0,43.74,100.94,5.00,433.00,0,0,0
2023-08-25T06:51:05Z,24.91,59.95,100,0,42.38,100.94,5.00,433.00,null,null,null
2023-08-25T06:52:05Z,24.91,60.10,100,0,39.94,100.94,5.00,433.00,null,null,null
2023-08-25T06:53:05Z,24.93,60.00,99,0,39.86,100.93,4.00,427.00,null,null,null
2023-08-25T06:54:05Z,24.93,59.91,99,0,40.41,100.94,4.00,427.00,null,null,null
2023-08-25T06:55:05Z,24.90,59.85,99,0,42.00,100.93,4.00,427.00,0,0,0
2023-08-25T06:56:05Z,24.91,59.89,99,0,44.12,100.94,4.00,427.00,null,null,null
2023-08-25T06:57:05Z,24.90,59.88,99,0,38.82,100.93,4.00,427.00,null,null,null
2023-08-25T06:58:05Z,24.90,59.79,100,0,40.97,100.93,4.00,427.00,null,null,null
2023-08-25T06:59:05Z,24.91,59.89,99,0,42.32,100.93,4.00,427.00,null,null,null
2023-08-25T07:00:05Z,24.87,59.97,99,0,42.84,100.93,3.00,422.00,0,0,0
2023-08-25T07:01:05Z,24.87,59.86,99,0,39.09,100.94,3.00,422.00,null,null,null
2023-08-25T07:02:05Z,24.90,60.00,100,0,39.28,100.93,3.00,422.00,null,null,null
2023-08-25T07:03:05Z,24.88,59.97,99,0,40.27,100.93,3.00,422.00,null,null,null
2023-08-25T07:04:05Z,24.88,59.92,99,0,41.40,100.93,3.00,422.00,null,null,null
2023-08-25T07:05:05Z,24.87,59.81,99,0,39.21,100.93,3.00,422.00,0,0,0
2023-08-25T07:06:05Z,24.87,59.92,100,0,44.06,100.93,4.00,427.00,null,null,null
2023-08-25T07:07:05Z,24.87,59.90,99,0,41.57,100.93,4.00,427.00,null,null,null
2023-08-25T07:08:05Z,24.88,59.85,99,0,42.37,100.93,4.00,427.00,null,null,null
2023-08-25T07:09:05Z,24.86,59.73,99,0,39.85,100.92,4.00,427.00,null,null,null
2023-08-25T07:10:05Z,24.84,59.99,99,0,42.97,100.92,5.00,438.00,0,0,0
2023-08-25T07:11:05Z,24.84,60.01,100,0,39.71,100.92,5.00,433.00,null,null,null
2023-08-25T07:12:05Z,24.84,59.95,99,0,47.20,100.92,5.00,433.00,null,null,null
2023-08-25T07:13:05Z,24.84,60.00,99,0,47.99,100.92,5.00,433.00,null,null,null
2023-08-25T07:14:05Z,24.86,59.88,99,0,43.65,100.93,5.00,433.00,null,null,null
2023-08-25T07:15:05Z,24.86,60.03,99,0,41.64,100.93,5.00,433.00,0,0,0
2023-08-25T07:16:05Z,24.84,60.04,100,0,43.51,100.93,5.00,433.00,null,null,null
2023-08-25T07:17:05Z,24.84,60.05,99,0,43.32,100.93,5.00,438.00,null,null,null
2023-08-25T07:18:05Z,24.84,59.80,99,0,40.90,100.93,6.00,442.00,null,null,null
2023-08-25T07:19:05Z,24.83,59.90,100,0,38.45,100.93,5.00,438.00,null,null,null
2023-08-25T07:20:05Z,24.83,59.93,99,0,40.66,100.93,5.00,438.00,0,0,0
2023-08-25T07:21:05Z,24.84,59.93,99,0,41.84,100.92,5.00,438.00,null,null,null
2023-08-25T07:22:05Z,24.84,59.99,99,0,41.10,100.93,6.00,442.00,null,null,null
2023-08-25T07:23:05Z,24.84,59.92,100,0,43.22,100.93,6.00,442.00,null,null,null
2023-08-25T07:24:05Z,24.84,59.96,99,0,43.42,100.92,6.00,442.00,null,null,null
2023-08-25T07:25:05Z,24.83,60.03,99,0,39.11,100.93,6.00,442.00,0,0,0
2023-08-25T07:26:05Z,24.83,59.89,99,0,42.60,100.92,5.00,438.00,null,null,null
2023-08-25T07:27:05Z,24.80,60.06,99,0,41.11,100.92,6.00,442.00,null,null,null
2023-08-25T07:28:05Z,24.81,60.10,100,0,42.67,100.92,6.00,442.00,null,null,null
2023-08-25T07:29:05Z,24.83,60.05,99,0,38.26,100.92,6.00,442.00,null,null,null
2023-08-25T07:30:05Z,24.80,60.01,100,0,40.16,100.92,6.00,442.00,0,0,0
2023-08-25T07:31:05Z,24.80,60.02,99,0,40.01,100.92,5.00,438.00,null,null,null
2023-08-25T07:32:05Z,24.81,59.94,99,0,40.19,100.92,7.00,446.00,null,null,null
2023-08-25T07:33:05Z,24.80,59.92,99,0,41.95,100.92,6.00,442.00,null,null,null
2023-08-25T07:34:05Z,24.81,59.99,99,0,40.70,100.92,6.00,442.00,null,null,null
2023-08-25T07:35:05Z,24.80,59.94,100,0,40.53,100.92,6.00,442.00,0,0,0
2023-08-25T07:36:05Z,24.81,60.03,99,0,42.50,100.92,5.00,438.00,null,null,null
2023-08-25T07:37:05Z,24.81,59.91,99,0,41.56,100.92,6.00,442.00,null,null,null
2023-08-25T07:38:05Z,24.80,59.88,99,0,41.98,100.92,6.00,442.00,null,null,null
2023-08-25T07:39:05Z,24.80,59.92,100,0,42.05,100.92,6.00,442.00,null,null,null
2023-08-25T07:40:05Z,24.79,59.89,100,0,39.30,100.93,5.00,438.00,0,0,0
2023-08-25T07:41:05Z,24.80,59.94,99,0,41.56,100.93,5.00,438.00,null,null,null
2023-08-25T07:42:05Z,24.81,60.00,100,0,42.44,100.93,5.00,438.00,null,null,null
2023-08-25T07:43:05Z,24.80,59.95,99,0,39.42,100.94,5.00,438.00,null,null,null
2023-08-25T07:44:05Z,24.80,59.91,100,0,39.11,100.94,5.00,438.00,null,null,null
2023-08-25T07:45:05Z,24.81,59.92,100,0,40.39,100.93,5.00,438.00,0,0,0
2023-08-25T07:46:05Z,24.81,59.86,99,0,38.57,100.94,5.00,433.00,null,null,null
2023-08-25T07:47:05Z,24.80,59.90,99,0,41.12,100.94,5.00,433.00,null,null,null
2023-08-25T07:48:05Z,24.79,59.85,99,0,39.96,100.94,5.00,433.00,null,null,null
2023-08-25T07:49:05Z,24.80,59.85,100,0,39.99,100.94,5.00,433.00,null,null,null
2023-08-25T07:50:05Z,24.79,59.80,99,0,40.77,100.94,5.00,433.00,0,0,0
2023-08-25T07:51:05Z,24.77,59.84,99,0,40.06,100.95,5.00,433.00,null,null,null
2023-08-25T07:52:05Z,24.80,59.83,99,0,39.71,100.95,5.00,433.00,null,null,null
2023-08-25T07:53:05Z,24.79,59.83,99,0,39.32,100.95,4.00,427.00,null,null,null
2023-08-25T07:54:05Z,24.76,60.08,99,0,38.59,100.96,4.00,427.00,null,null,null
2023-08-25T07:55:05Z,24.79,60.10,99,0,41.90,100.96,4.00,427.00,0,0,0
2023-08-25T07:56:05Z,24.80,60.21,99,0,40.46,100.96,4.00,427.00,null,null,null
2023-08-25T07:57:05Z,24.80,60.19,99,0,37.61,100.96,4.00,427.00,null,null,null
2023-08-25T07:58:05Z,24.80,60.31,99,0,43.36,100.96,5.00,433.00,null,null,null
2023-08-25T07:59:05Z,24.80,60.39,100,0,42.09,100.96,4.00,427.00,null,null,null
2023-08-25T08:00:05Z,24.79,60.12,100,0,39.20,100.96,4.00,427.00,0,0,0
2023-08-25T08:01:05Z,24.81,60.37,99,0,36.84,100.96,5.00,438.00,null,null,null
2023-08-25T08:02:05Z,24.79,60.29,100,0,43.68,100.95,5.00,434.00,null,null,null
2023-08-25T08:03:05Z,24.83,60.36,99,0,40.32,100.95,5.00,434.00,null,null,null
2023-08-25T08:04:05Z,24.79,60.35,100,0,37.67,100.95,5.00,438.00,null,null,null
2023-08-25T08:05:05Z,24.79,60.40,100,0,39.25,100.94,5.00,438.00,0,0,0
2023-08-25T08:06:05Z,24.80,60.32,99,0,41.55,100.95,6.00,443.00,null,null,null
2023-08-25T08:07:05Z,24.83,60.76,99,0,38.80,100.94,6.00,443.00,null,null,null
2023-08-25T08:08:05Z,24.81,60.69,99,0,42.94,100.94,5.00,438.00,null,null,null
2023-08-25T08:09:05Z,24.81,60.55,99,0,42.67,100.94,6.00,443.00,null,null,null
2023-08-25T08:10:05Z,24.81,60.48,100,0,39.05,100.95,6.00,443.00,0,0,0
2023-08-25T08:11:05Z,24.80,60.20,99,0,38.95,100.94,6.00,443.00,null,null,null
2023-08-25T08:12:05Z,24.81,60.26,99,0,43.33,100.94,6.00,442.00,null,null,null
2023-08-25T08:13:05Z,24.81,60.22,100,0,40.33,100.94,5.00,438.00,null,null,null
2023-08-25T08:14:05Z,24.79,59.96,100,0,41.95,100.93,5.00,438.00,null,null,null
2023-08-25T08:15:05Z,24.81,59.94,100,0,40.95,100.93,5.00,438.00,0,0,0
2023-08-25T08:16:05Z,24.81,59.40,99,0,38.57,100.94,4.00,427.00,null,null,null
2023-08-25T08:17:05Z,24.83,59.21,99,0,39.44,100.93,3.00,426.00,null,null,null
2023-08-25T08:18:05Z,24.81,59.42,100,0,43.14,100.93,5.00,433.00,null,null,null
2023-08-25T08:19:05Z,24.80,59.31,99,0,40.17,100.93,2.00,418.00,null,null,null
2023-08-25T08:20:05Z,24.81,59.47,99,0,41.05,100.93,2.00,416.00,0,0,0
2023-08-25T08:21:05Z,24.80,58.76,99,0,40.19,100.92,1.00,407.00,null,null,null
2023-08-25T08:22:05Z,24.81,58.67,99,0,47.55,100.92,1.00,408.00,null,null,null
2023-08-25T08:23:05Z,24.80,58.83,99,0,40.51,100.92,1.00,407.00,null,null,null
2023-08-25T08:24:05Z,24.80,58.84,99,0,39.04,100.92,1.00,407.00,null,null,null
2023-08-25T08:25:05Z,24.79,58.74,100,0,39.58,100.92,0.00,403.00,0,0,0
2023-08-25T08:26:05Z,24.79,58.77,100,0,42.21,100.92,0.00,400.00,null,null,null
2023-08-25T08:27:05Z,24.81,58.33,100,0,40.03,100.92,0.00,400.00,null,null,null
2023-08-25T08:28:05Z,24.80,58.43,100,0,39.33,100.92,0.00,400.00,null,null,null
2023-08-25T08:29:05Z,24.80,58.38,100,0,39.55,100.92,0.00,400.00,null,null,null
2023-08-25T08:30:05Z,24.83,58.30,100,0,41.91,100.92,0.00,400.00,0,0,0
2023-08-25T08:31:05Z,24.81,58.14,99,0,38.09,100.92,0.00,400.00,null,null,null
2023-08-25T08:32:05Z,24.80,58.43,100,0,37.55,100.92,0.00,405.00,null,null,null
2023-08-25T08:33:05Z,24.79,58.38,99,0,38.00,100.92,0.00,400.00,null,null,null
2023-08-25T08:34:05Z,24.80,58.37,100,0,40.25,100.92,0.00,400.00,null,null,null
2023-08-25T08:35:05Z,24.80,58.46,99,0,35.64,100.92,0.00,400.00,0,0,0
2023-08-25T08:36:05Z,24.80,58.54,99,0,37.00,100.92,0.00,400.00,null,null,null
2023-08-25T08:37:05Z,24.80,58.55,99,0,36.37,100.92,0.00,405.00,null,null,null
2023-08-25T08:38:05Z,24.80,58.36,99,0,39.38,100.92,0.00,405.00,null,null,null
2023-08-25T08:39:05Z,24.79,58.48,99,0,37.62,100.91,0.00,405.00,null,null,null
2023-08-25T08:40:05Z,24.77,58.67,99,0,37.57,100.92,0.00,400.00,0,0,0
2023-08-25T08:41:05Z,24.76,58.55,99,0,37.34,100.92,0.00,400.00,null,null,null
2023-08-25T08:42:05Z,24.79,58.49,99,0,37.54,100.92,0.00,402.00,null,null,null
2023-08-25T08:43:05Z,24.76,58.54,99,0,37.50,100.92,0.00,402.00,null,null,null
2023-08-25T08:44:05Z,24.77,58.61,100,0,39.77,100.91,0.00,400.00,null,null,null
2023-08-25T08:45:05Z,24.76,58.40,99,0,36.68,100.92,0.00,400.00,0,0,0
2023-08-25T08:46:05Z,24.76,58.52,99,0,35.65,100.92,0.00,400.00,null,null,null
2023-08-25T08:47:05Z,24.74,58.43,99,0,40.76,100.91,0.00,400.00,null,null,null
2023-08-25T08:48:05Z,24.74,58.32,100,0,40.23,100.91,0.00,400.00,null,null,null
2023-08-25T08:49:05Z,24.76,58.40,100,0,37.96,100.91,0.00,400.00,null,null,null
2023-08-25T08:50:05Z,24.73,58.29,99,0,38.36,100.91,0.00,401.00,0,0,0
2023-08-25T08:51:05Z,24.74,58.24,100,0,38.37,100.91,0.00,400.00,null,null,null
2023-08-25T08:52:05Z,24.74,58.35,99,0,39.41,100.91,0.00,405.00,null,null,null
2023-08-25T08:53:05Z,24.74,58.35,100,0,36.08,100.91,0.00,402.00,null,null,null
2023-08-25T08:54:05Z,24.74,58.40,99,0,39.70,100.91,0.00,402.00,null,null,null
2023-08-25T08:55:05Z,24.74,58.36,99,0,37.58,100.91,0.00,402.00,0,0,0
2023-08-25T08:56:05Z,24.74,58.27,100,0,39.44,100.91,1.00,409.00,null,null,null
2023-08-25T08:57:05Z,24.73,58.44,99,0,36.95,100.91,1.00,409.00,null,null,null
2023-08-25T08:58:05Z,24.74,58.34,99,0,39.03,100.91,1.00,409.00,null,null,null
2023-08-25T08:59:05Z,24.73,58.36,100,0,38.91,100.91,1.00,409.00,null,null,null
2023-08-25T09:00:05Z,24.71,58.53,100,0,40.33,100.91,0.00,402.00,0,0,0
2023-08-25T09:01:05Z,24.74,58.51,99,0,37.27,100.91,0.00,402.00,null,null,null
2023-08-25T09:02:05Z,24.74,58.27,100,0,38.47,100.91,0.00,402.00,null,null,null
2023-08-25T09:03:05Z,24.71,58.28,100,0,36.37,100.91,0.00,402.00,null,null,null
2023-08-25T09:04:05Z,24.73,58.37,99,0,37.11,100.91,0.00,402.00,null,null,null
2023-08-25T09:05:05Z,24.71,58.26,100,0,37.36,100.91,0.00,402.00,0,0,0
2023-08-25T09:06:05Z,24.73,58.38,99,0,35.28,100.91,0.00,402.00,null,null,null
2023-08-25T09:07:05Z,24.73,58.21,99,0,39.69,100.91,0.00,402.00,null,null,null
2023-08-25T09:08:05Z,24.73,58.07,99,0,39.03,100.90,1.00,407.00,null,null,null
2023-08-25T09:09:05Z,24.73,58.30,99,0,37.87,100.91,1.00,407.00,null,null,null
2023-08-25T09:10:05Z,24.71,58.22,100,0,39.69,100.91,0.00,402.00,0,0,0
2023-08-25T09:11:05Z,24.71,58.20,99,0,36.69,100.90,1.00,407.00,null,null,null
2023-08-25T09:12:05Z,24.73,58.38,99,0,39.53,100.90,1.00,407.00,null,null,null
2023-08-25T09:13:05Z,24.70,58.18,99,0,36.67,100.90,0.00,402.00,null,null,null
2023-08-25T09:14:05Z,24.69,58.00,100,0,39.21,100.90,0.00,405.00,null,null,null
2023-08-25T09:15:05Z,24.69,58.19,99,0,38.58,100.90,0.00,405.00,0,0,0
2023-08-25T09:16:05Z,24.74,58.19,100,0,38.80,100.90,1.00,407.00,null,null,null
2023-08-25T09:17:05Z,24.71,58.00,100,0,38.33,100.89,0.00,405.00,null,null,null
2023-08-25T09:18:05Z,24.71,57.96,99,0,36.23,100.90,0.00,405.00,null,null,null
2023-08-25T09:19:05Z,24.70,58.09,99,0,37.67,100.89,0.00,405.00,null,null,null
2023-08-25T09:20:05Z,24.69,58.13,100,0,38.85,100.89,0.00,405.00,0,0,0
2023-08-25T09:21:05Z,24.67,57.86,100,0,38.71,100.89,0.00,405.00,null,null,null
2023-08-25T09:22:05Z,24.70,58.16,99,0,38.40,100.89,0.00,405.00,null,null,null
2023-08-25T09:23:05Z,24.69,58.18,99,0,39.36,100.89,0.00,405.00,null,null,null
2023-08-25T09:24:05Z,24.70,58.00,99,0,40.44,100.89,0.00,405.00,null,null,null
2023-08-25T09:25:05Z,24.69,58.05,100,0,39.71,100.89,0.00,405.00,0,0,0
2023-08-25T09:26:05Z,24.69,58.14,100,0,38.92,100.89,0.00,405.00,null,null,null
2023-08-25T09:27:05Z,24.71,58.05,100,0,41.53,100.89,0.00,401.00,null,null,null
2023-08-25T09:28:05Z,24.69,58.02,100,0,37.44,100.89,0.00,401.00,null,null,null
2023-08-25T09:29:05Z,24.66,58.06,99,0,39.45,100.89,0.00,401.00,null,null,null
2023-08-25T09:30:05Z,24.67,58.08,99,0,39.01,100.89,0.00,405.00,0,0,0
2023-08-25T09:31:05Z,24.66,58.01,99,0,37.01,100.89,0.00,405.00,null,null,null
2023-08-25T09:32:05Z,24.69,57.94,100,0,36.73,100.88,0.00,405.00,null,null,null
2023-08-25T09:33:05Z,24.67,57.97,99,0,35.01,100.88,1.00,407.00,null,null,null
2023-08-25T09:34:05Z,24.66,58.00,99,0,39.86,100.89,0.00,405.00,null,null,null
2023-08-25T09:35:05Z,24.67,57.85,99,0,37.59,100.89,0.00,405.00,0,0,0
2023-08-25T09:36:05Z,24.66,57.86,100,0,37.68,100.89,0.00,401.00,null,null,null
2023-08-25T09:37:05Z,24.69,57.79,99,0,37.53,100.89,0.00,405.00,null,null,null
2023-08-25T09:38:05Z,24.69,57.89,100,0,35.81,100.89,0.00,405.00,null,null,null
2023-08-25T09:39:05Z,24.66,57.93,99,0,39.28,100.89,0.00,405.00,null,null,null
2023-08-25T09:40:05Z,24.67,57.89,99,0,35.23,100.89,0.00,401.00,0,0,0
2023-08-25T09:41:05Z,24.67,57.90,100,0,39.17,100.89,0.00,406.00,null,null,null
2023-08-25T09:42:05Z,24.66,57.80,99,0,38.07,100.90,0.00,406.00,null,null,null
2023-08-25T09:43:05Z,24.64,57.92,99,0,40.83,100.90,1.00,411.00,null,null,null
2023-08-25T09:44:05Z,24.67,57.97,99,0,37.95,100.89,0.00,406.00,null,null,null
2023-08-25T09:45:05Z,24.66,58.02,99,0,38.28,100.90,1.00,411.00,0,0,0
2023-08-25T09:46:05Z,24.69,57.80,100,0,35.69,100.90,0.00,406.00,null,null,null
2023-08-25T09:47:05Z,24.67,57.91,100,0,35.67,100.90,0.00,406.00,null,null,null
2023-08-25T09:48:05Z,24.64,57.97,100,0,40.31,100.90,1.00,411.00,null,null,null
2023-08-25T09:49:05Z,24.66,57.91,99,0,38.61,100.90,0.00,406.00,null,null,null
2023-08-25T09:50:05Z,24.63,57.92,99,0,35.40,100.91,0.00,406.00,0,0,0
2023-08-25T09:51:05Z,24.67,57.94,99,0,39.27,100.91,0.00,406.00,null,null,null
2023-08-25T09:52:05Z,24.67,58.02,99,0,37.48,100.91,1.00,411.00,null,null,null
2023-08-25T09:53:05Z,24.66,57.80,100,0,39.92,100.91,1.00,411.00,null,null,null
2023-08-25T09:54:05Z,24.64,57.87,99,0,39.28,100.91,1.00,411.00,null,null,null
2023-08-25T09:55:05Z,24.66,57.87,99,0,38.95,100.91,0.00,406.00,0,0,0
2023-08-25T09:56:05Z,24.67,57.79,99,0,38.86,100.91,0.00,406.00,null,null,null
2023-08-25T09:57:05Z,24.67,57.74,100,0,37.23,100.91,0.00,406.00,null,null,null
2023-08-25T09:58:05Z,24.64,57.73,99,0,38.23,100.90,1.00,410.00,null,null,null
2023-08-25T09:59:05Z,24.66,57.79,99,0,38.25,100.91,1.00,410.00,null,null,null
2023-08-25T10:00:05Z,24.66,57.77,99,0,37.24,100.90,0.00,406.00,0,0,0
2023-08-25T10:01:05Z,24.69,57.76,99,0,39.02,100.90,0.00,406.00,null,null,null
2023-08-25T10:02:05Z,24.66,57.76,99,0,37.95,100.90,0.00,406.00,null,null,null
2023-08-25T10:03:05Z,24.66,57.85,99,0,36.84,100.91,0.00,406.00,null,null,null
2023-08-25T10:04:05Z,24.66,57.89,99,0,39.81,100.91,0.00,406.00,null,null,null
2023-08-25T10:05:05Z,24.63,57.98,99,0,38.04,100.90,1.00,411.00,0,0,0
2023-08-25T10:06:05Z,24.66,57.92,99,0,36.57,100.90,0.00,406.00,null,null,null
2023-08-25T10:07:05Z,24.66,57.84,99,0,37.08,100.90,0.00,406.00,null,null,null
2023-08-25T10:08:05Z,24.63,57.77,99,0,35.58,100.90,1.00,411.00,null,null,null
2023-08-25T10:09:05Z,24.64,57.79,100,0,38.62,100.90,0.00,406.00,null,null,null
2023-08-25T10:10:05Z,24.63,57.87,99,0,41.42,100.90,0.00,406.00,0,0,0
2023-08-25T10:11:05Z,24.66,57.78,99,0,37.87,100.91,0.00,406.00,null,null,null
2023-08-25T10:12:05Z,24.66,57.76,99,0,37.42,100.91,0.00,406.00,null,null,null
2023-08-25T10:13:05Z,24.64,57.76,100,0,37.96,100.90,0.00,406.00,null,null,null
2023-08-25T10:14:05Z,24.63,57.77,100,0,39.02,100.91,0.00,406.00,null,null,null
2023-08-25T10:15:05Z,24.63,57.79,99,0,39.09,100.91,0.00,406.00,0,0,0
2023-08-25T10:16:05Z,24.66,57.79,99,0,40.41,100.91,0.00,406.00,null,null,null
2023-08-25T10:17:05Z,24.64,57.79,99,0,39.78,100.90,0.00,406.00,null,null,null
2023-08-25T10:18:05Z,24.64,57.77,100,0,38.84,100.90,0.00,406.00,null,null,null
2023-08-25T10:19:05Z,24.64,57.71,99,0,38.19,100.90,0.00,406.00,null,null,null
2023-08-25T10:20:05Z,24.63,57.71,99,0,37.22,100.90,1.00,410.00,0,0,0
2023-08-25T10:21:05Z,24.64,57.64,99,0,35.33,100.90,1.00,410.00,null,null,null
2023-08-25T10:22:05Z,24.66,57.55,100,0,39.56,100.90,1.00,410.00,null,null,null
2023-08-25T10:23:05Z,24.64,57.70,99,0,37.54,100.90,1.00,410.00,null,null,null
2023-08-25T10:24:05Z,24.66,57.71,99,0,37.48,100.90,1.00,410.00,null,null,null
2023-08-25T10:25:05Z,24.67,57.68,99,0,37.52,100.90,1.00,410.00,0,0,0
2023-08-25T10:26:05Z,24.64,57.73,99,0,39.60,100.90,2.00,416.00,null,null,null
2023-08-25T10:27:05Z,24.63,57.67,99,0,36.28,100.90,1.00,410.00,null,null,null
2023-08-25T10:28:05Z,24.66,57.59,100,0,41.81,100.90,1.00,410.00,null,null,null
2023-08-25T10:29:05Z,24.63,57.69,99,0,37.01,100.90,1.00,410.00,null,null,null
2023-08-25T10:30:05Z,24.63,57.72,99,0,42.84,100.90,1.00,410.00,0,0,0
2023-08-25T10:31:05Z,24.63,57.60,99,0,38.06,100.90,1.00,410.00,null,null,null
2023-08-25T10:32:05Z,24.66,57.75,99,0,39.84,100.90,1.00,410.00,null,null,null
2023-08-25T10:33:05Z,24.63,57.61,99,0,38.08,100.90,0.00,402.00,null,null,null
2023-08-25T10:34:05Z,24.62,57.61,99,0,39.92,100.90,1.00,407.00,null,null,null
2023-08-25T10:35:05Z,24.64,57.79,99,0,34.93,100.90,1.00,410.00,0,0,0
2023-08-25T10:36:05Z,24.64,57.62,99,0,40.65,100.90,0.00,402.00,null,null,null
2023-08-25T10:37:05Z,24.60,57.55,99,0,37.07,100.90,0.00,402.00,null,null,null
2023-08-25T10:38:05Z,24.64,57.72,99,0,40.11,100.90,1.00,407.00,null,null,null
2023-08-25T10:39:05Z,24.63,57.74,99,0,38.91,100.90,1.00,410.00,null,null,null
2023-08-25T10:40:05Z,24.62,57.61,100,0,39.39,100.89,1.00,410.00,0,0,0
2023-08-25T10:41:05Z,24.62,57.67,100,0,37.97,100.89,1.00,407.00,null,null,null
2023-08-25T10:42:05Z,24.64,57.70,99,0,40.71,100.89,1.00,410.00,null,null,null
2023-08-25T10:43:05Z,24.63,57.53,100,0,38.51,100.89,1.00,410.00,null,null,null
2023-08-25T10:44:05Z,24.63,57.66,100,0,37.51,100.90,1.00,410.00,null,null,null
2023-08-25T10:45:05Z,24.62,57.67,100,0,35.89,100.89,1.00,410.00,0,0,0
2023-08-25T10:46:05Z,24.64,57.64,100,0,36.89,100.89,1.00,410.00,null,null,null
2023-08-25T10:47:05Z,24.64,57.67,99,0,39.42,100.89,1.00,410.00,null,null,null
2023-08-25T10:48:05Z,24.63,57.63,99,0,39.41,100.89,2.00,416.00,null,null,null
2023-08-25T10:49:05Z,24.62,57.71,99,0,39.03,100.89,1.00,410.00,null,null,null
2023-08-25T10:50:05Z,24.60,57.63,100,0,38.38,100.90,1.00,410.00,0,0,0
2023-08-25T10:51:05Z,24.66,57.62,99,0,38.20,100.90,1.00,407.00,null,null,null
2023-08-25T10:52:05Z,24.63,57.59,100,0,39.75,100.89,1.00,410.00,null,null,null
2023-08-25T10:53:05Z,24.63,57.62,100,0,40.27,100.89,2.00,416.00,null,null,null
2023-08-25T10:54:05Z,24.64,57.59,99,0,38.44,100.89,2.00,416.00,null,null,null
2023-08-25T10:55:05Z,24.60,57.57,100,0,39.74,100.89,2.00,416.00,0,0,0
2023-08-25T10:56:05Z,24.63,57.57,99,0,39.77,100.90,1.00,407.00,null,null,null
2023-08-25T10:57:05Z,24.63,57.56,99,0,37.71,100.89,1.00,410.00,null,null,null
2023-08-25T10:58:05Z,24.64,57.57,100,0,37.98,100.90,1.00,410.00,null,null,null
2023-08-25T10:59:05Z,24.63,57.50,100,0,35.42,100.90,1.00,410.00,null,null,null
2023-08-25T11:00:05Z,24.60,57.50,99,0,34.37,100.90,2.00,416.00,0,0,0
2023-08-25T11:01:05Z,24.64,57.38,99,0,38.58,100.90,1.00,410.00,null,null,null
2023-08-25T11:02:05Z,24.66,57.48,99,0,36.04,100.90,1.00,410.00,null,null,null
2023-08-25T11:03:05Z,24.64,57.52,100,0,39.23,100.90,1.00,410.00,null,null,null
2023-08-25T11:04:05Z,24.62,57.50,99,0,40.93,100.90,1.00,410.00,null,null,null
2023-08-25T11:05:05Z,24.64,57.55,99,0,37.03,100.90,1.00,410.00,0,0,0
2023-08-25T11:06:05Z,24.63,57.43,100,0,38.86,100.90,1.00,410.00,null,null,null
2023-08-25T11:07:05Z,24.64,57.43,99,0,36.53,100.90,1.00,407.00,null,null,null
2023-08-25T11:08:05Z,24.62,57.45,99,0,36.34,100.90,2.00,416.00,null,null,null
2023-08-25T11:09:05Z,24.64,57.57,99,0,40.11,100.90,1.00,407.00,null,null,null
2023-08-25T11:10:05Z,24.62,57.49,100,0,39.54,100.90,1.00,410.00,0,0,0
2023-08-25T11:11:05Z,24.62,57.53,100,0,38.59,100.90,0.00,402.00,null,null,null
2023-08-25T11:12:05Z,24.63,57.55,100,0,41.01,100.90,1.00,407.00,null,null,null
2023-08-25T11:13:05Z,24.63,57.53,99,0,39.15,100.90,1.00,407.00,null,null,null
2023-08-25T11:14:05Z,24.63,57.50,99,0,38.08,100.89,1.00,410.00,null,null,null
2023-08-25T11:15:05Z,24.63,57.42,99,0,37.13,100.89,1.00,407.00,0,0,0
2023-08-25T11:16:05Z,24.62,57.49,100,0,37.54,100.89,1.00,407.00,null,null,null
2023-08-25T11:17:05Z,24.64,57.31,99,0,35.60,100.91,1.00,410.00,null,null,null
2023-08-25T11:18:05Z,24.62,57.42,99,0,39.14,100.90,1.00,407.00,null,null,null
2023-08-25T11:19:05Z,24.60,57.42,99,0,37.78,100.90,1.00,407.00,null,null,null
2023-08-25T11:20:05Z,24.62,57.52,99,0,39.50,100.91,1.00,407.00,0,0,0
2023-08-25T11:21:05Z,24.62,57.31,99,0,36.91,100.91,2.00,416.00,null,null,null
2023-08-25T11:22:05Z,24.63,57.62,99,0,37.58,100.92,2.00,416.00,null,null,null
2023-08-25T11:23:05Z,24.63,57.36,100,0,37.94,100.92,1.00,410.00,null,null,null
2023-08-25T11:24:05Z,24.62,57.35,99,0,39.81,100.93,1.00,407.00,null,null,null
2023-08-25T11:25:05Z,24.60,57.42,99,0,38.03,100.93,1.00,410.00,0,0,0
2023-08-25T11:26:05Z,24.63,57.38,99,0,41.12,100.93,1.00,407.00,null,null,null
2023-08-25T11:27:05Z,24.63,57.39,100,0,35.79,100.93,1.00,407.00,null,null,null
2023-08-25T11:28:05Z,24.64,57.39,100,0,37.85,100.92,2.00,416.00,null,null,null
2023-08-25T11:29:05Z,24.62,57.37,99,0,38.16,100.93,1.00,407.00,null,null,null
2023-08-25T11:30:05Z,24.62,57.40,99,0,40.12,100.92,2.00,416.00,0,0,0
2023-08-25T11:31:05Z,24.59,57.35,99,0,36.00,100.92,1.00,410.00,null,null,null
2023-08-25T11:32:05Z,24.63,57.35,99,0,39.76,100.93,0.00,402.00,null,null,null
2023-08-25T11:33:05Z,24.64,57.35,100,0,39.46,100.92,1.00,407.00,null,null,null
2023-08-25T11:34:05Z,24.63,57.38,100,0,39.54,100.92,0.00,402.00,null,null,null
2023-08-25T11:35:05Z,24.60,57.44,100,0,40.26,100.92,1.00,410.00,0,0,0
2023-08-25T11:36:05Z,24.63,57.36,99,0,37.95,100.92,0.00,402.00,null,null,null
2023-08-25T11:37:05Z,24.63,57.36,100,0,40.44,100.91,1.00,407.00,null,null,null
2023-08-25T11:38:05Z,24.62,57.44,100,0,35.73,100.91,1.00,407.00,null,null,null
2023-08-25T11:39:05Z,24.60,57.39,99,0,37.24,100.91,0.00,402.00,null,null,null
2023-08-25T11:40:05Z,24.63,57.31,99,0,39.07,100.90,1.00,407.00,0,0,0
2023-08-25T11:41:05Z,24.63,57.27,100,0,38.49,100.90,0.00,402.00,null,null,null
2023-08-25T11:42:05Z,24.63,57.31,99,0,38.66,100.90,0.00,402.00,null,null,null
2023-08-25T11:43:05Z,24.59,57.35,99,0,37.33,100.89,0.00,402.00,null,null,null
2023-08-25T11:44:05Z,24.59,57.23,99,0,38.83,100.89,2.00,416.00,null,null,null
2023-08-25T11:45:05Z,24.62,57.23,99,0,40.62,100.89,2.00,415.00,0,0,0
2023-08-25T11:46:05Z,24.62,57.23,99,0,36.44,100.89,1.00,407.00,null,null,null
2023-08-25T11:47:05Z,24.62,57.28,99,0,37.63,100.89,1.00,407.00,null,null,null
2023-08-25T11:48:05Z,24.60,57.18,99,0,40.29,100.88,1.00,410.00,null,null,null
2023-08-25T11:49:05Z,24.63,57.35,99,0,38.87,100.88,2.00,415.00,null,null,null
2023-08-25T11:50:05Z,24.62,57.29,99,0,40.86,100.89,1.00,407.00,0,0,0
2023-08-25T11:51:05Z,24.60,57.18,99,0,38.76,100.88,0.00,400.00,null,null,null
2023-08-25T11:52:05Z,24.60,57.24,99,0,39.33,100.88,2.00,415.00,null,null,null
2023-08-25T11:53:05Z,24.60,57.31,99,0,37.25,100.88,2.00,415.00,null,null,null
2023-08-25T11:54:05Z,24.59,57.27,100,0,38.31,100.88,1.00,407.00,null,null,null
2023-08-25T11:55:05Z,24.62,57.33,99,0,38.84,100.88,0.00,402.00,0,0,0
2023-08-25T11:56:05Z,24.60,57.29,99,0,38.98,100.89,1.00,407.00,null,null,null
2023-08-25T11:57:05Z,24.60,57.14,99,0,36.31,100.88,0.00,402.00,null,null,null
2023-08-25T11:58:05Z,24.62,57.14,99,0,40.87,100.89,1.00,411.00,null,null,null
2023-08-25T11:59:05Z,24.60,57.21,99,0,38.57,100.88,1.00,411.00,null,null,null
2023-08-25T12:00:05Z,24.60,57.40,99,0,40.49,100.88,1.00,407.00,0,0,0
2023-08-25T12:01:05Z,24.62,57.30,99,0,40.05,100.88,0.00,400.00,null,null,null
2023-08-25T12:02:05Z,24.60,57.25,99,0,35.39,100.88,1.00,407.00,null,null,null
2023-08-25T12:03:05Z,24.63,57.18,99,0,38.83,100.88,0.00,402.00,null,null,null
2023-08-25T12:04:05Z,24.62,57.11,99,0,38.13,100.88,1.00,407.00,null,null,null
2023-08-25T12:05:05Z,24.60,57.23,100,0,37.08,100.88,0.00,405.00,0,0,0
2023-08-25T12:06:05Z,24.59,57.21,99,0,39.07,100.88,1.00,407.00,null,null,null
2023-08-25T12:07:05Z,24.62,57.25,99,0,37.98,100.88,1.00,407.00,null,null,null
2023-08-25T12:08:05Z,24.59,57.11,99,0,36.94,100.88,0.00,400.00,null,null,null
2023-08-25T12:09:05Z,24.60,57.12,99,0,37.01,100.87,0.00,405.00,null,null,null
2023-08-25T12:10:05Z,24.60,57.21,99,0,36.35,100.88,0.00,405.00,0,0,0
2023-08-25T12:11:05Z,24.60,57.15,100,0,36.97,100.88,0.00,405.00,null,null,null
2023-08-25T12:12:05Z,24.62,57.13,99,0,38.80,100.88,1.00,407.00,null,null,null
2023-08-25T12:13:05Z,24.60,57.15,100,0,39.52,100.88,0.00,405.00,null,null,null
2023-08-25T12:14:05Z,24.60,57.09,100,0,39.25,100.88,1.00,407.00,null,null,null
2023-08-25T12:15:05Z,24.59,57.16,99,0,35.47,100.88,1.00,407.00,0,0,0
2023-08-25T12:16:05Z,24.62,57.13,99,0,38.55,100.87,0.00,405.00,null,null,null
2023-08-25T12:17:05Z,24.60,57.12,99,0,36.62,100.87,1.00,407.00,null,null,null
2023-08-25T12:18:05Z,24.60,57.06,99,0,38.69,100.88,0.00,405.00,null,null,null
2023-08-25T12:19:05Z,24.60,57.14,100,0,36.24,100.87,0.00,405.00,null,null,null
2023-08-25T12:20:05Z,24.59,57.13,99,0,38.48,100.87,0.00,405.00,0,0,0
2023-08-25T12:21:05Z,24.62,57.09,99,0,40.69,100.88,1.00,407.00,null,null,null
2023-08-25T12:22:05Z,24.62,57.14,99,0,38.33,100.87,0.00,405.00,null,null,null
2023-08-25T12:23:05Z,24.60,57.13,99,0,37.85,100.87,0.00,405.00,null,null,null
2023-08-25T12:24:05Z,24.60,57.09,99,0,37.06,100.87,0.00,405.00,null,null,null
2023-08-25T12:25:05Z,24.60,57.12,100,0,37.92,100.88,0.00,405.00,0,0,0
2023-08-25T12:26:05Z,24.62,57.11,99,0,39.02,100.87,0.00,405.00,null,null,null
2023-08-25T12:27:05Z,24.60,57.19,99,0,40.75,100.87,0.00,405.00,null,null,null
2023-08-25T12:28:05Z,24.63,57.05,99,0,40.04,100.88,1.00,407.00,null,null,null
2023-08-25T12:29:05Z,24.59,57.10,99,0,39.54,100.88,0.00,405.00,null,null,null
2023-08-25T12:30:05Z,24.59,57.09,99,0,39.50,100.88,0.00,405.00,0,0,0
2023-08-25T12:31:05Z,24.60,57.06,100,0,38.27,100.88,0.00,405.00,null,null,null
2023-08-25T12:32:05Z,24.59,57.03,100,0,39.70,100.88,0.00,405.00,null,null,null
2023-08-25T12:33:05Z,24.59,56.99,100,0,38.95,100.88,0.00,405.00,null,null,null
2023-08-25T12:34:05Z,24.60,57.15,100,0,40.24,100.88,0.00,405.00,null,null,null
2023-08-25T12:35:05Z,24.60,57.06,99,0,36.36,100.89,0.00,405.00,0,0,0
2023-08-25T12:36:05Z,24.59,57.16,99,0,35.67,100.89,0.00,405.00,null,null,null
2023-08-25T12:37:05Z,24.60,56.99,100,0,35.82,100.89,0.00,405.00,null,null,null
2023-08-25T12:38:05Z,24.59,56.89,99,0,36.46,100.89,0.00,405.00,null,null,null
2023-08-25T12:39:05Z,24.59,56.92,100,0,35.14,100.89,0.00,405.00,null,null,null
2023-08-25T12:40:05Z,24.59,56.87,100,0,38.56,100.89,0.00,400.00,0,0,0
2023-08-25T12:41:05Z,24.59,57.03,99,0,39.91,100.89,1.00,407.00,null,null,null
2023-08-25T12:42:05Z,24.62,57.00,99,0,40.01,100.89,0.00,400.00,null,null,null
2023-08-25T12:43:05Z,24.62,57.05,100,0,36.36,100.89,1.00,407.00,null,null,null
2023-08-25T12:44:05Z,24.59,56.92,100,0,39.53,100.89,0.00,400.00,null,null,null
2023-08-25T12:45:05Z,24.60,56.95,99,0,37.84,100.89,0.00,400.00,0,0,0
2023-08-25T12:46:05Z,24.62,56.95,99,0,38.40,100.89,0.00,400.00,null,null,null
2023-08-25T12:47:05Z,24.60,56.98,99,0,35.33,100.89,0.00,402.00,null,null,null
2023-08-25T12:48:05Z,24.59,56.89,100,0,36.41,100.88,0.00,402.00,null,null,null
2023-08-25T12:49:05Z,24.60,56.85,99,0,37.04,100.89,0.00,402.00,null,null,null
2023-08-25T12:50:05Z,24.59,56.99,99,0,38.29,100.89,1.00,409.00,0,0,0
2023-08-25T12:51:05Z,24.62,56.94,100,0,37.59,100.89,0.00,400.00,null,null,null
2023-08-25T12:52:05Z,24.63,56.95,99,0,36.99,100.89,0.00,402.00,null,null,null
2023-08-25T12:53:05Z,24.62,56.93,99,0,38.47,100.89,1.00,409.00,null,null,null
2023-08-25T12:54:05Z,24.60,56.88,99,0,36.05,100.89,0.00,402.00,null,null,null
2023-08-25T12:55:05Z,24.59,56.93,99,0,36.93,100.90,0.00,402.00,0,0,0
2023-08-25T12:56:05Z,24.59,56.93,99,0,39.66,100.90,0.00,400.00,null,null,null
2023-08-25T12:57:05Z,24.62,56.98,100,0,39.94,100.89,0.00,402.00,null,null,null
2023-08-25T12:58:05Z,24.60,56.92,99,0,38.96,100.89,1.00,409.00,null,null,null
2023-08-25T12:59:05Z,24.60,57.01,100,0,39.12,100.89,0.00,402.00,null,null,null
2023-08-25T13:00:05Z,24.59,56.95,99,0,39.99,100.89,0.00,402.00,0,0,0
2023-08-25T13:01:05Z,24.60,56.88,99,0,35.11,100.88,0.00,402.00,null,null,null
2023-08-25T13:02:05Z,24.62,56.87,99,0,37.13,100.88,0.00,402.00,null,null,null
2023-08-25T13:03:05Z,24.60,56.86,99,0,39.74,100.89,0.00,402.00,null,null,null
2023-08-25T13:04:05Z,24.57,56.90,99,0,38.66,100.88,0.00,402.00,null,null,null
2023-08-25T13:05:05Z,24.60,56.97,99,0,39.28,100.88,0.00,402.00,0,0,0
2023-08-25T13:06:05Z,24.60,56.97,99,0,37.92,100.89,0.00,400.00,null,null,null
2023-08-25T13:07:05Z,24.60,56.91,99,0,39.93,100.88,0.00,402.00,null,null,null
2023-08-25T13:08:05Z,24.62,56.84,99,0,37.75,100.88,0.00,402.00,null,null,null
2023-08-25T13:09:05Z,24.59,56.89,99,0,34.13,100.88,0.00,402.00,null,null,null
2023-08-25T13:10:05Z,24.59,56.97,99,0,38.82,100.88,0.00,402.00,0,0,0
2023-08-25T13:11:05Z,24.63,56.94,99,0,38.99,100.88,0.00,402.00,null,null,null
2023-08-25T13:12:05Z,24.59,56.94,99,0,39.29,100.88,0.00,402.00,null,null,null
2023-08-25T13:13:05Z,24.56,56.88,99,0,38.42,100.88,0.00,402.00,null,null,null
2023-08-25T13:14:05Z,24.62,56.79,99,0,40.11,100.88,0.00,402.00,null,null,null
2023-08-25T13:15:05Z,24.60,56.92,100,0,39.87,100.88,0.00,402.00,0,0,0
2023-08-25T13:16:05Z,24.60,56.98,99,0,38.33,100.88,0.00,402.00,null,null,null
2023-08-25T13:17:05Z,24.59,56.93,100,0,38.41,100.88,0.00,402.00,null,null,null
2023-08-25T13:18:05Z,24.59,56.82,99,0,38.79,100.87,0.00,402.00,null,null,null
2023-08-25T13:19:05Z,24.60,56.93,99,0,36.77,100.88,0.00,400.00,null,null,null
2023-08-25T13:20:05Z,24.57,56.83,100,0,38.01,100.87,0.00,402.00,0,0,0
2023-08-25T13:21:05Z,24.60,56.87,99,0,39.15,100.87,0.00,402.00,null,null,null
2023-08-25T13:22:05Z,24.60,56.83,99,0,39.91,100.87,0.00,402.00,null,null,null
2023-08-25T13:23:05Z,24.60,56.91,99,0,39.04,100.87,0.00,402.00,null,null,null
2023-08-25T13:24:05Z,24.60,56.87,99,0,39.30,100.87,0.00,402.00,null,null,null
2023-08-25T13:25:05Z,24.57,56.83,99,0,40.29,100.87,0.00,402.00,0,0,0
2023-08-25T13:26:05Z,24.60,56.83,100,0,38.45,100.87,0.00,402.00,null,null,null
2023-08-25T13:27:05Z,24.63,56.89,100,0,36.70,100.87,0.00,402.00,null,null,null
2023-08-25T13:28:05Z,24.60,56.74,100,0,40.95,100.87,0.00,402.00,null,null,null
2023-08-25T13:29:05Z,24.59,56.79,99,0,38.06,100.86,0.00,406.00,null,null,null
2023-08-25T13:30:05Z,24.59,56.83,100,0,40.70,100.86,0.00,402.00,0,0,0
2023-08-25T13:31:05Z,24.62,56.89,99,0,37.98,100.86,0.00,402.00,null,null,null
2023-08-25T13:32:05Z,24.63,56.79,99,0,38.65,100.86,0.00,402.00,null,null,null
2023-08-25T13:33:05Z,24.59,56.82,100,0,39.57,100.87,0.00,402.00,null,null,null
2023-08-25T13:34:05Z,24.59,56.83,99,0,38.17,100.87,0.00,402.00,null,null,null
2023-08-25T13:35:05Z,24.62,56.80,99,0,39.66,100.87,0.00,400.00,0,0,0
2023-08-25T13:36:05Z,24.60,56.83,99,0,37.79,100.86,0.00,400.00,null,null,null
2023-08-25T13:37:05Z,24.60,56.79,99,0,36.63,100.86,0.00,400.00,null,null,null
2023-08-25T13:38:05Z,24.60,56.71,100,0,37.26,100.86,0.00,400.00,null,null,null
2023-08-25T13:39:05Z,24.60,56.74,99,0,38.89,100.87,0.00,403.00,null,null,null
2023-08-25T13:40:05Z,24.59,56.79,99,0,37.21,100.86,0.00,406.00,0,0,0
2023-08-25T13:41:05Z,24.57,56.77,100,0,36.75,100.87,0.00,402.00,null,null,null
2023-08-25T13:42:05Z,24.60,56.73,100,0,36.94,100.86,0.00,400.00,null,null,null
2023-08-25T13:43:05Z,24.62,56.81,99,0,36.30,100.86,0.00,403.00,null,null,null
2023-08-25T13:44:05Z,24.60,56.78,100,0,39.13,100.86,0.00,402.00,null,null,null
2023-08-25T13:45:05Z,24.60,56.79,99,0,37.84,100.87,0.00,400.00,0,0,0
2023-08-25T13:46:05Z,24.60,56.73,100,0,38.71,100.86,0.00,400.00,null,null,null
2023-08-25T13:47:05Z,24.60,56.79,100,0,38.84,100.86,0.00,403.00,null,null,null
2023-08-25T13:48:05Z,24.57,56.72,99,0,38.98,100.86,0.00,400.00,null,null,null
2023-08-25T13:49:05Z,24.56,56.79,99,0,39.50,100.86,0.00,403.00,null,null,null
2023-08-25T13:50:05Z,24.57,56.72,99,0,38.92,100.86,0.00,400.00,0,0,0
2023-08-25T13:51:05Z,24.63,56.77,100,0,37.78,100.86,0.00,403.00,null,null,null
2023-08-25T13:52:05Z,24.60,56.54,100,0,36.51,100.86,0.00,400.00,null,null,null
2023-08-25T13:53:05Z,24.63,56.66,99,0,38.63,100.86,0.00,403.00,null,null,null
2023-08-25T13:54:05Z,24.57,56.61,99,0,39.70,100.86,0.00,403.00,null,null,null
2023-08-25T13:55:05Z,24.59,56.62,99,0,37.75,100.86,1.00,408.00,0,0,0
2023-08-25T13:56:05Z,24.60,56.64,100,0,40.41,100.85,0.00,403.00,null,null,null
2023-08-25T13:57:05Z,24.62,56.51,99,0,38.71,100.86,1.00,408.00,null,null,null
2023-08-25T13:58:05Z,24.60,56.67,99,0,37.72,100.85,1.00,408.00,null,null,null
2023-08-25T13:59:05Z,24.60,56.71,99,0,39.69,100.85,0.00,403.00,null,null,null
2023-08-25T14:00:05Z,24.59,56.65,100,0,37.21,100.85,1.00,408.00,0,0,0
2023-08-25T14:01:05Z,24.60,56.66,100,0,37.87,100.86,0.00,403.00,null,null,null
2023-08-25T14:02:05Z,24.60,56.74,99,0,41.60,100.85,1.00,408.00,null,null,null
2023-08-25T14:03:05Z,24.59,56.67,100,0,38.37,100.85,1.00,408.00,null,null,null
2023-08-25T14:04:05Z,24.60,56.67,99,0,38.00,100.85,1.00,408.00,null,null,null
2023-08-25T14:05:05Z,24.57,56.73,99,0,38.43,100.85,1.00,408.00,0,0,0
2023-08-25T14:06:05Z,24.60,56.71,100,0,37.78,100.85,0.00,403.00,null,null,null
2023-08-25T14:07:05Z,24.62,56.70,99,0,38.11,100.86,1.00,408.00,null,null,null
2023-08-25T14:08:05Z,24.62,56.72,99,0,38.37,100.85,1.00,408.00,null,null,null
2023-08-25T14:09:05Z,24.60,56.55,100,0,37.38,100.86,1.00,408.00,null,null,null
2023-08-25T14:10:05Z,24.59,56.71,100,0,38.56,100.85,1.00,408.00,0,0,0
2023-08-25T14:11:05Z,24.60,56.71,99,0,37.18,100.86,0.00,403.00,null,null,null
2023-08-25T14:12:05Z,24.62,56.68,99,0,35.49,100.85,1.00,408.00,null,null,null
2023-08-25T14:13:05Z,24.59,56.61,99,0,37.17,100.86,1.00,408.00,null,null,null
2023-08-25T14:14:05Z,24.60,56.73,99,0,38.41,100.85,1.00,408.00,null,null,null
2023-08-25T14:15:05Z,24.57,56.69,99,0,37.63,100.85,1.00,408.00,0,0,0
2023-08-25T14:16:05Z,24.63,56.71,99,0,38.98,100.85,1.00,408.00,null,null,null
2023-08-25T14:17:05Z,24.62,56.67,99,0,38.90,100.85,1.00,408.00,null,null,null
2023-08-25T14:18:05Z,24.60,56.63,99,0,39.80,100.85,1.00,408.00,null,null,null
2023-08-25T14:19:05Z,24.60,56.62,99,0,40.05,100.85,0.00,403.00,null,null,null
2023-08-25T14:20:05Z,24.62,56.67,100,0,38.16,100.85,1.00,408.00,0,0,0
2023-08-25T14:21:05Z,24.62,56.65,100,0,38.37,100.85,0.00,403.00,null,null,null
2023-08-25T14:22:05Z,24.59,56.61,99,0,38.64,100.85,1.00,408.00,null,null,null
2023-08-25T14:23:05Z,24.63,56.78,99,0,39.95,100.85,0.00,403.00,null,null,null
2023-08-25T14:24:05Z,24.62,56.66,100,0,37.67,100.85,0.00,405.00,null,null,null
2023-08-25T14:25:05Z,24.57,56.59,99,0,38.54,100.85,1.00,408.00,0,0,0
2023-08-25T14:26:05Z,24.62,56.63,100,0,37.82,100.85,1.00,408.00,null,null,null
2023-08-25T14:27:05Z,24.62,56.62,100,0,40.27,100.84,0.00,403.00,null,null,null
2023-08-25T14:28:05Z,24.57,56.59,99,0,39.14,100.84,1.00,408.00,null,null,null
2023-08-25T14:29:05Z,24.60,56.57,99,0,38.61,100.84,0.00,403.00,null,null,null
2023-08-25T14:30:05Z,24.62,56.62,99,0,37.68,100.84,0.00,403.00,0,0,0
2023-08-25T14:31:05Z,24.60,56.49,99,0,37.01,100.83,0.00,403.00,null,null,null
2023-08-25T14:32:05Z,24.62,56.53,99,0,36.78,100.84,0.00,403.00,null,null,null
2023-08-25T14:33:05Z,24.62,56.44,99,0,37.29,100.83,0.00,403.00,null,null,null
2023-08-25T14:34:05Z,24.60,56.56,99,0,43.07,100.83,0.00,403.00,null,null,null
2023-08-25T14:35:05Z,24.60,56.66,100,0,36.51,100.83,0.00,403.00,0,0,0
2023-08-25T14:36:05Z,24.63,56.63,99,0,36.99,100.83,1.00,408.00,null,null,null
2023-08-25T14:37:05Z,24.62,56.54,99,0,38.36,100.82,0.00,403.00,null,null,null
2023-08-25T14:38:05Z,24.59,56.54,99,0,37.44,100.82,1.00,408.00,null,null,null
2023-08-25T14:39:05Z,24.60,56.53,99,0,37.85,100.82,0.00,403.00,null,null,null
2023-08-25T14:40:05Z,24.60,56.61,99,0,36.39,100.82,1.00,408.00,0,0,0
2023-08-25T14:41:05Z,24.60,56.66,99,0,38.71,100.82,0.00,403.00,null,null,null
2023-08-25T14:42:05Z,24.60,56.56,99,0,38.55,100.81,1.00,408.00,null,null,null
2023-08-25T14:43:05Z,24.60,56.50,99,0,38.44,100.82,0.00,403.00,null,null,null
2023-08-25T14:44:05Z,24.62,56.49,100,0,37.04,100.81,1.00,408.00,null,null,null
2023-08-25T14:45:05Z,24.60,56.55,100,0,39.89,100.81,0.00,403.00,0,0,0
2023-08-25T14:46:05Z,24.60,56.45,99,0,41.37,100.81,0.00,403.00,null,null,null
2023-08-25T14:47:05Z,24.63,56.59,100,0,37.02,100.81,0.00,403.00,null,null,null
2023-08-25T14:48:05Z,24.63,56.60,99,0,40.10,100.81,0.00,403.00,null,null,null
2023-08-25T14:49:05Z,24.60,56.55,99,0,37.00,100.81,1.00,408.00,null,null,null
2023-08-25T14:50:05Z,24.62,56.55,99,0,37.11,100.81,0.00,403.00,0,0,0
2023-08-25T14:51:05Z,24.62,56.55,100,0,37.83,100.81,1.00,408.00,null,null,null
2023-08-25T14:52:05Z,24.62,56.49,99,0,38.86,100.81,0.00,403.00,null,null,null
2023-08-25T14:53:05Z,24.62,56.52,100,0,39.53,100.81,1.00,408.00,null,null,null
2023-08-25T14:54:05Z,24.63,56.55,99,0,38.96,100.81,0.00,403.00,null,null,null
2023-08-25T14:55:05Z,24.60,56.54,99,0,38.26,100.81,0.00,403.00,0,0,0
2023-08-25T14:56:05Z,24.62,56.56,100,0,38.80,100.80,0.00,403.00,null,null,null
2023-08-25T14:57:05Z,24.62,56.65,99,0,36.69,100.81,0.00,403.00,null,null,null
2023-08-25T14:58:05Z,24.63,56.48,99,0,39.68,100.81,0.00,403.00,null,null,null
2023-08-25T14:59:05Z,24.63,56.50,99,0,38.43,100.81,0.00,403.00,null,null,null
2023-08-25T15:00:05Z,24.62,56.59,100,0,38.34,100.80,0.00,403.00,0,0,0
2023-08-25T15:01:05Z,24.62,56.50,99,0,37.54,100.80,0.00,403.00,null,null,null
2023-08-25T15:02:05Z,24.63,56.54,99,0,37.44,100.80,0.00,403.00,null,null,null
2023-08-25T15:03:05Z,24.64,56.58,99,0,38.46,100.80,1.00,408.00,null,null,null
2023-08-25T15:04:05Z,24.63,56.43,99,0,38.93,100.80,0.00,403.00,null,null,null
2023-08-25T15:05:05Z,24.62,56.55,99,0,35.71,100.80,1.00,408.00,0,0,0
2023-08-25T15:06:05Z,24.63,56.56,100,0,38.31,100.80,0.00,400.00,null,null,null
2023-08-25T15:07:05Z,24.66,56.49,99,0,38.15,100.80,1.00,409.00,null,null,null
2023-08-25T15:08:05Z,24.63,56.52,99,0,37.98,100.80,0.00,405.00,null,null,null
2023-08-25T15:09:05Z,24.63,56.45,99,0,37.58,100.80,0.00,405.00,null,null,null
2023-08-25T15:10:05Z,24.62,56.52,100,0,37.26,100.80,0.00,405.00,0,0,0
2023-08-25T15:11:05Z,24.64,56.51,100,0,40.33,100.80,0.00,400.00,null,null,null
2023-08-25T15:12:05Z,24.63,56.45,99,0,38.77,100.80,1.00,409.00,null,null,null
2023-08-25T15:13:05Z,24.63,56.58,99,0,38.37,100.79,1.00,409.00,null,null,null
2023-08-25T15:14:05Z,24.66,56.45,99,0,38.87,100.80,0.00,405.00,null,null,null
2023-08-25T15:15:05Z,24.62,56.44,99,0,37.52,100.80,0.00,405.00,0,0,0
2023-08-25T15:16:05Z,24.62,56.39,100,0,39.24,100.79,0.00,405.00,null,null,null
2023-08-25T15:17:05Z,24.66,56.44,99,0,42.32,100.80,1.00,409.00,null,null,null
2023-08-25T15:18:05Z,24.63,56.57,99,0,40.13,100.79,0.00,405.00,null,null,null
2023-08-25T15:19:05Z,24.63,56.81,99,0,41.09,100.79,0.00,405.00,null,null,null
2023-08-25T15:20:05Z,24.63,56.37,100,0,41.66,100.79,0.00,401.00,0,0,0
2023-08-25T15:21:05Z,24.63,56.68,99,0,41.13,100.78,0.00,405.00,null,null,null
2023-08-25T15:22:05Z,24.64,56.50,99,0,40.10,100.79,0.00,405.00,null,null,null
2023-08-25T15:23:05Z,24.64,56.49,100,0,41.09,100.79,0.00,400.00,null,null,null
2023-08-25T15:24:05Z,24.62,56.55,99,0,43.64,100.79,0.00,400.00,null,null,null
2023-08-25T15:25:05Z,24.63,56.41,100,0,41.50,100.78,0.00,400.00,0,0,0
2023-08-25T15:26:05Z,24.62,56.31,99,0,39.66,100.78,0.00,400.00,null,null,null
2023-08-25T15:27:05Z,24.64,56.04,100,0,40.84,100.78,0.00,400.00,null,null,null
2023-08-25T15:28:05Z,24.63,56.45,99,0,40.34,100.77,0.00,406.00,null,null,null
2023-08-25T15:29:05Z,24.64,56.12,100,0,41.72,100.77,0.00,400.00,null,null,null
2023-08-25T15:30:05Z,24.63,56.39,100,0,42.15,100.77,0.00,401.00,0,0,0
2023-08-25T15:31:05Z,24.63,56.23,99,0,39.62,100.77,0.00,400.00,null,null,null
2023-08-25T15:32:05Z,24.63,56.10,99,0,40.54,100.77,0.00,406.00,null,null,null
2023-08-25T15:33:05Z,24.62,56.21,100,0,41.75,100.77,0.00,401.00,null,null,null
2023-08-25T15:34:05Z,24.63,56.10,99,0,40.61,100.77,0.00,401.00,null,null,null
2023-08-25T15:35:05Z,24.62,55.80,100,0,41.89,100.77,0.00,401.00,0,0,0
2023-08-25T15:36:05Z,24.62,56.03,99,0,42.92,100.77,0.00,400.00,null,null,null
2023-08-25T15:37:05Z,24.64,56.17,99,0,38.19,100.77,0.00,400.00,null,null,null
2023-08-25T15:38:05Z,24.60,56.17,99,0,38.61,100.77,0.00,400.00,null,null,null
2023-08-25T15:39:05Z,24.66,56.01,99,0,41.12,100.76,0.00,400.00,null,null,null
2023-08-25T15:40:05Z,24.63,56.28,100,0,37.68,100.77,0.00,400.00,0,0,0
2023-08-25T15:41:05Z,24.64,56.06,100,0,42.41,100.76,0.00,400.00,null,null,null
2023-08-25T15:42:05Z,24.64,55.83,100,0,40.49,100.76,0.00,401.00,null,null,null
2023-08-25T15:43:05Z,24.64,55.94,99,0,43.01,100.76,0.00,400.00,null,null,null
2023-08-25T15:44:05Z,24.62,55.84,99,0,37.41,100.76,0.00,405.00,null,null,null
2023-08-25T15:45:05Z,24.62,55.80,99,0,41.84,100.77,0.00,400.00,0,0,0
2023-08-25T15:46:05Z,24.63,55.91,99,0,35.93,100.76,0.00,400.00,null,null,null
2023-08-25T15:47:05Z,24.64,55.83,99,0,41.17,100.77,0.00,400.00,null,null,null
2023-08-25T15:48:05Z,24.63,55.74,99,0,43.67,100.76,0.00,400.00,null,null,null
2023-08-25T15:49:05Z,24.63,55.60,99,0,38.96,100.76,0.00,403.00,null,null,null
2023-08-25T15:50:05Z,24.62,55.47,100,0,40.37,100.76,0.00,403.00,0,0,0
2023-08-25T15:51:05Z,24.64,55.42,99,0,43.86,100.77,0.00,401.00,null,null,null
2023-08-25T15:52:05Z,24.62,55.46,100,0,38.53,100.77,0.00,401.00,null,null,null
2023-08-25T15:53:05Z,24.64,55.71,100,0,40.56,100.76,0.00,400.00,null,null,null
2023-08-25T15:54:05Z,24.62,55.57,100,0,41.40,100.77,0.00,400.00,null,null,null
2023-08-25T15:55:05Z,24.62,55.76,99,0,40.97,100.76,0.00,405.00,1,1,1
2023-08-25T15:56:05Z,24.64,55.75,99,0,41.99,100.76,0.00,401.00,null,null,null
2023-08-25T15:57:05Z,24.64,55.30,99,0,41.51,100.76,0.00,403.00,null,null,null
2023-08-25T15:58:05Z,24.64,55.48,99,0,41.97,100.76,1.00,407.00,null,null,null
2023-08-25T15:59:05Z,24.64,55.83,99,0,41.84,100.75,1.00,407.00,null,null,null
2023-08-25T16:00:05Z,24.64,55.40,100,0,43.08,100.75,0.00,403.00,0,0,0
2023-08-25T16:01:05Z,24.63,55.51,99,0,39.95,100.75,1.00,411.00,null,null,null
2023-08-25T16:02:05Z,24.66,55.18,100,0,41.12,100.75,1.00,407.00,null,null,null
2023-08-25T16:03:05Z,24.66,55.24,99,0,41.56,100.75,1.00,411.00,null,null,null
2023-08-25T16:04:05Z,24.64,55.54,99,0,42.37,100.75,2.00,416.00,null,null,null
2023-08-25T16:05:05Z,24.60,55.69,100,0,42.53,100.75,2.00,416.00,0,0,0
2023-08-25T16:06:05Z,24.63,55.24,99,0,41.53,100.75,1.00,411.00,null,null,null
2023-08-25T16:07:05Z,24.64,55.44,99,0,41.01,100.75,3.00,421.00,null,null,null
2023-08-25T16:08:05Z,24.63,55.28,100,0,40.60,100.74,2.00,416.00,null,null,null
2023-08-25T16:09:05Z,24.63,55.55,99,0,42.19,100.75,2.00,416.00,null,null,null
2023-08-25T16:10:05Z,24.63,55.48,99,0,40.09,100.75,1.00,411.00,0,0,0
2023-08-25T16:11:05Z,24.67,55.52,99,0,39.17,100.75,1.00,407.00,null,null,null
2023-08-25T16:12:05Z,24.64,55.17,99,0,40.37,100.75,2.00,416.00,null,null,null
2023-08-25T16:13:05Z,24.62,55.24,99,0,38.57,100.75,2.00,416.00,null,null,null
2023-08-25T16:14:05Z,24.64,55.36,100,0,39.57,100.75,2.00,416.00,null,null,null
2023-08-25T16:15:05Z,24.63,55.51,99,0,41.35,100.75,1.00,407.00,0,0,0
2023-08-25T16:16:05Z,24.63,55.34,100,0,43.77,100.75,0.00,405.00,null,null,null
2023-08-25T16:17:05Z,24.94,55.00,99,0,42.60,100.75,1.00,407.00,null,null,null
