TIME,TEMP,HUM,BATT,LIGHT,NOISE_A,PRESS,CCS811_VOCS,CCS811_ECO2,PM_1,PM_25,PM_10
ISO 8601,C,%,%,Lux,dBA,kPa,ppb,ppm,ug/m3,ug/m3,ug/m3
Time,Temperature,Humidity,Battery,Light,Noise dBA,Barometric pressure,VOC Gas CCS811,eCO2 Gas CCS811,PM 1.0,PM 2.5,PM 10.0
,55,56,10,14,53,58,113,112,89,87,88
2023-08-29T00:00:28Z,25.97,59.53,100,0,27.51,101.50,76.00,900.00,null,null,null
2023-08-29T00:01:28Z,25.97,59.52,100,0,33.11,101.50,76.00,900.00,null,null,null
2023-08-29T00:02:28Z,25.97,59.61,100,0,29.89,101.50,76.00,900.00,null,null,null
2023-08-29T00:03:28Z,25.97,59.48,100,0,29.01,101.50,74.00,889.00,0,0,0
2023-08-29T00:04:28Z,25.97,59.59,100,0,31.31,101.50,74.00,889.00,null,null,null
2023-08-29T00:05:28Z,25.96,59.64,100,0,26.71,101.50,74.00,889.00,null,null,null
2023-08-29T00:06:28Z,25.98,59.56,100,0,25.16,101.50,74.00,889.00,null,null,null
2023-08-29T00:07:28Z,25.94,59.58,100,0,29.58,101.50,74.00,889.00,null,null,null
2023-08-29T00:08:28Z,25.94,59.59,100,0,23.35,101.50,74.00,889.00,0,0,0
2023-08-29T00:09:28Z,25.97,59.55,100,0,24.58,101.50,73.00,880.00,null,null,null
2023-08-29T00:10:28Z,25.96,59.59,100,0,26.00,101.50,74.00,889.00,null,null,null
2023-08-29T00:11:28Z,25.96,59.58,100,0,23.45,101.50,73.00,880.00,null,null,null
2023-08-29T00:12:28Z,25.96,59.64,100,0,24.11,101.50,73.00,880.00,null,null,null
2023-08-29T00:13:28Z,25.93,59.42,100,0,29.89,101.50,73.00,880.00,0,0,0
2023-08-29T00:14:28Z,25.94,59.52,100,0,24.93,101.50,73.00,880.00,null,null,null
2023-08-29T00:15:28Z,25.96,59.55,100,0,27.28,101.49,73.00,880.00,null,null,null
2023-08-29T00:16:28Z,25.96,59.34,100,0,25.59,101.50,70.00,865.00,null,null,null
2023-08-29T00:17:28Z,25.94,59.49,100,0,29.35,101.50,74.00,889.00,null,null,null
2023-08-29T00:18:28Z,25.94,59.34,100,0,23.90,101.50,74.00,889.00,0,0,0
2023-08-29T00:19:28Z,25.94,59.30,100,0,24.72,101.50,74.00,889.00,null,null,null
2023-08-29T00:20:28Z,25.96,59.38,100,0,28.09,101.49,74.00,889.00,null,null,null
2023-08-29T00:21:28Z,25.93,59.42,100,0,31.34,101.50,76.00,900.00,null,null,null
2023-08-29T00:22:28Z,25.91,59.40,100,0,25.09,101.50,74.00,889.00,null,null,null
2023-08-29T00:23:28Z,25.91,59.39,100,0,30.82,101.50,76.00,900.00,0,0,0
2023-08-29T00:24:28Z,25.91,59.43,100,0,23.30,101.50,76.00,900.00,null,null,null
2023-08-29T00:25:28Z,25.93,59.39,100,0,24.96,101.49,76.00,900.00,null,null,null
2023-08-29T00:26:28Z,25.91,59.23,100,0,38.30,101.49,76.00,900.00,null,null,null
2023-08-29T00:27:28Z,25.91,59.32,100,0,26.14,101.49,77.00,909.00,null,null,null
2023-08-29T00:28:28Z,25.91,59.16,100,0,22.99,101.49,74.00,889.00,0,0,0
2023-08-29T00:29:28Z,25.91,59.18,100,0,27.92,101.49,74.00,889.00,null,null,null
2023-08-29T00:30:28Z,25.91,59.12,100,0,26.11,101.49,76.00,900.00,null,null,null
2023-08-29T00:31:28Z,25.91,59.12,100,0,28.06,101.49,76.00,900.00,null,null,null
2023-08-29T00:32:28Z,25.90,59.09,100,0,25.98,101.48,74.00,889.00,null,null,null
2023-08-29T00:33:28Z,25.90,59.13,100,0,24.54,101.49,74.00,889.00,0,0,0
2023-08-29T00:34:28Z,25.90,59.05,100,0,24.58,101.49,72.00,874.00,null,null,null
2023-08-29T00:35:28Z,25.90,58.93,100,0,28.50,101.49,72.00,874.00,null,null,null
2023-08-29T00:36:28Z,25.93,58.91,100,0,23.77,101.48,70.00,865.00,null,null,null
2023-08-29T00:37:28Z,25.88,58.92,100,0,26.99,101.48,70.00,865.00,null,null,null
2023-08-29T00:38:28Z,25.90,58.92,100,0,26.57,101.48,70.00,865.00,0,0,0
2023-08-29T00:39:28Z,25.90,58.88,100,0,28.66,101.48,69.00,853.00,null,null,null
2023-08-29T00:40:28Z,25.88,58.87,100,0,25.59,101.48,67.00,844.00,null,null,null
2023-08-29T00:41:28Z,25.88,58.92,100,0,23.94,101.47,69.00,853.00,null,null,null
2023-08-29T00:42:28Z,25.88,58.82,100,0,25.13,101.47,67.00,844.00,null,null,null
2023-08-29T00:43:28Z,25.86,58.83,100,0,26.57,101.47,67.00,844.00,0,0,0
2023-08-29T00:44:28Z,25.87,58.85,100,0,26.11,101.47,67.00,844.00,null,null,null
2023-08-29T00:45:28Z,25.87,58.73,100,0,40.80,101.47,65.00,830.00,null,null,null
2023-08-29T00:46:28Z,25.87,58.88,100,0,33.67,101.47,66.00,836.00,null,null,null
2023-08-29T00:47:28Z,25.87,58.71,100,0,27.89,101.47,63.00,819.00,null,null,null
2023-08-29T00:48:28Z,25.87,58.73,100,0,24.76,101.47,65.00,827.00,0,0,0
2023-08-29T00:49:28Z,25.87,58.81,100,0,45.67,101.47,66.00,836.00,null,null,null
2023-08-29T00:50:28Z,25.88,58.77,100,0,23.54,101.47,65.00,830.00,null,null,null
2023-08-29T00:51:28Z,25.87,58.74,100,0,24.07,101.47,63.00,819.00,null,null,null
2023-08-29T00:52:28Z,25.83,58.61,100,0,24.86,101.47,65.00,827.00,null,null,null
2023-08-29T00:53:28Z,25.86,58.67,100,0,37.77,101.47,65.00,827.00,0,0,0
2023-08-29T00:54:28Z,25.86,58.61,100,0,40.79,101.47,63.00,817.00,null,null,null
2023-08-29T00:55:28Z,25.86,58.75,100,0,26.41,101.47,63.00,817.00,null,null,null
2023-08-29T00:56:28Z,25.86,58.57,100,0,25.82,101.47,62.00,810.00,null,null,null
2023-08-29T00:57:28Z,25.84,58.71,100,0,25.56,101.47,62.00,810.00,null,null,null
2023-08-29T00:58:28Z,25.84,58.64,100,0,38.58,101.47,63.00,817.00,0,0,0
2023-08-29T00:59:28Z,25.87,58.76,100,0,40.27,101.47,63.00,817.00,null,null,null
2023-08-29T01:00:28Z,25.87,58.66,100,0,26.55,101.47,62.00,810.00,null,null,null
2023-08-29T01:01:28Z,25.86,58.70,100,0,45.15,101.47,65.00,827.00,null,null,null
2023-08-29T01:02:28Z,25.87,58.85,100,0,24.58,101.47,65.00,827.00,null,null,null
2023-08-29T01:03:28Z,25.83,58.80,100,0,28.15,101.47,65.00,830.00,0,0,0
2023-08-29T01:04:28Z,25.86,58.79,100,0,26.24,101.47,65.00,830.00,null,null,null
2023-08-29T01:05:28Z,25.84,58.54,100,0,24.72,101.47,63.00,819.00,null,null,null
2023-08-29T01:06:28Z,25.84,58.47,100,0,30.50,101.47,65.00,827.00,null,null,null
2023-08-29T01:07:28Z,25.86,58.60,100,0,23.90,101.47,65.00,827.00,null,null,null
2023-08-29T01:08:28Z,25.81,58.64,100,0,38.42,101.47,63.00,817.00,0,0,0
2023-08-29T01:09:28Z,25.83,58.85,100,0,23.77,101.47,65.00,827.00,null,null,null
2023-08-29T01:10:28Z,25.83,58.74,100,0,25.82,101.47,65.00,830.00,null,null,null
2023-08-29T01:11:28Z,25.86,58.75,100,0,28.73,101.47,65.00,827.00,null,null,null
2023-08-29T01:12:28Z,25.84,58.59,100,0,29.01,101.47,63.00,819.00,null,null,null
2023-08-29T01:13:28Z,25.84,58.50,100,0,26.29,101.47,65.00,827.00,0,0,0
2023-08-29T01:14:28Z,25.83,58.58,100,0,30.40,101.47,61.00,804.00,null,null,null
2023-08-29T01:15:28Z,25.81,58.54,100,0,29.38,101.47,62.00,810.00,null,null,null
2023-08-29T01:16:28Z,25.81,58.39,100,0,24.50,101.47,63.00,817.00,null,null,null
2023-08-29T01:17:28Z,25.81,58.50,100,0,30.51,101.47,62.00,810.00,null,null,null
2023-08-29T01:18:28Z,25.80,58.45,100,0,28.84,101.47,62.00,810.00,0,0,0
2023-08-29T01:19:28Z,25.81,58.64,100,0,29.91,101.47,61.00,804.00,null,null,null
2023-08-29T01:20:28Z,25.81,58.43,100,0,25.13,101.46,62.00,810.00,null,null,null
2023-08-29T01:21:28Z,25.84,58.43,100,0,22.89,101.46,61.00,804.00,null,null,null
2023-08-29T01:22:28Z,25.80,58.59,100,0,25.19,101.46,62.00,810.00,null,null,null
2023-08-29T01:23:28Z,25.80,58.39,100,0,23.81,101.46,62.00,810.00,0,0,0
2023-08-29T01:24:28Z,25.80,58.55,100,0,25.47,101.46,60.00,795.00,null,null,null
2023-08-29T01:25:28Z,25.80,58.59,100,0,38.37,101.45,62.00,810.00,null,null,null
2023-08-29T01:26:28Z,25.83,58.50,100,0,27.34,101.45,62.00,810.00,null,null,null
2023-08-29T01:27:28Z,25.81,58.44,100,0,54.38,101.45,62.00,810.00,null,null,null
2023-08-29T01:28:28Z,25.81,58.59,100,0,24.19,101.45,62.00,810.00,0,0,0
2023-08-29T01:29:28Z,25.81,58.61,100,0,23.63,101.45,60.00,795.00,null,null,null
2023-08-29T01:30:28Z,25.80,58.42,100,0,49.86,101.45,61.00,804.00,null,null,null
2023-08-29T01:31:28Z,25.81,58.45,100,0,27.89,101.45,61.00,804.00,null,null,null
2023-08-29T01:32:28Z,25.78,58.33,100,0,23.86,101.45,61.00,804.00,null,null,null
2023-08-29T01:33:28Z,25.77,58.23,100,0,31.02,101.45,62.00,810.00,0,0,0
2023-08-29T01:34:28Z,25.80,58.44,100,0,30.50,101.45,60.00,795.00,null,null,null
2023-08-29T01:35:28Z,25.81,58.47,100,0,30.82,101.45,60.00,795.00,null,null,null
2023-08-29T01:36:28Z,25.80,58.48,100,0,26.14,101.45,58.00,785.00,null,null,null
2023-08-29T01:37:28Z,25.76,58.38,100,0,35.80,101.45,58.00,785.00,null,null,null
2023-08-29T01:38:28Z,25.78,58.35,100,0,52.33,101.45,58.00,785.00,0,0,0
2023-08-29T01:39:28Z,25.80,58.31,100,0,22.78,101.45,57.00,776.00,null,null,null
2023-08-29T01:40:28Z,25.81,58.26,100,0,25.09,101.45,57.00,776.00,null,null,null
2023-08-29T01:41:28Z,25.77,58.22,100,0,23.40,101.45,57.00,776.00,null,null,null
2023-08-29T01:42:28Z,25.77,58.38,100,0,25.35,101.45,60.00,795.00,null,null,null
2023-08-29T01:43:28Z,25.78,58.53,100,0,49.68,101.45,60.00,795.00,0,0,0
2023-08-29T01:44:28Z,25.77,58.30,100,0,37.03,101.45,58.00,785.00,null,null,null
2023-08-29T01:45:28Z,25.78,58.39,100,0,25.41,101.45,58.00,785.00,null,null,null
2023-08-29T01:46:28Z,25.78,58.31,100,0,25.03,101.45,58.00,785.00,null,null,null
2023-08-29T01:47:28Z,25.77,58.33,100,0,26.31,101.44,57.00,776.00,null,null,null
2023-08-29T01:48:28Z,25.76,58.39,100,0,27.32,101.44,57.00,776.00,0,0,0
2023-08-29T01:49:28Z,25.78,58.51,100,0,24.89,101.44,58.00,785.00,null,null,null
2023-08-29T01:50:28Z,25.77,58.49,100,0,24.27,101.44,60.00,795.00,null,null,null
2023-08-29T01:51:28Z,25.77,58.44,100,0,24.07,101.45,60.00,795.00,null,null,null
2023-08-29T01:52:28Z,25.77,58.52,100,0,24.03,101.44,60.00,795.00,null,null,null
2023-08-29T01:53:28Z,25.77,58.42,100,0,24.27,101.45,60.00,795.00,0,0,0
2023-08-29T01:54:28Z,25.76,58.33,100,0,24.54,101.45,58.00,785.00,null,null,null
2023-08-29T01:55:28Z,25.76,58.26,100,0,25.22,101.45,58.00,785.00,null,null,null
2023-08-29T01:56:28Z,25.77,58.29,100,0,29.68,101.45,58.00,785.00,null,null,null
2023-08-29T01:57:28Z,25.74,58.18,100,0,23.94,101.45,57.00,776.00,null,null,null
2023-08-29T01:58:28Z,25.74,58.37,100,0,31.16,101.45,69.00,853.00,0,0,0
2023-08-29T01:59:28Z,25.77,58.31,100,0,24.31,101.45,67.00,844.00,null,null,null
2023-08-29T02:00:28Z,25.76,58.38,100,0,25.41,101.44,57.00,776.00,null,null,null
2023-08-29T02:01:28Z,25.77,58.41,100,0,35.31,101.44,57.00,776.00,null,null,null
2023-08-29T02:02:28Z,25.76,58.37,100,0,24.39,101.45,57.00,776.00,null,null,null
2023-08-29T02:03:28Z,25.73,58.36,100,0,50.72,101.45,57.00,776.00,0,0,0
2023-08-29T02:04:28Z,25.76,58.47,100,0,24.93,101.45,67.00,844.00,null,null,null
2023-08-29T02:05:28Z,25.77,58.32,100,0,30.58,101.45,57.00,776.00,null,null,null
2023-08-29T02:06:28Z,25.74,58.37,100,0,34.13,101.45,57.00,776.00,null,null,null
2023-08-29T02:07:28Z,25.74,58.24,100,0,32.40,101.44,67.00,844.00,null,null,null
2023-08-29T02:08:28Z,25.74,58.14,100,0,24.50,101.44,67.00,840.00,0,0,0
2023-08-29T02:09:28Z,25.73,58.28,100,0,27.10,101.44,65.00,832.00,null,null,null
2023-08-29T02:10:28Z,25.74,58.74,100,0,28.36,101.45,67.00,844.00,null,null,null
2023-08-29T02:11:28Z,25.73,58.58,100,0,29.70,101.44,67.00,844.00,null,null,null
2023-08-29T02:12:28Z,25.74,58.97,100,0,26.50,101.44,70.00,865.00,null,null,null
2023-08-29T02:13:28Z,25.72,58.67,100,0,47.11,101.44,71.00,868.00,0,0,0
2023-08-29T02:14:28Z,25.74,58.77,100,0,24.35,101.44,72.00,874.00,null,null,null
2023-08-29T02:15:28Z,25.74,58.65,100,0,23.10,101.44,72.00,874.00,null,null,null
2023-08-29T02:16:28Z,25.73,58.49,100,0,25.79,101.44,72.00,874.00,null,null,null
2023-08-29T02:17:28Z,25.72,58.38,100,0,24.79,101.44,70.00,865.00,null,null,null
2023-08-29T02:18:28Z,25.74,58.42,100,0,31.27,101.44,70.00,865.00,0,0,0
2023-08-29T02:19:28Z,25.73,58.30,100,0,23.63,101.44,67.00,844.00,null,null,null
2023-08-29T02:20:28Z,25.73,58.32,100,0,23.25,101.44,67.00,844.00,null,null,null
2023-08-29T02:21:28Z,25.74,58.31,100,0,26.62,101.44,67.00,844.00,null,null,null
2023-08-29T02:22:28Z,25.72,58.24,100,0,26.78,101.44,65.00,832.00,null,null,null
2023-08-29T02:23:28Z,25.73,58.25,100,0,25.03,101.44,65.00,832.00,0,0,0
2023-08-29T02:24:28Z,25.72,58.16,100,0,22.89,101.44,64.00,821.00,null,null,null
2023-08-29T02:25:28Z,25.70,58.16,100,0,25.44,101.44,64.00,821.00,null,null,null
2023-08-29T02:26:28Z,25.74,58.21,100,0,27.64,101.44,64.00,821.00,null,null,null
2023-08-29T02:27:28Z,25.72,58.24,100,0,24.79,101.44,64.00,821.00,null,null,null
2023-08-29T02:28:28Z,25.72,58.13,100,0,23.90,101.43,62.00,813.00,0,0,0
2023-08-29T02:29:28Z,25.72,58.14,100,0,57.50,101.44,62.00,813.00,null,null,null
2023-08-29T02:30:28Z,25.73,58.09,100,0,21.41,101.44,61.00,802.00,null,null,null
2023-08-29T02:31:28Z,25.72,58.13,100,0,25.84,101.43,62.00,813.00,null,null,null
2023-08-29T02:32:28Z,25.70,58.11,100,0,25.84,101.43,62.00,813.00,null,null,null
2023-08-29T02:33:28Z,25.69,58.20,100,0,31.70,101.43,62.00,813.00,0,0,0
2023-08-29T02:34:28Z,25.73,58.19,100,0,24.68,101.43,64.00,821.00,null,null,null
2023-08-29T02:35:28Z,25.70,58.11,100,0,26.55,101.43,64.00,821.00,null,null,null
2023-08-29T02:36:28Z,25.70,58.04,100,0,50.96,101.43,62.00,813.00,null,null,null
2023-08-29T02:37:28Z,25.70,58.13,100,0,25.03,101.43,62.00,813.00,null,null,null
2023-08-29T02:38:28Z,25.70,58.17,100,0,25.22,101.43,61.00,802.00,0,0,0
2023-08-29T02:39:28Z,25.69,58.07,100,0,48.91,101.44,61.00,802.00,null,null,null
2023-08-29T02:40:28Z,25.70,58.03,100,0,25.35,101.44,61.00,802.00,null,null,null
2023-08-29T02:41:28Z,25.69,58.03,100,0,29.26,101.44,61.00,802.00,null,null,null
2023-08-29T02:42:28Z,25.70,58.11,100,0,42.05,101.43,61.00,802.00,null,null,null
2023-08-29T02:43:28Z,25.70,58.02,100,0,53.67,101.43,61.00,802.00,0,0,0
2023-08-29T02:44:28Z,25.67,58.08,100,0,38.53,101.43,59.00,793.00,null,null,null
2023-08-29T02:45:28Z,25.69,58.09,100,0,28.23,101.43,61.00,802.00,null,null,null
2023-08-29T02:46:28Z,25.69,58.11,100,0,54.79,101.43,61.00,802.00,null,null,null
2023-08-29T02:47:28Z,25.67,58.05,100,0,45.66,101.43,61.00,802.00,null,null,null
2023-08-29T02:48:28Z,25.66,57.99,100,0,28.09,101.43,61.00,802.00,0,0,0
2023-08-29T02:49:28Z,25.69,58.00,100,0,27.80,101.43,59.00,793.00,null,null,null
2023-08-29T02:50:28Z,25.67,58.00,100,0,51.06,101.43,59.00,793.00,null,null,null
2023-08-29T02:51:28Z,25.69,57.98,100,0,49.00,101.43,58.00,783.00,null,null,null
2023-08-29T02:52:28Z,25.67,57.93,100,0,54.10,101.43,59.00,793.00,null,null,null
2023-08-29T02:53:28Z,25.64,58.04,100,0,52.61,101.43,58.00,783.00,0,0,0
2023-08-29T02:54:28Z,25.66,57.99,100,0,46.92,101.43,56.00,770.00,null,null,null
2023-08-29T02:55:28Z,25.70,58.03,100,0,27.32,101.43,58.00,783.00,null,null,null
2023-08-29T02:56:28Z,25.66,58.01,100,0,54.27,101.43,58.00,783.00,null,null,null
2023-08-29T02:57:28Z,25.67,58.00,100,0,25.29,101.43,58.00,783.00,null,null,null
2023-08-29T02:58:28Z,25.66,58.04,100,0,26.41,101.43,58.00,783.00,0,0,0
2023-08-29T02:59:28Z,25.64,58.05,100,0,23.86,101.43,56.00,770.00,null,null,null
