TIME,TEMP,HUM,BATT,LIGHT,NOISE_A,PRESS,CCS811_VOCS,CCS811_ECO2,PM_1,PM_25,PM_10
ISO 8601,C,%,%,Lux,dBA,kPa,ppb,ppm,ug/m3,ug/m3,ug/m3
Time,Temperature,Humidity,Battery,Light,Noise dBA,Barometric pressure,VOC Gas CCS811,eCO2 Gas CCS811,PM 1.0,PM 2.5,PM 10.0
,55,56,10,14,53,58,113,112,89,87,88
2023-09-12T00:00:02Z,29.04,62.01,100,0,39.22,101.39,22.00,545.00,0,0,0
2023-09-12T00:01:02Z,29.06,61.92,100,0,46.75,101.39,21.00,542.00,null,null,null
2023-09-12T00:02:02Z,29.07,61.78,100,0,40.36,101.39,22.00,545.00,null,null,null
2023-09-12T00:03:02Z,29.06,61.89,100,0,38.69,101.39,22.00,545.00,null,null,null
2023-09-12T00:04:02Z,29.07,61.91,100,0,37.47,101.39,23.00,551.00,null,null,null
2023-09-12T00:05:02Z,29.06,61.95,100,0,49.07,101.39,23.00,556.00,0,0,0
2023-09-12T00:06:02Z,29.07,61.90,100,0,34.89,101.39,23.00,551.00,null,null,null
2023-09-12T00:07:02Z,29.09,62.00,100,0,32.01,101.39,24.00,564.00,null,null,null
2023-09-12T00:08:02Z,29.09,61.80,100,0,32.00,101.39,23.00,556.00,null,null,null
2023-09-12T00:09:02Z,29.09,61.86,100,0,32.36,101.38,24.00,564.00,null,null,null
2023-09-12T00:10:02Z,29.07,62.00,100,0,42.45,101.39,25.00,569.00,0,0,0
2023-09-12T00:11:02Z,29.06,61.98,100,0,36.35,101.39,24.00,564.00,null,null,null
2023-09-12T00:12:02Z,29.10,61.88,100,0,52.37,101.39,24.00,564.00,null,null,null
2023-09-12T00:13:02Z,29.09,61.89,100,0,31.41,101.39,25.00,569.00,null,null,null
2023-09-12T00:14:02Z,29.10,61.85,100,0,36.01,101.39,25.00,569.00,null,null,null
2023-09-12T00:15:02Z,29.09,61.85,100,0,36.32,101.39,25.00,569.00,0,0,0
2023-09-12T00:16:02Z,29.09,61.94,100,0,35.98,101.39,25.00,569.00,null,null,null
2023-09-12T00:17:02Z,29.10,61.79,100,0,35.85,101.38,27.00,581.00,null,null,null
2023-09-12T00:18:02Z,29.11,61.88,100,0,34.14,101.38,26.00,575.00,null,null,null
2023-09-12T00:19:02Z,29.10,61.80,100,0,31.36,101.39,26.00,575.00,null,null,null
2023-09-12T00:20:02Z,29.10,61.89,100,0,32.24,101.38,26.00,575.00,0,0,0
2023-09-12T00:21:02Z,29.10,61.75,100,0,54.42,101.38,26.00,575.00,null,null,null
2023-09-12T00:22:02Z,29.10,61.82,100,0,35.79,101.38,27.00,581.00,null,null,null
2023-09-12T00:23:02Z,29.10,61.72,100,0,35.68,101.38,27.00,581.00,null,null,null
2023-09-12T00:24:02Z,29.09,61.67,100,0,41.62,101.38,28.00,588.00,null,null,null
2023-09-12T00:25:02Z,29.09,61.78,100,0,32.74,101.38,28.00,588.00,0,0,0
2023-09-12T00:26:02Z,29.10,61.61,100,0,38.03,101.38,27.00,581.00,null,null,null
2023-09-12T00:27:02Z,29.11,61.67,100,0,32.33,101.38,28.00,588.00,null,null,null
2023-09-12T00:28:02Z,29.10,61.78,100,0,36.99,101.38,28.00,588.00,null,null,null
2023-09-12T00:29:02Z,29.10,61.74,100,0,36.12,101.38,27.00,581.00,null,null,null
2023-09-12T00:30:02Z,29.10,61.73,100,0,42.57,101.38,28.00,588.00,0,0,0
2023-09-12T00:31:02Z,29.10,61.72,100,0,37.59,101.38,29.00,592.00,null,null,null
2023-09-12T00:32:02Z,29.11,61.66,100,0,35.13,101.38,28.00,588.00,null,null,null
2023-09-12T00:33:02Z,29.10,61.51,100,0,42.97,101.38,28.00,588.00,null,null,null
2023-09-12T00:34:02Z,29.10,61.67,100,0,34.18,101.38,28.00,588.00,null,null,null
2023-09-12T00:35:02Z,29.10,61.67,100,0,37.79,101.39,29.00,592.00,0,0,0
2023-09-12T00:36:02Z,29.13,61.69,100,0,36.10,101.39,28.00,588.00,null,null,null
2023-09-12T00:37:02Z,29.13,61.58,100,0,40.96,101.39,29.00,592.00,null,null,null
2023-09-12T00:38:02Z,29.14,61.58,100,0,35.42,101.39,28.00,588.00,null,null,null
2023-09-12T00:39:02Z,29.14,61.54,100,0,34.11,101.39,29.00,592.00,null,null,null
2023-09-12T00:40:02Z,29.13,61.64,100,0,34.70,101.39,28.00,588.00,0,0,0
2023-09-12T00:41:02Z,29.11,61.70,100,0,36.94,101.39,29.00,592.00,null,null,null
2023-09-12T00:42:02Z,29.14,61.56,100,0,38.34,101.38,28.00,588.00,null,null,null
2023-09-12T00:43:02Z,29.11,61.57,100,0,31.50,101.38,29.00,592.00,null,null,null
2023-09-12T00:44:02Z,29.11,61.54,100,0,46.74,101.38,28.00,588.00,null,null,null
2023-09-12T00:45:02Z,29.11,61.62,100,0,31.22,101.38,29.00,592.00,0,0,0
2023-09-12T00:46:02Z,29.14,61.69,100,0,45.60,101.38,29.00,592.00,null,null,null
2023-09-12T00:47:02Z,29.11,61.70,100,0,50.00,101.38,29.00,592.00,null,null,null
2023-09-12T00:48:02Z,29.13,61.59,100,0,37.74,101.38,29.00,592.00,null,null,null
2023-09-12T00:49:02Z,29.13,61.57,100,0,36.40,101.38,28.00,588.00,null,null,null
2023-09-12T00:50:02Z,29.13,61.53,100,0,31.24,101.38,29.00,592.00,0,0,0
2023-09-12T00:51:02Z,29.13,61.61,100,0,43.19,101.38,29.00,592.00,null,null,null
2023-09-12T00:52:02Z,29.14,61.62,100,0,37.49,101.38,29.00,592.00,null,null,null
2023-09-12T00:53:02Z,29.13,61.57,100,0,33.23,101.38,29.00,592.00,null,null,null
2023-09-12T00:54:02Z,29.13,61.59,100,0,37.15,101.38,29.00,592.00,null,null,null
2023-09-12T00:55:02Z,29.14,61.57,100,0,37.58,101.38,29.00,592.00,0,0,0
2023-09-12T00:56:02Z,29.13,61.56,100,0,32.30,101.37,29.00,592.00,null,null,null
2023-09-12T00:57:02Z,29.14,61.46,100,0,33.44,101.37,29.00,592.00,null,null,null
2023-09-12T00:58:02Z,29.14,61.52,100,0,34.94,101.37,29.00,592.00,null,null,null
2023-09-12T00:59:02Z,29.14,61.53,100,0,35.95,101.37,29.00,592.00,null,null,null
2023-09-12T01:00:02Z,29.13,61.54,100,0,37.01,101.37,29.00,592.00,0,0,0
2023-09-12T01:01:02Z,29.14,61.49,100,0,35.50,101.36,28.00,588.00,null,null,null
2023-09-12T01:02:02Z,29.16,61.37,100,0,44.22,101.37,29.00,592.00,null,null,null
2023-09-12T01:03:02Z,29.16,61.44,100,0,34.98,101.37,29.00,592.00,null,null,null
2023-09-12T01:04:02Z,29.13,61.46,100,0,35.11,101.36,29.00,592.00,null,null,null
2023-09-12T01:05:02Z,29.14,61.44,100,0,35.91,101.36,29.00,592.00,0,0,0
2023-09-12T01:06:02Z,29.14,61.42,100,0,31.77,101.36,27.00,580.00,null,null,null
2023-09-12T01:07:02Z,29.16,61.36,100,0,33.36,101.36,28.00,588.00,null,null,null
2023-09-12T01:08:02Z,29.14,61.36,100,0,33.29,101.36,29.00,592.00,null,null,null
2023-09-12T01:09:02Z,29.14,61.49,100,0,33.13,101.36,29.00,592.00,null,null,null
2023-09-12T01:10:02Z,29.16,61.47,100,0,34.15,101.36,29.00,592.00,0,0,0
2023-09-12T01:11:02Z,29.16,61.47,100,0,38.37,101.36,28.00,588.00,null,null,null
2023-09-12T01:12:02Z,29.14,61.44,100,0,35.95,101.36,29.00,592.00,null,null,null
2023-09-12T01:13:02Z,29.16,61.41,100,0,35.28,101.36,27.00,580.00,null,null,null
2023-09-12T01:14:02Z,29.17,61.55,100,0,33.71,101.35,28.00,588.00,null,null,null
2023-09-12T01:15:02Z,29.14,61.49,100,0,37.33,101.35,28.00,588.00,0,0,0
2023-09-12T01:16:02Z,29.16,61.39,100,0,35.89,101.35,28.00,588.00,null,null,null
2023-09-12T01:17:02Z,29.17,61.39,100,0,53.12,101.35,28.00,588.00,null,null,null
2023-09-12T01:18:02Z,29.18,61.38,100,0,36.69,101.36,29.00,592.00,null,null,null
2023-09-12T01:19:02Z,29.16,61.40,100,0,33.42,101.36,28.00,588.00,null,null,null
2023-09-12T01:20:02Z,29.17,61.48,100,0,36.62,101.36,28.00,588.00,0,0,0
2023-09-12T01:21:02Z,29.17,61.45,100,0,33.16,101.36,29.00,592.00,null,null,null
2023-09-12T01:22:02Z,29.17,61.36,100,0,39.56,101.36,28.00,588.00,null,null,null
2023-09-12T01:23:02Z,29.16,61.35,100,0,42.41,101.36,28.00,588.00,null,null,null
2023-09-12T01:24:02Z,29.16,61.30,100,0,36.64,101.36,28.00,588.00,null,null,null
2023-09-12T01:25:02Z,29.17,61.37,100,0,36.53,101.36,28.00,588.00,0,0,0
2023-09-12T01:26:02Z,29.17,61.34,100,0,30.90,101.36,29.00,592.00,null,null,null
2023-09-12T01:27:02Z,29.18,61.27,100,0,34.31,101.35,28.00,588.00,null,null,null
2023-09-12T01:28:02Z,29.16,61.25,100,0,52.65,101.35,28.00,588.00,null,null,null
2023-09-12T01:29:02Z,29.16,61.40,100,0,37.33,101.35,28.00,588.00,null,null,null
2023-09-12T01:30:02Z,29.17,61.38,100,0,41.13,101.36,28.00,588.00,0,0,0
2023-09-12T01:31:02Z,29.17,61.34,100,0,37.02,101.35,29.00,592.00,null,null,null
2023-09-12T01:32:02Z,29.17,61.36,100,0,33.56,101.35,29.00,592.00,null,null,null
2023-09-12T01:33:02Z,29.17,61.27,100,0,42.83,101.35,29.00,592.00,null,null,null
2023-09-12T01:34:02Z,29.16,61.43,100,0,32.65,101.35,29.00,592.00,null,null,null
2023-09-12T01:35:02Z,29.17,61.44,100,0,32.60,101.35,29.00,592.00,0,0,0
2023-09-12T01:36:02Z,29.17,61.45,100,0,36.91,101.35,29.00,592.00,null,null,null
2023-09-12T01:37:02Z,29.18,61.43,100,0,36.28,101.35,29.00,592.00,null,null,null
2023-09-12T01:38:02Z,29.16,61.30,100,0,31.35,101.35,29.00,592.00,null,null,null
2023-09-12T01:39:02Z,29.17,61.35,100,0,33.71,101.35,29.00,592.00,null,null,null
2023-09-12T01:40:02Z,29.17,61.43,100,0,36.25,101.36,29.00,592.00,0,0,0
2023-09-12T01:41:02Z,29.18,61.46,100,0,43.13,101.35,30.00,599.00,null,null,null
2023-09-12T01:42:02Z,29.17,61.45,100,0,45.87,101.36,30.00,599.00,null,null,null
2023-09-12T01:43:02Z,29.20,61.44,100,0,31.84,101.36,29.00,592.00,null,null,null
2023-09-12T01:44:02Z,29.18,61.40,100,0,32.05,101.35,29.00,592.00,null,null,null
2023-09-12T01:45:02Z,29.16,61.44,100,0,31.70,101.35,29.00,592.00,0,0,0
2023-09-12T01:46:02Z,29.18,61.42,100,0,34.45,101.35,30.00,599.00,null,null,null
2023-09-12T01:47:02Z,29.20,61.47,100,0,43.90,101.35,30.00,599.00,null,null,null
2023-09-12T01:48:02Z,29.17,61.50,100,0,35.37,101.35,30.00,599.00,null,null,null
2023-09-12T01:49:02Z,29.14,61.55,100,0,44.42,101.35,29.00,592.00,null,null,null
2023-09-12T01:50:02Z,29.17,61.50,100,0,35.00,101.35,29.00,592.00,0,0,0
2023-09-12T01:51:02Z,29.16,61.46,100,0,41.94,101.35,29.00,592.00,null,null,null
2023-09-12T01:52:02Z,29.20,61.49,100,0,50.00,101.35,29.00,592.00,null,null,null
2023-09-12T01:53:02Z,29.18,61.50,100,0,40.72,101.35,29.00,592.00,null,null,null
2023-09-12T01:54:02Z,29.16,61.55,100,0,36.00,101.36,30.00,599.00,null,null,null
2023-09-12T01:55:02Z,29.16,61.56,100,0,49.62,101.35,30.00,599.00,0,0,0
2023-09-12T01:56:02Z,29.16,61.60,100,0,37.23,101.36,30.00,599.00,null,null,null
2023-09-12T01:57:02Z,29.18,61.72,100,0,43.99,101.36,30.00,599.00,null,null,null
2023-09-12T01:58:02Z,29.17,61.56,100,0,32.75,101.36,30.00,599.00,null,null,null
2023-09-12T01:59:02Z,29.17,61.56,100,0,39.94,101.35,30.00,599.00,null,null,null
2023-09-12T02:00:02Z,29.18,61.58,100,0,36.18,101.35,30.00,599.00,0,0,0
2023-09-12T02:01:02Z,29.17,61.56,100,0,34.44,101.35,29.00,592.00,null,null,null
2023-09-12T02:02:02Z,29.17,61.62,100,0,33.79,101.36,30.00,599.00,null,null,null
2023-09-12T02:03:02Z,29.16,61.50,100,0,35.17,101.36,30.00,599.00,null,null,null
2023-09-12T02:04:02Z,29.20,61.57,100,0,34.17,101.36,30.00,599.00,null,null,null
2023-09-12T02:05:02Z,29.16,61.69,100,0,34.09,101.36,30.00,599.00,0,0,0
2023-09-12T02:06:02Z,29.17,61.57,100,0,35.41,101.37,29.00,592.00,null,null,null
2023-09-12T02:07:02Z,29.17,61.54,100,0,34.31,101.37,30.00,599.00,null,null,null
2023-09-12T02:08:02Z,29.17,61.53,100,0,48.90,101.37,30.00,599.00,null,null,null
2023-09-12T02:09:02Z,29.17,61.46,100,0,51.66,101.36,30.00,602.00,null,null,null
2023-09-12T02:10:02Z,29.16,61.53,100,0,32.82,101.36,30.00,602.00,0,0,0
2023-09-12T02:11:02Z,29.18,61.60,100,0,32.75,101.36,29.00,592.00,null,null,null
2023-09-12T02:12:02Z,29.17,61.59,100,0,36.26,101.36,30.00,599.00,null,null,null
2023-09-12T02:13:02Z,29.17,61.48,100,0,38.77,101.36,30.00,599.00,null,null,null
2023-09-12T02:14:02Z,29.18,61.47,100,0,35.46,101.36,29.00,592.00,null,null,null
2023-09-12T02:15:02Z,29.18,61.46,100,0,34.39,101.36,29.00,592.00,0,0,0
2023-09-12T02:16:02Z,29.16,61.42,100,0,31.88,101.35,29.00,592.00,null,null,null
2023-09-12T02:17:02Z,29.16,61.46,100,0,34.06,101.36,29.00,592.00,null,null,null
2023-09-12T02:18:02Z,29.16,61.44,100,0,33.27,101.36,30.00,599.00,null,null,null
2023-09-12T02:19:02Z,29.16,61.43,100,0,34.48,101.36,30.00,599.00,null,null,null
2023-09-12T02:20:02Z,29.16,61.37,100,0,31.45,101.36,30.00,599.00,0,0,0
2023-09-12T02:21:02Z,29.16,61.51,100,0,34.94,101.36,30.00,599.00,null,null,null
2023-09-12T02:22:02Z,29.17,61.51,100,0,34.43,101.36,29.00,592.00,null,null,null
2023-09-12T02:23:02Z,29.20,61.50,100,0,36.09,101.37,30.00,599.00,null,null,null
2023-09-12T02:24:02Z,29.16,61.50,100,0,44.98,101.36,30.00,599.00,null,null,null
2023-09-12T02:25:02Z,29.17,61.47,100,0,33.80,101.36,30.00,599.00,0,0,0
2023-09-12T02:26:02Z,29.16,61.40,100,0,36.36,101.37,30.00,599.00,null,null,null
2023-09-12T02:27:02Z,29.18,61.36,100,0,31.06,101.37,30.00,599.00,null,null,null
2023-09-12T02:28:02Z,29.16,61.44,100,0,33.03,101.37,30.00,599.00,null,null,null
2023-09-12T02:29:02Z,29.17,61.44,100,0,36.75,101.37,30.00,599.00,null,null,null
2023-09-12T02:30:02Z,29.17,61.51,100,0,29.42,101.37,30.00,599.00,0,0,0
2023-09-12T02:31:02Z,29.18,61.38,100,0,30.79,101.37,29.00,592.00,null,null,null
2023-09-12T02:32:02Z,29.18,61.42,100,0,33.03,101.37,30.00,599.00,null,null,null
2023-09-12T02:33:02Z,29.17,61.35,100,0,33.18,101.37,29.00,592.00,null,null,null
2023-09-12T02:34:02Z,29.17,61.42,100,0,30.20,101.37,29.00,592.00,null,null,null
2023-09-12T02:35:02Z,29.14,61.48,100,0,33.76,101.37,29.00,592.00,0,0,0
2023-09-12T02:36:02Z,29.17,61.40,100,0,40.49,101.37,29.00,592.00,null,null,null
2023-09-12T02:37:02Z,29.16,61.50,100,0,35.52,101.37,29.00,592.00,null,null,null
2023-09-12T02:38:02Z,29.17,61.45,100,0,31.31,101.37,29.00,592.00,null,null,null
2023-09-12T02:39:02Z,29.16,61.47,100,0,30.31,101.37,29.00,592.00,null,null,null
2023-09-12T02:40:02Z,29.14,61.37,100,0,35.37,101.37,29.00,592.00,0,0,0
2023-09-12T02:41:02Z,29.14,61.44,100,0,33.61,101.37,29.00,592.00,null,null,null
2023-09-12T02:42:02Z,29.17,61.44,100,0,36.54,101.37,29.00,592.00,null,null,null
2023-09-12T02:43:02Z,29.17,61.47,100,0,35.45,101.37,29.00,592.00,null,null,null
2023-09-12T02:44:02Z,29.18,61.55,100,0,33.74,101.37,29.00,592.00,null,null,null
2023-09-12T02:45:02Z,29.16,61.51,100,0,40.79,101.37,28.00,588.00,0,0,0
2023-09-12T02:46:02Z,29.17,61.58,100,0,32.46,101.37,29.00,592.00,null,null,null
2023-09-12T02:47:02Z,29.17,61.47,100,0,32.23,101.37,29.00,592.00,null,null,null
2023-09-12T02:48:02Z,29.18,61.51,100,0,36.08,101.37,29.00,592.00,null,null,null
2023-09-12T02:49:02Z,29.17,61.53,100,0,34.39,101.37,29.00,592.00,null,null,null
2023-09-12T02:50:02Z,29.14,61.53,100,0,40.76,101.37,29.00,592.00,0,0,0
2023-09-12T02:51:02Z,29.16,61.57,100,0,33.50,101.36,29.00,592.00,null,null,null
2023-09-12T02:52:02Z,29.17,61.44,100,0,35.41,101.37,29.00,592.00,null,null,null
2023-09-12T02:53:02Z,29.16,61.44,100,0,34.94,101.37,29.00,592.00,null,null,null
2023-09-12T02:54:02Z,29.14,61.48,100,0,35.96,101.37,29.00,592.00,null,null,null
2023-09-12T02:55:02Z,29.13,61.47,100,0,34.12,101.36,27.00,580.00,0,0,0
2023-09-12T02:56:02Z,29.16,61.43,100,0,37.51,101.36,27.00,580.00,null,null,null
2023-09-12T02:57:02Z,29.14,61.38,100,0,33.27,101.36,28.00,588.00,null,null,null
2023-09-12T02:58:02Z,29.14,61.32,100,0,35.80,101.36,28.00,588.00,null,null,null
2023-09-12T02:59:02Z,29.17,61.31,100,0,32.51,101.36,28.00,588.00,null,null,null
