TIME,TEMP,HUM,BATT,LIGHT,NOISE_A,PRESS,CCS811_VOCS,CCS811_ECO2,PM_1,PM_25,PM_10
ISO 8601,C,%,%,Lux,dBA,kPa,ppb,ppm,ug/m3,ug/m3,ug/m3
Time,Temperature,Humidity,Battery,Light,Noise dBA,Barometric pressure,VOC Gas CCS811,eCO2 Gas CCS811,PM 1.0,PM 2.5,PM 10.0
,55,56,10,14,53,58,113,112,89,87,88
2023-08-17T00:00:22Z,27.90,59.69,100,0,33.18,102.16,70.00,863.00,null,null,null
2023-08-17T00:01:22Z,27.91,59.90,100,0,36.12,102.15,70.00,863.00,null,null,null
2023-08-17T00:02:22Z,27.92,59.83,100,0,34.67,102.15,68.00,851.00,0,0,0
2023-08-17T00:03:22Z,27.91,59.88,100,0,51.35,102.15,68.00,851.00,null,null,null
2023-08-17T00:04:22Z,27.91,59.86,100,0,35.47,102.15,65.00,830.00,null,null,null
2023-08-17T00:05:22Z,27.91,59.87,100,0,32.90,102.15,65.00,830.00,null,null,null
2023-08-17T00:06:22Z,27.90,59.97,100,0,35.22,102.14,65.00,830.00,null,null,null
2023-08-17T00:07:22Z,27.90,59.90,100,0,35.73,102.14,64.00,821.00,0,0,0
2023-08-17T00:08:22Z,27.91,59.94,100,0,54.90,102.14,66.00,838.00,null,null,null
2023-08-17T00:09:22Z,27.92,59.91,100,0,43.39,102.14,65.00,830.00,null,null,null
2023-08-17T00:10:22Z,27.91,59.92,100,0,48.21,102.15,64.00,821.00,null,null,null
2023-08-17T00:11:22Z,27.91,59.87,100,0,39.36,102.15,66.00,838.00,null,null,null
2023-08-17T00:12:22Z,27.90,59.86,100,0,33.80,102.15,64.00,821.00,0,0,0
2023-08-17T00:13:22Z,27.91,59.95,100,0,39.68,102.15,62.00,813.00,null,null,null
2023-08-17T00:14:22Z,27.88,59.86,100,0,35.48,102.15,62.00,813.00,null,null,null
2023-08-17T00:15:22Z,27.91,59.83,100,0,52.79,102.15,62.00,813.00,null,null,null
2023-08-17T00:16:22Z,27.91,59.87,100,0,33.91,102.15,61.00,802.00,null,null,null
2023-08-17T00:17:22Z,27.91,59.93,100,0,34.74,102.16,61.00,802.00,0,0,0
2023-08-17T00:18:22Z,27.91,59.82,100,0,50.19,102.16,61.00,802.00,null,null,null
2023-08-17T00:19:22Z,27.90,59.90,100,0,34.10,102.16,61.00,802.00,null,null,null
2023-08-17T00:20:22Z,27.90,59.92,100,0,33.97,102.16,61.00,802.00,null,null,null
2023-08-17T00:21:22Z,27.91,59.91,100,0,31.67,102.16,61.00,802.00,null,null,null
2023-08-17T00:22:22Z,27.88,59.96,100,0,49.98,102.16,59.00,793.00,0,0,0
2023-08-17T00:23:22Z,27.87,60.04,100,0,35.28,102.16,61.00,802.00,null,null,null
2023-08-17T00:24:22Z,27.91,60.02,100,0,58.17,102.16,59.00,793.00,null,null,null
2023-08-17T00:25:22Z,27.91,59.97,100,0,35.52,102.16,61.00,802.00,null,null,null
2023-08-17T00:26:22Z,27.88,59.96,100,0,33.04,102.16,59.00,793.00,null,null,null
2023-08-17T00:27:22Z,27.90,60.11,100,0,39.49,102.16,61.00,802.00,0,0,0
2023-08-17T00:28:22Z,27.90,60.07,100,0,33.20,102.16,59.00,793.00,null,null,null
2023-08-17T00:29:22Z,27.90,59.99,100,0,41.24,102.16,59.00,793.00,null,null,null
2023-08-17T00:30:22Z,27.92,60.00,100,0,49.68,102.16,61.00,802.00,null,null,null
2023-08-17T00:31:22Z,27.88,60.14,100,0,41.24,102.16,61.00,802.00,null,null,null
2023-08-17T00:32:22Z,27.91,60.22,100,0,44.80,102.16,61.00,802.00,0,0,0
2023-08-17T00:33:22Z,27.88,60.17,100,0,34.40,102.16,61.00,802.00,null,null,null
2023-08-17T00:34:22Z,27.90,60.14,100,0,34.94,102.16,61.00,802.00,null,null,null
2023-08-17T00:35:22Z,27.88,60.14,100,0,33.57,102.16,59.00,793.00,null,null,null
2023-08-17T00:36:22Z,27.90,60.12,100,0,47.25,102.16,56.00,770.00,null,null,null
2023-08-17T00:37:22Z,27.88,60.22,100,0,33.09,102.16,56.00,770.00,0,0,0
2023-08-17T00:38:22Z,27.87,60.12,100,0,33.07,102.16,56.00,770.00,null,null,null
2023-08-17T00:39:22Z,27.90,60.09,100,0,33.22,102.16,56.00,770.00,null,null,null
2023-08-17T00:40:22Z,27.90,60.04,100,0,34.83,102.16,56.00,770.00,null,null,null
2023-08-17T00:41:22Z,27.88,60.09,100,0,39.68,102.17,54.00,761.00,null,null,null
2023-08-17T00:42:22Z,27.87,60.11,100,0,42.84,102.17,54.00,761.00,0,0,0
2023-08-17T00:43:22Z,27.90,60.02,100,0,40.63,102.16,54.00,761.00,null,null,null
2023-08-17T00:44:22Z,27.88,60.01,100,0,32.20,102.17,54.00,761.00,null,null,null
2023-08-17T00:45:22Z,27.88,60.09,100,0,35.39,102.16,54.00,761.00,null,null,null
2023-08-17T00:46:22Z,27.87,60.06,100,0,31.88,102.16,54.00,761.00,null,null,null
2023-08-17T00:47:22Z,27.87,60.02,100,0,36.79,102.16,54.00,761.00,0,0,0
2023-08-17T00:48:22Z,27.88,60.04,100,0,35.01,102.15,53.00,748.00,null,null,null
2023-08-17T00:49:22Z,27.90,60.00,100,0,35.86,102.16,56.00,770.00,null,null,null
2023-08-17T00:50:22Z,27.85,60.01,100,0,33.54,102.15,56.00,770.00,null,null,null
2023-08-17T00:51:22Z,27.90,60.12,100,0,36.71,102.16,54.00,761.00,null,null,null
2023-08-17T00:52:22Z,27.85,60.07,100,0,34.76,102.15,53.00,748.00,0,0,0
2023-08-17T00:53:22Z,27.84,59.97,100,0,52.96,102.16,54.00,761.00,null,null,null
2023-08-17T00:54:22Z,27.85,59.95,100,0,35.78,102.15,53.00,748.00,null,null,null
2023-08-17T00:55:22Z,27.88,59.97,100,0,36.34,102.16,54.00,761.00,null,null,null
2023-08-17T00:56:22Z,27.87,59.93,100,0,34.87,102.16,53.00,748.00,null,null,null
2023-08-17T00:57:22Z,27.84,60.00,100,0,32.27,102.15,54.00,761.00,0,0,0
2023-08-17T00:58:22Z,27.87,60.00,100,0,43.70,102.15,51.00,735.00,null,null,null
2023-08-17T00:59:22Z,27.85,59.88,100,0,34.81,102.16,53.00,748.00,null,null,null
2023-08-17T01:00:22Z,27.87,59.89,100,0,34.78,102.16,51.00,735.00,null,null,null
2023-08-17T01:01:22Z,27.85,59.96,100,0,34.65,102.16,53.00,748.00,null,null,null
2023-08-17T01:02:22Z,27.87,59.99,100,0,38.95,102.15,51.00,735.00,0,0,0
2023-08-17T01:03:22Z,27.87,59.97,100,0,32.90,102.15,53.00,748.00,null,null,null
2023-08-17T01:04:22Z,27.84,59.95,100,0,35.28,102.15,49.00,728.00,null,null,null
2023-08-17T01:05:22Z,27.82,60.02,100,0,34.06,102.15,51.00,735.00,null,null,null
2023-08-17T01:06:22Z,27.85,59.98,100,0,47.17,102.15,51.00,735.00,null,null,null
2023-08-17T01:07:22Z,27.84,59.91,100,0,51.09,102.15,53.00,748.00,0,0,0
2023-08-17T01:08:22Z,27.84,59.95,100,0,33.96,102.14,51.00,735.00,null,null,null
2023-08-17T01:09:22Z,27.84,59.88,100,0,34.79,102.15,53.00,748.00,null,null,null
2023-08-17T01:10:22Z,27.84,59.93,100,0,40.75,102.15,51.00,735.00,null,null,null
2023-08-17T01:11:22Z,27.85,59.89,100,0,36.23,102.15,53.00,748.00,null,null,null
2023-08-17T01:12:22Z,27.82,59.94,100,0,40.72,102.15,49.00,728.00,0,0,0
2023-08-17T01:13:22Z,27.87,59.90,100,0,37.08,102.15,49.00,728.00,null,null,null
2023-08-17T01:14:22Z,27.84,59.85,100,0,51.42,102.15,49.00,728.00,null,null,null
2023-08-17T01:15:22Z,27.85,59.94,100,0,43.66,102.15,49.00,728.00,null,null,null
2023-08-17T01:16:22Z,27.81,59.91,100,0,33.98,102.15,49.00,728.00,null,null,null
2023-08-17T01:17:22Z,27.82,59.99,100,0,41.94,102.14,49.00,728.00,0,0,0
2023-08-17T01:18:22Z,27.84,59.91,100,0,50.30,102.14,47.00,715.00,null,null,null
2023-08-17T01:19:22Z,27.85,59.93,100,0,33.87,102.15,46.00,708.00,null,null,null
2023-08-17T01:20:22Z,27.85,59.90,100,0,34.27,102.14,46.00,708.00,null,null,null
2023-08-17T01:21:22Z,27.81,59.94,100,0,47.93,102.14,46.00,708.00,null,null,null
2023-08-17T01:22:22Z,27.81,60.00,100,0,33.97,102.15,46.00,708.00,0,0,0
2023-08-17T01:23:22Z,27.82,60.00,100,0,36.75,102.15,46.00,708.00,null,null,null
2023-08-17T01:24:22Z,27.82,59.94,100,0,38.13,102.14,46.00,708.00,null,null,null
2023-08-17T01:25:22Z,27.84,59.96,100,0,35.97,102.14,46.00,708.00,null,null,null
2023-08-17T01:26:22Z,27.82,60.03,100,0,34.88,102.14,46.00,708.00,null,null,null
2023-08-17T01:27:22Z,27.82,60.03,100,0,33.43,102.14,46.00,708.00,0,0,0
2023-08-17T01:28:22Z,27.81,60.05,100,0,44.27,102.14,46.00,708.00,null,null,null
2023-08-17T01:29:22Z,27.84,60.04,100,0,33.91,102.15,45.00,700.00,null,null,null
2023-08-17T01:30:22Z,27.81,60.04,100,0,50.07,102.14,49.00,728.00,null,null,null
2023-08-17T01:31:22Z,27.82,59.98,100,0,49.75,102.14,45.00,700.00,null,null,null
2023-08-17T01:32:22Z,27.82,59.97,100,0,32.78,102.13,47.00,715.00,0,0,0
2023-08-17T01:33:22Z,27.81,59.93,100,0,35.49,102.14,45.00,700.00,null,null,null
2023-08-17T01:34:22Z,27.82,59.91,100,0,50.25,102.14,47.00,715.00,null,null,null
2023-08-17T01:35:22Z,27.82,59.92,100,0,35.54,102.14,44.00,692.00,null,null,null
2023-08-17T01:36:22Z,27.81,59.88,100,0,54.59,102.14,44.00,692.00,null,null,null
2023-08-17T01:37:22Z,27.80,59.94,100,0,51.50,102.14,44.00,692.00,0,0,0
2023-08-17T01:38:22Z,27.81,59.92,100,0,33.56,102.14,44.00,692.00,null,null,null
2023-08-17T01:39:22Z,27.84,59.88,100,0,42.00,102.13,44.00,692.00,null,null,null
2023-08-17T01:40:22Z,27.80,59.88,100,0,32.93,102.14,44.00,692.00,null,null,null
2023-08-17T01:41:22Z,27.80,59.95,100,0,35.55,102.13,43.00,683.00,null,null,null
2023-08-17T01:42:22Z,27.80,59.92,100,0,50.12,102.13,44.00,692.00,0,0,0
2023-08-17T01:43:22Z,27.82,59.92,100,0,33.16,102.13,43.00,683.00,null,null,null
2023-08-17T01:44:22Z,27.81,59.92,100,0,52.06,102.13,44.00,692.00,null,null,null
2023-08-17T01:45:22Z,27.81,59.91,100,0,33.76,102.12,43.00,683.00,null,null,null
2023-08-17T01:46:22Z,27.80,59.91,100,0,32.28,102.12,44.00,692.00,null,null,null
2023-08-17T01:47:22Z,27.77,59.99,100,0,34.48,102.12,43.00,683.00,0,0,0
2023-08-17T01:48:22Z,27.81,59.96,100,0,35.89,102.12,43.00,683.00,null,null,null
2023-08-17T01:49:22Z,27.81,60.00,100,0,43.05,102.12,43.00,683.00,null,null,null
2023-08-17T01:50:22Z,27.80,60.07,100,0,33.56,102.12,43.00,683.00,null,null,null
2023-08-17T01:51:22Z,27.81,60.03,100,0,33.34,102.12,44.00,692.00,null,null,null
2023-08-17T01:52:22Z,27.78,60.06,100,0,33.76,102.12,43.00,683.00,0,0,0
2023-08-17T01:53:22Z,27.80,60.08,100,0,48.77,102.11,43.00,683.00,null,null,null
2023-08-17T01:54:22Z,27.80,60.10,100,0,34.13,102.12,43.00,683.00,null,null,null
2023-08-17T01:55:22Z,27.81,60.09,100,0,34.87,102.12,44.00,692.00,null,null,null
2023-08-17T01:56:22Z,27.77,60.26,100,0,33.32,102.12,43.00,683.00,null,null,null
2023-08-17T01:57:22Z,27.78,60.33,100,0,33.47,102.12,42.00,678.00,0,0,0
2023-08-17T01:58:22Z,27.81,60.28,100,0,34.87,102.12,41.00,674.00,null,null,null
2023-08-17T01:59:22Z,27.78,60.35,100,0,30.56,102.12,42.00,678.00,null,null,null
2023-08-17T02:00:22Z,27.80,60.32,100,0,33.80,102.12,42.00,678.00,null,null,null
2023-08-17T02:01:22Z,27.78,60.33,100,0,34.11,102.12,42.00,678.00,null,null,null
2023-08-17T02:02:22Z,27.78,60.31,100,0,54.32,102.12,42.00,678.00,0,0,0
2023-08-17T02:03:22Z,27.80,60.28,100,0,33.42,102.12,41.00,674.00,null,null,null
2023-08-17T02:04:22Z,27.80,60.26,100,0,33.74,102.13,43.00,686.00,null,null,null
2023-08-17T02:05:22Z,27.80,60.28,100,0,51.76,102.13,43.00,686.00,null,null,null
2023-08-17T02:06:22Z,27.78,60.23,100,0,51.14,102.12,41.00,674.00,null,null,null
2023-08-17T02:07:22Z,27.77,60.27,100,0,33.84,102.13,40.00,668.00,0,0,0
2023-08-17T02:08:22Z,27.78,60.22,100,0,35.49,102.13,42.00,678.00,null,null,null
2023-08-17T02:09:22Z,27.75,60.22,100,0,40.65,102.13,42.00,679.00,null,null,null
2023-08-17T02:10:22Z,27.77,60.24,100,0,35.76,102.14,42.00,679.00,null,null,null
2023-08-17T02:11:22Z,27.77,60.34,100,0,33.45,102.13,42.00,679.00,null,null,null
2023-08-17T02:12:22Z,27.80,60.32,100,0,32.04,102.13,41.00,674.00,0,0,0
2023-08-17T02:13:22Z,27.77,60.32,100,0,54.53,102.13,41.00,674.00,null,null,null
2023-08-17T02:14:22Z,27.77,60.32,100,0,32.17,102.13,41.00,674.00,null,null,null
2023-08-17T02:15:22Z,27.80,60.32,100,0,41.92,102.13,41.00,674.00,null,null,null
2023-08-17T02:16:22Z,27.78,60.34,100,0,50.84,102.13,39.00,660.00,null,null,null
2023-08-17T02:17:22Z,27.75,60.40,100,0,33.90,102.13,42.00,678.00,0,0,0
2023-08-17T02:18:22Z,27.75,60.44,100,0,32.42,102.13,41.00,674.00,null,null,null
2023-08-17T02:19:22Z,27.77,60.42,100,0,31.85,102.13,41.00,674.00,null,null,null
2023-08-17T02:20:22Z,27.77,60.48,100,0,32.87,102.13,41.00,674.00,null,null,null
2023-08-17T02:21:22Z,27.77,60.50,100,0,35.24,102.14,41.00,674.00,null,null,null
2023-08-17T02:22:22Z,27.75,60.54,100,0,32.61,102.13,41.00,674.00,0,0,0
2023-08-17T02:23:22Z,27.77,60.65,100,0,42.41,102.14,41.00,674.00,null,null,null
2023-08-17T02:24:22Z,27.75,60.51,100,0,38.37,102.14,41.00,674.00,null,null,null
2023-08-17T02:25:22Z,27.78,60.58,100,0,32.50,102.14,41.00,674.00,null,null,null
2023-08-17T02:26:22Z,27.78,60.53,100,0,42.75,102.14,48.00,717.00,null,null,null
2023-08-17T02:27:22Z,27.77,60.38,100,0,32.10,102.14,50.00,730.00,0,0,0
2023-08-17T02:28:22Z,27.77,60.40,100,0,50.20,102.13,52.00,742.00,null,null,null
2023-08-17T02:29:22Z,27.77,60.36,100,0,34.61,102.13,50.00,730.00,null,null,null
2023-08-17T02:30:22Z,27.77,60.33,100,0,37.24,102.13,52.00,742.00,null,null,null
2023-08-17T02:31:22Z,27.74,60.38,100,0,33.14,102.13,50.00,730.00,null,null,null
2023-08-17T02:32:22Z,27.74,60.33,100,0,33.59,102.13,60.00,800.00,0,0,0
2023-08-17T02:33:22Z,27.75,60.35,100,0,36.20,102.13,60.00,800.00,null,null,null
2023-08-17T02:34:22Z,27.78,60.29,100,0,34.80,102.13,52.00,742.00,null,null,null
2023-08-17T02:35:22Z,27.75,60.36,100,0,33.40,102.13,48.00,717.00,null,null,null
2023-08-17T02:36:22Z,27.77,60.32,100,0,40.46,102.14,57.00,776.00,null,null,null
2023-08-17T02:37:22Z,27.75,60.36,100,0,42.57,102.13,63.00,815.00,0,0,0
2023-08-17T02:38:22Z,27.80,60.24,100,0,29.21,102.13,64.00,821.00,null,null,null
2023-08-17T02:39:22Z,27.78,59.99,100,0,29.62,102.14,64.00,821.00,null,null,null
2023-08-17T02:40:22Z,27.80,59.78,100,0,35.53,102.14,62.00,813.00,null,null,null
2023-08-17T02:41:22Z,27.81,59.80,100,0,27.02,102.14,58.00,783.00,null,null,null
2023-08-17T02:42:22Z,27.81,59.74,100,0,26.24,102.14,53.00,752.00,0,0,0
2023-08-17T02:43:22Z,27.81,59.77,100,0,30.01,102.14,57.00,778.00,null,null,null
2023-08-17T02:44:22Z,27.82,59.65,100,0,30.85,102.13,53.00,748.00,null,null,null
2023-08-17T02:45:22Z,27.81,59.64,100,0,29.07,102.13,56.00,770.00,null,null,null
2023-08-17T02:46:22Z,27.82,59.64,100,0,27.87,102.13,54.00,761.00,null,null,null
2023-08-17T02:47:22Z,27.81,59.68,100,0,26.36,102.13,52.00,744.00,0,0,0
2023-08-17T02:48:22Z,27.84,59.63,100,0,26.95,102.12,54.00,757.00,null,null,null
2023-08-17T02:49:22Z,27.81,59.55,100,0,31.15,102.12,54.00,757.00,null,null,null
2023-08-17T02:50:22Z,27.81,59.63,100,0,27.87,102.13,49.00,728.00,null,null,null
2023-08-17T02:51:22Z,27.81,59.68,100,0,29.26,102.13,52.00,744.00,null,null,null
2023-08-17T02:52:22Z,27.81,59.68,100,0,28.80,102.13,51.00,735.00,0,0,0
2023-08-17T02:53:22Z,27.82,59.67,100,0,29.37,102.12,51.00,735.00,null,null,null
2023-08-17T02:54:22Z,27.82,59.55,100,0,28.37,102.13,49.00,728.00,null,null,null
2023-08-17T02:55:22Z,27.81,59.60,100,0,25.67,102.12,51.00,735.00,null,null,null
2023-08-17T02:56:22Z,27.82,59.59,100,0,26.82,102.12,51.00,735.00,null,null,null
2023-08-17T02:57:22Z,27.80,59.55,100,0,26.14,102.12,49.00,728.00,0,0,0
2023-08-17T02:58:22Z,27.81,59.57,100,0,27.45,102.12,51.00,735.00,null,null,null
2023-08-17T02:59:22Z,27.81,59.56,100,0,27.30,102.12,47.00,715.00,null,null,null
