TIME,TEMP,HUM,BATT,LIGHT,NOISE_A,PRESS,CCS811_VOCS,CCS811_ECO2,PM_1,PM_25,PM_10
ISO 8601,C,%,%,Lux,dBA,kPa,ppb,ppm,ug/m3,ug/m3,ug/m3
Time,Temperature,Humidity,Battery,Light,Noise dBA,Barometric pressure,VOC Gas CCS811,eCO2 Gas CCS811,PM 1.0,PM 2.5,PM 10.0
,55,56,10,14,53,58,113,112,89,87,88
2023-08-21T00:00:04Z,27.74,61.62,100,0,44.46,102.44,36.00,641.00,0,0,0
2023-08-21T00:01:04Z,27.74,61.62,100,0,45.98,102.44,35.00,634.00,null,null,null
2023-08-21T00:02:04Z,27.74,61.55,100,0,36.14,102.44,36.00,641.00,null,null,null
2023-08-21T00:03:04Z,27.75,61.59,100,0,37.86,102.44,36.00,641.00,null,null,null
2023-08-21T00:04:04Z,27.75,61.54,100,0,37.71,102.44,28.00,589.00,null,null,null
2023-08-21T00:05:04Z,27.75,61.45,100,0,41.59,102.44,28.00,589.00,0,0,0
2023-08-21T00:06:04Z,27.75,61.47,100,0,43.43,102.44,26.00,575.00,null,null,null
2023-08-21T00:07:04Z,27.78,61.42,100,0,44.75,102.44,26.00,575.00,null,null,null
2023-08-21T00:08:04Z,27.75,61.44,100,0,38.29,102.44,26.00,575.00,null,null,null
2023-08-21T00:09:04Z,27.77,61.40,100,0,39.76,102.44,26.00,575.00,null,null,null
2023-08-21T00:10:04Z,27.74,61.49,100,0,48.37,102.44,25.00,569.00,0,0,0
2023-08-21T00:11:04Z,27.78,61.40,100,0,42.13,102.44,33.00,620.00,null,null,null
2023-08-21T00:12:04Z,27.75,61.31,100,0,45.90,102.44,26.00,575.00,null,null,null
2023-08-21T00:13:04Z,27.78,61.31,100,0,45.78,102.44,26.00,575.00,null,null,null
2023-08-21T00:14:04Z,27.75,61.27,100,0,48.45,102.44,26.00,575.00,null,null,null
2023-08-21T00:15:04Z,27.75,61.22,100,0,46.79,102.44,25.00,569.00,0,0,0
2023-08-21T00:16:04Z,27.77,61.16,100,0,44.78,102.44,26.00,575.00,null,null,null
2023-08-21T00:17:04Z,27.78,61.18,100,0,51.16,102.44,26.00,575.00,null,null,null
2023-08-21T00:18:04Z,27.77,61.15,100,0,37.42,102.44,25.00,569.00,null,null,null
2023-08-21T00:19:04Z,27.80,61.22,100,0,53.12,102.44,25.00,569.00,null,null,null
2023-08-21T00:20:04Z,27.77,61.52,100,0,43.10,102.44,25.00,569.00,0,0,0
2023-08-21T00:21:04Z,27.77,61.78,100,0,50.46,102.44,24.00,564.00,null,null,null
2023-08-21T00:22:04Z,27.80,61.89,100,0,41.04,102.43,23.00,556.00,null,null,null
2023-08-21T00:23:04Z,27.75,62.31,100,0,39.27,102.43,25.00,565.00,null,null,null
2023-08-21T00:24:04Z,27.75,62.30,100,0,38.91,102.43,24.00,560.00,null,null,null
2023-08-21T00:25:04Z,27.77,62.75,100,0,42.97,102.44,25.00,566.00,0,0,0
2023-08-21T00:26:04Z,27.81,62.63,100,0,47.02,102.44,26.00,572.00,null,null,null
2023-08-21T00:27:04Z,27.81,62.68,100,0,43.34,102.44,28.00,586.00,null,null,null
2023-08-21T00:28:04Z,27.82,62.44,100,0,42.15,102.43,29.00,592.00,null,null,null
2023-08-21T00:29:04Z,27.81,62.66,100,0,44.73,102.44,29.00,592.00,null,null,null
2023-08-21T00:30:04Z,27.87,62.40,100,0,39.25,102.44,30.00,599.00,0,0,0
2023-08-21T00:31:04Z,27.85,62.44,100,0,46.39,102.44,30.00,599.00,null,null,null
2023-08-21T00:32:04Z,27.87,62.31,100,0,43.51,102.44,31.00,605.00,null,null,null
2023-08-21T00:33:04Z,27.85,62.42,100,0,43.20,102.43,30.00,599.00,null,null,null
2023-08-21T00:34:04Z,27.85,62.45,100,0,45.31,102.43,31.00,605.00,null,null,null
2023-08-21T00:35:04Z,27.90,62.17,100,0,36.80,102.44,30.00,599.00,0,0,0
2023-08-21T00:36:04Z,27.90,62.15,100,0,42.18,102.44,32.00,612.00,null,null,null
2023-08-21T00:37:04Z,27.90,62.20,100,0,37.00,102.43,32.00,612.00,null,null,null
2023-08-21T00:38:04Z,27.92,62.08,100,0,40.26,102.43,30.00,603.00,null,null,null
2023-08-21T00:39:04Z,27.88,62.10,100,0,34.85,102.44,30.00,603.00,null,null,null
2023-08-21T00:40:04Z,27.88,62.06,100,0,45.28,102.43,32.00,612.00,0,0,0
2023-08-21T00:41:04Z,27.91,62.05,100,0,48.13,102.43,32.00,612.00,null,null,null
2023-08-21T00:42:04Z,27.91,62.19,100,0,38.33,102.43,32.00,612.00,null,null,null
2023-08-21T00:43:04Z,27.94,62.11,100,0,43.92,102.43,32.00,612.00,null,null,null
2023-08-21T00:44:04Z,27.91,62.23,100,0,44.90,102.43,33.00,618.00,null,null,null
2023-08-21T00:45:04Z,27.91,62.37,100,0,45.40,102.43,32.00,612.00,0,0,0
2023-08-21T00:46:04Z,27.94,62.18,100,0,46.71,102.43,31.00,605.00,null,null,null
2023-08-21T00:47:04Z,27.98,62.10,100,0,49.06,102.44,32.00,612.00,null,null,null
2023-08-21T00:48:04Z,27.95,61.88,100,0,40.24,102.44,32.00,612.00,null,null,null
2023-08-21T00:49:04Z,27.94,62.10,100,0,38.75,102.43,32.00,612.00,null,null,null
2023-08-21T00:50:04Z,27.94,62.00,100,0,42.31,102.44,33.00,618.00,0,0,0
2023-08-21T00:51:04Z,27.97,61.88,100,0,36.22,102.43,32.00,612.00,null,null,null
2023-08-21T00:52:04Z,27.98,61.95,100,0,47.68,102.43,32.00,612.00,null,null,null
2023-08-21T00:53:04Z,28.00,62.00,100,0,39.60,102.43,32.00,612.00,null,null,null
2023-08-21T00:54:04Z,27.97,62.00,100,0,44.70,102.43,32.00,612.00,null,null,null
2023-08-21T00:55:04Z,27.97,62.16,100,0,36.94,102.43,32.00,612.00,0,0,0
2023-08-21T00:56:04Z,28.00,61.99,100,0,44.89,102.43,32.00,612.00,null,null,null
2023-08-21T00:57:04Z,27.98,62.44,100,0,45.39,102.43,32.00,612.00,null,null,null
2023-08-21T00:58:04Z,28.00,62.58,100,0,39.22,102.43,32.00,614.00,null,null,null
2023-08-21T00:59:04Z,28.02,62.34,100,0,40.23,102.43,32.00,614.00,null,null,null
2023-08-21T01:00:04Z,28.00,61.84,100,0,44.63,102.43,32.00,614.00,0,0,0
2023-08-21T01:01:04Z,28.01,62.05,100,0,42.65,102.43,32.00,612.00,null,null,null
2023-08-21T01:02:04Z,28.01,61.96,100,0,48.85,102.43,32.00,612.00,null,null,null
2023-08-21T01:03:04Z,28.01,62.38,100,0,42.43,102.43,32.00,612.00,null,null,null
2023-08-21T01:04:04Z,28.02,62.61,100,0,42.92,102.43,31.00,605.00,null,null,null
2023-08-21T01:05:04Z,28.02,63.04,100,0,45.43,102.43,31.00,605.00,0,0,0
2023-08-21T01:06:04Z,28.01,62.93,100,0,44.35,102.43,33.00,620.00,null,null,null
2023-08-21T01:07:04Z,28.02,63.28,100,0,43.41,102.42,37.00,649.00,null,null,null
2023-08-21T01:08:04Z,28.01,63.23,100,0,39.60,102.43,39.00,656.00,null,null,null
2023-08-21T01:09:04Z,28.00,63.69,100,0,42.17,102.43,41.00,672.00,null,null,null
2023-08-21T01:10:04Z,28.00,63.41,100,0,39.28,102.43,41.00,672.00,0,0,0
2023-08-21T01:11:04Z,28.00,63.85,100,0,56.36,102.43,41.00,672.00,null,null,null
2023-08-21T01:12:04Z,28.01,63.84,100,0,48.87,102.43,41.00,674.00,null,null,null
2023-08-21T01:13:04Z,28.02,63.78,100,0,38.97,102.43,41.00,674.00,null,null,null
2023-08-21T01:14:04Z,28.01,63.81,100,0,38.56,102.43,41.00,674.00,null,null,null
2023-08-21T01:15:04Z,28.04,63.74,100,0,45.81,102.43,41.00,674.00,0,0,0
2023-08-21T01:16:04Z,28.05,63.74,100,0,51.11,102.43,41.00,672.00,null,null,null
2023-08-21T01:17:04Z,28.02,63.75,100,0,37.67,102.43,42.00,679.00,null,null,null
2023-08-21T01:18:04Z,28.04,63.65,100,0,41.98,102.43,40.00,666.00,null,null,null
2023-08-21T01:19:04Z,28.05,63.53,100,0,50.52,102.43,41.00,672.00,null,null,null
2023-08-21T01:20:04Z,28.04,63.43,100,0,39.68,102.43,40.00,665.00,0,0,0
2023-08-21T01:21:04Z,28.05,63.30,100,0,50.43,102.44,40.00,665.00,null,null,null
2023-08-21T01:22:04Z,28.08,63.16,100,0,42.06,102.44,39.00,656.00,null,null,null
2023-08-21T01:23:04Z,28.05,63.02,100,0,39.39,102.44,40.00,665.00,null,null,null
2023-08-21T01:24:04Z,28.07,63.00,100,0,41.06,102.44,39.00,656.00,null,null,null
2023-08-21T01:25:04Z,28.04,62.92,100,0,39.53,102.44,39.00,656.00,0,0,0
2023-08-21T01:26:04Z,28.05,62.94,100,0,39.36,102.44,37.00,649.00,null,null,null
2023-08-21T01:27:04Z,28.07,62.75,100,0,42.34,102.44,37.00,649.00,null,null,null
2023-08-21T01:28:04Z,28.05,62.78,100,0,37.77,102.44,36.00,641.00,null,null,null
2023-08-21T01:29:04Z,28.05,62.76,100,0,35.06,102.44,36.00,641.00,null,null,null
2023-08-21T01:30:04Z,28.04,62.67,100,0,34.81,102.44,36.00,641.00,0,0,0
2023-08-21T01:31:04Z,28.05,62.65,100,0,43.49,102.44,37.00,649.00,null,null,null
2023-08-21T01:32:04Z,28.07,62.61,100,0,44.31,102.44,35.00,634.00,null,null,null
2023-08-21T01:33:04Z,28.09,62.42,100,0,44.48,102.44,35.00,634.00,null,null,null
2023-08-21T01:34:04Z,28.07,62.50,100,0,38.10,102.44,35.00,634.00,null,null,null
2023-08-21T01:35:04Z,28.07,62.35,100,0,42.08,102.45,35.00,634.00,0,0,0
2023-08-21T01:36:04Z,28.07,62.46,100,0,33.86,102.44,35.00,634.00,null,null,null
2023-08-21T01:37:04Z,28.08,62.43,100,0,43.43,102.44,35.00,634.00,null,null,null
2023-08-21T01:38:04Z,28.09,62.33,100,0,35.64,102.44,35.00,634.00,null,null,null
2023-08-21T01:39:04Z,28.05,62.45,100,0,35.28,102.44,35.00,634.00,null,null,null
2023-08-21T01:40:04Z,28.07,62.38,100,0,35.00,102.44,35.00,634.00,0,0,0
2023-08-21T01:41:04Z,28.07,62.51,100,0,35.04,102.44,35.00,634.00,null,null,null
2023-08-21T01:42:04Z,28.08,62.45,100,0,33.78,102.44,35.00,634.00,null,null,null
2023-08-21T01:43:04Z,28.07,62.53,100,0,36.59,102.44,35.00,634.00,null,null,null
2023-08-21T01:44:04Z,28.08,62.74,100,0,35.26,102.44,36.00,641.00,null,null,null
2023-08-21T01:45:04Z,28.08,62.69,100,0,35.14,102.43,36.00,641.00,0,0,0
2023-08-21T01:46:04Z,28.07,62.68,100,0,35.94,102.44,36.00,641.00,null,null,null
2023-08-21T01:47:04Z,28.09,62.68,100,0,32.37,102.43,36.00,641.00,null,null,null
2023-08-21T01:48:04Z,28.08,62.62,100,0,32.16,102.44,37.00,649.00,null,null,null
2023-08-21T01:49:04Z,28.08,62.67,100,0,35.06,102.44,37.00,649.00,null,null,null
2023-08-21T01:50:04Z,28.04,62.75,100,0,36.47,102.44,37.00,649.00,0,0,0
2023-08-21T01:51:04Z,28.05,62.73,100,0,35.48,102.44,37.00,649.00,null,null,null
2023-08-21T01:52:04Z,28.07,62.80,100,0,33.28,102.44,39.00,656.00,null,null,null
2023-08-21T01:53:04Z,28.08,62.82,100,0,35.07,102.44,37.00,649.00,null,null,null
2023-08-21T01:54:04Z,28.09,62.81,100,0,40.88,102.44,39.00,656.00,null,null,null
2023-08-21T01:55:04Z,28.08,62.87,100,0,34.64,102.43,39.00,656.00,0,0,0
2023-08-21T01:56:04Z,28.11,62.67,100,0,45.31,102.44,40.00,665.00,null,null,null
2023-08-21T01:57:04Z,28.07,62.74,100,0,33.37,102.44,41.00,672.00,null,null,null
2023-08-21T01:58:04Z,28.11,62.72,100,0,32.77,102.44,41.00,672.00,null,null,null
2023-08-21T01:59:04Z,28.09,62.71,100,0,34.59,102.44,41.00,672.00,null,null,null
2023-08-21T02:00:04Z,28.07,62.80,100,0,33.85,102.43,41.00,672.00,0,0,0
2023-08-21T02:01:04Z,28.11,62.64,100,0,36.13,102.44,41.00,672.00,null,null,null
2023-08-21T02:02:04Z,28.09,62.68,100,0,35.80,102.44,42.00,679.00,null,null,null
2023-08-21T02:03:04Z,28.09,62.71,100,0,36.10,102.44,42.00,679.00,null,null,null
2023-08-21T02:04:04Z,28.09,62.65,100,0,37.56,102.44,42.00,679.00,null,null,null
2023-08-21T02:05:04Z,28.11,62.72,100,0,35.82,102.44,43.00,688.00,0,0,0
2023-08-21T02:06:04Z,28.09,62.75,100,0,35.80,102.44,43.00,688.00,null,null,null
2023-08-21T02:07:04Z,28.13,62.62,100,0,34.45,102.44,42.00,679.00,null,null,null
2023-08-21T02:08:04Z,28.08,62.81,100,0,34.44,102.44,43.00,688.00,null,null,null
2023-08-21T02:09:04Z,28.11,62.66,100,0,33.15,102.45,42.00,679.00,null,null,null
2023-08-21T02:10:04Z,28.11,62.81,100,0,31.32,102.44,43.00,688.00,0,0,0
2023-08-21T02:11:04Z,28.11,62.76,100,0,35.54,102.44,42.00,679.00,null,null,null
2023-08-21T02:12:04Z,28.11,62.73,100,0,33.26,102.45,43.00,688.00,null,null,null
2023-08-21T02:13:04Z,28.11,62.87,100,0,35.20,102.45,45.00,697.00,null,null,null
2023-08-21T02:14:04Z,28.09,62.83,100,0,35.69,102.45,43.00,688.00,null,null,null
2023-08-21T02:15:04Z,28.09,62.81,100,0,34.39,102.45,43.00,688.00,0,0,0
2023-08-21T02:16:04Z,28.11,62.96,100,0,34.14,102.45,43.00,688.00,null,null,null
2023-08-21T02:17:04Z,28.12,62.79,100,0,33.53,102.45,45.00,699.00,null,null,null
2023-08-21T02:18:04Z,28.09,62.91,100,0,32.83,102.45,45.00,699.00,null,null,null
2023-08-21T02:19:04Z,28.11,62.93,100,0,36.11,102.45,46.00,706.00,null,null,null
2023-08-21T02:20:04Z,28.08,62.93,100,0,35.85,102.45,46.00,706.00,0,0,0
2023-08-21T02:21:04Z,28.12,62.99,100,0,31.77,102.45,46.00,706.00,null,null,null
2023-08-21T02:22:04Z,28.12,62.91,100,0,36.24,102.45,47.00,714.00,null,null,null
2023-08-21T02:23:04Z,28.11,62.90,100,0,31.22,102.45,49.00,726.00,null,null,null
2023-08-21T02:24:04Z,28.11,62.98,100,0,34.48,102.45,49.00,726.00,null,null,null
2023-08-21T02:25:04Z,28.08,62.93,100,0,36.14,102.45,49.00,726.00,0,0,0
2023-08-21T02:26:04Z,28.11,62.95,100,0,33.72,102.45,47.00,714.00,null,null,null
2023-08-21T02:27:04Z,28.09,62.78,100,0,34.47,102.45,52.00,742.00,null,null,null
2023-08-21T02:28:04Z,28.09,62.90,100,0,35.21,102.45,53.00,749.00,null,null,null
2023-08-21T02:29:04Z,28.12,62.90,100,0,33.11,102.45,50.00,733.00,null,null,null
2023-08-21T02:30:04Z,28.09,62.85,100,0,34.21,102.45,52.00,742.00,0,0,0
2023-08-21T02:31:04Z,28.09,62.83,100,0,36.12,102.45,50.00,733.00,null,null,null
2023-08-21T02:32:04Z,28.11,62.81,100,0,35.38,102.45,50.00,733.00,null,null,null
2023-08-21T02:33:04Z,28.13,62.80,100,0,35.75,102.45,52.00,742.00,null,null,null
2023-08-21T02:34:04Z,28.09,62.76,100,0,33.04,102.45,53.00,749.00,null,null,null
2023-08-21T02:35:04Z,28.11,62.75,100,0,34.04,102.45,52.00,742.00,0,0,0
2023-08-21T02:36:04Z,28.13,62.70,100,0,33.83,102.45,52.00,742.00,null,null,null
2023-08-21T02:37:04Z,28.11,62.70,100,0,35.39,102.45,53.00,749.00,null,null,null
2023-08-21T02:38:04Z,28.09,62.74,100,0,40.90,102.45,53.00,749.00,null,null,null
2023-08-21T02:39:04Z,28.09,62.73,100,0,33.62,102.45,53.00,749.00,null,null,null
2023-08-21T02:40:04Z,28.07,62.79,100,0,31.18,102.45,53.00,749.00,0,0,0
2023-08-21T02:41:04Z,28.11,62.74,100,0,33.53,102.45,52.00,742.00,null,null,null
2023-08-21T02:42:04Z,28.09,62.74,100,0,35.76,102.45,53.00,749.00,null,null,null
2023-08-21T02:43:04Z,28.09,62.78,100,0,44.54,102.45,50.00,733.00,null,null,null
2023-08-21T02:44:04Z,28.09,62.75,100,0,34.84,102.45,50.00,733.00,null,null,null
2023-08-21T02:45:04Z,28.09,62.76,100,0,33.57,102.45,50.00,733.00,0,0,0
2023-08-21T02:46:04Z,28.08,62.79,100,0,44.89,102.46,50.00,733.00,null,null,null
2023-08-21T02:47:04Z,28.11,62.80,100,0,35.59,102.45,50.00,733.00,null,null,null
2023-08-21T02:48:04Z,28.12,62.79,100,0,31.99,102.46,50.00,733.00,null,null,null
2023-08-21T02:49:04Z,28.09,62.83,100,0,39.05,102.45,50.00,733.00,null,null,null
2023-08-21T02:50:04Z,28.08,62.85,100,0,35.80,102.46,50.00,733.00,0,0,0
2023-08-21T02:51:04Z,28.09,62.81,100,0,35.14,102.46,50.00,733.00,null,null,null
2023-08-21T02:52:04Z,28.12,62.85,100,0,33.68,102.46,50.00,733.00,null,null,null
2023-08-21T02:53:04Z,28.11,62.83,100,0,31.25,102.46,50.00,733.00,null,null,null
2023-08-21T02:54:04Z,28.09,62.85,100,0,36.21,102.46,50.00,733.00,null,null,null
2023-08-21T02:55:04Z,28.05,62.82,100,0,34.99,102.46,50.00,733.00,0,0,0
2023-08-21T02:56:04Z,28.07,62.87,100,0,32.12,102.46,50.00,733.00,null,null,null
2023-08-21T02:57:04Z,28.11,62.81,100,0,37.53,102.46,50.00,733.00,null,null,null
2023-08-21T02:58:04Z,28.08,62.79,100,0,53.25,102.46,50.00,733.00,null,null,null
2023-08-21T02:59:04Z,28.09,62.82,100,0,35.15,102.46,50.00,733.00,null,null,null
2023-08-21T03:00:04Z,28.07,62.85,100,0,35.22,102.46,50.00,733.00,0,0,0
2023-08-21T03:01:04Z,28.08,62.80,100,0,40.21,102.46,50.00,733.00,null,null,null
2023-08-21T03:02:04Z,28.08,62.79,100,0,41.16,102.46,50.00,733.00,null,null,null
2023-08-21T03:03:04Z,28.08,62.83,100,0,34.86,102.46,50.00,733.00,null,null,null
2023-08-21T03:04:04Z,28.09,62.77,100,0,35.21,102.46,50.00,733.00,null,null,null
2023-08-21T03:05:04Z,28.07,62.81,100,0,33.61,102.46,50.00,733.00,0,0,0
2023-08-21T03:06:04Z,28.08,62.75,100,0,30.46,102.46,50.00,733.00,null,null,null
2023-08-21T03:07:04Z,28.08,62.80,100,0,35.84,102.46,50.00,733.00,null,null,null
2023-08-21T03:08:04Z,28.07,62.77,100,0,35.28,102.46,50.00,733.00,null,null,null
2023-08-21T03:09:04Z,28.07,62.77,100,0,34.92,102.46,50.00,733.00,null,null,null
2023-08-21T03:10:04Z,28.05,62.77,100,0,33.34,102.46,50.00,733.00,0,0,0
2023-08-21T03:11:04Z,28.07,62.79,100,0,34.29,102.47,50.00,733.00,null,null,null
2023-08-21T03:12:04Z,28.08,62.75,100,0,33.84,102.46,50.00,733.00,null,null,null
2023-08-21T03:13:04Z,28.08,62.78,100,0,34.89,102.47,50.00,733.00,null,null,null
2023-08-21T03:14:04Z,28.07,62.75,100,0,33.67,102.47,50.00,733.00,null,null,null
2023-08-21T03:15:04Z,28.05,62.75,100,0,33.20,102.47,50.00,733.00,0,0,0
2023-08-21T03:16:04Z,28.07,62.73,100,0,36.00,102.47,50.00,733.00,null,null,null
2023-08-21T03:17:04Z,28.05,62.76,100,0,33.82,102.47,52.00,742.00,null,null,null
2023-08-21T03:18:04Z,28.07,62.73,100,0,34.02,102.47,50.00,733.00,null,null,null
2023-08-21T03:19:04Z,28.05,62.72,100,0,36.04,102.47,52.00,742.00,null,null,null
2023-08-21T03:20:04Z,28.05,62.73,100,0,36.62,102.47,50.00,733.00,0,0,0
2023-08-21T03:21:04Z,28.05,62.76,100,0,36.98,102.47,50.00,733.00,null,null,null
2023-08-21T03:22:04Z,28.07,62.79,100,0,30.33,102.47,50.00,733.00,null,null,null
2023-08-21T03:23:04Z,28.08,62.79,100,0,34.68,102.47,50.00,733.00,null,null,null
2023-08-21T03:24:04Z,28.08,62.79,100,0,35.95,102.47,50.00,733.00,null,null,null
2023-08-21T03:25:04Z,28.02,62.85,100,0,35.61,102.46,52.00,742.00,0,0,0
2023-08-21T03:26:04Z,28.05,62.89,100,0,32.70,102.46,49.00,726.00,null,null,null
2023-08-21T03:27:04Z,28.04,62.85,100,0,35.63,102.46,52.00,742.00,null,null,null
2023-08-21T03:28:04Z,28.07,62.91,100,0,34.66,102.46,52.00,742.00,null,null,null
2023-08-21T03:29:04Z,28.05,62.92,100,0,33.54,102.46,53.00,748.00,null,null,null
2023-08-21T03:30:04Z,28.01,62.96,100,0,35.02,102.46,52.00,742.00,0,0,0
2023-08-21T03:31:04Z,28.05,62.89,100,0,35.45,102.46,52.00,742.00,null,null,null
2023-08-21T03:32:04Z,28.07,62.87,100,0,36.27,102.47,53.00,748.00,null,null,null
2023-08-21T03:33:04Z,28.05,62.85,100,0,35.41,102.46,54.00,757.00,null,null,null
2023-08-21T03:34:04Z,28.04,62.88,100,0,35.63,102.46,54.00,757.00,null,null,null
2023-08-21T03:35:04Z,28.01,63.02,100,0,33.16,102.46,54.00,757.00,0,0,0
2023-08-21T03:36:04Z,28.02,63.02,100,0,34.38,102.46,54.00,757.00,null,null,null
2023-08-21T03:37:04Z,28.02,63.02,100,0,34.57,102.47,55.00,765.00,null,null,null
2023-08-21T03:38:04Z,28.04,62.99,100,0,36.14,102.47,55.00,765.00,null,null,null
2023-08-21T03:39:04Z,28.04,62.99,100,0,31.94,102.47,56.00,772.00,null,null,null
2023-08-21T03:40:04Z,28.02,63.02,100,0,33.22,102.47,59.00,791.00,0,0,0
2023-08-21T03:41:04Z,28.02,62.97,100,0,33.68,102.47,60.00,795.00,null,null,null
2023-08-21T03:42:04Z,28.01,63.04,100,0,34.42,102.47,62.00,808.00,null,null,null
2023-08-21T03:43:04Z,28.02,62.98,100,0,36.58,102.47,64.00,821.00,null,null,null
2023-08-21T03:44:04Z,28.02,63.03,100,0,34.69,102.47,65.00,830.00,null,null,null
2023-08-21T03:45:04Z,28.05,62.94,100,0,32.60,102.47,93.00,1017.00,0,0,0
2023-08-21T03:46:04Z,28.01,62.97,100,0,35.32,102.47,97.00,1041.00,null,null,null
2023-08-21T03:47:04Z,28.02,62.94,100,0,33.63,102.47,102.00,1071.00,null,null,null
2023-08-21T03:48:04Z,28.02,62.92,100,0,33.39,102.47,103.00,1077.00,null,null,null
2023-08-21T03:49:04Z,28.01,62.98,100,0,34.85,102.47,106.00,1102.00,null,null,null
2023-08-21T03:50:04Z,28.01,62.92,100,0,35.61,102.47,106.00,1102.00,0,0,0
2023-08-21T03:51:04Z,28.01,62.91,100,0,35.34,102.47,108.00,1113.00,null,null,null
2023-08-21T03:52:04Z,28.02,62.87,100,0,33.65,102.47,108.00,1113.00,null,null,null
2023-08-21T03:53:04Z,28.02,62.93,100,0,31.88,102.47,110.00,1128.00,null,null,null
2023-08-21T03:54:04Z,28.02,62.89,100,0,35.24,102.47,110.00,1128.00,null,null,null
2023-08-21T03:55:04Z,28.02,62.88,100,0,41.08,102.47,110.00,1128.00,0,0,0
2023-08-21T03:56:04Z,28.01,62.85,100,0,44.96,102.47,110.00,1128.00,null,null,null
2023-08-21T03:57:04Z,28.01,62.77,100,0,35.51,102.47,110.00,1128.00,null,null,null
2023-08-21T03:58:04Z,28.00,62.80,100,0,34.93,102.47,108.00,1113.00,null,null,null
2023-08-21T03:59:04Z,28.02,62.72,100,0,33.11,102.47,108.00,1113.00,null,null,null
2023-08-21T04:00:04Z,28.02,62.79,100,0,35.28,102.47,110.00,1128.00,0,0,0
2023-08-21T04:01:04Z,28.00,62.72,100,0,33.86,102.47,108.00,1113.00,null,null,null
2023-08-21T04:02:04Z,28.01,62.75,100,0,34.44,102.48,110.00,1128.00,null,null,null
2023-08-21T04:03:04Z,27.98,62.79,100,0,32.57,102.48,106.00,1102.00,null,null,null
2023-08-21T04:04:04Z,28.00,62.75,100,0,39.94,102.48,106.00,1102.00,null,null,null
2023-08-21T04:05:04Z,28.00,62.75,100,0,34.96,102.47,106.00,1102.00,0,0,0
2023-08-21T04:06:04Z,28.02,62.81,100,0,33.07,102.47,106.00,1102.00,null,null,null
2023-08-21T04:07:04Z,28.00,62.76,100,0,43.45,102.48,105.00,1090.00,null,null,null
2023-08-21T04:08:04Z,28.01,62.76,100,0,33.34,102.47,105.00,1090.00,null,null,null
2023-08-21T04:09:04Z,27.98,62.81,100,0,47.14,102.47,105.00,1090.00,null,null,null
2023-08-21T04:10:04Z,27.97,62.86,100,0,32.40,102.47,105.00,1090.00,0,0,0
2023-08-21T04:11:04Z,28.00,62.81,100,0,44.41,102.48,103.00,1077.00,null,null,null
2023-08-21T04:12:04Z,28.00,62.82,100,0,35.36,102.47,103.00,1077.00,null,null,null
2023-08-21T04:13:04Z,28.00,62.81,100,0,35.61,102.47,103.00,1077.00,null,null,null
2023-08-21T04:14:04Z,27.97,62.83,100,0,46.89,102.47,102.00,1071.00,null,null,null
2023-08-21T04:15:04Z,27.98,62.86,100,0,32.65,102.47,102.00,1071.00,0,0,0
2023-08-21T04:16:04Z,27.98,62.83,100,0,50.54,102.48,102.00,1071.00,null,null,null
2023-08-21T04:17:04Z,28.00,62.88,100,0,35.08,102.48,99.00,1053.00,null,null,null
2023-08-21T04:18:04Z,27.98,62.84,100,0,31.97,102.48,99.00,1053.00,null,null,null
2023-08-21T04:19:04Z,27.97,62.92,100,0,34.71,102.48,99.00,1053.00,null,null,null
2023-08-21T04:20:04Z,28.00,62.94,100,0,33.54,102.48,99.00,1053.00,0,0,0
2023-08-21T04:21:04Z,27.98,62.94,100,0,36.04,102.48,99.00,1053.00,null,null,null
2023-08-21T04:22:04Z,27.98,62.92,100,0,35.51,102.48,97.00,1041.00,null,null,null
2023-08-21T04:23:04Z,27.97,62.90,100,0,36.90,102.48,97.00,1041.00,null,null,null
2023-08-21T04:24:04Z,27.97,62.92,100,0,37.96,102.48,97.00,1041.00,null,null,null
2023-08-21T04:25:04Z,27.95,62.95,100,0,31.15,102.48,97.00,1041.00,0,0,0
2023-08-21T04:26:04Z,27.97,62.94,100,0,35.26,102.48,95.00,1029.00,null,null,null
2023-08-21T04:27:04Z,28.00,62.92,100,0,34.56,102.48,95.00,1029.00,null,null,null
2023-08-21T04:28:04Z,27.97,62.89,100,0,36.91,102.48,93.00,1017.00,null,null,null
2023-08-21T04:29:04Z,27.98,62.91,100,0,36.81,102.48,93.00,1017.00,null,null,null
2023-08-21T04:30:04Z,27.97,62.92,100,0,51.95,102.48,93.00,1017.00,0,0,0
2023-08-21T04:31:04Z,27.98,62.92,100,0,36.77,102.49,91.00,1001.00,null,null,null
2023-08-21T04:32:04Z,27.97,62.84,100,0,32.77,102.49,91.00,1001.00,null,null,null
2023-08-21T04:33:04Z,27.95,62.88,100,0,35.61,102.49,91.00,1001.00,null,null,null
2023-08-21T04:34:04Z,27.97,62.84,100,0,33.40,102.48,89.00,990.00,null,null,null
2023-08-21T04:35:04Z,27.94,62.88,100,0,34.86,102.49,91.00,1001.00,0,0,0
2023-08-21T04:36:04Z,27.94,62.98,100,0,44.16,102.49,91.00,1001.00,null,null,null
2023-08-21T04:37:04Z,27.97,62.92,100,0,41.21,102.49,91.00,1001.00,null,null,null
2023-08-21T04:38:04Z,27.98,62.92,100,0,34.72,102.49,93.00,1017.00,null,null,null
2023-08-21T04:39:04Z,27.92,62.90,100,0,35.80,102.49,91.00,1001.00,null,null,null
2023-08-21T04:40:04Z,27.94,62.94,100,0,37.81,102.49,91.00,1001.00,0,0,0
2023-08-21T04:41:04Z,27.94,62.92,100,0,35.77,102.49,89.00,990.00,null,null,null
2023-08-21T04:42:04Z,27.94,62.92,100,0,31.13,102.49,91.00,1001.00,null,null,null
2023-08-21T04:43:04Z,27.95,62.96,100,0,39.78,102.49,89.00,990.00,null,null,null
2023-08-21T04:44:04Z,27.94,62.92,100,0,37.10,102.49,91.00,1001.00,null,null,null
2023-08-21T04:45:04Z,27.94,62.98,100,0,45.52,102.49,91.00,1001.00,0,0,0
2023-08-21T04:46:04Z,27.97,62.98,100,0,40.11,102.49,87.00,977.00,null,null,null
2023-08-21T04:47:04Z,27.95,62.97,100,0,37.13,102.49,91.00,1001.00,null,null,null
2023-08-21T04:48:04Z,27.97,62.96,100,0,35.08,102.49,89.00,990.00,null,null,null
2023-08-21T04:49:04Z,27.95,62.98,100,0,38.99,102.49,91.00,1001.00,null,null,null
2023-08-21T04:50:04Z,27.92,62.99,100,0,34.75,102.49,89.00,990.00,0,0,0
2023-08-21T04:51:04Z,27.94,63.00,100,0,38.19,102.49,93.00,1017.00,null,null,null
2023-08-21T04:52:04Z,27.97,63.00,100,0,37.82,102.48,93.00,1017.00,null,null,null
2023-08-21T04:53:04Z,27.97,62.94,100,0,32.23,102.49,93.00,1017.00,null,null,null
2023-08-21T04:54:04Z,27.94,62.99,100,0,49.21,102.49,95.00,1029.00,null,null,null
2023-08-21T04:55:04Z,27.95,62.99,100,0,37.41,102.49,97.00,1041.00,0,0,0
2023-08-21T04:56:04Z,27.95,62.99,100,0,38.57,102.49,99.00,1053.00,null,null,null
2023-08-21T04:57:04Z,27.92,63.03,100,0,37.91,102.49,99.00,1053.00,null,null,null
2023-08-21T04:58:04Z,27.94,63.04,100,0,34.65,102.49,99.00,1053.00,null,null,null
2023-08-21T04:59:04Z,27.91,63.04,100,0,36.71,102.49,102.00,1071.00,null,null,null
2023-08-21T05:00:04Z,27.91,63.02,100,0,31.12,102.49,103.00,1077.00,0,0,0
2023-08-21T05:01:04Z,27.95,63.02,100,0,38.95,102.49,103.00,1077.00,null,null,null
2023-08-21T05:02:04Z,27.92,62.91,100,0,36.74,102.49,105.00,1090.00,null,null,null
2023-08-21T05:03:04Z,27.94,63.00,100,0,39.00,102.48,105.00,1090.00,null,null,null
2023-08-21T05:04:04Z,27.91,62.97,100,0,36.60,102.49,105.00,1090.00,null,null,null
2023-08-21T05:05:04Z,27.90,63.03,100,0,57.00,102.49,106.00,1102.00,0,0,0
2023-08-21T05:06:04Z,27.92,63.00,100,0,34.39,102.49,106.00,1102.00,null,null,null
2023-08-21T05:07:04Z,27.94,63.03,100,0,34.66,102.49,106.00,1102.00,null,null,null
2023-08-21T05:08:04Z,27.94,62.94,100,0,35.04,102.49,108.00,1113.00,null,null,null
2023-08-21T05:09:04Z,27.91,62.97,100,0,30.70,102.49,108.00,1113.00,null,null,null
2023-08-21T05:10:04Z,27.94,62.58,100,0,31.08,102.49,106.00,1102.00,0,0,0
2023-08-21T05:11:04Z,27.94,62.33,100,0,30.07,102.49,104.00,1083.00,null,null,null
2023-08-21T05:12:04Z,27.95,62.16,100,0,38.99,102.49,93.00,1012.00,null,null,null
2023-08-21T05:13:04Z,27.97,62.00,100,0,31.45,102.49,85.00,959.00,null,null,null
2023-08-21T05:14:04Z,27.95,61.87,100,0,29.58,102.49,80.00,927.00,null,null,null
2023-08-21T05:15:04Z,27.95,61.75,100,0,46.23,102.49,76.00,900.00,0,0,0
2023-08-21T05:16:04Z,27.95,61.75,100,0,31.41,102.49,67.00,846.00,null,null,null
2023-08-21T05:17:04Z,27.97,61.82,100,0,49.42,102.48,69.00,857.00,null,null,null
2023-08-21T05:18:04Z,27.94,61.68,100,0,30.83,102.49,62.00,810.00,null,null,null
2023-08-21T05:19:04Z,27.92,61.68,100,0,49.24,102.49,62.00,813.00,null,null,null
2023-08-21T05:20:04Z,27.94,61.82,100,0,31.97,102.49,61.00,804.00,0,0,0
2023-08-21T05:21:04Z,27.91,61.67,100,0,39.25,102.49,58.00,787.00,null,null,null
2023-08-21T05:22:04Z,27.94,61.59,100,0,46.41,102.49,56.00,770.00,null,null,null
2023-08-21T05:23:04Z,27.94,61.51,100,0,29.21,102.49,56.00,770.00,null,null,null
2023-08-21T05:24:04Z,27.92,61.38,100,0,59.15,102.50,53.00,754.00,null,null,null
2023-08-21T05:25:04Z,27.91,61.40,100,0,32.40,102.49,50.00,733.00,0,0,0
2023-08-21T05:26:04Z,27.90,61.39,100,0,45.69,102.50,49.00,726.00,null,null,null
2023-08-21T05:27:04Z,27.90,61.41,100,0,40.02,102.50,46.00,706.00,null,null,null
2023-08-21T05:28:04Z,27.92,61.26,100,0,33.52,102.50,44.00,692.00,null,null,null
2023-08-21T05:29:04Z,27.90,61.32,100,0,39.16,102.50,43.00,683.00,null,null,null
2023-08-21T05:30:04Z,27.87,61.15,100,0,34.21,102.50,40.00,668.00,0,0,0
2023-08-21T05:31:04Z,27.90,60.98,100,0,34.65,102.50,41.00,671.00,null,null,null
2023-08-21T05:32:04Z,27.87,61.01,100,0,29.41,102.50,37.00,645.00,null,null,null
2023-08-21T05:33:04Z,27.87,61.02,100,0,52.82,102.50,36.00,638.00,null,null,null
2023-08-21T05:34:04Z,27.85,60.98,100,0,50.30,102.50,35.00,633.00,null,null,null
2023-08-21T05:35:04Z,27.84,61.11,100,0,37.09,102.50,34.00,624.00,0,0,0
2023-08-21T05:36:04Z,27.87,60.94,100,0,42.42,102.50,34.00,624.00,null,null,null
2023-08-21T05:37:04Z,27.85,60.81,100,0,31.95,102.50,32.00,615.00,null,null,null
2023-08-21T05:38:04Z,27.84,60.75,100,0,34.68,102.50,30.00,602.00,null,null,null
2023-08-21T05:39:04Z,27.84,61.01,100,0,53.82,102.50,28.00,589.00,null,null,null
2023-08-21T05:40:04Z,27.81,60.80,100,0,32.98,102.50,26.00,577.00,0,0,0
2023-08-21T05:41:04Z,27.81,60.86,100,0,50.97,102.50,25.00,570.00,null,null,null
2023-08-21T05:42:04Z,27.81,60.93,100,0,31.07,102.50,26.00,577.00,null,null,null
2023-08-21T05:43:04Z,27.78,61.01,100,0,46.40,102.50,26.00,577.00,null,null,null
2023-08-21T05:44:04Z,27.82,60.95,100,0,39.05,102.50,25.00,570.00,null,null,null
2023-08-21T05:45:04Z,27.78,60.85,100,0,39.87,102.50,25.00,565.00,0,0,0
2023-08-21T05:46:04Z,27.77,60.75,100,0,29.11,102.50,22.00,549.00,null,null,null
2023-08-21T05:47:04Z,27.78,60.63,100,0,44.17,102.50,22.00,549.00,null,null,null
2023-08-21T05:48:04Z,27.78,60.97,100,0,31.69,102.51,22.00,545.00,null,null,null
2023-08-21T05:49:04Z,27.78,60.93,100,0,32.07,102.51,21.00,539.00,null,null,null
2023-08-21T05:50:04Z,27.75,60.96,100,0,33.06,102.51,21.00,539.00,0,0,0
2023-08-21T05:51:04Z,27.78,60.80,100,0,32.13,102.51,20.00,536.00,null,null,null
2023-08-21T05:52:04Z,27.75,60.69,100,0,40.36,102.51,21.00,539.00,null,null,null
2023-08-21T05:53:04Z,27.74,60.63,100,0,34.35,102.51,20.00,536.00,null,null,null
2023-08-21T05:54:04Z,27.75,60.63,100,0,49.53,102.51,26.00,572.00,null,null,null
2023-08-21T05:55:04Z,27.72,60.59,100,0,31.77,102.51,18.00,519.00,0,0,0
2023-08-21T05:56:04Z,27.72,60.53,100,0,33.03,102.51,23.00,553.00,null,null,null
2023-08-21T05:57:04Z,27.72,60.68,100,0,29.92,102.52,23.00,551.00,null,null,null
2023-08-21T05:58:04Z,27.72,60.51,100,0,34.16,102.52,21.00,542.00,null,null,null
2023-08-21T05:59:04Z,27.71,60.53,100,0,31.84,102.52,21.00,542.00,null,null,null
2023-08-21T06:00:04Z,27.68,60.64,100,0,42.43,102.52,21.00,539.00,0,0,0
2023-08-21T06:01:04Z,27.70,60.79,100,0,32.28,102.52,20.00,534.00,null,null,null
2023-08-21T06:02:04Z,27.68,60.65,100,0,29.95,102.52,17.00,518.00,null,null,null
2023-08-21T06:03:04Z,27.67,60.62,100,0,25.90,102.52,18.00,524.00,null,null,null
2023-08-21T06:04:04Z,27.68,60.53,100,0,35.37,102.52,18.00,524.00,null,null,null
2023-08-21T06:05:04Z,27.67,60.61,100,0,31.35,102.52,20.00,533.00,0,0,0
2023-08-21T06:06:04Z,27.65,60.68,100,0,34.49,102.52,20.00,533.00,null,null,null
2023-08-21T06:07:04Z,27.67,60.80,100,0,33.58,102.53,20.00,536.00,null,null,null
2023-08-21T06:08:04Z,27.67,60.88,100,0,31.85,102.52,19.00,530.00,null,null,null
2023-08-21T06:09:04Z,27.62,60.96,100,0,32.39,102.52,22.00,548.00,null,null,null
2023-08-21T06:10:04Z,27.65,60.85,100,0,31.92,102.52,48.00,719.00,0,0,0
2023-08-21T06:11:04Z,27.62,60.75,100,0,32.72,102.52,51.00,740.00,null,null,null
2023-08-21T06:12:04Z,27.65,60.70,100,0,33.21,102.52,51.00,740.00,null,null,null
2023-08-21T06:13:04Z,27.64,60.85,100,0,33.31,102.52,54.00,757.00,null,null,null
2023-08-21T06:14:04Z,27.60,60.77,100,0,52.47,102.52,50.00,732.00,null,null,null
2023-08-21T06:15:04Z,27.61,60.90,100,0,40.69,102.52,48.00,719.00,0,0,0
2023-08-21T06:16:04Z,27.62,60.87,100,0,55.53,102.52,48.00,719.00,null,null,null
2023-08-21T06:17:04Z,27.61,60.68,100,0,54.50,102.53,46.00,704.00,null,null,null
2023-08-21T06:18:04Z,27.64,60.75,100,0,34.63,102.53,46.00,704.00,null,null,null
2023-08-21T06:19:04Z,27.60,60.91,100,0,33.56,102.53,43.00,688.00,null,null,null
2023-08-21T06:20:04Z,27.58,60.98,100,0,33.41,102.54,43.00,688.00,0,0,0
2023-08-21T06:21:04Z,27.57,60.79,100,0,34.87,102.54,43.00,688.00,null,null,null
2023-08-21T06:22:04Z,27.58,60.94,100,0,27.68,102.54,45.00,697.00,null,null,null
2023-08-21T06:23:04Z,27.60,61.00,100,0,28.81,102.54,45.00,697.00,null,null,null
2023-08-21T06:24:04Z,27.58,61.01,100,0,41.06,102.54,45.00,697.00,null,null,null
2023-08-21T06:25:04Z,27.57,61.12,100,0,42.90,102.54,45.00,697.00,0,0,0
2023-08-21T06:26:04Z,27.57,61.05,100,0,34.07,102.54,46.00,704.00,null,null,null
2023-08-21T06:27:04Z,27.58,61.12,100,0,42.98,102.54,46.00,704.00,null,null,null
2023-08-21T06:28:04Z,27.58,61.05,100,0,53.84,102.54,46.00,704.00,null,null,null
2023-08-21T06:29:04Z,27.54,60.97,100,0,40.13,102.53,45.00,697.00,null,null,null
2023-08-21T06:30:04Z,27.54,61.12,100,0,42.98,102.54,45.00,697.00,0,0,0
2023-08-21T06:31:04Z,27.54,61.11,100,0,32.11,102.54,45.00,697.00,null,null,null
2023-08-21T06:32:04Z,27.54,61.08,100,0,33.18,102.55,43.00,688.00,null,null,null
2023-08-21T06:33:04Z,27.53,61.04,100,0,44.23,102.54,42.00,679.00,null,null,null
2023-08-21T06:34:04Z,27.54,61.02,100,0,51.53,102.54,41.00,672.00,null,null,null
2023-08-21T06:35:04Z,27.54,60.93,100,0,32.72,102.54,41.00,672.00,0,0,0
2023-08-21T06:36:04Z,27.51,60.95,100,0,48.16,102.54,40.00,665.00,null,null,null
2023-08-21T06:37:04Z,27.53,60.95,100,0,33.32,102.54,39.00,656.00,null,null,null
2023-08-21T06:38:04Z,27.53,60.96,100,0,38.38,102.54,39.00,656.00,null,null,null
2023-08-21T06:39:04Z,27.49,61.07,100,0,49.92,102.54,39.00,656.00,null,null,null
2023-08-21T06:40:04Z,27.49,61.00,100,0,52.37,102.54,37.00,649.00,0,0,0
2023-08-21T06:41:04Z,27.50,61.13,100,0,33.24,102.54,35.00,634.00,null,null,null
2023-08-21T06:42:04Z,27.53,60.96,100,0,37.18,102.54,36.00,641.00,null,null,null
2023-08-21T06:43:04Z,27.49,60.75,100,0,33.83,102.54,34.00,627.00,null,null,null
2023-08-21T06:44:04Z,27.49,60.99,100,0,29.90,102.54,34.00,627.00,null,null,null
2023-08-21T06:45:04Z,27.47,61.01,100,0,33.31,102.54,34.00,627.00,0,0,0
2023-08-21T06:46:04Z,27.51,60.92,100,0,32.48,102.54,34.00,627.00,null,null,null
2023-08-21T06:47:04Z,27.51,61.05,100,0,30.07,102.54,33.00,620.00,null,null,null
2023-08-21T06:48:04Z,27.46,61.07,100,0,32.85,102.53,34.00,627.00,null,null,null
2023-08-21T06:49:04Z,27.46,61.02,100,0,30.83,102.53,33.00,620.00,null,null,null
2023-08-21T06:50:04Z,27.44,61.12,100,0,32.52,102.53,32.00,614.00,0,0,0
2023-08-21T06:51:04Z,27.47,61.11,100,0,32.54,102.53,32.00,614.00,null,null,null
2023-08-21T06:52:04Z,27.46,61.05,100,0,31.20,102.53,34.00,627.00,null,null,null
2023-08-21T06:53:04Z,27.46,60.94,100,0,33.73,102.54,39.00,656.00,null,null,null
2023-08-21T06:54:04Z,27.44,61.01,100,0,38.30,102.53,46.00,704.00,null,null,null
2023-08-21T06:55:04Z,27.44,61.07,100,0,35.42,102.53,50.00,732.00,0,0,0
2023-08-21T06:56:04Z,27.44,60.99,100,0,34.00,102.54,47.00,712.00,null,null,null
2023-08-21T06:57:04Z,27.46,60.93,100,0,36.42,102.53,46.00,704.00,null,null,null
2023-08-21T06:58:04Z,27.43,61.02,100,0,39.05,102.54,46.00,704.00,null,null,null
2023-08-21T06:59:04Z,27.43,60.93,100,0,31.90,102.54,45.00,697.00,null,null,null
2023-08-21T07:00:04Z,27.43,60.93,100,0,31.18,102.54,42.00,679.00,0,0,0
2023-08-21T07:01:04Z,27.41,60.95,100,0,29.63,102.54,40.00,665.00,null,null,null
2023-08-21T07:02:04Z,27.41,60.93,100,0,30.37,102.54,41.00,672.00,null,null,null
2023-08-21T07:03:04Z,27.41,60.98,100,0,32.74,102.54,40.00,665.00,null,null,null
2023-08-21T07:04:04Z,27.40,61.12,100,0,31.36,102.54,40.00,665.00,null,null,null
2023-08-21T07:05:04Z,27.41,61.12,100,0,32.55,102.54,39.00,656.00,0,0,0
2023-08-21T07:06:04Z,27.43,61.01,100,0,31.85,102.54,37.00,649.00,null,null,null
2023-08-21T07:07:04Z,27.43,61.01,100,0,39.11,102.54,37.00,649.00,null,null,null
2023-08-21T07:08:04Z,27.41,60.94,100,0,32.15,102.54,37.00,649.00,null,null,null
2023-08-21T07:09:04Z,27.40,60.80,100,0,35.50,102.54,36.00,641.00,null,null,null
2023-08-21T07:10:04Z,27.37,61.00,100,0,33.61,102.54,35.00,634.00,0,0,0
2023-08-21T07:11:04Z,27.37,61.02,100,0,28.34,102.54,35.00,634.00,null,null,null
2023-08-21T07:12:04Z,27.39,61.00,100,0,34.58,102.54,36.00,641.00,null,null,null
2023-08-21T07:13:04Z,27.41,61.00,100,0,32.01,102.54,35.00,634.00,null,null,null
2023-08-21T07:14:04Z,27.37,61.10,100,0,31.06,102.54,35.00,634.00,null,null,null
2023-08-21T07:15:04Z,27.37,61.07,100,0,53.53,102.54,34.00,627.00,0,0,0
2023-08-21T07:16:04Z,27.36,61.07,100,0,31.56,102.54,33.00,620.00,null,null,null
2023-08-21T07:17:04Z,27.36,61.09,100,0,35.54,102.54,32.00,614.00,null,null,null
2023-08-21T07:18:04Z,27.39,61.17,100,0,30.59,102.54,32.00,614.00,null,null,null
2023-08-21T07:19:04Z,27.36,61.18,100,0,35.35,102.54,33.00,620.00,null,null,null
2023-08-21T07:20:04Z,27.36,61.09,100,0,30.46,102.54,31.00,605.00,0,0,0
2023-08-21T07:21:04Z,27.37,60.98,100,0,30.09,102.54,31.00,605.00,null,null,null
2023-08-21T07:22:04Z,27.36,60.97,100,0,39.94,102.54,31.00,605.00,null,null,null
2023-08-21T07:23:04Z,27.37,60.86,100,0,26.31,102.54,30.00,599.00,null,null,null
2023-08-21T07:24:04Z,27.34,60.95,100,0,32.82,102.54,32.00,614.00,null,null,null
2023-08-21T07:25:04Z,27.36,61.07,100,0,29.80,102.54,39.00,656.00,0,0,0
2023-08-21T07:26:04Z,27.34,61.02,100,0,35.78,102.54,36.00,641.00,null,null,null
2023-08-21T07:27:04Z,27.33,61.07,100,0,38.50,102.54,41.00,672.00,null,null,null
2023-08-21T07:28:04Z,27.34,61.02,100,0,33.29,102.54,40.00,665.00,null,null,null
2023-08-21T07:29:04Z,27.33,61.04,100,0,34.49,102.54,41.00,672.00,null,null,null
2023-08-21T07:30:04Z,27.31,60.94,100,0,30.27,102.54,43.00,688.00,0,0,0
2023-08-21T07:31:04Z,27.33,61.13,100,0,46.74,102.54,43.00,688.00,null,null,null
2023-08-21T07:32:04Z,27.31,61.02,100,0,46.22,102.54,50.00,732.00,null,null,null
2023-08-21T07:33:04Z,27.31,61.04,100,0,38.93,102.54,51.00,740.00,null,null,null
2023-08-21T07:34:04Z,27.33,60.99,100,0,32.85,102.54,51.00,740.00,null,null,null
2023-08-21T07:35:04Z,27.31,61.17,100,0,48.60,102.54,51.00,740.00,0,0,0
2023-08-21T07:36:04Z,27.33,61.22,100,0,34.72,102.54,56.00,774.00,null,null,null
2023-08-21T07:37:04Z,27.34,61.29,100,0,25.62,102.54,60.00,795.00,null,null,null
2023-08-21T07:38:04Z,27.31,60.93,100,0,31.35,102.55,58.00,785.00,null,null,null
2023-08-21T07:39:04Z,27.31,61.05,100,0,30.45,102.55,64.00,821.00,null,null,null
2023-08-21T07:40:04Z,27.31,61.11,100,0,29.98,102.55,67.00,840.00,0,0,0
2023-08-21T07:41:04Z,27.31,61.11,100,0,30.16,102.55,67.00,840.00,null,null,null
2023-08-21T07:42:04Z,27.30,61.00,100,0,29.04,102.55,68.00,851.00,null,null,null
2023-08-21T07:43:04Z,27.29,61.00,100,0,27.47,102.55,68.00,851.00,null,null,null
2023-08-21T07:44:04Z,27.30,61.02,100,0,31.02,102.55,72.00,877.00,null,null,null
2023-08-21T07:45:04Z,27.30,60.93,100,0,24.35,102.55,72.00,877.00,0,0,0
2023-08-21T07:46:04Z,27.30,60.94,100,0,26.34,102.55,74.00,887.00,null,null,null
2023-08-21T07:47:04Z,27.29,60.85,100,0,28.33,102.55,74.00,891.00,null,null,null
2023-08-21T07:48:04Z,27.30,60.82,100,0,25.38,102.56,77.00,907.00,null,null,null
2023-08-21T07:49:04Z,27.29,60.85,100,0,24.11,102.56,78.00,918.00,null,null,null
2023-08-21T07:50:04Z,27.27,60.82,100,0,24.68,102.55,78.00,918.00,0,0,0
2023-08-21T07:51:04Z,27.29,60.77,100,0,26.62,102.55,77.00,907.00,null,null,null
2023-08-21T07:52:04Z,27.27,60.70,100,0,33.82,102.55,78.00,918.00,null,null,null
2023-08-21T07:53:04Z,27.27,60.71,100,0,47.94,102.55,78.00,918.00,null,null,null
2023-08-21T07:54:04Z,27.29,60.81,100,0,28.47,102.55,78.00,918.00,null,null,null
2023-08-21T07:55:04Z,27.27,60.85,100,0,34.07,102.55,78.00,918.00,0,0,0
2023-08-21T07:56:04Z,27.30,60.90,100,0,31.51,102.55,80.00,927.00,null,null,null
2023-08-21T07:57:04Z,27.27,60.99,100,1,36.96,102.55,80.00,927.00,null,null,null
2023-08-21T07:58:04Z,27.27,61.01,100,1,35.25,102.54,78.00,918.00,null,null,null
2023-08-21T07:59:04Z,27.26,61.04,100,1,31.31,102.55,80.00,927.00,null,null,null
2023-08-21T08:00:04Z,27.24,61.07,100,0,25.19,102.55,80.00,927.00,0,0,0
2023-08-21T08:01:04Z,27.27,61.09,100,0,32.79,102.55,94.00,1019.00,null,null,null
2023-08-21T08:02:04Z,27.29,61.12,100,0,33.67,102.55,82.00,942.00,null,null,null
2023-08-21T08:03:04Z,27.26,61.07,100,0,33.73,102.55,80.00,927.00,null,null,null
2023-08-21T08:04:04Z,27.29,61.07,100,0,33.24,102.55,78.00,918.00,null,null,null
2023-08-21T08:05:04Z,27.24,61.01,100,0,35.21,102.55,78.00,918.00,0,0,0
2023-08-21T08:06:04Z,27.29,60.95,100,0,29.12,102.55,88.00,983.00,null,null,null
2023-08-21T08:07:04Z,27.27,60.92,100,0,45.41,102.55,74.00,891.00,null,null,null
2023-08-21T08:08:04Z,27.26,60.98,100,0,38.05,102.55,74.00,891.00,null,null,null
2023-08-21T08:09:04Z,27.27,61.04,100,0,34.53,102.54,74.00,891.00,null,null,null
2023-08-21T08:10:04Z,27.24,61.05,100,0,57.50,102.55,74.00,891.00,0,0,0
2023-08-21T08:11:04Z,27.24,61.09,100,1,28.57,102.54,88.00,983.00,null,null,null
2023-08-21T08:12:04Z,27.27,61.15,100,0,38.18,102.54,90.00,995.00,null,null,null
2023-08-21T08:13:04Z,27.24,61.20,100,0,30.85,102.54,78.00,918.00,null,null,null
2023-08-21T08:14:04Z,27.21,61.21,100,0,34.00,102.54,90.00,995.00,null,null,null
2023-08-21T08:15:04Z,27.23,61.25,100,0,42.19,102.54,92.00,1007.00,0,0,0
2023-08-21T08:16:04Z,27.24,61.24,100,0,45.22,102.53,88.00,983.00,null,null,null
2023-08-21T08:17:04Z,27.24,61.29,100,0,33.11,102.53,92.00,1007.00,null,null,null
2023-08-21T08:18:04Z,27.26,61.27,100,0,33.91,102.54,90.00,995.00,null,null,null
2023-08-21T08:19:04Z,27.24,61.27,100,0,47.47,102.54,78.00,918.00,null,null,null
2023-08-21T08:20:04Z,27.24,61.32,100,0,22.24,102.53,90.00,995.00,0,0,0
2023-08-21T08:21:04Z,27.24,61.39,100,0,33.12,102.54,88.00,983.00,null,null,null
2023-08-21T08:22:04Z,27.24,61.36,100,0,38.69,102.54,90.00,995.00,null,null,null
2023-08-21T08:23:04Z,27.23,61.42,100,0,40.43,102.54,88.00,983.00,null,null,null
2023-08-21T08:24:04Z,27.23,61.53,100,0,28.99,102.54,88.00,983.00,null,null,null
2023-08-21T08:25:04Z,27.24,61.62,100,0,29.79,102.54,88.00,983.00,0,0,0
2023-08-21T08:26:04Z,27.24,61.64,100,0,30.75,102.54,87.00,972.00,null,null,null
2023-08-21T08:27:04Z,27.24,61.73,100,1,28.50,102.54,87.00,972.00,null,null,null
2023-08-21T08:28:04Z,27.24,61.86,100,1,35.48,102.55,88.00,983.00,null,null,null
2023-08-21T08:29:04Z,27.26,61.82,100,1,32.03,102.54,85.00,964.00,null,null,null
2023-08-21T08:30:04Z,27.26,61.98,100,1,24.61,102.54,76.00,900.00,0,0,0
2023-08-21T08:31:04Z,27.23,61.87,100,1,34.48,102.54,72.00,874.00,null,null,null
2023-08-21T08:32:04Z,27.26,61.95,100,1,30.56,102.54,85.00,964.00,null,null,null
2023-08-21T08:33:04Z,27.23,61.86,100,1,36.77,102.54,72.00,874.00,null,null,null
2023-08-21T08:34:04Z,27.23,61.96,100,0,33.44,102.54,83.00,949.00,null,null,null
2023-08-21T08:35:04Z,27.23,62.13,100,0,34.24,102.54,83.00,949.00,0,0,0
2023-08-21T08:36:04Z,27.26,62.13,100,0,32.12,102.54,83.00,949.00,null,null,null
2023-08-21T08:37:04Z,27.24,62.05,100,0,29.70,102.54,71.00,870.00,null,null,null
2023-08-21T08:38:04Z,27.24,62.11,100,0,30.30,102.54,83.00,949.00,null,null,null
2023-08-21T08:39:04Z,27.21,62.17,100,0,32.66,102.54,83.00,949.00,null,null,null
2023-08-21T08:40:04Z,27.24,62.20,100,0,26.11,102.54,83.00,949.00,0,0,0
2023-08-21T08:41:04Z,27.20,62.18,100,0,34.59,102.54,83.00,949.00,null,null,null
2023-08-21T08:42:04Z,27.23,62.18,100,0,31.28,102.54,83.00,949.00,null,null,null
2023-08-21T08:43:04Z,27.21,62.26,100,0,33.22,102.54,85.00,964.00,null,null,null
2023-08-21T08:44:04Z,27.21,62.22,100,0,32.13,102.54,84.00,956.00,null,null,null
2023-08-21T08:45:04Z,27.24,62.24,100,0,28.70,102.54,85.00,964.00,0,0,0
2023-08-21T08:46:04Z,27.24,62.25,100,0,29.87,102.54,85.00,964.00,null,null,null
2023-08-21T08:47:04Z,27.24,62.28,100,0,31.77,102.54,84.00,956.00,null,null,null
2023-08-21T08:48:04Z,27.24,62.22,100,0,30.07,102.54,86.00,967.00,null,null,null
2023-08-21T08:49:04Z,27.23,62.20,100,0,33.59,102.54,85.00,964.00,null,null,null
2023-08-21T08:50:04Z,27.23,62.23,100,0,30.91,102.54,87.00,975.00,0,0,0
2023-08-21T08:51:04Z,27.23,62.18,100,0,32.51,102.54,87.00,975.00,null,null,null
2023-08-21T08:52:04Z,27.23,62.20,100,0,32.61,102.54,87.00,975.00,null,null,null
2023-08-21T08:53:04Z,27.23,62.15,100,1,34.20,102.54,87.00,975.00,null,null,null
2023-08-21T08:54:04Z,27.20,62.16,100,1,32.80,102.54,87.00,975.00,null,null,null
2023-08-21T08:55:04Z,27.21,62.22,100,1,32.23,102.53,87.00,975.00,0,0,0
2023-08-21T08:56:04Z,27.24,62.19,100,0,30.71,102.54,87.00,975.00,null,null,null
2023-08-21T08:57:04Z,27.21,62.18,100,0,31.87,102.53,87.00,975.00,null,null,null
2023-08-21T08:58:04Z,27.21,62.17,100,0,29.73,102.53,87.00,975.00,null,null,null
2023-08-21T08:59:04Z,27.26,62.14,100,1,34.43,102.53,87.00,975.00,null,null,null
2023-08-21T09:00:04Z,27.21,62.13,100,1,31.85,102.53,76.00,900.00,0,0,0
2023-08-21T09:01:04Z,27.21,62.13,100,1,34.12,102.54,87.00,975.00,null,null,null
2023-08-21T09:02:04Z,27.21,62.08,100,1,26.14,102.53,87.00,975.00,null,null,null
2023-08-21T09:03:04Z,27.20,62.11,100,1,29.04,102.54,87.00,975.00,null,null,null
2023-08-21T09:04:04Z,27.21,62.16,100,1,47.61,102.55,87.00,975.00,null,null,null
2023-08-21T09:05:04Z,27.20,62.12,100,1,31.96,102.54,87.00,975.00,0,0,0
2023-08-21T09:06:04Z,27.23,62.13,100,1,37.16,102.55,87.00,975.00,null,null,null
2023-08-21T09:07:04Z,27.24,62.09,100,1,30.23,102.54,87.00,975.00,null,null,null
2023-08-21T09:08:04Z,27.21,62.07,100,1,29.38,102.54,87.00,975.00,null,null,null
2023-08-21T09:09:04Z,27.19,62.07,100,1,31.03,102.54,87.00,975.00,null,null,null
2023-08-21T09:10:04Z,27.21,62.12,100,1,39.32,102.54,87.00,975.00,0,0,0
2023-08-21T09:11:04Z,27.21,62.09,100,1,32.53,102.54,87.00,975.00,null,null,null
2023-08-21T09:12:04Z,27.23,62.09,100,1,28.67,102.54,87.00,975.00,null,null,null
2023-08-21T09:13:04Z,27.21,62.10,100,1,30.04,102.54,87.00,975.00,null,null,null
2023-08-21T09:14:04Z,27.20,62.10,100,1,34.23,102.53,85.00,964.00,null,null,null
2023-08-21T09:15:04Z,27.17,62.10,100,1,33.86,102.53,85.00,964.00,0,0,0
2023-08-21T09:16:04Z,27.21,62.05,100,1,33.28,102.52,85.00,964.00,null,null,null
2023-08-21T09:17:04Z,27.23,62.09,100,1,39.49,102.52,85.00,964.00,null,null,null
2023-08-21T09:18:04Z,27.20,62.09,100,1,35.11,102.52,87.00,975.00,null,null,null
2023-08-21T09:19:04Z,27.20,62.07,100,1,24.50,102.52,85.00,964.00,null,null,null
2023-08-21T09:20:04Z,27.19,62.09,100,2,30.46,102.52,85.00,964.00,0,0,0
2023-08-21T09:21:04Z,27.20,62.09,100,3,30.02,102.52,83.00,949.00,null,null,null
2023-08-21T09:22:04Z,27.21,62.04,100,2,36.97,102.52,85.00,964.00,null,null,null
2023-08-21T09:23:04Z,27.23,62.11,100,2,37.26,102.52,85.00,964.00,null,null,null
2023-08-21T09:24:04Z,27.20,62.03,100,2,32.73,102.52,85.00,964.00,null,null,null
2023-08-21T09:25:04Z,27.20,62.23,100,2,32.37,102.52,83.00,949.00,0,0,0
2023-08-21T09:26:04Z,27.20,62.29,100,1,42.40,102.52,82.00,942.00,null,null,null
2023-08-21T09:27:04Z,27.20,62.19,100,2,42.43,102.52,81.00,933.00,null,null,null
2023-08-21T09:28:04Z,27.21,62.18,100,1,38.82,102.52,83.00,949.00,null,null,null
2023-08-21T09:29:04Z,27.20,62.10,100,2,31.83,102.52,82.00,942.00,null,null,null
2023-08-21T09:30:04Z,27.19,62.16,100,2,35.85,102.52,82.00,942.00,0,0,0
2023-08-21T09:31:04Z,27.21,62.32,100,1,41.02,102.52,80.00,930.00,null,null,null
2023-08-21T09:32:04Z,27.23,62.25,100,1,53.26,102.52,81.00,933.00,null,null,null
2023-08-21T09:33:04Z,27.20,62.15,100,2,53.71,102.52,81.00,933.00,null,null,null
2023-08-21T09:34:04Z,27.17,62.21,100,1,42.18,102.52,82.00,942.00,null,null,null
2023-08-21T09:35:04Z,27.17,62.24,100,1,35.43,102.52,83.00,949.00,0,0,0
2023-08-21T09:36:04Z,27.20,62.34,100,0,36.48,102.52,82.00,942.00,null,null,null
2023-08-21T09:37:04Z,27.21,62.28,100,1,45.54,102.53,82.00,940.00,null,null,null
2023-08-21T09:38:04Z,27.20,62.20,100,1,30.76,102.53,82.00,940.00,null,null,null
2023-08-21T09:39:04Z,27.20,62.38,100,0,35.69,102.52,82.00,942.00,null,null,null
2023-08-21T09:40:04Z,27.19,62.37,100,1,28.42,102.52,78.00,913.00,0,0,0
2023-08-21T09:41:04Z,27.19,62.50,100,1,31.28,102.52,75.00,897.00,null,null,null
2023-08-21T09:42:04Z,27.21,62.50,100,2,38.49,102.52,75.00,897.00,null,null,null
2023-08-21T09:43:04Z,27.20,62.50,100,1,23.86,102.52,75.00,897.00,null,null,null
2023-08-21T09:44:04Z,27.19,62.52,100,2,39.38,102.52,75.00,897.00,null,null,null
2023-08-21T09:45:04Z,27.17,62.64,100,1,35.36,102.52,74.00,887.00,0,0,0
2023-08-21T09:46:04Z,27.23,62.61,100,2,29.86,102.51,72.00,877.00,null,null,null
2023-08-21T09:47:04Z,27.21,62.68,100,1,43.00,102.52,72.00,877.00,null,null,null
2023-08-21T09:48:04Z,27.20,62.75,100,1,34.44,102.52,72.00,877.00,null,null,null
2023-08-21T09:49:04Z,27.20,62.73,100,1,33.15,102.51,69.00,855.00,null,null,null
2023-08-21T09:50:04Z,27.21,62.72,100,1,36.73,102.52,69.00,855.00,0,0,0
2023-08-21T09:51:04Z,27.20,62.78,100,2,32.29,102.52,67.00,846.00,null,null,null
2023-08-21T09:52:04Z,27.21,62.82,100,1,36.55,102.52,66.00,836.00,null,null,null
2023-08-21T09:53:04Z,27.21,62.83,100,1,32.60,102.52,66.00,836.00,null,null,null
2023-08-21T09:54:04Z,27.20,62.76,100,1,38.10,102.52,65.00,827.00,null,null,null
2023-08-21T09:55:04Z,27.17,62.84,100,2,35.36,102.52,65.00,827.00,0,0,0
2023-08-21T09:56:04Z,27.20,62.74,100,2,36.43,102.52,65.00,827.00,null,null,null
2023-08-21T09:57:04Z,27.23,62.73,100,2,33.23,102.52,66.00,836.00,null,null,null
2023-08-21T09:58:04Z,27.21,62.69,100,2,32.68,102.52,67.00,846.00,null,null,null
2023-08-21T09:59:04Z,27.21,62.73,100,2,36.24,102.52,67.00,846.00,null,null,null
2023-08-21T10:00:04Z,27.21,62.80,100,1,39.29,102.52,66.00,836.00,0,0,0
2023-08-21T10:01:04Z,27.21,62.74,100,0,31.66,102.51,66.00,836.00,null,null,null
2023-08-21T10:02:04Z,27.21,62.63,100,2,37.63,102.51,67.00,846.00,null,null,null
2023-08-21T10:03:04Z,27.20,62.68,100,0,39.84,102.51,67.00,846.00,null,null,null
2023-08-21T10:04:04Z,27.21,62.66,100,1,34.50,102.51,67.00,846.00,null,null,null
2023-08-21T10:05:04Z,27.20,62.65,100,1,45.00,102.51,69.00,855.00,0,0,0
2023-08-21T10:06:04Z,27.21,62.75,100,2,31.07,102.51,69.00,855.00,null,null,null
2023-08-21T10:07:04Z,27.24,62.65,100,2,36.01,102.50,66.00,836.00,null,null,null
2023-08-21T10:08:04Z,27.23,62.56,100,2,36.40,102.51,67.00,846.00,null,null,null
2023-08-21T10:09:04Z,27.21,62.59,100,1,35.46,102.51,67.00,846.00,null,null,null
2023-08-21T10:10:04Z,27.20,62.66,100,1,27.94,102.51,67.00,846.00,0,0,0
2023-08-21T10:11:04Z,27.21,62.68,100,1,37.11,102.51,67.00,846.00,null,null,null
2023-08-21T10:12:04Z,27.23,62.65,100,1,41.29,102.50,67.00,846.00,null,null,null
2023-08-21T10:13:04Z,27.23,62.64,100,1,33.61,102.51,66.00,836.00,null,null,null
2023-08-21T10:14:04Z,27.21,62.59,100,1,32.30,102.51,67.00,846.00,null,null,null
2023-08-21T10:15:04Z,27.21,62.67,100,1,34.57,102.50,67.00,846.00,0,0,0
2023-08-21T10:16:04Z,27.20,62.58,100,1,34.38,102.50,66.00,836.00,null,null,null
2023-08-21T10:17:04Z,27.21,62.63,100,1,36.38,102.51,66.00,836.00,null,null,null
2023-08-21T10:18:04Z,27.24,62.60,100,1,36.26,102.51,66.00,836.00,null,null,null
2023-08-21T10:19:04Z,27.19,62.61,100,1,37.89,102.50,66.00,836.00,null,null,null
2023-08-21T10:20:04Z,27.20,62.66,100,1,34.94,102.51,66.00,836.00,0,0,0
2023-08-21T10:21:04Z,27.21,62.69,100,1,39.85,102.51,65.00,827.00,null,null,null
2023-08-21T10:22:04Z,27.21,62.69,100,2,34.39,102.51,66.00,836.00,null,null,null
2023-08-21T10:23:04Z,27.23,62.67,100,0,37.01,102.50,66.00,836.00,null,null,null
2023-08-21T10:24:04Z,27.21,62.65,100,1,35.96,102.50,65.00,827.00,null,null,null
2023-08-21T10:25:04Z,27.21,62.69,100,2,41.49,102.50,66.00,836.00,0,0,0
2023-08-21T10:26:04Z,27.23,62.66,100,2,32.74,102.50,65.00,827.00,null,null,null
2023-08-21T10:27:04Z,27.23,62.60,100,0,36.12,102.51,65.00,827.00,null,null,null
2023-08-21T10:28:04Z,27.21,62.61,100,1,36.98,102.50,65.00,827.00,null,null,null
2023-08-21T10:29:04Z,27.21,62.63,100,0,38.33,102.50,65.00,827.00,null,null,null
2023-08-21T10:30:04Z,27.23,62.63,100,1,30.58,102.50,65.00,827.00,0,0,0
2023-08-21T10:31:04Z,27.19,62.65,100,1,34.93,102.50,65.00,827.00,null,null,null
2023-08-21T10:32:04Z,27.21,62.62,100,1,36.75,102.50,65.00,827.00,null,null,null
2023-08-21T10:33:04Z,27.23,62.58,100,2,39.07,102.50,65.00,827.00,null,null,null
2023-08-21T10:34:04Z,27.20,62.62,100,2,28.04,102.50,65.00,827.00,null,null,null
2023-08-21T10:35:04Z,27.21,62.61,100,0,31.38,102.50,65.00,827.00,0,0,0
2023-08-21T10:36:04Z,27.21,62.61,100,0,36.75,102.50,63.00,815.00,null,null,null
2023-08-21T10:37:04Z,27.23,62.54,100,1,37.78,102.50,63.00,815.00,null,null,null
2023-08-21T10:38:04Z,27.23,62.58,100,2,38.18,102.50,63.00,815.00,null,null,null
2023-08-21T10:39:04Z,27.21,62.53,100,2,33.23,102.50,63.00,815.00,null,null,null
2023-08-21T10:40:04Z,27.20,62.62,100,1,41.41,102.50,63.00,815.00,0,0,0
2023-08-21T10:41:04Z,27.23,62.66,100,1,38.09,102.50,63.00,815.00,null,null,null
2023-08-21T10:42:04Z,27.24,62.64,100,1,37.06,102.50,63.00,815.00,null,null,null
2023-08-21T10:43:04Z,27.21,62.59,100,1,36.78,102.50,63.00,815.00,null,null,null
2023-08-21T10:44:04Z,27.21,62.62,100,1,41.92,102.50,63.00,815.00,null,null,null
2023-08-21T10:45:04Z,27.23,62.57,100,1,38.29,102.50,61.00,806.00,0,0,0
2023-08-21T10:46:04Z,27.24,62.61,100,1,35.40,102.50,63.00,815.00,null,null,null
2023-08-21T10:47:04Z,27.23,62.59,100,1,31.16,102.49,63.00,815.00,null,null,null
2023-08-21T10:48:04Z,27.20,62.61,100,1,31.96,102.50,63.00,815.00,null,null,null
2023-08-21T10:49:04Z,27.23,62.58,100,1,43.59,102.49,63.00,815.00,null,null,null
2023-08-21T10:50:04Z,27.21,62.73,100,1,37.36,102.49,63.00,815.00,0,0,0
2023-08-21T10:51:04Z,27.24,62.65,100,1,38.09,102.49,63.00,815.00,null,null,null
2023-08-21T10:52:04Z,27.21,62.59,100,1,39.17,102.49,61.00,806.00,null,null,null
2023-08-21T10:53:04Z,27.23,62.61,100,1,36.40,102.49,61.00,806.00,null,null,null
2023-08-21T10:54:04Z,27.23,62.55,100,1,31.23,102.49,61.00,806.00,null,null,null
2023-08-21T10:55:04Z,27.23,62.49,100,1,39.50,102.49,60.00,798.00,0,0,0
2023-08-21T10:56:04Z,27.23,62.53,100,1,34.00,102.49,60.00,798.00,null,null,null
2023-08-21T10:57:04Z,27.23,62.51,100,1,38.47,102.49,60.00,798.00,null,null,null
2023-08-21T10:58:04Z,27.21,62.49,100,1,26.36,102.49,60.00,798.00,null,null,null
2023-08-21T10:59:04Z,27.23,62.56,100,1,41.58,102.49,60.00,798.00,null,null,null
2023-08-21T11:00:04Z,27.23,62.52,100,1,34.22,102.49,60.00,798.00,0,0,0
2023-08-21T11:01:04Z,27.23,62.50,100,1,35.91,102.49,58.00,787.00,null,null,null
2023-08-21T11:02:04Z,27.23,62.43,100,1,36.01,102.49,60.00,798.00,null,null,null
2023-08-21T11:03:04Z,27.24,62.43,100,1,37.97,102.48,60.00,798.00,null,null,null
2023-08-21T11:04:04Z,27.21,62.43,100,1,32.61,102.48,60.00,798.00,null,null,null
2023-08-21T11:05:04Z,27.19,62.45,100,1,34.06,102.49,60.00,798.00,0,0,0
2023-08-21T11:06:04Z,27.23,62.45,100,1,36.79,102.48,57.00,778.00,null,null,null
2023-08-21T11:07:04Z,27.23,62.38,100,1,34.11,102.48,58.00,787.00,null,null,null
2023-08-21T11:08:04Z,27.23,62.31,100,1,41.13,102.48,57.00,778.00,null,null,null
2023-08-21T11:09:04Z,27.23,62.42,100,1,35.44,102.48,57.00,778.00,null,null,null
2023-08-21T11:10:04Z,27.23,62.36,100,1,35.56,102.48,57.00,778.00,0,0,0
2023-08-21T11:11:04Z,27.24,62.38,100,1,41.91,102.48,56.00,770.00,null,null,null
2023-08-21T11:12:04Z,27.24,62.34,100,1,35.49,102.48,56.00,770.00,null,null,null
2023-08-21T11:13:04Z,27.24,62.40,100,1,38.32,102.48,57.00,778.00,null,null,null
2023-08-21T11:14:04Z,27.23,62.35,100,1,38.30,102.47,56.00,770.00,null,null,null
2023-08-21T11:15:04Z,27.24,62.42,100,1,29.99,102.47,56.00,770.00,0,0,0
2023-08-21T11:16:04Z,27.26,62.41,100,1,45.22,102.47,56.00,770.00,null,null,null
2023-08-21T11:17:04Z,27.26,62.33,100,1,36.04,102.47,49.00,728.00,null,null,null
2023-08-21T11:18:04Z,27.26,62.26,100,1,36.36,102.47,45.00,700.00,null,null,null
2023-08-21T11:19:04Z,27.24,62.31,100,1,41.87,102.47,46.00,708.00,null,null,null
2023-08-21T11:20:04Z,27.24,62.28,100,1,38.90,102.46,56.00,770.00,0,0,0
2023-08-21T11:21:04Z,27.23,62.36,100,1,39.71,102.47,56.00,770.00,null,null,null
2023-08-21T11:22:04Z,27.21,62.33,100,1,41.90,102.47,56.00,770.00,null,null,null
2023-08-21T11:23:04Z,27.23,62.36,100,1,30.24,102.47,57.00,778.00,null,null,null
2023-08-21T11:24:04Z,27.23,62.38,100,1,67.10,102.47,57.00,778.00,null,null,null
2023-08-21T11:25:04Z,27.26,62.42,100,1,48.96,102.47,58.00,787.00,0,0,0
2023-08-21T11:26:04Z,27.24,62.42,100,1,47.43,102.47,47.00,715.00,null,null,null
2023-08-21T11:27:04Z,27.24,62.39,100,1,42.02,102.47,58.00,787.00,null,null,null
2023-08-21T11:28:04Z,27.26,62.35,100,1,40.68,102.46,58.00,787.00,null,null,null
2023-08-21T11:29:04Z,27.26,62.44,100,1,53.11,102.46,49.00,728.00,null,null,null
2023-08-21T11:30:04Z,27.24,62.40,100,1,38.88,102.46,49.00,728.00,0,0,0
2023-08-21T11:31:04Z,27.26,62.39,100,1,43.07,102.46,58.00,787.00,null,null,null
2023-08-21T11:32:04Z,27.26,62.38,100,1,46.66,102.46,49.00,728.00,null,null,null
2023-08-21T11:33:04Z,27.27,62.33,100,1,53.98,102.46,49.00,728.00,null,null,null
2023-08-21T11:34:04Z,27.24,62.43,100,1,57.74,102.45,49.00,728.00,null,null,null
2023-08-21T11:35:04Z,27.23,62.35,100,1,37.98,102.45,60.00,798.00,0,0,0
2023-08-21T11:36:04Z,27.26,62.33,100,1,37.90,102.45,60.00,798.00,null,null,null
2023-08-21T11:37:04Z,27.26,62.25,100,1,40.68,102.45,51.00,735.00,null,null,null
2023-08-21T11:38:04Z,27.27,62.28,100,1,38.66,102.45,51.00,735.00,null,null,null
2023-08-21T11:39:04Z,27.27,62.42,100,1,36.75,102.45,51.00,735.00,null,null,null
2023-08-21T11:40:04Z,27.26,62.39,100,1,38.08,102.45,52.00,744.00,0,0,0
2023-08-21T11:41:04Z,27.27,62.38,100,1,42.15,102.45,52.00,744.00,null,null,null
2023-08-21T11:42:04Z,27.27,62.40,100,1,38.13,102.44,52.00,744.00,null,null,null
2023-08-21T11:43:04Z,27.29,62.42,100,1,40.66,102.44,52.00,744.00,null,null,null
2023-08-21T11:44:04Z,27.26,62.44,100,1,47.69,102.44,52.00,744.00,null,null,null
2023-08-21T11:45:04Z,27.24,62.47,100,1,38.84,102.44,52.00,744.00,0,0,0
2023-08-21T11:46:04Z,27.27,62.72,100,1,31.90,102.44,61.00,806.00,null,null,null
2023-08-21T11:47:04Z,27.26,62.51,100,1,37.45,102.44,52.00,744.00,null,null,null
2023-08-21T11:48:04Z,27.30,62.43,100,1,35.62,102.44,52.00,744.00,null,null,null
2023-08-21T11:49:04Z,27.30,62.47,100,1,32.72,102.44,52.00,744.00,null,null,null
2023-08-21T11:50:04Z,27.27,62.51,100,1,40.73,102.44,52.00,744.00,0,0,0
2023-08-21T11:51:04Z,27.27,62.46,100,1,37.86,102.44,52.00,744.00,null,null,null
2023-08-21T11:52:04Z,27.29,62.47,100,1,40.52,102.44,52.00,744.00,null,null,null
2023-08-21T11:53:04Z,27.29,62.45,100,1,40.78,102.44,53.00,752.00,null,null,null
2023-08-21T11:54:04Z,27.29,62.47,100,1,37.07,102.44,53.00,752.00,null,null,null
2023-08-21T11:55:04Z,27.29,62.58,100,1,39.73,102.44,53.00,752.00,0,0,0
2023-08-21T11:56:04Z,27.27,62.57,100,1,41.62,102.44,52.00,744.00,null,null,null
2023-08-21T11:57:04Z,27.29,62.54,100,1,41.82,102.44,53.00,752.00,null,null,null
2023-08-21T11:58:04Z,27.29,62.60,100,1,36.05,102.44,55.00,763.00,null,null,null
2023-08-21T11:59:04Z,27.27,62.63,100,1,35.64,102.44,55.00,763.00,null,null,null
2023-08-21T12:00:04Z,27.27,62.68,100,1,37.33,102.44,55.00,763.00,0,0,0
2023-08-21T12:01:04Z,27.29,62.67,100,1,32.78,102.44,56.00,772.00,null,null,null
2023-08-21T12:02:04Z,27.30,62.64,100,1,36.82,102.44,56.00,772.00,null,null,null
2023-08-21T12:03:04Z,27.30,62.66,100,1,44.02,102.44,56.00,772.00,null,null,null
2023-08-21T12:04:04Z,27.29,62.77,100,1,39.81,102.44,57.00,780.00,null,null,null
2023-08-21T12:05:04Z,27.30,62.75,100,1,41.54,102.44,55.00,763.00,0,0,0
2023-08-21T12:06:04Z,27.31,62.76,100,1,41.70,102.43,56.00,772.00,null,null,null
2023-08-21T12:07:04Z,27.31,62.76,100,1,34.60,102.43,56.00,772.00,null,null,null
2023-08-21T12:08:04Z,27.30,62.78,100,1,40.41,102.42,56.00,772.00,null,null,null
2023-08-21T12:09:04Z,27.30,62.74,100,1,33.49,102.42,57.00,780.00,null,null,null
2023-08-21T12:10:04Z,27.30,62.77,100,1,40.69,102.43,59.00,791.00,0,0,0
2023-08-21T12:11:04Z,27.30,62.69,100,1,40.87,102.43,59.00,791.00,null,null,null
2023-08-21T12:12:04Z,27.31,62.70,100,1,39.32,102.43,60.00,800.00,null,null,null
2023-08-21T12:13:04Z,27.30,62.72,100,1,35.49,102.43,62.00,808.00,null,null,null
2023-08-21T12:14:04Z,27.29,62.66,100,1,36.17,102.43,62.00,808.00,null,null,null
2023-08-21T12:15:04Z,27.30,62.72,100,1,33.20,102.42,62.00,808.00,0,0,0
2023-08-21T12:16:04Z,27.33,62.71,100,1,39.62,102.43,63.00,817.00,null,null,null
2023-08-21T12:17:04Z,27.33,62.72,100,1,36.28,102.43,63.00,817.00,null,null,null
2023-08-21T12:18:04Z,27.33,62.72,100,1,37.15,102.42,63.00,817.00,null,null,null
2023-08-21T12:19:04Z,27.33,62.64,100,1,34.86,102.42,63.00,817.00,null,null,null
2023-08-21T12:20:04Z,27.33,62.69,100,1,41.78,102.42,63.00,817.00,0,0,0
2023-08-21T12:21:04Z,27.33,62.68,100,1,45.97,102.42,63.00,817.00,null,null,null
2023-08-21T12:22:04Z,27.36,62.66,100,1,33.29,102.42,65.00,827.00,null,null,null
2023-08-21T12:23:04Z,27.34,62.70,100,1,32.79,102.42,65.00,827.00,null,null,null
2023-08-21T12:24:04Z,27.36,62.71,100,1,36.79,102.42,67.00,840.00,null,null,null
2023-08-21T12:25:04Z,27.34,62.78,100,1,40.22,102.41,68.00,851.00,0,0,0
2023-08-21T12:26:04Z,27.34,62.79,100,1,39.01,102.42,65.00,832.00,null,null,null
2023-08-21T12:27:04Z,27.34,62.76,100,1,44.39,102.42,68.00,851.00,null,null,null
2023-08-21T12:28:04Z,27.36,62.78,100,1,36.68,102.42,68.00,851.00,null,null,null
2023-08-21T12:29:04Z,27.36,62.77,100,1,45.58,102.42,68.00,851.00,null,null,null
2023-08-21T12:30:04Z,27.34,62.77,100,1,43.28,102.42,68.00,851.00,0,0,0
2023-08-21T12:31:04Z,27.37,62.86,100,1,32.89,102.41,68.00,851.00,null,null,null
2023-08-21T12:32:04Z,27.34,62.93,100,1,40.97,102.41,68.00,851.00,null,null,null
2023-08-21T12:33:04Z,27.39,63.02,100,1,37.78,102.41,69.00,855.00,null,null,null
2023-08-21T12:34:04Z,27.36,62.93,100,1,34.72,102.41,69.00,855.00,null,null,null
2023-08-21T12:35:04Z,27.39,63.09,100,1,45.52,102.40,69.00,855.00,0,0,0
2023-08-21T12:36:04Z,27.39,63.14,100,1,39.52,102.41,68.00,851.00,null,null,null
2023-08-21T12:37:04Z,27.37,63.14,100,1,40.17,102.40,68.00,851.00,null,null,null
2023-08-21T12:38:04Z,27.39,63.20,100,1,46.17,102.40,68.00,851.00,null,null,null
2023-08-21T12:39:04Z,27.39,63.27,100,1,39.84,102.40,68.00,851.00,null,null,null
2023-08-21T12:40:04Z,27.39,63.20,100,1,35.90,102.40,67.00,846.00,0,0,0
2023-08-21T12:41:04Z,27.39,63.20,100,1,33.06,102.41,68.00,851.00,null,null,null
2023-08-21T12:42:04Z,27.41,63.18,100,1,30.56,102.41,69.00,855.00,null,null,null
2023-08-21T12:43:04Z,27.40,63.26,100,1,36.34,102.41,69.00,855.00,null,null,null
2023-08-21T12:44:04Z,27.40,63.31,100,1,41.92,102.40,67.00,846.00,null,null,null
2023-08-21T12:45:04Z,27.40,63.22,100,1,40.96,102.40,67.00,846.00,0,0,0
2023-08-21T12:46:04Z,27.40,63.24,100,1,38.87,102.40,69.00,855.00,null,null,null
2023-08-21T12:47:04Z,27.40,63.21,100,1,36.12,102.39,69.00,855.00,null,null,null
2023-08-21T12:48:04Z,27.46,63.18,100,1,36.48,102.39,69.00,855.00,null,null,null
2023-08-21T12:49:04Z,27.41,63.16,100,1,40.69,102.39,68.00,851.00,null,null,null
2023-08-21T12:50:04Z,27.40,63.21,100,1,40.56,102.40,68.00,851.00,0,0,0
2023-08-21T12:51:04Z,27.43,63.22,100,1,45.09,102.39,69.00,855.00,null,null,null
2023-08-21T12:52:04Z,27.41,63.17,100,1,44.66,102.39,68.00,851.00,null,null,null
2023-08-21T12:53:04Z,27.41,63.15,100,1,36.79,102.39,68.00,851.00,null,null,null
2023-08-21T12:54:04Z,27.43,63.21,100,1,39.05,102.39,69.00,855.00,null,null,null
2023-08-21T12:55:04Z,27.44,63.19,100,1,44.41,102.39,68.00,851.00,0,0,0
2023-08-21T12:56:04Z,27.43,63.17,100,1,43.59,102.39,68.00,851.00,null,null,null
2023-08-21T12:57:04Z,27.46,63.10,100,1,41.61,102.39,68.00,851.00,null,null,null
2023-08-21T12:58:04Z,27.43,63.12,100,1,43.91,102.39,68.00,851.00,null,null,null
2023-08-21T12:59:04Z,27.46,63.09,100,1,39.74,102.38,67.00,840.00,null,null,null
2023-08-21T13:00:04Z,27.43,63.02,100,1,37.48,102.39,67.00,840.00,0,0,0
2023-08-21T13:01:04Z,27.44,63.08,100,2,34.20,102.38,68.00,851.00,null,null,null
2023-08-21T13:02:04Z,27.47,63.04,100,2,35.96,102.39,67.00,840.00,null,null,null
2023-08-21T13:03:04Z,27.46,62.99,100,2,43.39,102.39,67.00,840.00,null,null,null
2023-08-21T13:04:04Z,27.46,62.96,100,2,35.69,102.39,65.00,832.00,null,null,null
2023-08-21T13:05:04Z,27.44,62.90,100,0,39.54,102.38,65.00,832.00,0,0,0
2023-08-21T13:06:04Z,27.46,62.76,100,2,39.76,102.38,62.00,808.00,null,null,null
2023-08-21T13:07:04Z,27.49,62.63,100,2,37.08,102.38,60.00,800.00,null,null,null
2023-08-21T13:08:04Z,27.49,62.58,100,2,39.15,102.38,60.00,800.00,null,null,null
2023-08-21T13:09:04Z,27.49,62.46,100,2,42.32,102.37,60.00,800.00,null,null,null
2023-08-21T13:10:04Z,27.46,62.47,100,2,40.53,102.37,59.00,791.00,0,0,0
2023-08-21T13:11:04Z,27.47,62.38,100,2,36.05,102.38,57.00,780.00,null,null,null
2023-08-21T13:12:04Z,27.49,62.31,100,2,33.56,102.38,56.00,772.00,null,null,null
2023-08-21T13:13:04Z,27.49,62.29,100,2,42.59,102.38,56.00,772.00,null,null,null
2023-08-21T13:14:04Z,27.47,62.22,100,2,35.83,102.38,56.00,772.00,null,null,null
2023-08-21T13:15:04Z,27.49,62.19,100,2,33.63,102.38,56.00,770.00,0,0,0
2023-08-21T13:16:04Z,27.44,62.12,100,2,41.59,102.38,54.00,759.00,null,null,null
2023-08-21T13:17:04Z,27.47,62.07,100,2,39.30,102.38,54.00,759.00,null,null,null
2023-08-21T13:18:04Z,27.51,62.02,100,2,40.17,102.38,53.00,749.00,null,null,null
2023-08-21T13:19:04Z,27.49,62.00,100,2,37.13,102.37,53.00,749.00,null,null,null
2023-08-21T13:20:04Z,27.50,62.02,100,2,37.17,102.38,53.00,749.00,0,0,0
2023-08-21T13:21:04Z,27.49,61.94,100,2,31.18,102.38,53.00,749.00,null,null,null
2023-08-21T13:22:04Z,27.50,61.91,100,2,39.27,102.38,52.00,742.00,null,null,null
2023-08-21T13:23:04Z,27.53,61.91,100,3,39.18,102.37,52.00,742.00,null,null,null
2023-08-21T13:24:04Z,27.50,61.93,100,2,38.58,102.37,50.00,733.00,null,null,null
2023-08-21T13:25:04Z,27.51,61.92,100,2,33.93,102.37,50.00,733.00,0,0,0
2023-08-21T13:26:04Z,27.53,61.79,100,2,39.44,102.37,49.00,726.00,null,null,null
2023-08-21T13:27:04Z,27.51,61.85,100,2,40.58,102.38,50.00,733.00,null,null,null
2023-08-21T13:28:04Z,27.51,61.82,100,3,33.61,102.37,50.00,733.00,null,null,null
2023-08-21T13:29:04Z,27.51,61.77,100,3,39.29,102.37,49.00,726.00,null,null,null
2023-08-21T13:30:04Z,27.51,61.80,100,2,41.96,102.37,49.00,726.00,0,0,0
2023-08-21T13:31:04Z,27.50,61.78,100,3,34.65,102.37,47.00,714.00,null,null,null
2023-08-21T13:32:04Z,27.54,61.79,100,3,40.53,102.37,47.00,714.00,null,null,null
2023-08-21T13:33:04Z,27.51,61.76,100,3,30.65,102.37,47.00,714.00,null,null,null
2023-08-21T13:34:04Z,27.51,61.63,100,3,33.07,102.37,47.00,714.00,null,null,null
2023-08-21T13:35:04Z,27.53,61.63,100,1,33.23,102.37,47.00,712.00,0,0,0
2023-08-21T13:36:04Z,27.54,61.42,100,1,39.73,102.37,46.00,704.00,null,null,null
2023-08-21T13:37:04Z,27.53,61.34,100,3,41.99,102.36,45.00,697.00,null,null,null
2023-08-21T13:38:04Z,27.53,61.38,100,2,38.29,102.36,43.00,688.00,null,null,null
2023-08-21T13:39:04Z,27.53,61.28,100,1,54.68,102.37,42.00,679.00,null,null,null
2023-08-21T13:40:04Z,27.54,61.26,100,4,38.81,102.36,41.00,672.00,0,0,0
2023-08-21T13:41:04Z,27.54,61.11,100,3,40.71,102.36,39.00,656.00,null,null,null
2023-08-21T13:42:04Z,27.54,61.19,100,4,45.86,102.36,40.00,665.00,null,null,null
2023-08-21T13:43:04Z,27.56,61.21,100,4,41.78,102.36,41.00,672.00,null,null,null
2023-08-21T13:44:04Z,27.54,61.08,100,5,37.80,102.36,40.00,665.00,null,null,null
2023-08-21T13:45:04Z,27.53,61.07,100,2,36.68,102.35,40.00,665.00,0,0,0
2023-08-21T13:46:04Z,27.54,61.03,100,3,39.35,102.35,39.00,656.00,null,null,null
2023-08-21T13:47:04Z,27.56,60.97,100,5,37.78,102.35,39.00,656.00,null,null,null
2023-08-21T13:48:04Z,27.56,60.81,100,5,41.08,102.35,39.00,656.00,null,null,null
2023-08-21T13:49:04Z,27.57,60.73,100,5,35.36,102.36,37.00,649.00,null,null,null
2023-08-21T13:50:04Z,27.53,60.88,100,5,37.45,102.36,37.00,649.00,0,0,0
2023-08-21T13:51:04Z,27.54,60.72,100,5,38.53,102.35,34.00,627.00,null,null,null
2023-08-21T13:52:04Z,27.57,60.82,100,5,35.10,102.35,36.00,641.00,null,null,null
2023-08-21T13:53:04Z,27.57,60.89,100,5,39.00,102.34,36.00,641.00,null,null,null
2023-08-21T13:54:04Z,27.57,60.88,100,5,35.39,102.34,34.00,627.00,null,null,null
2023-08-21T13:55:04Z,27.54,60.77,100,5,39.34,102.34,34.00,627.00,0,0,0
2023-08-21T13:56:04Z,27.54,60.84,100,5,34.03,102.35,35.00,634.00,null,null,null
2023-08-21T13:57:04Z,27.60,61.06,100,5,37.34,102.34,36.00,641.00,null,null,null
2023-08-21T13:58:04Z,27.58,60.99,100,5,36.50,102.34,36.00,641.00,null,null,null
2023-08-21T13:59:04Z,27.57,61.05,100,5,42.67,102.34,37.00,649.00,null,null,null
2023-08-21T14:00:04Z,27.56,61.01,100,3,37.50,102.34,37.00,649.00,0,0,0
2023-08-21T14:01:04Z,27.58,61.03,100,5,30.43,102.34,37.00,649.00,null,null,null
2023-08-21T14:02:04Z,27.57,60.99,100,6,39.38,102.33,37.00,649.00,null,null,null
2023-08-21T14:03:04Z,27.57,61.06,100,5,42.20,102.34,37.00,649.00,null,null,null
2023-08-21T14:04:04Z,27.60,61.00,100,6,34.31,102.34,37.00,649.00,null,null,null
2023-08-21T14:05:04Z,27.58,61.08,100,6,40.30,102.34,37.00,649.00,0,0,0
2023-08-21T14:06:04Z,27.61,61.04,100,6,37.82,102.33,37.00,649.00,null,null,null
2023-08-21T14:07:04Z,27.58,61.07,100,7,38.17,102.33,37.00,649.00,null,null,null
2023-08-21T14:08:04Z,27.60,61.01,100,1,29.69,102.33,37.00,649.00,null,null,null
2023-08-21T14:09:04Z,27.61,61.07,100,2,35.37,102.33,37.00,649.00,null,null,null
2023-08-21T14:10:04Z,27.58,61.15,100,1,28.71,102.33,37.00,649.00,0,0,0
2023-08-21T14:11:04Z,27.61,61.22,100,1,37.46,102.33,39.00,656.00,null,null,null
2023-08-21T14:12:04Z,27.60,61.21,100,1,36.96,102.32,39.00,656.00,null,null,null
2023-08-21T14:13:04Z,27.62,61.23,100,7,33.15,102.32,39.00,656.00,null,null,null
2023-08-21T14:14:04Z,27.61,61.21,100,3,40.16,102.32,39.00,656.00,null,null,null
2023-08-21T14:15:04Z,27.61,61.22,100,1,33.71,102.32,37.00,649.00,0,0,0
2023-08-21T14:16:04Z,27.62,61.13,100,7,38.64,102.32,37.00,649.00,null,null,null
2023-08-21T14:17:04Z,27.62,61.16,100,5,27.22,102.31,37.00,649.00,null,null,null
2023-08-21T14:18:04Z,27.62,61.12,100,6,50.80,102.32,37.00,649.00,null,null,null
2023-08-21T14:19:04Z,27.61,61.12,100,5,49.99,102.31,36.00,641.00,null,null,null
2023-08-21T14:20:04Z,27.60,61.10,100,7,51.64,102.30,36.00,641.00,0,0,0
2023-08-21T14:21:04Z,27.65,61.11,100,7,38.81,102.30,36.00,641.00,null,null,null
2023-08-21T14:22:04Z,27.62,61.12,100,8,39.01,102.30,36.00,641.00,null,null,null
2023-08-21T14:23:04Z,27.65,61.17,100,7,39.92,102.30,37.00,649.00,null,null,null
2023-08-21T14:24:04Z,27.65,61.10,100,7,39.21,102.30,36.00,641.00,null,null,null
2023-08-21T14:25:04Z,27.62,61.15,100,7,41.85,102.31,37.00,649.00,0,0,0
2023-08-21T14:26:04Z,27.67,60.98,100,7,36.17,102.30,36.00,641.00,null,null,null
2023-08-21T14:27:04Z,27.65,60.93,100,1,34.18,102.30,36.00,641.00,null,null,null
2023-08-21T14:28:04Z,27.67,60.91,100,1,40.75,102.30,35.00,634.00,null,null,null
2023-08-21T14:29:04Z,27.67,60.95,100,2,37.25,102.30,35.00,634.00,null,null,null
2023-08-21T14:30:04Z,27.64,60.97,100,9,33.40,102.30,35.00,634.00,0,0,0
2023-08-21T14:31:04Z,27.67,61.02,100,9,32.83,102.29,35.00,634.00,null,null,null
2023-08-21T14:32:04Z,27.68,61.03,100,8,35.98,102.29,35.00,634.00,null,null,null
2023-08-21T14:33:04Z,27.65,60.67,100,9,34.53,102.28,36.00,641.00,null,null,null
2023-08-21T14:34:04Z,27.68,61.04,100,9,39.79,102.29,36.00,641.00,null,null,null
2023-08-21T14:35:04Z,27.67,61.11,100,10,42.07,102.29,36.00,641.00,0,0,0
2023-08-21T14:36:04Z,27.67,61.03,100,10,34.03,102.29,35.00,634.00,null,null,null
2023-08-21T14:37:04Z,27.68,61.07,100,9,29.23,102.29,35.00,634.00,null,null,null
2023-08-21T14:38:04Z,27.71,61.05,100,10,30.14,102.28,35.00,634.00,null,null,null
2023-08-21T14:39:04Z,27.70,61.03,100,2,40.32,102.30,35.00,634.00,null,null,null
2023-08-21T14:40:04Z,27.68,61.08,100,10,35.63,102.29,35.00,634.00,0,0,0
2023-08-21T14:41:04Z,27.70,61.01,100,2,28.74,102.30,35.00,634.00,null,null,null
2023-08-21T14:42:04Z,27.70,61.03,100,9,31.61,102.30,35.00,634.00,null,null,null
2023-08-21T14:43:04Z,27.71,60.99,100,10,38.11,102.29,35.00,634.00,null,null,null
2023-08-21T14:44:04Z,27.71,60.99,100,10,34.56,102.29,35.00,634.00,null,null,null
2023-08-21T14:45:04Z,27.70,60.90,100,10,40.21,102.29,34.00,627.00,0,0,0
2023-08-21T14:46:04Z,27.71,60.84,100,1,37.80,102.29,34.00,627.00,null,null,null
2023-08-21T14:47:04Z,27.72,59.69,100,5,47.84,102.29,34.00,627.00,null,null,null
2023-08-21T14:48:04Z,27.71,58.69,100,11,39.68,102.28,35.00,633.00,null,null,null
2023-08-21T14:49:04Z,27.72,59.27,100,11,44.55,102.28,34.00,626.00,null,null,null
2023-08-21T14:50:04Z,27.71,59.39,100,10,34.31,102.28,29.00,592.00,0,0,0
2023-08-21T14:51:04Z,27.71,59.00,100,2,37.36,102.28,26.00,572.00,null,null,null
2023-08-21T14:52:04Z,27.71,58.04,100,1,46.02,102.28,27.00,578.00,null,null,null
2023-08-21T14:53:04Z,27.70,58.82,100,2,42.72,102.29,28.00,584.00,null,null,null
2023-08-21T14:54:04Z,27.70,58.98,100,4,34.17,102.28,25.00,569.00,null,null,null
2023-08-21T14:55:04Z,27.70,59.04,100,1,44.20,102.28,23.00,552.00,0,0,0
2023-08-21T14:56:04Z,27.67,58.91,100,1,36.94,102.28,22.00,549.00,null,null,null
2023-08-21T14:57:04Z,27.72,58.45,100,1,41.95,102.28,22.00,549.00,null,null,null
2023-08-21T14:58:04Z,27.70,58.44,100,1,41.96,102.28,22.00,548.00,null,null,null
2023-08-21T14:59:04Z,27.67,58.64,100,2,37.04,102.28,22.00,548.00,null,null,null
2023-08-21T15:00:04Z,27.70,58.79,100,7,38.29,102.27,22.00,548.00,0,0,0
2023-08-21T15:01:04Z,27.65,58.53,100,11,38.68,102.26,19.00,531.00,null,null,null
2023-08-21T15:02:04Z,27.68,58.56,100,12,36.69,102.26,22.00,548.00,null,null,null
2023-08-21T15:03:04Z,27.68,58.38,100,12,36.11,102.27,21.00,543.00,null,null,null
2023-08-21T15:04:04Z,27.67,58.36,100,13,37.16,102.26,21.00,543.00,null,null,null
2023-08-21T15:05:04Z,27.68,58.27,100,12,37.36,102.26,21.00,543.00,0,0,0
2023-08-21T15:06:04Z,27.68,58.45,100,12,37.34,102.26,19.00,530.00,null,null,null
2023-08-21T15:07:04Z,27.70,58.45,100,13,43.43,102.26,20.00,536.00,null,null,null
2023-08-21T15:08:04Z,27.70,57.94,100,6,33.25,102.26,19.00,530.00,null,null,null
2023-08-21T15:09:04Z,27.68,57.97,100,1,35.71,102.27,19.00,531.00,null,null,null
2023-08-21T15:10:04Z,27.67,58.39,100,1,39.11,102.27,19.00,531.00,0,0,0
2023-08-21T15:11:04Z,27.67,58.50,100,1,34.54,102.27,19.00,530.00,null,null,null
2023-08-21T15:12:04Z,27.67,58.33,100,2,39.42,102.26,22.00,548.00,null,null,null
2023-08-21T15:13:04Z,27.68,58.47,100,13,36.93,102.25,22.00,548.00,null,null,null
2023-08-21T15:14:04Z,27.65,58.47,100,12,37.64,102.26,23.00,553.00,null,null,null
2023-08-21T15:15:04Z,27.68,58.72,100,13,32.08,102.25,23.00,553.00,0,0,0
2023-08-21T15:16:04Z,27.67,58.72,100,13,43.22,102.25,23.00,556.00,null,null,null
2023-08-21T15:17:04Z,27.68,58.79,100,14,36.30,102.25,23.00,556.00,null,null,null
2023-08-21T15:18:04Z,27.70,58.40,100,14,30.96,102.25,23.00,552.00,null,null,null
2023-08-21T15:19:04Z,27.70,58.31,100,14,40.91,102.24,23.00,556.00,null,null,null
2023-08-21T15:20:04Z,27.68,58.79,100,14,36.67,102.24,23.00,556.00,0,0,0
2023-08-21T15:21:04Z,27.71,58.78,100,14,37.97,102.24,23.00,552.00,null,null,null
2023-08-21T15:22:04Z,27.71,58.58,100,14,40.63,102.24,22.00,549.00,null,null,null
2023-08-21T15:23:04Z,27.71,58.59,100,14,32.92,102.23,22.00,548.00,null,null,null
2023-08-21T15:24:04Z,27.71,58.38,100,14,39.54,102.24,22.00,548.00,null,null,null
2023-08-21T15:25:04Z,27.70,57.12,100,14,32.37,102.24,23.00,553.00,0,0,0
2023-08-21T15:26:04Z,27.71,56.98,100,13,43.75,102.23,23.00,553.00,null,null,null
2023-08-21T15:27:04Z,27.72,57.86,100,14,39.69,102.23,22.00,548.00,null,null,null
2023-08-21T15:28:04Z,27.72,57.74,100,13,38.91,102.23,19.00,531.00,null,null,null
2023-08-21T15:29:04Z,27.71,57.19,100,14,39.38,102.24,19.00,531.00,null,null,null
2023-08-21T15:30:04Z,27.71,57.51,100,14,29.53,102.24,20.00,534.00,0,0,0
2023-08-21T15:31:04Z,27.71,56.74,100,14,35.18,102.23,18.00,524.00,null,null,null
2023-08-21T15:32:04Z,27.72,56.74,100,14,39.82,102.23,19.00,530.00,null,null,null
2023-08-21T15:33:04Z,27.68,56.79,100,14,27.49,102.23,18.00,524.00,null,null,null
2023-08-21T15:34:04Z,27.67,57.16,100,14,41.44,102.23,18.00,519.00,null,null,null
2023-08-21T15:35:04Z,27.67,56.90,100,14,39.33,102.23,17.00,515.00,0,0,0
2023-08-21T15:36:04Z,27.70,56.38,100,15,39.31,102.24,15.00,503.00,null,null,null
2023-08-21T15:37:04Z,27.70,56.59,100,1,32.64,102.24,15.00,503.00,null,null,null
2023-08-21T15:38:04Z,27.70,56.13,100,1,39.33,102.25,14.00,496.00,null,null,null
2023-08-21T15:39:04Z,27.70,56.39,100,2,39.62,102.25,14.00,495.00,null,null,null
2023-08-21T15:40:04Z,27.67,56.31,100,2,43.78,102.24,12.00,485.00,0,0,0
2023-08-21T15:41:04Z,27.67,56.70,100,2,36.31,102.25,10.00,470.00,null,null,null
2023-08-21T15:42:04Z,27.65,56.47,100,12,39.90,102.24,11.00,476.00,null,null,null
2023-08-21T15:43:04Z,27.68,56.22,100,15,45.06,102.24,11.00,476.00,null,null,null
2023-08-21T15:44:04Z,27.64,56.43,100,15,38.34,102.23,10.00,472.00,null,null,null
2023-08-21T15:45:04Z,27.65,56.58,100,15,41.44,102.23,10.00,470.00,0,0,0
2023-08-21T15:46:04Z,27.65,56.71,100,7,33.67,102.24,9.00,463.00,null,null,null
2023-08-21T15:47:04Z,27.65,56.48,100,7,42.16,102.23,10.00,470.00,null,null,null
2023-08-21T15:48:04Z,27.65,55.75,100,15,40.96,102.23,11.00,476.00,null,null,null
2023-08-21T15:49:04Z,27.64,56.22,100,15,43.68,102.24,11.00,477.00,null,null,null
2023-08-21T15:50:04Z,27.64,56.62,100,15,47.03,102.24,12.00,482.00,0,0,0
2023-08-21T15:51:04Z,27.64,56.63,100,15,44.58,102.23,11.00,476.00,null,null,null
2023-08-21T15:52:04Z,27.64,56.40,100,15,46.07,102.23,10.00,470.00,null,null,null
2023-08-21T15:53:04Z,27.62,56.09,100,15,48.37,102.23,10.00,470.00,null,null,null
2023-08-21T15:54:04Z,27.61,56.38,100,15,49.91,102.23,11.00,477.00,null,null,null
2023-08-21T15:55:04Z,27.61,56.44,100,15,48.54,102.22,11.00,476.00,0,0,0
2023-08-21T15:56:04Z,27.62,56.54,100,15,40.63,102.22,10.00,470.00,null,null,null
2023-08-21T15:57:04Z,27.65,56.33,100,15,35.93,102.23,11.00,476.00,null,null,null
2023-08-21T15:58:04Z,27.64,56.58,100,15,50.16,102.22,11.00,476.00,null,null,null
2023-08-21T15:59:04Z,27.61,56.20,100,14,44.51,102.22,11.00,476.00,null,null,null
2023-08-21T16:00:04Z,27.61,56.55,100,14,53.96,102.22,12.00,482.00,0,0,0
2023-08-21T16:01:04Z,27.61,56.50,100,10,36.91,102.22,9.00,463.00,null,null,null
2023-08-21T16:02:04Z,27.62,56.14,100,0,44.52,102.23,9.00,463.00,null,null,null
2023-08-21T16:03:04Z,27.62,56.52,100,1,43.20,102.22,10.00,472.00,null,null,null
2023-08-21T16:04:04Z,27.61,56.38,100,4,43.18,102.22,9.00,463.00,null,null,null
2023-08-21T16:05:04Z,27.62,56.23,100,3,42.95,102.23,9.00,463.00,0,0,0
2023-08-21T16:06:04Z,27.62,56.30,100,15,32.56,102.23,9.00,461.00,null,null,null
2023-08-21T16:07:04Z,27.61,55.68,100,4,36.35,102.23,8.00,459.00,null,null,null
2023-08-21T16:08:04Z,27.58,55.99,100,3,34.38,102.23,9.00,460.00,null,null,null
2023-08-21T16:09:04Z,27.61,55.49,100,2,29.13,102.23,7.00,451.00,null,null,null
2023-08-21T16:10:04Z,27.60,54.99,100,15,38.22,102.23,10.00,470.00,0,0,0
2023-08-21T16:11:04Z,27.58,55.48,100,15,34.64,102.23,11.00,476.00,null,null,null
2023-08-21T16:12:04Z,27.60,55.64,100,15,35.47,102.23,11.00,476.00,null,null,null
2023-08-21T16:13:04Z,27.60,55.67,100,15,37.11,102.22,11.00,476.00,null,null,null
2023-08-21T16:14:04Z,27.57,55.45,100,15,43.78,102.22,9.00,464.00,null,null,null
2023-08-21T16:15:04Z,27.57,55.46,100,15,34.27,102.22,9.00,464.00,0,0,0
2023-08-21T16:16:04Z,27.57,54.53,100,15,45.16,102.22,7.00,452.00,null,null,null
2023-08-21T16:17:04Z,27.57,55.37,100,15,42.25,102.22,9.00,462.00,null,null,null
2023-08-21T16:18:04Z,27.57,54.52,100,15,40.56,102.21,7.00,452.00,null,null,null
2023-08-21T16:19:04Z,27.58,55.74,100,15,37.45,102.21,8.00,457.00,null,null,null
2023-08-21T16:20:04Z,27.58,55.64,100,15,43.11,102.20,6.00,444.00,0,0,0
2023-08-21T16:21:04Z,27.56,54.97,100,15,44.36,102.20,5.00,439.00,null,null,null
2023-08-21T16:22:04Z,27.54,55.12,100,16,37.90,102.20,6.00,444.00,null,null,null
2023-08-21T16:23:04Z,27.54,55.21,100,15,36.96,102.20,6.00,444.00,null,null,null
2023-08-21T16:24:04Z,27.54,54.91,100,16,36.14,102.19,6.00,444.00,null,null,null
2023-08-21T16:25:04Z,27.53,55.74,100,16,35.83,102.19,5.00,435.00,0,0,0
2023-08-21T16:26:04Z,27.54,55.34,100,16,38.55,102.19,4.00,428.00,null,null,null
2023-08-21T16:27:04Z,27.56,54.89,100,16,38.16,102.19,4.00,428.00,null,null,null
2023-08-21T16:28:04Z,27.53,55.04,100,16,32.33,102.19,4.00,428.00,null,null,null
2023-08-21T16:29:04Z,27.51,54.94,100,16,37.84,102.20,4.00,428.00,null,null,null
2023-08-21T16:30:04Z,27.50,54.95,100,18,43.67,102.20,5.00,435.00,0,0,0
2023-08-21T16:31:04Z,27.51,55.14,100,17,34.96,102.20,4.00,428.00,null,null,null
2023-08-21T16:32:04Z,27.56,55.00,100,16,34.19,102.20,5.00,435.00,null,null,null
2023-08-21T16:33:04Z,27.51,54.46,100,17,33.72,102.20,5.00,435.00,null,null,null
2023-08-21T16:34:04Z,27.51,55.03,100,17,39.60,102.20,5.00,435.00,null,null,null
2023-08-21T16:35:04Z,27.50,54.93,100,16,40.81,102.19,4.00,428.00,0,0,0
2023-08-21T16:36:04Z,27.51,54.76,100,17,39.38,102.20,5.00,435.00,null,null,null
2023-08-21T16:37:04Z,27.50,55.16,100,17,44.10,102.20,5.00,435.00,null,null,null
2023-08-21T16:38:04Z,27.49,55.20,100,16,38.17,102.20,4.00,428.00,null,null,null
2023-08-21T16:39:04Z,27.47,55.42,100,16,33.56,102.20,3.00,426.00,null,null,null
2023-08-21T16:40:04Z,27.49,55.17,100,16,34.96,102.19,4.00,428.00,0,0,0
2023-08-21T16:41:04Z,27.47,55.47,100,17,35.84,102.19,5.00,435.00,null,null,null
2023-08-21T16:42:04Z,27.46,55.69,100,14,28.25,102.19,4.00,428.00,null,null,null
2023-08-21T16:43:04Z,27.50,55.65,100,11,33.28,102.20,4.00,428.00,null,null,null
2023-08-21T16:44:04Z,27.47,55.81,100,9,29.74,102.20,4.00,428.00,null,null,null
2023-08-21T16:45:04Z,27.47,55.48,100,14,38.47,102.20,3.00,425.00,0,0,0
2023-08-21T16:46:04Z,27.46,55.69,100,18,42.31,102.19,5.00,434.00,null,null,null
2023-08-21T16:47:04Z,27.50,55.60,100,10,37.21,102.20,6.00,444.00,null,null,null
2023-08-21T16:48:04Z,27.49,55.93,100,15,40.88,102.20,6.00,444.00,null,null,null
2023-08-21T16:49:04Z,27.49,55.86,100,15,41.81,102.20,6.00,444.00,null,null,null
2023-08-21T16:50:04Z,27.46,55.80,100,16,39.10,102.20,6.00,444.00,0,0,0
2023-08-21T16:51:04Z,27.49,55.71,100,16,39.97,102.20,7.00,451.00,null,null,null
2023-08-21T16:52:04Z,27.49,55.68,100,16,42.66,102.19,9.00,460.00,null,null,null
2023-08-21T16:53:04Z,27.49,55.86,100,15,35.69,102.19,9.00,460.00,null,null,null
2023-08-21T16:54:04Z,27.47,55.93,100,14,35.29,102.19,9.00,461.00,null,null,null
2023-08-21T16:55:04Z,27.46,55.39,100,1,33.68,102.20,9.00,461.00,0,0,0
2023-08-21T16:56:04Z,27.49,55.78,100,10,30.94,102.19,9.00,464.00,null,null,null
2023-08-21T16:57:04Z,27.49,55.37,100,10,40.32,102.19,10.00,472.00,null,null,null
2023-08-21T16:58:04Z,27.47,55.84,100,7,36.44,102.20,10.00,470.00,null,null,null
2023-08-21T16:59:04Z,27.49,54.99,100,8,31.95,102.20,9.00,464.00,null,null,null
2023-08-21T17:00:04Z,27.47,55.71,100,7,39.54,102.20,12.00,481.00,0,0,0
2023-08-21T17:01:04Z,27.50,55.88,100,5,36.83,102.20,11.00,476.00,null,null,null
2023-08-21T17:02:04Z,27.49,55.91,100,4,41.93,102.20,10.00,472.00,null,null,null
2023-08-21T17:03:04Z,27.50,55.58,100,2,39.04,102.20,10.00,472.00,null,null,null
2023-08-21T17:04:04Z,27.50,55.81,100,2,39.89,102.20,11.00,476.00,null,null,null
2023-08-21T17:05:04Z,27.51,55.81,100,1,36.06,102.19,10.00,472.00,0,0,0
2023-08-21T17:06:04Z,27.50,55.51,100,1,48.43,102.19,10.00,472.00,null,null,null
2023-08-21T17:07:04Z,27.51,55.72,100,1,40.05,102.19,11.00,476.00,null,null,null
2023-08-21T17:08:04Z,27.47,55.52,100,1,39.94,102.19,10.00,470.00,null,null,null
2023-08-21T17:09:04Z,27.50,55.77,100,0,42.79,102.19,10.00,470.00,null,null,null
2023-08-21T17:10:04Z,27.50,55.99,100,0,41.79,102.20,9.00,464.00,0,0,0
2023-08-21T17:11:04Z,27.49,55.80,100,0,43.06,102.20,9.00,461.00,null,null,null
2023-08-21T17:12:04Z,27.50,55.76,100,0,39.15,102.20,9.00,461.00,null,null,null
2023-08-21T17:13:04Z,27.51,55.93,100,0,36.53,102.20,9.00,461.00,null,null,null
2023-08-21T17:14:04Z,27.51,56.01,100,0,41.68,102.20,9.00,461.00,null,null,null
2023-08-21T17:15:04Z,27.49,55.95,100,0,33.76,102.20,8.00,456.00,0,0,0
2023-08-21T17:16:04Z,27.50,56.10,100,0,40.00,102.20,8.00,456.00,null,null,null
2023-08-21T17:17:04Z,27.50,56.09,100,0,37.87,102.19,8.00,456.00,null,null,null
2023-08-21T17:18:04Z,27.51,56.16,100,0,39.01,102.19,8.00,456.00,null,null,null
2023-08-21T17:19:04Z,27.51,56.23,100,0,45.40,102.19,8.00,456.00,null,null,null
2023-08-21T17:20:04Z,27.49,56.15,100,0,38.83,102.18,8.00,456.00,0,0,0
2023-08-21T17:21:04Z,27.53,56.30,100,0,40.87,102.18,8.00,456.00,null,null,null
2023-08-21T17:22:04Z,27.53,56.31,100,0,41.48,102.18,8.00,455.00,null,null,null
2023-08-21T17:23:04Z,27.51,56.34,100,0,42.29,102.19,8.00,455.00,null,null,null
2023-08-21T17:24:04Z,27.51,56.31,100,0,36.15,102.19,8.00,459.00,null,null,null
2023-08-21T17:25:04Z,27.50,56.26,100,0,41.52,102.19,9.00,463.00,0,0,0
2023-08-21T17:26:04Z,27.53,56.27,100,0,41.65,102.19,9.00,463.00,null,null,null
2023-08-21T17:27:04Z,27.53,56.29,100,0,37.65,102.19,10.00,470.00,null,null,null
2023-08-21T17:28:04Z,27.57,56.25,100,0,32.96,102.18,11.00,476.00,null,null,null
2023-08-21T17:29:04Z,27.53,56.39,100,0,35.24,102.19,11.00,476.00,null,null,null
2023-08-21T17:30:04Z,27.54,56.24,100,0,40.10,102.19,12.00,480.00,0,0,0
2023-08-21T17:31:04Z,27.54,56.25,100,0,35.42,102.18,12.00,482.00,null,null,null
2023-08-21T17:32:04Z,27.56,55.75,100,0,37.84,102.18,12.00,485.00,null,null,null
2023-08-21T17:33:04Z,27.57,56.14,100,0,43.36,102.18,15.00,502.00,null,null,null
2023-08-21T17:34:04Z,27.56,55.89,100,0,37.65,102.18,15.00,505.00,null,null,null
2023-08-21T17:35:04Z,27.54,55.35,100,0,31.66,102.18,17.00,515.00,0,0,0
2023-08-21T17:36:04Z,27.56,55.88,100,0,42.90,102.19,17.00,514.00,null,null,null
2023-08-21T17:37:04Z,27.57,55.88,100,0,37.48,102.18,17.00,515.00,null,null,null
2023-08-21T17:38:04Z,27.56,55.95,100,0,39.43,102.19,17.00,515.00,null,null,null
2023-08-21T17:39:04Z,27.58,56.21,100,0,40.17,102.19,17.00,515.00,null,null,null
2023-08-21T17:40:04Z,27.57,56.09,100,0,32.41,102.19,18.00,519.00,0,0,0
2023-08-21T17:41:04Z,27.57,56.37,100,0,38.82,102.18,17.00,515.00,null,null,null
2023-08-21T17:42:04Z,27.58,56.21,100,0,36.19,102.18,15.00,503.00,null,null,null
2023-08-21T17:43:04Z,27.56,56.17,100,0,44.83,102.18,17.00,515.00,null,null,null
2023-08-21T17:44:04Z,27.57,56.11,100,0,44.30,102.18,17.00,515.00,null,null,null
2023-08-21T17:45:04Z,27.54,56.38,100,0,43.36,102.18,17.00,515.00,0,0,0
2023-08-21T17:46:04Z,27.57,56.41,100,0,43.68,102.18,16.00,508.00,null,null,null
2023-08-21T17:47:04Z,27.58,56.45,100,0,35.65,102.18,18.00,519.00,null,null,null
2023-08-21T17:48:04Z,27.57,56.62,100,0,40.40,102.18,18.00,524.00,null,null,null
2023-08-21T17:49:04Z,27.60,56.65,100,0,38.68,102.18,19.00,530.00,null,null,null
2023-08-21T17:50:04Z,27.58,56.63,100,0,42.42,102.18,19.00,530.00,0,0,0
2023-08-21T17:51:04Z,27.60,56.36,100,0,39.17,102.18,19.00,530.00,null,null,null
2023-08-21T17:52:04Z,27.60,56.49,100,0,45.58,102.18,18.00,524.00,null,null,null
2023-08-21T17:53:04Z,27.61,56.28,100,0,35.80,102.17,18.00,524.00,null,null,null
2023-08-21T17:54:04Z,27.58,55.84,100,0,35.93,102.17,18.00,519.00,null,null,null
2023-08-21T17:55:04Z,27.61,55.65,100,0,40.49,102.18,19.00,531.00,0,0,0
2023-08-21T17:56:04Z,27.61,55.93,100,0,41.86,102.18,19.00,531.00,null,null,null
2023-08-21T17:57:04Z,27.61,56.10,100,0,34.84,102.17,19.00,527.00,null,null,null
2023-08-21T17:58:04Z,27.58,56.03,100,0,41.11,102.17,18.00,519.00,null,null,null
2023-08-21T17:59:04Z,27.60,55.94,100,0,35.07,102.17,17.00,515.00,null,null,null
2023-08-21T18:00:04Z,27.61,56.01,100,0,33.88,102.18,17.00,515.00,0,0,0
2023-08-21T18:01:04Z,27.60,55.63,100,0,41.07,102.18,17.00,515.00,null,null,null
2023-08-21T18:02:04Z,27.61,55.89,100,0,36.41,102.18,18.00,519.00,null,null,null
2023-08-21T18:03:04Z,27.62,55.67,100,0,35.08,102.18,19.00,527.00,null,null,null
2023-08-21T18:04:04Z,27.61,55.77,100,0,37.71,102.18,23.00,551.00,null,null,null
2023-08-21T18:05:04Z,27.60,55.70,100,0,43.55,102.18,24.00,561.00,0,0,0
2023-08-21T18:06:04Z,27.60,55.73,100,0,46.26,102.18,27.00,580.00,null,null,null
2023-08-21T18:07:04Z,27.60,55.70,100,0,44.47,102.18,28.00,586.00,null,null,null
2023-08-21T18:08:04Z,27.61,55.61,100,0,39.55,102.18,29.00,596.00,null,null,null
2023-08-21T18:09:04Z,27.58,55.76,100,0,45.62,102.18,29.00,596.00,null,null,null
2023-08-21T18:10:04Z,27.60,55.66,100,0,39.67,102.18,29.00,591.00,0,0,0
2023-08-21T18:11:04Z,27.58,55.82,100,0,38.60,102.18,28.00,586.00,null,null,null
2023-08-21T18:12:04Z,27.61,55.39,100,0,38.47,102.17,28.00,588.00,null,null,null
2023-08-21T18:13:04Z,27.60,55.13,100,0,37.59,102.18,28.00,586.00,null,null,null
2023-08-21T18:14:04Z,27.61,55.68,100,0,38.79,102.18,26.00,572.00,null,null,null
2023-08-21T18:15:04Z,27.60,55.02,100,0,39.96,102.18,23.00,553.00,0,0,0
2023-08-21T18:16:04Z,27.60,54.87,100,0,41.30,102.17,23.00,552.00,null,null,null
2023-08-21T18:17:04Z,27.61,55.51,100,0,39.67,102.18,22.00,548.00,null,null,null
2023-08-21T18:18:04Z,27.61,55.60,100,0,44.18,102.18,19.00,531.00,null,null,null
2023-08-21T18:19:04Z,27.60,55.56,100,0,43.33,102.17,18.00,524.00,null,null,null
2023-08-21T18:20:04Z,27.60,55.53,100,0,44.45,102.17,18.00,519.00,0,0,0
2023-08-21T18:21:04Z,27.60,55.58,100,0,37.42,102.17,16.00,506.00,null,null,null
2023-08-21T18:22:04Z,27.60,54.82,100,0,31.00,102.17,14.00,498.00,null,null,null
2023-08-21T18:23:04Z,27.60,55.07,100,0,39.84,102.18,15.00,503.00,null,null,null
2023-08-21T18:24:04Z,27.61,54.96,100,0,37.74,102.17,15.00,501.00,null,null,null
2023-08-21T18:25:04Z,27.61,54.84,100,0,35.72,102.17,14.00,496.00,0,0,0
2023-08-21T18:26:04Z,27.60,55.48,100,0,39.74,102.17,14.00,492.00,null,null,null
2023-08-21T18:27:04Z,27.58,55.26,100,0,42.29,102.16,12.00,481.00,null,null,null
2023-08-21T18:28:04Z,27.57,54.97,100,0,40.46,102.16,11.00,476.00,null,null,null
2023-08-21T18:29:04Z,27.58,54.75,100,0,43.21,102.16,12.00,481.00,null,null,null
2023-08-21T18:30:04Z,27.58,55.11,100,0,41.94,102.16,11.00,476.00,0,0,0
2023-08-21T18:31:04Z,27.56,55.13,100,0,39.48,102.16,10.00,472.00,null,null,null
2023-08-21T18:32:04Z,27.60,54.59,100,0,38.32,102.16,10.00,472.00,null,null,null
2023-08-21T18:33:04Z,27.57,54.49,100,0,34.83,102.15,11.00,477.00,null,null,null
2023-08-21T18:34:04Z,27.58,55.31,100,0,40.38,102.15,10.00,472.00,null,null,null
2023-08-21T18:35:04Z,27.54,54.81,100,0,53.55,102.15,9.00,460.00,0,0,0
2023-08-21T18:36:04Z,27.57,54.49,100,0,38.92,102.15,8.00,457.00,null,null,null
2023-08-21T18:37:04Z,27.53,54.69,100,0,46.79,102.15,9.00,462.00,null,null,null
2023-08-21T18:38:04Z,27.53,54.87,100,0,44.11,102.15,9.00,462.00,null,null,null
2023-08-21T18:39:04Z,27.53,55.16,100,0,47.61,102.15,8.00,457.00,null,null,null
2023-08-21T18:40:04Z,27.54,55.26,100,0,52.97,102.16,9.00,460.00,0,0,0
2023-08-21T18:41:04Z,27.56,55.56,100,0,48.50,102.16,7.00,452.00,null,null,null
2023-08-21T18:42:04Z,27.57,55.67,100,0,50.88,102.16,9.00,464.00,null,null,null
2023-08-21T18:43:04Z,27.56,55.90,100,0,58.97,102.16,10.00,470.00,null,null,null
2023-08-21T18:44:04Z,27.56,55.95,100,0,46.57,102.17,11.00,477.00,null,null,null
2023-08-21T18:45:04Z,27.57,56.03,100,0,55.66,102.17,12.00,482.00,0,0,0
2023-08-21T18:46:04Z,27.60,56.19,100,0,47.84,102.17,12.00,482.00,null,null,null
2023-08-21T18:47:04Z,27.61,56.17,100,0,52.42,102.17,14.00,492.00,null,null,null
2023-08-21T18:48:04Z,27.60,56.41,100,0,48.82,102.17,14.00,495.00,null,null,null
2023-08-21T18:49:04Z,27.60,56.77,100,0,60.87,102.17,14.00,496.00,null,null,null
2023-08-21T18:50:04Z,27.64,56.73,100,0,52.99,102.17,14.00,495.00,0,0,0
2023-08-21T18:51:04Z,27.61,56.67,100,0,43.95,102.17,15.00,503.00,null,null,null
2023-08-21T18:52:04Z,27.62,56.73,100,0,56.38,102.18,18.00,519.00,null,null,null
2023-08-21T18:53:04Z,27.61,56.70,100,0,47.22,102.18,18.00,524.00,null,null,null
2023-08-21T18:54:04Z,27.64,56.75,100,0,58.36,102.18,18.00,519.00,null,null,null
2023-08-21T18:55:04Z,27.64,56.74,100,0,60.45,102.18,18.00,519.00,0,0,0
2023-08-21T18:56:04Z,27.68,56.63,100,0,49.07,102.18,18.00,519.00,null,null,null
2023-08-21T18:57:04Z,27.65,56.67,100,0,53.27,102.18,19.00,530.00,null,null,null
2023-08-21T18:58:04Z,27.70,56.73,100,0,62.80,102.18,20.00,534.00,null,null,null
2023-08-21T18:59:04Z,27.70,56.76,100,0,49.90,102.18,19.00,530.00,null,null,null
2023-08-21T19:00:04Z,27.71,56.69,100,0,56.92,102.17,19.00,526.00,0,0,0
2023-08-21T19:01:04Z,27.71,56.67,100,0,56.67,102.17,20.00,534.00,null,null,null
2023-08-21T19:02:04Z,27.71,56.71,100,0,58.01,102.17,19.00,530.00,null,null,null
2023-08-21T19:03:04Z,27.74,56.70,100,0,51.93,102.17,19.00,530.00,null,null,null
2023-08-21T19:04:04Z,27.74,56.74,100,0,56.57,102.18,21.00,539.00,null,null,null
2023-08-21T19:05:04Z,27.75,56.88,100,0,56.41,102.17,21.00,539.00,0,0,0
2023-08-21T19:06:04Z,27.75,56.95,100,0,46.01,102.18,14.00,493.00,null,null,null
2023-08-21T19:07:04Z,27.77,57.01,100,0,44.47,102.18,14.00,493.00,null,null,null
2023-08-21T19:08:04Z,27.78,57.06,100,0,47.50,102.17,14.00,493.00,null,null,null
2023-08-21T19:09:04Z,27.80,57.14,100,0,54.08,102.18,13.00,488.00,null,null,null
2023-08-21T19:10:04Z,27.78,57.05,100,0,37.81,102.18,14.00,493.00,0,0,0
2023-08-21T19:11:04Z,27.78,57.04,100,0,47.42,102.18,13.00,488.00,null,null,null
2023-08-21T19:12:04Z,27.81,57.01,100,0,40.30,102.18,14.00,493.00,null,null,null
2023-08-21T19:13:04Z,27.81,56.95,100,0,44.16,102.18,13.00,488.00,null,null,null
2023-08-21T19:14:04Z,27.81,56.94,100,0,43.31,102.18,13.00,488.00,null,null,null
2023-08-21T19:15:04Z,27.81,57.07,100,0,40.24,102.18,13.00,488.00,0,0,0
2023-08-21T19:16:04Z,27.84,57.14,100,0,57.66,102.18,14.00,493.00,null,null,null
2023-08-21T19:17:04Z,27.81,57.06,100,0,38.61,102.19,13.00,488.00,null,null,null
2023-08-21T19:18:04Z,27.82,56.83,100,0,51.97,102.19,12.00,485.00,null,null,null
2023-08-21T19:19:04Z,27.84,56.79,100,0,55.80,102.19,13.00,488.00,null,null,null
2023-08-21T19:20:04Z,27.81,57.21,100,0,55.41,102.19,13.00,488.00,0,0,0
2023-08-21T19:21:04Z,27.85,57.28,100,0,47.17,102.19,13.00,488.00,null,null,null
2023-08-21T19:22:04Z,27.84,57.33,100,0,42.77,102.20,13.00,487.00,null,null,null
2023-08-21T19:23:04Z,27.87,57.28,100,0,49.78,102.20,13.00,487.00,null,null,null
2023-08-21T19:24:04Z,27.85,57.23,100,0,59.00,102.20,13.00,487.00,null,null,null
2023-08-21T19:25:04Z,27.87,57.24,100,0,50.83,102.19,14.00,493.00,0,0,0
2023-08-21T19:26:04Z,27.90,57.19,100,0,55.40,102.20,14.00,496.00,null,null,null
2023-08-21T19:27:04Z,27.88,57.15,100,0,55.37,102.20,14.00,496.00,null,null,null
2023-08-21T19:28:04Z,27.90,57.24,100,0,65.37,102.19,14.00,496.00,null,null,null
2023-08-21T19:29:04Z,27.87,57.17,100,0,46.81,102.19,14.00,496.00,null,null,null
2023-08-21T19:30:04Z,27.88,57.26,100,0,56.61,102.20,14.00,496.00,0,0,0
2023-08-21T19:31:04Z,27.92,57.20,100,0,49.02,102.20,13.00,491.00,null,null,null
2023-08-21T19:32:04Z,27.90,57.26,100,0,44.81,102.20,15.00,501.00,null,null,null
2023-08-21T19:33:04Z,27.91,57.34,100,0,53.75,102.20,14.00,496.00,null,null,null
2023-08-21T19:34:04Z,27.91,56.92,100,0,59.05,102.20,14.00,496.00,null,null,null
2023-08-21T19:35:04Z,27.91,57.37,100,0,53.73,102.20,15.00,501.00,0,0,0
2023-08-21T19:36:04Z,27.95,57.48,100,0,52.74,102.20,15.00,500.00,null,null,null
2023-08-21T19:37:04Z,27.92,57.42,100,0,46.84,102.20,15.00,500.00,null,null,null
2023-08-21T19:38:04Z,27.97,57.50,100,0,61.58,102.20,15.00,500.00,null,null,null
2023-08-21T19:39:04Z,27.95,57.38,100,0,44.85,102.21,15.00,500.00,null,null,null
2023-08-21T19:40:04Z,27.97,57.47,100,0,47.64,102.20,15.00,500.00,0,0,0
2023-08-21T19:41:04Z,27.97,57.52,100,0,54.85,102.20,15.00,505.00,null,null,null
2023-08-21T19:42:04Z,28.00,57.43,100,0,41.83,102.20,15.00,505.00,null,null,null
2023-08-21T19:43:04Z,27.97,57.41,100,0,53.94,102.21,15.00,500.00,null,null,null
2023-08-21T19:44:04Z,28.00,57.43,100,0,59.05,102.21,15.00,505.00,null,null,null
2023-08-21T19:45:04Z,27.97,57.41,100,0,55.27,102.21,15.00,505.00,0,0,0
2023-08-21T19:46:04Z,28.01,57.42,100,0,63.73,102.21,15.00,505.00,null,null,null
2023-08-21T19:47:04Z,28.00,57.29,100,0,56.29,102.21,15.00,505.00,null,null,null
2023-08-21T19:48:04Z,27.98,57.31,100,0,51.51,102.21,15.00,505.00,null,null,null
2023-08-21T19:49:04Z,28.01,57.21,100,0,52.72,102.21,14.00,496.00,null,null,null
2023-08-21T19:50:04Z,28.00,57.44,100,0,54.16,102.21,15.00,505.00,0,0,0
2023-08-21T19:51:04Z,28.00,57.12,100,0,61.68,102.21,15.00,500.00,null,null,null
2023-08-21T19:52:04Z,28.02,57.20,100,0,59.05,102.21,15.00,505.00,null,null,null
2023-08-21T19:53:04Z,28.00,57.27,100,0,58.80,102.21,15.00,501.00,null,null,null
2023-08-21T19:54:04Z,28.00,57.37,100,0,55.87,102.22,15.00,500.00,null,null,null
2023-08-21T19:55:04Z,28.01,57.24,100,0,59.40,102.21,15.00,500.00,0,0,0
2023-08-21T19:56:04Z,28.02,57.41,100,0,42.57,102.22,15.00,501.00,null,null,null
2023-08-21T19:57:04Z,28.02,57.41,100,0,62.66,102.22,15.00,500.00,null,null,null
2023-08-21T19:58:04Z,28.02,57.38,100,0,49.52,102.22,15.00,500.00,null,null,null
2023-08-21T19:59:04Z,28.01,57.28,100,0,52.60,102.22,15.00,500.00,null,null,null
2023-08-21T20:00:04Z,28.04,57.95,100,0,66.67,102.22,15.00,500.00,0,0,0
2023-08-21T20:01:04Z,28.02,57.49,100,0,66.21,102.22,14.00,495.00,null,null,null
2023-08-21T20:02:04Z,28.05,57.57,100,0,57.48,102.22,15.00,505.00,null,null,null
2023-08-21T20:03:04Z,28.04,57.69,100,0,55.27,102.21,15.00,500.00,null,null,null
2023-08-21T20:04:04Z,28.04,57.53,100,0,59.74,102.22,15.00,500.00,null,null,null
2023-08-21T20:05:04Z,28.34,57.65,99,0,69.43,102.22,15.00,500.00,0,0,0
2023-08-21T20:06:04Z,28.37,57.60,99,0,42.62,102.22,12.00,483.00,null,null,null
2023-08-21T20:07:04Z,28.38,57.76,99,0,53.77,102.21,13.00,486.00,null,null,null
2023-08-21T20:08:04Z,28.39,57.40,99,0,65.26,102.21,12.00,481.00,null,null,null
2023-08-21T20:09:04Z,28.42,57.41,99,0,59.18,102.21,13.00,486.00,null,null,null
2023-08-21T20:10:04Z,28.45,57.35,99,0,51.64,102.20,13.00,486.00,0,0,0
2023-08-21T20:11:04Z,28.46,57.26,99,0,60.23,102.21,13.00,486.00,null,null,null
2023-08-21T20:12:04Z,28.49,57.17,99,0,57.24,102.21,12.00,483.00,null,null,null
2023-08-21T20:13:04Z,28.49,57.07,99,0,59.51,102.21,13.00,488.00,null,null,null
2023-08-21T20:14:04Z,28.51,57.24,99,0,50.78,102.21,13.00,488.00,null,null,null
2023-08-21T20:15:04Z,28.53,57.32,99,0,55.54,102.21,14.00,492.00,0,0,0
2023-08-21T20:16:04Z,28.53,57.18,99,0,58.83,102.21,13.00,486.00,null,null,null
2023-08-21T20:17:04Z,28.58,57.03,99,0,54.22,102.21,14.00,492.00,null,null,null
2023-08-21T20:18:04Z,28.59,57.00,99,0,82.66,102.21,13.00,488.00,null,null,null
2023-08-21T20:19:04Z,28.62,56.91,99,0,60.49,102.21,13.00,488.00,null,null,null
2023-08-21T20:20:04Z,28.61,57.27,99,0,56.60,102.21,13.00,488.00,0,0,0
2023-08-21T20:21:04Z,28.62,57.22,99,0,63.27,102.21,13.00,486.00,null,null,null
2023-08-21T20:22:04Z,28.62,57.23,99,0,63.05,102.21,14.00,492.00,null,null,null
2023-08-21T20:23:04Z,28.68,57.48,99,0,59.98,102.21,14.00,497.00,null,null,null
