TIME,TEMP,HUM,BATT,LIGHT,NOISE_A,PRESS,CCS811_VOCS,CCS811_ECO2,PM_1,PM_25,PM_10
ISO 8601,C,%,%,Lux,dBA,kPa,ppb,ppm,ug/m3,ug/m3,ug/m3
Time,Temperature,Humidity,Battery,Light,Noise dBA,Barometric pressure,VOC Gas CCS811,eCO2 Gas CCS811,PM 1.0,PM 2.5,PM 10.0
,55,56,10,14,53,58,113,112,89,87,88
2023-08-10T00:00:18Z,26.69,63.11,100,0,27.73,102.10,5.00,438.00,null,null,null
2023-08-10T00:01:18Z,26.70,63.23,100,0,28.33,102.11,5.00,438.00,null,null,null
2023-08-10T00:02:18Z,26.70,63.14,100,0,23.40,102.10,5.00,436.00,0,0,0
2023-08-10T00:03:18Z,26.70,63.20,100,0,54.20,102.11,3.00,426.00,null,null,null
2023-08-10T00:04:18Z,26.70,63.15,100,0,45.59,102.10,5.00,433.00,null,null,null
2023-08-10T00:05:18Z,26.70,63.10,100,0,31.28,102.10,5.00,433.00,null,null,null
2023-08-10T00:06:18Z,26.69,63.21,100,0,30.25,102.10,5.00,433.00,null,null,null
2023-08-10T00:07:18Z,26.69,63.22,100,0,49.67,102.11,5.00,433.00,0,0,0
2023-08-10T00:08:18Z,26.72,63.14,100,0,25.56,102.10,3.00,425.00,null,null,null
2023-08-10T00:09:18Z,26.72,63.12,100,0,25.29,102.10,4.00,432.00,null,null,null
2023-08-10T00:10:18Z,26.70,63.18,100,0,28.66,102.10,4.00,432.00,null,null,null
2023-08-10T00:11:18Z,26.70,63.21,100,0,26.16,102.10,3.00,425.00,null,null,null
2023-08-10T00:12:18Z,26.69,63.21,100,0,50.41,102.10,3.00,425.00,0,0,0
2023-08-10T00:13:18Z,26.70,63.15,100,0,31.06,102.10,3.00,425.00,null,null,null
2023-08-10T00:14:18Z,26.70,63.17,100,0,27.45,102.11,4.00,432.00,null,null,null
2023-08-10T00:15:18Z,26.70,63.14,100,0,36.94,102.11,3.00,425.00,null,null,null
2023-08-10T00:16:18Z,26.70,63.26,100,0,26.14,102.11,5.00,434.00,null,null,null
2023-08-10T00:17:18Z,26.69,63.13,100,0,27.18,102.11,4.00,427.00,0,0,0
2023-08-10T00:18:18Z,26.69,63.21,100,0,28.12,102.12,5.00,434.00,null,null,null
2023-08-10T00:19:18Z,26.70,63.17,100,0,29.68,102.11,4.00,428.00,null,null,null
2023-08-10T00:20:18Z,26.70,63.17,100,0,56.14,102.11,4.00,428.00,null,null,null
2023-08-10T00:21:18Z,26.70,63.21,100,0,54.62,102.11,4.00,428.00,null,null,null
2023-08-10T00:22:18Z,26.68,63.23,100,0,26.82,102.11,5.00,434.00,0,0,0
2023-08-10T00:23:18Z,26.69,63.20,100,0,28.19,102.12,4.00,427.00,null,null,null
2023-08-10T00:24:18Z,26.70,63.11,100,0,27.59,102.12,4.00,427.00,null,null,null
2023-08-10T00:25:18Z,26.70,63.12,100,0,40.19,102.11,4.00,427.00,null,null,null
2023-08-10T00:26:18Z,26.66,63.14,100,0,30.07,102.11,4.00,427.00,null,null,null
2023-08-10T00:27:18Z,26.68,63.12,100,0,29.48,102.11,4.00,427.00,0,0,0
2023-08-10T00:28:18Z,26.68,63.30,100,0,26.80,102.11,4.00,427.00,null,null,null
2023-08-10T00:29:18Z,26.69,62.97,100,0,30.46,102.11,3.00,423.00,null,null,null
2023-08-10T00:30:18Z,26.68,63.04,100,0,27.20,102.11,3.00,426.00,null,null,null
2023-08-10T00:31:18Z,26.69,63.08,100,0,25.87,102.11,4.00,432.00,null,null,null
2023-08-10T00:32:18Z,26.65,63.13,100,0,25.44,102.11,4.00,432.00,0,0,0
2023-08-10T00:33:18Z,26.68,63.17,100,0,32.50,102.11,4.00,432.00,null,null,null
2023-08-10T00:34:18Z,26.69,63.24,100,0,39.97,102.10,4.00,432.00,null,null,null
2023-08-10T00:35:18Z,26.65,63.07,100,0,24.31,102.10,4.00,432.00,null,null,null
2023-08-10T00:36:18Z,26.65,63.08,100,0,26.93,102.10,4.00,432.00,null,null,null
2023-08-10T00:37:18Z,26.66,63.09,100,0,23.40,102.10,4.00,432.00,0,0,0
2023-08-10T00:38:18Z,26.65,63.14,100,0,26.67,102.10,4.00,427.00,null,null,null
2023-08-10T00:39:18Z,26.68,63.13,100,0,27.34,102.10,4.00,427.00,null,null,null
2023-08-10T00:40:18Z,26.66,63.22,100,0,28.76,102.10,4.00,427.00,null,null,null
2023-08-10T00:41:18Z,26.66,63.19,100,0,30.45,102.10,4.00,427.00,null,null,null
2023-08-10T00:42:18Z,26.65,63.11,100,0,23.77,102.10,4.00,427.00,0,0,0
2023-08-10T00:43:18Z,26.68,63.12,100,0,23.86,102.10,4.00,427.00,null,null,null
2023-08-10T00:44:18Z,26.66,63.14,100,0,22.94,102.10,4.00,427.00,null,null,null
2023-08-10T00:45:18Z,26.65,63.05,100,0,40.27,102.11,4.00,427.00,null,null,null
2023-08-10T00:46:18Z,26.62,63.19,100,0,38.88,102.11,4.00,427.00,null,null,null
2023-08-10T00:47:18Z,26.63,63.23,100,0,24.35,102.11,3.00,424.00,0,0,0
2023-08-10T00:48:18Z,26.65,63.13,100,0,23.49,102.11,5.00,434.00,null,null,null
2023-08-10T00:49:18Z,26.66,63.21,100,0,34.16,102.11,4.00,427.00,null,null,null
2023-08-10T00:50:18Z,26.65,63.18,100,0,23.35,102.11,4.00,427.00,null,null,null
2023-08-10T00:51:18Z,26.65,63.07,100,0,23.90,102.11,4.00,427.00,null,null,null
2023-08-10T00:52:18Z,26.65,63.11,100,0,26.24,102.11,3.00,426.00,0,0,0
2023-08-10T00:53:18Z,26.63,63.07,100,0,29.56,102.11,2.00,418.00,null,null,null
2023-08-10T00:54:18Z,26.65,62.95,100,0,30.56,102.11,2.00,418.00,null,null,null
2023-08-10T00:55:18Z,26.63,63.14,100,0,25.32,102.11,3.00,423.00,null,null,null
2023-08-10T00:56:18Z,26.63,63.15,100,0,21.92,102.11,3.00,423.00,null,null,null
2023-08-10T00:57:18Z,26.63,63.04,100,0,24.79,102.11,2.00,418.00,0,0,0
2023-08-10T00:58:18Z,26.63,63.05,100,0,23.40,102.11,2.00,418.00,null,null,null
2023-08-10T00:59:18Z,26.66,63.10,100,0,27.38,102.11,3.00,423.00,null,null,null
2023-08-10T01:00:18Z,26.65,63.00,100,0,23.45,102.11,2.00,416.00,null,null,null
2023-08-10T01:01:18Z,26.63,63.00,100,0,26.80,102.11,2.00,416.00,null,null,null
2023-08-10T01:02:18Z,26.59,63.07,100,0,31.38,102.11,2.00,416.00,0,0,0
2023-08-10T01:03:18Z,26.62,62.80,100,0,31.07,102.11,2.00,416.00,null,null,null
2023-08-10T01:04:18Z,26.60,63.10,100,0,22.99,102.11,2.00,416.00,null,null,null
2023-08-10T01:05:18Z,26.60,63.00,100,0,21.99,102.11,2.00,414.00,null,null,null
2023-08-10T01:06:18Z,26.63,62.98,100,0,23.49,102.10,2.00,414.00,null,null,null
2023-08-10T01:07:18Z,26.60,63.10,100,0,29.22,102.10,1.00,413.00,0,0,0
2023-08-10T01:08:18Z,26.60,62.99,100,0,31.87,102.10,1.00,408.00,null,null,null
2023-08-10T01:09:18Z,26.62,62.97,100,0,48.36,102.11,1.00,408.00,null,null,null
2023-08-10T01:10:18Z,26.62,62.81,100,0,27.92,102.10,1.00,408.00,null,null,null
2023-08-10T01:11:18Z,26.60,62.99,100,0,26.73,102.10,1.00,408.00,null,null,null
2023-08-10T01:12:18Z,26.59,62.90,100,0,24.50,102.10,1.00,408.00,0,0,0
2023-08-10T01:13:18Z,26.60,63.00,100,0,57.01,102.10,0.00,400.00,null,null,null
2023-08-10T01:14:18Z,26.60,62.86,100,0,23.77,102.10,1.00,409.00,null,null,null
2023-08-10T01:15:18Z,26.60,62.88,100,0,35.35,102.10,1.00,409.00,null,null,null
2023-08-10T01:16:18Z,26.60,62.86,100,0,26.91,102.10,1.00,409.00,null,null,null
2023-08-10T01:17:18Z,26.59,62.94,100,0,56.58,102.10,1.00,409.00,0,0,0
2023-08-10T01:18:18Z,26.60,62.82,100,0,24.23,102.10,0.00,406.00,null,null,null
2023-08-10T01:19:18Z,26.58,62.83,100,0,25.50,102.10,1.00,409.00,null,null,null
2023-08-10T01:20:18Z,26.59,62.88,100,0,30.16,102.10,0.00,406.00,null,null,null
2023-08-10T01:21:18Z,26.58,62.82,100,0,25.29,102.10,0.00,406.00,null,null,null
2023-08-10T01:22:18Z,26.59,62.82,100,0,57.82,102.10,0.00,406.00,0,0,0
2023-08-10T01:23:18Z,26.58,62.90,100,0,22.78,102.09,0.00,400.00,null,null,null
2023-08-10T01:24:18Z,26.58,62.71,100,0,25.73,102.10,0.00,400.00,null,null,null
2023-08-10T01:25:18Z,26.59,62.81,100,0,48.69,102.10,0.00,405.00,null,null,null
2023-08-10T01:26:18Z,26.56,62.79,100,0,44.79,102.10,0.00,400.00,null,null,null
2023-08-10T01:27:18Z,26.55,62.77,100,0,23.54,102.10,0.00,400.00,0,0,0
2023-08-10T01:28:18Z,26.59,62.70,100,0,25.65,102.10,0.00,400.00,null,null,null
2023-08-10T01:29:18Z,26.58,62.69,100,0,51.34,102.10,0.00,405.00,null,null,null
2023-08-10T01:30:18Z,26.55,62.77,100,0,57.62,102.10,0.00,405.00,null,null,null
2023-08-10T01:31:18Z,26.56,62.73,100,0,25.35,102.10,0.00,400.00,null,null,null
2023-08-10T01:32:18Z,26.55,62.73,100,0,25.29,102.10,1.00,409.00,0,0,0
2023-08-10T01:33:18Z,26.56,62.76,100,0,24.83,102.10,0.00,405.00,null,null,null
2023-08-10T01:34:18Z,26.56,62.66,100,0,51.44,102.09,0.00,400.00,null,null,null
2023-08-10T01:35:18Z,26.55,62.79,100,0,32.20,102.09,1.00,409.00,null,null,null
2023-08-10T01:36:18Z,26.56,62.65,100,0,28.92,102.09,0.00,400.00,null,null,null
2023-08-10T01:37:18Z,26.53,62.77,100,0,26.03,102.10,0.00,405.00,0,0,0
2023-08-10T01:38:18Z,26.53,62.72,100,0,53.17,102.10,0.00,400.00,null,null,null
2023-08-10T01:39:18Z,26.55,62.77,100,0,29.92,102.10,0.00,405.00,null,null,null
2023-08-10T01:40:18Z,26.53,62.72,100,0,30.06,102.10,0.00,400.00,null,null,null
2023-08-10T01:41:18Z,26.52,62.65,100,0,25.79,102.09,1.00,409.00,null,null,null
2023-08-10T01:42:18Z,26.55,62.64,100,0,26.11,102.10,1.00,409.00,0,0,0
2023-08-10T01:43:18Z,26.53,62.70,100,0,23.94,102.09,1.00,409.00,null,null,null
2023-08-10T01:44:18Z,26.53,62.65,100,0,28.74,102.10,1.00,409.00,null,null,null
2023-08-10T01:45:18Z,26.55,62.67,100,0,23.98,102.09,1.00,409.00,null,null,null
2023-08-10T01:46:18Z,26.53,62.71,100,0,25.87,102.09,1.00,413.00,null,null,null
2023-08-10T01:47:18Z,26.52,62.63,100,0,29.03,102.10,0.00,405.00,0,0,0
2023-08-10T01:48:18Z,26.53,62.60,100,0,24.03,102.10,0.00,405.00,null,null,null
2023-08-10T01:49:18Z,26.53,62.61,100,0,23.49,102.10,0.00,405.00,null,null,null
2023-08-10T01:50:18Z,26.52,62.65,100,0,26.82,102.10,0.00,405.00,null,null,null
2023-08-10T01:51:18Z,26.51,62.52,100,0,33.14,102.10,0.00,405.00,null,null,null
2023-08-10T01:52:18Z,26.51,62.56,100,0,25.73,102.10,0.00,401.00,0,0,0
2023-08-10T01:53:18Z,26.51,62.53,100,0,25.38,102.10,0.00,401.00,null,null,null
2023-08-10T01:54:18Z,26.55,62.56,100,0,31.35,102.10,0.00,401.00,null,null,null
2023-08-10T01:55:18Z,26.52,62.53,100,0,24.35,102.10,0.00,401.00,null,null,null
2023-08-10T01:56:18Z,26.52,62.60,100,0,33.56,102.10,0.00,403.00,null,null,null
2023-08-10T01:57:18Z,26.49,62.57,100,0,36.83,102.10,0.00,400.00,0,0,0
2023-08-10T01:58:18Z,26.51,62.60,100,0,53.44,102.10,0.00,400.00,null,null,null
2023-08-10T01:59:18Z,26.51,62.56,100,0,27.49,102.09,0.00,400.00,null,null,null
2023-08-10T02:00:18Z,26.49,62.50,100,0,28.25,102.09,0.00,400.00,null,null,null
2023-08-10T02:01:18Z,26.51,62.49,100,0,25.06,102.09,0.00,400.00,null,null,null
2023-08-10T02:02:18Z,26.48,62.42,100,0,32.25,102.09,0.00,406.00,0,0,0
2023-08-10T02:03:18Z,26.48,62.58,100,0,29.30,102.09,0.00,406.00,null,null,null
2023-08-10T02:04:18Z,26.49,62.44,100,0,26.38,102.09,1.00,409.00,null,null,null
2023-08-10T02:05:18Z,26.51,62.27,100,0,23.94,102.08,0.00,406.00,null,null,null
2023-08-10T02:06:18Z,26.49,62.37,100,0,27.64,102.08,0.00,400.00,null,null,null
2023-08-10T02:07:18Z,26.48,62.50,100,0,47.75,102.08,0.00,400.00,0,0,0
2023-08-10T02:08:18Z,26.49,62.50,100,0,50.03,102.08,0.00,400.00,null,null,null
2023-08-10T02:09:18Z,26.47,62.50,100,0,34.83,102.08,0.00,400.00,null,null,null
2023-08-10T02:10:18Z,26.49,62.45,100,0,28.68,102.07,0.00,400.00,null,null,null
2023-08-10T02:11:18Z,26.49,62.50,100,0,28.19,102.08,0.00,400.00,null,null,null
2023-08-10T02:12:18Z,26.48,62.46,100,0,24.39,102.07,0.00,403.00,0,0,0
2023-08-10T02:13:18Z,26.45,62.51,100,0,29.80,102.07,0.00,403.00,null,null,null
2023-08-10T02:14:18Z,26.51,62.46,100,0,45.06,102.07,0.00,400.00,null,null,null
2023-08-10T02:15:18Z,26.48,62.28,100,0,55.29,102.07,0.00,400.00,null,null,null
2023-08-10T02:16:18Z,26.47,62.39,100,0,29.83,102.07,0.00,400.00,null,null,null
2023-08-10T02:17:18Z,26.47,62.26,100,0,24.96,102.06,0.00,403.00,0,0,0
2023-08-10T02:18:18Z,26.47,62.43,100,0,24.27,102.07,0.00,400.00,null,null,null
2023-08-10T02:19:18Z,26.44,62.34,100,0,62.56,102.06,0.00,400.00,null,null,null
2023-08-10T02:20:18Z,26.47,62.34,100,0,43.88,102.06,0.00,400.00,null,null,null
2023-08-10T02:21:18Z,26.47,62.40,100,0,24.83,102.06,0.00,405.00,null,null,null
2023-08-10T02:22:18Z,26.44,62.39,100,0,33.38,102.06,0.00,405.00,0,0,0
2023-08-10T02:23:18Z,26.45,62.47,100,0,23.94,102.06,0.00,400.00,null,null,null
2023-08-10T02:24:18Z,26.45,62.32,100,0,24.19,102.06,0.00,400.00,null,null,null
2023-08-10T02:25:18Z,26.45,62.34,100,0,27.44,102.06,0.00,400.00,null,null,null
2023-08-10T02:26:18Z,26.44,62.35,100,0,27.14,102.05,0.00,400.00,null,null,null
2023-08-10T02:27:18Z,26.44,62.38,100,0,22.61,102.06,1.00,408.00,0,0,0
2023-08-10T02:28:18Z,26.44,62.36,100,0,26.03,102.05,2.00,417.00,null,null,null
2023-08-10T02:29:18Z,26.45,62.14,100,0,24.43,102.05,3.00,422.00,null,null,null
2023-08-10T02:30:18Z,26.41,62.36,100,0,24.23,102.06,4.00,428.00,null,null,null
2023-08-10T02:31:18Z,26.42,62.38,100,0,36.56,102.05,3.00,425.00,null,null,null
2023-08-10T02:32:18Z,26.41,62.35,100,0,32.68,102.05,3.00,422.00,0,0,0
2023-08-10T02:33:18Z,26.41,62.38,100,0,32.79,102.05,3.00,425.00,null,null,null
2023-08-10T02:34:18Z,26.44,62.43,100,0,24.15,102.05,3.00,425.00,null,null,null
2023-08-10T02:35:18Z,26.42,62.33,100,0,50.63,102.05,3.00,425.00,null,null,null
2023-08-10T02:36:18Z,26.42,62.37,100,0,30.47,102.05,3.00,422.00,null,null,null
2023-08-10T02:37:18Z,26.39,62.22,100,0,37.87,102.05,2.00,417.00,0,0,0
2023-08-10T02:38:18Z,26.41,62.34,100,0,28.67,102.06,2.00,417.00,null,null,null
2023-08-10T02:39:18Z,26.44,62.30,100,0,36.35,102.05,2.00,414.00,null,null,null
2023-08-10T02:40:18Z,26.41,62.38,100,0,26.67,102.05,2.00,414.00,null,null,null
2023-08-10T02:41:18Z,26.39,62.36,100,0,24.54,102.06,2.00,414.00,null,null,null
2023-08-10T02:42:18Z,26.38,62.29,100,0,25.44,102.06,1.00,413.00,0,0,0
2023-08-10T02:43:18Z,26.41,62.23,100,0,33.93,102.06,1.00,407.00,null,null,null
2023-08-10T02:44:18Z,26.39,62.15,100,0,27.06,102.06,1.00,410.00,null,null,null
2023-08-10T02:45:18Z,26.39,62.16,100,0,31.03,102.06,1.00,410.00,null,null,null
2023-08-10T02:46:18Z,26.39,62.20,100,0,27.68,102.07,1.00,410.00,null,null,null
2023-08-10T02:47:18Z,26.37,62.08,100,0,26.48,102.07,1.00,410.00,0,0,0
2023-08-10T02:48:18Z,26.37,62.20,100,0,24.65,102.06,0.00,402.00,null,null,null
2023-08-10T02:49:18Z,26.38,62.31,100,0,27.44,102.07,1.00,408.00,null,null,null
2023-08-10T02:50:18Z,26.35,62.15,100,0,20.67,102.06,0.00,405.00,null,null,null
2023-08-10T02:51:18Z,26.39,62.19,100,0,29.80,102.06,0.00,405.00,null,null,null
2023-08-10T02:52:18Z,26.37,62.17,100,0,30.95,102.06,0.00,405.00,0,0,0
2023-08-10T02:53:18Z,26.39,62.20,100,0,26.71,102.07,0.00,405.00,null,null,null
2023-08-10T02:54:18Z,26.37,62.12,100,0,24.58,102.06,1.00,408.00,null,null,null
2023-08-10T02:55:18Z,26.38,62.12,100,0,30.98,102.07,1.00,408.00,null,null,null
2023-08-10T02:56:18Z,26.38,62.25,100,0,26.08,102.06,1.00,408.00,null,null,null
2023-08-10T02:57:18Z,26.38,62.33,100,0,38.97,102.06,1.00,410.00,0,0,0
2023-08-10T02:58:18Z,26.34,62.19,100,0,28.11,102.07,0.00,405.00,null,null,null
2023-08-10T02:59:18Z,26.35,62.25,100,0,24.39,102.06,2.00,414.00,null,null,null
2023-08-10T03:00:18Z,26.37,62.28,100,0,22.66,102.06,1.00,410.00,null,null,null
2023-08-10T03:01:18Z,26.35,62.18,100,0,38.83,102.06,1.00,410.00,null,null,null
2023-08-10T03:02:18Z,26.34,62.20,100,0,24.89,102.06,2.00,414.00,0,0,0
2023-08-10T03:03:18Z,26.35,62.16,100,0,24.54,102.06,1.00,408.00,null,null,null
2023-08-10T03:04:18Z,26.35,62.01,100,0,24.07,102.06,1.00,413.00,null,null,null
2023-08-10T03:05:18Z,26.35,62.11,100,0,48.48,102.06,1.00,407.00,null,null,null
2023-08-10T03:06:18Z,26.35,62.16,100,0,30.04,102.06,1.00,407.00,null,null,null
2023-08-10T03:07:18Z,26.32,62.12,100,0,55.71,102.06,0.00,403.00,0,0,0
2023-08-10T03:08:18Z,26.35,62.12,100,0,23.20,102.06,0.00,403.00,null,null,null
2023-08-10T03:09:18Z,26.35,62.08,100,0,24.61,102.06,1.00,407.00,null,null,null
2023-08-10T03:10:18Z,26.34,62.11,100,0,42.48,102.05,1.00,407.00,null,null,null
2023-08-10T03:11:18Z,26.35,62.09,100,0,26.03,102.05,0.00,401.00,null,null,null
2023-08-10T03:12:18Z,26.34,62.03,100,0,32.44,102.05,0.00,400.00,0,0,0
2023-08-10T03:13:18Z,26.35,62.07,100,0,24.46,102.05,0.00,400.00,null,null,null
2023-08-10T03:14:18Z,26.34,62.20,100,0,54.81,102.05,1.00,408.00,null,null,null
2023-08-10T03:15:18Z,26.32,62.17,100,0,23.49,102.05,1.00,408.00,null,null,null
2023-08-10T03:16:18Z,26.32,62.12,100,0,24.96,102.05,0.00,405.00,null,null,null
2023-08-10T03:17:18Z,26.29,62.20,100,0,23.59,102.04,0.00,405.00,0,0,0
2023-08-10T03:18:18Z,26.32,62.01,100,0,43.41,102.05,0.00,400.00,null,null,null
2023-08-10T03:19:18Z,26.32,62.03,100,0,49.76,102.05,0.00,400.00,null,null,null
2023-08-10T03:20:18Z,26.31,62.07,100,0,30.10,102.04,0.00,400.00,null,null,null
2023-08-10T03:21:18Z,26.34,62.02,100,0,39.61,102.04,0.00,400.00,null,null,null
2023-08-10T03:22:18Z,26.29,62.06,100,0,49.44,102.04,0.00,400.00,0,0,0
2023-08-10T03:23:18Z,26.32,62.10,100,0,25.09,102.04,0.00,400.00,null,null,null
2023-08-10T03:24:18Z,26.32,62.05,100,0,47.91,102.04,0.00,400.00,null,null,null
2023-08-10T03:25:18Z,26.31,62.06,100,0,29.40,102.04,0.00,400.00,null,null,null
2023-08-10T03:26:18Z,26.29,62.21,100,0,25.73,102.04,0.00,402.00,null,null,null
2023-08-10T03:27:18Z,26.29,62.16,100,0,27.78,102.04,0.00,402.00,0,0,0
2023-08-10T03:28:18Z,26.31,62.21,100,0,47.48,102.05,1.00,407.00,null,null,null
2023-08-10T03:29:18Z,26.31,62.14,100,0,29.20,102.04,1.00,407.00,null,null,null
2023-08-10T03:30:18Z,26.31,62.20,100,0,24.96,102.04,1.00,410.00,null,null,null
2023-08-10T03:31:18Z,26.29,62.27,100,0,26.41,102.04,1.00,407.00,null,null,null
2023-08-10T03:32:18Z,26.29,62.33,100,0,23.63,102.04,1.00,407.00,0,0,0
2023-08-10T03:33:18Z,26.27,62.29,100,0,25.47,102.04,1.00,413.00,null,null,null
2023-08-10T03:34:18Z,26.28,62.17,100,0,48.67,102.04,0.00,403.00,null,null,null
2023-08-10T03:35:18Z,26.29,62.22,100,0,23.90,102.04,1.00,407.00,null,null,null
2023-08-10T03:36:18Z,26.29,61.96,100,0,25.87,102.04,0.00,402.00,null,null,null
2023-08-10T03:37:18Z,26.27,62.17,100,0,30.11,102.04,0.00,402.00,0,0,0
2023-08-10T03:38:18Z,26.25,62.12,100,0,26.26,102.04,0.00,402.00,null,null,null
2023-08-10T03:39:18Z,26.29,62.02,100,0,28.11,102.04,0.00,402.00,null,null,null
2023-08-10T03:40:18Z,26.27,62.07,100,0,25.90,102.04,0.00,400.00,null,null,null
2023-08-10T03:41:18Z,26.25,62.06,100,0,28.22,102.04,0.00,400.00,null,null,null
2023-08-10T03:42:18Z,26.24,62.06,100,0,30.77,102.04,0.00,400.00,0,0,0
2023-08-10T03:43:18Z,26.25,62.18,100,0,52.31,102.04,2.00,414.00,null,null,null
2023-08-10T03:44:18Z,26.27,61.93,100,0,24.07,102.03,0.00,400.00,null,null,null
2023-08-10T03:45:18Z,26.24,62.04,100,0,31.36,102.04,0.00,400.00,null,null,null
2023-08-10T03:46:18Z,26.27,62.01,100,0,31.87,102.04,2.00,417.00,null,null,null
2023-08-10T03:47:18Z,26.27,61.96,100,0,25.82,102.04,0.00,400.00,0,0,0
2023-08-10T03:48:18Z,26.25,61.96,100,0,25.00,102.04,0.00,400.00,null,null,null
2023-08-10T03:49:18Z,26.24,61.94,100,0,23.86,102.04,0.00,400.00,null,null,null
2023-08-10T03:50:18Z,26.27,62.12,100,0,24.46,102.04,3.00,420.00,null,null,null
2023-08-10T03:51:18Z,26.23,62.07,100,0,34.38,102.03,0.00,400.00,null,null,null
2023-08-10T03:52:18Z,26.23,62.04,100,0,22.43,102.03,3.00,420.00,0,0,0
2023-08-10T03:53:18Z,26.24,61.96,100,0,21.85,102.03,3.00,420.00,null,null,null
2023-08-10T03:54:18Z,26.24,61.91,100,0,46.91,102.03,2.00,415.00,null,null,null
2023-08-10T03:55:18Z,26.24,61.84,100,0,22.55,102.03,1.00,408.00,null,null,null
2023-08-10T03:56:18Z,26.21,61.98,100,0,47.62,102.03,1.00,408.00,null,null,null
2023-08-10T03:57:18Z,26.23,61.93,100,0,33.99,102.03,1.00,410.00,0,0,0
2023-08-10T03:58:18Z,26.23,61.88,100,0,25.03,102.03,1.00,410.00,null,null,null
2023-08-10T03:59:18Z,26.23,61.93,100,0,30.90,102.04,1.00,408.00,null,null,null
2023-08-10T04:00:18Z,26.24,61.96,100,0,34.01,102.03,1.00,410.00,null,null,null
2023-08-10T04:01:18Z,26.23,61.89,100,0,28.99,102.03,1.00,410.00,null,null,null
2023-08-10T04:02:18Z,26.23,61.84,100,0,25.82,102.04,1.00,408.00,0,0,0
2023-08-10T04:03:18Z,26.20,61.89,100,0,23.68,102.04,1.00,408.00,null,null,null
2023-08-10T04:04:18Z,26.21,61.83,100,0,25.35,102.04,1.00,408.00,null,null,null
2023-08-10T04:05:18Z,26.21,61.93,100,0,28.88,102.04,0.00,405.00,null,null,null
2023-08-10T04:06:18Z,26.21,61.94,100,0,27.26,102.04,0.00,405.00,null,null,null
2023-08-10T04:07:18Z,26.20,61.99,100,0,28.63,102.04,0.00,403.00,0,0,0
2023-08-10T04:08:18Z,26.20,61.88,100,0,25.79,102.04,0.00,403.00,null,null,null
2023-08-10T04:09:18Z,26.23,61.88,100,0,30.92,102.04,0.00,403.00,null,null,null
2023-08-10T04:10:18Z,26.18,61.82,100,0,50.54,102.04,0.00,400.00,null,null,null
2023-08-10T04:11:18Z,26.18,61.90,100,0,27.77,102.04,0.00,405.00,null,null,null
2023-08-10T04:12:18Z,26.18,61.91,100,0,24.46,102.04,0.00,405.00,0,0,0
2023-08-10T04:13:18Z,26.21,61.82,100,0,32.49,102.04,0.00,405.00,null,null,null
2023-08-10T04:14:18Z,26.18,61.82,100,0,26.89,102.04,0.00,405.00,null,null,null
2023-08-10T04:15:18Z,26.20,61.96,100,0,23.94,102.04,0.00,400.00,null,null,null
2023-08-10T04:16:18Z,26.15,61.94,100,0,24.23,102.04,0.00,405.00,null,null,null
2023-08-10T04:17:18Z,26.18,61.91,100,0,26.53,102.04,0.00,400.00,0,0,0
2023-08-10T04:18:18Z,26.17,61.91,100,0,50.11,102.04,0.00,400.00,null,null,null
2023-08-10T04:19:18Z,26.18,61.86,100,0,49.90,102.04,0.00,405.00,null,null,null
2023-08-10T04:20:18Z,26.17,61.69,100,0,56.32,102.04,0.00,405.00,null,null,null
2023-08-10T04:21:18Z,26.15,61.83,100,0,28.67,102.04,0.00,403.00,null,null,null
2023-08-10T04:22:18Z,26.15,61.73,100,0,50.63,102.04,0.00,400.00,0,0,0
2023-08-10T04:23:18Z,26.18,61.89,100,0,47.69,102.04,0.00,403.00,null,null,null
2023-08-10T04:24:18Z,26.15,61.86,100,0,24.65,102.04,0.00,405.00,null,null,null
2023-08-10T04:25:18Z,26.17,61.99,100,0,24.46,102.05,0.00,405.00,null,null,null
2023-08-10T04:26:18Z,26.17,62.04,100,0,23.35,102.04,1.00,409.00,null,null,null
2023-08-10T04:27:18Z,26.15,62.05,100,0,25.19,102.04,1.00,413.00,0,0,0
2023-08-10T04:28:18Z,26.15,62.12,100,0,26.26,102.05,1.00,409.00,null,null,null
2023-08-10T04:29:18Z,26.15,62.18,100,0,29.36,102.05,3.00,422.00,null,null,null
2023-08-10T04:30:18Z,26.18,62.20,100,0,25.13,102.05,3.00,422.00,null,null,null
2023-08-10T04:31:18Z,26.15,62.20,100,0,33.27,102.05,3.00,422.00,null,null,null
2023-08-10T04:32:18Z,26.14,62.28,100,0,31.59,102.05,3.00,426.00,0,0,0
2023-08-10T04:33:18Z,26.14,62.27,100,0,24.43,102.05,3.00,423.00,null,null,null
2023-08-10T04:34:18Z,26.14,62.27,100,0,25.44,102.05,4.00,427.00,null,null,null
2023-08-10T04:35:18Z,26.15,62.30,100,0,32.61,102.05,3.00,423.00,null,null,null
2023-08-10T04:36:18Z,26.12,62.34,100,0,26.03,102.05,4.00,432.00,null,null,null
2023-08-10T04:37:18Z,26.12,62.24,100,0,29.62,102.05,3.00,423.00,0,0,0
2023-08-10T04:38:18Z,26.12,62.61,100,0,38.12,102.05,2.00,416.00,null,null,null
2023-08-10T04:39:18Z,26.14,62.48,100,0,35.60,102.05,4.00,428.00,null,null,null
2023-08-10T04:40:18Z,26.12,62.69,100,0,43.57,102.05,6.00,443.00,null,null,null
2023-08-10T04:41:18Z,26.12,62.75,100,0,25.84,102.05,6.00,445.00,null,null,null
2023-08-10T04:42:18Z,26.12,62.87,100,0,51.05,102.06,6.00,445.00,0,0,0
2023-08-10T04:43:18Z,26.12,62.76,100,0,26.95,102.05,6.00,441.00,null,null,null
2023-08-10T04:44:18Z,26.15,62.68,100,0,31.95,102.05,5.00,438.00,null,null,null
2023-08-10T04:45:18Z,26.11,62.52,100,0,49.61,102.06,5.00,433.00,null,null,null
2023-08-10T04:46:18Z,26.11,62.54,100,0,30.13,102.05,6.00,441.00,null,null,null
2023-08-10T04:47:18Z,26.09,62.52,100,0,23.05,102.05,6.00,441.00,0,0,0
2023-08-10T04:48:18Z,26.09,62.46,100,0,27.36,102.05,3.00,426.00,null,null,null
2023-08-10T04:49:18Z,26.12,62.48,100,0,44.25,102.05,5.00,433.00,null,null,null
2023-08-10T04:50:18Z,26.09,62.33,100,0,23.30,102.06,3.00,426.00,null,null,null
2023-08-10T04:51:18Z,26.12,62.38,100,0,23.40,102.06,6.00,441.00,null,null,null
2023-08-10T04:52:18Z,26.08,62.39,100,0,24.11,102.05,6.00,443.00,0,0,0
2023-08-10T04:53:18Z,26.12,62.31,100,0,26.60,102.06,7.00,451.00,null,null,null
2023-08-10T04:54:18Z,26.11,62.35,100,0,42.40,102.06,8.00,457.00,null,null,null
2023-08-10T04:55:18Z,26.11,62.30,100,0,21.26,102.06,9.00,462.00,null,null,null
2023-08-10T04:56:18Z,26.09,62.35,100,0,28.58,102.06,8.00,457.00,null,null,null
2023-08-10T04:57:18Z,26.09,62.40,100,0,27.53,102.06,9.00,462.00,0,0,0
2023-08-10T04:58:18Z,26.08,62.39,100,0,24.27,102.06,9.00,462.00,null,null,null
2023-08-10T04:59:18Z,26.11,62.38,100,0,25.76,102.06,8.00,457.00,null,null,null
2023-08-10T05:00:18Z,26.09,62.34,100,0,27.60,102.06,9.00,461.00,null,null,null
2023-08-10T05:01:18Z,26.09,62.38,100,0,25.90,102.06,9.00,461.00,null,null,null
2023-08-10T05:02:18Z,26.08,62.23,100,0,24.96,102.06,9.00,461.00,0,0,0
2023-08-10T05:03:18Z,26.09,62.33,100,0,56.95,102.05,9.00,464.00,null,null,null
2023-08-10T05:04:18Z,26.09,62.41,100,0,43.81,102.05,8.00,456.00,null,null,null
2023-08-10T05:05:18Z,26.07,62.47,100,0,25.87,102.05,9.00,461.00,null,null,null
2023-08-10T05:06:18Z,26.08,62.43,100,0,23.81,102.04,9.00,465.00,null,null,null
2023-08-10T05:07:18Z,26.07,62.39,100,0,50.53,102.04,8.00,459.00,0,0,0
2023-08-10T05:08:18Z,26.08,62.35,100,0,24.61,102.05,8.00,459.00,null,null,null
2023-08-10T05:09:18Z,26.08,62.31,100,0,30.58,102.05,8.00,454.00,null,null,null
2023-08-10T05:10:18Z,26.07,62.41,100,0,25.59,102.05,8.00,454.00,null,null,null
2023-08-10T05:11:18Z,26.08,62.28,100,0,50.05,102.05,8.00,454.00,null,null,null
2023-08-10T05:12:18Z,26.08,62.45,100,0,24.19,102.05,7.00,447.00,0,0,0
2023-08-10T05:13:18Z,26.07,62.32,100,0,26.41,102.05,7.00,447.00,null,null,null
2023-08-10T05:14:18Z,26.07,62.27,100,0,28.39,102.05,7.00,447.00,null,null,null
2023-08-10T05:15:18Z,26.08,62.37,100,0,21.56,102.04,6.00,443.00,null,null,null
2023-08-10T05:16:18Z,26.04,62.34,100,0,25.29,102.04,6.00,443.00,null,null,null
2023-08-10T05:17:18Z,26.05,62.29,100,0,22.72,102.04,7.00,452.00,0,0,0
2023-08-10T05:18:18Z,26.07,62.34,100,0,28.44,102.05,7.00,446.00,null,null,null
2023-08-10T05:19:18Z,26.08,62.29,100,0,25.73,102.05,7.00,446.00,null,null,null
2023-08-10T05:20:18Z,26.07,62.76,100,0,29.48,102.05,7.00,446.00,null,null,null
2023-08-10T05:21:18Z,26.07,62.89,100,0,35.48,102.06,12.00,480.00,null,null,null
2023-08-10T05:22:18Z,26.07,62.84,100,0,23.81,102.05,11.00,475.00,0,0,0
2023-08-10T05:23:18Z,26.05,63.68,100,0,30.18,102.06,13.00,488.00,null,null,null
2023-08-10T05:24:18Z,26.05,62.84,100,0,33.28,102.06,13.00,488.00,null,null,null
2023-08-10T05:25:18Z,26.05,62.93,100,0,23.10,102.06,12.00,480.00,null,null,null
2023-08-10T05:26:18Z,26.05,62.80,100,0,24.19,102.06,10.00,466.00,null,null,null
2023-08-10T05:27:18Z,26.05,62.80,100,0,22.05,102.06,10.00,466.00,0,0,0
2023-08-10T05:28:18Z,26.05,62.50,100,0,34.88,102.07,8.00,457.00,null,null,null
2023-08-10T05:29:18Z,26.04,62.56,100,0,30.46,102.06,8.00,457.00,null,null,null
2023-08-10T05:30:18Z,26.05,62.58,100,0,28.71,102.06,7.00,450.00,null,null,null
2023-08-10T05:31:18Z,26.05,62.57,100,0,22.31,102.06,7.00,450.00,null,null,null
2023-08-10T05:32:18Z,26.04,62.60,100,0,27.73,102.06,7.00,450.00,0,0,0
2023-08-10T05:33:18Z,26.05,62.59,100,0,54.85,102.06,7.00,450.00,null,null,null
2023-08-10T05:34:18Z,26.05,62.68,100,0,29.89,102.07,7.00,450.00,null,null,null
2023-08-10T05:35:18Z,26.05,62.63,100,1,30.69,102.07,8.00,455.00,null,null,null
2023-08-10T05:36:18Z,26.07,62.75,100,0,25.09,102.06,7.00,450.00,null,null,null
2023-08-10T05:37:18Z,26.04,62.72,100,0,23.77,102.06,7.00,450.00,0,0,0
2023-08-10T05:38:18Z,26.04,62.78,100,0,23.86,102.06,8.00,454.00,null,null,null
2023-08-10T05:39:18Z,26.05,62.71,100,0,25.73,102.06,8.00,457.00,null,null,null
2023-08-10T05:40:18Z,26.04,62.76,100,0,24.72,102.06,8.00,459.00,null,null,null
2023-08-10T05:41:18Z,26.01,62.78,100,0,20.85,102.06,8.00,454.00,null,null,null
2023-08-10T05:42:18Z,26.05,62.69,100,0,24.11,102.06,7.00,448.00,0,0,0
2023-08-10T05:43:18Z,26.04,62.78,100,0,27.66,102.06,8.00,454.00,null,null,null
2023-08-10T05:44:18Z,26.02,62.79,100,1,29.11,102.06,8.00,457.00,null,null,null
2023-08-10T05:45:18Z,26.05,62.80,100,1,25.09,102.06,7.00,451.00,null,null,null
2023-08-10T05:46:18Z,26.05,62.75,100,1,24.54,102.06,8.00,455.00,null,null,null
2023-08-10T05:47:18Z,26.02,62.79,100,0,25.35,102.06,7.00,451.00,0,0,0
2023-08-10T05:48:18Z,26.05,62.83,100,0,27.59,102.05,7.00,451.00,null,null,null
2023-08-10T05:49:18Z,26.02,62.89,100,0,24.58,102.06,8.00,455.00,null,null,null
2023-08-10T05:50:18Z,26.05,62.84,100,0,24.07,102.05,8.00,455.00,null,null,null
2023-08-10T05:51:18Z,26.02,62.92,100,0,30.72,102.05,9.00,461.00,null,null,null
2023-08-10T05:52:18Z,26.05,62.88,100,1,29.86,102.05,9.00,461.00,0,0,0
2023-08-10T05:53:18Z,26.02,62.93,100,1,21.71,102.05,8.00,454.00,null,null,null
2023-08-10T05:54:18Z,26.04,62.87,100,1,26.21,102.05,9.00,460.00,null,null,null
2023-08-10T05:55:18Z,26.04,63.00,100,1,42.40,102.06,9.00,464.00,null,null,null
2023-08-10T05:56:18Z,26.02,62.90,100,1,46.41,102.05,9.00,460.00,null,null,null
2023-08-10T05:57:18Z,26.04,62.86,100,1,31.57,102.05,9.00,464.00,0,0,0
2023-08-10T05:58:18Z,26.02,62.81,100,1,26.31,102.04,9.00,460.00,null,null,null
2023-08-10T05:59:18Z,26.02,62.76,100,1,32.97,102.04,9.00,460.00,null,null,null
2023-08-10T06:00:18Z,26.02,62.87,100,1,33.66,102.04,9.00,460.00,null,null,null
2023-08-10T06:01:18Z,26.02,62.86,100,1,30.30,102.04,8.00,459.00,null,null,null
2023-08-10T06:02:18Z,26.01,62.87,100,1,23.98,102.04,7.00,452.00,0,0,0
2023-08-10T06:03:18Z,26.02,62.93,100,1,37.24,102.04,7.00,452.00,null,null,null
2023-08-10T06:04:18Z,26.04,62.74,100,1,26.76,102.05,8.00,459.00,null,null,null
2023-08-10T06:05:18Z,26.02,62.79,100,1,27.12,102.05,8.00,457.00,null,null,null
2023-08-10T06:06:18Z,26.02,62.83,100,1,25.26,102.06,7.00,448.00,null,null,null
2023-08-10T06:07:18Z,26.01,62.70,100,1,33.13,102.06,7.00,448.00,0,0,0
2023-08-10T06:08:18Z,26.02,62.66,100,1,26.80,102.06,6.00,443.00,null,null,null
2023-08-10T06:09:18Z,26.04,62.55,100,1,25.38,102.07,7.00,447.00,null,null,null
2023-08-10T06:10:18Z,26.02,62.53,100,1,25.62,102.07,7.00,447.00,null,null,null
2023-08-10T06:11:18Z,26.01,62.47,100,1,28.48,102.06,6.00,443.00,null,null,null
2023-08-10T06:12:18Z,26.01,62.53,100,1,42.35,102.07,7.00,447.00,0,0,0
2023-08-10T06:13:18Z,26.02,62.54,100,1,24.43,102.06,5.00,433.00,null,null,null
2023-08-10T06:14:18Z,26.01,62.49,100,1,24.19,102.07,5.00,436.00,null,null,null
2023-08-10T06:15:18Z,26.01,62.37,100,1,25.26,102.07,6.00,443.00,null,null,null
2023-08-10T06:16:18Z,25.98,62.33,100,1,30.10,102.07,4.00,432.00,null,null,null
2023-08-10T06:17:18Z,26.01,62.39,100,1,31.18,102.07,3.00,425.00,0,0,0
2023-08-10T06:18:18Z,26.01,62.45,100,1,28.58,102.07,3.00,425.00,null,null,null
2023-08-10T06:19:18Z,25.98,62.32,100,1,25.62,102.07,3.00,425.00,null,null,null
2023-08-10T06:20:18Z,26.00,62.41,100,1,30.32,102.07,3.00,425.00,null,null,null
2023-08-10T06:21:18Z,26.02,62.40,100,1,26.38,102.07,3.00,425.00,null,null,null
2023-08-10T06:22:18Z,25.98,62.42,100,1,31.35,102.07,3.00,423.00,0,0,0
2023-08-10T06:23:18Z,25.98,62.44,100,1,26.99,102.07,3.00,424.00,null,null,null
2023-08-10T06:24:18Z,26.01,62.34,100,1,28.39,102.07,3.00,424.00,null,null,null
2023-08-10T06:25:18Z,26.01,62.40,100,1,26.31,102.07,3.00,422.00,null,null,null
2023-08-10T06:26:18Z,26.01,62.40,100,1,62.27,102.07,3.00,422.00,null,null,null
2023-08-10T06:27:18Z,26.00,62.39,100,1,50.45,102.07,3.00,422.00,0,0,0
2023-08-10T06:28:18Z,26.00,62.45,100,1,28.12,102.08,3.00,422.00,null,null,null
2023-08-10T06:29:18Z,26.02,62.42,100,1,41.66,102.08,3.00,422.00,null,null,null
2023-08-10T06:30:18Z,26.00,62.44,100,1,40.02,102.08,3.00,420.00,null,null,null
2023-08-10T06:31:18Z,25.98,62.43,100,1,26.36,102.08,3.00,420.00,null,null,null
2023-08-10T06:32:18Z,25.98,62.39,100,1,47.94,102.08,1.00,413.00,0,0,0
2023-08-10T06:33:18Z,26.00,62.36,100,1,27.06,102.08,1.00,413.00,null,null,null
2023-08-10T06:34:18Z,25.98,62.39,100,1,24.93,102.08,1.00,408.00,null,null,null
2023-08-10T06:35:18Z,26.00,62.49,100,1,27.60,102.08,1.00,413.00,null,null,null
2023-08-10T06:36:18Z,26.00,62.39,100,1,24.35,102.08,1.00,408.00,null,null,null
2023-08-10T06:37:18Z,26.00,62.49,100,1,25.84,102.08,1.00,413.00,0,0,0
2023-08-10T06:38:18Z,26.01,62.54,100,1,23.30,102.08,3.00,420.00,null,null,null
2023-08-10T06:39:18Z,25.97,62.56,100,1,52.29,102.08,3.00,420.00,null,null,null
2023-08-10T06:40:18Z,26.00,62.45,100,1,28.52,102.08,3.00,422.00,null,null,null
2023-08-10T06:41:18Z,25.97,62.49,100,1,27.85,102.08,1.00,413.00,null,null,null
2023-08-10T06:42:18Z,25.97,62.55,100,1,24.96,102.08,1.00,413.00,0,0,0
2023-08-10T06:43:18Z,26.00,62.51,100,1,43.80,102.08,3.00,420.00,null,null,null
2023-08-10T06:44:18Z,26.00,62.54,100,1,28.99,102.08,1.00,413.00,null,null,null
2023-08-10T06:45:18Z,25.98,62.54,100,1,48.39,102.07,1.00,413.00,null,null,null
2023-08-10T06:46:18Z,25.98,62.56,100,1,23.25,102.07,1.00,411.00,null,null,null
2023-08-10T06:47:18Z,25.96,62.55,100,1,27.60,102.07,1.00,411.00,0,0,0
2023-08-10T06:48:18Z,25.97,62.61,100,1,52.71,102.06,1.00,411.00,null,null,null
2023-08-10T06:49:18Z,25.98,62.59,100,1,26.48,102.06,1.00,411.00,null,null,null
2023-08-10T06:50:18Z,25.97,62.59,100,1,38.25,102.06,1.00,411.00,null,null,null
2023-08-10T06:51:18Z,25.96,62.56,100,1,47.04,102.06,1.00,411.00,null,null,null
2023-08-10T06:52:18Z,25.96,62.69,100,1,53.11,102.06,2.00,418.00,0,0,0
2023-08-10T06:53:18Z,25.97,62.73,100,1,25.38,102.06,1.00,411.00,null,null,null
2023-08-10T06:54:18Z,25.96,62.61,100,1,23.35,102.06,1.00,409.00,null,null,null
2023-08-10T06:55:18Z,25.98,62.63,100,1,26.29,102.07,1.00,409.00,null,null,null
2023-08-10T06:56:18Z,25.97,62.69,100,1,36.26,102.07,2.00,416.00,null,null,null
2023-08-10T06:57:18Z,25.94,62.73,100,1,33.36,102.07,1.00,409.00,0,0,0
2023-08-10T06:58:18Z,25.97,62.82,100,1,51.70,102.07,1.00,409.00,null,null,null
2023-08-10T06:59:18Z,25.97,62.69,100,1,33.32,102.08,1.00,411.00,null,null,null
2023-08-10T07:00:18Z,25.97,62.79,100,1,52.11,102.07,1.00,409.00,null,null,null
2023-08-10T07:01:18Z,25.98,62.83,100,1,32.00,102.08,0.00,403.00,null,null,null
2023-08-10T07:02:18Z,25.96,62.81,100,1,30.91,102.07,1.00,410.00,0,0,0
2023-08-10T07:03:18Z,25.98,62.83,100,1,25.98,102.07,1.00,410.00,null,null,null
2023-08-10T07:04:18Z,25.97,62.82,100,1,30.04,102.07,1.00,410.00,null,null,null
2023-08-10T07:05:18Z,25.98,62.77,100,1,25.26,102.07,1.00,410.00,null,null,null
2023-08-10T07:06:18Z,25.97,62.88,100,1,27.51,102.07,1.00,410.00,null,null,null
2023-08-10T07:07:18Z,25.96,62.88,100,1,25.73,102.07,1.00,413.00,0,0,0
2023-08-10T07:08:18Z,25.97,62.92,100,1,51.14,102.07,1.00,408.00,null,null,null
2023-08-10T07:09:18Z,25.97,62.94,100,1,27.42,102.07,1.00,408.00,null,null,null
2023-08-10T07:10:18Z,25.94,62.97,100,1,25.62,102.07,1.00,408.00,null,null,null
2023-08-10T07:11:18Z,25.96,62.89,100,1,54.96,102.08,1.00,410.00,null,null,null
2023-08-10T07:12:18Z,25.97,62.92,100,1,36.26,102.08,1.00,408.00,0,0,0
2023-08-10T07:13:18Z,25.96,63.00,100,1,33.48,102.07,1.00,408.00,null,null,null
2023-08-10T07:14:18Z,25.98,62.99,100,1,27.16,102.07,1.00,408.00,null,null,null
2023-08-10T07:15:18Z,25.97,63.05,100,1,23.40,102.07,1.00,408.00,null,null,null
2023-08-10T07:16:18Z,25.96,62.99,100,1,24.31,102.07,1.00,409.00,null,null,null
2023-08-10T07:17:18Z,25.97,63.06,100,1,28.01,102.07,1.00,407.00,0,0,0
2023-08-10T07:18:18Z,25.96,62.98,100,1,28.70,102.07,1.00,407.00,null,null,null
2023-08-10T07:19:18Z,25.98,63.06,100,1,25.73,102.07,1.00,407.00,null,null,null
2023-08-10T07:20:18Z,25.98,63.05,100,1,30.70,102.07,1.00,407.00,null,null,null
2023-08-10T07:21:18Z,25.96,63.09,100,1,30.16,102.07,1.00,407.00,null,null,null
2023-08-10T07:22:18Z,25.97,63.15,100,1,29.38,102.07,1.00,407.00,0,0,0
2023-08-10T07:23:18Z,25.97,63.13,100,1,26.38,102.07,1.00,409.00,null,null,null
2023-08-10T07:24:18Z,25.98,63.15,100,1,32.41,102.06,1.00,408.00,null,null,null
2023-08-10T07:25:18Z,25.97,63.17,100,1,26.53,102.06,1.00,408.00,null,null,null
2023-08-10T07:26:18Z,25.97,63.17,100,1,25.06,102.06,1.00,408.00,null,null,null
2023-08-10T07:27:18Z,25.96,63.28,100,1,24.43,102.05,1.00,408.00,0,0,0
2023-08-10T07:28:18Z,26.00,63.26,100,1,27.87,102.05,1.00,408.00,null,null,null
2023-08-10T07:29:18Z,25.97,63.30,100,1,25.26,102.05,0.00,403.00,null,null,null
2023-08-10T07:30:18Z,25.97,63.39,100,1,33.77,102.05,1.00,408.00,null,null,null
2023-08-10T07:31:18Z,25.94,63.37,100,1,26.26,102.05,1.00,410.00,null,null,null
2023-08-10T07:32:18Z,25.96,63.51,100,1,25.92,102.05,2.00,416.00,0,0,0
2023-08-10T07:33:18Z,25.97,63.30,100,1,27.89,102.05,1.00,407.00,null,null,null
2023-08-10T07:34:18Z,26.00,63.34,100,1,24.31,102.05,1.00,410.00,null,null,null
2023-08-10T07:35:18Z,25.98,63.28,100,1,26.55,102.05,1.00,410.00,null,null,null
2023-08-10T07:36:18Z,25.97,63.37,100,1,33.17,102.05,1.00,407.00,null,null,null
2023-08-10T07:37:18Z,25.97,63.38,100,1,28.48,102.05,1.00,407.00,0,0,0
2023-08-10T07:38:18Z,25.98,63.33,100,1,43.04,102.05,1.00,407.00,null,null,null
2023-08-10T07:39:18Z,26.00,63.31,100,1,25.59,102.05,0.00,406.00,null,null,null
2023-08-10T07:40:18Z,26.00,63.31,100,1,29.27,102.04,1.00,409.00,null,null,null
2023-08-10T07:41:18Z,25.98,63.32,100,1,24.65,102.04,1.00,409.00,null,null,null
2023-08-10T07:42:18Z,25.96,63.44,100,1,29.21,102.04,2.00,415.00,0,0,0
2023-08-10T07:43:18Z,25.97,63.40,100,1,30.10,102.03,1.00,409.00,null,null,null
2023-08-10T07:44:18Z,26.01,63.37,100,1,38.76,102.03,3.00,424.00,null,null,null
2023-08-10T07:45:18Z,25.98,63.30,100,1,43.58,102.03,3.00,424.00,null,null,null
2023-08-10T07:46:18Z,25.97,63.41,100,1,26.11,102.02,2.00,415.00,null,null,null
2023-08-10T07:47:18Z,25.97,65.14,100,1,27.80,102.03,2.00,418.00,0,0,0
2023-08-10T07:48:18Z,25.97,64.19,100,1,25.00,102.02,6.00,442.00,null,null,null
2023-08-10T07:49:18Z,25.98,63.86,100,1,25.62,102.03,8.00,454.00,null,null,null
2023-08-10T07:50:18Z,26.00,63.73,100,1,27.84,102.02,8.00,454.00,null,null,null
2023-08-10T07:51:18Z,26.00,63.86,100,1,24.54,102.02,8.00,457.00,null,null,null
2023-08-10T07:52:18Z,25.96,63.78,100,2,28.02,102.02,7.00,448.00,0,0,0
2023-08-10T07:53:18Z,26.00,63.73,100,2,26.48,102.03,7.00,448.00,null,null,null
2023-08-10T07:54:18Z,25.97,63.66,100,2,25.06,102.03,7.00,452.00,null,null,null
2023-08-10T07:55:18Z,25.98,63.69,100,2,30.83,102.02,7.00,446.00,null,null,null
2023-08-10T07:56:18Z,26.00,63.69,100,2,31.02,102.02,6.00,443.00,null,null,null
2023-08-10T07:57:18Z,25.97,63.64,100,2,25.92,102.02,5.00,438.00,0,0,0
2023-08-10T07:58:18Z,25.96,63.58,100,1,25.70,102.02,5.00,433.00,null,null,null
2023-08-10T07:59:18Z,26.00,63.60,100,2,28.91,102.02,5.00,433.00,null,null,null
2023-08-10T08:00:18Z,25.98,63.53,100,2,29.23,102.02,5.00,433.00,null,null,null
2023-08-10T08:01:18Z,26.00,63.53,100,2,27.78,102.02,5.00,433.00,null,null,null
2023-08-10T08:02:18Z,26.00,63.62,100,2,24.68,102.02,4.00,432.00,0,0,0
2023-08-10T08:03:18Z,25.97,63.66,100,2,25.95,102.02,5.00,436.00,null,null,null
2023-08-10T08:04:18Z,26.00,63.64,100,2,30.08,102.02,6.00,442.00,null,null,null
2023-08-10T08:05:18Z,25.98,63.74,100,2,27.89,102.02,6.00,445.00,null,null,null
2023-08-10T08:06:18Z,26.00,63.72,100,2,24.89,102.02,7.00,450.00,null,null,null
2023-08-10T08:07:18Z,25.98,63.78,100,2,24.23,102.02,8.00,455.00,0,0,0
2023-08-10T08:08:18Z,26.00,63.77,100,2,30.57,102.02,8.00,456.00,null,null,null
2023-08-10T08:09:18Z,26.02,63.77,100,2,27.10,102.02,8.00,455.00,null,null,null
2023-08-10T08:10:18Z,26.02,63.70,100,2,28.76,102.02,7.00,450.00,null,null,null
2023-08-10T08:11:18Z,25.97,63.72,100,2,30.78,102.02,9.00,462.00,null,null,null
2023-08-10T08:12:18Z,26.00,63.75,100,2,35.27,102.02,8.00,454.00,0,0,0
2023-08-10T08:13:18Z,26.00,63.74,100,2,22.61,102.03,6.00,445.00,null,null,null
2023-08-10T08:14:18Z,26.00,63.62,100,2,36.54,102.03,6.00,444.00,null,null,null
2023-08-10T08:15:18Z,26.01,63.61,100,2,28.27,102.03,6.00,441.00,null,null,null
2023-08-10T08:16:18Z,25.98,63.62,100,2,29.80,102.03,5.00,435.00,null,null,null
