TIME,TEMP,HUM,BATT,LIGHT,NOISE_A,PRESS,CCS811_VOCS,CCS811_ECO2,PM_1,PM_25,PM_10
ISO 8601,C,%,%,Lux,dBA,kPa,ppb,ppm,ug/m3,ug/m3,ug/m3
Time,Temperature,Humidity,Battery,Light,Noise dBA,Barometric pressure,VOC Gas CCS811,eCO2 Gas CCS811,PM 1.0,PM 2.5,PM 10.0
,55,56,10,14,53,58,113,112,89,87,88
2023-09-19T00:00:03Z,23.18,57.72,35,0,30.79,100.60,9.00,465.00,0,0,0
2023-09-19T00:01:03Z,23.18,57.67,34,0,33.81,100.60,8.00,459.00,null,null,null
2023-09-19T00:02:03Z,23.17,57.68,35,0,34.57,100.60,9.00,463.00,null,null,null
2023-09-19T00:03:03Z,23.14,57.68,34,0,34.74,100.60,9.00,463.00,null,null,null
2023-09-19T00:04:03Z,23.17,57.67,34,0,34.46,100.59,9.00,463.00,null,null,null
2023-09-19T00:05:03Z,23.14,57.72,34,0,30.56,100.59,9.00,463.00,0,0,0
2023-09-19T00:06:03Z,23.16,57.72,34,0,33.08,100.59,8.00,459.00,null,null,null
2023-09-19T00:07:03Z,23.14,57.67,34,0,34.52,100.59,9.00,463.00,null,null,null
2023-09-19T00:08:03Z,23.17,57.67,34,0,33.59,100.59,9.00,463.00,null,null,null
2023-09-19T00:09:03Z,23.12,57.71,35,0,33.09,100.60,9.00,463.00,null,null,null
2023-09-19T00:10:03Z,23.17,57.72,34,0,36.93,100.59,9.00,463.00,0,0,0
2023-09-19T00:11:03Z,23.14,57.69,34,0,33.62,100.59,8.00,459.00,null,null,null
2023-09-19T00:12:03Z,23.14,57.66,34,0,34.45,100.58,8.00,459.00,null,null,null
2023-09-19T00:13:03Z,23.14,57.66,34,0,34.69,100.59,9.00,463.00,null,null,null
2023-09-19T00:14:03Z,23.11,57.69,34,0,32.96,100.59,8.00,459.00,null,null,null
2023-09-19T00:15:03Z,23.11,57.68,34,0,34.69,100.59,8.00,459.00,0,0,0
2023-09-19T00:16:03Z,23.14,57.65,34,0,32.14,100.59,8.00,459.00,null,null,null
2023-09-19T00:17:03Z,23.14,57.65,35,0,33.17,100.59,8.00,459.00,null,null,null
2023-09-19T00:18:03Z,23.12,57.65,34,0,34.45,100.59,8.00,459.00,null,null,null
2023-09-19T00:19:03Z,23.12,57.66,34,0,33.12,100.58,8.00,459.00,null,null,null
2023-09-19T00:20:03Z,23.12,57.65,34,0,31.09,100.58,8.00,459.00,0,0,0
2023-09-19T00:21:03Z,23.11,57.68,34,0,35.23,100.58,8.00,459.00,null,null,null
2023-09-19T00:22:03Z,23.11,57.65,34,0,31.14,100.58,8.00,459.00,null,null,null
2023-09-19T00:23:03Z,23.11,57.69,34,0,33.44,100.58,8.00,455.00,null,null,null
2023-09-19T00:24:03Z,23.11,57.66,34,0,34.02,100.58,8.00,459.00,null,null,null
2023-09-19T00:25:03Z,23.09,57.66,34,0,33.98,100.58,8.00,459.00,0,0,0
2023-09-19T00:26:03Z,23.12,57.63,34,0,32.91,100.58,8.00,455.00,null,null,null
2023-09-19T00:27:03Z,23.11,57.66,34,0,32.64,100.57,9.00,463.00,null,null,null
2023-09-19T00:28:03Z,23.11,57.65,34,0,33.31,100.58,9.00,463.00,null,null,null
2023-09-19T00:29:03Z,23.11,57.67,34,0,33.43,100.57,9.00,463.00,null,null,null
2023-09-19T00:30:03Z,23.12,57.66,34,0,29.37,100.57,8.00,459.00,0,0,0
2023-09-19T00:31:03Z,23.12,57.67,34,0,34.52,100.57,9.00,463.00,null,null,null
2023-09-19T00:32:03Z,23.11,57.65,34,0,34.51,100.57,9.00,463.00,null,null,null
2023-09-19T00:33:03Z,23.11,57.68,34,0,35.84,100.57,8.00,459.00,null,null,null
2023-09-19T00:34:03Z,23.09,57.66,34,0,31.43,100.57,9.00,463.00,null,null,null
2023-09-19T00:35:03Z,23.09,57.70,34,0,35.42,100.56,8.00,459.00,0,0,0
2023-09-19T00:36:03Z,23.09,57.63,34,0,31.71,100.57,9.00,463.00,null,null,null
2023-09-19T00:37:03Z,23.09,57.69,34,0,34.08,100.56,9.00,463.00,null,null,null
2023-09-19T00:38:03Z,23.09,57.65,34,0,33.04,100.57,9.00,463.00,null,null,null
2023-09-19T00:39:03Z,23.09,57.66,34,0,34.44,100.56,8.00,459.00,null,null,null
2023-09-19T00:40:03Z,23.09,57.65,34,0,36.24,100.57,9.00,463.00,0,0,0
2023-09-19T00:41:03Z,23.09,57.65,34,0,34.09,100.57,8.00,459.00,null,null,null
2023-09-19T00:42:03Z,23.09,57.64,34,0,29.96,100.57,8.00,459.00,null,null,null
2023-09-19T00:43:03Z,23.07,57.66,34,0,30.35,100.57,8.00,459.00,null,null,null
2023-09-19T00:44:03Z,23.07,57.62,34,0,34.21,100.58,8.00,459.00,null,null,null
2023-09-19T00:45:03Z,23.07,57.65,34,0,34.63,100.58,8.00,459.00,0,0,0
2023-09-19T00:46:03Z,23.05,57.65,34,0,33.92,100.58,8.00,455.00,null,null,null
2023-09-19T00:47:03Z,23.07,57.62,34,0,32.23,100.59,8.00,459.00,null,null,null
2023-09-19T00:48:03Z,23.08,57.68,34,0,31.24,100.59,8.00,459.00,null,null,null
2023-09-19T00:49:03Z,23.08,57.66,34,0,34.21,100.59,8.00,455.00,null,null,null
2023-09-19T00:50:03Z,23.07,57.63,34,0,36.10,100.59,8.00,455.00,0,0,0
2023-09-19T00:51:03Z,23.08,57.62,34,0,34.64,100.59,8.00,455.00,null,null,null
2023-09-19T00:52:03Z,23.05,57.64,34,0,33.33,100.59,8.00,455.00,null,null,null
2023-09-19T00:53:03Z,23.05,57.70,34,0,33.03,100.59,8.00,455.00,null,null,null
2023-09-19T00:54:03Z,23.05,57.63,34,0,32.72,100.60,8.00,455.00,null,null,null
2023-09-19T00:55:03Z,23.05,57.66,34,0,30.67,100.60,8.00,455.00,0,0,0
2023-09-19T00:56:03Z,23.07,57.63,34,0,33.81,100.59,8.00,455.00,null,null,null
2023-09-19T00:57:03Z,23.04,57.63,34,0,32.78,100.59,8.00,455.00,null,null,null
2023-09-19T00:58:03Z,23.05,57.65,34,0,34.16,100.59,8.00,455.00,null,null,null
2023-09-19T00:59:03Z,23.04,57.67,34,0,33.44,100.59,8.00,455.00,null,null,null
2023-09-19T01:00:03Z,23.04,57.61,34,0,32.57,100.60,8.00,455.00,0,0,0
2023-09-19T01:01:03Z,23.05,57.65,34,0,34.31,100.59,8.00,455.00,null,null,null
2023-09-19T01:02:03Z,23.05,57.63,34,0,35.20,100.60,8.00,455.00,null,null,null
2023-09-19T01:03:03Z,23.05,57.65,34,0,36.60,100.59,8.00,455.00,null,null,null
2023-09-19T01:04:03Z,23.04,57.60,34,0,35.24,100.60,8.00,455.00,null,null,null
2023-09-19T01:05:03Z,23.07,57.62,34,0,31.51,100.60,8.00,455.00,0,0,0
2023-09-19T01:06:03Z,23.05,57.65,34,0,34.34,100.60,8.00,455.00,null,null,null
2023-09-19T01:07:03Z,23.02,57.66,34,0,31.74,100.60,8.00,455.00,null,null,null
2023-09-19T01:08:03Z,23.04,57.60,34,0,32.36,100.60,8.00,455.00,null,null,null
2023-09-19T01:09:03Z,23.02,57.62,34,0,31.90,100.60,8.00,455.00,null,null,null
2023-09-19T01:10:03Z,23.02,57.64,34,0,34.27,100.60,8.00,455.00,0,0,0
2023-09-19T01:11:03Z,23.04,57.64,34,0,33.34,100.60,7.00,450.00,null,null,null
2023-09-19T01:12:03Z,23.04,57.64,34,0,32.18,100.60,8.00,455.00,null,null,null
2023-09-19T01:13:03Z,23.01,57.64,34,0,32.08,100.60,7.00,450.00,null,null,null
2023-09-19T01:14:03Z,23.04,57.61,34,0,33.07,100.59,7.00,450.00,null,null,null
2023-09-19T01:15:03Z,23.02,57.63,34,0,33.64,100.60,8.00,455.00,0,0,0
2023-09-19T01:16:03Z,23.01,57.58,34,0,33.24,100.60,7.00,450.00,null,null,null
2023-09-19T01:17:03Z,23.02,57.61,34,0,30.17,100.60,7.00,450.00,null,null,null
2023-09-19T01:18:03Z,23.01,57.60,34,0,31.73,100.60,7.00,450.00,null,null,null
2023-09-19T01:19:03Z,23.01,57.61,34,0,32.03,100.60,7.00,450.00,null,null,null
2023-09-19T01:20:03Z,23.01,57.65,34,0,32.50,100.60,7.00,450.00,0,0,0
2023-09-19T01:21:03Z,23.04,57.60,34,0,30.73,100.60,7.00,450.00,null,null,null
2023-09-19T01:22:03Z,23.00,57.60,34,0,33.80,100.60,7.00,450.00,null,null,null
2023-09-19T01:23:03Z,23.00,57.65,34,0,31.01,100.60,7.00,450.00,null,null,null
2023-09-19T01:24:03Z,23.00,57.61,34,0,34.73,100.60,7.00,450.00,null,null,null
2023-09-19T01:25:03Z,23.00,57.61,34,0,29.51,100.60,7.00,450.00,0,0,0
2023-09-19T01:26:03Z,23.01,57.61,34,0,33.76,100.61,7.00,450.00,null,null,null
2023-09-19T01:27:03Z,23.01,57.61,34,0,32.96,100.60,7.00,450.00,null,null,null
2023-09-19T01:28:03Z,23.01,57.58,33,0,32.35,100.61,7.00,450.00,null,null,null
2023-09-19T01:29:03Z,23.00,57.62,34,0,33.83,100.61,7.00,450.00,null,null,null
2023-09-19T01:30:03Z,22.97,57.64,34,0,31.01,100.61,7.00,450.00,0,0,0
2023-09-19T01:31:03Z,22.98,57.57,34,0,32.16,100.60,7.00,450.00,null,null,null
2023-09-19T01:32:03Z,22.98,57.57,34,0,31.87,100.60,6.00,445.00,null,null,null
2023-09-19T01:33:03Z,22.98,57.63,34,0,32.45,100.61,6.00,445.00,null,null,null
2023-09-19T01:34:03Z,22.98,57.59,33,0,32.39,100.61,7.00,450.00,null,null,null
2023-09-19T01:35:03Z,22.97,57.59,34,0,32.93,100.61,6.00,445.00,0,0,0
2023-09-19T01:36:03Z,23.00,57.63,33,0,30.34,100.61,6.00,445.00,null,null,null
2023-09-19T01:37:03Z,22.97,57.62,34,0,32.82,100.61,6.00,445.00,null,null,null
2023-09-19T01:38:03Z,22.98,57.61,34,0,33.85,100.61,6.00,445.00,null,null,null
2023-09-19T01:39:03Z,22.97,57.60,33,0,31.06,100.61,7.00,450.00,null,null,null
2023-09-19T01:40:03Z,22.95,57.56,34,0,30.74,100.60,6.00,445.00,0,0,0
2023-09-19T01:41:03Z,22.95,57.50,33,0,30.67,100.60,6.00,445.00,null,null,null
2023-09-19T01:42:03Z,22.97,57.58,34,0,35.71,100.60,6.00,445.00,null,null,null
2023-09-19T01:43:03Z,22.98,57.55,34,0,32.68,100.60,6.00,445.00,null,null,null
2023-09-19T01:44:03Z,22.98,57.58,33,0,34.40,100.60,6.00,445.00,null,null,null
2023-09-19T01:45:03Z,22.97,57.59,34,0,30.37,100.60,6.00,445.00,0,0,0
2023-09-19T01:46:03Z,22.95,57.61,33,0,31.83,100.60,6.00,445.00,null,null,null
2023-09-19T01:47:03Z,22.97,57.54,34,0,33.53,100.60,6.00,445.00,null,null,null
2023-09-19T01:48:03Z,22.97,57.56,33,0,32.67,100.60,6.00,445.00,null,null,null
2023-09-19T01:49:03Z,22.94,57.60,34,0,33.47,100.60,6.00,445.00,null,null,null
2023-09-19T01:50:03Z,22.93,57.62,33,0,32.74,100.60,6.00,445.00,0,0,0
2023-09-19T01:51:03Z,22.95,57.59,33,0,32.94,100.60,6.00,445.00,null,null,null
2023-09-19T01:52:03Z,22.94,57.58,34,0,32.17,100.60,6.00,445.00,null,null,null
2023-09-19T01:53:03Z,22.95,57.53,33,0,32.01,100.60,6.00,445.00,null,null,null
2023-09-19T01:54:03Z,22.95,57.55,34,0,30.07,100.60,6.00,445.00,null,null,null
2023-09-19T01:55:03Z,22.94,57.56,33,0,32.94,100.60,6.00,445.00,0,0,0
2023-09-19T01:56:03Z,22.95,57.55,33,0,30.85,100.59,6.00,441.00,null,null,null
2023-09-19T01:57:03Z,22.94,57.55,33,0,32.82,100.59,6.00,445.00,null,null,null
2023-09-19T01:58:03Z,22.94,57.57,33,0,30.60,100.59,6.00,441.00,null,null,null
2023-09-19T01:59:03Z,22.94,57.59,33,0,31.90,100.59,6.00,445.00,null,null,null
2023-09-19T02:00:03Z,22.94,57.60,33,0,33.40,100.59,6.00,441.00,0,0,0
2023-09-19T02:01:03Z,22.94,57.54,33,0,31.64,100.59,6.00,445.00,null,null,null
2023-09-19T02:02:03Z,22.93,57.59,33,0,31.85,100.59,6.00,445.00,null,null,null
2023-09-19T02:03:03Z,22.93,57.61,33,0,33.74,100.60,6.00,445.00,null,null,null
2023-09-19T02:04:03Z,22.94,57.55,34,0,34.85,100.59,6.00,441.00,null,null,null
2023-09-19T02:05:03Z,22.95,57.57,33,0,34.20,100.59,6.00,441.00,0,0,0
2023-09-19T02:06:03Z,22.93,57.55,33,0,33.64,100.59,6.00,441.00,null,null,null
2023-09-19T02:07:03Z,22.93,57.57,33,0,29.32,100.59,6.00,441.00,null,null,null
2023-09-19T02:08:03Z,22.91,57.54,33,0,33.28,100.59,6.00,441.00,null,null,null
2023-09-19T02:09:03Z,22.90,57.55,33,0,31.86,100.59,6.00,441.00,null,null,null
2023-09-19T02:10:03Z,22.93,57.57,33,0,37.14,100.60,6.00,441.00,0,0,0
2023-09-19T02:11:03Z,22.90,57.57,33,0,32.48,100.59,6.00,441.00,null,null,null
2023-09-19T02:12:03Z,22.91,57.53,33,0,35.06,100.59,6.00,441.00,null,null,null
2023-09-19T02:13:03Z,22.93,57.52,33,0,36.14,100.59,6.00,441.00,null,null,null
2023-09-19T02:14:03Z,22.91,57.53,33,0,33.24,100.59,6.00,441.00,null,null,null
2023-09-19T02:15:03Z,22.91,57.57,33,0,33.35,100.60,6.00,441.00,0,0,0
2023-09-19T02:16:03Z,22.91,57.55,33,0,33.50,100.60,6.00,441.00,null,null,null
2023-09-19T02:17:03Z,22.94,57.52,33,0,32.58,100.60,6.00,441.00,null,null,null
2023-09-19T02:18:03Z,22.90,57.57,33,0,32.06,100.60,6.00,441.00,null,null,null
2023-09-19T02:19:03Z,22.90,57.53,33,0,31.86,100.60,6.00,441.00,null,null,null
2023-09-19T02:20:03Z,22.90,57.58,33,0,31.39,100.60,6.00,441.00,0,0,0
2023-09-19T02:21:03Z,22.90,57.56,33,0,31.27,100.60,6.00,441.00,null,null,null
2023-09-19T02:22:03Z,22.93,57.53,33,0,32.73,100.60,6.00,441.00,null,null,null
2023-09-19T02:23:03Z,22.90,57.53,33,0,32.82,100.60,5.00,438.00,null,null,null
2023-09-19T02:24:03Z,22.90,57.48,33,0,33.09,100.61,6.00,441.00,null,null,null
2023-09-19T02:25:03Z,22.90,57.60,33,0,33.24,100.61,5.00,438.00,0,0,0
2023-09-19T02:26:03Z,22.88,57.52,33,0,33.45,100.61,5.00,438.00,null,null,null
2023-09-19T02:27:03Z,22.88,57.53,33,0,31.27,100.61,5.00,438.00,null,null,null
2023-09-19T02:28:03Z,22.87,57.54,33,0,31.82,100.61,6.00,441.00,null,null,null
2023-09-19T02:29:03Z,22.88,57.50,33,0,33.64,100.60,6.00,441.00,null,null,null
2023-09-19T02:30:03Z,22.87,57.59,33,0,31.77,100.61,6.00,441.00,0,0,0
2023-09-19T02:31:03Z,22.90,57.56,33,0,32.90,100.61,6.00,441.00,null,null,null
2023-09-19T02:32:03Z,22.87,57.52,33,0,32.77,100.61,6.00,441.00,null,null,null
2023-09-19T02:33:03Z,22.88,57.50,33,0,34.95,100.61,6.00,441.00,null,null,null
2023-09-19T02:34:03Z,22.86,57.51,33,0,35.13,100.60,5.00,438.00,null,null,null
2023-09-19T02:35:03Z,22.87,57.52,33,0,33.02,100.61,5.00,438.00,0,0,0
2023-09-19T02:36:03Z,22.88,57.53,33,0,33.62,100.61,5.00,438.00,null,null,null
2023-09-19T02:37:03Z,22.87,57.52,33,0,34.80,100.61,6.00,441.00,null,null,null
2023-09-19T02:38:03Z,22.87,57.51,33,0,31.02,100.61,5.00,438.00,null,null,null
2023-09-19T02:39:03Z,22.86,57.52,33,0,31.38,100.60,5.00,438.00,null,null,null
2023-09-19T02:40:03Z,22.84,57.56,33,0,34.38,100.60,5.00,438.00,0,0,0
2023-09-19T02:41:03Z,22.86,57.54,33,0,32.95,100.60,5.00,438.00,null,null,null
2023-09-19T02:42:03Z,22.87,57.51,33,0,33.90,100.60,5.00,438.00,null,null,null
2023-09-19T02:43:03Z,22.86,57.46,33,0,35.51,100.58,5.00,438.00,null,null,null
2023-09-19T02:44:03Z,22.86,57.50,33,0,33.06,100.59,5.00,438.00,null,null,null
2023-09-19T02:45:03Z,22.87,57.55,33,0,38.63,100.58,5.00,438.00,0,0,0
2023-09-19T02:46:03Z,22.84,57.50,33,0,33.14,100.59,5.00,438.00,null,null,null
2023-09-19T02:47:03Z,22.87,57.50,33,0,33.48,100.59,5.00,438.00,null,null,null
2023-09-19T02:48:03Z,22.83,57.49,33,0,33.77,100.59,5.00,438.00,null,null,null
2023-09-19T02:49:03Z,22.84,57.51,33,0,33.36,100.58,5.00,438.00,null,null,null
2023-09-19T02:50:03Z,22.83,57.50,33,0,36.94,100.58,5.00,438.00,0,0,0
2023-09-19T02:51:03Z,22.86,57.50,33,0,30.45,100.59,5.00,438.00,null,null,null
2023-09-19T02:52:03Z,22.83,57.49,33,0,33.18,100.59,5.00,433.00,null,null,null
2023-09-19T02:53:03Z,22.84,57.46,33,0,31.27,100.58,5.00,438.00,null,null,null
2023-09-19T02:54:03Z,22.86,57.53,33,0,29.49,100.59,5.00,433.00,null,null,null
2023-09-19T02:55:03Z,22.83,57.55,33,0,29.41,100.58,5.00,438.00,0,0,0
2023-09-19T02:56:03Z,22.84,57.52,33,0,33.79,100.58,5.00,433.00,null,null,null
2023-09-19T02:57:03Z,22.81,57.54,33,0,32.17,100.58,5.00,438.00,null,null,null
2023-09-19T02:58:03Z,22.84,57.52,33,0,31.26,100.58,5.00,433.00,null,null,null
2023-09-19T02:59:03Z,22.83,57.55,33,0,31.40,100.59,5.00,438.00,null,null,null
