TIME,TEMP,HUM,BATT,LIGHT,NOISE_A,PRESS,CCS811_VOCS,CCS811_ECO2,PM_1,PM_25,PM_10
ISO 8601,C,%,%,Lux,dBA,kPa,ppb,ppm,ug/m3,ug/m3,ug/m3
Time,Temperature,Humidity,Battery,Light,Noise dBA,Barometric pressure,VOC Gas CCS811,eCO2 Gas CCS811,PM 1.0,PM 2.5,PM 10.0
,55,56,10,14,53,58,113,112,89,87,88
2023-09-03T00:00:03Z,23.14,69.56,99,0,24.23,102.56,74.00,889.00,0,0,0
2023-09-03T00:01:03Z,23.16,69.62,99,0,34.04,102.57,74.00,889.00,null,null,null
2023-09-03T00:02:03Z,23.13,69.55,99,0,22.72,102.56,74.00,889.00,null,null,null
2023-09-03T00:03:03Z,23.14,69.66,99,0,31.84,102.56,74.00,889.00,null,null,null
2023-09-03T00:04:03Z,23.14,69.76,99,0,25.90,102.56,71.00,870.00,null,null,null
2023-09-03T00:05:03Z,23.14,69.83,99,0,25.38,102.56,75.00,897.00,0,0,0
2023-09-03T00:06:03Z,23.16,69.76,99,0,33.34,102.56,75.00,897.00,null,null,null
2023-09-03T00:07:03Z,23.14,69.80,99,0,31.41,102.56,75.00,897.00,null,null,null
2023-09-03T00:08:03Z,23.14,69.75,99,0,25.84,102.56,77.00,907.00,null,null,null
2023-09-03T00:09:03Z,23.14,69.74,99,0,25.22,102.56,77.00,907.00,null,null,null
2023-09-03T00:10:03Z,23.14,69.76,99,0,24.93,102.56,78.00,915.00,0,0,0
2023-09-03T00:11:03Z,23.16,69.72,99,0,27.14,102.56,75.00,897.00,null,null,null
2023-09-03T00:12:03Z,23.16,69.70,99,0,28.44,102.56,78.00,915.00,null,null,null
2023-09-03T00:13:03Z,23.18,69.67,99,0,31.48,102.55,78.00,915.00,null,null,null
2023-09-03T00:14:03Z,23.16,69.65,99,0,31.32,102.56,78.00,915.00,null,null,null
2023-09-03T00:15:03Z,23.16,69.64,99,0,25.47,102.55,78.00,915.00,0,0,0
2023-09-03T00:16:03Z,23.17,69.62,99,0,26.71,102.55,78.00,915.00,null,null,null
2023-09-03T00:17:03Z,23.18,69.70,99,0,25.76,102.55,79.00,925.00,null,null,null
2023-09-03T00:18:03Z,23.17,69.70,99,0,26.62,102.55,79.00,925.00,null,null,null
2023-09-03T00:19:03Z,23.14,69.64,99,0,30.78,102.55,79.00,925.00,null,null,null
2023-09-03T00:20:03Z,23.18,69.64,99,0,25.67,102.54,79.00,925.00,0,0,0
2023-09-03T00:21:03Z,23.16,69.60,99,0,27.64,102.55,79.00,925.00,null,null,null
2023-09-03T00:22:03Z,23.18,69.54,99,0,28.85,102.55,79.00,925.00,null,null,null
2023-09-03T00:23:03Z,23.17,69.54,99,0,25.03,102.55,79.00,925.00,null,null,null
2023-09-03T00:24:03Z,23.17,69.57,99,0,29.61,102.55,79.00,925.00,null,null,null
2023-09-03T00:25:03Z,23.14,69.50,99,0,26.43,102.55,80.00,930.00,0,0,0
2023-09-03T00:26:03Z,23.18,69.47,99,0,27.59,102.56,79.00,925.00,null,null,null
2023-09-03T00:27:03Z,23.17,69.47,99,0,24.31,102.55,79.00,925.00,null,null,null
2023-09-03T00:28:03Z,23.18,69.45,99,0,25.67,102.56,80.00,930.00,null,null,null
2023-09-03T00:29:03Z,23.17,69.51,99,0,31.61,102.56,79.00,925.00,null,null,null
2023-09-03T00:30:03Z,23.20,69.53,99,0,25.16,102.56,79.00,925.00,0,0,0
2023-09-03T00:31:03Z,23.18,69.46,99,0,26.24,102.55,79.00,925.00,null,null,null
2023-09-03T00:32:03Z,23.18,69.42,99,0,25.82,102.55,79.00,925.00,null,null,null
2023-09-03T00:33:03Z,23.17,69.45,99,0,31.54,102.55,79.00,930.00,null,null,null
2023-09-03T00:34:03Z,23.18,69.42,99,0,23.49,102.54,80.00,930.00,null,null,null
2023-09-03T00:35:03Z,23.17,69.46,99,0,31.92,102.54,80.00,930.00,0,0,0
2023-09-03T00:36:03Z,23.17,69.46,99,0,23.35,102.54,79.00,925.00,null,null,null
2023-09-03T00:37:03Z,23.18,69.46,99,0,24.19,102.54,80.00,930.00,null,null,null
2023-09-03T00:38:03Z,23.18,69.45,99,0,23.25,102.54,79.00,925.00,null,null,null
2023-09-03T00:39:03Z,23.18,69.44,99,0,23.94,102.54,83.00,949.00,null,null,null
2023-09-03T00:40:03Z,23.18,69.45,99,0,31.58,102.54,83.00,949.00,0,0,0
2023-09-03T00:41:03Z,23.20,69.52,99,0,27.45,102.54,80.00,930.00,null,null,null
2023-09-03T00:42:03Z,23.20,69.57,99,0,26.19,102.54,83.00,949.00,null,null,null
2023-09-03T00:43:03Z,23.20,69.59,99,0,25.53,102.54,83.00,949.00,null,null,null
2023-09-03T00:44:03Z,23.20,69.63,99,0,28.15,102.55,83.00,949.00,null,null,null
2023-09-03T00:45:03Z,23.18,69.62,99,0,27.36,102.55,83.00,949.00,0,0,0
2023-09-03T00:46:03Z,23.17,69.61,99,0,24.86,102.55,83.00,949.00,null,null,null
2023-09-03T00:47:03Z,23.17,69.60,99,0,26.89,102.55,83.00,949.00,null,null,null
2023-09-03T00:48:03Z,23.20,69.54,99,0,34.97,102.55,85.00,959.00,null,null,null
2023-09-03T00:49:03Z,23.20,69.54,99,0,21.56,102.55,85.00,959.00,null,null,null
2023-09-03T00:50:03Z,23.17,69.61,99,0,23.59,102.54,85.00,959.00,0,0,0
2023-09-03T00:51:03Z,23.20,69.70,99,0,27.18,102.54,83.00,949.00,null,null,null
2023-09-03T00:52:03Z,23.20,69.71,99,0,27.55,102.54,85.00,959.00,null,null,null
2023-09-03T00:53:03Z,23.20,69.66,99,0,23.54,102.54,85.00,959.00,null,null,null
2023-09-03T00:54:03Z,23.20,69.71,99,0,28.37,102.54,85.00,959.00,null,null,null
2023-09-03T00:55:03Z,23.20,69.70,99,0,23.49,102.54,86.00,970.00,0,0,0
2023-09-03T00:56:03Z,23.20,69.60,99,0,26.06,102.54,85.00,959.00,null,null,null
2023-09-03T00:57:03Z,23.23,69.55,99,0,27.60,102.54,86.00,970.00,null,null,null
2023-09-03T00:58:03Z,23.21,69.49,99,0,26.62,102.54,85.00,959.00,null,null,null
2023-09-03T00:59:03Z,23.23,69.44,99,0,29.36,102.54,86.00,970.00,null,null,null
2023-09-03T01:00:03Z,23.20,69.44,99,0,23.15,102.55,86.00,970.00,0,0,0
2023-09-03T01:01:03Z,23.18,69.41,99,0,29.46,102.55,85.00,959.00,null,null,null
2023-09-03T01:02:03Z,23.20,69.39,99,0,27.16,102.56,85.00,959.00,null,null,null
2023-09-03T01:03:03Z,23.21,69.42,99,0,33.99,102.55,86.00,970.00,null,null,null
2023-09-03T01:04:03Z,23.18,69.43,99,0,26.38,102.56,86.00,970.00,null,null,null
2023-09-03T01:05:03Z,23.21,69.32,99,0,37.49,102.55,86.00,970.00,0,0,0
2023-09-03T01:06:03Z,23.23,69.34,99,0,26.21,102.55,86.00,970.00,null,null,null
2023-09-03T01:07:03Z,23.21,69.36,99,0,29.70,102.55,86.00,970.00,null,null,null
2023-09-03T01:08:03Z,23.21,69.37,99,0,35.51,102.55,88.00,983.00,null,null,null
2023-09-03T01:09:03Z,23.21,69.34,99,0,21.99,102.55,88.00,983.00,null,null,null
2023-09-03T01:10:03Z,23.18,69.35,99,0,28.45,102.55,88.00,983.00,0,0,0
2023-09-03T01:11:03Z,23.21,69.30,99,0,26.93,102.55,99.00,1050.00,null,null,null
2023-09-03T01:12:03Z,23.18,69.29,99,0,25.06,102.55,109.00,1118.00,null,null,null
2023-09-03T01:13:03Z,23.21,69.24,99,0,28.45,102.55,113.00,1147.00,null,null,null
2023-09-03T01:14:03Z,23.23,69.22,99,0,24.07,102.55,115.00,1156.00,null,null,null
2023-09-03T01:15:03Z,23.20,69.23,99,0,31.62,102.55,115.00,1156.00,0,0,0
2023-09-03T01:16:03Z,23.23,69.17,99,0,25.73,102.55,117.00,1171.00,null,null,null
2023-09-03T01:17:03Z,23.21,69.18,99,0,27.80,102.55,117.00,1171.00,null,null,null
2023-09-03T01:18:03Z,23.20,69.17,99,0,24.61,102.55,117.00,1171.00,null,null,null
2023-09-03T01:19:03Z,23.20,69.10,99,0,24.23,102.55,117.00,1171.00,null,null,null
2023-09-03T01:20:03Z,23.21,69.14,99,0,27.24,102.56,117.00,1171.00,0,0,0
2023-09-03T01:21:03Z,23.23,69.15,99,0,23.25,102.55,117.00,1171.00,null,null,null
2023-09-03T01:22:03Z,23.21,69.11,99,0,22.99,102.55,117.00,1171.00,null,null,null
2023-09-03T01:23:03Z,23.20,69.09,99,0,28.98,102.55,115.00,1156.00,null,null,null
2023-09-03T01:24:03Z,23.23,69.02,99,0,26.24,102.55,115.00,1156.00,null,null,null
2023-09-03T01:25:03Z,23.23,69.00,99,0,25.44,102.55,115.00,1156.00,0,0,0
2023-09-03T01:26:03Z,23.23,69.00,99,0,25.82,102.55,115.00,1156.00,null,null,null
2023-09-03T01:27:03Z,23.24,68.99,99,0,26.24,102.55,115.00,1156.00,null,null,null
2023-09-03T01:28:03Z,23.24,68.95,99,0,28.12,102.55,113.00,1144.00,null,null,null
2023-09-03T01:29:03Z,23.21,68.96,99,0,26.16,102.56,113.00,1144.00,null,null,null
2023-09-03T01:30:03Z,23.24,68.97,99,0,27.44,102.56,113.00,1144.00,0,0,0
2023-09-03T01:31:03Z,23.23,68.96,99,0,26.53,102.56,110.00,1128.00,null,null,null
2023-09-03T01:32:03Z,23.21,68.99,99,0,27.16,102.57,110.00,1128.00,null,null,null
2023-09-03T01:33:03Z,23.23,68.98,99,0,31.31,102.56,110.00,1128.00,null,null,null
2023-09-03T01:34:03Z,23.21,69.01,99,0,27.49,102.56,110.00,1128.00,null,null,null
2023-09-03T01:35:03Z,23.23,69.05,99,0,26.69,102.56,110.00,1128.00,0,0,0
2023-09-03T01:36:03Z,23.21,68.99,99,0,28.17,102.56,110.00,1128.00,null,null,null
2023-09-03T01:37:03Z,23.23,69.03,99,0,24.50,102.56,110.00,1128.00,null,null,null
2023-09-03T01:38:03Z,23.23,69.03,99,0,25.59,102.56,110.00,1128.00,null,null,null
2023-09-03T01:39:03Z,23.21,69.05,99,0,27.64,102.56,110.00,1128.00,null,null,null
2023-09-03T01:40:03Z,23.23,69.03,99,0,26.06,102.57,110.00,1128.00,0,0,0
2023-09-03T01:41:03Z,23.20,69.01,99,0,23.40,102.57,110.00,1128.00,null,null,null
2023-09-03T01:42:03Z,23.23,68.99,99,0,27.44,102.57,110.00,1128.00,null,null,null
2023-09-03T01:43:03Z,23.23,68.95,99,0,27.51,102.57,108.00,1113.00,null,null,null
2023-09-03T01:44:03Z,23.20,68.99,99,0,23.77,102.57,110.00,1128.00,null,null,null
2023-09-03T01:45:03Z,23.23,68.98,99,0,27.66,102.57,110.00,1128.00,0,0,0
2023-09-03T01:46:03Z,23.21,69.03,99,0,23.86,102.57,110.00,1128.00,null,null,null
2023-09-03T01:47:03Z,23.21,69.03,99,0,25.70,102.56,108.00,1113.00,null,null,null
2023-09-03T01:48:03Z,23.24,69.01,99,0,31.74,102.56,110.00,1128.00,null,null,null
2023-09-03T01:49:03Z,23.21,69.06,99,0,24.96,102.56,108.00,1113.00,null,null,null
2023-09-03T01:50:03Z,23.21,69.03,99,0,25.65,102.57,108.00,1113.00,0,0,0
2023-09-03T01:51:03Z,23.23,69.06,99,0,29.46,102.57,106.00,1102.00,null,null,null
2023-09-03T01:52:03Z,23.23,69.04,99,0,28.02,102.56,106.00,1102.00,null,null,null
2023-09-03T01:53:03Z,23.20,69.04,99,0,29.74,102.57,106.00,1102.00,null,null,null
2023-09-03T01:54:03Z,23.20,69.00,99,0,30.53,102.56,106.00,1102.00,null,null,null
2023-09-03T01:55:03Z,23.21,68.96,99,0,27.10,102.56,108.00,1113.00,0,0,0
2023-09-03T01:56:03Z,23.21,68.95,99,0,27.28,102.56,110.00,1128.00,null,null,null
2023-09-03T01:57:03Z,23.23,68.91,99,0,25.92,102.56,108.00,1113.00,null,null,null
2023-09-03T01:58:03Z,23.21,68.89,99,0,26.19,102.56,110.00,1128.00,null,null,null
2023-09-03T01:59:03Z,23.23,68.91,99,0,24.54,102.56,108.00,1113.00,null,null,null
2023-09-03T02:00:03Z,23.20,68.88,99,0,24.68,102.57,110.00,1128.00,0,0,0
2023-09-03T02:01:03Z,23.23,68.84,99,0,28.30,102.57,108.00,1113.00,null,null,null
2023-09-03T02:02:03Z,23.20,68.83,99,0,24.72,102.57,110.00,1128.00,null,null,null
2023-09-03T02:03:03Z,23.21,68.81,99,0,31.30,102.57,108.00,1113.00,null,null,null
2023-09-03T02:04:03Z,23.21,68.77,99,0,25.76,102.57,108.00,1113.00,null,null,null
2023-09-03T02:05:03Z,23.20,68.78,99,0,26.00,102.57,113.00,1144.00,0,0,0
2023-09-03T02:06:03Z,23.21,68.76,99,0,25.19,102.58,110.00,1128.00,null,null,null
2023-09-03T02:07:03Z,23.23,68.74,99,0,28.09,102.58,110.00,1128.00,null,null,null
2023-09-03T02:08:03Z,23.21,68.73,99,0,31.36,102.58,114.00,1153.00,null,null,null
2023-09-03T02:09:03Z,23.21,68.74,99,0,28.22,102.58,114.00,1153.00,null,null,null
2023-09-03T02:10:03Z,23.18,68.72,99,0,25.59,102.58,117.00,1168.00,0,0,0
2023-09-03T02:11:03Z,23.23,68.68,99,0,25.53,102.58,117.00,1168.00,null,null,null
2023-09-03T02:12:03Z,23.21,68.66,99,0,26.69,102.58,123.00,1212.00,null,null,null
2023-09-03T02:13:03Z,23.21,68.63,99,0,28.36,102.58,126.00,1228.00,null,null,null
2023-09-03T02:14:03Z,23.20,68.65,99,0,27.49,102.58,129.00,1248.00,null,null,null
2023-09-03T02:15:03Z,23.20,68.64,99,0,36.27,102.58,131.00,1266.00,0,0,0
2023-09-03T02:16:03Z,23.21,68.61,99,0,26.89,102.58,129.00,1248.00,null,null,null
2023-09-03T02:17:03Z,23.21,68.66,99,0,25.53,102.58,134.00,1281.00,null,null,null
2023-09-03T02:18:03Z,23.23,68.64,99,0,24.43,102.59,134.00,1281.00,null,null,null
2023-09-03T02:19:03Z,23.20,68.64,99,0,30.20,102.58,136.00,1295.00,null,null,null
2023-09-03T02:20:03Z,23.21,68.67,99,0,27.45,102.59,136.00,1295.00,0,0,0
2023-09-03T02:21:03Z,23.21,68.67,99,0,24.72,102.59,136.00,1295.00,null,null,null
2023-09-03T02:22:03Z,23.21,68.66,99,0,32.14,102.59,138.00,1310.00,null,null,null
2023-09-03T02:23:03Z,23.20,68.66,99,0,29.36,102.59,138.00,1310.00,null,null,null
2023-09-03T02:24:03Z,23.18,68.68,99,0,25.06,102.59,138.00,1310.00,null,null,null
2023-09-03T02:25:03Z,23.20,68.73,99,0,24.27,102.59,138.00,1310.00,0,0,0
2023-09-03T02:26:03Z,23.21,68.70,99,0,27.36,102.59,141.00,1330.00,null,null,null
2023-09-03T02:27:03Z,23.21,68.73,99,0,35.82,102.59,138.00,1310.00,null,null,null
2023-09-03T02:28:03Z,23.21,68.75,99,0,25.41,102.60,141.00,1330.00,null,null,null
2023-09-03T02:29:03Z,23.18,68.74,99,0,26.14,102.59,139.00,1316.00,null,null,null
2023-09-03T02:30:03Z,23.21,68.78,99,0,26.26,102.59,141.00,1330.00,0,0,0
2023-09-03T02:31:03Z,23.20,68.76,99,0,25.19,102.59,136.00,1299.00,null,null,null
2023-09-03T02:32:03Z,23.21,68.73,100,0,23.25,102.59,136.00,1299.00,null,null,null
2023-09-03T02:33:03Z,23.23,68.81,99,0,31.53,102.60,138.00,1310.00,null,null,null
2023-09-03T02:34:03Z,23.20,68.79,99,0,24.19,102.60,138.00,1310.00,null,null,null
2023-09-03T02:35:03Z,23.21,68.82,99,0,42.19,102.60,139.00,1316.00,0,0,0
2023-09-03T02:36:03Z,23.21,68.81,99,0,24.83,102.60,139.00,1316.00,null,null,null
2023-09-03T02:37:03Z,23.20,68.76,99,0,34.98,102.60,139.00,1316.00,null,null,null
2023-09-03T02:38:03Z,23.23,68.83,99,0,38.78,102.60,139.00,1316.00,null,null,null
2023-09-03T02:39:03Z,23.21,68.84,99,0,26.08,102.60,139.00,1316.00,null,null,null
2023-09-03T02:40:03Z,23.20,68.89,99,0,26.53,102.60,139.00,1316.00,0,0,0
2023-09-03T02:41:03Z,23.21,68.93,99,0,26.41,102.60,139.00,1316.00,null,null,null
2023-09-03T02:42:03Z,23.23,68.95,99,0,29.50,102.61,139.00,1316.00,null,null,null
2023-09-03T02:43:03Z,23.20,68.99,99,0,27.57,102.60,139.00,1316.00,null,null,null
2023-09-03T02:44:03Z,23.20,69.02,99,0,26.11,102.61,139.00,1316.00,null,null,null
2023-09-03T02:45:03Z,23.18,68.99,99,0,27.08,102.61,139.00,1316.00,0,0,0
2023-09-03T02:46:03Z,23.23,68.96,99,0,24.65,102.61,136.00,1299.00,null,null,null
2023-09-03T02:47:03Z,23.21,68.89,99,0,25.95,102.61,134.00,1285.00,null,null,null
2023-09-03T02:48:03Z,23.20,68.83,99,0,27.69,102.61,134.00,1285.00,null,null,null
2023-09-03T02:49:03Z,23.21,68.76,99,0,25.38,102.61,134.00,1285.00,null,null,null
2023-09-03T02:50:03Z,23.20,68.77,99,0,27.96,102.61,134.00,1285.00,0,0,0
2023-09-03T02:51:03Z,23.21,68.70,99,0,24.96,102.62,132.00,1270.00,null,null,null
2023-09-03T02:52:03Z,23.20,68.62,99,0,29.22,102.61,131.00,1266.00,null,null,null
2023-09-03T02:53:03Z,23.21,68.70,99,0,27.94,102.61,134.00,1281.00,null,null,null
2023-09-03T02:54:03Z,23.17,68.68,99,0,23.45,102.61,131.00,1266.00,null,null,null
2023-09-03T02:55:03Z,23.20,68.74,99,0,28.55,102.61,129.00,1248.00,0,0,0
2023-09-03T02:56:03Z,23.21,68.66,99,0,27.06,102.62,131.00,1266.00,null,null,null
2023-09-03T02:57:03Z,23.18,68.71,99,0,25.65,102.61,131.00,1266.00,null,null,null
2023-09-03T02:58:03Z,23.21,68.66,99,0,28.40,102.61,131.00,1266.00,null,null,null
2023-09-03T02:59:03Z,23.18,68.65,99,0,23.10,102.62,129.00,1248.00,null,null,null
