TIME,TEMP,HUM,BATT,LIGHT,NOISE_A,PRESS,CCS811_VOCS,CCS811_ECO2,PM_1,PM_25,PM_10
ISO 8601,C,%,%,Lux,dBA,kPa,ppb,ppm,ug/m3,ug/m3,ug/m3
Time,Temperature,Humidity,Battery,Light,Noise dBA,Barometric pressure,VOC Gas CCS811,eCO2 Gas CCS811,PM 1.0,PM 2.5,PM 10.0
,55,56,10,14,53,58,113,112,89,87,88
2023-09-10T00:00:02Z,27.58,64.58,99,0,30.26,101.56,105.00,1095.00,0,0,0
2023-09-10T00:01:02Z,27.57,64.60,99,0,30.24,101.56,104.00,1083.00,null,null,null
2023-09-10T00:02:02Z,27.56,64.66,99,0,44.00,101.56,105.00,1095.00,null,null,null
2023-09-10T00:03:02Z,27.54,64.60,99,0,39.09,101.56,105.00,1095.00,null,null,null
2023-09-10T00:04:02Z,27.54,64.67,99,0,40.39,101.56,105.00,1095.00,null,null,null
2023-09-10T00:05:02Z,27.54,64.67,99,0,37.46,101.56,105.00,1095.00,0,0,0
2023-09-10T00:06:02Z,27.54,64.71,99,0,29.50,101.56,105.00,1095.00,null,null,null
2023-09-10T00:07:02Z,27.53,64.71,99,0,27.34,101.56,105.00,1095.00,null,null,null
2023-09-10T00:08:02Z,27.50,64.78,99,0,29.15,101.56,104.00,1083.00,null,null,null
2023-09-10T00:09:02Z,27.53,64.76,99,0,28.30,101.56,102.00,1071.00,null,null,null
2023-09-10T00:10:02Z,27.51,64.76,99,0,26.64,101.56,102.00,1071.00,0,0,0
2023-09-10T00:11:02Z,27.53,64.76,99,0,32.58,101.56,99.00,1053.00,null,null,null
2023-09-10T00:12:02Z,27.54,64.80,99,0,27.36,101.56,102.00,1071.00,null,null,null
2023-09-10T00:13:02Z,27.51,64.85,99,0,32.55,101.56,99.00,1053.00,null,null,null
2023-09-10T00:14:02Z,27.50,64.87,99,0,31.41,101.56,99.00,1053.00,null,null,null
2023-09-10T00:15:02Z,27.47,64.94,99,0,31.86,101.56,99.00,1053.00,0,0,0
2023-09-10T00:16:02Z,27.48,64.83,99,0,28.11,101.55,99.00,1053.00,null,null,null
2023-09-10T00:17:02Z,27.51,64.89,99,0,36.09,101.55,99.00,1053.00,null,null,null
2023-09-10T00:18:02Z,27.48,64.89,99,0,35.34,101.55,99.00,1053.00,null,null,null
2023-09-10T00:19:02Z,27.50,64.90,99,0,25.06,101.55,95.00,1029.00,null,null,null
2023-09-10T00:20:02Z,27.46,64.87,99,0,38.45,101.55,95.00,1029.00,0,0,0
2023-09-10T00:21:02Z,27.46,64.97,99,0,25.95,101.55,104.00,1083.00,null,null,null
2023-09-10T00:22:02Z,27.46,64.94,99,0,37.00,101.55,104.00,1083.00,null,null,null
2023-09-10T00:23:02Z,27.44,65.00,99,0,36.19,101.55,108.00,1110.00,null,null,null
2023-09-10T00:24:02Z,27.43,64.98,99,0,36.02,101.55,105.00,1095.00,null,null,null
2023-09-10T00:25:02Z,27.41,65.06,99,0,25.09,101.55,108.00,1110.00,0,0,0
2023-09-10T00:26:02Z,27.41,64.97,99,0,24.27,101.55,108.00,1110.00,null,null,null
2023-09-10T00:27:02Z,27.41,65.05,99,0,44.74,101.55,105.00,1095.00,null,null,null
2023-09-10T00:28:02Z,27.40,65.10,99,0,27.51,101.54,108.00,1110.00,null,null,null
2023-09-10T00:29:02Z,27.40,65.07,99,0,33.30,101.54,99.00,1053.00,null,null,null
2023-09-10T00:30:02Z,27.36,64.95,99,0,33.08,101.54,99.00,1053.00,0,0,0
2023-09-10T00:31:02Z,27.40,65.15,99,0,24.19,101.55,102.00,1071.00,null,null,null
2023-09-10T00:32:02Z,27.41,65.06,99,0,26.08,101.55,110.00,1125.00,null,null,null
2023-09-10T00:33:02Z,27.38,65.06,99,0,40.28,101.55,114.00,1150.00,null,null,null
2023-09-10T00:34:02Z,27.40,65.05,99,0,28.23,101.54,114.00,1150.00,null,null,null
2023-09-10T00:35:02Z,27.40,65.09,99,0,39.20,101.55,124.00,1220.00,0,0,0
2023-09-10T00:36:02Z,27.40,65.03,99,0,36.04,101.54,121.00,1195.00,null,null,null
2023-09-10T00:37:02Z,27.40,64.95,99,0,28.15,101.55,131.00,1262.00,null,null,null
2023-09-10T00:38:02Z,27.41,64.84,99,0,27.36,101.54,127.00,1235.00,null,null,null
2023-09-10T00:39:02Z,27.43,64.69,99,0,29.41,101.55,129.00,1248.00,null,null,null
2023-09-10T00:40:02Z,27.40,64.63,99,0,29.79,101.54,127.00,1235.00,0,0,0
2023-09-10T00:41:02Z,27.43,64.40,99,0,28.64,101.54,118.00,1181.00,null,null,null
2023-09-10T00:42:02Z,27.46,64.57,99,0,33.26,101.54,116.00,1163.00,null,null,null
2023-09-10T00:43:02Z,27.47,64.50,99,0,27.28,101.54,114.00,1150.00,null,null,null
2023-09-10T00:44:02Z,27.46,64.55,99,0,33.18,101.54,112.00,1137.00,null,null,null
2023-09-10T00:45:02Z,27.44,64.62,99,0,39.91,101.54,112.00,1137.00,0,0,0
2023-09-10T00:46:02Z,27.47,64.67,99,0,25.87,101.54,110.00,1125.00,null,null,null
2023-09-10T00:47:02Z,27.47,64.57,99,0,37.75,101.54,107.00,1107.00,null,null,null
2023-09-10T00:48:02Z,27.46,64.64,99,0,33.50,101.54,105.00,1095.00,null,null,null
2023-09-10T00:49:02Z,27.46,64.72,99,0,33.02,101.54,104.00,1083.00,null,null,null
2023-09-10T00:50:02Z,27.44,64.74,99,0,32.64,101.54,99.00,1053.00,0,0,0
2023-09-10T00:51:02Z,27.44,64.76,99,0,40.09,101.54,99.00,1053.00,null,null,null
2023-09-10T00:52:02Z,27.43,64.80,99,0,32.33,101.54,97.00,1041.00,null,null,null
2023-09-10T00:53:02Z,27.43,64.84,99,0,25.53,101.54,93.00,1012.00,null,null,null
2023-09-10T00:54:02Z,27.43,64.89,99,0,32.90,101.55,95.00,1029.00,null,null,null
2023-09-10T00:55:02Z,27.41,64.93,99,0,33.14,101.55,89.00,987.00,0,0,0
2023-09-10T00:56:02Z,27.38,64.97,99,0,27.10,101.55,87.00,975.00,null,null,null
2023-09-10T00:57:02Z,27.40,64.97,99,0,41.27,101.55,89.00,987.00,null,null,null
2023-09-10T00:58:02Z,27.40,64.90,99,0,27.69,101.55,86.00,967.00,null,null,null
2023-09-10T00:59:02Z,27.37,64.93,99,0,30.08,101.55,84.00,954.00,null,null,null
2023-09-10T01:00:02Z,27.37,65.09,99,0,27.44,101.55,89.00,987.00,0,0,0
2023-09-10T01:01:02Z,27.38,65.10,99,0,40.87,101.55,87.00,975.00,null,null,null
2023-09-10T01:02:02Z,27.38,65.08,99,0,34.31,101.55,87.00,975.00,null,null,null
2023-09-10T01:03:02Z,27.36,65.08,99,0,31.07,101.55,86.00,967.00,null,null,null
2023-09-10T01:04:02Z,27.37,65.13,99,0,26.14,101.55,84.00,954.00,null,null,null
2023-09-10T01:05:02Z,27.37,65.16,99,0,37.44,101.55,86.00,967.00,0,0,0
2023-09-10T01:06:02Z,27.34,65.17,99,0,40.72,101.55,82.00,942.00,null,null,null
2023-09-10T01:07:02Z,27.34,65.16,99,0,36.46,101.54,79.00,920.00,null,null,null
2023-09-10T01:08:02Z,27.34,65.13,99,0,26.57,101.55,77.00,907.00,null,null,null
2023-09-10T01:09:02Z,27.30,65.15,99,0,32.05,101.54,77.00,907.00,null,null,null
2023-09-10T01:10:02Z,27.31,65.19,99,0,25.22,101.55,79.00,920.00,0,0,0
2023-09-10T01:11:02Z,27.31,65.16,99,0,32.00,101.54,74.00,889.00,null,null,null
2023-09-10T01:12:02Z,27.30,65.28,99,0,26.24,101.54,74.00,889.00,null,null,null
2023-09-10T01:13:02Z,27.31,65.34,99,0,32.70,101.55,73.00,882.00,null,null,null
2023-09-10T01:14:02Z,27.27,65.37,99,0,51.35,101.55,74.00,889.00,null,null,null
2023-09-10T01:15:02Z,27.27,65.38,99,0,27.75,101.55,71.00,872.00,0,0,0
2023-09-10T01:16:02Z,27.26,65.35,99,0,24.76,101.55,71.00,872.00,null,null,null
2023-09-10T01:17:02Z,27.27,65.42,99,0,31.38,101.55,73.00,882.00,null,null,null
2023-09-10T01:18:02Z,27.29,65.45,99,0,35.66,101.55,69.00,857.00,null,null,null
2023-09-10T01:19:02Z,27.27,65.44,99,0,26.89,101.55,69.00,857.00,null,null,null
2023-09-10T01:20:02Z,27.23,65.53,99,0,29.90,101.55,73.00,882.00,0,0,0
2023-09-10T01:21:02Z,27.26,65.46,99,0,33.85,101.55,73.00,885.00,null,null,null
2023-09-10T01:22:02Z,27.24,65.43,100,0,36.91,101.55,68.00,848.00,null,null,null
2023-09-10T01:23:02Z,27.23,65.51,99,0,25.79,101.56,72.00,874.00,null,null,null
2023-09-10T01:24:02Z,27.21,65.53,99,0,25.87,101.55,72.00,874.00,null,null,null
2023-09-10T01:25:02Z,27.23,65.57,99,0,27.02,101.55,71.00,870.00,0,0,0
2023-09-10T01:26:02Z,27.24,65.63,99,0,33.28,101.55,71.00,870.00,null,null,null
2023-09-10T01:27:02Z,27.24,65.60,99,0,25.53,101.56,71.00,870.00,null,null,null
2023-09-10T01:28:02Z,27.20,65.58,99,0,25.16,101.56,72.00,874.00,null,null,null
2023-09-10T01:29:02Z,27.24,65.52,99,0,26.78,101.55,72.00,874.00,null,null,null
2023-09-10T01:30:02Z,27.20,65.61,99,0,25.87,101.55,72.00,874.00,0,0,0
2023-09-10T01:31:02Z,27.23,65.54,99,0,32.33,101.56,72.00,874.00,null,null,null
2023-09-10T01:32:02Z,27.23,65.56,99,0,24.76,101.55,72.00,874.00,null,null,null
2023-09-10T01:33:02Z,27.23,65.57,99,0,25.90,101.55,72.00,874.00,null,null,null
2023-09-10T01:34:02Z,27.24,65.60,99,0,27.51,101.55,73.00,885.00,null,null,null
2023-09-10T01:35:02Z,27.20,65.59,99,0,28.51,101.55,72.00,874.00,0,0,0
2023-09-10T01:36:02Z,27.20,65.60,99,0,31.75,101.55,72.00,874.00,null,null,null
2023-09-10T01:37:02Z,27.17,65.68,99,0,31.90,101.55,71.00,870.00,null,null,null
2023-09-10T01:38:02Z,27.20,65.72,99,0,27.36,101.55,69.00,853.00,null,null,null
2023-09-10T01:39:02Z,27.17,65.79,99,0,24.03,101.55,69.00,853.00,null,null,null
2023-09-10T01:40:02Z,27.16,65.76,99,0,37.97,101.55,67.00,846.00,0,0,0
2023-09-10T01:41:02Z,27.17,65.85,99,0,26.06,101.55,67.00,846.00,null,null,null
2023-09-10T01:42:02Z,27.19,65.79,99,0,29.03,101.55,67.00,846.00,null,null,null
2023-09-10T01:43:02Z,27.16,65.82,99,0,29.60,101.55,66.00,836.00,null,null,null
2023-09-10T01:44:02Z,27.17,65.91,99,0,32.75,101.56,66.00,836.00,null,null,null
2023-09-10T01:45:02Z,27.14,65.92,99,0,26.60,101.55,65.00,827.00,0,0,0
2023-09-10T01:46:02Z,27.14,65.96,99,0,33.47,101.55,65.00,827.00,null,null,null
2023-09-10T01:47:02Z,27.11,65.87,99,0,33.29,101.55,65.00,827.00,null,null,null
2023-09-10T01:48:02Z,27.14,65.96,99,0,29.51,101.55,66.00,836.00,null,null,null
2023-09-10T01:49:02Z,27.14,66.06,99,0,37.16,101.55,66.00,836.00,null,null,null
2023-09-10T01:50:02Z,27.09,66.11,99,0,25.59,101.55,66.00,836.00,0,0,0
2023-09-10T01:51:02Z,27.11,66.01,99,0,33.97,101.55,65.00,827.00,null,null,null
2023-09-10T01:52:02Z,27.10,66.11,99,0,26.36,101.55,66.00,836.00,null,null,null
2023-09-10T01:53:02Z,27.10,66.07,99,0,33.22,101.55,66.00,836.00,null,null,null
2023-09-10T01:54:02Z,27.09,66.04,99,0,26.82,101.54,66.00,836.00,null,null,null
2023-09-10T01:55:02Z,27.10,66.14,99,0,25.16,101.55,66.00,836.00,0,0,0
2023-09-10T01:56:02Z,27.07,66.13,99,0,28.09,101.54,66.00,836.00,null,null,null
2023-09-10T01:57:02Z,27.10,66.15,99,0,25.87,101.54,67.00,846.00,null,null,null
2023-09-10T01:58:02Z,27.09,66.17,99,0,44.34,101.54,70.00,863.00,null,null,null
2023-09-10T01:59:02Z,27.09,66.23,99,0,28.12,101.54,70.00,863.00,null,null,null
2023-09-10T02:00:02Z,27.07,66.19,99,0,32.44,101.54,71.00,868.00,0,0,0
2023-09-10T02:01:02Z,27.09,66.15,99,0,23.15,101.54,72.00,877.00,null,null,null
2023-09-10T02:02:02Z,27.11,66.16,99,0,27.04,101.55,72.00,877.00,null,null,null
2023-09-10T02:03:02Z,27.06,66.16,99,0,42.44,101.54,72.00,877.00,null,null,null
2023-09-10T02:04:02Z,27.07,66.18,99,0,25.62,101.55,96.00,1035.00,null,null,null
2023-09-10T02:05:02Z,27.06,66.06,99,0,27.94,101.55,101.00,1068.00,0,0,0
2023-09-10T02:06:02Z,27.10,66.06,99,0,34.97,101.55,105.00,1095.00,null,null,null
2023-09-10T02:07:02Z,27.10,66.09,99,0,26.38,101.55,112.00,1140.00,null,null,null
2023-09-10T02:08:02Z,27.09,66.10,99,0,33.97,101.55,109.00,1122.00,null,null,null
2023-09-10T02:09:02Z,27.09,66.08,99,0,27.30,101.55,107.00,1107.00,null,null,null
2023-09-10T02:10:02Z,27.06,66.13,99,0,26.78,101.55,107.00,1107.00,0,0,0
2023-09-10T02:11:02Z,27.07,66.08,99,0,29.84,101.56,105.00,1095.00,null,null,null
2023-09-10T02:12:02Z,27.07,66.07,99,0,25.59,101.55,104.00,1083.00,null,null,null
2023-09-10T02:13:02Z,27.07,66.11,99,0,30.26,101.56,104.00,1083.00,null,null,null
2023-09-10T02:14:02Z,27.06,66.19,99,0,26.99,101.56,101.00,1068.00,null,null,null
2023-09-10T02:15:02Z,27.04,66.07,99,0,28.25,101.56,99.00,1056.00,0,0,0
2023-09-10T02:16:02Z,27.02,66.22,99,0,31.24,101.56,98.00,1044.00,null,null,null
2023-09-10T02:17:02Z,27.06,66.28,99,0,33.63,101.56,98.00,1044.00,null,null,null
2023-09-10T02:18:02Z,27.02,66.28,99,0,25.65,101.56,96.00,1032.00,null,null,null
2023-09-10T02:19:02Z,27.02,66.25,99,0,24.39,101.56,93.00,1017.00,null,null,null
2023-09-10T02:20:02Z,27.03,66.28,99,0,32.88,101.55,93.00,1017.00,0,0,0
2023-09-10T02:21:02Z,27.02,66.28,99,0,28.60,101.56,92.00,1004.00,null,null,null
2023-09-10T02:22:02Z,27.02,66.37,99,0,27.08,101.56,93.00,1017.00,null,null,null
2023-09-10T02:23:02Z,27.00,66.38,99,0,26.76,101.56,92.00,1004.00,null,null,null
2023-09-10T02:24:02Z,27.02,66.34,99,0,26.29,101.56,90.00,992.00,null,null,null
2023-09-10T02:25:02Z,27.00,66.39,100,0,32.26,101.56,90.00,992.00,0,0,0
2023-09-10T02:26:02Z,27.04,66.40,99,0,36.37,101.56,92.00,1004.00,null,null,null
2023-09-10T02:27:02Z,27.04,66.36,99,0,43.73,101.56,93.00,1017.00,null,null,null
2023-09-10T02:28:02Z,27.03,66.39,99,0,35.91,101.56,93.00,1017.00,null,null,null
2023-09-10T02:29:02Z,27.02,66.36,99,0,24.61,101.56,93.00,1017.00,null,null,null
2023-09-10T02:30:02Z,27.02,66.38,99,0,25.73,101.56,93.00,1017.00,0,0,0
2023-09-10T02:31:02Z,27.02,66.37,99,0,33.42,101.56,92.00,1004.00,null,null,null
2023-09-10T02:32:02Z,27.02,66.33,99,0,25.92,101.56,92.00,1004.00,null,null,null
2023-09-10T02:33:02Z,27.00,66.33,99,0,30.58,101.56,92.00,1004.00,null,null,null
2023-09-10T02:34:02Z,26.98,66.40,99,0,28.28,101.56,92.00,1004.00,null,null,null
2023-09-10T02:35:02Z,26.96,66.57,99,0,26.99,101.56,90.00,992.00,0,0,0
2023-09-10T02:36:02Z,26.99,66.58,99,0,23.15,101.56,92.00,1004.00,null,null,null
2023-09-10T02:37:02Z,26.96,66.56,99,0,25.38,101.56,88.00,981.00,null,null,null
2023-09-10T02:38:02Z,26.99,66.59,99,0,24.15,101.55,90.00,992.00,null,null,null
2023-09-10T02:39:02Z,26.96,66.66,99,0,28.84,101.55,90.00,992.00,null,null,null
2023-09-10T02:40:02Z,26.95,66.67,99,0,26.26,101.55,90.00,992.00,0,0,0
2023-09-10T02:41:02Z,26.96,66.53,99,0,24.61,101.55,90.00,992.00,null,null,null
2023-09-10T02:42:02Z,26.96,66.68,99,0,26.71,101.55,88.00,981.00,null,null,null
2023-09-10T02:43:02Z,26.98,66.63,99,0,27.87,101.54,88.00,981.00,null,null,null
2023-09-10T02:44:02Z,26.96,66.72,99,0,44.24,101.55,88.00,981.00,null,null,null
2023-09-10T02:45:02Z,26.93,66.69,99,0,27.53,101.55,88.00,981.00,0,0,0
2023-09-10T02:46:02Z,26.95,66.73,99,0,25.19,101.54,88.00,981.00,null,null,null
2023-09-10T02:47:02Z,26.98,66.70,99,0,23.40,101.54,90.00,992.00,null,null,null
2023-09-10T02:48:02Z,26.95,66.73,99,0,31.47,101.54,96.00,1032.00,null,null,null
2023-09-10T02:49:02Z,26.93,66.72,99,0,28.52,101.54,99.00,1056.00,null,null,null
2023-09-10T02:50:02Z,26.95,66.80,99,0,24.11,101.54,102.00,1071.00,0,0,0
2023-09-10T02:51:02Z,26.95,66.83,99,0,27.36,101.54,102.00,1074.00,null,null,null
2023-09-10T02:52:02Z,26.95,66.82,99,0,28.66,101.53,104.00,1086.00,null,null,null
2023-09-10T02:53:02Z,26.93,66.83,99,0,25.65,101.54,102.00,1074.00,null,null,null
2023-09-10T02:54:02Z,26.90,66.79,99,0,21.71,101.53,102.00,1074.00,null,null,null
2023-09-10T02:55:02Z,26.92,66.88,99,0,27.75,101.53,106.00,1099.00,0,0,0
2023-09-10T02:56:02Z,26.90,66.90,99,0,25.13,101.53,104.00,1086.00,null,null,null
2023-09-10T02:57:02Z,26.96,66.82,99,0,27.22,101.53,104.00,1086.00,null,null,null
2023-09-10T02:58:02Z,26.92,66.82,99,0,23.54,101.53,106.00,1099.00,null,null,null
2023-09-10T02:59:02Z,26.93,66.89,99,0,37.33,101.52,106.00,1099.00,null,null,null
