TIME,TEMP,HUM,BATT,LIGHT,NOISE_A,PRESS,CCS811_VOCS,CCS811_ECO2,PM_1,PM_25,PM_10
ISO 8601,C,%,%,Lux,dBA,kPa,ppb,ppm,ug/m3,ug/m3,ug/m3
Time,Temperature,Humidity,Battery,Light,Noise dBA,Barometric pressure,VOC Gas CCS811,eCO2 Gas CCS811,PM 1.0,PM 2.5,PM 10.0
,55,56,10,14,53,58,113,112,89,87,88
2023-08-13T00:00:50Z,22.32,64.18,99,0,28.70,101.41,19.00,527.00,null,null,null
2023-08-13T00:01:50Z,22.32,64.16,99,0,25.09,101.41,14.00,493.00,null,null,null
2023-08-13T00:02:50Z,22.31,64.36,99,0,29.74,101.42,13.00,487.00,null,null,null
2023-08-13T00:03:50Z,22.32,64.60,99,0,25.00,101.41,15.00,505.00,0,0,0
2023-08-13T00:04:50Z,22.29,64.46,99,0,41.36,101.41,15.00,505.00,null,null,null
2023-08-13T00:05:50Z,22.32,64.75,99,0,27.10,101.42,17.00,515.00,null,null,null
2023-08-13T00:06:50Z,22.34,64.78,99,0,33.22,101.41,20.00,534.00,null,null,null
2023-08-13T00:07:50Z,22.31,64.69,99,0,31.85,101.41,23.00,556.00,null,null,null
2023-08-13T00:08:50Z,22.34,64.80,99,0,27.71,101.42,25.00,565.00,0,0,0
2023-08-13T00:09:50Z,22.31,64.28,99,0,25.59,101.42,25.00,565.00,null,null,null
2023-08-13T00:10:50Z,22.34,64.42,99,0,37.26,101.42,23.00,552.00,null,null,null
2023-08-13T00:11:50Z,22.31,64.07,99,0,29.36,101.42,21.00,540.00,null,null,null
2023-08-13T00:12:50Z,22.32,64.23,99,0,28.23,101.42,14.00,497.00,null,null,null
2023-08-13T00:13:50Z,22.31,64.14,99,0,30.21,101.42,13.00,487.00,0,0,0
2023-08-13T00:14:50Z,22.31,63.97,99,0,36.12,101.42,8.00,455.00,null,null,null
2023-08-13T00:15:50Z,22.27,64.36,99,0,39.40,101.42,6.00,444.00,null,null,null
2023-08-13T00:16:50Z,22.28,64.62,99,0,26.21,101.42,8.00,457.00,null,null,null
2023-08-13T00:17:50Z,22.27,64.58,99,0,38.02,101.42,9.00,465.00,null,null,null
2023-08-13T00:18:50Z,22.27,64.37,99,0,23.49,101.41,12.00,482.00,0,0,0
2023-08-13T00:19:50Z,22.27,64.26,99,0,27.28,101.42,9.00,465.00,null,null,null
2023-08-13T00:20:50Z,22.27,64.71,99,0,34.04,101.42,9.00,465.00,null,null,null
2023-08-13T00:21:50Z,22.28,64.80,99,0,28.57,101.42,12.00,485.00,null,null,null
2023-08-13T00:22:50Z,22.24,64.50,99,0,26.14,101.42,14.00,496.00,null,null,null
2023-08-13T00:23:50Z,22.24,64.46,99,0,30.09,101.42,21.00,542.00,0,0,0
2023-08-13T00:24:50Z,22.25,64.81,99,0,33.39,101.42,22.00,549.00,null,null,null
2023-08-13T00:25:50Z,22.27,64.43,99,0,25.41,101.42,15.00,500.00,null,null,null
2023-08-13T00:26:50Z,22.25,64.61,99,0,35.20,101.42,15.00,501.00,null,null,null
2023-08-13T00:27:50Z,22.24,64.89,99,0,42.52,101.42,19.00,527.00,null,null,null
2023-08-13T00:28:50Z,22.25,64.60,99,0,31.90,101.42,23.00,553.00,0,0,0
2023-08-13T00:29:50Z,22.27,64.71,99,0,28.74,101.42,19.00,531.00,null,null,null
2023-08-13T00:30:50Z,22.25,64.87,99,0,36.04,101.42,22.00,546.00,null,null,null
2023-08-13T00:31:50Z,22.27,64.72,99,0,32.33,101.42,21.00,540.00,null,null,null
2023-08-13T00:32:50Z,22.25,64.60,99,0,27.36,101.42,22.00,546.00,null,null,null
2023-08-13T00:33:50Z,22.25,64.57,99,0,26.89,101.42,22.00,546.00,0,0,0
2023-08-13T00:34:50Z,22.28,64.76,99,0,37.43,101.42,19.00,531.00,null,null,null
2023-08-13T00:35:50Z,22.27,64.42,99,0,29.00,101.42,21.00,540.00,null,null,null
2023-08-13T00:36:50Z,22.25,64.59,99,0,33.96,101.41,20.00,537.00,null,null,null
2023-08-13T00:37:50Z,22.27,64.54,99,0,37.43,101.41,20.00,537.00,null,null,null
2023-08-13T00:38:50Z,22.28,64.43,99,0,29.58,101.41,19.00,527.00,0,0,0
2023-08-13T00:39:50Z,22.27,64.51,99,0,32.43,101.41,14.00,495.00,null,null,null
2023-08-13T00:40:50Z,22.28,64.57,99,0,29.81,101.41,13.00,491.00,null,null,null
2023-08-13T00:41:50Z,22.25,64.72,99,0,34.31,101.41,15.00,501.00,null,null,null
2023-08-13T00:42:50Z,22.27,64.78,99,0,27.73,101.41,17.00,515.00,null,null,null
2023-08-13T00:43:50Z,22.25,64.65,99,0,28.76,101.41,17.00,514.00,0,0,0
2023-08-13T00:44:50Z,22.25,64.51,99,0,36.32,101.41,19.00,527.00,null,null,null
2023-08-13T00:45:50Z,22.25,64.54,99,0,27.04,101.40,17.00,515.00,null,null,null
2023-08-13T00:46:50Z,22.25,64.62,99,0,38.66,101.41,15.00,505.00,null,null,null
2023-08-13T00:47:50Z,22.24,64.53,99,0,25.70,101.40,17.00,515.00,null,null,null
2023-08-13T00:48:50Z,22.25,64.65,99,0,26.48,101.40,24.00,561.00,0,0,0
2023-08-13T00:49:50Z,22.21,64.15,99,0,28.40,101.40,12.00,485.00,null,null,null
2023-08-13T00:50:50Z,22.21,64.28,99,0,33.20,101.40,13.00,491.00,null,null,null
2023-08-13T00:51:50Z,22.21,64.66,99,0,30.87,101.41,15.00,503.00,null,null,null
2023-08-13T00:52:50Z,22.22,64.45,99,0,27.96,101.40,16.00,508.00,null,null,null
2023-08-13T00:53:50Z,22.22,64.72,99,0,26.19,101.41,16.00,508.00,0,0,0
2023-08-13T00:54:50Z,22.22,65.01,99,0,26.78,101.41,20.00,537.00,null,null,null
2023-08-13T00:55:50Z,22.24,64.69,99,0,28.04,101.41,22.00,548.00,null,null,null
2023-08-13T00:56:50Z,22.22,64.63,99,0,25.47,101.40,23.00,553.00,null,null,null
2023-08-13T00:57:50Z,22.21,64.55,99,0,32.28,101.41,21.00,542.00,null,null,null
2023-08-13T00:58:50Z,22.21,64.69,99,0,36.20,101.41,20.00,537.00,0,0,0
2023-08-13T00:59:50Z,22.21,64.59,99,0,35.43,101.41,19.00,529.00,null,null,null
2023-08-13T01:00:50Z,22.21,64.62,99,0,34.78,101.41,20.00,537.00,null,null,null
2023-08-13T01:01:50Z,22.18,64.78,99,0,33.10,101.40,20.00,537.00,null,null,null
2023-08-13T01:02:50Z,22.22,65.07,99,0,26.64,101.40,23.00,553.00,null,null,null
2023-08-13T01:03:50Z,22.19,64.86,99,0,30.11,101.40,25.00,567.00,0,0,0
2023-08-13T01:04:50Z,22.22,64.89,99,0,27.80,101.41,26.00,572.00,null,null,null
2023-08-13T01:05:50Z,22.22,64.82,99,0,27.32,101.40,27.00,581.00,null,null,null
2023-08-13T01:06:50Z,22.18,64.31,99,0,25.09,101.40,27.00,578.00,null,null,null
2023-08-13T01:07:50Z,22.19,64.56,99,0,29.11,101.40,21.00,542.00,null,null,null
2023-08-13T01:08:50Z,22.19,64.81,99,0,23.40,101.40,21.00,542.00,0,0,0
2023-08-13T01:09:50Z,22.22,64.82,99,0,30.92,101.39,21.00,543.00,null,null,null
2023-08-13T01:10:50Z,22.21,64.69,99,0,27.26,101.40,23.00,553.00,null,null,null
2023-08-13T01:11:50Z,22.19,64.78,99,0,33.36,101.40,23.00,553.00,null,null,null
2023-08-13T01:12:50Z,22.18,64.74,99,0,24.54,101.39,23.00,553.00,null,null,null
2023-08-13T01:13:50Z,22.19,65.00,99,0,25.82,101.40,25.00,566.00,0,0,0
2023-08-13T01:14:50Z,22.21,64.89,99,0,28.04,101.39,27.00,578.00,null,null,null
2023-08-13T01:15:50Z,22.21,64.66,99,0,29.27,101.40,27.00,578.00,null,null,null
2023-08-13T01:16:50Z,22.21,64.57,99,0,26.89,101.40,26.00,574.00,null,null,null
2023-08-13T01:17:50Z,22.19,64.61,99,0,24.86,101.39,23.00,553.00,null,null,null
2023-08-13T01:18:50Z,22.18,64.64,99,0,24.23,101.39,24.00,561.00,0,0,0
2023-08-13T01:19:50Z,22.18,64.85,99,0,36.58,101.40,26.00,574.00,null,null,null
2023-08-13T01:20:50Z,22.19,64.74,99,0,26.87,101.40,25.00,567.00,null,null,null
2023-08-13T01:21:50Z,22.21,64.78,99,0,26.36,101.40,28.00,589.00,null,null,null
2023-08-13T01:22:50Z,22.19,64.76,99,0,25.09,101.40,26.00,572.00,null,null,null
2023-08-13T01:23:50Z,22.19,64.92,99,0,27.66,101.40,27.00,578.00,0,0,0
2023-08-13T01:24:50Z,22.21,64.82,99,0,33.21,101.40,28.00,589.00,null,null,null
2023-08-13T01:25:50Z,22.21,64.64,99,0,35.77,101.40,27.00,578.00,null,null,null
2023-08-13T01:26:50Z,22.21,64.54,99,0,27.45,101.40,26.00,574.00,null,null,null
2023-08-13T01:27:50Z,22.21,64.51,99,0,27.44,101.40,24.00,561.00,null,null,null
2023-08-13T01:28:50Z,22.19,64.70,99,0,23.94,101.40,21.00,542.00,0,0,0
2023-08-13T01:29:50Z,22.21,64.91,99,0,30.31,101.40,25.00,566.00,null,null,null
2023-08-13T01:30:50Z,22.21,64.93,99,0,30.39,101.40,25.00,566.00,null,null,null
2023-08-13T01:31:50Z,22.21,64.75,99,0,26.24,101.40,27.00,581.00,null,null,null
2023-08-13T01:32:50Z,22.21,64.85,99,0,28.77,101.40,27.00,578.00,null,null,null
2023-08-13T01:33:50Z,22.21,64.92,99,0,31.86,101.40,27.00,578.00,0,0,0
2023-08-13T01:34:50Z,22.24,64.75,99,0,42.27,101.40,28.00,589.00,null,null,null
2023-08-13T01:35:50Z,22.22,64.71,99,0,28.87,101.40,27.00,581.00,null,null,null
2023-08-13T01:36:50Z,22.19,64.67,99,0,33.82,101.40,28.00,589.00,null,null,null
2023-08-13T01:37:50Z,22.22,64.71,99,0,26.43,101.40,28.00,586.00,null,null,null
2023-08-13T01:38:50Z,22.21,64.76,99,0,27.12,101.40,28.00,586.00,0,0,0
2023-08-13T01:39:50Z,22.22,64.65,99,0,26.41,101.40,26.00,572.00,null,null,null
2023-08-13T01:40:50Z,22.22,64.54,99,0,23.72,101.40,27.00,578.00,null,null,null
2023-08-13T01:41:50Z,22.21,64.76,99,0,26.19,101.40,23.00,553.00,null,null,null
2023-08-13T01:42:50Z,22.22,64.60,99,0,23.86,101.40,23.00,553.00,null,null,null
2023-08-13T01:43:50Z,22.19,64.63,99,0,29.22,101.40,22.00,549.00,0,0,0
2023-08-13T01:44:50Z,22.18,64.71,99,0,28.22,101.40,21.00,542.00,null,null,null
2023-08-13T01:45:50Z,22.19,64.59,99,0,37.87,101.40,21.00,542.00,null,null,null
2023-08-13T01:46:50Z,22.21,64.94,99,0,32.52,101.40,21.00,542.00,null,null,null
2023-08-13T01:47:50Z,22.21,65.05,99,0,23.81,101.40,24.00,560.00,null,null,null
2023-08-13T01:48:50Z,22.19,65.08,99,0,26.48,101.39,27.00,578.00,0,0,0
2023-08-13T01:49:50Z,22.19,64.94,99,0,28.12,101.39,27.00,578.00,null,null,null
2023-08-13T01:50:50Z,22.22,64.99,99,0,23.86,101.39,27.00,581.00,null,null,null
2023-08-13T01:51:50Z,22.21,64.85,99,0,37.00,101.39,28.00,589.00,null,null,null
2023-08-13T01:52:50Z,22.22,65.00,99,0,31.39,101.39,27.00,581.00,null,null,null
2023-08-13T01:53:50Z,22.21,65.12,99,0,28.48,101.39,30.00,602.00,0,0,0
2023-08-13T01:54:50Z,22.21,64.62,99,0,25.62,101.39,27.00,581.00,null,null,null
2023-08-13T01:55:50Z,22.21,64.62,99,0,25.50,101.39,22.00,549.00,null,null,null
2023-08-13T01:56:50Z,22.19,64.62,99,0,28.37,101.38,19.00,531.00,null,null,null
2023-08-13T01:57:50Z,22.19,64.82,99,0,23.90,101.39,19.00,529.00,null,null,null
2023-08-13T01:58:50Z,22.19,64.94,99,0,35.93,101.38,19.00,529.00,0,0,0
2023-08-13T01:59:50Z,22.22,64.99,99,0,26.57,101.39,19.00,531.00,null,null,null
2023-08-13T02:00:50Z,22.19,64.95,99,0,33.05,101.39,23.00,553.00,null,null,null
2023-08-13T02:01:50Z,22.19,65.01,99,0,29.09,101.39,23.00,553.00,null,null,null
2023-08-13T02:02:50Z,22.17,65.02,99,0,25.19,101.39,25.00,567.00,null,null,null
2023-08-13T02:03:50Z,22.19,65.17,99,0,27.28,101.38,26.00,572.00,0,0,0
2023-08-13T02:04:50Z,22.24,64.91,99,0,38.79,101.38,27.00,581.00,null,null,null
2023-08-13T02:05:50Z,22.19,64.85,99,0,34.54,101.38,27.00,581.00,null,null,null
2023-08-13T02:06:50Z,22.19,65.05,99,0,26.06,101.38,25.00,567.00,null,null,null
2023-08-13T02:07:50Z,22.19,65.04,99,0,29.64,101.38,29.00,596.00,null,null,null
2023-08-13T02:08:50Z,22.19,65.04,99,0,25.47,101.38,28.00,589.00,0,0,0
2023-08-13T02:09:50Z,22.21,65.09,99,0,27.94,101.38,29.00,596.00,null,null,null
2023-08-13T02:10:50Z,22.21,65.04,99,0,38.06,101.38,32.00,615.00,null,null,null
2023-08-13T02:11:50Z,22.19,64.94,99,0,27.64,101.38,30.00,602.00,null,null,null
2023-08-13T02:12:50Z,22.19,64.79,99,0,25.67,101.38,29.00,596.00,null,null,null
2023-08-13T02:13:50Z,22.18,64.76,99,0,24.76,101.38,25.00,567.00,0,0,0
2023-08-13T02:14:50Z,22.19,65.12,99,0,27.12,101.38,26.00,572.00,null,null,null
2023-08-13T02:15:50Z,22.21,65.19,99,0,25.98,101.38,29.00,596.00,null,null,null
2023-08-13T02:16:50Z,22.21,65.06,99,0,27.57,101.38,31.00,607.00,null,null,null
2023-08-13T02:17:50Z,22.19,65.13,99,0,34.71,101.38,33.00,618.00,null,null,null
2023-08-13T02:18:50Z,22.21,65.27,99,0,27.84,101.39,33.00,623.00,0,0,0
2023-08-13T02:19:50Z,22.22,64.89,99,0,28.92,101.38,33.00,617.00,null,null,null
2023-08-13T02:20:50Z,22.21,64.66,99,0,25.47,101.38,28.00,589.00,null,null,null
2023-08-13T02:21:50Z,22.21,64.84,99,0,36.44,101.38,28.00,586.00,null,null,null
2023-08-13T02:22:50Z,22.21,64.98,99,0,28.71,101.38,27.00,581.00,null,null,null
2023-08-13T02:23:50Z,22.19,64.91,99,0,26.08,101.38,29.00,596.00,0,0,0
2023-08-13T02:24:50Z,22.21,65.06,99,0,32.64,101.38,29.00,596.00,null,null,null
2023-08-13T02:25:50Z,22.21,65.05,99,0,31.60,101.38,31.00,607.00,null,null,null
2023-08-13T02:26:50Z,22.18,64.89,99,0,30.13,101.38,27.00,578.00,null,null,null
2023-08-13T02:27:50Z,22.18,65.00,99,0,27.30,101.38,27.00,578.00,null,null,null
2023-08-13T02:28:50Z,22.19,65.07,99,0,25.29,101.37,27.00,581.00,0,0,0
2023-08-13T02:29:50Z,22.18,64.89,99,0,27.77,101.37,27.00,578.00,null,null,null
2023-08-13T02:30:50Z,22.19,64.93,99,0,35.55,101.37,27.00,581.00,null,null,null
2023-08-13T02:31:50Z,22.21,65.09,99,0,30.78,101.37,27.00,581.00,null,null,null
2023-08-13T02:32:50Z,22.21,65.24,99,0,26.00,101.37,30.00,602.00,null,null,null
2023-08-13T02:33:50Z,22.19,65.18,99,0,26.53,101.37,33.00,618.00,0,0,0
2023-08-13T02:34:50Z,22.19,64.77,99,0,26.14,101.37,33.00,618.00,null,null,null
2023-08-13T02:35:50Z,22.22,64.96,99,0,26.00,101.37,30.00,602.00,null,null,null
2023-08-13T02:36:50Z,22.21,65.21,99,0,27.40,101.38,30.00,602.00,null,null,null
2023-08-13T02:37:50Z,22.21,65.15,99,0,27.10,101.38,33.00,618.00,null,null,null
2023-08-13T02:38:50Z,22.19,65.15,99,0,35.38,101.37,33.00,623.00,0,0,0
2023-08-13T02:39:50Z,22.21,65.27,99,0,26.62,101.38,36.00,637.00,null,null,null
2023-08-13T02:40:50Z,22.21,65.16,99,0,23.15,101.37,36.00,637.00,null,null,null
2023-08-13T02:41:50Z,22.21,65.18,99,0,26.57,101.37,38.00,650.00,null,null,null
2023-08-13T02:42:50Z,22.19,65.28,99,0,29.84,101.37,40.00,665.00,null,null,null
2023-08-13T02:43:50Z,22.22,65.30,99,0,26.76,101.37,41.00,671.00,0,0,0
2023-08-13T02:44:50Z,22.24,65.23,99,0,23.90,101.37,39.00,660.00,null,null,null
2023-08-13T02:45:50Z,22.22,65.21,99,0,25.29,101.37,43.00,688.00,null,null,null
2023-08-13T02:46:50Z,22.24,65.03,99,0,22.61,101.37,41.00,675.00,null,null,null
2023-08-13T02:47:50Z,22.24,64.98,99,0,23.77,101.37,40.00,665.00,null,null,null
2023-08-13T02:48:50Z,22.22,64.94,99,0,27.38,101.37,39.00,656.00,0,0,0
2023-08-13T02:49:50Z,22.22,65.13,99,0,37.25,101.37,38.00,650.00,null,null,null
2023-08-13T02:50:50Z,22.24,65.12,99,0,27.49,101.36,39.00,656.00,null,null,null
2023-08-13T02:51:50Z,22.24,65.19,99,0,28.27,101.36,38.00,650.00,null,null,null
2023-08-13T02:52:50Z,22.24,65.25,99,0,28.66,101.36,41.00,675.00,null,null,null
2023-08-13T02:53:50Z,22.21,65.04,99,0,29.86,101.36,38.00,650.00,0,0,0
2023-08-13T02:54:50Z,22.22,65.17,99,0,26.31,101.36,40.00,665.00,null,null,null
2023-08-13T02:55:50Z,22.25,65.26,99,0,26.91,101.36,40.00,665.00,null,null,null
2023-08-13T02:56:50Z,22.24,65.16,99,0,23.45,101.36,44.00,692.00,null,null,null
2023-08-13T02:57:50Z,22.24,65.11,99,0,25.41,101.36,43.00,688.00,null,null,null
2023-08-13T02:58:50Z,22.24,65.18,99,0,25.13,101.36,44.00,692.00,0,0,0
2023-08-13T02:59:50Z,22.24,65.20,99,0,26.36,101.36,41.00,675.00,null,null,null
