TIME,TEMP,HUM,BATT,LIGHT,NOISE_A,PRESS,CCS811_VOCS,CCS811_ECO2,PM_1,PM_25,PM_10
ISO 8601,C,%,%,Lux,dBA,kPa,ppb,ppm,ug/m3,ug/m3,ug/m3
Time,Temperature,Humidity,Battery,Light,Noise dBA,Barometric pressure,VOC Gas CCS811,eCO2 Gas CCS811,PM 1.0,PM 2.5,PM 10.0
,55,56,10,14,53,58,113,112,89,87,88
2023-08-20T00:00:04Z,23.03,64.96,99,0,41.67,101.93,56.00,772.00,0,0,0
2023-08-20T00:01:04Z,23.03,64.81,99,0,38.37,101.92,59.00,791.00,null,null,null
2023-08-20T00:02:04Z,23.02,64.95,99,0,31.35,101.92,59.00,791.00,null,null,null
2023-08-20T00:03:04Z,23.04,64.95,99,0,35.18,101.92,61.00,806.00,null,null,null
2023-08-20T00:04:04Z,23.03,64.86,99,0,26.29,101.93,63.00,815.00,null,null,null
2023-08-20T00:05:04Z,23.02,64.92,99,0,23.63,101.92,66.00,834.00,0,0,0
2023-08-20T00:06:04Z,23.02,64.95,99,0,36.90,101.92,63.00,815.00,null,null,null
2023-08-20T00:07:04Z,23.00,65.01,99,0,24.76,101.92,63.00,815.00,null,null,null
2023-08-20T00:08:04Z,23.00,64.82,99,0,36.78,101.92,66.00,834.00,null,null,null
2023-08-20T00:09:04Z,23.00,65.17,99,0,28.58,101.92,64.00,825.00,null,null,null
2023-08-20T00:10:04Z,23.00,64.99,99,0,27.08,101.92,67.00,844.00,0,0,0
2023-08-20T00:11:04Z,22.99,64.75,99,0,27.04,101.92,67.00,844.00,null,null,null
2023-08-20T00:12:04Z,22.99,64.94,99,0,31.46,101.92,66.00,834.00,null,null,null
2023-08-20T00:13:04Z,22.97,64.88,99,0,35.38,101.92,69.00,853.00,null,null,null
2023-08-20T00:14:04Z,22.96,64.97,99,0,38.41,101.92,66.00,834.00,null,null,null
2023-08-20T00:15:04Z,22.95,65.04,99,0,26.80,101.92,64.00,825.00,0,0,0
2023-08-20T00:16:04Z,22.99,65.14,99,0,25.67,101.92,63.00,815.00,null,null,null
2023-08-20T00:17:04Z,22.97,65.30,99,0,23.40,101.93,67.00,844.00,null,null,null
2023-08-20T00:18:04Z,22.96,65.10,99,0,26.60,101.92,65.00,827.00,null,null,null
2023-08-20T00:19:04Z,22.96,65.21,99,0,33.76,101.92,67.00,844.00,null,null,null
2023-08-20T00:20:04Z,22.95,65.30,99,0,30.29,101.92,67.00,844.00,0,0,0
2023-08-20T00:21:04Z,22.97,65.26,99,0,36.10,101.92,71.00,868.00,null,null,null
2023-08-20T00:22:04Z,22.96,65.20,99,0,30.76,101.92,69.00,855.00,null,null,null
2023-08-20T00:23:04Z,22.95,65.09,99,0,33.41,101.92,72.00,874.00,null,null,null
2023-08-20T00:24:04Z,22.95,65.00,99,0,36.67,101.92,70.00,865.00,null,null,null
2023-08-20T00:25:04Z,22.95,65.22,99,0,30.61,101.92,70.00,865.00,0,0,0
2023-08-20T00:26:04Z,22.95,65.11,99,0,28.40,101.92,70.00,865.00,null,null,null
2023-08-20T00:27:04Z,22.93,65.12,99,0,26.31,101.92,73.00,885.00,null,null,null
2023-08-20T00:28:04Z,22.93,65.11,99,0,25.84,101.92,72.00,874.00,null,null,null
2023-08-20T00:29:04Z,22.95,65.16,99,0,28.60,101.92,70.00,865.00,null,null,null
2023-08-20T00:30:04Z,22.90,65.03,99,0,41.30,101.92,70.00,865.00,0,0,0
2023-08-20T00:31:04Z,22.93,65.17,99,0,31.33,101.92,67.00,844.00,null,null,null
2023-08-20T00:32:04Z,22.92,64.91,99,0,27.06,101.92,67.00,844.00,null,null,null
2023-08-20T00:33:04Z,22.89,65.16,99,0,22.24,101.92,69.00,853.00,null,null,null
2023-08-20T00:34:04Z,22.92,65.33,99,0,29.07,101.92,69.00,853.00,null,null,null
2023-08-20T00:35:04Z,22.89,65.12,99,0,34.50,101.92,71.00,868.00,0,0,0
2023-08-20T00:36:04Z,22.90,65.18,99,0,23.10,101.92,69.00,853.00,null,null,null
2023-08-20T00:37:04Z,22.92,65.24,99,0,32.03,101.92,72.00,874.00,null,null,null
2023-08-20T00:38:04Z,22.90,65.41,99,0,24.93,101.92,67.00,844.00,null,null,null
2023-08-20T00:39:04Z,22.90,65.25,99,0,33.10,101.92,71.00,868.00,null,null,null
2023-08-20T00:40:04Z,22.90,65.03,99,0,42.58,101.92,74.00,887.00,0,0,0
2023-08-20T00:41:04Z,22.89,65.27,99,0,25.22,101.92,75.00,895.00,null,null,null
2023-08-20T00:42:04Z,22.90,65.19,99,0,25.92,101.92,72.00,877.00,null,null,null
2023-08-20T00:43:04Z,22.92,65.20,99,0,36.02,101.92,76.00,905.00,null,null,null
2023-08-20T00:44:04Z,22.92,65.19,99,0,38.30,101.93,76.00,905.00,null,null,null
2023-08-20T00:45:04Z,22.92,65.11,99,0,23.68,101.93,76.00,905.00,0,0,0
2023-08-20T00:46:04Z,22.90,65.24,99,0,25.29,101.93,75.00,895.00,null,null,null
2023-08-20T00:47:04Z,22.92,65.11,99,0,39.85,101.93,75.00,895.00,null,null,null
2023-08-20T00:48:04Z,22.90,65.11,99,0,30.69,101.93,73.00,885.00,null,null,null
2023-08-20T00:49:04Z,22.90,65.20,99,0,35.16,101.93,73.00,885.00,null,null,null
2023-08-20T00:50:04Z,22.89,65.15,99,0,25.65,101.93,75.00,895.00,0,0,0
2023-08-20T00:51:04Z,22.87,65.26,99,0,26.34,101.93,72.00,874.00,null,null,null
2023-08-20T00:52:04Z,22.89,65.36,99,0,29.84,101.94,72.00,877.00,null,null,null
2023-08-20T00:53:04Z,22.87,65.25,99,0,25.32,101.93,74.00,887.00,null,null,null
2023-08-20T00:54:04Z,22.86,65.24,99,0,29.21,101.94,72.00,877.00,null,null,null
2023-08-20T00:55:04Z,22.82,65.15,99,0,26.93,101.94,72.00,874.00,0,0,0
2023-08-20T00:56:04Z,22.84,65.14,99,0,23.45,101.94,69.00,853.00,null,null,null
2023-08-20T00:57:04Z,22.83,65.13,99,0,23.35,101.94,69.00,853.00,null,null,null
2023-08-20T00:58:04Z,22.82,65.25,99,0,24.61,101.94,64.00,825.00,null,null,null
2023-08-20T00:59:04Z,22.82,65.21,99,0,39.16,101.94,62.00,808.00,null,null,null
2023-08-20T01:00:04Z,22.82,65.40,99,0,26.48,101.94,63.00,815.00,0,0,0
2023-08-20T01:01:04Z,22.79,65.33,99,0,31.21,101.94,63.00,815.00,null,null,null
2023-08-20T01:02:04Z,22.77,65.35,99,0,25.84,101.94,63.00,817.00,null,null,null
2023-08-20T01:03:04Z,22.80,65.22,99,0,23.30,101.94,63.00,817.00,null,null,null
2023-08-20T01:04:04Z,22.79,65.43,99,0,29.55,101.94,63.00,815.00,null,null,null
2023-08-20T01:05:04Z,22.77,65.39,99,0,30.70,101.94,65.00,827.00,0,0,0
2023-08-20T01:06:04Z,22.79,65.30,99,0,38.98,101.94,62.00,808.00,null,null,null
2023-08-20T01:07:04Z,22.77,65.30,99,0,24.96,101.94,62.00,808.00,null,null,null
2023-08-20T01:08:04Z,22.77,65.30,99,0,26.95,101.94,62.00,808.00,null,null,null
2023-08-20T01:09:04Z,22.73,65.29,99,0,30.17,101.94,62.00,808.00,null,null,null
2023-08-20T01:10:04Z,22.75,65.59,99,0,36.00,101.94,71.00,872.00,0,0,0
2023-08-20T01:11:04Z,22.73,65.56,99,0,27.10,101.94,59.00,791.00,null,null,null
2023-08-20T01:12:04Z,22.76,65.58,99,0,32.29,101.94,74.00,891.00,null,null,null
2023-08-20T01:13:04Z,22.76,65.36,99,0,27.78,101.94,63.00,817.00,null,null,null
2023-08-20T01:14:04Z,22.70,65.45,99,0,29.91,101.94,63.00,817.00,null,null,null
2023-08-20T01:15:04Z,22.72,65.36,99,0,26.55,101.94,73.00,882.00,0,0,0
2023-08-20T01:16:04Z,22.70,65.74,99,0,23.40,101.94,71.00,872.00,null,null,null
2023-08-20T01:17:04Z,22.73,65.46,99,0,31.92,101.94,71.00,872.00,null,null,null
2023-08-20T01:18:04Z,22.72,65.43,99,0,25.65,101.94,73.00,882.00,null,null,null
2023-08-20T01:19:04Z,22.69,65.49,99,0,24.15,101.94,73.00,882.00,null,null,null
2023-08-20T01:20:04Z,22.67,65.62,99,0,43.65,101.94,71.00,872.00,0,0,0
2023-08-20T01:21:04Z,22.70,65.48,99,0,25.47,101.94,73.00,882.00,null,null,null
2023-08-20T01:22:04Z,22.66,65.56,99,0,27.47,101.94,78.00,913.00,null,null,null
2023-08-20T01:23:04Z,22.69,65.43,99,0,34.56,101.94,79.00,923.00,null,null,null
2023-08-20T01:24:04Z,22.67,65.64,99,0,27.51,101.94,76.00,902.00,null,null,null
2023-08-20T01:25:04Z,22.66,65.44,99,0,27.62,101.94,74.00,891.00,0,0,0
2023-08-20T01:26:04Z,22.67,65.27,99,0,25.09,101.94,73.00,882.00,null,null,null
2023-08-20T01:27:04Z,22.66,65.42,99,0,36.95,101.94,71.00,872.00,null,null,null
2023-08-20T01:28:04Z,22.63,65.57,99,0,31.87,101.94,70.00,863.00,null,null,null
2023-08-20T01:29:04Z,22.65,65.55,99,0,27.14,101.94,70.00,863.00,null,null,null
2023-08-20T01:30:04Z,22.62,65.46,99,0,31.31,101.94,66.00,834.00,0,0,0
2023-08-20T01:31:04Z,22.58,65.45,99,0,25.47,101.94,66.00,834.00,null,null,null
2023-08-20T01:32:04Z,22.62,65.54,99,0,29.50,101.94,66.00,834.00,null,null,null
2023-08-20T01:33:04Z,22.60,65.64,99,0,27.49,101.94,64.00,825.00,null,null,null
2023-08-20T01:34:04Z,22.62,65.79,99,0,29.31,101.93,66.00,834.00,null,null,null
2023-08-20T01:35:04Z,22.62,65.75,99,0,26.34,101.94,65.00,827.00,0,0,0
2023-08-20T01:36:04Z,22.59,65.63,99,0,21.18,101.94,63.00,817.00,null,null,null
2023-08-20T01:37:04Z,22.58,65.49,99,0,28.52,101.94,66.00,834.00,null,null,null
2023-08-20T01:38:04Z,22.58,65.74,99,0,36.47,101.93,61.00,806.00,null,null,null
2023-08-20T01:39:04Z,22.56,65.69,99,0,26.64,101.93,58.00,787.00,null,null,null
2023-08-20T01:40:04Z,22.56,65.70,99,0,26.00,101.93,58.00,787.00,0,0,0
2023-08-20T01:41:04Z,22.56,65.68,99,0,27.02,101.93,58.00,783.00,null,null,null
2023-08-20T01:42:04Z,22.56,65.93,99,0,24.89,101.93,56.00,770.00,null,null,null
2023-08-20T01:43:04Z,22.53,65.75,99,0,27.51,101.93,57.00,780.00,null,null,null
2023-08-20T01:44:04Z,22.51,65.71,99,0,28.12,101.94,52.00,742.00,null,null,null
2023-08-20T01:45:04Z,22.51,65.95,99,0,26.80,101.94,54.00,757.00,0,0,0
2023-08-20T01:46:04Z,22.49,66.04,99,0,24.83,101.94,51.00,735.00,null,null,null
2023-08-20T01:47:04Z,22.49,65.93,99,0,25.03,101.94,51.00,735.00,null,null,null
2023-08-20T01:48:04Z,22.49,66.04,99,0,27.75,101.94,47.00,714.00,null,null,null
2023-08-20T01:49:04Z,22.48,66.14,99,0,39.85,101.94,49.00,726.00,null,null,null
2023-08-20T01:50:04Z,22.45,66.20,99,0,24.65,101.94,46.00,708.00,0,0,0
2023-08-20T01:51:04Z,22.46,65.98,99,0,29.55,101.95,45.00,700.00,null,null,null
2023-08-20T01:52:04Z,22.44,66.20,99,0,24.86,101.95,45.00,697.00,null,null,null
2023-08-20T01:53:04Z,22.45,66.17,99,0,35.57,101.95,45.00,697.00,null,null,null
2023-08-20T01:54:04Z,22.44,66.37,99,0,29.51,101.95,44.00,690.00,null,null,null
2023-08-20T01:55:04Z,22.42,66.29,99,0,25.82,101.95,42.00,682.00,0,0,0
2023-08-20T01:56:04Z,22.44,66.33,99,0,26.26,101.95,43.00,688.00,null,null,null
2023-08-20T01:57:04Z,22.48,66.23,99,0,24.43,101.95,44.00,692.00,null,null,null
2023-08-20T01:58:04Z,22.46,66.25,99,0,37.77,101.96,44.00,690.00,null,null,null
2023-08-20T01:59:04Z,22.49,66.28,99,0,35.28,101.96,42.00,682.00,null,null,null
2023-08-20T02:00:04Z,22.44,66.39,99,0,24.61,101.95,42.00,682.00,0,0,0
2023-08-20T02:01:04Z,22.51,66.21,99,0,27.82,101.96,43.00,688.00,null,null,null
2023-08-20T02:02:04Z,22.49,66.35,99,0,34.49,101.96,45.00,697.00,null,null,null
2023-08-20T02:03:04Z,22.49,66.46,99,0,26.08,101.96,43.00,688.00,null,null,null
2023-08-20T02:04:04Z,22.46,66.38,99,0,39.28,101.96,44.00,692.00,null,null,null
2023-08-20T02:05:04Z,22.44,66.56,99,0,24.96,101.96,41.00,675.00,0,0,0
2023-08-20T02:06:04Z,22.46,66.65,99,0,24.68,101.96,36.00,640.00,null,null,null
2023-08-20T02:07:04Z,22.42,66.54,99,0,37.79,101.97,38.00,652.00,null,null,null
2023-08-20T02:08:04Z,22.42,66.66,99,0,29.00,101.97,36.00,640.00,null,null,null
2023-08-20T02:09:04Z,22.42,66.72,99,0,27.71,101.97,36.00,637.00,null,null,null
2023-08-20T02:10:04Z,22.38,66.75,99,0,26.29,101.97,34.00,626.00,0,0,0
2023-08-20T02:11:04Z,22.39,66.89,99,0,34.85,101.97,30.00,603.00,null,null,null
2023-08-20T02:12:04Z,22.38,66.96,99,0,30.85,101.97,30.00,603.00,null,null,null
2023-08-20T02:13:04Z,22.41,66.93,99,0,24.72,101.97,33.00,620.00,null,null,null
2023-08-20T02:14:04Z,22.41,66.91,99,0,41.46,101.97,35.00,631.00,null,null,null
2023-08-20T02:15:04Z,22.38,66.71,99,0,33.06,101.97,35.00,634.00,0,0,0
2023-08-20T02:16:04Z,22.38,66.78,99,0,27.84,101.96,34.00,626.00,null,null,null
2023-08-20T02:17:04Z,22.35,66.89,99,0,24.96,101.97,33.00,620.00,null,null,null
2023-08-20T02:18:04Z,22.37,66.77,99,0,25.16,101.96,32.00,611.00,null,null,null
2023-08-20T02:19:04Z,22.37,66.91,99,0,25.56,101.97,33.00,620.00,null,null,null
2023-08-20T02:20:04Z,22.39,66.89,99,0,26.89,101.96,33.00,620.00,0,0,0
2023-08-20T02:21:04Z,22.38,67.11,99,0,33.96,101.96,36.00,641.00,null,null,null
2023-08-20T02:22:04Z,22.38,66.90,99,0,30.82,101.96,37.00,646.00,null,null,null
2023-08-20T02:23:04Z,22.38,66.82,99,0,25.95,101.97,37.00,646.00,null,null,null
2023-08-20T02:24:04Z,22.34,66.95,99,0,22.24,101.97,36.00,641.00,null,null,null
2023-08-20T02:25:04Z,22.35,66.79,99,0,24.83,101.97,37.00,646.00,0,0,0
2023-08-20T02:26:04Z,22.37,67.01,99,0,27.40,101.96,39.00,656.00,null,null,null
2023-08-20T02:27:04Z,22.39,66.92,99,0,30.58,101.97,41.00,671.00,null,null,null
2023-08-20T02:28:04Z,22.37,66.81,99,0,31.28,101.97,41.00,671.00,null,null,null
2023-08-20T02:29:04Z,22.37,66.77,99,0,25.29,101.97,39.00,660.00,null,null,null
2023-08-20T02:30:04Z,22.38,66.78,99,0,36.97,101.97,41.00,671.00,0,0,0
2023-08-20T02:31:04Z,22.37,66.68,99,0,25.47,101.98,39.00,660.00,null,null,null
2023-08-20T02:32:04Z,22.38,66.86,99,0,23.54,101.98,40.00,668.00,null,null,null
2023-08-20T02:33:04Z,22.37,66.86,99,0,32.47,101.98,41.00,675.00,null,null,null
2023-08-20T02:34:04Z,22.41,66.84,99,0,24.72,101.98,44.00,694.00,null,null,null
2023-08-20T02:35:04Z,22.38,66.51,99,0,22.94,101.98,48.00,717.00,0,0,0
2023-08-20T02:36:04Z,22.35,66.46,99,0,25.32,101.99,46.00,706.00,null,null,null
2023-08-20T02:37:04Z,22.39,66.72,99,0,23.40,101.98,44.00,692.00,null,null,null
2023-08-20T02:38:04Z,22.41,66.49,99,0,24.58,101.98,45.00,700.00,null,null,null
2023-08-20T02:39:04Z,22.44,66.62,99,0,26.38,101.98,49.00,728.00,null,null,null
2023-08-20T02:40:04Z,22.39,66.39,99,0,25.53,101.98,52.00,742.00,0,0,0
2023-08-20T02:41:04Z,22.39,66.39,99,0,25.62,101.98,50.00,733.00,null,null,null
2023-08-20T02:42:04Z,22.42,66.59,99,0,23.94,101.99,47.00,714.00,null,null,null
2023-08-20T02:43:04Z,22.38,66.39,99,0,33.10,101.99,47.00,714.00,null,null,null
2023-08-20T02:44:04Z,22.39,66.38,99,0,23.45,101.98,46.00,706.00,null,null,null
2023-08-20T02:45:04Z,22.39,66.51,99,0,41.64,101.99,46.00,706.00,0,0,0
2023-08-20T02:46:04Z,22.41,66.28,99,0,36.02,101.98,46.00,706.00,null,null,null
2023-08-20T02:47:04Z,22.42,66.46,99,0,24.07,101.99,47.00,714.00,null,null,null
2023-08-20T02:48:04Z,22.41,66.31,99,0,25.19,101.98,52.00,742.00,null,null,null
2023-08-20T02:49:04Z,22.41,66.36,99,0,25.38,101.98,47.00,714.00,null,null,null
2023-08-20T02:50:04Z,22.37,66.26,99,0,32.17,101.99,44.00,692.00,0,0,0
2023-08-20T02:51:04Z,22.39,66.29,99,0,27.04,101.97,44.00,692.00,null,null,null
2023-08-20T02:52:04Z,22.39,66.41,99,0,28.31,101.98,46.00,706.00,null,null,null
2023-08-20T02:53:04Z,22.35,66.37,99,0,23.54,101.98,45.00,700.00,null,null,null
2023-08-20T02:54:04Z,22.37,66.32,99,0,24.54,101.99,43.00,688.00,null,null,null
2023-08-20T02:55:04Z,22.38,66.37,99,0,22.66,101.98,42.00,682.00,0,0,0
2023-08-20T02:56:04Z,22.41,66.52,99,0,24.54,101.99,43.00,688.00,null,null,null
2023-08-20T02:57:04Z,22.39,66.67,99,0,31.02,101.98,43.00,688.00,null,null,null
2023-08-20T02:58:04Z,22.41,66.50,99,0,37.08,101.99,45.00,700.00,null,null,null
2023-08-20T02:59:04Z,22.41,66.66,99,0,24.19,101.99,43.00,688.00,null,null,null
