TIME,TEMP,HUM,BATT,LIGHT,NOISE_A,PRESS,CCS811_VOCS,CCS811_ECO2,PM_1,PM_25,PM_10
ISO 8601,C,%,%,Lux,dBA,kPa,ppb,ppm,ug/m3,ug/m3,ug/m3
Time,Temperature,Humidity,Battery,Light,Noise dBA,Barometric pressure,VOC Gas CCS811,eCO2 Gas CCS811,PM 1.0,PM 2.5,PM 10.0
,55,56,10,14,53,58,113,112,89,87,88
2023-08-27T00:00:02Z,22.79,62.59,99,0,26.50,100.86,493.00,1833.00,0,0,0
2023-08-27T00:01:02Z,22.82,62.55,99,0,26.03,100.86,483.00,1827.00,null,null,null
2023-08-27T00:02:02Z,22.84,62.52,99,0,28.99,100.86,483.00,1827.00,null,null,null
2023-08-27T00:03:02Z,22.79,62.56,99,0,24.19,100.86,483.00,1827.00,null,null,null
2023-08-27T00:04:02Z,22.83,62.50,99,0,27.20,100.86,474.00,1819.00,null,null,null
2023-08-27T00:05:02Z,22.83,62.55,99,0,23.94,100.85,474.00,1819.00,0,0,0
2023-08-27T00:06:02Z,22.82,62.50,99,0,26.57,100.85,468.00,1814.00,null,null,null
2023-08-27T00:07:02Z,22.82,62.48,99,0,26.50,100.85,468.00,1814.00,null,null,null
2023-08-27T00:08:02Z,22.82,62.42,99,0,26.89,100.85,474.00,1819.00,null,null,null
2023-08-27T00:09:02Z,22.79,62.41,99,0,26.64,100.85,474.00,1819.00,null,null,null
2023-08-27T00:10:02Z,22.80,62.42,99,0,25.67,100.85,474.00,1819.00,0,0,0
2023-08-27T00:11:02Z,22.80,62.43,99,0,28.64,100.85,474.00,1819.00,null,null,null
2023-08-27T00:12:02Z,22.80,62.35,99,0,26.97,100.85,468.00,1814.00,null,null,null
2023-08-27T00:13:02Z,22.79,62.36,99,0,31.85,100.85,468.00,1814.00,null,null,null
2023-08-27T00:14:02Z,22.79,62.36,99,0,25.35,100.85,468.00,1814.00,null,null,null
2023-08-27T00:15:02Z,22.79,62.32,99,0,28.68,100.85,474.00,1819.00,0,0,0
2023-08-27T00:16:02Z,22.80,62.32,99,0,27.78,100.85,458.00,1808.00,null,null,null
2023-08-27T00:17:02Z,22.82,62.33,99,0,30.06,100.85,468.00,1814.00,null,null,null
2023-08-27T00:18:02Z,22.82,62.34,99,0,27.26,100.85,458.00,1808.00,null,null,null
2023-08-27T00:19:02Z,22.79,62.34,99,0,25.62,100.85,458.00,1808.00,null,null,null
2023-08-27T00:20:02Z,22.79,62.35,99,0,30.33,100.85,452.00,1803.00,0,0,0
2023-08-27T00:21:02Z,22.80,62.34,99,0,29.28,100.85,444.00,1795.00,null,null,null
2023-08-27T00:22:02Z,22.82,62.31,99,0,26.41,100.85,452.00,1803.00,null,null,null
2023-08-27T00:23:02Z,22.80,62.29,99,0,29.83,100.85,444.00,1795.00,null,null,null
2023-08-27T00:24:02Z,22.82,62.25,99,0,26.99,100.85,444.00,1795.00,null,null,null
2023-08-27T00:25:02Z,22.80,62.28,99,0,29.15,100.84,438.00,1789.00,0,0,0
2023-08-27T00:26:02Z,22.82,62.26,99,0,26.91,100.84,438.00,1789.00,null,null,null
2023-08-27T00:27:02Z,22.80,62.24,99,0,35.30,100.85,438.00,1789.00,null,null,null
2023-08-27T00:28:02Z,22.80,62.18,99,0,24.76,100.84,435.00,1787.00,null,null,null
2023-08-27T00:29:02Z,22.79,62.44,99,0,25.22,100.84,435.00,1787.00,null,null,null
2023-08-27T00:30:02Z,22.79,62.53,99,0,26.19,100.84,431.00,1783.00,0,0,0
2023-08-27T00:31:02Z,22.80,62.51,99,0,23.94,100.84,424.00,1777.00,null,null,null
2023-08-27T00:32:02Z,22.82,62.48,99,0,25.09,100.84,424.00,1777.00,null,null,null
2023-08-27T00:33:02Z,22.82,62.44,99,0,25.56,100.84,415.00,1771.00,null,null,null
2023-08-27T00:34:02Z,22.80,62.42,99,0,28.61,100.84,415.00,1771.00,null,null,null
2023-08-27T00:35:02Z,22.79,62.42,99,0,26.26,100.84,415.00,1771.00,0,0,0
2023-08-27T00:36:02Z,22.77,62.35,99,0,27.66,100.84,409.00,1765.00,null,null,null
2023-08-27T00:37:02Z,22.79,62.32,99,0,26.36,100.84,409.00,1765.00,null,null,null
2023-08-27T00:38:02Z,22.80,62.30,99,0,26.93,100.84,409.00,1765.00,null,null,null
2023-08-27T00:39:02Z,22.79,62.36,99,0,24.76,100.84,409.00,1765.00,null,null,null
2023-08-27T00:40:02Z,22.79,62.38,99,0,28.50,100.84,409.00,1765.00,0,0,0
2023-08-27T00:41:02Z,22.79,62.30,99,0,24.07,100.84,403.00,1760.00,null,null,null
2023-08-27T00:42:02Z,22.82,62.27,99,0,28.19,100.84,394.00,1753.00,null,null,null
2023-08-27T00:43:02Z,22.80,62.30,99,0,24.58,100.83,394.00,1753.00,null,null,null
2023-08-27T00:44:02Z,22.79,62.31,99,0,29.63,100.84,403.00,1760.00,null,null,null
2023-08-27T00:45:02Z,22.79,62.28,99,0,28.61,100.83,403.00,1760.00,0,0,0
2023-08-27T00:46:02Z,22.77,62.24,99,0,25.79,100.84,394.00,1753.00,null,null,null
2023-08-27T00:47:02Z,22.80,62.30,99,0,27.71,100.83,407.00,1764.00,null,null,null
2023-08-27T00:48:02Z,22.80,62.31,99,0,26.93,100.84,403.00,1760.00,null,null,null
2023-08-27T00:49:02Z,22.80,62.33,99,0,24.50,100.84,394.00,1753.00,null,null,null
2023-08-27T00:50:02Z,22.77,62.28,99,0,24.43,100.83,394.00,1753.00,0,0,0
2023-08-27T00:51:02Z,22.80,62.23,99,0,30.74,100.84,394.00,1753.00,null,null,null
2023-08-27T00:52:02Z,22.79,62.24,99,0,29.37,100.83,392.00,1752.00,null,null,null
2023-08-27T00:53:02Z,22.79,62.18,99,0,32.11,100.83,392.00,1752.00,null,null,null
2023-08-27T00:54:02Z,22.80,62.20,99,0,26.03,100.84,392.00,1752.00,null,null,null
2023-08-27T00:55:02Z,22.76,62.19,99,0,26.50,100.84,386.00,1746.00,0,0,0
2023-08-27T00:56:02Z,22.79,62.17,99,0,24.27,100.84,386.00,1746.00,null,null,null
2023-08-27T00:57:02Z,22.79,62.14,99,0,26.60,100.84,386.00,1746.00,null,null,null
2023-08-27T00:58:02Z,22.79,62.12,99,0,27.96,100.84,381.00,1741.00,null,null,null
2023-08-27T00:59:02Z,22.79,62.09,99,0,24.15,100.84,381.00,1741.00,null,null,null
2023-08-27T01:00:02Z,22.77,62.04,99,0,25.13,100.84,381.00,1741.00,0,0,0
2023-08-27T01:01:02Z,22.77,62.03,99,0,26.93,100.84,381.00,1741.00,null,null,null
2023-08-27T01:02:02Z,22.79,62.05,99,0,25.03,100.85,381.00,1741.00,null,null,null
2023-08-27T01:03:02Z,22.79,62.05,99,0,23.81,100.85,381.00,1741.00,null,null,null
2023-08-27T01:04:02Z,22.79,62.07,99,0,25.73,100.84,374.00,1736.00,null,null,null
2023-08-27T01:05:02Z,22.79,62.02,99,0,27.53,100.84,374.00,1736.00,0,0,0
2023-08-27T01:06:02Z,22.77,62.07,99,0,25.62,100.84,374.00,1736.00,null,null,null
2023-08-27T01:07:02Z,22.77,62.05,99,0,23.63,100.84,366.00,1729.00,null,null,null
2023-08-27T01:08:02Z,22.79,62.01,99,0,25.98,100.84,366.00,1729.00,null,null,null
2023-08-27T01:09:02Z,22.79,61.98,99,0,24.23,100.84,366.00,1729.00,null,null,null
2023-08-27T01:10:02Z,22.79,62.01,99,0,22.78,100.84,366.00,1729.00,0,0,0
2023-08-27T01:11:02Z,22.79,61.94,99,0,25.13,100.84,361.00,1724.00,null,null,null
2023-08-27T01:12:02Z,22.76,61.96,99,0,31.74,100.84,361.00,1724.00,null,null,null
2023-08-27T01:13:02Z,22.77,61.95,99,0,25.16,100.84,349.00,1710.00,null,null,null
2023-08-27T01:14:02Z,22.76,61.92,99,0,25.13,100.84,361.00,1724.00,null,null,null
2023-08-27T01:15:02Z,22.76,61.96,99,0,27.06,100.84,361.00,1724.00,0,0,0
2023-08-27T01:16:02Z,22.77,61.95,99,0,25.29,100.84,361.00,1724.00,null,null,null
2023-08-27T01:17:02Z,22.79,61.93,99,0,31.96,100.84,361.00,1724.00,null,null,null
2023-08-27T01:18:02Z,22.77,61.95,99,0,25.19,100.84,361.00,1724.00,null,null,null
2023-08-27T01:19:02Z,22.79,61.97,99,0,26.38,100.84,361.00,1724.00,null,null,null
2023-08-27T01:20:02Z,22.77,61.95,99,0,26.03,100.84,361.00,1724.00,0,0,0
2023-08-27T01:21:02Z,22.79,61.90,99,0,29.68,100.84,355.00,1717.00,null,null,null
2023-08-27T01:22:02Z,22.79,61.93,99,0,26.95,100.84,355.00,1717.00,null,null,null
2023-08-27T01:23:02Z,22.77,61.97,99,0,25.70,100.84,355.00,1717.00,null,null,null
2023-08-27T01:24:02Z,22.77,62.00,99,0,25.76,100.84,355.00,1717.00,null,null,null
2023-08-27T01:25:02Z,22.77,62.00,99,0,24.79,100.84,355.00,1717.00,0,0,0
2023-08-27T01:26:02Z,22.79,61.96,99,0,24.76,100.84,355.00,1717.00,null,null,null
2023-08-27T01:27:02Z,22.77,61.97,99,0,31.73,100.85,355.00,1717.00,null,null,null
2023-08-27T01:28:02Z,22.76,61.95,99,0,31.93,100.84,355.00,1717.00,null,null,null
2023-08-27T01:29:02Z,22.77,62.00,99,0,24.07,100.85,349.00,1710.00,null,null,null
2023-08-27T01:30:02Z,22.76,61.98,99,0,27.78,100.84,349.00,1710.00,0,0,0
2023-08-27T01:31:02Z,22.77,61.97,99,0,25.50,100.84,345.00,1705.00,null,null,null
2023-08-27T01:32:02Z,22.79,61.92,99,0,25.00,100.84,345.00,1705.00,null,null,null
2023-08-27T01:33:02Z,22.76,61.97,99,0,26.16,100.84,349.00,1710.00,null,null,null
2023-08-27T01:34:02Z,22.79,62.00,99,0,29.11,100.84,345.00,1705.00,null,null,null
2023-08-27T01:35:02Z,22.76,61.94,99,0,27.97,100.84,345.00,1705.00,0,0,0
2023-08-27T01:36:02Z,22.77,61.96,99,0,27.22,100.84,345.00,1705.00,null,null,null
2023-08-27T01:37:02Z,22.75,61.97,99,0,26.00,100.84,345.00,1705.00,null,null,null
2023-08-27T01:38:02Z,22.77,61.94,99,0,24.54,100.83,345.00,1705.00,null,null,null
2023-08-27T01:39:02Z,22.75,61.96,99,0,25.38,100.83,345.00,1705.00,null,null,null
2023-08-27T01:40:02Z,22.76,62.00,99,0,26.89,100.83,337.00,1699.00,0,0,0
2023-08-27T01:41:02Z,22.76,61.99,99,0,33.83,100.84,337.00,1699.00,null,null,null
2023-08-27T01:42:02Z,22.76,62.00,99,0,23.81,100.83,337.00,1699.00,null,null,null
2023-08-27T01:43:02Z,22.77,61.91,99,0,27.36,100.83,345.00,1705.00,null,null,null
2023-08-27T01:44:02Z,22.76,61.90,99,0,26.16,100.83,345.00,1705.00,null,null,null
2023-08-27T01:45:02Z,22.77,62.00,99,0,25.76,100.83,345.00,1705.00,0,0,0
2023-08-27T01:46:02Z,22.76,61.97,99,0,22.49,100.83,337.00,1699.00,null,null,null
2023-08-27T01:47:02Z,22.76,61.97,99,0,25.73,100.83,345.00,1705.00,null,null,null
2023-08-27T01:48:02Z,22.76,62.01,99,0,32.01,100.83,345.00,1705.00,null,null,null
2023-08-27T01:49:02Z,22.75,62.00,99,0,26.38,100.83,345.00,1705.00,null,null,null
2023-08-27T01:50:02Z,22.76,62.01,99,0,24.54,100.83,345.00,1705.00,0,0,0
2023-08-27T01:51:02Z,22.76,61.98,99,0,28.91,100.83,345.00,1705.00,null,null,null
2023-08-27T01:52:02Z,22.76,62.01,99,0,26.41,100.83,337.00,1699.00,null,null,null
2023-08-27T01:53:02Z,22.76,62.00,99,0,24.65,100.83,337.00,1699.00,null,null,null
2023-08-27T01:54:02Z,22.75,62.04,99,0,31.30,100.83,345.00,1705.00,null,null,null
2023-08-27T01:55:02Z,22.76,62.07,99,0,23.35,100.83,349.00,1710.00,0,0,0
2023-08-27T01:56:02Z,22.76,62.08,99,0,24.27,100.83,355.00,1717.00,null,null,null
2023-08-27T01:57:02Z,22.75,62.04,99,0,25.50,100.83,355.00,1717.00,null,null,null
2023-08-27T01:58:02Z,22.72,62.06,99,0,25.92,100.83,361.00,1724.00,null,null,null
2023-08-27T01:59:02Z,22.75,62.03,99,0,25.06,100.83,374.00,1736.00,null,null,null
2023-08-27T02:00:02Z,22.75,62.06,99,0,29.53,100.83,366.00,1729.00,0,0,0
2023-08-27T02:01:02Z,22.76,62.02,99,0,23.86,100.83,366.00,1729.00,null,null,null
2023-08-27T02:02:02Z,22.75,62.01,99,0,26.19,100.83,366.00,1729.00,null,null,null
2023-08-27T02:03:02Z,22.76,62.01,99,0,27.42,100.83,361.00,1724.00,null,null,null
2023-08-27T02:04:02Z,22.75,62.04,99,0,24.27,100.83,361.00,1724.00,null,null,null
2023-08-27T02:05:02Z,22.72,62.11,99,0,25.22,100.83,361.00,1724.00,0,0,0
2023-08-27T02:06:02Z,22.73,62.07,99,0,26.41,100.83,374.00,1736.00,null,null,null
2023-08-27T02:07:02Z,22.76,62.06,99,0,23.45,100.83,382.00,1742.00,null,null,null
2023-08-27T02:08:02Z,22.73,62.05,99,0,26.34,100.83,366.00,1729.00,null,null,null
2023-08-27T02:09:02Z,22.73,62.03,99,0,26.00,100.83,374.00,1736.00,null,null,null
2023-08-27T02:10:02Z,22.73,62.04,99,0,28.45,100.83,374.00,1736.00,0,0,0
2023-08-27T02:11:02Z,22.73,61.97,99,0,32.08,100.83,374.00,1736.00,null,null,null
2023-08-27T02:12:02Z,22.75,62.01,99,0,28.68,100.83,367.00,1730.00,null,null,null
2023-08-27T02:13:02Z,22.75,62.00,99,0,25.59,100.83,361.00,1724.00,null,null,null
2023-08-27T02:14:02Z,22.75,62.01,99,0,24.61,100.83,361.00,1724.00,null,null,null
2023-08-27T02:15:02Z,22.75,61.96,99,0,25.03,100.83,361.00,1724.00,0,0,0
2023-08-27T02:16:02Z,22.75,61.93,99,0,27.47,100.83,355.00,1717.00,null,null,null
2023-08-27T02:17:02Z,22.75,61.97,99,0,27.20,100.83,381.00,1741.00,null,null,null
2023-08-27T02:18:02Z,22.73,61.99,99,0,24.96,100.83,392.00,1752.00,null,null,null
2023-08-27T02:19:02Z,22.73,61.96,99,0,25.79,100.83,421.00,1774.00,null,null,null
2023-08-27T02:20:02Z,22.73,61.95,99,0,24.03,100.83,427.00,1779.00,0,0,0
2023-08-27T02:21:02Z,22.76,61.96,99,0,25.87,100.83,434.00,1785.00,null,null,null
2023-08-27T02:22:02Z,22.73,61.91,99,0,25.84,100.83,413.00,1769.00,null,null,null
2023-08-27T02:23:02Z,22.75,61.87,99,0,25.79,100.84,434.00,1785.00,null,null,null
2023-08-27T02:24:02Z,22.72,61.88,99,0,28.19,100.84,413.00,1769.00,null,null,null
2023-08-27T02:25:02Z,22.75,61.86,99,0,24.72,100.83,427.00,1779.00,0,0,0
2023-08-27T02:26:02Z,22.75,61.86,99,0,23.86,100.84,413.00,1769.00,null,null,null
2023-08-27T02:27:02Z,22.73,61.81,99,0,24.72,100.84,413.00,1769.00,null,null,null
2023-08-27T02:28:02Z,22.73,61.86,99,0,24.72,100.84,427.00,1779.00,null,null,null
2023-08-27T02:29:02Z,22.72,61.88,99,0,27.82,100.83,421.00,1774.00,null,null,null
2023-08-27T02:30:02Z,22.70,61.91,99,0,24.65,100.84,421.00,1774.00,0,0,0
2023-08-27T02:31:02Z,22.73,61.82,99,0,25.67,100.84,421.00,1774.00,null,null,null
2023-08-27T02:32:02Z,22.75,61.84,99,0,26.43,100.84,421.00,1774.00,null,null,null
2023-08-27T02:33:02Z,22.69,61.91,99,0,25.44,100.84,398.00,1757.00,null,null,null
2023-08-27T02:34:02Z,22.72,61.91,99,0,26.24,100.83,414.00,1770.00,null,null,null
2023-08-27T02:35:02Z,22.73,61.89,99,0,26.43,100.83,405.00,1762.00,0,0,0
2023-08-27T02:36:02Z,22.72,61.78,99,0,25.00,100.84,414.00,1770.00,null,null,null
2023-08-27T02:37:02Z,22.75,61.83,99,0,26.14,100.84,405.00,1762.00,null,null,null
2023-08-27T02:38:02Z,22.73,61.86,99,0,25.22,100.84,488.00,1830.00,null,null,null
2023-08-27T02:39:02Z,22.72,61.88,99,0,25.26,100.83,607.00,1914.00,null,null,null
2023-08-27T02:40:02Z,22.73,61.85,99,0,30.99,100.83,687.00,1965.00,0,0,0
2023-08-27T02:41:02Z,22.70,61.80,99,0,24.46,100.84,687.00,1965.00,null,null,null
2023-08-27T02:42:02Z,22.72,61.83,99,0,25.44,100.83,734.00,1993.00,null,null,null
2023-08-27T02:43:02Z,22.69,61.80,99,0,29.09,100.84,750.00,2002.00,null,null,null
2023-08-27T02:44:02Z,22.72,61.78,99,0,26.50,100.84,734.00,1993.00,null,null,null
2023-08-27T02:45:02Z,22.69,61.80,99,0,25.53,100.84,734.00,1993.00,0,0,0
2023-08-27T02:46:02Z,22.69,61.83,99,0,24.19,100.84,714.00,1981.00,null,null,null
2023-08-27T02:47:02Z,22.70,61.80,99,0,25.70,100.84,698.00,1972.00,null,null,null
2023-08-27T02:48:02Z,22.70,61.79,99,0,28.47,100.83,674.00,1957.00,null,null,null
2023-08-27T02:49:02Z,22.69,61.81,99,0,27.12,100.84,661.00,1949.00,null,null,null
2023-08-27T02:50:02Z,22.69,61.73,99,0,24.27,100.84,641.00,1935.00,0,0,0
2023-08-27T02:51:02Z,22.70,61.72,99,0,24.19,100.84,623.00,1925.00,null,null,null
2023-08-27T02:52:02Z,22.70,61.73,99,0,26.14,100.84,612.00,1918.00,null,null,null
2023-08-27T02:53:02Z,22.72,61.67,99,0,24.03,100.84,592.00,1905.00,null,null,null
2023-08-27T02:54:02Z,22.69,61.66,99,0,27.96,100.84,584.00,1899.00,null,null,null
2023-08-27T02:55:02Z,22.69,61.59,99,0,30.42,100.84,573.00,1892.00,0,0,0
2023-08-27T02:56:02Z,22.69,61.58,99,0,37.74,100.84,561.00,1884.00,null,null,null
2023-08-27T02:57:02Z,22.72,61.60,99,0,28.66,100.84,543.00,1870.00,null,null,null
2023-08-27T02:58:02Z,22.69,61.61,99,0,28.52,100.83,532.00,1862.00,null,null,null
2023-08-27T02:59:02Z,22.69,61.61,99,0,24.58,100.83,526.00,1857.00,null,null,null
