TIME,TEMP,HUM,BATT,LIGHT,NOISE_A,PRESS,CCS811_VOCS,CCS811_ECO2,PM_1,PM_25,PM_10
ISO 8601,C,%,%,Lux,dBA,kPa,ppb,ppm,ug/m3,ug/m3,ug/m3
Time,Temperature,Humidity,Battery,Light,Noise dBA,Barometric pressure,VOC Gas CCS811,eCO2 Gas CCS811,PM 1.0,PM 2.5,PM 10.0
,55,56,10,14,53,58,113,112,89,87,88
2023-09-06T00:00:04Z,27.68,65.90,99,0,51.67,101.43,207.00,1551.00,1,1,1
2023-09-06T00:01:04Z,27.68,66.26,99,0,52.67,101.42,204.00,1547.00,null,null,null
2023-09-06T00:02:04Z,27.69,66.03,99,0,52.54,101.43,204.00,1547.00,null,null,null
2023-09-06T00:03:04Z,27.69,65.88,99,0,52.14,101.43,207.00,1551.00,null,null,null
2023-09-06T00:04:04Z,27.68,66.05,99,0,54.93,101.42,211.00,1556.00,null,null,null
2023-09-06T00:05:04Z,27.66,66.15,99,0,53.09,101.43,211.00,1556.00,1,1,1
2023-09-06T00:06:04Z,27.69,66.26,99,0,53.21,101.42,207.00,1551.00,null,null,null
2023-09-06T00:07:04Z,27.69,66.20,99,0,50.14,101.42,212.00,1559.00,null,null,null
2023-09-06T00:08:04Z,27.69,66.21,99,0,53.44,101.42,211.00,1556.00,null,null,null
2023-09-06T00:09:04Z,27.68,66.40,99,0,50.76,101.42,216.00,1562.00,null,null,null
2023-09-06T00:10:04Z,27.68,66.44,99,0,51.71,101.42,208.00,1552.00,3,3,3
2023-09-06T00:11:04Z,27.69,66.63,99,0,53.29,101.42,208.00,1552.00,null,null,null
2023-09-06T00:12:04Z,27.69,66.72,99,0,51.82,101.42,216.00,1562.00,null,null,null
2023-09-06T00:13:04Z,27.68,66.44,99,0,50.74,101.42,216.00,1562.00,null,null,null
2023-09-06T00:14:04Z,27.72,66.72,99,0,52.34,101.42,216.00,1562.00,null,null,null
2023-09-06T00:15:04Z,27.71,66.60,99,0,51.93,101.42,219.00,1566.00,4,5,5
2023-09-06T00:16:04Z,27.71,66.61,99,0,50.37,101.42,219.00,1566.00,null,null,null
2023-09-06T00:17:04Z,27.73,66.62,99,0,51.50,101.42,219.00,1566.00,null,null,null
2023-09-06T00:18:04Z,27.73,66.47,99,0,54.56,101.42,219.00,1566.00,null,null,null
2023-09-06T00:19:04Z,27.71,66.62,99,0,50.91,101.42,223.00,1572.00,null,null,null
2023-09-06T00:20:04Z,27.72,66.71,99,0,50.08,101.42,223.00,1572.00,2,2,2
2023-09-06T00:21:04Z,27.75,66.59,99,0,51.30,101.42,223.00,1572.00,null,null,null
2023-09-06T00:22:04Z,27.73,66.47,99,0,51.66,101.42,203.00,1544.00,null,null,null
2023-09-06T00:23:04Z,27.72,66.60,99,0,49.76,101.42,223.00,1572.00,null,null,null
2023-09-06T00:24:04Z,27.71,66.54,99,0,55.08,101.42,223.00,1572.00,null,null,null
2023-09-06T00:25:04Z,27.72,66.76,99,0,53.14,101.42,227.00,1578.00,4,5,5
2023-09-06T00:26:04Z,27.73,66.68,99,0,50.69,101.42,220.00,1568.00,null,null,null
2023-09-06T00:27:04Z,27.73,66.57,99,0,53.78,101.42,223.00,1572.00,null,null,null
2023-09-06T00:28:04Z,27.72,66.64,99,0,51.84,101.42,227.00,1578.00,null,null,null
2023-09-06T00:29:04Z,27.71,66.51,99,0,50.76,101.42,223.00,1572.00,null,null,null
2023-09-06T00:30:04Z,27.71,66.59,99,0,51.44,101.42,227.00,1578.00,4,4,4
2023-09-06T00:31:04Z,27.71,66.64,99,0,48.81,101.42,227.00,1578.00,null,null,null
2023-09-06T00:32:04Z,27.75,66.62,99,0,56.26,101.42,227.00,1578.00,null,null,null
2023-09-06T00:33:04Z,27.73,66.64,99,0,51.91,101.42,207.00,1550.00,null,null,null
2023-09-06T00:34:04Z,27.72,66.66,99,0,51.73,101.42,223.00,1572.00,null,null,null
2023-09-06T00:35:04Z,27.72,66.56,99,0,55.74,101.42,223.00,1572.00,3,3,3
2023-09-06T00:36:04Z,27.73,66.59,99,0,51.98,101.41,223.00,1572.00,null,null,null
2023-09-06T00:37:04Z,27.75,66.60,99,0,52.79,101.41,227.00,1578.00,null,null,null
2023-09-06T00:38:04Z,27.72,66.60,99,0,52.92,101.41,207.00,1550.00,null,null,null
2023-09-06T00:39:04Z,27.73,66.60,99,0,57.55,101.41,223.00,1572.00,null,null,null
2023-09-06T00:40:04Z,27.73,66.59,99,0,50.84,101.42,223.00,1572.00,2,5,5
2023-09-06T00:41:04Z,27.76,66.73,99,0,52.87,101.42,223.00,1572.00,null,null,null
2023-09-06T00:42:04Z,27.76,66.72,99,0,50.66,101.41,207.00,1550.00,null,null,null
2023-09-06T00:43:04Z,27.76,66.67,99,0,53.45,101.41,203.00,1544.00,null,null,null
2023-09-06T00:44:04Z,27.75,66.55,99,0,54.75,101.42,203.00,1544.00,null,null,null
2023-09-06T00:45:04Z,27.73,66.67,99,0,52.50,101.42,203.00,1544.00,1,1,1
2023-09-06T00:46:04Z,27.76,66.60,99,0,51.96,101.42,227.00,1578.00,null,null,null
2023-09-06T00:47:04Z,27.76,66.72,99,0,52.29,101.42,207.00,1550.00,null,null,null
2023-09-06T00:48:04Z,27.73,66.52,99,0,54.90,101.41,203.00,1544.00,null,null,null
2023-09-06T00:49:04Z,27.73,66.59,99,0,49.89,101.42,223.00,1572.00,null,null,null
2023-09-06T00:50:04Z,27.75,66.66,99,0,54.32,101.41,223.00,1572.00,5,5,5
2023-09-06T00:51:04Z,27.73,66.74,99,0,53.79,101.41,203.00,1544.00,null,null,null
2023-09-06T00:52:04Z,27.75,66.79,99,0,56.61,101.41,227.00,1578.00,null,null,null
2023-09-06T00:53:04Z,27.78,66.65,99,0,54.92,101.41,204.00,1547.00,null,null,null
2023-09-06T00:54:04Z,27.73,66.72,99,0,50.09,101.41,207.00,1550.00,null,null,null
2023-09-06T00:55:04Z,27.72,66.71,99,0,51.38,101.41,227.00,1578.00,1,1,1
2023-09-06T00:56:04Z,27.73,66.73,99,0,52.17,101.41,227.00,1578.00,null,null,null
2023-09-06T00:57:04Z,27.76,66.68,99,0,51.38,101.41,227.00,1578.00,null,null,null
2023-09-06T00:58:04Z,27.76,66.81,99,0,51.35,101.41,207.00,1550.00,null,null,null
2023-09-06T00:59:04Z,27.75,66.75,99,0,50.76,101.41,204.00,1547.00,null,null,null
2023-09-06T01:00:04Z,27.75,66.81,99,0,52.86,101.41,204.00,1547.00,1,3,3
2023-09-06T01:01:04Z,27.75,66.81,99,0,50.77,101.41,200.00,1542.00,null,null,null
2023-09-06T01:02:04Z,27.76,66.73,99,0,55.16,101.41,204.00,1547.00,null,null,null
2023-09-06T01:03:04Z,27.78,66.88,99,0,52.02,101.41,207.00,1550.00,null,null,null
2023-09-06T01:04:04Z,27.73,66.83,99,0,51.28,101.41,204.00,1547.00,null,null,null
2023-09-06T01:05:04Z,27.73,66.88,99,0,52.94,101.41,225.00,1573.00,6,6,6
2023-09-06T01:06:04Z,27.76,66.90,99,0,52.90,101.42,228.00,1579.00,null,null,null
2023-09-06T01:07:04Z,27.78,66.84,99,0,50.19,101.42,171.00,1499.00,null,null,null
2023-09-06T01:08:04Z,27.75,66.88,99,0,50.61,101.42,150.00,1385.00,null,null,null
2023-09-06T01:09:04Z,27.76,66.96,99,0,52.74,101.42,150.00,1385.00,null,null,null
2023-09-06T01:10:04Z,27.75,66.95,99,0,54.53,101.41,150.00,1385.00,2,2,2
2023-09-06T01:11:04Z,27.78,67.04,99,0,50.84,101.41,151.00,1397.00,null,null,null
2023-09-06T01:12:04Z,27.76,67.23,99,0,48.78,101.41,150.00,1385.00,null,null,null
2023-09-06T01:13:04Z,27.75,66.95,99,0,53.61,101.41,151.00,1397.00,null,null,null
2023-09-06T01:14:04Z,27.75,67.11,99,0,53.40,101.41,151.00,1397.00,null,null,null
2023-09-06T01:15:04Z,27.73,67.06,99,0,52.39,101.41,151.00,1397.00,0,0,0
2023-09-06T01:16:04Z,27.76,67.08,99,0,49.62,101.41,168.00,1495.00,null,null,null
2023-09-06T01:17:04Z,27.78,67.01,99,0,52.14,101.41,151.00,1397.00,null,null,null
2023-09-06T01:18:04Z,27.78,67.21,99,0,55.17,101.41,151.00,1397.00,null,null,null
2023-09-06T01:19:04Z,27.76,67.09,99,0,50.05,101.41,154.00,1413.00,null,null,null
2023-09-06T01:20:04Z,27.75,67.18,99,0,50.71,101.41,154.00,1413.00,1,2,2
2023-09-06T01:21:04Z,27.76,67.11,99,0,55.73,101.41,154.00,1413.00,null,null,null
2023-09-06T01:22:04Z,27.79,67.09,99,0,54.23,101.41,154.00,1413.00,null,null,null
2023-09-06T01:23:04Z,27.73,67.20,99,0,51.49,101.41,154.00,1413.00,null,null,null
2023-09-06T01:24:04Z,27.78,67.09,99,0,50.57,101.41,171.00,1499.00,null,null,null
2023-09-06T01:25:04Z,27.75,67.26,99,0,50.50,101.41,154.00,1413.00,3,3,3
2023-09-06T01:26:04Z,27.75,67.24,99,0,51.52,101.41,152.00,1400.00,null,null,null
2023-09-06T01:27:04Z,27.76,67.23,99,0,52.89,101.41,154.00,1413.00,null,null,null
2023-09-06T01:28:04Z,27.78,67.19,99,0,52.48,101.41,154.00,1413.00,null,null,null
2023-09-06T01:29:04Z,27.76,67.33,99,0,53.20,101.41,154.00,1413.00,null,null,null
2023-09-06T01:30:04Z,27.75,67.49,99,0,49.78,101.41,152.00,1400.00,3,4,4
2023-09-06T01:31:04Z,27.78,67.39,99,0,50.87,101.42,152.00,1400.00,null,null,null
2023-09-06T01:32:04Z,27.79,67.33,99,0,50.58,101.41,152.00,1400.00,null,null,null
2023-09-06T01:33:04Z,27.76,67.34,99,0,53.33,101.41,152.00,1400.00,null,null,null
2023-09-06T01:34:04Z,27.75,67.41,99,0,55.33,101.41,152.00,1400.00,null,null,null
2023-09-06T01:35:04Z,27.75,67.43,99,0,49.17,101.41,152.00,1400.00,0,0,0
2023-09-06T01:36:04Z,27.76,67.40,99,0,52.80,101.41,152.00,1400.00,null,null,null
2023-09-06T01:37:04Z,27.76,67.21,99,0,56.66,101.41,152.00,1400.00,null,null,null
2023-09-06T01:38:04Z,27.79,67.30,99,0,51.39,101.41,154.00,1413.00,null,null,null
2023-09-06T01:39:04Z,27.76,67.26,99,0,52.45,101.41,152.00,1400.00,null,null,null
2023-09-06T01:40:04Z,27.76,67.20,99,0,54.57,101.41,152.00,1400.00,6,6,6
2023-09-06T01:41:04Z,27.78,67.28,99,0,54.04,101.41,150.00,1385.00,null,null,null
2023-09-06T01:42:04Z,27.79,67.16,99,0,50.87,101.41,152.00,1400.00,null,null,null
2023-09-06T01:43:04Z,27.76,67.29,99,0,51.20,101.41,191.00,1528.00,null,null,null
2023-09-06T01:44:04Z,27.75,67.30,99,0,55.40,101.41,218.00,1564.00,null,null,null
2023-09-06T01:45:04Z,27.75,67.31,99,0,52.07,101.41,262.00,1618.00,2,2,2
2023-09-06T01:46:04Z,27.78,67.34,99,0,55.85,101.41,289.00,1650.00,null,null,null
2023-09-06T01:47:04Z,27.78,67.28,99,0,50.40,101.41,314.00,1676.00,null,null,null
2023-09-06T01:48:04Z,27.75,67.46,99,0,51.07,101.41,334.00,1695.00,null,null,null
2023-09-06T01:49:04Z,27.76,67.34,99,0,52.84,101.40,341.00,1703.00,null,null,null
2023-09-06T01:50:04Z,27.75,67.35,99,0,55.33,101.40,357.00,1720.00,1,3,3
2023-09-06T01:51:04Z,27.76,67.37,99,0,49.98,101.40,363.00,1725.00,null,null,null
2023-09-06T01:52:04Z,27.78,67.33,99,0,50.56,101.41,369.00,1731.00,null,null,null
2023-09-06T01:53:04Z,27.76,67.32,99,0,52.24,101.41,369.00,1731.00,null,null,null
2023-09-06T01:54:04Z,27.75,67.42,99,0,51.61,101.41,363.00,1725.00,null,null,null
2023-09-06T01:55:04Z,27.76,67.36,99,0,53.24,101.41,363.00,1725.00,6,6,6
2023-09-06T01:56:04Z,27.76,67.44,99,0,50.03,101.41,352.00,1714.00,null,null,null
2023-09-06T01:57:04Z,27.79,67.41,99,0,51.11,101.41,346.00,1707.00,null,null,null
2023-09-06T01:58:04Z,27.78,67.59,99,0,52.08,101.41,346.00,1707.00,null,null,null
2023-09-06T01:59:04Z,27.75,67.43,99,0,50.88,101.41,341.00,1703.00,null,null,null
2023-09-06T02:00:04Z,27.76,67.46,99,0,55.97,101.42,341.00,1703.00,2,3,3
2023-09-06T02:01:04Z,27.76,67.50,99,0,52.43,101.42,341.00,1703.00,null,null,null
2023-09-06T02:02:04Z,27.76,67.36,99,0,52.18,101.42,323.00,1685.00,null,null,null
2023-09-06T02:03:04Z,27.78,67.43,99,0,51.80,101.42,323.00,1685.00,null,null,null
2023-09-06T02:04:04Z,27.76,67.44,99,0,50.42,101.42,319.00,1680.00,null,null,null
2023-09-06T02:05:04Z,27.76,67.45,99,0,52.13,101.42,319.00,1680.00,2,2,2
2023-09-06T02:06:04Z,27.78,67.67,99,0,50.60,101.42,310.00,1671.00,null,null,null
2023-09-06T02:07:04Z,27.79,67.43,99,0,49.69,101.42,305.00,1667.00,null,null,null
2023-09-06T02:08:04Z,27.78,67.42,99,0,52.04,101.42,305.00,1667.00,null,null,null
2023-09-06T02:09:04Z,27.75,67.37,99,0,52.28,101.42,305.00,1667.00,null,null,null
2023-09-06T02:10:04Z,27.75,67.50,99,0,53.46,101.42,293.00,1654.00,4,4,4
2023-09-06T02:11:04Z,27.76,67.47,99,0,53.67,101.41,293.00,1654.00,null,null,null
2023-09-06T02:12:04Z,27.78,67.53,99,0,51.34,101.42,293.00,1654.00,null,null,null
2023-09-06T02:13:04Z,27.76,67.43,99,0,53.12,101.42,283.00,1641.00,null,null,null
2023-09-06T02:14:04Z,27.76,67.49,99,0,52.16,101.42,277.00,1635.00,null,null,null
2023-09-06T02:15:04Z,27.75,67.54,99,0,49.70,101.42,283.00,1641.00,1,1,1
2023-09-06T02:16:04Z,27.76,67.44,99,0,52.03,101.42,277.00,1635.00,null,null,null
2023-09-06T02:17:04Z,27.76,67.44,99,0,50.72,101.42,269.00,1627.00,null,null,null
2023-09-06T02:18:04Z,27.73,67.55,99,0,51.61,101.43,267.00,1624.00,null,null,null
2023-09-06T02:19:04Z,27.73,67.49,99,0,49.76,101.43,283.00,1641.00,null,null,null
2023-09-06T02:20:04Z,27.73,67.47,99,0,52.52,101.44,283.00,1641.00,3,3,3
2023-09-06T02:21:04Z,27.75,67.65,99,0,54.33,101.44,277.00,1635.00,null,null,null
2023-09-06T02:22:04Z,27.78,67.48,99,0,49.93,101.43,258.00,1614.00,null,null,null
2023-09-06T02:23:04Z,27.76,67.45,99,0,54.66,101.43,253.00,1607.00,null,null,null
2023-09-06T02:24:04Z,27.73,67.59,99,0,52.84,101.43,245.00,1599.00,null,null,null
2023-09-06T02:25:04Z,27.75,67.58,99,0,54.65,101.44,273.00,1631.00,3,3,3
2023-09-06T02:26:04Z,27.75,67.69,99,0,52.09,101.44,238.00,1592.00,null,null,null
2023-09-06T02:27:04Z,27.79,67.81,99,0,53.65,101.44,277.00,1635.00,null,null,null
2023-09-06T02:28:04Z,27.75,67.71,99,0,51.56,101.45,285.00,1644.00,null,null,null
2023-09-06T02:29:04Z,27.75,67.75,99,0,51.50,101.44,305.00,1667.00,null,null,null
2023-09-06T02:30:04Z,27.72,67.95,99,0,51.22,101.44,319.00,1680.00,2,2,2
2023-09-06T02:31:04Z,27.73,67.90,99,0,49.81,101.44,348.00,1709.00,null,null,null
2023-09-06T02:32:04Z,27.76,67.77,99,0,51.77,101.44,363.00,1725.00,null,null,null
2023-09-06T02:33:04Z,27.75,67.81,99,0,54.45,101.44,332.00,1694.00,null,null,null
2023-09-06T02:34:04Z,27.73,67.89,99,0,50.40,101.44,336.00,1698.00,null,null,null
2023-09-06T02:35:04Z,27.73,67.98,99,0,52.16,101.44,367.00,1730.00,1,1,1
2023-09-06T02:36:04Z,27.75,67.88,99,0,52.43,101.44,360.00,1723.00,null,null,null
2023-09-06T02:37:04Z,27.75,67.91,99,0,54.60,101.44,330.00,1691.00,null,null,null
2023-09-06T02:38:04Z,27.76,67.87,99,0,52.71,101.44,330.00,1691.00,null,null,null
2023-09-06T02:39:04Z,27.75,67.87,99,0,54.52,101.44,319.00,1680.00,null,null,null
2023-09-06T02:40:04Z,27.73,68.07,99,0,51.20,101.44,310.00,1671.00,3,3,3
2023-09-06T02:41:04Z,27.75,68.04,99,0,50.81,101.44,338.00,1700.00,null,null,null
2023-09-06T02:42:04Z,27.73,68.01,99,0,50.70,101.44,305.00,1667.00,null,null,null
2023-09-06T02:43:04Z,27.76,68.25,99,0,53.14,101.44,338.00,1700.00,null,null,null
2023-09-06T02:44:04Z,27.73,68.10,99,0,50.76,101.44,302.00,1664.00,null,null,null
2023-09-06T02:45:04Z,27.75,68.16,99,0,53.40,101.44,325.00,1686.00,2,2,2
2023-09-06T02:46:04Z,27.75,68.08,99,0,53.52,101.44,295.00,1656.00,null,null,null
2023-09-06T02:47:04Z,27.78,67.97,99,0,51.56,101.44,295.00,1656.00,null,null,null
2023-09-06T02:48:04Z,27.75,68.12,99,0,50.55,101.44,295.00,1656.00,null,null,null
2023-09-06T02:49:04Z,27.75,68.01,99,0,54.01,101.44,279.00,1637.00,null,null,null
2023-09-06T02:50:04Z,27.75,68.01,99,0,50.77,101.45,273.00,1631.00,3,3,3
2023-09-06T02:51:04Z,27.75,67.93,99,0,53.41,101.44,269.00,1627.00,null,null,null
2023-09-06T02:52:04Z,27.76,68.04,99,0,54.04,101.44,279.00,1637.00,null,null,null
2023-09-06T02:53:04Z,27.75,67.99,99,0,53.19,101.44,305.00,1667.00,null,null,null
2023-09-06T02:54:04Z,27.75,67.98,99,0,52.47,101.45,332.00,1694.00,null,null,null
2023-09-06T02:55:04Z,27.75,67.98,99,0,50.68,101.44,364.00,1726.00,3,4,4
2023-09-06T02:56:04Z,27.76,68.04,99,0,54.07,101.44,385.00,1744.00,null,null,null
2023-09-06T02:57:04Z,27.76,67.97,99,0,51.65,101.44,395.00,1754.00,null,null,null
2023-09-06T02:58:04Z,27.75,67.96,99,0,53.35,101.44,390.00,1749.00,null,null,null
2023-09-06T02:59:04Z,27.75,68.00,99,0,50.97,101.44,400.00,1757.00,null,null,null
