TIME,TEMP,HUM,BATT,LIGHT,NOISE_A,PRESS,CCS811_VOCS,CCS811_ECO2,PM_1,PM_25,PM_10
ISO 8601,C,%,%,Lux,dBA,kPa,ppb,ppm,ug/m3,ug/m3,ug/m3
Time,Temperature,Humidity,Battery,Light,Noise dBA,Barometric pressure,VOC Gas CCS811,eCO2 Gas CCS811,PM 1.0,PM 2.5,PM 10.0
,55,56,10,14,53,58,113,112,89,87,88
2023-08-23T00:00:04Z,26.76,58.11,99,0,51.69,102.07,145.00,1352.00,0,1,1
2023-08-23T00:01:04Z,26.80,57.83,99,0,53.15,102.07,147.00,1367.00,null,null,null
2023-08-23T00:02:04Z,26.79,57.01,99,0,54.21,102.07,147.00,1367.00,null,null,null
2023-08-23T00:03:04Z,26.78,58.24,99,0,56.44,102.07,147.00,1367.00,null,null,null
2023-08-23T00:04:04Z,26.78,57.72,99,0,50.38,102.07,145.00,1352.00,null,null,null
2023-08-23T00:05:04Z,26.76,58.38,99,0,54.05,102.07,147.00,1367.00,0,0,0
2023-08-23T00:06:04Z,26.78,58.10,99,0,52.05,102.07,142.00,1338.00,null,null,null
2023-08-23T00:07:04Z,26.76,57.80,99,0,57.34,102.08,145.00,1352.00,null,null,null
2023-08-23T00:08:04Z,26.75,57.67,99,0,53.91,102.08,145.00,1352.00,null,null,null
2023-08-23T00:09:04Z,26.70,56.76,99,0,49.07,102.08,136.00,1299.00,null,null,null
2023-08-23T00:10:04Z,26.69,58.17,99,0,51.58,102.08,138.00,1310.00,0,0,0
2023-08-23T00:11:04Z,26.70,57.57,99,0,52.29,102.08,139.00,1313.00,null,null,null
2023-08-23T00:12:04Z,26.69,57.94,99,0,56.20,102.08,139.00,1313.00,null,null,null
2023-08-23T00:13:04Z,26.72,58.47,99,0,55.24,102.08,136.00,1299.00,null,null,null
2023-08-23T00:14:04Z,26.70,57.98,99,0,54.51,102.08,142.00,1334.00,null,null,null
2023-08-23T00:15:04Z,26.69,58.33,99,0,52.21,102.09,150.00,1389.00,0,0,0
2023-08-23T00:16:04Z,26.72,57.53,99,0,50.55,102.09,142.00,1334.00,null,null,null
2023-08-23T00:17:04Z,26.75,57.92,99,0,49.73,102.09,150.00,1389.00,null,null,null
2023-08-23T00:18:04Z,26.73,56.68,99,0,54.44,102.09,136.00,1299.00,null,null,null
2023-08-23T00:19:04Z,26.73,58.32,99,0,52.22,102.09,154.00,1416.00,null,null,null
2023-08-23T00:20:04Z,26.73,57.83,99,0,50.13,102.08,145.00,1356.00,0,0,0
2023-08-23T00:21:04Z,26.76,58.14,99,0,52.01,102.08,152.00,1404.00,null,null,null
2023-08-23T00:22:04Z,26.76,57.81,99,0,52.30,102.08,147.00,1367.00,null,null,null
2023-08-23T00:23:04Z,26.78,58.19,99,0,51.23,102.08,154.00,1413.00,null,null,null
2023-08-23T00:24:04Z,26.78,58.28,99,0,52.72,102.08,157.00,1432.00,null,null,null
2023-08-23T00:25:04Z,26.75,57.99,99,0,53.39,102.08,161.00,1462.00,0,0,0
2023-08-23T00:26:04Z,26.80,58.43,99,0,55.51,102.08,187.00,1523.00,null,null,null
2023-08-23T00:27:04Z,26.79,58.12,99,0,51.13,102.08,204.00,1546.00,null,null,null
2023-08-23T00:28:04Z,26.79,58.11,99,0,54.06,102.08,226.00,1575.00,null,null,null
2023-08-23T00:29:04Z,26.79,58.09,99,0,51.69,102.08,248.00,1603.00,null,null,null
2023-08-23T00:30:04Z,26.78,58.20,99,0,53.20,102.08,269.00,1627.00,0,0,0
2023-08-23T00:31:04Z,26.82,58.30,99,0,51.93,102.08,269.00,1627.00,null,null,null
2023-08-23T00:32:04Z,26.80,58.16,99,0,55.11,102.08,265.00,1623.00,null,null,null
2023-08-23T00:33:04Z,26.82,57.98,99,0,53.10,102.08,285.00,1644.00,null,null,null
2023-08-23T00:34:04Z,26.79,57.95,99,0,53.58,102.08,279.00,1637.00,null,null,null
2023-08-23T00:35:04Z,26.79,58.22,99,0,49.95,102.08,269.00,1627.00,0,0,0
2023-08-23T00:36:04Z,26.78,58.02,99,0,52.05,102.09,269.00,1627.00,null,null,null
2023-08-23T00:37:04Z,26.80,57.80,99,0,52.04,102.09,274.00,1632.00,null,null,null
2023-08-23T00:38:04Z,26.80,58.29,99,0,53.09,102.08,279.00,1637.00,null,null,null
2023-08-23T00:39:04Z,26.79,57.85,99,0,50.53,102.08,275.00,1632.00,null,null,null
2023-08-23T00:40:04Z,26.78,58.20,99,0,52.56,102.09,269.00,1627.00,0,0,0
2023-08-23T00:41:04Z,26.79,58.42,99,0,50.18,102.09,264.00,1620.00,null,null,null
2023-08-23T00:42:04Z,26.82,58.48,99,0,52.55,102.09,265.00,1623.00,null,null,null
2023-08-23T00:43:04Z,26.80,58.52,99,0,51.37,102.09,260.00,1615.00,null,null,null
2023-08-23T00:44:04Z,26.82,58.49,99,0,55.39,102.10,260.00,1615.00,null,null,null
2023-08-23T00:45:04Z,26.83,58.71,99,0,55.34,102.09,256.00,1611.00,0,0,0
2023-08-23T00:46:04Z,26.83,57.45,99,0,53.68,102.10,260.00,1615.00,null,null,null
2023-08-23T00:47:04Z,26.83,58.32,99,0,56.28,102.10,267.00,1624.00,null,null,null
2023-08-23T00:48:04Z,26.82,58.37,99,0,50.90,102.10,256.00,1611.00,null,null,null
2023-08-23T00:49:04Z,26.80,58.04,99,0,53.20,102.11,256.00,1611.00,null,null,null
2023-08-23T00:50:04Z,26.82,58.48,99,0,51.58,102.10,254.00,1610.00,0,0,0
2023-08-23T00:51:04Z,26.83,57.85,99,0,53.33,102.10,249.00,1606.00,null,null,null
2023-08-23T00:52:04Z,26.80,58.01,99,0,49.55,102.10,244.00,1598.00,null,null,null
2023-08-23T00:53:04Z,26.82,57.79,99,0,53.12,102.10,248.00,1603.00,null,null,null
2023-08-23T00:54:04Z,26.82,58.56,99,0,53.34,102.10,244.00,1598.00,null,null,null
2023-08-23T00:55:04Z,26.80,58.06,99,0,53.74,102.10,241.00,1594.00,0,0,0
2023-08-23T00:56:04Z,26.83,57.95,99,0,51.71,102.10,230.00,1582.00,null,null,null
2023-08-23T00:57:04Z,26.82,57.53,99,0,50.19,102.09,230.00,1582.00,null,null,null
2023-08-23T00:58:04Z,26.80,58.36,99,0,53.69,102.10,229.00,1581.00,null,null,null
2023-08-23T00:59:04Z,26.79,57.97,99,0,54.98,102.09,222.00,1571.00,null,null,null
2023-08-23T01:00:04Z,26.75,58.25,99,0,51.30,102.09,217.00,1563.00,2,2,2
2023-08-23T01:01:04Z,26.80,58.79,99,0,52.10,102.09,207.00,1551.00,null,null,null
2023-08-23T01:02:04Z,26.78,58.53,99,0,51.04,102.09,212.00,1557.00,null,null,null
2023-08-23T01:03:04Z,26.78,58.21,99,0,50.18,102.09,211.00,1556.00,null,null,null
2023-08-23T01:04:04Z,26.78,58.94,99,0,50.90,102.09,214.00,1559.00,null,null,null
2023-08-23T01:05:04Z,26.78,59.03,99,0,50.39,102.10,206.00,1548.00,0,0,0
2023-08-23T01:06:04Z,26.79,58.84,99,0,55.80,102.09,214.00,1560.00,null,null,null
2023-08-23T01:07:04Z,26.80,58.95,99,0,53.67,102.09,218.00,1564.00,null,null,null
2023-08-23T01:08:04Z,26.80,58.46,99,0,53.39,102.08,220.00,1568.00,null,null,null
2023-08-23T01:09:04Z,26.80,58.53,99,0,55.32,102.09,223.00,1572.00,null,null,null
2023-08-23T01:10:04Z,26.80,58.27,99,0,50.73,102.09,214.00,1560.00,2,3,3
2023-08-23T01:11:04Z,26.80,58.79,99,0,50.49,102.09,219.00,1566.00,null,null,null
2023-08-23T01:12:04Z,26.80,58.65,99,0,49.08,102.08,209.00,1553.00,null,null,null
2023-08-23T01:13:04Z,26.80,58.78,99,0,52.95,102.09,211.00,1556.00,null,null,null
2023-08-23T01:14:04Z,26.80,59.19,99,0,56.59,102.08,214.00,1560.00,null,null,null
2023-08-23T01:15:04Z,26.79,59.40,99,0,52.26,102.08,217.00,1563.00,0,0,0
2023-08-23T01:16:04Z,26.83,59.19,99,0,53.87,102.09,214.00,1560.00,null,null,null
2023-08-23T01:17:04Z,26.82,59.00,99,0,54.73,102.09,217.00,1563.00,null,null,null
2023-08-23T01:18:04Z,26.82,58.41,99,0,52.61,102.08,204.00,1547.00,null,null,null
2023-08-23T01:19:04Z,26.83,58.70,99,0,50.27,102.08,204.00,1546.00,null,null,null
2023-08-23T01:20:04Z,26.79,59.41,99,0,52.51,102.08,208.00,1552.00,0,0,0
2023-08-23T01:21:04Z,26.83,59.53,99,0,49.85,102.08,203.00,1544.00,null,null,null
2023-08-23T01:22:04Z,26.80,58.63,99,0,52.35,102.08,201.00,1543.00,null,null,null
2023-08-23T01:23:04Z,26.83,59.22,99,0,52.46,102.08,201.00,1543.00,null,null,null
2023-08-23T01:24:04Z,26.80,58.64,99,0,53.58,102.08,193.00,1531.00,null,null,null
2023-08-23T01:25:04Z,26.79,58.49,99,0,52.25,102.08,186.00,1521.00,0,0,0
2023-08-23T01:26:04Z,26.79,58.78,99,0,54.69,102.07,187.00,1523.00,null,null,null
2023-08-23T01:27:04Z,26.78,59.06,99,0,49.75,102.07,189.00,1526.00,null,null,null
2023-08-23T01:28:04Z,26.80,58.96,99,0,52.75,102.07,189.00,1526.00,null,null,null
2023-08-23T01:29:04Z,26.80,58.73,99,0,49.13,102.07,191.00,1528.00,null,null,null
2023-08-23T01:30:04Z,26.78,59.28,99,0,51.69,102.07,193.00,1531.00,0,0,0
2023-08-23T01:31:04Z,26.80,58.89,99,0,52.90,102.07,186.00,1522.00,null,null,null
2023-08-23T01:32:04Z,26.80,59.03,99,0,52.09,102.07,191.00,1528.00,null,null,null
2023-08-23T01:33:04Z,26.82,58.48,99,0,54.33,102.07,193.00,1531.00,null,null,null
2023-08-23T01:34:04Z,26.82,58.55,99,0,55.20,102.07,184.00,1519.00,null,null,null
2023-08-23T01:35:04Z,26.79,58.91,99,0,53.87,102.07,186.00,1522.00,0,0,0
2023-08-23T01:36:04Z,26.80,58.53,99,0,51.57,102.06,187.00,1524.00,null,null,null
2023-08-23T01:37:04Z,26.80,58.70,99,0,50.73,102.06,186.00,1522.00,null,null,null
2023-08-23T01:38:04Z,26.80,58.96,99,0,53.38,102.06,190.00,1527.00,null,null,null
2023-08-23T01:39:04Z,26.82,58.96,99,0,51.71,102.06,191.00,1528.00,null,null,null
2023-08-23T01:40:04Z,26.82,59.12,99,0,51.31,102.06,242.00,1595.00,0,0,0
2023-08-23T01:41:04Z,26.80,58.88,99,0,51.58,102.06,261.00,1616.00,null,null,null
2023-08-23T01:42:04Z,26.86,58.99,99,0,54.21,102.06,268.00,1625.00,null,null,null
2023-08-23T01:43:04Z,26.82,59.23,99,0,52.30,102.06,280.00,1638.00,null,null,null
2023-08-23T01:44:04Z,26.83,59.02,99,0,53.14,102.06,286.00,1645.00,null,null,null
2023-08-23T01:45:04Z,26.83,59.24,99,0,50.86,102.06,288.00,1648.00,0,0,0
2023-08-23T01:46:04Z,26.84,58.57,99,0,53.49,102.06,292.00,1652.00,null,null,null
2023-08-23T01:47:04Z,26.84,58.59,99,0,49.96,102.06,289.00,1650.00,null,null,null
2023-08-23T01:48:04Z,26.84,58.87,99,0,51.83,102.06,283.00,1641.00,null,null,null
2023-08-23T01:49:04Z,26.83,58.74,99,0,53.06,102.06,286.00,1645.00,null,null,null
2023-08-23T01:50:04Z,26.83,58.76,99,0,49.86,102.06,283.00,1641.00,0,1,1
2023-08-23T01:51:04Z,26.84,58.82,99,0,56.33,102.06,276.00,1633.00,null,null,null
2023-08-23T01:52:04Z,26.87,58.91,99,0,47.69,102.06,272.00,1629.00,null,null,null
2023-08-23T01:53:04Z,26.84,58.62,99,0,55.29,102.07,268.00,1625.00,null,null,null
2023-08-23T01:54:04Z,26.83,58.59,99,0,55.22,102.07,271.00,1628.00,null,null,null
2023-08-23T01:55:04Z,26.80,58.33,99,0,52.52,102.07,271.00,1628.00,0,0,0
2023-08-23T01:56:04Z,26.86,58.45,99,0,55.36,102.07,264.00,1620.00,null,null,null
2023-08-23T01:57:04Z,26.84,58.41,99,0,53.15,102.06,258.00,1614.00,null,null,null
2023-08-23T01:58:04Z,26.83,58.58,99,0,54.05,102.06,248.00,1603.00,null,null,null
2023-08-23T01:59:04Z,26.80,58.76,99,0,50.26,102.06,248.00,1603.00,null,null,null
2023-08-23T02:00:04Z,26.82,58.73,99,0,53.59,102.06,245.00,1599.00,1,1,1
2023-08-23T02:01:04Z,26.82,58.72,99,0,49.91,102.06,237.00,1591.00,null,null,null
2023-08-23T02:02:04Z,26.82,58.49,99,0,49.91,102.05,242.00,1597.00,null,null,null
2023-08-23T02:03:04Z,26.80,58.44,99,0,52.65,102.06,237.00,1591.00,null,null,null
2023-08-23T02:04:04Z,26.82,58.51,99,0,54.55,102.06,230.00,1582.00,null,null,null
2023-08-23T02:05:04Z,26.80,58.34,99,0,53.02,102.06,220.00,1568.00,0,0,0
2023-08-23T02:06:04Z,26.83,58.95,99,0,54.67,102.06,220.00,1568.00,null,null,null
2023-08-23T02:07:04Z,26.82,58.42,99,0,51.49,102.06,217.00,1563.00,null,null,null
2023-08-23T02:08:04Z,26.80,58.75,99,0,53.41,102.06,220.00,1568.00,null,null,null
2023-08-23T02:09:04Z,26.84,58.28,99,0,50.55,102.06,214.00,1560.00,null,null,null
2023-08-23T02:10:04Z,26.79,58.88,99,0,55.45,102.06,219.00,1566.00,0,0,0
2023-08-23T02:11:04Z,26.79,58.64,99,0,57.27,102.06,214.00,1560.00,null,null,null
2023-08-23T02:12:04Z,26.80,58.64,99,0,51.53,102.05,219.00,1566.00,null,null,null
2023-08-23T02:13:04Z,26.79,58.88,99,0,51.81,102.05,220.00,1568.00,null,null,null
2023-08-23T02:14:04Z,26.80,59.04,99,0,55.25,102.05,218.00,1564.00,null,null,null
2023-08-23T02:15:04Z,26.78,58.80,99,0,49.31,102.05,221.00,1569.00,0,0,0
2023-08-23T02:16:04Z,26.80,59.32,99,0,48.69,102.06,221.00,1569.00,null,null,null
2023-08-23T02:17:04Z,26.82,59.28,99,0,52.32,102.05,218.00,1564.00,null,null,null
2023-08-23T02:18:04Z,26.79,58.91,99,0,49.13,102.05,218.00,1564.00,null,null,null
2023-08-23T02:19:04Z,26.80,58.85,99,0,51.51,102.05,218.00,1564.00,null,null,null
2023-08-23T02:20:04Z,26.79,59.00,99,0,52.83,102.05,218.00,1564.00,0,2,2
2023-08-23T02:21:04Z,26.82,59.18,99,0,52.29,102.06,221.00,1569.00,null,null,null
2023-08-23T02:22:04Z,26.80,59.15,99,0,53.27,102.05,218.00,1564.00,null,null,null
2023-08-23T02:23:04Z,26.79,58.85,99,0,49.55,102.06,218.00,1564.00,null,null,null
2023-08-23T02:24:04Z,26.80,59.05,99,0,54.68,102.05,214.00,1560.00,null,null,null
2023-08-23T02:25:04Z,26.79,58.99,99,0,53.46,102.05,214.00,1560.00,0,0,0
2023-08-23T02:26:04Z,26.82,59.26,99,0,55.91,102.05,217.00,1563.00,null,null,null
2023-08-23T02:27:04Z,26.83,59.14,99,0,54.89,102.06,210.00,1556.00,null,null,null
2023-08-23T02:28:04Z,26.84,58.95,99,0,54.13,102.06,217.00,1563.00,null,null,null
2023-08-23T02:29:04Z,26.80,59.26,99,0,51.73,102.06,214.00,1560.00,null,null,null
2023-08-23T02:30:04Z,26.82,58.89,99,0,57.00,102.06,215.00,1560.00,0,0,0
2023-08-23T02:31:04Z,26.80,59.30,99,0,56.26,102.06,226.00,1576.00,null,null,null
2023-08-23T02:32:04Z,26.83,58.99,99,0,50.73,102.06,231.00,1583.00,null,null,null
2023-08-23T02:33:04Z,26.83,59.17,99,0,53.55,102.06,231.00,1583.00,null,null,null
2023-08-23T02:34:04Z,26.80,59.47,99,0,52.12,102.06,231.00,1583.00,null,null,null
2023-08-23T02:35:04Z,26.80,59.72,99,0,50.55,102.06,228.00,1579.00,0,0,0
2023-08-23T02:36:04Z,26.82,59.48,99,0,50.22,102.06,236.00,1591.00,null,null,null
2023-08-23T02:37:04Z,26.84,59.56,99,0,56.63,102.06,231.00,1583.00,null,null,null
2023-08-23T02:38:04Z,26.83,59.59,99,0,54.33,102.06,231.00,1583.00,null,null,null
2023-08-23T02:39:04Z,26.80,59.22,99,0,53.69,102.06,231.00,1583.00,null,null,null
2023-08-23T02:40:04Z,26.82,59.51,99,0,52.91,102.06,235.00,1588.00,0,0,0
2023-08-23T02:41:04Z,26.83,59.15,99,0,52.19,102.06,225.00,1573.00,null,null,null
2023-08-23T02:42:04Z,26.83,59.31,99,0,52.35,102.05,231.00,1583.00,null,null,null
2023-08-23T02:43:04Z,26.82,59.33,99,0,56.42,102.06,284.00,1642.00,null,null,null
2023-08-23T02:44:04Z,26.83,59.42,99,0,52.61,102.05,312.00,1673.00,null,null,null
2023-08-23T02:45:04Z,26.82,59.35,99,0,49.19,102.05,316.00,1677.00,0,0,0
2023-08-23T02:46:04Z,26.83,60.04,99,0,50.77,102.06,330.00,1691.00,null,null,null
2023-08-23T02:47:04Z,26.84,59.80,99,0,54.87,102.06,334.00,1695.00,null,null,null
2023-08-23T02:48:04Z,26.86,59.74,99,0,52.37,102.06,338.00,1700.00,null,null,null
2023-08-23T02:49:04Z,26.82,60.01,99,0,52.75,102.06,334.00,1695.00,null,null,null
2023-08-23T02:50:04Z,26.82,59.67,99,0,51.42,102.06,334.00,1695.00,0,0,0
2023-08-23T02:51:04Z,26.82,59.89,99,0,53.78,102.06,334.00,1695.00,null,null,null
2023-08-23T02:52:04Z,26.84,60.43,99,0,50.38,102.06,330.00,1691.00,null,null,null
2023-08-23T02:53:04Z,26.84,60.08,99,0,53.31,102.06,316.00,1677.00,null,null,null
2023-08-23T02:54:04Z,26.84,60.23,99,0,55.14,102.06,330.00,1691.00,null,null,null
2023-08-23T02:55:04Z,26.80,60.33,99,0,52.19,102.07,320.00,1681.00,0,0,7
2023-08-23T02:56:04Z,26.82,59.70,99,0,52.81,102.07,308.00,1669.00,null,null,null
2023-08-23T02:57:04Z,26.82,59.97,99,0,52.75,102.07,316.00,1677.00,null,null,null
2023-08-23T02:58:04Z,26.82,60.26,99,0,50.72,102.07,307.00,1668.00,null,null,null
2023-08-23T02:59:04Z,26.80,59.99,99,0,54.32,102.07,299.00,1660.00,null,null,null
