TIME,TEMP,HUM,BATT,LIGHT,NOISE_A,PRESS,CCS811_VOCS,CCS811_ECO2,PM_1,PM_25,PM_10
ISO 8601,C,%,%,Lux,dBA,kPa,ppb,ppm,ug/m3,ug/m3,ug/m3
Time,Temperature,Humidity,Battery,Light,Noise dBA,Barometric pressure,VOC Gas CCS811,eCO2 Gas CCS811,PM 1.0,PM 2.5,PM 10.0
,55,56,10,14,53,58,113,112,89,87,88
2023-09-13T00:00:04Z,27.65,58.49,99,0,54.84,101.33,219.00,1566.00,0,0,0
2023-09-13T00:01:04Z,27.69,58.48,99,0,49.83,101.33,226.00,1575.00,null,null,null
2023-09-13T00:02:04Z,27.66,58.38,99,0,53.00,101.34,222.00,1571.00,null,null,null
2023-09-13T00:03:04Z,27.65,58.32,99,0,52.68,101.34,226.00,1575.00,null,null,null
2023-09-13T00:04:04Z,27.66,58.30,99,0,50.17,101.34,226.00,1575.00,null,null,null
2023-09-13T00:05:04Z,27.66,58.25,99,0,52.87,101.34,226.00,1575.00,0,0,0
2023-09-13T00:06:04Z,27.66,58.24,99,0,50.06,101.34,226.00,1575.00,null,null,null
2023-09-13T00:07:04Z,27.69,58.21,99,0,52.74,101.34,229.00,1581.00,null,null,null
2023-09-13T00:08:04Z,27.65,58.14,99,0,51.25,101.34,229.00,1581.00,null,null,null
2023-09-13T00:09:04Z,27.66,58.19,99,0,50.11,101.34,229.00,1581.00,null,null,null
2023-09-13T00:10:04Z,27.64,58.18,99,0,53.04,101.34,232.00,1585.00,0,0,0
2023-09-13T00:11:04Z,27.66,58.38,99,0,51.52,101.34,232.00,1585.00,null,null,null
2023-09-13T00:12:04Z,27.68,58.36,99,0,50.21,101.34,232.00,1585.00,null,null,null
2023-09-13T00:13:04Z,27.68,58.34,99,0,55.02,101.34,232.00,1585.00,null,null,null
2023-09-13T00:14:04Z,27.66,58.41,99,0,54.64,101.34,236.00,1590.00,null,null,null
2023-09-13T00:15:04Z,27.66,58.36,99,0,53.69,101.34,236.00,1590.00,0,0,0
2023-09-13T00:16:04Z,27.68,58.36,99,0,48.78,101.33,239.00,1594.00,null,null,null
2023-09-13T00:17:04Z,27.69,58.27,99,0,53.74,101.34,239.00,1594.00,null,null,null
2023-09-13T00:18:04Z,27.71,58.33,99,0,48.03,101.34,239.00,1594.00,null,null,null
2023-09-13T00:19:04Z,27.71,58.31,99,0,54.99,101.34,239.00,1594.00,null,null,null
2023-09-13T00:20:04Z,27.68,58.38,99,0,50.83,101.34,117.00,1174.00,0,0,0
2023-09-13T00:21:04Z,27.69,58.33,99,0,52.09,101.34,107.00,1107.00,null,null,null
2023-09-13T00:22:04Z,27.71,58.28,99,0,51.11,101.34,105.00,1093.00,null,null,null
2023-09-13T00:23:04Z,27.68,58.28,99,0,51.64,101.35,107.00,1107.00,null,null,null
2023-09-13T00:24:04Z,27.69,58.28,99,0,50.87,101.35,107.00,1107.00,null,null,null
2023-09-13T00:25:04Z,27.69,58.24,99,0,50.44,101.35,107.00,1107.00,0,0,0
2023-09-13T00:26:04Z,27.71,58.28,99,0,52.18,101.35,107.00,1105.00,null,null,null
2023-09-13T00:27:04Z,27.69,58.14,99,0,50.75,101.34,107.00,1107.00,null,null,null
2023-09-13T00:28:04Z,27.71,58.18,99,0,50.92,101.35,109.00,1122.00,null,null,null
2023-09-13T00:29:04Z,27.71,58.01,99,0,51.02,101.35,109.00,1122.00,null,null,null
2023-09-13T00:30:04Z,27.68,58.10,99,0,50.55,101.35,109.00,1122.00,0,0,0
2023-09-13T00:31:04Z,27.72,58.27,99,0,52.47,101.35,107.00,1105.00,null,null,null
2023-09-13T00:32:04Z,27.69,58.18,99,0,52.82,101.36,146.00,1364.00,null,null,null
2023-09-13T00:33:04Z,27.71,58.14,99,0,53.87,101.36,181.00,1515.00,null,null,null
2023-09-13T00:34:04Z,27.71,58.16,99,0,52.73,101.35,211.00,1556.00,null,null,null
2023-09-13T00:35:04Z,27.69,58.13,99,0,49.52,101.36,234.00,1587.00,0,0,0
2023-09-13T00:36:04Z,27.69,58.04,99,0,53.33,101.37,244.00,1598.00,null,null,null
2023-09-13T00:37:04Z,27.71,57.96,99,0,55.28,101.36,264.00,1620.00,null,null,null
2023-09-13T00:38:04Z,27.72,57.96,99,0,49.99,101.37,277.00,1635.00,null,null,null
2023-09-13T00:39:04Z,27.71,57.88,99,0,51.95,101.36,286.00,1645.00,null,null,null
2023-09-13T00:40:04Z,27.71,57.92,99,0,50.83,101.36,290.00,1651.00,0,0,0
2023-09-13T00:41:04Z,27.72,57.92,99,0,50.70,101.37,294.00,1655.00,null,null,null
2023-09-13T00:42:04Z,27.71,57.80,99,0,53.32,101.37,294.00,1655.00,null,null,null
2023-09-13T00:43:04Z,27.71,57.78,99,0,54.15,101.37,294.00,1655.00,null,null,null
2023-09-13T00:44:04Z,27.71,57.83,99,0,47.88,101.37,290.00,1651.00,null,null,null
2023-09-13T00:45:04Z,27.71,57.78,99,0,50.05,101.37,286.00,1645.00,0,0,0
2023-09-13T00:46:04Z,27.71,57.86,99,0,55.40,101.38,286.00,1645.00,null,null,null
2023-09-13T00:47:04Z,27.71,57.79,99,0,51.89,101.38,282.00,1641.00,null,null,null
2023-09-13T00:48:04Z,27.71,57.73,99,0,52.03,101.38,277.00,1635.00,null,null,null
2023-09-13T00:49:04Z,27.71,57.71,99,0,49.39,101.38,277.00,1635.00,null,null,null
2023-09-13T00:50:04Z,27.69,57.73,99,0,51.78,101.38,267.00,1624.00,0,0,0
2023-09-13T00:51:04Z,27.72,57.74,99,0,50.03,101.39,264.00,1620.00,null,null,null
2023-09-13T00:52:04Z,27.75,57.70,99,0,54.12,101.38,260.00,1615.00,null,null,null
2023-09-13T00:53:04Z,27.73,57.47,99,0,52.85,101.39,229.00,1581.00,null,null,null
2023-09-13T00:54:04Z,27.71,57.69,99,0,50.05,101.38,244.00,1598.00,null,null,null
2023-09-13T00:55:04Z,27.72,57.74,99,0,49.08,101.39,242.00,1597.00,0,0,0
2023-09-13T00:56:04Z,27.71,57.73,99,0,53.00,101.38,242.00,1597.00,null,null,null
2023-09-13T00:57:04Z,27.72,57.73,99,0,52.59,101.39,234.00,1587.00,null,null,null
2023-09-13T00:58:04Z,27.71,57.72,99,0,53.30,101.38,230.00,1582.00,null,null,null
2023-09-13T00:59:04Z,27.72,57.64,99,0,52.37,101.38,227.00,1578.00,null,null,null
2023-09-13T01:00:04Z,27.72,57.71,99,0,52.65,101.38,223.00,1572.00,0,0,0
2023-09-13T01:01:04Z,27.75,57.73,99,0,53.44,101.39,220.00,1568.00,null,null,null
2023-09-13T01:02:04Z,27.73,57.65,99,0,53.46,101.39,197.00,1537.00,null,null,null
2023-09-13T01:03:04Z,27.72,57.65,99,0,52.87,101.39,214.00,1559.00,null,null,null
2023-09-13T01:04:04Z,27.72,57.61,99,0,52.20,101.39,210.00,1556.00,null,null,null
2023-09-13T01:05:04Z,27.73,57.55,99,0,52.56,101.39,208.00,1552.00,0,0,0
2023-09-13T01:06:04Z,27.72,57.58,99,0,49.60,101.38,202.00,1543.00,null,null,null
2023-09-13T01:07:04Z,27.73,57.45,99,0,52.08,101.39,202.00,1543.00,null,null,null
2023-09-13T01:08:04Z,27.73,57.50,99,0,56.30,101.39,198.00,1539.00,null,null,null
2023-09-13T01:09:04Z,27.73,57.52,99,0,56.25,101.39,193.00,1531.00,null,null,null
2023-09-13T01:10:04Z,27.71,57.55,99,0,52.77,101.39,193.00,1531.00,0,0,0
2023-09-13T01:11:04Z,27.75,57.46,99,0,51.12,101.39,191.00,1529.00,null,null,null
2023-09-13T01:12:04Z,27.73,57.40,99,0,50.58,101.39,166.00,1495.00,null,null,null
2023-09-13T01:13:04Z,27.73,57.34,99,0,53.81,101.39,184.00,1519.00,null,null,null
2023-09-13T01:14:04Z,27.73,57.39,99,0,52.51,101.39,181.00,1515.00,null,null,null
2023-09-13T01:15:04Z,27.73,57.43,99,0,52.26,101.39,181.00,1515.00,0,0,0
2023-09-13T01:16:04Z,27.73,57.41,99,0,55.10,101.39,180.00,1513.00,null,null,null
2023-09-13T01:17:04Z,27.73,57.30,99,0,53.59,101.39,180.00,1513.00,null,null,null
2023-09-13T01:18:04Z,27.75,57.30,99,0,52.19,101.40,176.00,1506.00,null,null,null
2023-09-13T01:19:04Z,27.75,57.27,99,0,50.78,101.39,156.00,1425.00,null,null,null
2023-09-13T01:20:04Z,27.73,57.30,99,0,52.67,101.40,154.00,1416.00,0,0,0
2023-09-13T01:21:04Z,27.73,57.29,99,0,51.27,101.40,169.00,1496.00,null,null,null
2023-09-13T01:22:04Z,27.75,57.22,99,0,51.60,101.39,169.00,1496.00,null,null,null
2023-09-13T01:23:04Z,27.76,57.17,99,0,52.37,101.40,151.00,1393.00,null,null,null
2023-09-13T01:24:04Z,27.75,57.14,99,0,52.81,101.39,147.00,1367.00,null,null,null
2023-09-13T01:25:04Z,27.72,56.91,99,0,51.44,101.40,147.00,1367.00,0,0,0
2023-09-13T01:26:04Z,27.73,57.09,99,0,54.78,101.40,161.00,1462.00,null,null,null
2023-09-13T01:27:04Z,27.75,57.10,99,0,50.09,101.40,161.00,1462.00,null,null,null
2023-09-13T01:28:04Z,27.75,57.17,99,0,50.04,101.40,143.00,1341.00,null,null,null
2023-09-13T01:29:04Z,27.75,57.21,99,0,52.47,101.41,143.00,1341.00,null,null,null
2023-09-13T01:30:04Z,27.75,56.93,99,0,52.18,101.40,140.00,1321.00,0,0,0
2023-09-13T01:31:04Z,27.75,57.05,99,0,56.96,101.41,136.00,1295.00,null,null,null
2023-09-13T01:32:04Z,27.76,57.23,99,0,50.16,101.40,138.00,1310.00,null,null,null
2023-09-13T01:33:04Z,27.76,57.45,99,0,52.13,101.40,136.00,1295.00,null,null,null
2023-09-13T01:34:04Z,27.75,57.44,99,0,55.61,101.40,132.00,1270.00,null,null,null
2023-09-13T01:35:04Z,27.73,57.39,99,0,51.17,101.41,132.00,1270.00,0,0,0
2023-09-13T01:36:04Z,27.73,57.31,99,0,51.67,101.41,149.00,1380.00,null,null,null
2023-09-13T01:37:04Z,27.75,57.31,99,0,50.97,101.42,149.00,1380.00,null,null,null
2023-09-13T01:38:04Z,27.76,57.29,99,0,48.81,101.41,134.00,1281.00,null,null,null
2023-09-13T01:39:04Z,27.75,57.27,99,0,50.55,101.41,129.00,1252.00,null,null,null
2023-09-13T01:40:04Z,27.72,57.26,99,0,49.53,101.42,129.00,1252.00,0,0,0
2023-09-13T01:41:04Z,27.76,57.18,99,0,54.68,101.41,144.00,1349.00,null,null,null
2023-09-13T01:42:04Z,27.75,57.10,99,0,50.23,101.42,129.00,1252.00,null,null,null
2023-09-13T01:43:04Z,27.75,57.01,99,0,55.39,101.42,128.00,1242.00,null,null,null
2023-09-13T01:44:04Z,27.75,57.01,99,0,52.06,101.42,128.00,1242.00,null,null,null
2023-09-13T01:45:04Z,27.73,57.00,99,0,52.88,101.42,126.00,1228.00,0,0,0
2023-09-13T01:46:04Z,27.73,56.95,99,0,51.65,101.42,140.00,1321.00,null,null,null
2023-09-13T01:47:04Z,27.76,56.90,99,0,51.26,101.43,140.00,1321.00,null,null,null
2023-09-13T01:48:04Z,27.76,56.86,99,0,54.55,101.42,123.00,1212.00,null,null,null
2023-09-13T01:49:04Z,27.75,56.92,99,0,54.06,101.43,123.00,1212.00,null,null,null
2023-09-13T01:50:04Z,27.71,56.92,99,0,53.13,101.43,123.00,1212.00,0,0,0
2023-09-13T01:51:04Z,27.76,56.91,99,0,52.12,101.42,138.00,1307.00,null,null,null
2023-09-13T01:52:04Z,27.73,56.92,99,0,47.42,101.43,121.00,1198.00,null,null,null
2023-09-13T01:53:04Z,27.76,56.96,99,0,54.01,101.42,211.00,1556.00,null,null,null
2023-09-13T01:54:04Z,27.73,56.91,99,0,51.46,101.43,219.00,1566.00,null,null,null
2023-09-13T01:55:04Z,27.72,56.95,99,0,49.44,101.43,264.00,1620.00,0,0,0
2023-09-13T01:56:04Z,27.75,56.90,99,0,52.69,101.42,281.00,1640.00,null,null,null
2023-09-13T01:57:04Z,27.76,56.88,99,0,50.70,101.43,265.00,1621.00,null,null,null
2023-09-13T01:58:04Z,27.73,56.76,99,0,54.19,101.43,272.00,1629.00,null,null,null
2023-09-13T01:59:04Z,27.73,56.76,99,0,50.90,101.43,302.00,1664.00,null,null,null
2023-09-13T02:00:04Z,27.72,56.75,99,0,54.06,101.43,302.00,1664.00,0,0,0
2023-09-13T02:01:04Z,27.75,56.68,99,0,54.17,101.43,302.00,1664.00,null,null,null
2023-09-13T02:02:04Z,27.73,56.72,99,0,50.98,101.42,279.00,1637.00,null,null,null
2023-09-13T02:03:04Z,27.75,56.63,99,0,52.67,101.43,305.00,1667.00,null,null,null
2023-09-13T02:04:04Z,27.72,56.61,99,0,49.73,101.43,271.00,1628.00,null,null,null
2023-09-13T02:05:04Z,27.73,56.64,99,0,51.29,101.43,297.00,1659.00,0,0,0
2023-09-13T02:06:04Z,27.75,56.65,99,0,50.58,101.43,293.00,1654.00,null,null,null
2023-09-13T02:07:04Z,27.75,56.56,99,0,49.91,101.43,263.00,1619.00,null,null,null
2023-09-13T02:08:04Z,27.76,56.60,99,0,50.81,101.43,255.00,1611.00,null,null,null
2023-09-13T02:09:04Z,27.73,56.52,99,0,53.59,101.43,249.00,1604.00,null,null,null
2023-09-13T02:10:04Z,27.72,56.52,99,0,51.29,101.43,270.00,1628.00,0,0,0
2023-09-13T02:11:04Z,27.72,56.53,99,0,52.79,101.43,265.00,1621.00,null,null,null
2023-09-13T02:12:04Z,27.75,56.55,99,0,55.53,101.44,265.00,1621.00,null,null,null
2023-09-13T02:13:04Z,27.75,56.43,99,0,50.88,101.44,231.00,1583.00,null,null,null
2023-09-13T02:14:04Z,27.73,56.52,99,0,49.37,101.43,226.00,1576.00,null,null,null
2023-09-13T02:15:04Z,27.71,56.57,99,0,54.35,101.44,243.00,1598.00,0,0,0
2023-09-13T02:16:04Z,27.72,56.51,99,0,49.40,101.44,236.00,1591.00,null,null,null
2023-09-13T02:17:04Z,27.73,56.44,99,0,51.50,101.44,236.00,1591.00,null,null,null
2023-09-13T02:18:04Z,27.73,56.46,99,0,47.78,101.44,233.00,1586.00,null,null,null
2023-09-13T02:19:04Z,27.73,56.47,99,0,55.22,101.44,226.00,1576.00,null,null,null
2023-09-13T02:20:04Z,27.71,56.47,99,0,53.12,101.44,223.00,1572.00,0,0,0
2023-09-13T02:21:04Z,27.71,56.43,99,0,53.25,101.45,216.00,1562.00,null,null,null
2023-09-13T02:22:04Z,27.73,56.51,99,0,54.28,101.45,214.00,1560.00,null,null,null
2023-09-13T02:23:04Z,27.73,56.53,99,0,52.69,101.45,210.00,1556.00,null,null,null
2023-09-13T02:24:04Z,27.72,56.56,99,0,55.49,101.45,201.00,1543.00,null,null,null
2023-09-13T02:25:04Z,27.72,56.60,99,0,52.87,101.45,198.00,1538.00,0,0,0
2023-09-13T02:26:04Z,27.73,56.52,99,0,50.48,101.45,198.00,1538.00,null,null,null
2023-09-13T02:27:04Z,27.72,56.51,99,0,49.47,101.45,192.00,1530.00,null,null,null
2023-09-13T02:28:04Z,27.72,56.54,99,0,53.95,101.45,189.00,1526.00,null,null,null
2023-09-13T02:29:04Z,27.72,56.54,99,0,52.75,101.45,189.00,1526.00,null,null,null
2023-09-13T02:30:04Z,27.71,56.63,99,0,51.88,101.45,185.00,1520.00,0,0,0
2023-09-13T02:31:04Z,27.72,56.71,99,0,51.26,101.45,181.00,1514.00,null,null,null
2023-09-13T02:32:04Z,27.76,56.69,99,0,52.10,101.46,178.00,1509.00,null,null,null
2023-09-13T02:33:04Z,27.75,56.70,99,0,50.61,101.47,156.00,1429.00,null,null,null
2023-09-13T02:34:04Z,27.75,56.76,99,0,48.88,101.46,152.00,1404.00,null,null,null
2023-09-13T02:35:04Z,27.73,56.80,99,0,51.62,101.47,150.00,1385.00,0,0,0
2023-09-13T02:36:04Z,27.72,56.98,99,0,55.71,101.46,166.00,1495.00,null,null,null
2023-09-13T02:37:04Z,27.76,57.03,99,0,53.23,101.46,164.00,1478.00,null,null,null
2023-09-13T02:38:04Z,27.73,57.01,99,0,51.65,101.47,145.00,1352.00,null,null,null
2023-09-13T02:39:04Z,27.73,57.06,99,0,55.57,101.47,161.00,1462.00,null,null,null
2023-09-13T02:40:04Z,27.73,57.15,99,0,50.10,101.47,159.00,1445.00,0,0,0
2023-09-13T02:41:04Z,27.75,57.13,99,0,53.19,101.48,159.00,1445.00,null,null,null
2023-09-13T02:42:04Z,27.75,56.91,99,0,51.78,101.48,140.00,1321.00,null,null,null
2023-09-13T02:43:04Z,27.76,57.22,99,0,52.74,101.47,136.00,1295.00,null,null,null
2023-09-13T02:44:04Z,27.75,57.18,99,0,48.95,101.48,134.00,1285.00,null,null,null
2023-09-13T02:45:04Z,27.72,57.10,99,0,49.96,101.48,134.00,1285.00,0,0,0
2023-09-13T02:46:04Z,27.75,57.01,99,0,49.51,101.47,150.00,1385.00,null,null,null
2023-09-13T02:47:04Z,27.78,57.03,99,0,51.31,101.47,131.00,1266.00,null,null,null
2023-09-13T02:48:04Z,27.76,57.11,99,0,52.51,101.47,129.00,1252.00,null,null,null
2023-09-13T02:49:04Z,27.73,57.12,99,0,51.83,101.47,128.00,1242.00,null,null,null
2023-09-13T02:50:04Z,27.75,57.06,99,0,51.63,101.48,142.00,1338.00,0,0,0
2023-09-13T02:51:04Z,27.75,57.02,99,0,50.95,101.47,128.00,1242.00,null,null,null
2023-09-13T02:52:04Z,27.75,56.95,99,0,51.99,101.47,126.00,1228.00,null,null,null
2023-09-13T02:53:04Z,27.75,56.91,99,0,52.15,101.47,126.00,1228.00,null,null,null
2023-09-13T02:54:04Z,27.75,56.83,99,0,52.41,101.47,123.00,1212.00,null,null,null
2023-09-13T02:55:04Z,27.75,56.82,99,0,51.11,101.47,121.00,1198.00,0,0,0
2023-09-13T02:56:04Z,27.76,56.63,99,0,54.13,101.47,119.00,1184.00,null,null,null
2023-09-13T02:57:04Z,27.76,56.62,99,0,57.09,101.47,121.00,1195.00,null,null,null
2023-09-13T02:58:04Z,27.73,56.58,99,0,52.49,101.46,120.00,1188.00,null,null,null
2023-09-13T02:59:04Z,27.73,56.56,99,0,51.73,101.47,134.00,1281.00,null,null,null
