TIME,TEMP,HUM,BATT,LIGHT,NOISE_A,PRESS,CCS811_VOCS,CCS811_ECO2,PM_1,PM_25,PM_10
ISO 8601,C,%,%,Lux,dBA,kPa,ppb,ppm,ug/m3,ug/m3,ug/m3
Time,Temperature,Humidity,Battery,Light,Noise dBA,Barometric pressure,VOC Gas CCS811,eCO2 Gas CCS811,PM 1.0,PM 2.5,PM 10.0
,55,56,10,14,53,58,113,112,89,87,88
2023-08-16T00:00:04Z,24.78,62.36,99,0,37.77,101.91,57.00,776.00,2,2,2
2023-08-16T00:01:04Z,24.79,62.43,99,0,37.78,101.91,56.00,768.00,null,null,null
2023-08-16T00:02:04Z,24.79,62.40,99,0,29.00,101.91,57.00,776.00,null,null,null
2023-08-16T00:03:04Z,24.79,62.43,99,0,45.10,101.91,57.00,776.00,null,null,null
2023-08-16T00:04:04Z,24.78,62.46,99,0,42.18,101.91,59.00,791.00,null,null,null
2023-08-16T00:05:04Z,24.76,62.43,99,0,36.19,101.91,59.00,791.00,5,5,5
2023-08-16T00:06:04Z,24.79,62.51,99,0,35.39,101.91,57.00,776.00,null,null,null
2023-08-16T00:07:04Z,24.81,62.54,99,0,49.15,101.91,57.00,776.00,null,null,null
2023-08-16T00:08:04Z,24.79,62.12,99,0,26.78,101.91,57.00,776.00,null,null,null
2023-08-16T00:09:04Z,24.79,62.46,99,0,36.88,101.91,55.00,765.00,null,null,null
2023-08-16T00:10:04Z,24.75,62.55,99,0,38.56,101.91,57.00,776.00,3,3,3
2023-08-16T00:11:04Z,24.78,62.49,99,0,31.48,101.91,57.00,776.00,null,null,null
2023-08-16T00:12:04Z,24.79,62.60,99,0,31.78,101.91,57.00,776.00,null,null,null
2023-08-16T00:13:04Z,24.81,62.63,99,0,32.94,101.91,59.00,791.00,null,null,null
2023-08-16T00:14:04Z,24.79,62.49,99,0,40.34,101.91,59.00,791.00,null,null,null
2023-08-16T00:15:04Z,24.79,62.50,99,0,37.78,101.91,59.00,791.00,3,3,3
2023-08-16T00:16:04Z,24.78,62.64,99,0,29.49,101.91,57.00,776.00,null,null,null
2023-08-16T00:17:04Z,24.84,62.66,99,0,41.95,101.91,57.00,776.00,null,null,null
2023-08-16T00:18:04Z,24.81,62.61,99,0,33.80,101.90,59.00,791.00,null,null,null
2023-08-16T00:19:04Z,24.81,62.52,99,0,29.99,101.91,60.00,800.00,null,null,null
2023-08-16T00:20:04Z,24.79,62.60,98,0,29.55,101.90,60.00,800.00,0,0,0
2023-08-16T00:21:04Z,24.81,62.67,99,0,46.43,101.90,59.00,791.00,null,null,null
2023-08-16T00:22:04Z,24.81,62.52,99,0,60.76,101.90,59.00,791.00,null,null,null
2023-08-16T00:23:04Z,24.81,62.60,99,0,42.30,101.90,59.00,791.00,null,null,null
2023-08-16T00:24:04Z,24.81,62.65,99,0,54.65,101.90,57.00,776.00,null,null,null
2023-08-16T00:25:04Z,24.79,62.66,99,0,35.07,101.90,59.00,791.00,1,1,1
2023-08-16T00:26:04Z,24.82,62.67,99,0,27.71,101.90,59.00,791.00,null,null,null
2023-08-16T00:27:04Z,24.82,62.66,99,0,33.24,101.90,57.00,776.00,null,null,null
2023-08-16T00:28:04Z,24.82,62.73,99,0,35.49,101.90,59.00,791.00,null,null,null
2023-08-16T00:29:04Z,24.81,62.73,99,0,47.58,101.90,60.00,800.00,null,null,null
2023-08-16T00:30:04Z,24.79,62.74,99,0,30.76,101.90,62.00,808.00,2,2,2
2023-08-16T00:31:04Z,24.81,62.76,99,0,41.97,101.90,60.00,800.00,null,null,null
2023-08-16T00:32:04Z,24.82,62.68,99,0,45.88,101.90,59.00,791.00,null,null,null
2023-08-16T00:33:04Z,24.81,62.58,99,0,48.40,101.90,57.00,776.00,null,null,null
2023-08-16T00:34:04Z,24.81,62.70,99,0,34.05,101.90,59.00,791.00,null,null,null
2023-08-16T00:35:04Z,24.79,62.74,99,0,40.81,101.90,59.00,791.00,1,1,6
2023-08-16T00:36:04Z,24.82,62.75,99,0,46.52,101.90,57.00,776.00,null,null,null
2023-08-16T00:37:04Z,24.85,62.93,99,0,45.41,101.90,57.00,780.00,null,null,null
2023-08-16T00:38:04Z,24.84,62.82,99,0,40.03,101.90,59.00,791.00,null,null,null
2023-08-16T00:39:04Z,24.81,62.43,99,0,33.71,101.90,54.00,759.00,null,null,null
2023-08-16T00:40:04Z,24.79,62.61,99,0,34.62,101.90,53.00,749.00,3,3,3
2023-08-16T00:41:04Z,24.82,62.64,99,0,44.99,101.90,53.00,749.00,null,null,null
2023-08-16T00:42:04Z,24.82,62.71,99,0,30.26,101.89,51.00,740.00,null,null,null
2023-08-16T00:43:04Z,24.79,62.72,99,0,32.89,101.90,54.00,759.00,null,null,null
2023-08-16T00:44:04Z,24.78,62.82,99,0,40.02,101.89,53.00,749.00,null,null,null
2023-08-16T00:45:04Z,24.78,62.77,99,0,30.49,101.90,52.00,742.00,5,5,5
2023-08-16T00:46:04Z,24.76,62.92,99,0,37.16,101.89,53.00,749.00,null,null,null
2023-08-16T00:47:04Z,24.82,62.99,99,0,44.10,101.89,54.00,759.00,null,null,null
2023-08-16T00:48:04Z,24.81,62.77,99,0,43.13,101.89,52.00,742.00,null,null,null
2023-08-16T00:49:04Z,24.79,62.87,99,0,46.56,101.89,52.00,742.00,null,null,null
2023-08-16T00:50:04Z,24.79,62.85,99,0,46.71,101.89,52.00,742.00,4,4,4
2023-08-16T00:51:04Z,24.79,63.04,98,0,37.44,101.89,52.00,742.00,null,null,null
2023-08-16T00:52:04Z,24.79,62.91,99,0,43.19,101.89,52.00,742.00,null,null,null
2023-08-16T00:53:04Z,24.76,63.08,99,0,44.20,101.89,53.00,749.00,null,null,null
2023-08-16T00:54:04Z,24.79,62.94,99,0,34.78,101.89,53.00,749.00,null,null,null
2023-08-16T00:55:04Z,24.78,62.96,99,0,32.87,101.89,52.00,742.00,3,3,3
2023-08-16T00:56:04Z,24.78,63.12,99,0,30.11,101.89,53.00,749.00,null,null,null
2023-08-16T00:57:04Z,24.82,63.10,99,0,45.77,101.89,54.00,759.00,null,null,null
2023-08-16T00:58:04Z,24.81,63.05,99,0,31.74,101.89,54.00,759.00,null,null,null
2023-08-16T00:59:04Z,24.79,63.08,99,0,35.79,101.89,54.00,759.00,null,null,null
2023-08-16T01:00:04Z,24.79,63.02,99,0,40.24,101.89,56.00,768.00,4,4,4
2023-08-16T01:01:04Z,24.79,63.06,99,0,37.76,101.89,54.00,759.00,null,null,null
2023-08-16T01:02:04Z,24.82,63.03,99,0,40.30,101.89,56.00,768.00,null,null,null
2023-08-16T01:03:04Z,24.79,62.95,99,0,42.37,101.89,53.00,749.00,null,null,null
2023-08-16T01:04:04Z,24.78,62.99,99,0,36.50,101.89,54.00,759.00,null,null,null
2023-08-16T01:05:04Z,24.81,63.02,99,0,33.17,101.89,54.00,759.00,1,1,1
2023-08-16T01:06:04Z,24.78,63.05,99,0,33.62,101.89,53.00,749.00,null,null,null
2023-08-16T01:07:04Z,24.82,63.04,99,0,31.30,101.89,53.00,749.00,null,null,null
2023-08-16T01:08:04Z,24.81,63.08,99,0,29.73,101.89,52.00,742.00,null,null,null
2023-08-16T01:09:04Z,24.79,62.99,98,0,48.77,101.89,52.00,742.00,null,null,null
2023-08-16T01:10:04Z,24.78,63.19,99,0,37.26,101.89,52.00,742.00,3,3,3
2023-08-16T01:11:04Z,24.82,63.09,99,0,40.77,101.89,50.00,732.00,null,null,null
2023-08-16T01:12:04Z,24.79,63.05,99,0,30.85,101.89,52.00,742.00,null,null,null
2023-08-16T01:13:04Z,24.81,63.12,99,0,38.98,101.89,52.00,742.00,null,null,null
2023-08-16T01:14:04Z,24.81,63.14,99,0,43.42,101.89,52.00,742.00,null,null,null
2023-08-16T01:15:04Z,24.76,63.00,99,0,42.04,101.89,50.00,732.00,7,9,9
2023-08-16T01:16:04Z,24.78,63.12,99,0,46.45,101.89,50.00,732.00,null,null,null
2023-08-16T01:17:04Z,24.81,63.13,99,0,32.86,101.89,50.00,732.00,null,null,null
2023-08-16T01:18:04Z,24.79,63.26,99,0,31.96,101.89,52.00,742.00,null,null,null
2023-08-16T01:19:04Z,24.79,63.28,99,0,34.83,101.89,50.00,733.00,null,null,null
2023-08-16T01:20:04Z,24.79,63.44,99,0,36.77,101.89,52.00,742.00,4,4,10
2023-08-16T01:21:04Z,24.81,63.33,99,0,38.60,101.90,54.00,759.00,null,null,null
2023-08-16T01:22:04Z,24.81,63.41,99,0,43.32,101.90,53.00,749.00,null,null,null
2023-08-16T01:23:04Z,24.82,63.43,99,0,42.86,101.90,53.00,749.00,null,null,null
2023-08-16T01:24:04Z,24.78,63.53,99,0,38.52,101.90,53.00,749.00,null,null,null
2023-08-16T01:25:04Z,24.81,63.53,99,0,45.07,101.90,54.00,759.00,3,3,3
2023-08-16T01:26:04Z,24.81,63.53,99,0,38.48,101.91,52.00,742.00,null,null,null
2023-08-16T01:27:04Z,24.81,63.39,99,0,40.31,101.91,52.00,742.00,null,null,null
2023-08-16T01:28:04Z,24.82,63.51,99,0,45.05,101.91,52.00,742.00,null,null,null
2023-08-16T01:29:04Z,24.78,63.44,99,0,33.57,101.91,52.00,742.00,null,null,null
2023-08-16T01:30:04Z,24.79,63.66,99,0,32.83,101.91,52.00,742.00,7,9,9
2023-08-16T01:31:04Z,24.79,63.64,99,0,39.36,101.91,59.00,791.00,null,null,null
2023-08-16T01:32:04Z,24.81,63.30,99,0,34.99,101.91,54.00,759.00,null,null,null
2023-08-16T01:33:04Z,24.79,63.19,99,0,28.42,101.91,50.00,733.00,null,null,null
2023-08-16T01:34:04Z,24.78,63.29,99,0,40.70,101.90,53.00,749.00,null,null,null
2023-08-16T01:35:04Z,24.78,63.52,99,0,31.67,101.90,50.00,733.00,1,3,3
2023-08-16T01:36:04Z,24.79,63.46,99,0,33.91,101.90,47.00,714.00,null,null,null
2023-08-16T01:37:04Z,24.78,63.51,99,0,43.33,101.90,47.00,714.00,null,null,null
2023-08-16T01:38:04Z,24.79,63.35,99,0,46.36,101.91,47.00,714.00,null,null,null
2023-08-16T01:39:04Z,24.76,63.26,99,0,30.81,101.90,47.00,710.00,null,null,null
2023-08-16T01:40:04Z,24.75,63.42,99,0,39.26,101.91,47.00,710.00,6,6,6
2023-08-16T01:41:04Z,24.75,63.48,99,0,46.25,101.91,46.00,702.00,null,null,null
2023-08-16T01:42:04Z,24.76,63.46,99,0,29.76,101.91,47.00,710.00,null,null,null
2023-08-16T01:43:04Z,24.78,63.42,99,0,41.24,101.91,47.00,714.00,null,null,null
2023-08-16T01:44:04Z,24.76,63.39,99,0,42.46,101.91,47.00,714.00,null,null,null
2023-08-16T01:45:04Z,24.75,63.35,99,0,43.45,101.91,46.00,702.00,3,3,3
2023-08-16T01:46:04Z,24.76,63.42,99,0,32.11,101.90,45.00,697.00,null,null,null
2023-08-16T01:47:04Z,24.76,63.42,99,0,42.81,101.91,46.00,702.00,null,null,null
2023-08-16T01:48:04Z,24.72,63.43,99,0,46.94,101.91,46.00,702.00,null,null,null
2023-08-16T01:49:04Z,24.75,63.47,99,0,30.01,101.91,54.00,757.00,null,null,null
2023-08-16T01:50:04Z,24.75,63.50,99,0,38.92,101.91,46.00,702.00,5,6,6
2023-08-16T01:51:04Z,24.75,63.43,99,0,45.41,101.91,45.00,697.00,null,null,null
2023-08-16T01:52:04Z,24.75,63.40,99,0,47.85,101.91,45.00,697.00,null,null,null
2023-08-16T01:53:04Z,24.75,63.42,99,0,39.10,101.91,45.00,697.00,null,null,null
2023-08-16T01:54:04Z,24.74,63.40,99,0,43.18,101.91,45.00,697.00,null,null,null
2023-08-16T01:55:04Z,24.74,63.35,99,0,42.20,101.91,53.00,749.00,6,6,6
2023-08-16T01:56:04Z,24.74,63.46,99,0,42.68,101.91,53.00,749.00,null,null,null
2023-08-16T01:57:04Z,24.72,63.35,99,0,43.75,101.91,51.00,740.00,null,null,null
2023-08-16T01:58:04Z,24.75,63.33,99,0,32.30,101.91,51.00,740.00,null,null,null
2023-08-16T01:59:04Z,24.74,63.27,99,0,37.02,101.91,41.00,672.00,null,null,null
2023-08-16T02:00:04Z,24.72,63.37,99,0,45.99,101.91,49.00,726.00,3,4,4
2023-08-16T02:01:04Z,24.74,63.14,99,0,31.22,101.92,55.00,765.00,null,null,null
2023-08-16T02:02:04Z,24.75,63.19,99,0,33.15,101.91,55.00,765.00,null,null,null
2023-08-16T02:03:04Z,24.76,63.12,99,0,33.62,101.91,44.00,694.00,null,null,null
2023-08-16T02:04:04Z,24.70,62.88,99,0,29.69,101.91,42.00,679.00,null,null,null
2023-08-16T02:05:04Z,24.70,63.18,99,0,28.47,101.91,50.00,733.00,3,3,3
2023-08-16T02:06:04Z,24.70,63.53,99,0,39.77,101.91,52.00,742.00,null,null,null
2023-08-16T02:07:04Z,24.71,63.58,99,0,26.78,101.91,53.00,749.00,null,null,null
2023-08-16T02:08:04Z,24.72,63.78,99,0,34.41,101.91,53.00,749.00,null,null,null
2023-08-16T02:09:04Z,24.70,63.93,99,0,35.78,101.91,53.00,749.00,null,null,null
2023-08-16T02:10:04Z,24.67,63.63,99,0,29.64,101.91,61.00,806.00,5,8,8
2023-08-16T02:11:04Z,24.70,63.80,99,0,37.33,101.92,71.00,870.00,null,null,null
2023-08-16T02:12:04Z,24.71,63.84,99,0,44.94,101.92,67.00,846.00,null,null,null
2023-08-16T02:13:04Z,24.70,63.87,99,0,36.87,101.91,67.00,846.00,null,null,null
2023-08-16T02:14:04Z,24.71,63.74,99,0,28.09,101.91,67.00,846.00,null,null,null
2023-08-16T02:15:04Z,24.72,63.80,99,0,39.96,101.91,67.00,844.00,1,2,2
2023-08-16T02:16:04Z,24.72,63.85,99,0,50.27,101.91,65.00,832.00,null,null,null
2023-08-16T02:17:04Z,24.75,63.66,99,0,31.02,101.91,66.00,836.00,null,null,null
2023-08-16T02:18:04Z,24.72,63.55,99,0,28.89,101.91,56.00,772.00,null,null,null
2023-08-16T02:19:04Z,24.74,63.61,99,0,32.40,101.91,65.00,830.00,null,null,null
2023-08-16T02:20:04Z,24.71,63.71,99,0,34.02,101.91,64.00,821.00,4,4,4
2023-08-16T02:21:04Z,24.76,63.61,99,0,30.29,101.91,64.00,821.00,null,null,null
2023-08-16T02:22:04Z,24.76,63.64,99,0,28.70,101.91,54.00,757.00,null,null,null
2023-08-16T02:23:04Z,24.72,63.48,99,0,47.76,101.91,53.00,748.00,null,null,null
2023-08-16T02:24:04Z,24.74,63.55,99,0,29.50,101.91,61.00,804.00,null,null,null
2023-08-16T02:25:04Z,24.74,63.64,99,0,40.86,101.91,61.00,804.00,4,4,4
2023-08-16T02:26:04Z,24.75,63.80,99,0,49.95,101.92,60.00,798.00,null,null,null
2023-08-16T02:27:04Z,24.74,63.76,99,0,45.47,101.92,58.00,787.00,null,null,null
2023-08-16T02:28:04Z,24.76,63.75,99,0,47.63,101.92,66.00,836.00,null,null,null
2023-08-16T02:29:04Z,24.74,63.76,99,0,32.02,101.91,54.00,759.00,null,null,null
2023-08-16T02:30:04Z,24.74,63.86,99,0,27.92,101.91,63.00,815.00,2,3,3
2023-08-16T02:31:04Z,24.74,63.89,99,0,39.34,101.91,65.00,832.00,null,null,null
2023-08-16T02:32:04Z,24.75,63.80,99,0,37.05,101.91,65.00,832.00,null,null,null
2023-08-16T02:33:04Z,24.74,63.56,98,0,33.70,101.91,53.00,749.00,null,null,null
2023-08-16T02:34:04Z,24.72,63.61,99,0,45.27,101.91,62.00,813.00,null,null,null
2023-08-16T02:35:04Z,24.74,63.73,99,0,29.74,101.91,61.00,804.00,2,2,2
2023-08-16T02:36:04Z,24.72,63.84,99,0,28.02,101.92,61.00,804.00,null,null,null
2023-08-16T02:37:04Z,24.72,63.74,99,0,40.52,101.92,61.00,806.00,null,null,null
2023-08-16T02:38:04Z,24.75,63.55,99,0,42.33,101.92,62.00,813.00,null,null,null
2023-08-16T02:39:04Z,24.74,63.59,99,0,30.13,101.92,52.00,742.00,null,null,null
2023-08-16T02:40:04Z,24.74,63.60,99,0,33.52,101.92,58.00,787.00,3,3,3
2023-08-16T02:41:04Z,24.75,63.59,99,0,46.47,101.92,58.00,787.00,null,null,null
2023-08-16T02:42:04Z,24.75,63.67,99,0,43.39,101.92,50.00,733.00,null,null,null
2023-08-16T02:43:04Z,24.75,63.61,99,0,40.29,101.92,49.00,726.00,null,null,null
2023-08-16T02:44:04Z,24.74,63.64,99,0,47.84,101.92,49.00,726.00,null,null,null
2023-08-16T02:45:04Z,24.74,63.66,99,0,43.94,101.92,56.00,770.00,7,7,7
2023-08-16T02:46:04Z,24.76,63.46,99,0,42.06,101.92,56.00,770.00,null,null,null
2023-08-16T02:47:04Z,24.76,63.41,99,0,40.71,101.92,46.00,702.00,null,null,null
2023-08-16T02:48:04Z,24.74,63.56,99,0,35.38,101.92,140.00,1321.00,null,null,null
2023-08-16T02:49:04Z,24.74,63.64,99,0,37.79,101.92,158.00,1441.00,null,null,null
2023-08-16T02:50:04Z,24.72,63.78,99,0,45.56,101.92,143.00,1341.00,3,3,3
2023-08-16T02:51:04Z,24.75,63.85,98,0,35.62,101.92,128.00,1242.00,null,null,null
2023-08-16T02:52:04Z,24.75,63.81,99,0,29.21,101.92,108.00,1113.00,null,null,null
2023-08-16T02:53:04Z,24.74,64.12,99,0,42.58,101.92,97.00,1041.00,null,null,null
2023-08-16T02:54:04Z,24.74,64.71,99,0,42.09,101.93,109.00,1118.00,null,null,null
2023-08-16T02:55:04Z,24.72,64.98,99,0,44.57,101.92,112.00,1140.00,5,5,5
2023-08-16T02:56:04Z,24.75,64.84,99,0,48.54,101.93,110.00,1128.00,null,null,null
2023-08-16T02:57:04Z,24.81,64.81,99,0,43.98,101.92,97.00,1038.00,null,null,null
2023-08-16T02:58:04Z,24.82,64.88,99,0,40.23,101.93,93.00,1017.00,null,null,null
2023-08-16T02:59:04Z,24.79,64.87,99,0,41.31,101.93,93.00,1017.00,null,null,null
