TIME,TEMP,HUM,BATT,LIGHT,NOISE_A,PRESS,CCS811_VOCS,CCS811_ECO2,PM_1,PM_25,PM_10
ISO 8601,C,%,%,Lux,dBA,kPa,ppb,ppm,ug/m3,ug/m3,ug/m3
Time,Temperature,Humidity,Battery,Light,Noise dBA,Barometric pressure,VOC Gas CCS811,eCO2 Gas CCS811,PM 1.0,PM 2.5,PM 10.0
,55,56,10,14,53,58,113,112,89,87,88
2023-08-30T00:00:04Z,24.72,64.13,99,0,40.55,100.51,220.00,1567.00,0,0,0
2023-08-30T00:01:04Z,24.71,64.12,99,0,48.18,100.51,209.00,1555.00,null,null,null
2023-08-30T00:02:04Z,24.72,64.09,99,0,45.41,100.51,217.00,1563.00,null,null,null
2023-08-30T00:03:04Z,24.71,64.13,99,0,41.53,100.51,212.00,1559.00,null,null,null
2023-08-30T00:04:04Z,24.70,64.20,99,0,42.04,100.51,212.00,1559.00,null,null,null
2023-08-30T00:05:04Z,24.72,64.35,99,0,42.48,100.51,212.00,1559.00,0,0,0
2023-08-30T00:06:04Z,24.72,64.28,99,0,40.69,100.51,216.00,1562.00,null,null,null
2023-08-30T00:07:04Z,24.71,64.14,99,0,48.25,100.51,211.00,1556.00,null,null,null
2023-08-30T00:08:04Z,24.72,64.26,99,0,42.70,100.51,209.00,1555.00,null,null,null
2023-08-30T00:09:04Z,24.71,64.17,99,0,45.99,100.51,211.00,1556.00,null,null,null
2023-08-30T00:10:04Z,24.70,64.16,99,0,42.89,100.52,212.00,1559.00,0,0,0
2023-08-30T00:11:04Z,24.72,64.35,99,0,39.43,100.51,212.00,1559.00,null,null,null
2023-08-30T00:12:04Z,24.71,64.17,99,0,42.77,100.52,208.00,1552.00,null,null,null
2023-08-30T00:13:04Z,24.72,64.40,99,0,45.46,100.52,205.00,1547.00,null,null,null
2023-08-30T00:14:04Z,24.72,64.44,99,0,42.44,100.52,204.00,1546.00,null,null,null
2023-08-30T00:15:04Z,24.71,64.40,99,0,42.82,100.52,208.00,1552.00,0,0,0
2023-08-30T00:16:04Z,24.72,64.40,99,0,38.76,100.52,208.00,1552.00,null,null,null
2023-08-30T00:17:04Z,24.72,64.36,99,0,48.70,100.51,204.00,1546.00,null,null,null
2023-08-30T00:18:04Z,24.70,64.47,99,0,44.26,100.52,204.00,1546.00,null,null,null
2023-08-30T00:19:04Z,24.71,64.48,99,0,45.93,100.51,208.00,1552.00,null,null,null
2023-08-30T00:20:04Z,24.68,64.59,99,0,41.95,100.52,208.00,1552.00,0,0,0
2023-08-30T00:21:04Z,24.71,64.57,99,0,45.77,100.52,204.00,1546.00,null,null,null
2023-08-30T00:22:04Z,24.74,64.59,99,0,45.48,100.51,204.00,1546.00,null,null,null
2023-08-30T00:23:04Z,24.72,64.54,99,0,42.06,100.51,208.00,1552.00,null,null,null
2023-08-30T00:24:04Z,24.70,64.71,99,0,44.14,100.51,211.00,1556.00,null,null,null
2023-08-30T00:25:04Z,24.71,64.67,99,0,43.61,100.51,208.00,1552.00,0,0,0
2023-08-30T00:26:04Z,24.72,64.75,99,0,49.39,100.51,211.00,1556.00,null,null,null
2023-08-30T00:27:04Z,24.72,64.60,99,0,44.68,100.52,205.00,1547.00,null,null,null
2023-08-30T00:28:04Z,24.75,64.74,99,0,44.50,100.51,211.00,1556.00,null,null,null
2023-08-30T00:29:04Z,24.74,64.79,99,0,46.04,100.51,192.00,1530.00,null,null,null
2023-08-30T00:30:04Z,24.71,64.72,99,0,39.65,100.51,215.00,1560.00,0,1,1
2023-08-30T00:31:04Z,24.71,64.80,99,0,47.75,100.51,216.00,1562.00,null,null,null
2023-08-30T00:32:04Z,24.74,64.75,99,0,43.48,100.51,215.00,1560.00,null,null,null
2023-08-30T00:33:04Z,24.72,64.88,99,0,43.93,100.51,215.00,1560.00,null,null,null
2023-08-30T00:34:04Z,24.75,64.76,99,0,43.61,100.51,219.00,1566.00,null,null,null
2023-08-30T00:35:04Z,24.72,64.73,99,0,46.33,100.51,199.00,1540.00,0,0,0
2023-08-30T00:36:04Z,24.74,64.61,99,0,42.70,100.51,218.00,1564.00,null,null,null
2023-08-30T00:37:04Z,24.75,64.50,99,0,43.52,100.51,218.00,1564.00,null,null,null
2023-08-30T00:38:04Z,24.72,64.61,99,0,45.58,100.50,198.00,1539.00,null,null,null
2023-08-30T00:39:04Z,24.72,64.65,99,0,45.72,100.50,216.00,1562.00,null,null,null
2023-08-30T00:40:04Z,24.72,64.57,99,0,42.75,100.50,216.00,1562.00,0,0,0
2023-08-30T00:41:04Z,24.75,64.75,99,0,45.19,100.49,222.00,1571.00,null,null,null
2023-08-30T00:42:04Z,24.75,64.65,99,0,45.57,100.50,196.00,1535.00,null,null,null
2023-08-30T00:43:04Z,24.75,64.76,99,0,44.79,100.49,198.00,1539.00,null,null,null
2023-08-30T00:44:04Z,24.74,64.80,99,0,45.53,100.49,196.00,1535.00,null,null,null
2023-08-30T00:45:04Z,24.74,64.66,99,0,43.37,100.49,215.00,1560.00,0,0,0
2023-08-30T00:46:04Z,24.74,64.82,99,0,48.80,100.48,216.00,1562.00,null,null,null
2023-08-30T00:47:04Z,24.75,64.70,99,0,45.70,100.48,215.00,1560.00,null,null,null
2023-08-30T00:48:04Z,24.75,64.76,99,0,45.30,100.48,198.00,1539.00,null,null,null
2023-08-30T00:49:04Z,24.72,64.76,99,0,41.57,100.49,196.00,1535.00,null,null,null
2023-08-30T00:50:04Z,24.74,64.74,99,0,43.73,100.48,219.00,1566.00,0,0,0
2023-08-30T00:51:04Z,24.74,64.56,99,0,46.00,100.48,222.00,1571.00,null,null,null
2023-08-30T00:52:04Z,24.75,64.68,99,0,49.09,100.48,222.00,1571.00,null,null,null
2023-08-30T00:53:04Z,24.74,64.59,99,0,45.70,100.48,196.00,1536.00,null,null,null
2023-08-30T00:54:04Z,24.71,64.49,99,0,39.80,100.48,216.00,1562.00,null,null,null
2023-08-30T00:55:04Z,24.74,64.65,99,0,44.97,100.48,216.00,1562.00,0,0,0
2023-08-30T00:56:04Z,24.72,64.56,99,0,43.60,100.48,218.00,1564.00,null,null,null
2023-08-30T00:57:04Z,24.74,64.47,99,0,42.48,100.47,218.00,1564.00,null,null,null
2023-08-30T00:58:04Z,24.72,64.33,99,0,43.31,100.47,216.00,1562.00,null,null,null
2023-08-30T00:59:04Z,24.71,64.36,99,0,45.35,100.47,216.00,1562.00,null,null,null
2023-08-30T01:00:04Z,24.75,64.29,99,0,44.93,100.47,236.00,1590.00,0,0,0
2023-08-30T01:01:04Z,24.72,64.40,99,0,44.42,100.47,209.00,1555.00,null,null,null
2023-08-30T01:02:04Z,24.75,64.11,99,0,47.16,100.47,236.00,1590.00,null,null,null
2023-08-30T01:03:04Z,24.72,64.17,99,0,44.48,100.47,217.00,1563.00,null,null,null
2023-08-30T01:04:04Z,24.71,64.18,99,0,45.79,100.47,241.00,1594.00,null,null,null
2023-08-30T01:05:04Z,24.72,64.26,99,0,42.94,100.47,241.00,1594.00,0,0,0
2023-08-30T01:06:04Z,24.72,64.20,99,0,41.86,100.47,243.00,1598.00,null,null,null
2023-08-30T01:07:04Z,24.74,64.16,99,0,43.47,100.47,245.00,1599.00,null,null,null
2023-08-30T01:08:04Z,24.72,64.06,99,0,43.49,100.47,241.00,1594.00,null,null,null
2023-08-30T01:09:04Z,24.74,64.31,99,0,43.82,100.47,261.00,1616.00,null,null,null
2023-08-30T01:10:04Z,24.71,64.15,99,0,47.47,100.47,270.00,1628.00,0,0,0
2023-08-30T01:11:04Z,24.74,64.28,99,0,40.06,100.47,261.00,1616.00,null,null,null
2023-08-30T01:12:04Z,24.74,64.15,99,0,46.53,100.47,265.00,1623.00,null,null,null
2023-08-30T01:13:04Z,24.72,64.10,99,0,45.39,100.47,276.00,1633.00,null,null,null
2023-08-30T01:14:04Z,24.71,63.99,99,0,41.76,100.47,276.00,1633.00,null,null,null
2023-08-30T01:15:04Z,24.70,64.10,99,0,42.99,100.47,267.00,1624.00,0,2,2
2023-08-30T01:16:04Z,24.71,64.00,99,0,48.07,100.47,272.00,1629.00,null,null,null
2023-08-30T01:17:04Z,24.72,63.92,99,0,46.43,100.47,272.00,1629.00,null,null,null
2023-08-30T01:18:04Z,24.72,64.06,99,0,43.79,100.47,272.00,1629.00,null,null,null
2023-08-30T01:19:04Z,24.75,64.02,99,0,42.82,100.47,267.00,1624.00,null,null,null
2023-08-30T01:20:04Z,24.71,63.99,99,0,41.84,100.47,243.00,1598.00,0,0,0
2023-08-30T01:21:04Z,24.71,63.97,99,0,42.05,100.47,261.00,1616.00,null,null,null
2023-08-30T01:22:04Z,24.74,63.90,99,0,42.31,100.48,304.00,1665.00,null,null,null
2023-08-30T01:23:04Z,24.71,63.90,99,0,41.63,100.48,304.00,1665.00,null,null,null
2023-08-30T01:24:04Z,24.72,63.84,99,0,46.05,100.47,310.00,1671.00,null,null,null
2023-08-30T01:25:04Z,24.70,63.92,99,0,47.97,100.47,304.00,1665.00,0,0,0
2023-08-30T01:26:04Z,24.72,64.00,99,0,43.62,100.47,242.00,1595.00,null,null,null
2023-08-30T01:27:04Z,24.74,63.91,99,0,43.19,100.47,242.00,1595.00,null,null,null
2023-08-30T01:28:04Z,24.74,63.87,99,0,44.66,100.48,239.00,1594.00,null,null,null
2023-08-30T01:29:04Z,24.74,63.91,99,0,47.38,100.48,239.00,1594.00,null,null,null
2023-08-30T01:30:04Z,24.72,64.02,99,0,39.92,100.48,239.00,1594.00,0,0,0
2023-08-30T01:31:04Z,24.75,64.14,99,0,42.00,100.48,236.00,1590.00,null,null,null
2023-08-30T01:32:04Z,24.71,63.91,99,0,45.86,100.47,212.00,1557.00,null,null,null
2023-08-30T01:33:04Z,24.72,64.07,99,0,46.61,100.48,232.00,1585.00,null,null,null
2023-08-30T01:34:04Z,24.74,64.04,99,0,48.39,100.48,257.00,1612.00,null,null,null
2023-08-30T01:35:04Z,24.71,63.93,99,0,48.62,100.47,271.00,1628.00,0,0,0
2023-08-30T01:36:04Z,24.72,64.05,99,0,40.54,100.47,280.00,1638.00,null,null,null
2023-08-30T01:37:04Z,24.72,64.00,99,0,42.50,100.47,287.00,1647.00,null,null,null
2023-08-30T01:38:04Z,24.72,63.93,99,0,41.24,100.47,284.00,1642.00,null,null,null
2023-08-30T01:39:04Z,24.72,64.03,99,0,43.98,100.47,287.00,1647.00,null,null,null
2023-08-30T01:40:04Z,24.71,64.06,99,0,45.33,100.47,287.00,1647.00,0,0,0
2023-08-30T01:41:04Z,24.71,63.97,99,0,47.02,100.47,284.00,1642.00,null,null,null
2023-08-30T01:42:04Z,24.72,63.97,99,0,46.73,100.47,284.00,1642.00,null,null,null
2023-08-30T01:43:04Z,24.72,63.85,99,0,46.73,100.47,284.00,1642.00,null,null,null
2023-08-30T01:44:04Z,24.75,64.04,99,0,44.82,100.47,280.00,1638.00,null,null,null
2023-08-30T01:45:04Z,24.72,64.13,99,0,45.76,100.47,253.00,1607.00,0,0,0
2023-08-30T01:46:04Z,24.71,64.07,99,0,50.22,100.46,293.00,1654.00,null,null,null
2023-08-30T01:47:04Z,24.72,64.07,99,0,42.58,100.46,313.00,1674.00,null,null,null
2023-08-30T01:48:04Z,24.72,64.04,99,0,45.45,100.47,321.00,1682.00,null,null,null
2023-08-30T01:49:04Z,24.71,64.01,99,0,40.68,100.47,323.00,1685.00,null,null,null
2023-08-30T01:50:04Z,24.71,63.92,99,0,43.13,100.46,323.00,1685.00,1,1,1
2023-08-30T01:51:04Z,24.72,63.92,99,0,41.11,100.47,323.00,1685.00,null,null,null
2023-08-30T01:52:04Z,24.74,63.95,99,0,46.57,100.47,323.00,1685.00,null,null,null
2023-08-30T01:53:04Z,24.74,63.87,99,0,46.93,100.47,323.00,1685.00,null,null,null
2023-08-30T01:54:04Z,24.72,63.80,99,0,44.12,100.47,321.00,1682.00,null,null,null
2023-08-30T01:55:04Z,24.71,63.80,99,0,41.65,100.47,316.00,1677.00,0,0,0
2023-08-30T01:56:04Z,24.72,63.84,99,0,42.29,100.47,316.00,1677.00,null,null,null
2023-08-30T01:57:04Z,24.72,63.80,99,0,43.39,100.47,313.00,1674.00,null,null,null
2023-08-30T01:58:04Z,24.75,63.83,99,0,41.88,100.47,307.00,1668.00,null,null,null
2023-08-30T01:59:04Z,24.71,63.80,99,0,40.64,100.47,276.00,1633.00,null,null,null
2023-08-30T02:00:04Z,24.67,63.95,99,0,44.21,100.48,301.00,1663.00,1,1,1
2023-08-30T02:01:04Z,24.72,63.98,99,0,45.41,100.47,301.00,1663.00,null,null,null
2023-08-30T02:02:04Z,24.74,64.03,99,0,48.88,100.47,293.00,1654.00,null,null,null
2023-08-30T02:03:04Z,24.70,63.76,99,0,40.97,100.48,293.00,1654.00,null,null,null
2023-08-30T02:04:04Z,24.71,63.84,99,0,45.47,100.48,289.00,1650.00,null,null,null
2023-08-30T02:05:04Z,24.71,64.11,99,0,43.05,100.47,323.00,1685.00,0,0,0
2023-08-30T02:06:04Z,24.74,64.00,99,0,43.91,100.47,326.00,1687.00,null,null,null
2023-08-30T02:07:04Z,24.72,64.18,99,0,44.23,100.48,332.00,1694.00,null,null,null
2023-08-30T02:08:04Z,24.72,64.10,99,0,40.54,100.47,332.00,1694.00,null,null,null
2023-08-30T02:09:04Z,24.72,64.06,99,0,44.03,100.47,332.00,1694.00,null,null,null
2023-08-30T02:10:04Z,24.68,64.14,99,0,44.42,100.47,326.00,1687.00,0,0,0
2023-08-30T02:11:04Z,24.72,64.17,99,0,41.04,100.48,323.00,1685.00,null,null,null
2023-08-30T02:12:04Z,24.72,64.23,99,0,43.97,100.47,323.00,1685.00,null,null,null
2023-08-30T02:13:04Z,24.71,64.11,99,0,40.17,100.47,323.00,1685.00,null,null,null
2023-08-30T02:14:04Z,24.70,64.29,99,0,47.11,100.47,321.00,1682.00,null,null,null
2023-08-30T02:15:04Z,24.70,64.33,99,0,41.88,100.47,314.00,1676.00,1,1,1
2023-08-30T02:16:04Z,24.71,64.34,99,0,42.15,100.47,311.00,1672.00,null,null,null
2023-08-30T02:17:04Z,24.72,64.37,99,0,42.96,100.47,305.00,1667.00,null,null,null
2023-08-30T02:18:04Z,24.72,64.36,99,0,42.59,100.47,305.00,1667.00,null,null,null
2023-08-30T02:19:04Z,24.70,64.23,99,0,41.82,100.47,302.00,1664.00,null,null,null
2023-08-30T02:20:04Z,24.68,64.38,99,0,49.26,100.47,301.00,1663.00,1,1,1
2023-08-30T02:21:04Z,24.72,64.51,99,0,41.23,100.47,291.00,1651.00,null,null,null
2023-08-30T02:22:04Z,24.72,64.52,99,0,48.58,100.47,291.00,1651.00,null,null,null
2023-08-30T02:23:04Z,24.71,64.57,99,0,40.97,100.47,287.00,1647.00,null,null,null
2023-08-30T02:24:04Z,24.68,64.58,99,0,41.47,100.47,287.00,1647.00,null,null,null
2023-08-30T02:25:04Z,24.71,64.69,99,0,47.48,100.47,285.00,1644.00,1,1,1
2023-08-30T02:26:04Z,24.71,64.62,99,0,44.48,100.48,278.00,1636.00,null,null,null
2023-08-30T02:27:04Z,24.70,64.57,99,0,43.20,100.48,274.00,1632.00,null,null,null
2023-08-30T02:28:04Z,24.72,64.56,99,0,45.04,100.48,271.00,1628.00,null,null,null
2023-08-30T02:29:04Z,24.70,64.54,99,0,45.42,100.48,269.00,1627.00,null,null,null
2023-08-30T02:30:04Z,24.70,64.55,99,0,40.46,100.48,265.00,1623.00,0,0,0
2023-08-30T02:31:04Z,24.70,64.64,99,0,46.36,100.48,265.00,1623.00,null,null,null
2023-08-30T02:32:04Z,24.71,64.62,99,0,43.10,100.48,265.00,1623.00,null,null,null
2023-08-30T02:33:04Z,24.72,64.73,99,0,47.62,100.48,263.00,1619.00,null,null,null
2023-08-30T02:34:04Z,24.68,64.84,99,0,43.15,100.48,259.00,1615.00,null,null,null
2023-08-30T02:35:04Z,24.68,64.85,99,0,44.76,100.48,255.00,1611.00,0,0,0
2023-08-30T02:36:04Z,24.68,64.98,99,0,42.21,100.48,255.00,1611.00,null,null,null
2023-08-30T02:37:04Z,24.71,64.97,99,0,42.31,100.48,252.00,1607.00,null,null,null
2023-08-30T02:38:04Z,24.70,64.88,99,0,48.42,100.48,248.00,1603.00,null,null,null
2023-08-30T02:39:04Z,24.70,64.88,99,0,45.42,100.48,248.00,1603.00,null,null,null
2023-08-30T02:40:04Z,24.68,64.92,99,0,43.01,100.48,246.00,1601.00,0,0,0
2023-08-30T02:41:04Z,24.71,64.82,99,0,42.55,100.48,246.00,1601.00,null,null,null
2023-08-30T02:42:04Z,24.72,64.65,99,0,41.49,100.48,241.00,1594.00,null,null,null
2023-08-30T02:43:04Z,24.71,64.84,99,0,44.83,100.48,242.00,1597.00,null,null,null
2023-08-30T02:44:04Z,24.67,64.78,99,0,44.72,100.48,239.00,1594.00,null,null,null
2023-08-30T02:45:04Z,24.67,64.71,99,0,45.88,100.48,236.00,1591.00,1,1,1
2023-08-30T02:46:04Z,24.70,64.63,99,0,42.85,100.48,237.00,1591.00,null,null,null
2023-08-30T02:47:04Z,24.70,64.76,99,0,47.08,100.48,234.00,1587.00,null,null,null
2023-08-30T02:48:04Z,24.71,64.72,99,0,47.09,100.47,230.00,1582.00,null,null,null
2023-08-30T02:49:04Z,24.68,64.85,99,0,42.88,100.47,234.00,1587.00,null,null,null
2023-08-30T02:50:04Z,24.68,64.82,99,0,44.56,100.47,230.00,1582.00,1,1,1
2023-08-30T02:51:04Z,24.65,64.88,99,0,48.98,100.47,227.00,1578.00,null,null,null
2023-08-30T02:52:04Z,24.68,64.66,99,0,47.13,100.47,227.00,1578.00,null,null,null
2023-08-30T02:53:04Z,24.70,64.59,99,0,41.96,100.48,229.00,1581.00,null,null,null
2023-08-30T02:54:04Z,24.67,64.72,99,0,43.00,100.47,229.00,1581.00,null,null,null
2023-08-30T02:55:04Z,24.70,64.61,99,0,40.52,100.47,229.00,1581.00,0,0,0
2023-08-30T02:56:04Z,24.67,64.58,99,0,41.46,100.47,226.00,1575.00,null,null,null
2023-08-30T02:57:04Z,24.68,64.51,99,0,44.26,100.47,226.00,1575.00,null,null,null
2023-08-30T02:58:04Z,24.70,64.35,99,0,26.87,100.47,223.00,1572.00,null,null,null
2023-08-30T02:59:04Z,24.67,64.48,99,0,26.69,100.47,223.00,1572.00,null,null,null
