TIME,TEMP,HUM,BATT,LIGHT,NOISE_A,PRESS,CCS811_VOCS,CCS811_ECO2,PM_1,PM_25,PM_10
ISO 8601,C,%,%,Lux,dBA,kPa,ppb,ppm,ug/m3,ug/m3,ug/m3
Time,Temperature,Humidity,Battery,Light,Noise dBA,Barometric pressure,VOC Gas CCS811,eCO2 Gas CCS811,PM 1.0,PM 2.5,PM 10.0
,55,56,10,14,53,58,113,112,89,87,88
2023-08-09T00:00:01Z,24.05,70.08,98,0,39.62,101.42,10.00,470.00,null,null,null
2023-08-09T00:01:01Z,24.03,70.04,98,0,40.49,101.42,11.00,475.00,null,null,null
2023-08-09T00:02:01Z,24.02,70.07,98,0,42.75,101.42,9.00,462.00,null,null,null
2023-08-09T00:03:01Z,24.02,69.95,98,0,42.48,101.42,11.00,475.00,0,0,0
2023-08-09T00:04:01Z,24.03,70.17,98,0,39.34,101.42,9.00,462.00,null,null,null
2023-08-09T00:05:01Z,24.03,70.09,98,0,42.76,101.42,11.00,475.00,null,null,null
2023-08-09T00:06:01Z,24.02,70.08,98,0,41.78,101.43,9.00,462.00,null,null,null
2023-08-09T00:07:01Z,24.00,70.17,98,0,43.38,101.43,11.00,475.00,null,null,null
2023-08-09T00:08:01Z,24.02,70.12,98,0,42.76,101.43,8.00,454.00,0,0,0
2023-08-09T00:09:01Z,24.03,70.28,98,0,42.44,101.43,9.00,462.00,null,null,null
2023-08-09T00:10:01Z,24.03,70.20,98,0,40.98,101.43,9.00,463.00,null,null,null
2023-08-09T00:11:01Z,24.03,70.16,99,0,43.48,101.43,10.00,466.00,null,null,null
2023-08-09T00:12:01Z,24.05,70.16,98,0,40.86,101.43,11.00,475.00,null,null,null
2023-08-09T00:13:01Z,24.02,70.20,98,0,42.69,101.43,9.00,462.00,0,0,0
2023-08-09T00:14:01Z,24.03,70.32,98,0,43.42,101.43,10.00,466.00,null,null,null
2023-08-09T00:15:01Z,24.06,70.15,98,0,43.70,101.43,10.00,470.00,null,null,null
2023-08-09T00:16:01Z,24.05,70.16,98,0,44.87,101.43,11.00,475.00,null,null,null
2023-08-09T00:17:01Z,24.03,70.06,98,0,42.60,101.43,9.00,462.00,null,null,null
2023-08-09T00:18:01Z,24.03,70.16,98,0,40.44,101.43,11.00,475.00,0,0,0
2023-08-09T00:19:01Z,24.06,70.36,98,0,41.40,101.43,9.00,462.00,null,null,null
2023-08-09T00:20:01Z,24.07,70.26,98,0,41.09,101.43,10.00,470.00,null,null,null
2023-08-09T00:21:01Z,24.02,70.18,98,0,44.02,101.43,10.00,470.00,null,null,null
2023-08-09T00:22:01Z,24.02,70.12,98,0,42.54,101.43,11.00,475.00,null,null,null
2023-08-09T00:23:01Z,24.02,70.04,98,0,40.39,101.43,10.00,466.00,0,0,0
2023-08-09T00:24:01Z,24.03,70.25,98,0,44.75,101.43,10.00,466.00,null,null,null
2023-08-09T00:25:01Z,24.05,70.09,98,0,40.55,101.43,9.00,463.00,null,null,null
2023-08-09T00:26:01Z,24.03,70.13,98,0,45.85,101.43,10.00,466.00,null,null,null
2023-08-09T00:27:01Z,24.03,70.13,98,0,41.62,101.43,10.00,466.00,null,null,null
2023-08-09T00:28:01Z,24.03,70.14,98,0,40.96,101.43,12.00,480.00,0,0,0
2023-08-09T00:29:01Z,24.03,70.47,98,0,42.77,101.43,11.00,475.00,null,null,null
2023-08-09T00:30:01Z,24.03,70.35,98,0,43.18,101.43,10.00,470.00,null,null,null
2023-08-09T00:31:01Z,24.06,70.43,98,0,45.44,101.43,10.00,470.00,null,null,null
2023-08-09T00:32:01Z,24.03,70.38,98,0,41.17,101.43,10.00,470.00,null,null,null
2023-08-09T00:33:01Z,24.05,70.40,98,0,44.05,101.44,10.00,470.00,0,0,0
2023-08-09T00:34:01Z,24.07,70.56,98,0,39.64,101.43,10.00,470.00,null,null,null
2023-08-09T00:35:01Z,24.05,70.41,98,0,39.49,101.44,10.00,470.00,null,null,null
2023-08-09T00:36:01Z,24.05,70.35,98,0,39.14,101.44,10.00,470.00,null,null,null
2023-08-09T00:37:01Z,24.05,70.36,98,0,41.51,101.44,10.00,470.00,null,null,null
2023-08-09T00:38:01Z,24.03,70.34,98,0,41.42,101.44,10.00,470.00,0,0,0
2023-08-09T00:39:01Z,24.06,70.49,98,0,46.01,101.44,9.00,463.00,null,null,null
2023-08-09T00:40:01Z,24.06,70.35,98,0,44.74,101.44,8.00,459.00,null,null,null
2023-08-09T00:41:01Z,24.06,70.41,98,0,42.36,101.44,9.00,463.00,null,null,null
2023-08-09T00:42:01Z,24.05,70.34,99,0,44.92,101.44,8.00,459.00,null,null,null
2023-08-09T00:43:01Z,24.05,70.31,98,0,45.87,101.44,9.00,463.00,0,0,0
2023-08-09T00:44:01Z,24.05,70.51,98,0,44.01,101.44,8.00,459.00,null,null,null
2023-08-09T00:45:01Z,24.06,70.31,98,0,41.58,101.43,8.00,459.00,null,null,null
2023-08-09T00:46:01Z,24.05,70.34,98,0,42.36,101.44,9.00,463.00,null,null,null
2023-08-09T00:47:01Z,24.03,70.29,98,0,40.81,101.43,8.00,459.00,null,null,null
2023-08-09T00:48:01Z,24.06,70.31,98,0,40.73,101.44,9.00,463.00,0,0,0
2023-08-09T00:49:01Z,24.05,70.43,98,0,43.57,101.43,8.00,459.00,null,null,null
2023-08-09T00:50:01Z,24.05,70.26,99,0,39.41,101.44,8.00,459.00,null,null,null
2023-08-09T00:51:01Z,24.06,70.30,98,0,43.99,101.44,9.00,463.00,null,null,null
2023-08-09T00:52:01Z,24.05,70.27,98,0,44.51,101.45,7.00,450.00,null,null,null
2023-08-09T00:53:01Z,24.06,70.20,98,0,43.27,101.45,9.00,463.00,0,0,0
2023-08-09T00:54:01Z,24.05,70.40,98,0,41.84,101.44,8.00,454.00,null,null,null
2023-08-09T00:55:01Z,24.07,70.25,98,0,45.60,101.45,7.00,450.00,null,null,null
2023-08-09T00:56:01Z,24.07,70.26,98,0,44.23,101.45,9.00,463.00,null,null,null
2023-08-09T00:57:01Z,24.07,70.26,98,0,40.17,101.45,8.00,459.00,null,null,null
2023-08-09T00:58:01Z,24.05,70.32,98,0,40.53,101.45,8.00,459.00,0,0,0
2023-08-09T00:59:01Z,24.05,70.60,98,0,41.77,101.45,7.00,450.00,null,null,null
2023-08-09T01:00:01Z,24.05,70.50,98,0,44.29,101.46,10.00,470.00,null,null,null
2023-08-09T01:01:01Z,24.05,70.43,98,0,41.59,101.46,11.00,476.00,null,null,null
2023-08-09T01:02:01Z,24.06,70.48,98,0,44.43,101.46,17.00,514.00,null,null,null
2023-08-09T01:03:01Z,24.03,70.53,98,0,43.28,101.46,21.00,542.00,0,0,0
2023-08-09T01:04:01Z,24.06,70.66,98,0,45.48,101.47,21.00,542.00,null,null,null
2023-08-09T01:05:01Z,24.07,70.57,98,0,45.84,101.47,25.00,566.00,null,null,null
2023-08-09T01:06:01Z,24.06,70.53,98,0,41.30,101.47,26.00,572.00,null,null,null
2023-08-09T01:07:01Z,24.06,70.50,98,0,43.98,101.47,26.00,572.00,null,null,null
2023-08-09T01:08:01Z,24.03,70.59,98,0,43.85,101.47,26.00,572.00,0,0,0
2023-08-09T01:09:01Z,24.05,70.72,98,0,45.06,101.47,27.00,581.00,null,null,null
2023-08-09T01:10:01Z,24.07,70.52,98,0,42.42,101.46,27.00,581.00,null,null,null
2023-08-09T01:11:01Z,24.06,70.58,98,0,43.64,101.46,27.00,581.00,null,null,null
2023-08-09T01:12:01Z,24.09,70.52,98,0,38.87,101.46,27.00,581.00,null,null,null
2023-08-09T01:13:01Z,24.06,70.56,98,0,42.82,101.46,27.00,581.00,0,0,0
2023-08-09T01:14:01Z,24.07,70.63,98,0,40.70,101.47,26.00,572.00,null,null,null
2023-08-09T01:15:01Z,24.09,70.54,98,0,47.60,101.46,25.00,566.00,null,null,null
2023-08-09T01:16:01Z,24.06,70.59,98,0,41.74,101.47,26.00,572.00,null,null,null
2023-08-09T01:17:01Z,24.09,70.54,98,0,43.58,101.47,25.00,566.00,null,null,null
2023-08-09T01:18:01Z,24.05,70.51,98,0,42.60,101.47,25.00,566.00,0,0,0
2023-08-09T01:19:01Z,24.07,70.62,98,0,43.03,101.46,25.00,566.00,null,null,null
2023-08-09T01:20:01Z,24.06,70.49,98,0,46.10,101.47,25.00,566.00,null,null,null
2023-08-09T01:21:01Z,24.05,70.50,98,0,44.89,101.47,25.00,566.00,null,null,null
2023-08-09T01:22:01Z,24.05,70.44,98,0,41.04,101.47,25.00,566.00,null,null,null
2023-08-09T01:23:01Z,24.07,70.51,98,0,43.78,101.48,23.00,555.00,0,0,0
2023-08-09T01:24:01Z,24.06,70.60,98,0,43.75,101.48,21.00,542.00,null,null,null
2023-08-09T01:25:01Z,24.09,70.47,99,0,43.82,101.48,22.00,548.00,null,null,null
2023-08-09T01:26:01Z,24.06,70.51,98,0,42.53,101.48,22.00,548.00,null,null,null
2023-08-09T01:27:01Z,24.09,70.52,98,0,40.26,101.49,22.00,548.00,null,null,null
2023-08-09T01:28:01Z,24.05,70.53,98,0,38.97,101.49,22.00,548.00,0,0,0
2023-08-09T01:29:01Z,24.06,70.71,98,0,40.32,101.49,21.00,542.00,null,null,null
2023-08-09T01:30:01Z,24.05,70.46,98,0,42.00,101.49,20.00,534.00,null,null,null
2023-08-09T01:31:01Z,24.07,70.51,98,0,43.25,101.49,20.00,534.00,null,null,null
2023-08-09T01:32:01Z,24.06,70.52,98,0,40.89,101.49,21.00,542.00,null,null,null
2023-08-09T01:33:01Z,24.05,70.51,98,0,41.91,101.49,20.00,534.00,0,0,0
2023-08-09T01:34:01Z,24.06,70.61,98,0,42.59,101.49,19.00,526.00,null,null,null
2023-08-09T01:35:01Z,24.09,70.55,98,0,41.46,101.49,20.00,534.00,null,null,null
2023-08-09T01:36:01Z,24.05,70.56,98,0,42.25,101.49,19.00,526.00,null,null,null
2023-08-09T01:37:01Z,24.06,70.55,98,0,41.47,101.49,18.00,519.00,null,null,null
2023-08-09T01:38:01Z,24.06,70.52,98,0,39.76,101.49,19.00,526.00,0,0,0
2023-08-09T01:39:01Z,24.07,70.69,98,0,43.78,101.49,18.00,519.00,null,null,null
2023-08-09T01:40:01Z,24.07,70.61,98,0,42.06,101.49,19.00,526.00,null,null,null
2023-08-09T01:41:01Z,24.07,70.62,98,0,42.12,101.49,18.00,519.00,null,null,null
2023-08-09T01:42:01Z,24.05,70.62,98,0,45.06,101.49,20.00,534.00,null,null,null
2023-08-09T01:43:01Z,24.09,70.66,99,0,46.82,101.49,20.00,534.00,0,0,0
2023-08-09T01:44:01Z,24.06,70.90,98,0,41.38,101.49,19.00,526.00,null,null,null
2023-08-09T01:45:01Z,24.09,70.82,98,0,42.55,101.49,17.00,515.00,null,null,null
2023-08-09T01:46:01Z,24.05,70.75,98,0,43.45,101.50,17.00,515.00,null,null,null
2023-08-09T01:47:01Z,24.07,70.82,98,0,40.02,101.50,17.00,515.00,null,null,null
2023-08-09T01:48:01Z,24.09,70.81,98,0,42.84,101.50,17.00,515.00,0,0,0
2023-08-09T01:49:01Z,24.06,70.96,98,0,41.10,101.50,17.00,515.00,null,null,null
2023-08-09T01:50:01Z,24.10,70.80,98,0,45.02,101.50,15.00,505.00,null,null,null
2023-08-09T01:51:01Z,24.09,70.81,98,0,39.80,101.50,17.00,515.00,null,null,null
2023-08-09T01:52:01Z,24.07,70.71,98,0,41.82,101.50,17.00,515.00,null,null,null
2023-08-09T01:53:01Z,24.06,70.74,98,0,34.05,101.51,18.00,519.00,0,0,0
2023-08-09T01:54:01Z,24.09,70.83,98,0,32.33,101.51,19.00,526.00,null,null,null
2023-08-09T01:55:01Z,24.09,70.59,98,0,28.36,101.51,17.00,515.00,null,null,null
2023-08-09T01:56:01Z,24.07,70.56,98,0,30.63,101.51,18.00,519.00,null,null,null
2023-08-09T01:57:01Z,24.07,70.47,98,0,28.15,101.51,19.00,526.00,null,null,null
2023-08-09T01:58:01Z,24.09,70.49,98,0,35.60,101.51,18.00,519.00,0,0,0
2023-08-09T01:59:01Z,24.06,70.68,99,0,28.81,101.51,19.00,526.00,null,null,null
2023-08-09T02:00:01Z,24.07,70.50,98,0,24.79,101.51,18.00,519.00,null,null,null
2023-08-09T02:01:01Z,24.07,70.42,98,0,29.23,101.51,19.00,526.00,null,null,null
2023-08-09T02:02:01Z,24.07,70.29,98,0,27.99,101.51,18.00,519.00,null,null,null
2023-08-09T02:03:01Z,24.05,70.26,98,0,31.04,101.51,17.00,514.00,0,0,0
2023-08-09T02:04:01Z,24.05,70.43,98,0,29.71,101.51,18.00,519.00,null,null,null
2023-08-09T02:05:01Z,24.06,70.22,98,0,27.84,101.52,15.00,502.00,null,null,null
2023-08-09T02:06:01Z,24.03,70.14,99,0,29.46,101.51,16.00,506.00,null,null,null
2023-08-09T02:07:01Z,24.02,70.10,98,0,28.93,101.51,18.00,524.00,null,null,null
2023-08-09T02:08:01Z,24.03,70.09,98,0,38.30,101.52,16.00,506.00,0,0,0
2023-08-09T02:09:01Z,24.03,70.30,98,0,33.17,101.52,17.00,518.00,null,null,null
2023-08-09T02:10:01Z,24.05,70.09,99,0,35.51,101.52,17.00,514.00,null,null,null
2023-08-09T02:11:01Z,24.05,70.09,98,0,32.88,101.52,15.00,500.00,null,null,null
2023-08-09T02:12:01Z,24.00,70.08,98,0,28.02,101.53,16.00,506.00,null,null,null
2023-08-09T02:13:01Z,24.00,70.03,98,0,31.26,101.53,17.00,518.00,0,0,0
2023-08-09T02:14:01Z,24.02,70.23,98,0,28.48,101.53,16.00,506.00,null,null,null
2023-08-09T02:15:01Z,24.02,70.00,98,0,30.72,101.53,15.00,500.00,null,null,null
2023-08-09T02:16:01Z,24.02,69.93,98,0,31.01,101.53,16.00,506.00,null,null,null
2023-08-09T02:17:01Z,24.00,69.93,98,0,32.95,101.53,15.00,500.00,null,null,null
2023-08-09T02:18:01Z,23.97,69.90,98,0,29.70,101.53,14.00,495.00,0,0,0
2023-08-09T02:19:01Z,24.00,70.02,98,0,29.32,101.53,13.00,488.00,null,null,null
2023-08-09T02:20:01Z,24.03,69.87,98,0,28.89,101.53,14.00,495.00,null,null,null
2023-08-09T02:21:01Z,23.99,69.76,98,0,28.20,101.53,14.00,495.00,null,null,null
2023-08-09T02:22:01Z,24.00,69.78,98,0,34.28,101.53,15.00,500.00,null,null,null
2023-08-09T02:23:01Z,23.99,69.74,98,0,30.42,101.52,14.00,495.00,0,0,0
2023-08-09T02:24:01Z,23.97,69.90,99,0,34.38,101.53,12.00,483.00,null,null,null
2023-08-09T02:25:01Z,23.99,69.72,98,0,35.40,101.53,14.00,495.00,null,null,null
2023-08-09T02:26:01Z,23.99,69.68,98,0,35.31,101.53,14.00,498.00,null,null,null
2023-08-09T02:27:01Z,23.96,69.65,98,0,30.19,101.53,14.00,498.00,null,null,null
2023-08-09T02:28:01Z,23.96,69.62,98,0,39.49,101.53,14.00,498.00,0,0,0
2023-08-09T02:29:01Z,23.96,69.86,98,0,28.25,101.54,14.00,493.00,null,null,null
2023-08-09T02:30:01Z,23.97,69.67,98,0,28.57,101.54,12.00,480.00,null,null,null
2023-08-09T02:31:01Z,23.97,69.61,99,0,28.61,101.54,12.00,483.00,null,null,null
2023-08-09T02:32:01Z,23.97,69.59,98,0,27.59,101.54,14.00,498.00,null,null,null
2023-08-09T02:33:01Z,23.97,69.58,98,0,30.92,101.54,14.00,498.00,0,0,0
2023-08-09T02:34:01Z,23.99,69.69,98,0,30.08,101.54,14.00,493.00,null,null,null
2023-08-09T02:35:01Z,23.94,69.51,98,0,30.36,101.54,12.00,483.00,null,null,null
2023-08-09T02:36:01Z,23.97,69.46,98,0,35.43,101.55,14.00,493.00,null,null,null
2023-08-09T02:37:01Z,23.96,69.45,98,0,27.77,101.55,12.00,483.00,null,null,null
2023-08-09T02:38:01Z,23.93,69.45,98,0,35.45,101.55,14.00,493.00,0,0,0
2023-08-09T02:39:01Z,23.94,69.58,98,0,29.38,101.56,11.00,478.00,null,null,null
2023-08-09T02:40:01Z,23.94,69.42,98,0,28.28,101.55,12.00,483.00,null,null,null
2023-08-09T02:41:01Z,23.93,69.38,98,0,37.85,101.55,11.00,478.00,null,null,null
2023-08-09T02:42:01Z,23.94,69.38,98,0,36.45,101.55,12.00,483.00,null,null,null
2023-08-09T02:43:01Z,23.93,69.35,98,0,35.61,101.55,12.00,483.00,0,0,0
2023-08-09T02:44:01Z,23.93,69.54,98,0,32.22,101.55,12.00,483.00,null,null,null
2023-08-09T02:45:01Z,23.94,69.37,99,0,36.84,101.54,11.00,478.00,null,null,null
2023-08-09T02:46:01Z,23.93,69.35,98,0,29.49,101.55,12.00,483.00,null,null,null
2023-08-09T02:47:01Z,23.93,69.35,98,0,30.62,101.55,11.00,478.00,null,null,null
2023-08-09T02:48:01Z,23.92,69.31,98,0,34.84,101.55,12.00,483.00,1,1,1
2023-08-09T02:49:01Z,23.94,69.46,98,0,27.04,101.55,11.00,473.00,null,null,null
2023-08-09T02:50:01Z,23.93,69.35,98,0,31.53,101.55,11.00,473.00,null,null,null
2023-08-09T02:51:01Z,23.94,69.32,98,0,27.87,101.54,12.00,483.00,null,null,null
2023-08-09T02:52:01Z,23.92,69.31,98,0,32.38,101.54,11.00,478.00,null,null,null
2023-08-09T02:53:01Z,23.92,69.31,98,0,26.24,101.54,12.00,483.00,0,0,0
2023-08-09T02:54:01Z,23.93,69.45,99,0,33.34,101.53,11.00,478.00,null,null,null
2023-08-09T02:55:01Z,23.96,69.35,98,0,33.18,101.54,11.00,478.00,null,null,null
2023-08-09T02:56:01Z,23.92,69.29,98,0,41.26,101.54,11.00,473.00,null,null,null
2023-08-09T02:57:01Z,23.92,69.26,98,0,27.22,101.53,11.00,478.00,null,null,null
2023-08-09T02:58:01Z,23.90,69.27,98,0,38.66,101.54,12.00,483.00,0,0,0
2023-08-09T02:59:01Z,23.93,69.39,98,0,33.53,101.53,11.00,473.00,null,null,null
