TIME,TEMP,HUM,BATT,LIGHT,NOISE_A,PRESS,CCS811_VOCS,CCS811_ECO2,PM_1,PM_25,PM_10
ISO 8601,C,%,%,Lux,dBA,kPa,ppb,ppm,ug/m3,ug/m3,ug/m3
Time,Temperature,Humidity,Battery,Light,Noise dBA,Barometric pressure,VOC Gas CCS811,eCO2 Gas CCS811,PM 1.0,PM 2.5,PM 10.0
,55,56,10,14,53,58,113,112,89,87,88
2023-09-23T00:00:49Z,21.86,59.69,16,0,35.74,100.71,0.00,405.00,null,null,null
2023-09-23T00:01:49Z,21.84,59.64,16,0,27.30,100.72,0.00,405.00,null,null,null
2023-09-23T00:02:49Z,21.86,59.69,17,0,27.32,100.72,0.00,400.00,2,2,2
2023-09-23T00:03:49Z,21.86,59.49,17,0,27.38,100.71,0.00,405.00,null,null,null
2023-09-23T00:04:49Z,21.86,59.60,16,0,28.07,100.72,0.00,405.00,null,null,null
2023-09-23T00:05:49Z,21.86,59.68,16,0,36.59,100.71,0.00,405.00,null,null,null
2023-09-23T00:06:49Z,21.81,59.60,16,0,24.43,100.71,0.00,405.00,null,null,null
2023-09-23T00:07:49Z,21.83,59.69,16,0,31.64,100.72,0.00,405.00,0,0,0
2023-09-23T00:08:49Z,21.83,59.47,16,0,24.43,100.72,0.00,405.00,null,null,null
2023-09-23T00:09:49Z,21.84,59.58,16,0,28.33,100.72,0.00,400.00,null,null,null
2023-09-23T00:10:49Z,21.81,59.67,16,0,33.66,100.72,0.00,400.00,null,null,null
2023-09-23T00:11:49Z,21.80,59.65,17,0,27.85,100.72,0.00,400.00,null,null,null
2023-09-23T00:12:49Z,21.77,59.67,16,0,38.09,100.72,0.00,400.00,0,0,0
2023-09-23T00:13:49Z,21.81,59.51,16,0,28.17,100.72,0.00,400.00,null,null,null
2023-09-23T00:14:49Z,21.83,59.55,16,0,25.70,100.72,0.00,400.00,null,null,null
2023-09-23T00:15:49Z,21.80,59.65,16,0,31.87,100.73,0.00,400.00,null,null,null
2023-09-23T00:16:49Z,21.80,59.63,17,0,28.74,100.73,0.00,400.00,null,null,null
2023-09-23T00:17:49Z,21.80,59.68,16,0,29.32,100.73,0.00,400.00,1,1,1
2023-09-23T00:18:49Z,21.79,59.50,16,0,27.40,100.73,0.00,405.00,null,null,null
2023-09-23T00:19:49Z,21.79,59.50,16,0,26.21,100.74,0.00,405.00,null,null,null
2023-09-23T00:20:49Z,21.81,59.67,16,0,34.24,100.74,0.00,405.00,null,null,null
2023-09-23T00:21:49Z,21.77,59.63,16,0,31.29,100.74,0.00,405.00,null,null,null
2023-09-23T00:22:49Z,21.77,59.66,16,0,29.47,100.74,0.00,405.00,0,0,0
2023-09-23T00:23:49Z,21.79,59.47,16,0,28.20,100.74,0.00,405.00,null,null,null
2023-09-23T00:24:49Z,21.77,59.53,16,0,22.49,100.74,0.00,400.00,null,null,null
2023-09-23T00:25:49Z,21.76,59.63,16,0,35.56,100.74,0.00,402.00,null,null,null
2023-09-23T00:26:49Z,21.76,59.60,16,0,27.49,100.75,0.00,402.00,null,null,null
2023-09-23T00:27:49Z,21.74,59.66,16,0,30.54,100.75,0.00,400.00,0,0,0
2023-09-23T00:28:49Z,21.79,59.47,16,0,26.26,100.75,5.00,435.00,null,null,null
2023-09-23T00:29:49Z,21.76,59.53,16,0,23.20,100.75,0.00,400.00,null,null,null
2023-09-23T00:30:49Z,21.74,59.65,16,0,32.78,100.75,0.00,402.00,null,null,null
2023-09-23T00:31:49Z,21.73,59.62,16,0,27.47,100.75,5.00,438.00,null,null,null
2023-09-23T00:32:49Z,21.77,59.61,16,0,31.08,100.75,5.00,438.00,1,1,1
2023-09-23T00:33:49Z,21.76,59.49,16,0,27.10,100.75,0.00,400.00,null,null,null
2023-09-23T00:34:49Z,21.74,59.49,16,0,26.99,100.75,0.00,403.00,null,null,null
2023-09-23T00:35:49Z,21.74,59.59,16,0,34.90,100.74,5.00,439.00,null,null,null
2023-09-23T00:36:49Z,21.72,59.52,16,0,25.44,100.74,5.00,439.00,null,null,null
2023-09-23T00:37:49Z,21.73,59.58,16,0,27.18,100.75,5.00,439.00,0,0,0
2023-09-23T00:38:49Z,21.73,59.45,16,0,29.67,100.75,5.00,439.00,null,null,null
2023-09-23T00:39:49Z,21.76,59.49,16,0,26.08,100.75,5.00,439.00,null,null,null
2023-09-23T00:40:49Z,21.73,59.61,16,0,34.66,100.75,0.00,403.00,null,null,null
2023-09-23T00:41:49Z,21.73,59.55,16,0,32.08,100.75,5.00,439.00,null,null,null
2023-09-23T00:42:49Z,21.72,59.59,16,0,28.36,100.74,5.00,439.00,0,0,0
2023-09-23T00:43:49Z,21.73,59.46,16,0,25.35,100.74,5.00,439.00,null,null,null
2023-09-23T00:44:49Z,21.72,59.50,16,0,28.11,100.75,5.00,439.00,null,null,null
2023-09-23T00:45:49Z,21.72,59.57,16,0,32.90,100.75,5.00,439.00,null,null,null
2023-09-23T00:46:49Z,21.72,59.52,16,0,23.90,100.76,5.00,439.00,null,null,null
2023-09-23T00:47:49Z,21.69,59.57,16,0,28.11,100.76,5.00,439.00,2,2,2
2023-09-23T00:48:49Z,21.72,59.42,16,0,26.53,100.75,5.00,435.00,null,null,null
2023-09-23T00:49:49Z,21.69,59.50,16,0,25.06,100.76,5.00,435.00,null,null,null
2023-09-23T00:50:49Z,21.69,59.57,16,0,34.08,100.76,5.00,435.00,null,null,null
2023-09-23T00:51:49Z,21.69,59.52,16,0,26.53,100.76,5.00,439.00,null,null,null
2023-09-23T00:52:49Z,21.67,59.58,16,0,29.21,100.76,5.00,439.00,0,0,0
2023-09-23T00:53:49Z,21.70,59.42,16,0,26.76,100.76,5.00,435.00,null,null,null
2023-09-23T00:54:49Z,21.67,59.47,16,0,24.11,100.76,5.00,435.00,null,null,null
2023-09-23T00:55:49Z,21.67,59.57,16,0,34.34,100.76,5.00,435.00,null,null,null
2023-09-23T00:56:49Z,21.69,59.53,16,0,27.32,100.77,5.00,435.00,null,null,null
2023-09-23T00:57:49Z,21.66,59.56,16,0,42.40,100.77,5.00,435.00,0,0,0
2023-09-23T00:58:49Z,21.66,59.40,16,0,28.54,100.77,5.00,435.00,null,null,null
2023-09-23T00:59:49Z,21.67,59.45,16,0,27.94,100.77,4.00,428.00,null,null,null
2023-09-23T01:00:49Z,21.69,59.57,16,0,35.93,100.77,4.00,428.00,null,null,null
2023-09-23T01:01:49Z,21.64,59.54,16,0,24.19,100.77,4.00,428.00,null,null,null
2023-09-23T01:02:49Z,21.62,59.59,16,0,28.57,100.77,4.00,428.00,1,1,1
2023-09-23T01:03:49Z,21.67,59.42,16,0,23.98,100.78,3.00,424.00,null,null,null
2023-09-23T01:04:49Z,21.66,59.45,16,0,30.15,100.77,5.00,435.00,null,null,null
2023-09-23T01:05:49Z,21.67,59.56,16,0,32.91,100.77,4.00,428.00,null,null,null
2023-09-23T01:06:49Z,21.64,59.53,16,0,26.55,100.78,5.00,435.00,null,null,null
2023-09-23T01:07:49Z,21.62,59.56,16,0,28.11,100.78,4.00,428.00,0,0,0
2023-09-23T01:08:49Z,21.63,59.37,16,0,29.20,100.78,3.00,420.00,null,null,null
2023-09-23T01:09:49Z,21.63,59.40,16,0,25.38,100.78,4.00,428.00,null,null,null
2023-09-23T01:10:49Z,21.62,59.56,16,0,36.04,100.77,4.00,428.00,null,null,null
2023-09-23T01:11:49Z,21.63,59.51,16,0,24.79,100.77,3.00,424.00,null,null,null
2023-09-23T01:12:49Z,21.62,59.55,16,0,27.69,100.77,4.00,428.00,0,0,0
2023-09-23T01:13:49Z,21.63,59.34,16,0,25.73,100.77,3.00,420.00,null,null,null
2023-09-23T01:14:49Z,21.63,59.42,16,0,23.98,100.77,3.00,424.00,null,null,null
2023-09-23T01:15:49Z,21.63,59.53,16,0,32.34,100.77,3.00,424.00,null,null,null
2023-09-23T01:16:49Z,21.60,59.50,16,0,26.06,100.78,4.00,428.00,null,null,null
2023-09-23T01:17:49Z,21.62,59.54,16,0,28.30,100.78,3.00,424.00,1,1,1
2023-09-23T01:18:49Z,21.59,59.32,15,0,33.59,100.78,4.00,428.00,null,null,null
2023-09-23T01:19:49Z,21.62,59.43,16,0,25.35,100.77,3.00,424.00,null,null,null
2023-09-23T01:20:49Z,21.62,59.51,16,0,32.78,100.78,3.00,424.00,null,null,null
2023-09-23T01:21:49Z,21.59,59.50,16,0,27.44,100.78,3.00,424.00,null,null,null
2023-09-23T01:22:49Z,21.60,59.56,16,0,25.26,100.78,3.00,424.00,1,1,1
2023-09-23T01:23:49Z,21.59,59.35,16,0,23.10,100.78,3.00,424.00,null,null,null
2023-09-23T01:24:49Z,21.60,59.42,15,0,23.05,100.79,3.00,424.00,null,null,null
2023-09-23T01:25:49Z,21.59,59.56,16,0,33.76,100.78,3.00,424.00,null,null,null
2023-09-23T01:26:49Z,21.57,59.49,16,0,32.79,100.79,3.00,424.00,null,null,null
2023-09-23T01:27:49Z,21.57,59.51,15,0,26.50,100.79,3.00,424.00,0,0,0
2023-09-23T01:28:49Z,21.57,59.36,15,0,29.65,100.79,3.00,424.00,null,null,null
2023-09-23T01:29:49Z,21.59,59.40,15,0,28.36,100.80,3.00,424.00,null,null,null
2023-09-23T01:30:49Z,21.56,59.50,16,0,31.92,100.79,3.00,420.00,null,null,null
2023-09-23T01:31:49Z,21.56,59.48,16,0,24.43,100.79,3.00,420.00,null,null,null
2023-09-23T01:32:49Z,21.56,59.52,16,0,26.64,100.79,3.00,420.00,0,0,0
2023-09-23T01:33:49Z,21.56,59.35,15,0,25.32,100.79,3.00,420.00,null,null,null
2023-09-23T01:34:49Z,21.59,59.40,15,0,26.95,100.78,3.00,420.00,null,null,null
2023-09-23T01:35:49Z,21.56,59.48,16,0,35.25,100.78,3.00,420.00,null,null,null
2023-09-23T01:36:49Z,21.55,59.43,16,0,28.17,100.78,2.00,416.00,null,null,null
2023-09-23T01:37:49Z,21.55,59.47,15,0,28.15,100.78,2.00,416.00,0,0,0
2023-09-23T01:38:49Z,21.53,59.35,15,0,29.18,100.78,2.00,416.00,null,null,null
2023-09-23T01:39:49Z,21.53,59.37,15,0,26.67,100.78,2.00,416.00,null,null,null
2023-09-23T01:40:49Z,21.55,59.48,16,0,36.53,100.78,3.00,420.00,null,null,null
2023-09-23T01:41:49Z,21.53,59.46,15,0,35.12,100.78,3.00,420.00,null,null,null
2023-09-23T01:42:49Z,21.52,59.47,15,0,28.48,100.78,3.00,420.00,0,0,0
2023-09-23T01:43:49Z,21.53,59.28,15,0,23.98,100.78,2.00,414.00,null,null,null
2023-09-23T01:44:49Z,21.53,59.39,15,0,29.97,100.78,2.00,416.00,null,null,null
2023-09-23T01:45:49Z,21.52,59.50,15,0,32.68,100.78,2.00,416.00,null,null,null
2023-09-23T01:46:49Z,21.52,59.43,15,0,30.28,100.78,3.00,420.00,null,null,null
2023-09-23T01:47:49Z,21.52,59.48,15,0,29.93,100.78,2.00,416.00,0,0,0
2023-09-23T01:48:49Z,21.53,59.32,15,0,23.86,100.79,2.00,414.00,null,null,null
2023-09-23T01:49:49Z,21.53,59.36,15,0,26.11,100.79,2.00,416.00,null,null,null
2023-09-23T01:50:49Z,21.50,59.53,15,0,32.92,100.79,2.00,414.00,null,null,null
2023-09-23T01:51:49Z,21.52,59.41,15,0,30.11,100.79,2.00,416.00,null,null,null
2023-09-23T01:52:49Z,21.49,59.45,15,0,27.59,100.79,2.00,416.00,0,0,0
2023-09-23T01:53:49Z,21.50,59.29,15,0,27.44,100.79,2.00,416.00,null,null,null
2023-09-23T01:54:49Z,21.50,59.36,15,0,31.02,100.79,2.00,416.00,null,null,null
2023-09-23T01:55:49Z,21.52,59.44,15,0,33.00,100.79,2.00,414.00,null,null,null
2023-09-23T01:56:49Z,21.49,59.39,15,0,26.31,100.80,2.00,414.00,null,null,null
2023-09-23T01:57:49Z,21.47,59.47,15,0,34.26,100.80,2.00,416.00,0,0,0
2023-09-23T01:58:49Z,21.50,59.28,15,0,26.03,100.79,2.00,414.00,null,null,null
2023-09-23T01:59:49Z,21.50,59.34,15,0,26.03,100.80,2.00,414.00,null,null,null
2023-09-23T02:00:49Z,21.50,59.47,15,0,34.99,100.80,2.00,414.00,null,null,null
2023-09-23T02:01:49Z,21.47,59.43,15,0,28.36,100.79,2.00,414.00,null,null,null
2023-09-23T02:02:49Z,21.47,59.49,15,0,27.26,100.80,2.00,416.00,0,0,0
2023-09-23T02:03:49Z,21.49,59.29,15,0,29.09,100.80,2.00,414.00,null,null,null
2023-09-23T02:04:49Z,21.47,59.36,15,0,25.50,100.81,2.00,414.00,null,null,null
2023-09-23T02:05:49Z,21.46,59.42,15,0,34.10,100.81,2.00,414.00,null,null,null
2023-09-23T02:06:49Z,21.46,59.39,15,0,32.18,100.81,2.00,414.00,null,null,null
2023-09-23T02:07:49Z,21.45,59.49,15,0,27.44,100.81,2.00,414.00,0,0,0
2023-09-23T02:08:49Z,21.45,59.27,15,0,27.60,100.81,2.00,414.00,null,null,null
2023-09-23T02:09:49Z,21.45,59.32,15,0,32.17,100.81,2.00,414.00,null,null,null
2023-09-23T02:10:49Z,21.47,59.44,15,0,34.16,100.81,2.00,414.00,null,null,null
2023-09-23T02:11:49Z,21.45,59.41,15,0,32.11,100.81,2.00,414.00,null,null,null
2023-09-23T02:12:49Z,21.43,59.47,15,0,29.58,100.81,0.00,405.00,1,1,1
2023-09-23T02:13:49Z,21.46,59.24,15,0,26.73,100.82,0.00,405.00,null,null,null
2023-09-23T02:14:49Z,21.42,59.31,15,0,26.41,100.82,0.00,405.00,null,null,null
2023-09-23T02:15:49Z,21.43,59.42,15,0,34.29,100.82,1.00,411.00,null,null,null
2023-09-23T02:16:49Z,21.42,59.36,15,0,24.72,100.82,2.00,414.00,null,null,null
2023-09-23T02:17:49Z,21.42,59.41,15,0,29.18,100.83,2.00,414.00,0,0,0
2023-09-23T02:18:49Z,21.43,59.25,14,0,25.76,100.83,0.00,405.00,null,null,null
2023-09-23T02:19:49Z,21.42,59.37,15,0,27.20,100.83,1.00,407.00,null,null,null
2023-09-23T02:20:49Z,21.45,59.41,15,0,33.48,100.83,1.00,407.00,null,null,null
2023-09-23T02:21:49Z,21.42,59.35,15,0,27.84,100.83,1.00,407.00,null,null,null
2023-09-23T02:22:49Z,21.40,59.40,15,0,30.64,100.83,1.00,407.00,0,0,0
2023-09-23T02:23:49Z,21.42,59.28,15,0,28.84,100.83,0.00,401.00,null,null,null
2023-09-23T02:24:49Z,21.42,59.31,14,0,25.70,100.83,1.00,407.00,null,null,null
2023-09-23T02:25:49Z,21.39,59.41,15,0,34.62,100.83,0.00,405.00,null,null,null
2023-09-23T02:26:49Z,21.40,59.32,15,0,28.58,100.83,0.00,405.00,null,null,null
2023-09-23T02:27:49Z,21.39,59.39,15,0,29.04,100.83,0.00,405.00,0,0,0
2023-09-23T02:28:49Z,21.40,59.21,14,0,26.26,100.83,0.00,405.00,null,null,null
2023-09-23T02:29:49Z,21.40,59.33,15,0,23.05,100.84,1.00,409.00,null,null,null
2023-09-23T02:30:49Z,21.39,59.47,14,0,35.97,100.84,0.00,405.00,null,null,null
2023-09-23T02:31:49Z,21.39,59.35,15,0,24.07,100.84,0.00,405.00,null,null,null
2023-09-23T02:32:49Z,21.39,59.40,15,0,28.15,100.85,0.00,405.00,1,1,1
2023-09-23T02:33:49Z,21.39,59.22,14,0,32.35,100.84,0.00,405.00,null,null,null
2023-09-23T02:34:49Z,21.40,59.27,14,0,28.09,100.84,1.00,409.00,null,null,null
2023-09-23T02:35:49Z,21.36,59.37,15,0,32.77,100.85,0.00,405.00,null,null,null
2023-09-23T02:36:49Z,21.37,59.30,15,0,26.80,100.85,0.00,405.00,null,null,null
2023-09-23T02:37:49Z,21.36,59.36,14,0,26.29,100.85,0.00,405.00,0,0,0
2023-09-23T02:38:49Z,21.37,59.22,14,0,24.89,100.85,0.00,405.00,null,null,null
2023-09-23T02:39:49Z,21.35,59.30,14,0,25.38,100.85,1.00,409.00,null,null,null
2023-09-23T02:40:49Z,21.35,59.39,14,0,34.30,100.85,0.00,405.00,null,null,null
2023-09-23T02:41:49Z,21.35,59.33,15,0,23.30,100.85,0.00,405.00,null,null,null
2023-09-23T02:42:49Z,21.35,59.35,14,0,26.97,100.85,0.00,405.00,0,0,0
2023-09-23T02:43:49Z,21.35,59.23,14,0,28.14,100.85,0.00,405.00,null,null,null
2023-09-23T02:44:49Z,21.36,59.26,14,0,29.21,100.85,1.00,409.00,null,null,null
2023-09-23T02:45:49Z,21.35,59.39,14,0,33.41,100.85,0.00,401.00,null,null,null
2023-09-23T02:46:49Z,21.32,59.29,14,0,28.40,100.86,0.00,401.00,null,null,null
2023-09-23T02:47:49Z,21.35,59.38,14,0,29.97,100.85,0.00,400.00,1,1,1
2023-09-23T02:48:49Z,21.36,59.19,14,0,27.66,100.86,0.00,400.00,null,null,null
2023-09-23T02:49:49Z,21.33,59.26,14,0,27.66,100.86,0.00,400.00,null,null,null
2023-09-23T02:50:49Z,21.33,59.30,14,0,33.43,100.86,0.00,405.00,null,null,null
2023-09-23T02:51:49Z,21.32,59.28,14,0,26.19,100.86,0.00,405.00,null,null,null
2023-09-23T02:52:49Z,21.32,59.34,14,0,27.40,100.86,0.00,405.00,0,0,0
2023-09-23T02:53:49Z,21.35,59.15,14,0,23.94,100.86,0.00,400.00,null,null,null
2023-09-23T02:54:49Z,21.32,59.23,14,0,26.60,100.86,1.00,413.00,null,null,null
2023-09-23T02:55:49Z,21.32,59.33,14,0,33.47,100.86,1.00,413.00,null,null,null
2023-09-23T02:56:49Z,21.33,59.25,14,0,26.26,100.86,1.00,413.00,null,null,null
2023-09-23T02:57:49Z,21.32,59.36,14,0,30.91,100.87,1.00,408.00,0,0,3
2023-09-23T02:58:49Z,21.32,59.19,14,0,23.72,100.87,0.00,405.00,null,null,null
2023-09-23T02:59:49Z,21.30,59.21,14,0,24.19,100.86,1.00,413.00,null,null,null
