TIME,TEMP,HUM,BATT,LIGHT,NOISE_A,PRESS,CCS811_VOCS,CCS811_ECO2,PM_1,PM_25,PM_10
ISO 8601,C,%,%,Lux,dBA,kPa,ppb,ppm,ug/m3,ug/m3,ug/m3
Time,Temperature,Humidity,Battery,Light,Noise dBA,Barometric pressure,VOC Gas CCS811,eCO2 Gas CCS811,PM 1.0,PM 2.5,PM 10.0
,55,56,10,14,53,58,113,112,89,87,88
2023-08-14T00:00:14Z,22.24,63.50,98,0,28.55,101.31,70.00,865.00,null,null,null
2023-08-14T00:01:14Z,22.28,63.61,98,0,25.35,101.31,79.00,925.00,null,null,null
2023-08-14T00:02:14Z,22.26,63.54,98,0,28.47,101.31,75.00,895.00,null,null,null
2023-08-14T00:03:14Z,22.28,63.63,98,0,31.72,101.31,83.00,945.00,null,null,null
2023-08-14T00:04:14Z,22.25,63.62,98,0,37.59,101.31,83.00,945.00,2,2,2
2023-08-14T00:05:14Z,22.26,63.54,98,0,35.39,101.31,83.00,945.00,null,null,null
2023-08-14T00:06:14Z,22.26,63.62,98,0,29.88,101.30,75.00,895.00,null,null,null
2023-08-14T00:07:14Z,22.28,63.45,98,0,25.95,101.31,75.00,895.00,null,null,null
2023-08-14T00:08:14Z,22.26,63.42,98,0,25.19,101.30,73.00,882.00,null,null,null
2023-08-14T00:09:14Z,22.26,63.55,98,0,29.07,101.30,68.00,848.00,3,4,4
2023-08-14T00:10:14Z,22.28,63.77,98,0,31.45,101.30,75.00,895.00,null,null,null
2023-08-14T00:11:14Z,22.26,63.61,98,0,32.26,101.29,76.00,905.00,null,null,null
2023-08-14T00:12:14Z,22.28,63.69,98,0,30.07,101.29,78.00,913.00,null,null,null
2023-08-14T00:13:14Z,22.28,63.56,98,0,30.12,101.30,75.00,895.00,null,null,null
2023-08-14T00:14:14Z,22.28,63.65,98,0,33.39,101.29,78.00,913.00,3,3,11
2023-08-14T00:15:14Z,22.28,63.67,98,0,35.13,101.29,86.00,967.00,null,null,null
2023-08-14T00:16:14Z,22.28,63.60,98,0,28.96,101.28,80.00,930.00,null,null,null
2023-08-14T00:17:14Z,22.29,63.65,98,0,32.34,101.28,75.00,895.00,null,null,null
2023-08-14T00:18:14Z,22.26,63.67,98,0,33.37,101.29,80.00,930.00,null,null,null
2023-08-14T00:19:14Z,22.28,63.65,98,0,29.47,101.29,80.00,930.00,4,6,6
2023-08-14T00:20:14Z,22.28,63.74,98,0,35.87,101.29,86.00,967.00,null,null,null
2023-08-14T00:21:14Z,22.31,63.97,98,0,31.45,101.29,94.00,1019.00,null,null,null
2023-08-14T00:22:14Z,22.29,63.75,98,0,36.39,101.28,93.00,1012.00,null,null,null
2023-08-14T00:23:14Z,22.29,63.73,98,0,31.96,101.29,90.00,995.00,null,null,null
2023-08-14T00:24:14Z,22.29,63.72,98,0,32.82,101.28,86.00,967.00,1,1,1
2023-08-14T00:25:14Z,22.32,63.79,98,0,28.12,101.29,86.00,967.00,null,null,null
2023-08-14T00:26:14Z,22.31,63.77,98,0,33.13,101.28,90.00,995.00,null,null,null
2023-08-14T00:27:14Z,22.31,63.73,98,0,23.86,101.28,93.00,1012.00,null,null,null
2023-08-14T00:28:14Z,22.31,63.82,98,0,30.19,101.29,94.00,1019.00,null,null,null
2023-08-14T00:29:14Z,22.32,63.78,98,0,33.51,101.28,90.00,995.00,0,0,0
2023-08-14T00:30:14Z,22.31,63.87,98,0,31.51,101.28,87.00,972.00,null,null,null
2023-08-14T00:31:14Z,22.31,63.73,98,0,28.63,101.28,85.00,959.00,null,null,null
2023-08-14T00:32:14Z,22.31,63.82,98,0,25.16,101.29,92.00,1004.00,null,null,null
2023-08-14T00:33:14Z,22.29,63.87,98,0,27.96,101.28,93.00,1012.00,null,null,null
2023-08-14T00:34:14Z,22.28,63.80,98,0,27.12,101.28,90.00,995.00,2,2,2
2023-08-14T00:35:14Z,22.31,63.82,98,0,34.31,101.28,81.00,935.00,null,null,null
2023-08-14T00:36:14Z,22.31,63.93,98,0,39.73,101.28,90.00,995.00,null,null,null
2023-08-14T00:37:14Z,22.28,63.86,98,0,24.35,101.28,87.00,972.00,null,null,null
2023-08-14T00:38:14Z,22.28,63.93,98,0,27.49,101.28,87.00,972.00,null,null,null
2023-08-14T00:39:14Z,22.29,63.97,98,0,31.98,101.28,93.00,1012.00,2,2,2
2023-08-14T00:40:14Z,22.28,64.02,98,0,25.47,101.28,87.00,972.00,null,null,null
2023-08-14T00:41:14Z,22.31,64.11,98,0,26.19,101.27,90.00,995.00,null,null,null
2023-08-14T00:42:14Z,22.28,64.12,98,0,27.36,101.28,87.00,972.00,null,null,null
2023-08-14T00:43:14Z,22.26,64.05,98,0,25.59,101.28,81.00,935.00,null,null,null
2023-08-14T00:44:14Z,22.28,64.08,98,0,28.66,101.28,81.00,935.00,3,3,3
2023-08-14T00:45:14Z,22.28,64.13,98,0,30.71,101.27,72.00,874.00,null,null,null
2023-08-14T00:46:14Z,22.28,64.32,98,0,32.35,101.27,79.00,923.00,null,null,null
2023-08-14T00:47:14Z,22.28,64.17,98,0,32.34,101.27,78.00,918.00,null,null,null
2023-08-14T00:48:14Z,22.29,64.28,98,0,34.49,101.27,74.00,887.00,null,null,null
2023-08-14T00:49:14Z,22.26,64.35,98,0,31.16,101.27,71.00,870.00,3,3,3
2023-08-14T00:50:14Z,22.29,64.30,98,0,29.42,101.27,61.00,804.00,null,null,null
2023-08-14T00:51:14Z,22.28,64.34,98,0,28.37,101.27,55.00,765.00,null,null,null
2023-08-14T00:52:14Z,22.25,64.37,98,0,28.37,101.27,64.00,821.00,null,null,null
2023-08-14T00:53:14Z,22.26,64.43,98,0,24.86,101.27,59.00,793.00,null,null,null
2023-08-14T00:54:14Z,22.25,64.36,98,0,23.90,101.27,55.00,765.00,4,4,4
2023-08-14T00:55:14Z,22.25,64.35,98,0,34.40,101.27,55.00,765.00,null,null,null
2023-08-14T00:56:14Z,22.25,64.29,98,0,34.03,101.27,59.00,793.00,null,null,null
2023-08-14T00:57:14Z,22.26,64.48,98,0,31.40,101.26,71.00,870.00,null,null,null
2023-08-14T00:58:14Z,22.25,64.50,98,0,23.30,101.26,78.00,918.00,null,null,null
2023-08-14T00:59:14Z,22.26,64.41,98,0,23.77,101.26,76.00,900.00,0,0,0
2023-08-14T01:00:14Z,22.29,64.52,98,0,30.64,101.26,76.00,900.00,null,null,null
2023-08-14T01:01:14Z,22.26,64.62,98,0,33.11,101.26,80.00,930.00,null,null,null
2023-08-14T01:02:14Z,22.25,64.47,98,0,27.18,101.25,68.00,851.00,null,null,null
2023-08-14T01:03:14Z,22.24,64.45,98,0,29.07,101.26,61.00,804.00,null,null,null
2023-08-14T01:04:14Z,22.24,64.57,98,0,32.29,101.26,70.00,865.00,0,0,0
2023-08-14T01:05:14Z,22.26,64.67,98,0,30.82,101.26,66.00,834.00,null,null,null
2023-08-14T01:06:14Z,22.24,64.51,98,0,28.84,101.26,57.00,776.00,null,null,null
2023-08-14T01:07:14Z,22.24,64.77,98,0,25.19,101.26,66.00,834.00,null,null,null
2023-08-14T01:08:14Z,22.24,64.70,98,0,26.50,101.26,64.00,825.00,null,null,null
2023-08-14T01:09:14Z,22.22,64.56,98,0,25.09,101.26,70.00,865.00,1,1,1
2023-08-14T01:10:14Z,22.22,64.63,98,0,25.79,101.26,72.00,877.00,null,null,null
2023-08-14T01:11:14Z,22.26,64.69,98,0,31.81,101.26,78.00,913.00,null,null,null
2023-08-14T01:12:14Z,22.24,64.72,98,0,32.79,101.25,73.00,882.00,null,null,null
2023-08-14T01:13:14Z,22.22,64.66,98,0,29.77,101.25,78.00,913.00,null,null,null
2023-08-14T01:14:14Z,22.22,64.64,98,0,29.04,101.25,66.00,834.00,3,4,4
2023-08-14T01:15:14Z,22.24,64.63,98,0,26.03,101.24,63.00,817.00,null,null,null
2023-08-14T01:16:14Z,22.24,64.70,98,0,24.68,101.24,61.00,806.00,null,null,null
2023-08-14T01:17:14Z,22.22,64.64,98,0,23.25,101.24,59.00,791.00,null,null,null
2023-08-14T01:18:14Z,22.19,64.84,98,0,25.65,101.24,51.00,737.00,null,null,null
2023-08-14T01:19:14Z,22.21,65.00,98,0,24.83,101.24,47.00,714.00,3,4,4
2023-08-14T01:20:14Z,22.22,64.71,98,0,30.09,101.24,50.00,730.00,null,null,null
2023-08-14T01:21:14Z,22.19,64.76,98,0,30.43,101.24,55.00,763.00,null,null,null
2023-08-14T01:22:14Z,22.19,64.76,98,0,27.24,101.24,57.00,780.00,null,null,null
2023-08-14T01:23:14Z,22.21,64.78,98,0,29.93,101.25,57.00,780.00,null,null,null
2023-08-14T01:24:14Z,22.21,65.01,98,0,29.48,101.24,69.00,853.00,1,1,1
2023-08-14T01:25:14Z,22.24,65.02,98,0,26.24,101.24,76.00,902.00,null,null,null
2023-08-14T01:26:14Z,22.22,64.89,98,0,24.65,101.23,76.00,902.00,null,null,null
2023-08-14T01:27:14Z,22.24,64.85,98,0,28.31,101.23,74.00,887.00,null,null,null
2023-08-14T01:28:14Z,22.19,64.96,98,0,30.08,101.23,71.00,868.00,null,null,null
2023-08-14T01:29:14Z,22.19,64.79,98,0,25.44,101.23,74.00,887.00,2,2,2
2023-08-14T01:30:14Z,22.22,65.01,98,0,28.02,101.23,71.00,868.00,null,null,null
2023-08-14T01:31:14Z,22.21,64.76,98,0,25.56,101.23,69.00,853.00,null,null,null
2023-08-14T01:32:14Z,22.22,64.85,98,0,28.15,101.23,66.00,836.00,null,null,null
2023-08-14T01:33:14Z,22.19,64.92,98,0,27.18,101.22,71.00,868.00,null,null,null
2023-08-14T01:34:14Z,22.21,64.98,98,0,26.26,101.22,81.00,935.00,0,0,0
2023-08-14T01:35:14Z,22.21,64.84,98,0,24.72,101.22,78.00,918.00,null,null,null
2023-08-14T01:36:14Z,22.22,64.91,98,0,28.14,101.22,78.00,918.00,null,null,null
2023-08-14T01:37:14Z,22.21,65.13,98,0,27.16,101.22,86.00,970.00,null,null,null
2023-08-14T01:38:14Z,22.25,64.98,98,0,30.90,101.22,86.00,970.00,null,null,null
2023-08-14T01:39:14Z,22.21,65.05,98,0,34.41,101.22,82.00,942.00,0,0,0
2023-08-14T01:40:14Z,22.24,65.20,98,0,26.19,101.22,86.00,970.00,null,null,null
2023-08-14T01:41:14Z,22.24,64.94,98,0,23.94,101.22,81.00,935.00,null,null,null
2023-08-14T01:42:14Z,22.21,65.13,98,0,25.84,101.22,83.00,951.00,null,null,null
2023-08-14T01:43:14Z,22.24,64.88,98,0,32.58,101.22,83.00,951.00,null,null,null
2023-08-14T01:44:14Z,22.21,65.17,98,0,32.09,101.22,86.00,970.00,1,1,1
2023-08-14T01:45:14Z,22.25,64.89,98,0,34.81,101.22,71.00,868.00,null,null,null
2023-08-14T01:46:14Z,22.22,64.93,98,0,32.86,101.22,67.00,840.00,null,null,null
2023-08-14T01:47:14Z,22.22,64.98,98,0,36.42,101.22,71.00,868.00,null,null,null
2023-08-14T01:48:14Z,22.21,64.84,98,0,27.64,101.21,69.00,853.00,null,null,null
2023-08-14T01:49:14Z,22.21,65.01,98,0,29.57,101.21,76.00,902.00,2,4,4
2023-08-14T01:50:14Z,22.22,64.92,98,0,29.79,101.21,74.00,887.00,null,null,null
2023-08-14T01:51:14Z,22.24,64.83,98,0,25.59,101.21,74.00,887.00,null,null,null
2023-08-14T01:52:14Z,22.21,64.96,98,0,31.70,101.21,71.00,868.00,null,null,null
2023-08-14T01:53:14Z,22.21,64.87,98,0,31.43,101.21,69.00,853.00,null,null,null
2023-08-14T01:54:14Z,22.21,64.79,98,0,30.05,101.21,66.00,836.00,1,1,1
2023-08-14T01:55:14Z,22.21,64.81,98,0,29.70,101.21,71.00,868.00,null,null,null
2023-08-14T01:56:14Z,22.24,64.98,98,0,31.84,101.21,81.00,935.00,null,null,null
2023-08-14T01:57:14Z,22.22,64.97,98,0,27.28,101.20,83.00,951.00,null,null,null
2023-08-14T01:58:14Z,22.22,64.95,98,0,27.57,101.20,86.00,970.00,null,null,null
2023-08-14T01:59:14Z,22.21,65.07,98,0,47.97,101.20,86.00,970.00,2,2,2
2023-08-14T02:00:14Z,22.22,64.95,98,0,22.99,101.20,78.00,918.00,null,null,null
2023-08-14T02:01:14Z,22.24,64.80,98,0,27.30,101.20,74.00,887.00,null,null,null
2023-08-14T02:02:14Z,22.21,64.81,98,0,28.64,101.20,74.00,887.00,null,null,null
2023-08-14T02:03:14Z,22.22,64.90,98,0,28.98,101.20,81.00,935.00,null,null,null
2023-08-14T02:04:14Z,22.22,64.87,98,0,30.44,101.20,78.00,918.00,0,0,0
2023-08-14T02:05:14Z,22.22,64.90,98,0,26.64,101.20,78.00,918.00,null,null,null
2023-08-14T02:06:14Z,22.24,64.93,98,0,28.51,101.20,83.00,951.00,null,null,null
2023-08-14T02:07:14Z,22.22,65.03,98,0,24.50,101.21,92.00,1004.00,null,null,null
2023-08-14T02:08:14Z,22.24,65.10,98,0,33.35,101.21,96.00,1032.00,null,null,null
2023-08-14T02:09:14Z,22.22,64.93,98,0,27.26,101.20,86.00,970.00,0,0,0
2023-08-14T02:10:14Z,22.22,64.78,98,0,23.49,101.20,76.00,902.00,null,null,null
2023-08-14T02:11:14Z,22.22,64.92,98,0,24.76,101.20,78.00,918.00,null,null,null
2023-08-14T02:12:14Z,22.24,65.06,98,0,30.86,101.20,89.00,990.00,null,null,null
2023-08-14T02:13:14Z,22.21,64.81,98,0,33.86,101.20,83.00,951.00,null,null,null
2023-08-14T02:14:14Z,22.22,64.84,98,0,29.62,101.20,81.00,935.00,1,1,9
2023-08-14T02:15:14Z,22.24,65.07,98,0,25.67,101.20,76.00,902.00,null,null,null
2023-08-14T02:16:14Z,22.22,64.75,98,0,25.59,101.20,66.00,836.00,null,null,null
2023-08-14T02:17:14Z,22.22,64.98,98,0,26.73,101.20,78.00,918.00,null,null,null
2023-08-14T02:18:14Z,22.21,65.20,98,0,30.70,101.20,81.00,935.00,null,null,null
2023-08-14T02:19:14Z,22.22,65.14,98,0,31.88,101.19,76.00,902.00,0,0,0
2023-08-14T02:20:14Z,22.22,65.00,98,0,33.23,101.19,62.00,808.00,null,null,null
2023-08-14T02:21:14Z,22.21,65.21,98,0,33.71,101.20,69.00,853.00,null,null,null
2023-08-14T02:22:14Z,22.22,65.21,98,0,28.07,101.20,71.00,868.00,null,null,null
2023-08-14T02:23:14Z,22.19,64.97,98,0,28.20,101.20,66.00,836.00,null,null,null
2023-08-14T02:24:14Z,22.18,65.27,98,0,32.78,101.20,69.00,853.00,0,1,1
2023-08-14T02:25:14Z,22.21,65.15,98,0,27.66,101.20,63.00,817.00,null,null,null
2023-08-14T02:26:14Z,22.18,65.34,98,0,24.31,101.20,71.00,868.00,null,null,null
2023-08-14T02:27:14Z,22.21,65.38,98,0,23.45,101.20,69.00,857.00,null,null,null
2023-08-14T02:28:14Z,22.22,65.15,98,0,31.05,101.20,61.00,802.00,null,null,null
2023-08-14T02:29:14Z,22.18,65.68,98,0,31.83,101.20,60.00,798.00,1,1,1
2023-08-14T02:30:14Z,22.18,65.22,98,0,31.55,101.20,59.00,791.00,null,null,null
2023-08-14T02:31:14Z,22.19,65.49,98,0,25.22,101.20,71.00,868.00,null,null,null
2023-08-14T02:32:14Z,22.18,65.40,98,0,29.32,101.20,69.00,857.00,null,null,null
2023-08-14T02:33:14Z,22.19,65.35,98,0,26.71,101.19,75.00,895.00,null,null,null
2023-08-14T02:34:14Z,22.21,65.42,98,0,30.40,101.19,82.00,942.00,0,5,5
2023-08-14T02:35:14Z,22.22,65.40,98,0,33.04,101.20,80.00,927.00,null,null,null
2023-08-14T02:36:14Z,22.22,65.38,98,0,33.20,101.19,82.00,942.00,null,null,null
2023-08-14T02:37:14Z,22.24,65.29,98,0,34.47,101.19,82.00,942.00,null,null,null
2023-08-14T02:38:14Z,22.22,65.39,98,0,28.77,101.19,85.00,961.00,null,null,null
2023-08-14T02:39:14Z,22.21,65.52,98,0,27.99,101.19,88.00,981.00,0,0,0
2023-08-14T02:40:14Z,22.22,65.49,98,0,28.47,101.19,82.00,942.00,null,null,null
2023-08-14T02:41:14Z,22.22,65.53,98,0,24.23,101.19,82.00,942.00,null,null,null
2023-08-14T02:42:14Z,22.22,65.32,98,0,26.60,101.19,82.00,942.00,null,null,null
2023-08-14T02:43:14Z,22.21,65.45,98,0,22.24,101.19,85.00,961.00,null,null,null
2023-08-14T02:44:14Z,22.19,65.63,98,0,26.50,101.19,90.00,995.00,1,1,1
2023-08-14T02:45:14Z,22.24,65.58,98,0,38.40,101.19,93.00,1017.00,null,null,null
2023-08-14T02:46:14Z,22.24,65.40,98,0,26.91,101.19,82.00,942.00,null,null,null
2023-08-14T02:47:14Z,22.21,65.55,98,0,30.70,101.19,88.00,981.00,null,null,null
2023-08-14T02:48:14Z,22.21,65.40,98,0,29.11,101.19,90.00,995.00,null,null,null
2023-08-14T02:49:14Z,22.19,65.46,98,0,28.87,101.19,85.00,961.00,4,4,4
2023-08-14T02:50:14Z,22.24,65.50,98,0,30.29,101.19,88.00,981.00,null,null,null
2023-08-14T02:51:14Z,22.22,65.52,98,0,26.91,101.19,90.00,995.00,null,null,null
2023-08-14T02:52:14Z,22.22,65.61,98,0,24.72,101.19,93.00,1017.00,null,null,null
2023-08-14T02:53:14Z,22.24,65.62,98,0,25.76,101.19,88.00,981.00,null,null,null
2023-08-14T02:54:14Z,22.22,65.49,98,0,27.94,101.19,85.00,961.00,2,2,2
2023-08-14T02:55:14Z,22.21,65.47,98,0,32.39,101.19,82.00,942.00,null,null,null
2023-08-14T02:56:14Z,22.24,65.63,98,0,24.07,101.19,90.00,995.00,null,null,null
2023-08-14T02:57:14Z,22.21,65.55,98,0,25.06,101.19,93.00,1017.00,null,null,null
2023-08-14T02:58:14Z,22.21,65.73,98,0,25.13,101.19,100.00,1062.00,null,null,null
2023-08-14T02:59:14Z,22.21,65.72,98,0,28.87,101.19,103.00,1081.00,2,4,4
