TIME,TEMP,HUM,BATT,LIGHT,NOISE_A,PRESS,CCS811_VOCS,CCS811_ECO2,PM_1,PM_25,PM_10
ISO 8601,C,%,%,Lux,dBA,kPa,ppb,ppm,ug/m3,ug/m3,ug/m3
Time,Temperature,Humidity,Battery,Light,Noise dBA,Barometric pressure,VOC Gas CCS811,eCO2 Gas CCS811,PM 1.0,PM 2.5,PM 10.0
,55,56,10,14,53,58,113,112,89,87,88
2023-09-12T00:00:04Z,25.40,67.87,85,0,43.66,101.27,59.00,791.00,2,2,2
2023-09-12T00:01:04Z,25.40,67.96,85,0,38.48,101.27,57.00,780.00,null,null,null
2023-09-12T00:02:04Z,25.40,67.98,85,0,42.37,101.27,59.00,791.00,null,null,null
2023-09-12T00:03:04Z,25.41,67.81,85,0,37.09,101.27,57.00,780.00,null,null,null
2023-09-12T00:04:04Z,25.38,67.81,85,0,42.17,101.27,56.00,770.00,null,null,null
2023-09-12T00:05:04Z,25.38,67.75,85,0,39.86,101.27,54.00,761.00,4,7,7
2023-09-12T00:06:04Z,25.35,67.97,85,0,38.29,101.27,52.00,744.00,null,null,null
2023-09-12T00:07:04Z,25.38,68.06,85,0,46.25,101.27,53.00,752.00,null,null,null
2023-09-12T00:08:04Z,25.37,67.84,85,0,43.06,101.27,52.00,744.00,null,null,null
2023-09-12T00:09:04Z,25.37,68.00,85,0,39.65,101.27,52.00,744.00,null,null,null
2023-09-12T00:10:04Z,25.38,67.98,85,0,42.10,101.27,52.00,744.00,6,8,8
2023-09-12T00:11:04Z,25.37,67.81,85,0,41.24,101.26,52.00,744.00,null,null,null
2023-09-12T00:12:04Z,25.38,67.87,85,0,38.12,101.27,49.00,726.00,null,null,null
2023-09-12T00:13:04Z,25.35,67.88,85,0,45.38,101.26,49.00,726.00,null,null,null
2023-09-12T00:14:04Z,25.35,67.92,85,0,37.13,101.26,49.00,726.00,null,null,null
2023-09-12T00:15:04Z,25.34,67.81,85,0,42.82,101.27,47.00,714.00,7,8,8
2023-09-12T00:16:04Z,25.35,67.94,85,0,41.94,101.26,46.00,702.00,null,null,null
2023-09-12T00:17:04Z,25.34,67.88,85,0,40.28,101.26,46.00,702.00,null,null,null
2023-09-12T00:18:04Z,25.31,67.77,85,0,44.18,101.26,43.00,686.00,null,null,null
2023-09-12T00:19:04Z,25.34,67.95,85,0,45.67,101.26,43.00,686.00,null,null,null
2023-09-12T00:20:04Z,25.34,68.14,85,0,41.80,101.26,44.00,694.00,7,9,9
2023-09-12T00:21:04Z,25.34,67.84,85,0,33.46,101.26,43.00,686.00,null,null,null
2023-09-12T00:22:04Z,25.32,67.90,85,0,36.97,101.26,43.00,686.00,null,null,null
2023-09-12T00:23:04Z,25.34,67.94,85,0,43.75,101.26,43.00,686.00,null,null,null
2023-09-12T00:24:04Z,25.35,67.76,85,0,42.09,101.26,42.00,682.00,null,null,null
2023-09-12T00:25:04Z,25.32,67.98,85,0,37.65,101.26,43.00,686.00,4,7,7
2023-09-12T00:26:04Z,25.34,67.97,85,0,42.64,101.26,43.00,686.00,null,null,null
2023-09-12T00:27:04Z,25.35,67.87,85,0,42.24,101.26,42.00,682.00,null,null,null
2023-09-12T00:28:04Z,25.34,68.11,85,0,39.83,101.26,43.00,686.00,null,null,null
2023-09-12T00:29:04Z,25.32,67.83,85,0,35.42,101.26,43.00,686.00,null,null,null
2023-09-12T00:30:04Z,25.32,68.03,85,0,42.33,101.26,43.00,686.00,2,2,2
2023-09-12T00:31:04Z,25.32,67.96,85,0,39.48,101.26,44.00,694.00,null,null,null
2023-09-12T00:32:04Z,25.35,68.05,85,0,44.77,101.26,43.00,686.00,null,null,null
2023-09-12T00:33:04Z,25.34,68.08,85,0,42.04,101.26,44.00,694.00,null,null,null
2023-09-12T00:34:04Z,25.34,68.17,85,0,44.17,101.26,44.00,694.00,null,null,null
2023-09-12T00:35:04Z,25.35,68.01,85,0,42.01,101.26,44.00,694.00,7,8,8
2023-09-12T00:36:04Z,25.34,68.16,85,0,48.10,101.26,42.00,682.00,null,null,null
2023-09-12T00:37:04Z,25.32,68.06,85,0,44.10,101.26,43.00,686.00,null,null,null
2023-09-12T00:38:04Z,25.34,68.23,85,0,38.38,101.26,42.00,682.00,null,null,null
2023-09-12T00:39:04Z,25.38,68.36,85,0,35.77,101.26,42.00,682.00,null,null,null
2023-09-12T00:40:04Z,25.32,68.40,85,0,36.49,101.26,42.00,679.00,6,8,8
2023-09-12T00:41:04Z,25.35,68.35,85,0,39.97,101.26,42.00,679.00,null,null,null
2023-09-12T00:42:04Z,25.38,68.44,85,0,44.19,101.26,43.00,688.00,null,null,null
2023-09-12T00:43:04Z,25.35,68.48,85,0,44.08,101.26,46.00,708.00,null,null,null
2023-09-12T00:44:04Z,25.37,68.07,85,0,42.99,101.26,47.00,715.00,null,null,null
2023-09-12T00:45:04Z,25.37,68.21,85,0,45.72,101.26,47.00,714.00,5,7,7
2023-09-12T00:46:04Z,25.38,68.04,85,0,43.18,101.26,47.00,714.00,null,null,null
2023-09-12T00:47:04Z,25.40,68.17,85,0,44.69,101.27,46.00,702.00,null,null,null
2023-09-12T00:48:04Z,25.38,67.99,85,0,43.72,101.26,46.00,702.00,null,null,null
2023-09-12T00:49:04Z,25.34,68.17,85,0,40.29,101.26,44.00,694.00,null,null,null
2023-09-12T00:50:04Z,25.34,68.13,85,0,40.64,101.26,46.00,702.00,5,8,8
2023-09-12T00:51:04Z,25.37,68.17,85,0,40.06,101.26,44.00,694.00,null,null,null
2023-09-12T00:52:04Z,25.38,68.07,85,0,39.68,101.26,44.00,694.00,null,null,null
2023-09-12T00:53:04Z,25.34,68.02,85,0,43.89,101.26,44.00,694.00,null,null,null
2023-09-12T00:54:04Z,25.34,68.09,85,0,44.84,101.26,43.00,686.00,null,null,null
2023-09-12T00:55:04Z,25.32,68.09,85,0,43.50,101.26,42.00,682.00,8,10,10
2023-09-12T00:56:04Z,25.32,68.27,85,0,44.21,101.26,42.00,682.00,null,null,null
2023-09-12T00:57:04Z,25.32,68.08,85,0,45.20,101.26,41.00,675.00,null,null,null
2023-09-12T00:58:04Z,25.35,68.38,85,0,44.04,101.26,42.00,682.00,null,null,null
2023-09-12T00:59:04Z,25.35,68.13,85,0,48.38,101.26,41.00,675.00,null,null,null
2023-09-12T01:00:04Z,25.31,68.26,85,0,43.63,101.25,42.00,682.00,4,5,5
2023-09-12T01:01:04Z,25.32,68.20,85,0,46.40,101.25,42.00,679.00,null,null,null
2023-09-12T01:02:04Z,25.35,68.03,85,0,44.92,101.25,42.00,682.00,null,null,null
2023-09-12T01:03:04Z,25.32,68.32,85,0,41.90,101.25,42.00,682.00,null,null,null
2023-09-12T01:04:04Z,25.34,68.34,85,0,41.69,101.25,41.00,675.00,null,null,null
2023-09-12T01:05:04Z,25.32,68.35,85,0,48.74,101.24,41.00,675.00,4,4,4
2023-09-12T01:06:04Z,25.34,68.31,85,0,40.50,101.25,42.00,679.00,null,null,null
2023-09-12T01:07:04Z,25.38,68.52,85,0,46.04,101.24,45.00,697.00,null,null,null
2023-09-12T01:08:04Z,25.37,68.24,85,0,42.76,101.24,45.00,697.00,null,null,null
2023-09-12T01:09:04Z,25.37,68.46,85,0,36.54,101.24,47.00,714.00,null,null,null
2023-09-12T01:10:04Z,25.35,68.19,85,0,42.68,101.24,43.00,688.00,7,10,10
2023-09-12T01:11:04Z,25.37,68.15,85,0,41.83,101.24,44.00,694.00,null,null,null
2023-09-12T01:12:04Z,25.38,68.43,85,0,46.17,101.25,47.00,714.00,null,null,null
2023-09-12T01:13:04Z,25.37,68.39,85,0,44.60,101.24,46.00,708.00,null,null,null
2023-09-12T01:14:04Z,25.37,68.13,85,0,45.14,101.24,45.00,697.00,null,null,null
2023-09-12T01:15:04Z,25.38,68.26,85,0,42.95,101.24,44.00,694.00,3,3,3
2023-09-12T01:16:04Z,25.37,68.47,85,0,43.34,101.24,45.00,697.00,null,null,null
2023-09-12T01:17:04Z,25.37,68.42,85,0,44.27,101.24,45.00,697.00,null,null,null
2023-09-12T01:18:04Z,25.35,68.20,85,0,43.79,101.24,47.00,715.00,null,null,null
2023-09-12T01:19:04Z,25.37,68.04,85,0,43.52,101.24,47.00,714.00,null,null,null
2023-09-12T01:20:04Z,25.35,67.91,85,0,47.23,101.24,46.00,702.00,2,2,2
2023-09-12T01:21:04Z,25.35,67.99,84,0,40.14,101.24,43.00,686.00,null,null,null
2023-09-12T01:22:04Z,25.32,67.98,84,0,46.30,101.24,42.00,682.00,null,null,null
2023-09-12T01:23:04Z,25.34,68.12,85,0,47.00,101.24,42.00,682.00,null,null,null
2023-09-12T01:24:04Z,25.37,68.27,85,0,41.11,101.24,42.00,682.00,null,null,null
2023-09-12T01:25:04Z,25.35,68.36,85,0,46.03,101.24,42.00,679.00,1,1,1
2023-09-12T01:26:04Z,25.37,68.27,84,0,41.52,101.24,43.00,688.00,null,null,null
2023-09-12T01:27:04Z,25.37,68.01,85,0,41.29,101.24,45.00,697.00,null,null,null
2023-09-12T01:28:04Z,25.38,67.79,85,0,46.52,101.24,44.00,694.00,null,null,null
2023-09-12T01:29:04Z,25.35,67.98,84,0,45.51,101.24,44.00,694.00,null,null,null
2023-09-12T01:30:04Z,25.38,68.12,85,0,41.70,101.24,44.00,694.00,3,4,4
2023-09-12T01:31:04Z,25.37,67.75,85,0,45.36,101.24,44.00,694.00,null,null,null
2023-09-12T01:32:04Z,25.37,67.70,84,0,46.46,101.24,43.00,686.00,null,null,null
2023-09-12T01:33:04Z,25.38,67.37,85,0,46.15,101.23,44.00,694.00,null,null,null
2023-09-12T01:34:04Z,25.37,67.45,84,0,41.57,101.24,44.00,690.00,null,null,null
2023-09-12T01:35:04Z,25.40,67.81,85,0,43.78,101.24,44.00,690.00,2,2,2
2023-09-12T01:36:04Z,25.37,67.39,85,0,41.89,101.24,42.00,682.00,null,null,null
2023-09-12T01:37:04Z,25.35,67.39,85,0,42.70,101.24,42.00,678.00,null,null,null
2023-09-12T01:38:04Z,25.34,67.16,84,0,41.85,101.24,41.00,671.00,null,null,null
2023-09-12T01:39:04Z,25.37,67.56,84,0,47.00,101.24,41.00,675.00,null,null,null
2023-09-12T01:40:04Z,25.35,67.74,84,0,44.62,101.24,42.00,678.00,6,8,8
2023-09-12T01:41:04Z,25.40,67.72,84,0,43.68,101.24,44.00,690.00,null,null,null
2023-09-12T01:42:04Z,25.40,67.75,84,0,41.99,101.24,44.00,694.00,null,null,null
2023-09-12T01:43:04Z,25.41,67.80,84,0,48.79,101.24,46.00,702.00,null,null,null
2023-09-12T01:44:04Z,25.40,67.86,84,0,45.45,101.24,47.00,714.00,null,null,null
2023-09-12T01:45:04Z,25.41,67.69,84,0,42.31,101.24,49.00,726.00,4,4,4
2023-09-12T01:46:04Z,25.44,67.70,84,0,39.96,101.24,50.00,733.00,null,null,null
2023-09-12T01:47:04Z,25.43,67.43,84,0,45.26,101.24,52.00,742.00,null,null,null
2023-09-12T01:48:04Z,25.43,67.01,84,0,44.23,101.24,49.00,726.00,null,null,null
2023-09-12T01:49:04Z,25.45,67.40,84,0,48.87,101.24,50.00,732.00,null,null,null
2023-09-12T01:50:04Z,25.45,67.69,84,0,45.89,101.24,49.00,726.00,2,2,2
2023-09-12T01:51:04Z,25.45,67.66,84,0,40.97,101.24,50.00,733.00,null,null,null
2023-09-12T01:52:04Z,25.45,67.64,84,0,42.24,101.24,52.00,742.00,null,null,null
2023-09-12T01:53:04Z,25.47,67.60,84,0,42.53,101.24,53.00,752.00,null,null,null
2023-09-12T01:54:04Z,25.47,67.53,84,0,42.19,101.24,54.00,761.00,null,null,null
2023-09-12T01:55:04Z,25.47,67.50,84,0,44.54,101.24,54.00,761.00,1,1,1
2023-09-12T01:56:04Z,25.47,67.13,84,0,41.04,101.24,53.00,752.00,null,null,null
2023-09-12T01:57:04Z,25.45,67.40,84,0,41.63,101.24,54.00,759.00,null,null,null
2023-09-12T01:58:04Z,25.47,67.41,84,0,44.89,101.24,53.00,752.00,null,null,null
2023-09-12T01:59:04Z,25.48,67.08,84,0,45.13,101.24,53.00,752.00,null,null,null
2023-09-12T02:00:04Z,25.44,67.21,84,0,40.89,101.24,53.00,748.00,0,3,3
2023-09-12T02:01:04Z,25.45,67.40,84,0,42.88,101.24,53.00,748.00,null,null,null
2023-09-12T02:02:04Z,25.48,66.94,84,0,45.32,101.24,49.00,726.00,null,null,null
2023-09-12T02:03:04Z,25.44,66.84,84,0,38.54,101.24,50.00,732.00,null,null,null
2023-09-12T02:04:04Z,25.44,67.23,84,0,45.21,101.24,50.00,732.00,null,null,null
2023-09-12T02:05:04Z,25.44,66.62,84,0,44.52,101.25,50.00,732.00,5,5,5
2023-09-12T02:06:04Z,25.44,66.77,84,0,40.43,101.25,50.00,732.00,null,null,null
2023-09-12T02:07:04Z,25.44,66.73,84,0,40.40,101.25,46.00,708.00,null,null,null
2023-09-12T02:08:04Z,25.44,66.76,84,0,41.02,101.25,46.00,706.00,null,null,null
2023-09-12T02:09:04Z,25.43,67.11,84,0,43.68,101.25,45.00,697.00,null,null,null
2023-09-12T02:10:04Z,25.43,67.17,84,0,45.82,101.25,45.00,697.00,2,2,2
2023-09-12T02:11:04Z,25.43,66.71,84,0,40.67,101.25,45.00,697.00,null,null,null
2023-09-12T02:12:04Z,25.44,66.92,84,0,45.06,101.25,46.00,702.00,null,null,null
2023-09-12T02:13:04Z,25.41,66.77,84,0,41.14,101.24,45.00,697.00,null,null,null
2023-09-12T02:14:04Z,25.40,66.73,84,0,46.47,101.24,43.00,683.00,null,null,null
2023-09-12T02:15:04Z,25.40,66.26,84,0,44.86,101.25,42.00,682.00,4,4,4
2023-09-12T02:16:04Z,25.38,66.81,84,0,42.23,101.24,39.00,657.00,null,null,null
2023-09-12T02:17:04Z,25.40,66.93,84,0,41.58,101.24,40.00,668.00,null,null,null
2023-09-12T02:18:04Z,25.38,66.96,84,0,42.50,101.24,41.00,675.00,null,null,null
2023-09-12T02:19:04Z,25.40,66.63,84,0,41.27,101.24,43.00,683.00,null,null,null
2023-09-12T02:20:04Z,25.37,66.22,84,0,44.12,101.24,42.00,682.00,2,2,2
2023-09-12T02:21:04Z,25.41,66.76,84,0,44.55,101.24,42.00,682.00,null,null,null
2023-09-12T02:22:04Z,25.41,66.91,84,0,40.52,101.24,41.00,675.00,null,null,null
2023-09-12T02:23:04Z,25.40,66.57,84,0,36.90,101.24,45.00,697.00,null,null,null
2023-09-12T02:24:04Z,25.40,66.65,84,0,44.84,101.24,44.00,690.00,null,null,null
2023-09-12T02:25:04Z,25.41,66.84,84,0,38.69,101.24,46.00,702.00,5,5,5
2023-09-12T02:26:04Z,25.43,66.55,84,0,40.54,101.25,45.00,697.00,null,null,null
2023-09-12T02:27:04Z,25.40,66.54,84,0,41.92,101.24,46.00,702.00,null,null,null
2023-09-12T02:28:04Z,25.41,66.48,84,0,39.63,101.25,44.00,690.00,null,null,null
2023-09-12T02:29:04Z,25.43,66.63,84,0,43.69,101.25,44.00,690.00,null,null,null
2023-09-12T02:30:04Z,25.41,66.04,84,0,44.63,101.25,44.00,690.00,1,1,1
2023-09-12T02:31:04Z,25.41,66.22,84,0,41.58,101.25,42.00,682.00,null,null,null
2023-09-12T02:32:04Z,25.38,66.53,84,0,42.63,101.25,42.00,682.00,null,null,null
2023-09-12T02:33:04Z,25.38,66.40,84,0,41.13,101.25,42.00,682.00,null,null,null
2023-09-12T02:34:04Z,25.40,66.10,84,0,43.79,101.25,41.00,674.00,null,null,null
2023-09-12T02:35:04Z,25.38,65.81,84,0,42.85,101.25,40.00,666.00,3,3,3
2023-09-12T02:36:04Z,25.35,66.06,84,0,46.74,101.25,38.00,650.00,null,null,null
2023-09-12T02:37:04Z,25.34,66.11,84,0,42.04,101.25,37.00,643.00,null,null,null
2023-09-12T02:38:04Z,25.34,66.14,84,0,40.35,101.25,37.00,643.00,null,null,null
2023-09-12T02:39:04Z,25.37,66.34,84,0,44.64,101.25,38.00,650.00,null,null,null
2023-09-12T02:40:04Z,25.32,66.01,84,0,43.92,101.25,37.00,643.00,1,1,1
2023-09-12T02:41:04Z,25.35,65.99,84,0,37.41,101.25,37.00,643.00,null,null,null
2023-09-12T02:42:04Z,25.34,66.22,84,0,39.93,101.25,37.00,643.00,null,null,null
2023-09-12T02:43:04Z,25.35,65.59,84,0,42.63,101.25,35.00,634.00,null,null,null
2023-09-12T02:44:04Z,25.31,66.02,84,0,44.70,101.25,36.00,640.00,null,null,null
2023-09-12T02:45:04Z,25.31,66.25,84,0,42.92,101.25,35.00,634.00,2,2,2
2023-09-12T02:46:04Z,25.31,65.47,84,0,46.96,101.25,32.00,615.00,null,null,null
2023-09-12T02:47:04Z,25.32,65.58,84,0,41.80,101.25,32.00,612.00,null,null,null
2023-09-12T02:48:04Z,25.31,65.79,84,0,40.30,101.25,32.00,612.00,null,null,null
2023-09-12T02:49:04Z,25.27,66.09,84,0,39.16,101.25,31.00,605.00,null,null,null
2023-09-12T02:50:04Z,25.28,65.77,84,0,40.95,101.25,31.00,605.00,4,4,4
2023-09-12T02:51:04Z,25.29,65.80,84,0,41.81,101.25,31.00,605.00,null,null,null
2023-09-12T02:52:04Z,25.29,65.55,84,0,38.96,101.25,29.00,594.00,null,null,null
2023-09-12T02:53:04Z,25.29,65.38,84,0,43.95,101.25,29.00,594.00,null,null,null
2023-09-12T02:54:04Z,25.28,65.56,84,0,40.87,101.25,29.00,592.00,null,null,null
2023-09-12T02:55:04Z,25.25,65.68,84,0,45.97,101.25,29.00,592.00,3,3,3
2023-09-12T02:56:04Z,25.27,65.81,84,0,44.21,101.25,28.00,586.00,null,null,null
2023-09-12T02:57:04Z,25.28,65.55,84,0,45.16,101.25,27.00,580.00,null,null,null
2023-09-12T02:58:04Z,25.27,65.57,84,0,47.47,101.25,29.00,592.00,null,null,null
2023-09-12T02:59:04Z,25.24,65.90,84,0,41.95,101.25,29.00,592.00,null,null,null
2023-09-12T03:00:04Z,25.27,66.04,84,0,45.05,101.25,36.00,637.00,4,4,4
2023-09-12T03:01:04Z,25.25,66.06,84,0,39.44,101.24,27.00,580.00,null,null,null
2023-09-12T03:02:04Z,25.27,66.22,84,0,41.95,101.25,29.00,594.00,null,null,null
2023-09-12T03:03:04Z,25.25,66.32,84,0,42.56,101.25,29.00,594.00,null,null,null
2023-09-12T03:04:04Z,25.25,66.46,84,0,41.41,101.24,29.00,594.00,null,null,null
2023-09-12T03:05:04Z,25.25,66.52,84,0,46.62,101.25,31.00,607.00,3,3,3
2023-09-12T03:06:04Z,25.27,66.43,84,0,40.60,101.25,31.00,607.00,null,null,null
2023-09-12T03:07:04Z,25.28,66.52,84,0,44.80,101.24,32.00,615.00,null,null,null
2023-09-12T03:08:04Z,25.28,66.56,84,0,48.53,101.25,32.00,615.00,null,null,null
2023-09-12T03:09:04Z,25.27,66.71,83,0,47.85,101.25,33.00,623.00,null,null,null
2023-09-12T03:10:04Z,25.27,66.68,84,0,39.72,101.24,33.00,623.00,3,3,3
2023-09-12T03:11:04Z,25.28,66.84,84,0,44.78,101.25,33.00,623.00,null,null,null
2023-09-12T03:12:04Z,25.25,66.75,84,0,39.36,101.25,33.00,617.00,null,null,null
2023-09-12T03:13:04Z,25.27,66.96,84,0,43.72,101.25,33.00,617.00,null,null,null
2023-09-12T03:14:04Z,25.27,66.94,84,0,40.93,101.25,33.00,617.00,null,null,null
2023-09-12T03:15:04Z,25.25,67.14,84,0,40.62,101.25,33.00,623.00,5,5,5
2023-09-12T03:16:04Z,25.28,67.11,84,0,46.98,101.25,36.00,638.00,null,null,null
2023-09-12T03:17:04Z,25.29,67.10,84,0,44.56,101.25,35.00,631.00,null,null,null
2023-09-12T03:18:04Z,25.29,67.29,84,0,39.55,101.25,37.00,645.00,null,null,null
2023-09-12T03:19:04Z,25.29,67.30,84,0,46.55,101.25,37.00,646.00,null,null,null
2023-09-12T03:20:04Z,25.28,67.43,83,0,47.13,101.25,39.00,660.00,5,5,8
2023-09-12T03:21:04Z,25.31,67.31,83,0,42.01,101.25,39.00,660.00,null,null,null
2023-09-12T03:22:04Z,25.29,67.30,83,0,39.49,101.25,39.00,660.00,null,null,null
2023-09-12T03:23:04Z,25.31,67.47,83,0,38.79,101.25,42.00,678.00,null,null,null
2023-09-12T03:24:04Z,25.32,67.59,83,0,46.74,101.25,44.00,690.00,null,null,null
2023-09-12T03:25:04Z,25.32,67.55,84,0,40.43,101.25,44.00,694.00,3,3,3
2023-09-12T03:26:04Z,25.35,67.46,83,0,43.45,101.25,44.00,694.00,null,null,null
2023-09-12T03:27:04Z,25.34,67.49,83,0,42.43,101.25,46.00,702.00,null,null,null
2023-09-12T03:28:04Z,25.32,67.38,83,0,42.20,101.25,46.00,702.00,null,null,null
2023-09-12T03:29:04Z,25.32,67.31,84,0,46.16,101.25,46.00,702.00,null,null,null
2023-09-12T03:30:04Z,25.32,67.44,83,0,40.11,101.25,46.00,702.00,5,5,5
2023-09-12T03:31:04Z,25.32,67.47,83,0,41.29,101.25,46.00,702.00,null,null,null
2023-09-12T03:32:04Z,25.31,67.40,83,0,45.10,101.25,46.00,702.00,null,null,null
2023-09-12T03:33:04Z,25.31,67.45,83,0,42.00,101.25,46.00,702.00,null,null,null
2023-09-12T03:34:04Z,25.31,67.63,83,0,41.81,101.25,46.00,702.00,null,null,null
2023-09-12T03:35:04Z,25.29,67.58,83,0,43.36,101.25,46.00,702.00,2,3,3
2023-09-12T03:36:04Z,25.31,67.66,83,0,44.68,101.25,47.00,710.00,null,null,null
2023-09-12T03:37:04Z,25.34,67.57,83,0,46.28,101.24,49.00,726.00,null,null,null
2023-09-12T03:38:04Z,25.35,67.67,83,0,42.95,101.24,49.00,726.00,null,null,null
2023-09-12T03:39:04Z,25.32,67.52,83,0,40.31,101.24,47.00,710.00,null,null,null
2023-09-12T03:40:04Z,25.31,67.54,83,0,46.02,101.24,47.00,710.00,3,3,9
2023-09-12T03:41:04Z,25.32,67.54,83,0,40.72,101.24,47.00,710.00,null,null,null
2023-09-12T03:42:04Z,25.32,67.57,83,0,43.16,101.23,49.00,726.00,null,null,null
2023-09-12T03:43:04Z,25.34,67.57,83,0,44.26,101.24,47.00,710.00,null,null,null
2023-09-12T03:44:04Z,25.34,67.52,83,0,41.49,101.23,47.00,710.00,null,null,null
2023-09-12T03:45:04Z,25.31,67.70,83,0,42.85,101.23,47.00,710.00,3,3,3
2023-09-12T03:46:04Z,25.35,67.65,83,0,40.77,101.24,46.00,702.00,null,null,null
2023-09-12T03:47:04Z,25.31,67.38,83,0,46.52,101.23,47.00,710.00,null,null,null
2023-09-12T03:48:04Z,25.32,67.54,83,0,39.18,101.23,46.00,702.00,null,null,null
2023-09-12T03:49:04Z,25.29,67.69,83,0,39.08,101.23,44.00,694.00,null,null,null
2023-09-12T03:50:04Z,25.31,67.83,83,0,39.72,101.23,46.00,702.00,3,4,4
2023-09-12T03:51:04Z,25.31,67.45,83,0,43.54,101.24,44.00,694.00,null,null,null
2023-09-12T03:52:04Z,25.29,67.42,83,0,37.80,101.23,46.00,702.00,null,null,null
2023-09-12T03:53:04Z,25.29,67.52,83,0,46.55,101.24,44.00,690.00,null,null,null
2023-09-12T03:54:04Z,25.29,67.56,83,0,43.05,101.23,44.00,690.00,null,null,null
2023-09-12T03:55:04Z,25.28,67.83,83,0,47.12,101.24,42.00,678.00,3,3,3
2023-09-12T03:56:04Z,25.29,67.87,83,0,46.60,101.23,43.00,686.00,null,null,null
2023-09-12T03:57:04Z,25.28,67.93,83,0,42.90,101.23,44.00,694.00,null,null,null
2023-09-12T03:58:04Z,25.28,67.91,83,0,40.22,101.23,46.00,702.00,null,null,null
2023-09-12T03:59:04Z,25.31,68.03,83,0,38.39,101.24,46.00,702.00,null,null,null
2023-09-12T04:00:04Z,25.31,67.99,83,0,50.30,101.23,47.00,714.00,3,3,8
2023-09-12T04:01:04Z,25.32,67.85,83,0,43.86,101.23,46.00,702.00,null,null,null
2023-09-12T04:02:04Z,25.32,67.79,83,0,44.65,101.23,49.00,726.00,null,null,null
2023-09-12T04:03:04Z,25.31,67.83,83,0,40.51,101.23,49.00,726.00,null,null,null
2023-09-12T04:04:04Z,25.29,68.05,83,0,45.98,101.23,50.00,733.00,null,null,null
2023-09-12T04:05:04Z,25.32,68.10,83,0,43.38,101.23,53.00,752.00,3,3,3
2023-09-12T04:06:04Z,25.31,68.04,83,0,42.76,101.24,53.00,752.00,null,null,null
2023-09-12T04:07:04Z,25.32,67.84,83,0,42.42,101.23,56.00,770.00,null,null,null
2023-09-12T04:08:04Z,25.28,67.77,83,0,40.79,101.23,57.00,780.00,null,null,null
2023-09-12T04:09:04Z,25.29,68.01,83,0,38.77,101.23,62.00,808.00,null,null,null
2023-09-12T04:10:04Z,25.31,68.21,83,0,42.60,101.23,64.00,821.00,3,5,5
2023-09-12T04:11:04Z,25.32,68.13,83,0,48.36,101.23,69.00,855.00,null,null,null
2023-09-12T04:12:04Z,25.32,67.89,83,0,44.76,101.23,71.00,868.00,null,null,null
2023-09-12T04:13:04Z,25.32,67.83,83,0,45.12,101.23,72.00,877.00,null,null,null
2023-09-12T04:14:04Z,25.31,67.85,83,0,44.17,101.23,74.00,887.00,null,null,null
2023-09-12T04:15:04Z,25.31,67.84,83,0,45.44,101.23,72.00,877.00,5,5,5
2023-09-12T04:16:04Z,25.34,67.79,83,0,40.96,101.23,72.00,877.00,null,null,null
2023-09-12T04:17:04Z,25.35,67.66,83,0,41.98,101.23,71.00,868.00,null,null,null
2023-09-12T04:18:04Z,25.34,67.69,83,0,43.58,101.23,71.00,868.00,null,null,null
2023-09-12T04:19:04Z,25.31,67.19,83,0,42.77,101.22,67.00,840.00,null,null,null
2023-09-12T04:20:04Z,25.29,67.72,83,0,46.98,101.22,66.00,838.00,8,8,8
2023-09-12T04:21:04Z,25.29,67.61,83,0,41.91,101.22,64.00,825.00,null,null,null
2023-09-12T04:22:04Z,25.32,67.82,83,0,47.06,101.22,63.00,817.00,null,null,null
2023-09-12T04:23:04Z,25.28,67.77,83,0,39.60,101.22,63.00,815.00,null,null,null
2023-09-12T04:24:04Z,25.28,67.61,83,0,40.35,101.22,62.00,808.00,null,null,null
2023-09-12T04:25:04Z,25.27,67.55,83,0,44.74,101.22,60.00,800.00,5,7,10
2023-09-12T04:26:04Z,25.28,67.62,83,0,44.52,101.22,59.00,791.00,null,null,null
2023-09-12T04:27:04Z,25.25,67.89,83,0,49.60,101.22,59.00,791.00,null,null,null
2023-09-12T04:28:04Z,25.27,67.83,83,0,45.07,101.22,59.00,791.00,null,null,null
2023-09-12T04:29:04Z,25.28,67.64,83,0,42.33,101.22,59.00,791.00,null,null,null
2023-09-12T04:30:04Z,25.25,67.75,83,0,43.52,101.22,57.00,778.00,7,7,7
2023-09-12T04:31:04Z,25.27,67.78,83,0,38.92,101.22,47.00,714.00,null,null,null
2023-09-12T04:32:04Z,25.28,67.82,83,0,45.38,101.22,46.00,704.00,null,null,null
2023-09-12T04:33:04Z,25.27,67.54,83,0,47.48,101.22,46.00,708.00,null,null,null
2023-09-12T04:34:04Z,25.25,67.64,83,0,42.35,101.22,47.00,712.00,null,null,null
2023-09-12T04:35:04Z,25.25,67.70,83,0,43.38,101.22,45.00,700.00,3,3,3
2023-09-12T04:36:04Z,25.27,67.85,83,0,45.49,101.22,45.00,697.00,null,null,null
2023-09-12T04:37:04Z,25.24,67.52,83,0,46.57,101.22,44.00,692.00,null,null,null
2023-09-12T04:38:04Z,25.27,67.59,83,0,40.92,101.21,52.00,742.00,null,null,null
2023-09-12T04:39:04Z,25.21,67.71,83,0,41.34,101.22,42.00,682.00,null,null,null
2023-09-12T04:40:04Z,25.24,67.94,83,0,43.70,101.21,54.00,757.00,3,3,3
2023-09-12T04:41:04Z,25.25,67.89,83,0,44.14,101.22,53.00,752.00,null,null,null
2023-09-12T04:42:04Z,25.24,67.81,83,0,46.00,101.21,47.00,715.00,null,null,null
2023-09-12T04:43:04Z,25.25,67.85,83,0,40.45,101.21,58.00,785.00,null,null,null
2023-09-12T04:44:04Z,25.27,67.90,83,0,37.39,101.21,49.00,726.00,null,null,null
2023-09-12T04:45:04Z,25.24,67.73,83,0,37.35,101.21,51.00,735.00,1,2,2
2023-09-12T04:46:04Z,25.27,67.85,83,0,41.91,101.21,61.00,806.00,null,null,null
2023-09-12T04:47:04Z,25.29,67.89,83,0,40.09,101.22,52.00,742.00,null,null,null
2023-09-12T04:48:04Z,25.28,67.85,83,0,42.05,101.21,53.00,749.00,null,null,null
2023-09-12T04:49:04Z,25.27,67.94,83,0,40.83,101.22,54.00,757.00,null,null,null
2023-09-12T04:50:04Z,25.27,67.79,83,0,41.53,101.21,54.00,757.00,5,5,5
2023-09-12T04:51:04Z,25.29,67.86,83,0,43.59,101.21,54.00,757.00,null,null,null
2023-09-12T04:52:04Z,25.29,67.81,83,0,43.23,101.22,55.00,763.00,null,null,null
2023-09-12T04:53:04Z,25.28,67.75,83,0,47.83,101.21,56.00,768.00,null,null,null
2023-09-12T04:54:04Z,25.28,67.68,83,0,42.32,101.21,56.00,768.00,null,null,null
2023-09-12T04:55:04Z,25.28,67.57,83,0,36.40,101.22,55.00,765.00,6,6,6
2023-09-12T04:56:04Z,25.31,67.85,83,0,38.38,101.22,55.00,765.00,null,null,null
2023-09-12T04:57:04Z,25.28,67.49,83,0,42.69,101.22,54.00,757.00,null,null,null
2023-09-12T04:58:04Z,25.27,67.54,83,0,38.96,101.22,53.00,749.00,null,null,null
2023-09-12T04:59:04Z,25.28,67.60,83,0,43.71,101.22,52.00,744.00,null,null,null
2023-09-12T05:00:04Z,25.25,67.61,83,0,45.30,101.22,49.00,728.00,3,6,6
2023-09-12T05:01:04Z,25.24,67.78,83,0,45.83,101.22,50.00,733.00,null,null,null
2023-09-12T05:02:04Z,25.28,67.50,83,0,41.96,101.22,57.00,778.00,null,null,null
2023-09-12T05:03:04Z,25.27,67.36,83,0,44.44,101.22,47.00,712.00,null,null,null
2023-09-12T05:04:04Z,25.25,67.69,83,0,43.12,101.22,47.00,712.00,null,null,null
2023-09-12T05:05:04Z,25.24,67.67,83,0,45.89,101.22,47.00,712.00,6,6,6
2023-09-12T05:06:04Z,25.27,67.71,83,0,42.95,101.22,56.00,774.00,null,null,null
2023-09-12T05:07:04Z,25.25,67.84,83,0,45.75,101.22,47.00,712.00,null,null,null
2023-09-12T05:08:04Z,25.28,67.80,83,0,44.47,101.22,46.00,704.00,null,null,null
2023-09-12T05:09:04Z,25.25,67.85,83,0,42.24,101.22,46.00,708.00,null,null,null
2023-09-12T05:10:04Z,25.25,67.80,83,0,43.51,101.22,46.00,708.00,5,6,6
2023-09-12T05:11:04Z,25.27,67.82,83,0,41.71,101.22,46.00,708.00,null,null,null
2023-09-12T05:12:04Z,25.27,67.60,82,0,41.51,101.22,44.00,692.00,null,null,null
2023-09-12T05:13:04Z,25.28,67.53,83,0,38.90,101.22,45.00,697.00,null,null,null
2023-09-12T05:14:04Z,25.25,67.77,83,0,43.85,101.22,45.00,697.00,null,null,null
2023-09-12T05:15:04Z,25.24,67.76,82,0,41.81,101.22,45.00,697.00,3,6,6
2023-09-12T05:16:04Z,25.25,67.78,82,0,46.82,101.22,43.00,688.00,null,null,null
2023-09-12T05:17:04Z,25.27,67.94,82,0,45.23,101.22,44.00,692.00,null,null,null
2023-09-12T05:18:04Z,25.28,67.69,82,0,39.12,101.22,46.00,704.00,null,null,null
2023-09-12T05:19:04Z,25.28,67.67,82,0,40.84,101.22,45.00,700.00,null,null,null
2023-09-12T05:20:04Z,25.27,67.85,82,0,44.52,101.22,45.00,700.00,0,5,5
2023-09-12T05:21:04Z,25.28,67.69,83,0,41.42,101.22,43.00,688.00,null,null,null
2023-09-12T05:22:04Z,25.27,67.44,82,0,41.05,101.22,45.00,697.00,null,null,null
2023-09-12T05:23:04Z,25.25,67.82,82,0,41.42,101.22,43.00,688.00,null,null,null
2023-09-12T05:24:04Z,25.25,67.81,82,0,42.16,101.22,42.00,679.00,null,null,null
2023-09-12T05:25:04Z,25.25,67.78,82,0,43.50,101.22,42.00,679.00,7,7,7
2023-09-12T05:26:04Z,25.27,67.75,82,0,44.01,101.23,41.00,674.00,null,null,null
2023-09-12T05:27:04Z,25.24,67.71,82,0,43.59,101.23,42.00,679.00,null,null,null
2023-09-12T05:28:04Z,25.27,67.82,82,0,46.17,101.22,53.00,748.00,null,null,null
2023-09-12T05:29:04Z,25.27,67.69,82,0,47.98,101.23,42.00,679.00,null,null,null
2023-09-12T05:30:04Z,25.24,67.65,82,0,45.55,101.23,42.00,682.00,4,4,4
2023-09-12T05:31:04Z,25.24,67.44,82,0,43.96,101.23,50.00,733.00,null,null,null
2023-09-12T05:32:04Z,25.22,67.56,82,0,43.72,101.23,49.00,726.00,null,null,null
2023-09-12T05:33:04Z,25.20,67.57,82,0,41.09,101.22,47.00,714.00,null,null,null
2023-09-12T05:34:04Z,25.21,67.45,82,0,45.95,101.23,46.00,708.00,null,null,null
2023-09-12T05:35:04Z,25.21,67.74,82,0,43.78,101.23,45.00,700.00,4,7,7
2023-09-12T05:36:04Z,25.22,67.91,82,0,47.21,101.23,47.00,714.00,null,null,null
2023-09-12T05:37:04Z,25.22,67.66,82,0,39.08,101.22,46.00,706.00,null,null,null
2023-09-12T05:38:04Z,25.25,67.70,82,0,41.62,101.23,47.00,714.00,null,null,null
2023-09-12T05:39:04Z,25.22,67.66,82,0,42.94,101.22,38.00,652.00,null,null,null
2023-09-12T05:40:04Z,25.21,67.86,82,0,44.82,101.23,46.00,708.00,4,5,5
2023-09-12T05:41:04Z,25.24,67.85,82,0,41.26,101.23,47.00,714.00,null,null,null
2023-09-12T05:42:04Z,25.27,67.77,82,0,45.98,101.23,47.00,714.00,null,null,null
2023-09-12T05:43:04Z,25.24,67.90,82,0,38.90,101.23,39.00,657.00,null,null,null
2023-09-12T05:44:04Z,25.22,67.61,82,0,42.09,101.23,46.00,706.00,null,null,null
2023-09-12T05:45:04Z,25.22,67.36,82,0,44.33,101.22,46.00,708.00,4,4,4
2023-09-12T05:46:04Z,25.20,67.35,82,0,45.29,101.23,44.00,692.00,null,null,null
2023-09-12T05:47:04Z,25.22,67.75,82,0,41.68,101.23,43.00,688.00,null,null,null
2023-09-12T05:48:04Z,25.20,67.91,82,0,43.49,101.23,43.00,683.00,null,null,null
2023-09-12T05:49:04Z,25.24,68.01,82,0,39.37,101.23,44.00,692.00,null,null,null
2023-09-12T05:50:04Z,25.22,67.99,82,0,42.49,101.23,44.00,692.00,3,3,3
2023-09-12T05:51:04Z,25.21,68.07,82,0,47.97,101.23,45.00,700.00,null,null,null
2023-09-12T05:52:04Z,25.22,68.05,82,0,43.62,101.23,46.00,706.00,null,null,null
2023-09-12T05:53:04Z,25.22,67.99,82,0,45.55,101.24,46.00,706.00,null,null,null
2023-09-12T05:54:04Z,25.24,68.20,82,0,43.01,101.23,47.00,714.00,null,null,null
2023-09-12T05:55:04Z,25.24,68.08,82,0,39.91,101.24,49.00,726.00,6,7,7
2023-09-12T05:56:04Z,25.24,67.96,82,0,43.71,101.23,46.00,706.00,null,null,null
2023-09-12T05:57:04Z,25.22,67.96,82,0,43.33,101.24,46.00,706.00,null,null,null
2023-09-12T05:58:04Z,25.20,67.81,82,0,46.66,101.24,45.00,700.00,null,null,null
2023-09-12T05:59:04Z,25.21,67.97,82,0,45.70,101.24,44.00,692.00,null,null,null
2023-09-12T06:00:04Z,25.21,68.14,82,0,43.90,101.24,44.00,692.00,4,7,10
2023-09-12T06:01:04Z,25.21,68.28,82,0,40.86,101.25,44.00,692.00,null,null,null
2023-09-12T06:02:04Z,25.21,68.12,82,0,42.35,101.25,44.00,692.00,null,null,null
2023-09-12T06:03:04Z,25.22,67.76,82,0,47.61,101.25,44.00,694.00,null,null,null
2023-09-12T06:04:04Z,25.21,68.01,82,0,46.69,101.25,45.00,700.00,null,null,null
2023-09-12T06:05:04Z,25.20,68.20,82,0,42.42,101.25,46.00,706.00,2,2,2
2023-09-12T06:06:04Z,25.24,68.16,81,0,41.91,101.25,45.00,700.00,null,null,null
2023-09-12T06:07:04Z,25.24,68.16,81,0,44.74,101.25,47.00,714.00,null,null,null
2023-09-12T06:08:04Z,25.24,67.70,81,0,46.46,101.25,49.00,726.00,null,null,null
2023-09-12T06:09:04Z,25.24,67.98,82,0,42.65,101.25,49.00,726.00,null,null,null
2023-09-12T06:10:04Z,25.24,68.07,82,0,45.48,101.25,49.00,726.00,5,5,5
2023-09-12T06:11:04Z,25.24,68.01,82,0,43.45,101.25,47.00,714.00,null,null,null
2023-09-12T06:12:04Z,25.24,67.82,81,0,42.73,101.26,49.00,726.00,null,null,null
2023-09-12T06:13:04Z,25.24,67.64,81,0,49.88,101.26,49.00,726.00,null,null,null
2023-09-12T06:14:04Z,25.22,67.92,81,0,47.41,101.26,49.00,726.00,null,null,null
2023-09-12T06:15:04Z,25.20,67.89,81,0,45.03,101.26,47.00,714.00,3,5,5
2023-09-12T06:16:04Z,25.20,68.03,81,0,39.83,101.26,45.00,700.00,null,null,null
2023-09-12T06:17:04Z,25.22,68.07,81,0,45.30,101.26,46.00,706.00,null,null,null
2023-09-12T06:18:04Z,25.22,68.01,81,0,47.52,101.26,46.00,706.00,null,null,null
2023-09-12T06:19:04Z,25.24,68.07,81,0,40.09,101.26,46.00,706.00,null,null,null
2023-09-12T06:20:04Z,25.22,68.23,82,0,47.00,101.26,46.00,706.00,3,3,3
2023-09-12T06:21:04Z,25.24,67.63,81,0,41.56,101.27,46.00,706.00,null,null,null
2023-09-12T06:22:04Z,25.20,68.01,81,0,44.64,101.26,47.00,714.00,null,null,null
2023-09-12T06:23:04Z,25.24,68.11,81,0,42.79,101.27,46.00,706.00,null,null,null
2023-09-12T06:24:04Z,25.21,67.82,81,0,40.95,101.27,47.00,714.00,null,null,null
2023-09-12T06:25:04Z,25.21,68.18,81,0,46.13,101.27,50.00,733.00,5,5,11
2023-09-12T06:26:04Z,25.22,68.20,81,0,44.11,101.27,53.00,752.00,null,null,null
2023-09-12T06:27:04Z,25.21,68.08,81,0,39.37,101.27,55.00,765.00,null,null,null
2023-09-12T06:28:04Z,25.21,68.27,81,0,48.92,101.27,57.00,778.00,null,null,null
2023-09-12T06:29:04Z,25.22,68.27,81,0,43.76,101.27,59.00,791.00,null,null,null
