TIME,TEMP,HUM,BATT,LIGHT,NOISE_A,PRESS,CCS811_VOCS,CCS811_ECO2,PM_1,PM_25,PM_10
ISO 8601,C,%,%,Lux,dBA,kPa,ppb,ppm,ug/m3,ug/m3,ug/m3
Time,Temperature,Humidity,Battery,Light,Noise dBA,Barometric pressure,VOC Gas CCS811,eCO2 Gas CCS811,PM 1.0,PM 2.5,PM 10.0
,55,56,10,14,53,58,113,112,89,87,88
2023-08-21T00:00:03Z,22.86,67.69,99,0,32.08,102.32,17.00,514.00,2,2,2
2023-08-21T00:01:03Z,22.86,67.74,99,0,36.21,102.33,17.00,518.00,null,null,null
2023-08-21T00:02:03Z,22.86,67.75,99,0,34.15,102.33,17.00,518.00,null,null,null
2023-08-21T00:03:03Z,22.86,67.73,99,0,30.39,102.33,19.00,529.00,null,null,null
2023-08-21T00:04:03Z,22.89,67.79,99,0,32.76,102.33,21.00,543.00,null,null,null
2023-08-21T00:05:03Z,22.86,67.83,99,0,28.60,102.33,21.00,543.00,2,2,2
2023-08-21T00:06:03Z,22.87,67.80,99,0,32.51,102.33,20.00,537.00,null,null,null
2023-08-21T00:07:03Z,22.86,67.86,99,0,30.78,102.33,22.00,549.00,null,null,null
2023-08-21T00:08:03Z,22.87,67.87,99,0,null,102.33,22.00,549.00,null,null,null
2023-08-21T00:09:03Z,22.87,67.77,99,7,39.19,102.33,20.00,537.00,null,null,null
2023-08-21T00:10:03Z,22.84,67.89,99,0,32.84,102.33,21.00,543.00,2,4,4
2023-08-21T00:11:03Z,22.89,67.88,99,0,63.24,102.33,20.00,537.00,null,null,null
2023-08-21T00:12:03Z,22.89,67.92,99,0,35.79,102.33,20.00,537.00,null,null,null
2023-08-21T00:13:03Z,22.86,67.93,99,0,35.18,102.33,23.00,555.00,null,null,null
2023-08-21T00:14:03Z,22.84,68.13,99,7,67.64,102.33,24.00,564.00,null,null,null
2023-08-21T00:15:03Z,22.86,68.17,99,0,26.53,102.33,24.00,564.00,5,5,28
2023-08-21T00:16:03Z,22.89,68.28,99,0,35.19,102.33,25.00,569.00,null,null,null
2023-08-21T00:17:03Z,22.89,68.25,99,0,32.48,102.33,25.00,565.00,null,null,null
2023-08-21T00:18:03Z,22.86,68.20,99,0,29.51,102.33,27.00,580.00,null,null,null
2023-08-21T00:19:03Z,22.89,68.17,99,0,33.72,102.33,28.00,586.00,null,null,null
2023-08-21T00:20:03Z,22.86,68.15,99,0,34.48,102.32,23.00,555.00,3,3,3
2023-08-21T00:21:03Z,22.93,68.19,99,0,29.25,102.33,23.00,555.00,null,null,null
2023-08-21T00:22:03Z,22.87,68.32,99,0,29.99,102.32,23.00,555.00,null,null,null
2023-08-21T00:23:03Z,22.89,68.26,99,0,30.09,102.33,26.00,574.00,null,null,null
2023-08-21T00:24:03Z,22.89,68.23,99,0,36.62,102.32,26.00,574.00,null,null,null
2023-08-21T00:25:03Z,22.86,68.33,99,0,38.08,102.32,28.00,586.00,1,1,1
2023-08-21T00:26:03Z,22.89,68.43,99,0,35.26,102.33,28.00,588.00,null,null,null
2023-08-21T00:27:03Z,22.89,68.43,99,0,35.38,102.33,29.00,591.00,null,null,null
2023-08-21T00:28:03Z,22.89,68.45,99,0,37.59,102.32,28.00,588.00,null,null,null
2023-08-21T00:29:03Z,22.89,68.45,99,0,33.17,102.32,31.00,607.00,null,null,null
2023-08-21T00:30:03Z,22.92,68.52,99,0,32.97,102.32,30.00,600.00,0,1,1
2023-08-21T00:31:03Z,22.90,68.56,99,0,40.34,102.33,32.00,615.00,null,null,null
2023-08-21T00:32:03Z,22.92,68.62,99,0,24.27,102.33,32.00,615.00,null,null,null
2023-08-21T00:33:03Z,22.90,68.71,99,0,30.48,102.32,34.00,629.00,null,null,null
2023-08-21T00:34:03Z,22.90,68.69,99,0,34.00,102.32,34.00,629.00,null,null,null
2023-08-21T00:35:03Z,22.92,68.79,99,0,28.91,102.32,36.00,637.00,0,0,0
2023-08-21T00:36:03Z,22.93,68.77,99,0,26.50,102.32,34.00,624.00,null,null,null
2023-08-21T00:37:03Z,22.90,68.81,99,0,33.08,102.33,35.00,631.00,null,null,null
2023-08-21T00:38:03Z,22.93,68.74,99,0,32.17,102.32,35.00,631.00,null,null,null
2023-08-21T00:39:03Z,22.90,68.75,99,0,34.55,102.33,36.00,637.00,null,null,null
2023-08-21T00:40:03Z,22.93,68.84,99,0,30.61,102.33,34.00,624.00,1,1,1
2023-08-21T00:41:03Z,22.93,68.82,99,0,38.10,102.33,35.00,631.00,null,null,null
2023-08-21T00:42:03Z,22.92,68.81,99,0,30.57,102.33,35.00,631.00,null,null,null
2023-08-21T00:43:03Z,22.93,68.75,99,0,25.41,102.33,35.00,631.00,null,null,null
2023-08-21T00:44:03Z,22.92,68.76,99,0,36.50,102.33,35.00,631.00,null,null,null
2023-08-21T00:45:03Z,22.93,68.96,99,0,42.07,102.32,35.00,631.00,2,2,2
2023-08-21T00:46:03Z,22.94,68.95,99,0,31.20,102.33,35.00,631.00,null,null,null
2023-08-21T00:47:03Z,22.97,68.97,99,0,35.76,102.33,37.00,646.00,null,null,null
2023-08-21T00:48:03Z,22.96,69.08,99,0,34.68,102.33,38.00,653.00,null,null,null
2023-08-21T00:49:03Z,22.94,69.08,99,0,28.02,102.33,38.00,653.00,null,null,null
2023-08-21T00:50:03Z,22.96,69.20,99,0,30.74,102.33,38.00,653.00,3,3,6
2023-08-21T00:51:03Z,22.94,69.10,99,0,30.79,102.33,39.00,660.00,null,null,null
2023-08-21T00:52:03Z,22.96,68.99,99,0,34.17,102.33,39.00,660.00,null,null,null
2023-08-21T00:53:03Z,22.96,69.11,99,0,27.77,102.33,41.00,671.00,null,null,null
2023-08-21T00:54:03Z,22.94,69.21,99,0,33.66,102.33,41.00,671.00,null,null,null
2023-08-21T00:55:03Z,22.94,69.23,99,0,42.53,102.33,41.00,671.00,1,1,1
2023-08-21T00:56:03Z,22.96,69.18,99,0,32.73,102.33,41.00,671.00,null,null,null
2023-08-21T00:57:03Z,23.00,69.08,99,0,30.35,102.33,42.00,679.00,null,null,null
2023-08-21T00:58:03Z,22.99,69.26,99,0,26.08,102.33,41.00,671.00,null,null,null
2023-08-21T00:59:03Z,22.97,69.16,99,0,34.24,102.33,41.00,674.00,null,null,null
2023-08-21T01:00:03Z,22.99,69.31,99,0,31.65,102.33,42.00,679.00,3,3,3
2023-08-21T01:01:03Z,22.97,69.22,99,0,27.26,102.33,42.00,682.00,null,null,null
2023-08-21T01:02:03Z,22.99,69.28,99,0,29.46,102.32,41.00,671.00,null,null,null
2023-08-21T01:03:03Z,22.97,69.27,99,0,32.91,102.33,42.00,682.00,null,null,null
2023-08-21T01:04:03Z,22.97,69.25,99,0,32.07,102.32,41.00,674.00,null,null,null
2023-08-21T01:05:03Z,22.99,69.15,99,0,34.17,102.33,42.00,682.00,3,3,3
2023-08-21T01:06:03Z,22.97,69.25,99,0,26.93,102.33,42.00,679.00,null,null,null
2023-08-21T01:07:03Z,23.02,69.26,99,0,24.35,102.33,42.00,682.00,null,null,null
2023-08-21T01:08:03Z,22.96,69.28,99,0,27.77,102.33,41.00,674.00,null,null,null
2023-08-21T01:09:03Z,22.99,69.25,99,0,26.19,102.33,42.00,682.00,null,null,null
2023-08-21T01:10:03Z,22.97,69.09,99,0,36.19,102.33,41.00,674.00,2,4,4
2023-08-21T01:11:03Z,23.00,69.07,99,0,32.33,102.33,39.00,660.00,null,null,null
2023-08-21T01:12:03Z,22.99,69.01,99,0,27.66,102.33,39.00,660.00,null,null,null
2023-08-21T01:13:03Z,23.00,69.26,99,0,28.58,102.33,41.00,671.00,null,null,null
2023-08-21T01:14:03Z,23.00,69.21,99,0,31.83,102.33,42.00,682.00,null,null,null
2023-08-21T01:15:03Z,22.97,69.19,99,0,31.03,102.33,41.00,671.00,5,5,5
2023-08-21T01:16:03Z,22.96,69.29,99,0,29.90,102.33,43.00,688.00,null,null,null
2023-08-21T01:17:03Z,22.97,69.22,99,0,28.63,102.33,42.00,682.00,null,null,null
2023-08-21T01:18:03Z,23.02,69.32,99,0,23.49,102.33,42.00,679.00,null,null,null
2023-08-21T01:19:03Z,22.99,69.22,99,0,28.64,102.32,42.00,682.00,null,null,null
2023-08-21T01:20:03Z,22.99,69.25,99,0,54.23,102.33,41.00,671.00,2,2,2
2023-08-21T01:21:03Z,22.99,69.33,99,0,34.29,102.33,40.00,665.00,null,null,null
2023-08-21T01:22:03Z,23.00,69.29,99,0,33.29,102.33,39.00,656.00,null,null,null
2023-08-21T01:23:03Z,22.99,69.14,99,0,28.88,102.33,39.00,656.00,null,null,null
2023-08-21T01:24:03Z,23.00,69.23,99,0,26.29,102.33,40.00,665.00,null,null,null
2023-08-21T01:25:03Z,22.99,69.45,99,0,30.76,102.34,43.00,688.00,2,4,12
2023-08-21T01:26:03Z,23.02,69.38,99,0,32.92,102.34,42.00,682.00,null,null,null
2023-08-21T01:27:03Z,23.02,69.40,99,0,32.77,102.34,41.00,674.00,null,null,null
2023-08-21T01:28:03Z,23.03,69.32,99,0,32.21,102.33,42.00,682.00,null,null,null
2023-08-21T01:29:03Z,22.97,69.04,99,0,35.18,102.34,39.00,656.00,null,null,null
2023-08-21T01:30:03Z,22.97,69.14,99,0,31.66,102.33,36.00,638.00,2,2,2
2023-08-21T01:31:03Z,22.99,69.11,99,0,35.37,102.34,38.00,653.00,null,null,null
2023-08-21T01:32:03Z,23.00,69.17,99,0,32.06,102.34,38.00,653.00,null,null,null
2023-08-21T01:33:03Z,22.96,69.31,99,0,32.26,102.34,39.00,660.00,null,null,null
2023-08-21T01:34:03Z,22.99,69.16,99,0,27.22,102.34,40.00,665.00,null,null,null
2023-08-21T01:35:03Z,22.97,69.10,99,0,20.85,102.34,38.00,653.00,0,0,0
2023-08-21T01:36:03Z,23.00,69.21,99,0,30.59,102.34,38.00,653.00,null,null,null
2023-08-21T01:37:03Z,23.00,68.84,99,0,35.31,102.34,39.00,660.00,null,null,null
2023-08-21T01:38:03Z,22.96,68.76,99,0,32.65,102.34,34.00,624.00,null,null,null
2023-08-21T01:39:03Z,22.94,68.92,99,0,35.82,102.33,33.00,617.00,null,null,null
2023-08-21T01:40:03Z,22.97,69.07,99,0,34.76,102.34,34.00,624.00,2,3,3
2023-08-21T01:41:03Z,22.97,68.93,99,0,29.16,102.34,32.00,611.00,null,null,null
2023-08-21T01:42:03Z,22.97,68.90,99,0,30.11,102.34,33.00,617.00,null,null,null
2023-08-21T01:43:03Z,22.94,68.96,99,0,32.28,102.34,36.00,638.00,null,null,null
2023-08-21T01:44:03Z,22.94,69.07,99,0,30.73,102.33,37.00,646.00,null,null,null
2023-08-21T01:45:03Z,22.94,69.05,99,0,24.31,102.33,36.00,638.00,3,3,3
2023-08-21T01:46:03Z,22.94,69.12,99,0,35.66,102.33,38.00,653.00,null,null,null
2023-08-21T01:47:03Z,22.94,68.86,99,0,34.76,102.34,34.00,624.00,null,null,null
2023-08-21T01:48:03Z,22.96,68.83,99,0,38.62,102.33,33.00,617.00,null,null,null
2023-08-21T01:49:03Z,22.93,68.78,99,0,38.24,102.33,36.00,638.00,null,null,null
2023-08-21T01:50:03Z,22.94,68.95,99,0,23.54,102.33,37.00,646.00,4,5,5
2023-08-21T01:51:03Z,22.94,69.00,99,0,26.53,102.33,37.00,646.00,null,null,null
2023-08-21T01:52:03Z,22.96,68.94,99,0,28.66,102.33,37.00,646.00,null,null,null
2023-08-21T01:53:03Z,22.96,68.92,99,0,31.35,102.33,38.00,653.00,null,null,null
2023-08-21T01:54:03Z,22.96,69.00,99,0,28.57,102.33,38.00,653.00,null,null,null
2023-08-21T01:55:03Z,22.93,68.94,99,0,35.49,102.33,41.00,671.00,6,6,6
2023-08-21T01:56:03Z,22.96,68.88,99,0,30.31,102.33,39.00,660.00,null,null,null
2023-08-21T01:57:03Z,22.94,68.89,99,0,30.07,102.33,39.00,660.00,null,null,null
2023-08-21T01:58:03Z,22.93,68.89,99,0,30.80,102.33,37.00,646.00,null,null,null
2023-08-21T01:59:03Z,22.93,68.95,99,0,30.28,102.33,36.00,638.00,null,null,null
2023-08-21T02:00:03Z,22.93,68.85,99,0,24.19,102.33,37.00,646.00,3,8,15
2023-08-21T02:01:03Z,22.94,68.92,99,0,25.32,102.33,35.00,631.00,null,null,null
2023-08-21T02:02:03Z,22.94,68.79,99,0,25.19,102.33,34.00,624.00,null,null,null
2023-08-21T02:03:03Z,22.92,68.82,99,0,35.70,102.33,34.00,624.00,null,null,null
2023-08-21T02:04:03Z,22.92,68.81,99,0,36.32,102.33,35.00,631.00,null,null,null
2023-08-21T02:05:03Z,22.94,68.73,99,0,32.14,102.33,35.00,631.00,0,0,0
2023-08-21T02:06:03Z,22.93,68.72,99,0,34.50,102.33,33.00,623.00,null,null,null
2023-08-21T02:07:03Z,22.94,68.74,99,0,24.79,102.33,36.00,637.00,null,null,null
2023-08-21T02:08:03Z,22.94,68.83,99,0,23.81,102.34,36.00,637.00,null,null,null
2023-08-21T02:09:03Z,22.93,68.78,99,0,29.81,102.34,37.00,646.00,null,null,null
2023-08-21T02:10:03Z,22.94,68.80,99,0,30.37,102.34,36.00,638.00,5,7,7
2023-08-21T02:11:03Z,22.94,68.77,99,0,33.39,102.34,37.00,646.00,null,null,null
2023-08-21T02:12:03Z,22.93,68.77,99,0,30.91,102.34,36.00,638.00,null,null,null
2023-08-21T02:13:03Z,22.94,68.69,99,0,32.08,102.34,37.00,646.00,null,null,null
2023-08-21T02:14:03Z,22.93,68.66,99,0,31.84,102.34,36.00,637.00,null,null,null
2023-08-21T02:15:03Z,22.92,68.43,99,0,35.94,102.34,34.00,629.00,1,2,2
2023-08-21T02:16:03Z,22.92,68.50,99,0,34.98,102.34,31.00,607.00,null,null,null
2023-08-21T02:17:03Z,22.90,68.61,99,0,23.40,102.34,31.00,607.00,null,null,null
2023-08-21T02:18:03Z,22.92,68.61,99,0,24.03,102.34,33.00,623.00,null,null,null
2023-08-21T02:19:03Z,22.90,68.70,99,0,25.84,102.34,33.00,623.00,null,null,null
2023-08-21T02:20:03Z,22.86,68.74,99,0,30.07,102.34,33.00,623.00,3,3,3
2023-08-21T02:21:03Z,22.89,68.75,99,0,37.18,102.34,33.00,623.00,null,null,null
2023-08-21T02:22:03Z,22.90,68.74,99,0,33.30,102.34,35.00,631.00,null,null,null
2023-08-21T02:23:03Z,22.90,68.73,99,0,27.38,102.34,36.00,637.00,null,null,null
2023-08-21T02:24:03Z,22.89,68.75,99,0,24.19,102.34,34.00,629.00,null,null,null
2023-08-21T02:25:03Z,22.92,68.75,99,0,29.16,102.34,34.00,624.00,0,0,0
2023-08-21T02:26:03Z,22.90,68.73,99,0,34.02,102.34,35.00,631.00,null,null,null
2023-08-21T02:27:03Z,22.90,68.66,99,0,36.99,102.34,36.00,637.00,null,null,null
2023-08-21T02:28:03Z,22.89,68.57,99,0,26.08,102.33,33.00,623.00,null,null,null
2023-08-21T02:29:03Z,22.89,68.64,99,0,34.16,102.33,32.00,615.00,null,null,null
2023-08-21T02:30:03Z,22.89,68.72,99,0,33.51,102.34,34.00,629.00,3,3,3
2023-08-21T02:31:03Z,22.90,68.67,99,0,41.39,102.34,33.00,623.00,null,null,null
2023-08-21T02:32:03Z,22.90,68.68,99,0,31.66,102.34,32.00,615.00,null,null,null
2023-08-21T02:33:03Z,22.92,68.75,99,0,24.96,102.34,36.00,637.00,null,null,null
2023-08-21T02:34:03Z,22.89,68.61,99,0,38.52,102.34,32.00,611.00,null,null,null
2023-08-21T02:35:03Z,22.87,68.68,99,0,27.26,102.34,34.00,629.00,2,2,2
2023-08-21T02:36:03Z,22.90,68.77,99,0,33.48,102.35,36.00,637.00,null,null,null
2023-08-21T02:37:03Z,22.92,68.72,99,0,29.48,102.34,35.00,631.00,null,null,null
2023-08-21T02:38:03Z,22.90,68.65,99,0,32.19,102.34,37.00,643.00,null,null,null
2023-08-21T02:39:03Z,22.90,68.61,99,0,34.03,102.34,34.00,629.00,null,null,null
2023-08-21T02:40:03Z,22.89,68.68,99,0,31.28,102.34,36.00,637.00,3,3,3
2023-08-21T02:41:03Z,22.90,68.72,99,0,40.79,102.34,34.00,629.00,null,null,null
2023-08-21T02:42:03Z,22.90,68.72,99,0,33.83,102.34,36.00,637.00,null,null,null
2023-08-21T02:43:03Z,22.89,68.76,99,0,28.55,102.34,36.00,637.00,null,null,null
2023-08-21T02:44:03Z,22.87,68.62,99,0,29.04,102.34,36.00,637.00,null,null,null
2023-08-21T02:45:03Z,22.89,68.67,99,0,29.95,102.35,33.00,617.00,5,6,6
2023-08-21T02:46:03Z,22.89,68.77,99,0,24.68,102.34,33.00,623.00,null,null,null
2023-08-21T02:47:03Z,22.86,68.73,99,0,38.26,102.35,35.00,631.00,null,null,null
2023-08-21T02:48:03Z,22.92,68.75,99,0,28.85,102.34,36.00,637.00,null,null,null
2023-08-21T02:49:03Z,22.89,68.75,99,0,33.07,102.35,35.00,631.00,null,null,null
2023-08-21T02:50:03Z,22.87,68.53,99,0,27.14,102.35,36.00,638.00,6,6,6
2023-08-21T02:51:03Z,22.86,68.50,99,0,26.64,102.34,32.00,615.00,null,null,null
2023-08-21T02:52:03Z,22.89,68.51,99,0,35.24,102.35,32.00,615.00,null,null,null
2023-08-21T02:53:03Z,22.89,68.59,99,0,30.07,102.35,32.00,615.00,null,null,null
2023-08-21T02:54:03Z,22.86,68.66,99,0,31.48,102.35,31.00,607.00,null,null,null
2023-08-21T02:55:03Z,22.86,68.69,99,0,29.79,102.35,33.00,623.00,0,0,0
2023-08-21T02:56:03Z,22.87,68.76,99,0,33.12,102.35,31.00,607.00,null,null,null
2023-08-21T02:57:03Z,22.84,68.69,99,0,34.55,102.35,34.00,624.00,null,null,null
2023-08-21T02:58:03Z,22.87,68.75,99,0,27.94,102.34,33.00,623.00,null,null,null
2023-08-21T02:59:03Z,22.87,68.45,99,0,25.09,102.35,30.00,602.00,null,null,null
