TIME,TEMP,HUM,BATT,LIGHT,NOISE_A,PRESS,CCS811_VOCS,CCS811_ECO2,PM_1,PM_25,PM_10
ISO 8601,C,%,%,Lux,dBA,kPa,ppb,ppm,ug/m3,ug/m3,ug/m3
Time,Temperature,Humidity,Battery,Light,Noise dBA,Barometric pressure,VOC Gas CCS811,eCO2 Gas CCS811,PM 1.0,PM 2.5,PM 10.0
,55,56,10,14,53,58,113,112,89,87,88
2023-09-04T00:00:29Z,21.95,76.11,98,0,26.38,102.63,45.00,697.00,null,null,null
2023-09-04T00:01:29Z,21.97,75.89,98,0,26.67,102.63,43.00,686.00,null,null,null
2023-09-04T00:02:29Z,21.95,75.97,98,0,27.12,102.63,42.00,678.00,null,null,null
2023-09-04T00:03:29Z,21.94,75.99,98,0,33.17,102.63,43.00,686.00,23,30,30
2023-09-04T00:04:29Z,21.93,76.06,98,0,25.92,102.63,41.00,672.00,null,null,null
2023-09-04T00:05:29Z,21.94,75.76,98,0,24.86,102.62,42.00,678.00,null,null,null
2023-09-04T00:06:29Z,21.95,75.95,98,0,32.21,102.63,41.00,672.00,null,null,null
2023-09-04T00:07:29Z,21.94,75.95,98,0,29.58,102.63,41.00,672.00,null,null,null
2023-09-04T00:08:29Z,21.93,75.79,98,0,31.22,102.62,40.00,665.00,23,43,43
2023-09-04T00:09:29Z,21.95,75.81,98,0,27.16,102.62,38.00,653.00,null,null,null
2023-09-04T00:10:29Z,21.95,75.75,98,0,26.21,102.62,38.00,653.00,null,null,null
2023-09-04T00:11:29Z,21.94,75.73,98,0,26.95,102.62,38.00,653.00,null,null,null
2023-09-04T00:12:29Z,21.93,75.78,98,0,35.62,102.61,39.00,659.00,null,null,null
2023-09-04T00:13:29Z,21.90,75.75,98,0,37.80,102.61,37.00,646.00,20,27,61
2023-09-04T00:14:29Z,21.93,75.75,98,0,31.58,102.61,37.00,646.00,null,null,null
2023-09-04T00:15:29Z,21.94,75.81,98,0,28.11,102.62,37.00,646.00,null,null,null
2023-09-04T00:16:29Z,21.95,75.70,98,0,27.75,102.61,36.00,640.00,null,null,null
2023-09-04T00:17:29Z,21.91,75.67,98,0,27.28,102.62,37.00,645.00,null,null,null
2023-09-04T00:18:29Z,21.91,75.71,98,0,27.47,102.61,37.00,645.00,21,27,27
2023-09-04T00:19:29Z,21.95,75.74,98,0,28.98,102.62,37.00,645.00,null,null,null
2023-09-04T00:20:29Z,21.94,75.74,98,0,25.50,102.61,37.00,645.00,null,null,null
2023-09-04T00:21:29Z,21.94,75.72,98,0,26.24,102.62,37.00,645.00,null,null,null
2023-09-04T00:22:29Z,21.93,75.71,98,0,29.57,102.61,35.00,634.00,null,null,null
2023-09-04T00:23:29Z,21.93,75.77,98,0,31.53,102.62,35.00,634.00,22,29,33
2023-09-04T00:24:29Z,21.94,75.66,98,0,27.02,102.62,34.00,629.00,null,null,null
2023-09-04T00:25:29Z,21.93,75.68,98,0,28.63,102.61,34.00,627.00,null,null,null
2023-09-04T00:26:29Z,21.90,75.53,98,0,32.33,102.61,34.00,627.00,null,null,null
2023-09-04T00:27:29Z,21.91,75.49,98,0,24.65,102.61,33.00,620.00,null,null,null
2023-09-04T00:28:29Z,21.93,75.48,98,0,37.15,102.61,33.00,620.00,28,42,42
2023-09-04T00:29:29Z,21.93,75.64,98,0,25.09,102.61,33.00,617.00,null,null,null
2023-09-04T00:30:29Z,21.93,75.67,98,0,41.03,102.60,33.00,620.00,null,null,null
2023-09-04T00:31:29Z,21.94,75.72,98,0,31.58,102.61,33.00,620.00,null,null,null
2023-09-04T00:32:29Z,21.93,75.65,98,0,25.92,102.61,33.00,620.00,null,null,null
2023-09-04T00:33:29Z,21.91,75.71,98,0,31.90,102.61,34.00,627.00,17,22,29
2023-09-04T00:34:29Z,21.91,75.81,98,0,37.10,102.61,33.00,617.00,null,null,null
2023-09-04T00:35:29Z,21.91,75.75,98,0,37.10,102.61,33.00,623.00,null,null,null
2023-09-04T00:36:29Z,21.91,75.76,98,0,34.71,102.61,32.00,615.00,null,null,null
2023-09-04T00:37:29Z,21.93,75.83,98,0,24.35,102.61,33.00,623.00,null,null,null
2023-09-04T00:38:29Z,21.93,75.72,98,0,22.55,102.62,33.00,623.00,25,34,34
2023-09-04T00:39:29Z,21.94,75.82,98,0,29.38,102.61,34.00,627.00,null,null,null
2023-09-04T00:40:29Z,21.91,75.81,98,0,32.65,102.61,33.00,623.00,null,null,null
2023-09-04T00:41:29Z,21.93,75.80,98,0,32.58,102.61,33.00,623.00,null,null,null
2023-09-04T00:42:29Z,21.93,75.86,98,0,29.80,102.61,32.00,615.00,null,null,null
2023-09-04T00:43:29Z,21.91,75.89,98,0,24.58,102.61,32.00,615.00,13,23,23
2023-09-04T00:44:29Z,21.93,75.85,98,0,25.13,102.62,32.00,615.00,null,null,null
2023-09-04T00:45:29Z,21.94,75.87,99,0,27.62,102.61,32.00,615.00,null,null,null
2023-09-04T00:46:29Z,21.91,75.70,98,0,24.46,102.61,32.00,615.00,null,null,null
2023-09-04T00:47:29Z,21.94,75.66,98,0,30.86,102.61,33.00,620.00,null,null,null
2023-09-04T00:48:29Z,21.91,75.62,98,0,32.14,102.61,33.00,620.00,21,23,23
2023-09-04T00:49:29Z,21.91,75.66,98,0,28.25,102.61,33.00,617.00,null,null,null
2023-09-04T00:50:29Z,21.93,75.76,98,0,27.59,102.61,33.00,617.00,null,null,null
2023-09-04T00:51:29Z,21.91,75.75,98,0,34.54,102.61,30.00,600.00,null,null,null
2023-09-04T00:52:29Z,21.91,75.67,98,0,31.36,102.61,30.00,600.00,null,null,null
2023-09-04T00:53:29Z,21.91,75.67,98,0,30.42,102.60,31.00,605.00,24,37,37
2023-09-04T00:54:29Z,21.91,75.68,98,0,26.14,102.60,31.00,605.00,null,null,null
2023-09-04T00:55:29Z,21.93,75.67,98,0,23.90,102.60,30.00,599.00,null,null,null
2023-09-04T00:56:29Z,21.90,75.65,98,0,34.74,102.60,31.00,605.00,null,null,null
2023-09-04T00:57:29Z,21.91,75.62,98,0,27.06,102.59,31.00,605.00,null,null,null
2023-09-04T00:58:29Z,21.91,75.73,98,0,25.53,102.59,31.00,605.00,9,14,22
2023-09-04T00:59:29Z,21.94,75.72,98,0,28.12,102.59,33.00,617.00,null,null,null
2023-09-04T01:00:29Z,21.93,75.70,98,0,27.18,102.59,33.00,617.00,null,null,null
2023-09-04T01:01:29Z,21.93,75.56,98,0,25.50,102.59,33.00,620.00,null,null,null
2023-09-04T01:02:29Z,21.93,75.59,98,0,31.35,102.59,33.00,617.00,null,null,null
2023-09-04T01:03:29Z,21.88,75.64,98,0,31.99,102.59,33.00,620.00,18,24,24
2023-09-04T01:04:29Z,21.87,75.69,98,0,32.22,102.59,33.00,620.00,null,null,null
2023-09-04T01:05:29Z,21.91,75.64,98,0,23.35,102.59,34.00,627.00,null,null,null
2023-09-04T01:06:29Z,21.88,75.63,98,0,29.21,102.58,34.00,627.00,null,null,null
2023-09-04T01:07:29Z,21.91,75.76,98,0,31.05,102.58,34.00,627.00,null,null,null
2023-09-04T01:08:29Z,21.87,75.80,98,0,35.03,102.58,33.00,623.00,12,22,30
2023-09-04T01:09:29Z,21.90,75.68,98,0,27.62,102.58,33.00,623.00,null,null,null
2023-09-04T01:10:29Z,21.91,75.70,98,0,23.54,102.58,37.00,645.00,null,null,null
2023-09-04T01:11:29Z,21.90,75.76,98,0,32.82,102.58,37.00,645.00,null,null,null
2023-09-04T01:12:29Z,21.94,75.72,98,0,32.99,102.58,36.00,640.00,null,null,null
2023-09-04T01:13:29Z,21.90,75.73,98,0,27.49,102.58,37.00,645.00,15,31,36
2023-09-04T01:14:29Z,21.90,75.66,98,0,26.69,102.58,35.00,634.00,null,null,null
2023-09-04T01:15:29Z,21.88,75.62,98,0,26.06,102.58,37.00,645.00,null,null,null
2023-09-04T01:16:29Z,21.90,75.79,98,0,34.19,102.57,37.00,645.00,null,null,null
2023-09-04T01:17:29Z,21.93,75.79,98,0,32.24,102.58,36.00,640.00,null,null,null
2023-09-04T01:18:29Z,21.90,75.70,98,0,24.76,102.57,36.00,640.00,24,32,32
2023-09-04T01:19:29Z,21.91,75.63,98,0,23.72,102.58,37.00,645.00,null,null,null
2023-09-04T01:20:29Z,21.88,75.64,98,0,24.27,102.57,35.00,634.00,null,null,null
2023-09-04T01:21:29Z,21.90,75.72,98,0,34.27,102.57,35.00,634.00,null,null,null
2023-09-04T01:22:29Z,21.91,75.81,98,0,39.31,102.58,35.00,634.00,null,null,null
2023-09-04T01:23:29Z,21.88,75.80,98,0,35.98,102.57,34.00,629.00,15,27,35
2023-09-04T01:24:29Z,21.88,75.81,98,0,29.01,102.57,34.00,629.00,null,null,null
2023-09-04T01:25:29Z,21.90,75.72,98,0,26.36,102.57,34.00,629.00,null,null,null
2023-09-04T01:26:29Z,21.90,75.69,98,0,28.58,102.57,35.00,634.00,null,null,null
2023-09-04T01:27:29Z,21.88,75.80,98,0,25.29,102.57,34.00,627.00,null,null,null
2023-09-04T01:28:29Z,21.85,75.66,98,0,29.38,102.57,32.00,615.00,21,25,25
2023-09-04T01:29:29Z,21.91,75.64,98,0,27.90,102.57,33.00,620.00,null,null,null
2023-09-04T01:30:29Z,21.87,75.85,98,0,30.24,102.57,33.00,617.00,null,null,null
2023-09-04T01:31:29Z,21.88,75.83,98,0,33.67,102.57,32.00,615.00,null,null,null
2023-09-04T01:32:29Z,21.88,75.65,98,0,28.48,102.57,32.00,612.00,null,null,null
2023-09-04T01:33:29Z,21.87,75.76,98,0,29.25,102.57,33.00,617.00,13,26,26
2023-09-04T01:34:29Z,21.88,75.80,99,0,30.07,102.57,32.00,612.00,null,null,null
2023-09-04T01:35:29Z,21.88,75.86,99,0,32.59,102.57,32.00,612.00,null,null,null
2023-09-04T01:36:29Z,21.87,75.94,98,0,30.91,102.57,32.00,612.00,null,null,null
2023-09-04T01:37:29Z,21.87,75.95,98,0,27.75,102.56,32.00,612.00,null,null,null
2023-09-04T01:38:29Z,21.85,75.99,98,0,26.14,102.56,30.00,600.00,17,19,27
2023-09-04T01:39:29Z,21.87,75.93,98,0,27.16,102.56,32.00,612.00,null,null,null
2023-09-04T01:40:29Z,21.87,75.83,98,0,34.35,102.57,30.00,600.00,null,null,null
2023-09-04T01:41:29Z,21.85,75.90,98,0,36.57,102.56,30.00,600.00,null,null,null
2023-09-04T01:42:29Z,21.87,75.94,98,0,37.96,102.56,30.00,600.00,null,null,null
2023-09-04T01:43:29Z,21.87,76.08,98,0,28.25,102.56,29.00,594.00,15,24,24
2023-09-04T01:44:29Z,21.88,76.09,98,0,28.23,102.56,29.00,594.00,null,null,null
2023-09-04T01:45:29Z,21.87,76.05,98,0,25.35,102.56,30.00,600.00,null,null,null
2023-09-04T01:46:29Z,21.88,76.01,98,0,29.54,102.56,30.00,600.00,null,null,null
2023-09-04T01:47:29Z,21.88,76.05,98,0,26.34,102.56,29.00,594.00,null,null,null
2023-09-04T01:48:29Z,21.87,76.23,98,0,30.70,102.56,29.00,594.00,28,31,31
2023-09-04T01:49:29Z,21.85,76.17,98,0,29.80,102.56,29.00,594.00,null,null,null
2023-09-04T01:50:29Z,21.87,76.17,98,0,34.36,102.56,29.00,594.00,null,null,null
2023-09-04T01:51:29Z,21.88,76.07,98,0,30.14,102.56,29.00,594.00,null,null,null
2023-09-04T01:52:29Z,21.90,76.15,98,0,29.01,102.56,29.00,594.00,null,null,null
2023-09-04T01:53:29Z,21.87,76.18,98,0,26.43,102.56,29.00,594.00,16,22,22
2023-09-04T01:54:29Z,21.87,76.20,98,0,26.00,102.56,29.00,594.00,null,null,null
2023-09-04T01:55:29Z,21.87,76.18,98,0,28.99,102.56,29.00,594.00,null,null,null
2023-09-04T01:56:29Z,21.90,76.26,98,0,26.84,102.56,29.00,594.00,null,null,null
2023-09-04T01:57:29Z,21.90,76.23,98,0,32.99,102.55,29.00,591.00,null,null,null
2023-09-04T01:58:29Z,21.87,76.17,98,0,36.72,102.55,30.00,600.00,22,32,38
2023-09-04T01:59:29Z,21.90,76.13,98,0,29.81,102.55,29.00,594.00,null,null,null
2023-09-04T02:00:29Z,21.91,76.13,98,0,24.27,102.55,29.00,594.00,null,null,null
2023-09-04T02:01:29Z,21.88,76.12,98,0,29.16,102.54,29.00,594.00,null,null,null
2023-09-04T02:02:29Z,21.88,76.26,98,0,25.76,102.54,29.00,594.00,null,null,null
2023-09-04T02:03:29Z,21.85,76.19,98,0,26.16,102.54,29.00,591.00,20,33,37
2023-09-04T02:04:29Z,21.87,76.18,98,0,27.22,102.54,29.00,594.00,null,null,null
2023-09-04T02:05:29Z,21.90,76.26,98,0,33.22,102.54,29.00,594.00,null,null,null
2023-09-04T02:06:29Z,21.88,76.18,98,0,31.74,102.54,29.00,591.00,null,null,null
2023-09-04T02:07:29Z,21.88,76.20,98,0,33.84,102.54,29.00,594.00,null,null,null
2023-09-04T02:08:29Z,21.91,76.20,98,0,32.97,102.53,29.00,594.00,22,31,31
2023-09-04T02:09:29Z,21.87,76.25,98,0,24.89,102.54,29.00,594.00,null,null,null
2023-09-04T02:10:29Z,21.90,76.25,98,0,28.81,102.54,29.00,591.00,null,null,null
2023-09-04T02:11:29Z,21.88,76.18,98,0,27.28,102.54,29.00,591.00,null,null,null
2023-09-04T02:12:29Z,21.87,76.30,98,0,30.31,102.54,29.00,594.00,null,null,null
2023-09-04T02:13:29Z,21.87,76.34,98,0,25.03,102.54,29.00,591.00,25,34,34
2023-09-04T02:14:29Z,21.88,76.22,98,0,31.22,102.55,29.00,591.00,null,null,null
2023-09-04T02:15:29Z,21.90,76.34,98,0,28.47,102.54,29.00,594.00,null,null,null
2023-09-04T02:16:29Z,21.87,76.27,98,0,31.97,102.54,29.00,591.00,null,null,null
2023-09-04T02:17:29Z,21.90,76.33,98,0,21.64,102.55,28.00,584.00,null,null,null
2023-09-04T02:18:29Z,21.87,76.31,98,0,24.61,102.54,28.00,584.00,19,22,22
2023-09-04T02:19:29Z,21.90,76.33,98,0,32.65,102.54,29.00,591.00,null,null,null
2023-09-04T02:20:29Z,21.87,76.28,98,0,23.54,102.54,29.00,591.00,null,null,null
2023-09-04T02:21:29Z,21.90,76.44,98,0,23.94,102.54,29.00,591.00,null,null,null
2023-09-04T02:22:29Z,21.90,76.46,98,0,33.21,102.54,30.00,597.00,null,null,null
2023-09-04T02:23:29Z,21.90,76.46,98,0,35.61,102.54,32.00,612.00,18,19,19
2023-09-04T02:24:29Z,21.91,76.63,98,0,26.26,102.54,34.00,626.00,null,null,null
2023-09-04T02:25:29Z,21.91,76.44,98,0,27.85,102.55,37.00,643.00,null,null,null
2023-09-04T02:26:29Z,21.91,76.38,98,0,23.25,102.54,38.00,650.00,null,null,null
2023-09-04T02:27:29Z,21.90,76.57,98,0,25.87,102.55,40.00,668.00,null,null,null
2023-09-04T02:28:29Z,21.87,76.68,98,0,26.26,102.54,41.00,674.00,30,36,42
2023-09-04T02:29:29Z,21.91,76.51,98,0,25.47,102.55,40.00,668.00,null,null,null
2023-09-04T02:30:29Z,21.91,76.61,98,0,25.38,102.55,42.00,682.00,null,null,null
2023-09-04T02:31:29Z,21.91,76.59,98,0,28.66,102.54,44.00,692.00,null,null,null
2023-09-04T02:32:29Z,21.90,76.63,98,0,24.54,102.54,44.00,692.00,null,null,null
2023-09-04T02:33:29Z,21.90,76.64,98,0,33.07,102.54,42.00,682.00,15,24,24
2023-09-04T02:34:29Z,21.93,76.70,98,0,25.32,102.54,45.00,700.00,null,null,null
2023-09-04T02:35:29Z,21.91,76.61,98,0,24.96,102.54,45.00,700.00,null,null,null
2023-09-04T02:36:29Z,21.93,76.67,98,0,26.78,102.54,45.00,700.00,null,null,null
2023-09-04T02:37:29Z,21.93,76.73,98,0,25.09,102.54,45.00,700.00,null,null,null
2023-09-04T02:38:29Z,21.91,76.65,98,0,27.26,102.54,45.00,700.00,13,18,37
2023-09-04T02:39:29Z,21.91,76.69,98,0,28.09,102.54,44.00,692.00,null,null,null
2023-09-04T02:40:29Z,21.93,76.56,98,0,28.98,102.53,42.00,682.00,null,null,null
2023-09-04T02:41:29Z,21.93,76.64,98,0,29.07,102.54,45.00,700.00,null,null,null
2023-09-04T02:42:29Z,21.94,76.57,98,0,26.00,102.54,45.00,700.00,null,null,null
2023-09-04T02:43:29Z,21.91,76.59,98,0,29.09,102.54,45.00,700.00,15,29,29
2023-09-04T02:44:29Z,21.90,76.66,98,0,29.79,102.54,45.00,700.00,null,null,null
2023-09-04T02:45:29Z,21.94,76.67,98,0,24.43,102.54,45.00,700.00,null,null,null
2023-09-04T02:46:29Z,21.93,76.63,98,0,28.76,102.54,45.00,700.00,null,null,null
2023-09-04T02:47:29Z,21.91,76.62,98,0,30.57,102.54,45.00,700.00,null,null,null
2023-09-04T02:48:29Z,21.90,76.64,98,0,30.60,102.54,46.00,708.00,15,23,23
2023-09-04T02:49:29Z,21.95,76.65,98,0,30.23,102.53,46.00,708.00,null,null,null
2023-09-04T02:50:29Z,21.91,76.68,98,0,32.47,102.53,46.00,708.00,null,null,null
2023-09-04T02:51:29Z,21.91,76.66,98,0,31.37,102.53,46.00,708.00,null,null,null
2023-09-04T02:52:29Z,21.91,76.64,98,0,31.48,102.53,46.00,708.00,null,null,null
2023-09-04T02:53:29Z,21.93,76.70,98,0,24.89,102.53,46.00,708.00,5,8,8
2023-09-04T02:54:29Z,21.95,76.74,98,0,24.07,102.53,46.00,708.00,null,null,null
2023-09-04T02:55:29Z,21.93,76.59,98,0,34.50,102.54,45.00,700.00,null,null,null
2023-09-04T02:56:29Z,21.95,76.60,98,0,31.17,102.53,46.00,708.00,null,null,null
2023-09-04T02:57:29Z,21.94,76.64,98,0,40.97,102.53,46.00,708.00,null,null,null
2023-09-04T02:58:29Z,21.91,76.66,98,0,29.04,102.52,46.00,708.00,18,21,21
2023-09-04T02:59:29Z,21.94,76.65,98,0,26.78,102.53,45.00,700.00,null,null,null
