TIME,TEMP,HUM,BATT,LIGHT,NOISE_A,PRESS,CCS811_VOCS,CCS811_ECO2,PM_1,PM_25,PM_10
ISO 8601,C,%,%,Lux,dBA,kPa,ppb,ppm,ug/m3,ug/m3,ug/m3
Time,Temperature,Humidity,Battery,Light,Noise dBA,Barometric pressure,VOC Gas CCS811,eCO2 Gas CCS811,PM 1.0,PM 2.5,PM 10.0
,55,56,10,14,53,58,113,112,89,87,88
2023-08-27T00:00:03Z,21.35,65.07,16,0,33.69,100.85,52.00,744.00,1,2,2
2023-08-27T00:01:03Z,21.35,65.00,16,0,37.06,100.85,51.00,735.00,null,null,null
2023-08-27T00:02:03Z,21.35,65.00,16,0,35.78,100.85,51.00,735.00,null,null,null
2023-08-27T00:03:03Z,21.33,65.01,16,0,33.95,100.84,51.00,735.00,null,null,null
2023-08-27T00:04:03Z,21.33,64.96,16,0,31.48,100.84,51.00,735.00,null,null,null
2023-08-27T00:05:03Z,21.32,64.89,16,0,29.41,100.85,51.00,735.00,1,1,1
2023-08-27T00:06:03Z,21.33,64.99,16,0,26.50,100.84,47.00,715.00,null,null,null
2023-08-27T00:07:03Z,21.32,65.03,16,0,30.18,100.84,47.00,715.00,null,null,null
2023-08-27T00:08:03Z,21.33,65.08,16,0,26.53,100.84,47.00,715.00,null,null,null
2023-08-27T00:09:03Z,21.33,65.00,16,0,34.83,100.84,50.00,730.00,null,null,null
2023-08-27T00:10:03Z,21.30,64.91,16,0,34.28,100.84,50.00,730.00,2,2,2
2023-08-27T00:11:03Z,21.33,64.98,16,0,31.96,100.84,47.00,710.00,null,null,null
2023-08-27T00:12:03Z,21.33,64.77,16,0,33.66,100.84,47.00,715.00,null,null,null
2023-08-27T00:13:03Z,21.30,64.70,16,0,37.27,100.84,46.00,702.00,null,null,null
2023-08-27T00:14:03Z,21.30,64.74,16,0,22.43,100.84,48.00,717.00,null,null,null
2023-08-27T00:15:03Z,21.30,64.94,16,0,26.71,100.84,47.00,710.00,1,1,1
2023-08-27T00:16:03Z,21.30,65.09,16,0,35.47,100.84,46.00,702.00,null,null,null
2023-08-27T00:17:03Z,21.33,65.03,16,0,33.33,100.84,47.00,710.00,null,null,null
2023-08-27T00:18:03Z,21.32,64.98,16,0,39.37,100.84,47.00,710.00,null,null,null
2023-08-27T00:19:03Z,21.29,65.07,16,0,32.62,100.84,47.00,715.00,null,null,null
2023-08-27T00:20:03Z,21.30,65.08,16,0,35.33,100.84,47.00,715.00,5,5,5
2023-08-27T00:21:03Z,21.29,65.16,16,0,32.85,100.84,47.00,710.00,null,null,null
2023-08-27T00:22:03Z,21.28,64.96,16,0,25.87,100.84,47.00,710.00,null,null,null
2023-08-27T00:23:03Z,21.30,65.09,16,0,32.37,100.84,47.00,710.00,null,null,null
2023-08-27T00:24:03Z,21.29,65.14,16,0,29.43,100.84,47.00,715.00,null,null,null
2023-08-27T00:25:03Z,21.29,65.16,16,0,31.04,100.84,47.00,715.00,4,4,4
2023-08-27T00:26:03Z,21.30,65.14,16,0,27.77,100.84,47.00,710.00,null,null,null
2023-08-27T00:27:03Z,21.29,65.27,16,0,36.53,100.84,47.00,715.00,null,null,null
2023-08-27T00:28:03Z,21.32,65.57,16,0,31.42,100.83,48.00,719.00,null,null,null
2023-08-27T00:29:03Z,21.29,65.45,16,0,28.83,100.84,48.00,719.00,null,null,null
2023-08-27T00:30:03Z,21.29,65.28,16,0,25.13,100.84,50.00,730.00,2,2,2
2023-08-27T00:31:03Z,21.30,65.12,16,0,36.61,100.84,48.00,719.00,null,null,null
2023-08-27T00:32:03Z,21.28,65.19,16,0,29.93,100.84,50.00,730.00,null,null,null
2023-08-27T00:33:03Z,21.30,65.28,16,0,31.59,100.84,50.00,730.00,null,null,null
2023-08-27T00:34:03Z,21.26,65.49,16,0,29.60,100.84,50.00,730.00,null,null,null
2023-08-27T00:35:03Z,21.29,65.54,16,0,31.18,100.84,51.00,737.00,3,4,4
2023-08-27T00:36:03Z,21.29,65.64,16,0,38.51,100.84,50.00,730.00,null,null,null
2023-08-27T00:37:03Z,21.29,65.41,16,0,35.54,100.84,50.00,730.00,null,null,null
2023-08-27T00:38:03Z,21.28,65.33,16,0,30.78,100.84,50.00,730.00,null,null,null
2023-08-27T00:39:03Z,21.30,65.34,16,0,25.92,100.83,51.00,737.00,null,null,null
2023-08-27T00:40:03Z,21.29,65.51,16,0,28.39,100.83,52.00,744.00,0,0,0
2023-08-27T00:41:03Z,21.29,65.66,16,0,30.84,100.84,50.00,730.00,null,null,null
2023-08-27T00:42:03Z,21.29,65.70,16,0,37.35,100.83,51.00,737.00,null,null,null
2023-08-27T00:43:03Z,21.30,65.72,16,0,31.18,100.83,52.00,744.00,null,null,null
2023-08-27T00:44:03Z,21.30,65.60,16,0,34.81,100.83,53.00,754.00,null,null,null
2023-08-27T00:45:03Z,21.30,65.70,16,0,27.57,100.83,53.00,754.00,2,2,2
2023-08-27T00:46:03Z,21.28,65.64,16,0,28.98,100.84,52.00,744.00,null,null,null
2023-08-27T00:47:03Z,21.30,65.65,16,0,29.17,100.84,53.00,754.00,null,null,null
2023-08-27T00:48:03Z,21.28,65.56,16,0,27.62,100.84,53.00,754.00,null,null,null
2023-08-27T00:49:03Z,21.30,65.68,16,0,30.76,100.84,53.00,754.00,null,null,null
2023-08-27T00:50:03Z,21.28,65.88,16,0,24.03,100.84,54.00,761.00,1,1,1
2023-08-27T00:51:03Z,21.28,65.78,16,0,31.33,100.84,53.00,754.00,null,null,null
2023-08-27T00:52:03Z,21.29,65.81,16,0,30.88,100.84,53.00,754.00,null,null,null
2023-08-27T00:53:03Z,21.28,65.57,16,0,30.65,100.84,53.00,754.00,null,null,null
2023-08-27T00:54:03Z,21.28,65.70,16,0,31.44,100.85,53.00,754.00,null,null,null
2023-08-27T00:55:03Z,21.28,65.72,16,0,28.64,100.84,56.00,770.00,3,3,3
2023-08-27T00:56:03Z,21.29,65.56,16,0,26.36,100.84,54.00,761.00,null,null,null
2023-08-27T00:57:03Z,21.28,65.63,16,0,32.44,100.85,56.00,770.00,null,null,null
2023-08-27T00:58:03Z,21.29,65.76,16,0,36.01,100.84,56.00,770.00,null,null,null
2023-08-27T00:59:03Z,21.28,65.70,16,0,32.66,100.84,55.00,763.00,null,null,null
2023-08-27T01:00:03Z,21.29,65.74,16,0,40.46,100.85,56.00,770.00,2,2,2
2023-08-27T01:01:03Z,21.29,65.62,16,0,26.87,100.85,56.00,770.00,null,null,null
2023-08-27T01:02:03Z,21.28,65.53,16,0,22.66,100.85,54.00,761.00,null,null,null
2023-08-27T01:03:03Z,21.29,65.38,16,0,26.93,100.84,54.00,761.00,null,null,null
2023-08-27T01:04:03Z,21.29,65.36,16,0,33.06,100.84,54.00,761.00,null,null,null
2023-08-27T01:05:03Z,21.28,65.51,16,0,26.80,100.84,54.00,761.00,1,1,1
2023-08-27T01:06:03Z,21.29,65.62,15,0,31.43,100.84,53.00,754.00,null,null,null
2023-08-27T01:07:03Z,21.29,65.60,16,0,33.95,100.84,54.00,761.00,null,null,null
2023-08-27T01:08:03Z,21.28,65.68,16,0,30.79,100.84,54.00,761.00,null,null,null
2023-08-27T01:09:03Z,21.26,65.69,15,0,30.64,100.84,56.00,770.00,null,null,null
2023-08-27T01:10:03Z,21.28,65.59,15,0,30.13,100.84,54.00,761.00,3,3,3
2023-08-27T01:11:03Z,21.26,65.63,15,0,27.36,100.84,56.00,770.00,null,null,null
2023-08-27T01:12:03Z,21.28,65.44,16,0,34.74,100.84,53.00,754.00,null,null,null
2023-08-27T01:13:03Z,21.28,65.27,15,0,32.60,100.84,53.00,754.00,null,null,null
2023-08-27T01:14:03Z,21.26,65.50,16,0,29.98,100.84,53.00,754.00,null,null,null
2023-08-27T01:15:03Z,21.25,65.54,15,0,35.61,100.84,54.00,761.00,1,1,1
2023-08-27T01:16:03Z,21.26,65.42,15,0,29.12,100.84,53.00,754.00,null,null,null
2023-08-27T01:17:03Z,21.28,65.34,15,0,24.46,100.84,53.00,754.00,null,null,null
2023-08-27T01:18:03Z,21.26,65.25,15,0,35.73,100.84,53.00,754.00,null,null,null
2023-08-27T01:19:03Z,21.25,65.27,15,0,34.49,100.84,53.00,754.00,null,null,null
2023-08-27T01:20:03Z,21.26,65.45,16,0,32.34,100.84,53.00,754.00,0,0,0
2023-08-27T01:21:03Z,21.25,65.61,15,0,30.37,100.85,52.00,744.00,null,null,null
2023-08-27T01:22:03Z,21.28,65.76,15,0,25.03,100.85,53.00,754.00,null,null,null
2023-08-27T01:23:03Z,21.23,65.62,15,0,33.84,100.84,53.00,748.00,null,null,null
2023-08-27T01:24:03Z,21.25,65.74,15,0,35.73,100.85,65.00,830.00,null,null,null
2023-08-27T01:25:03Z,21.25,65.79,15,0,32.00,100.85,56.00,770.00,1,1,1
2023-08-27T01:26:03Z,21.26,65.42,15,0,34.91,100.85,53.00,754.00,null,null,null
2023-08-27T01:27:03Z,21.29,65.76,15,0,34.92,100.85,56.00,770.00,null,null,null
2023-08-27T01:28:03Z,21.26,65.69,15,0,32.29,100.85,53.00,754.00,null,null,null
2023-08-27T01:29:03Z,21.25,65.70,16,0,26.50,100.85,56.00,770.00,null,null,null
2023-08-27T01:30:03Z,21.26,65.73,15,0,24.31,100.85,56.00,770.00,0,2,2
2023-08-27T01:31:03Z,21.26,65.71,15,0,29.40,100.85,54.00,761.00,null,null,null
2023-08-27T01:32:03Z,21.28,65.60,15,0,39.11,100.85,56.00,770.00,null,null,null
2023-08-27T01:33:03Z,21.28,65.42,15,0,42.66,100.84,56.00,770.00,null,null,null
2023-08-27T01:34:03Z,21.25,65.43,15,0,34.50,100.84,56.00,770.00,null,null,null
2023-08-27T01:35:03Z,21.25,65.36,15,0,25.73,100.84,54.00,761.00,3,3,3
2023-08-27T01:36:03Z,21.26,65.38,15,0,26.67,100.85,53.00,754.00,null,null,null
2023-08-27T01:37:03Z,21.26,65.57,15,0,31.81,100.84,54.00,761.00,null,null,null
2023-08-27T01:38:03Z,21.25,65.54,15,0,31.97,100.84,54.00,761.00,null,null,null
2023-08-27T01:39:03Z,21.25,65.41,15,0,31.25,100.84,53.00,754.00,null,null,null
2023-08-27T01:40:03Z,21.26,65.50,15,0,30.91,100.84,53.00,754.00,1,1,1
2023-08-27T01:41:03Z,21.25,65.52,15,0,33.83,100.84,53.00,754.00,null,null,null
2023-08-27T01:42:03Z,21.25,65.42,15,0,29.01,100.84,53.00,754.00,null,null,null
2023-08-27T01:43:03Z,21.22,65.41,15,0,31.06,100.84,53.00,754.00,null,null,null
2023-08-27T01:44:03Z,21.26,65.26,15,0,28.04,100.84,64.00,821.00,null,null,null
2023-08-27T01:45:03Z,21.22,65.36,15,0,27.45,100.84,53.00,754.00,0,0,0
2023-08-27T01:46:03Z,21.26,65.10,15,0,26.55,100.84,62.00,810.00,null,null,null
2023-08-27T01:47:03Z,21.25,65.23,15,0,29.81,100.84,52.00,744.00,null,null,null
2023-08-27T01:48:03Z,21.25,65.35,15,0,31.62,100.84,52.00,744.00,null,null,null
2023-08-27T01:49:03Z,21.25,65.39,15,0,32.03,100.84,51.00,737.00,null,null,null
2023-08-27T01:50:03Z,21.22,65.24,15,0,31.90,100.84,51.00,737.00,2,3,3
2023-08-27T01:51:03Z,21.25,65.28,15,0,26.93,100.84,51.00,737.00,null,null,null
2023-08-27T01:52:03Z,21.23,65.32,15,0,33.91,100.84,51.00,737.00,null,null,null
2023-08-27T01:53:03Z,21.26,65.39,15,0,35.33,100.84,62.00,810.00,null,null,null
2023-08-27T01:54:03Z,21.23,65.45,15,0,27.66,100.84,52.00,744.00,null,null,null
2023-08-27T01:55:03Z,21.22,65.51,15,0,30.99,100.84,64.00,821.00,2,2,2
2023-08-27T01:56:03Z,21.22,65.34,15,0,30.10,100.84,62.00,810.00,null,null,null
2023-08-27T01:57:03Z,21.23,65.34,15,0,28.25,100.84,62.00,810.00,null,null,null
2023-08-27T01:58:03Z,21.22,65.37,15,0,33.29,100.84,64.00,821.00,null,null,null
2023-08-27T01:59:03Z,21.22,65.43,15,0,46.93,100.84,64.00,821.00,null,null,null
2023-08-27T02:00:03Z,21.21,65.44,15,0,30.34,100.84,64.00,821.00,2,2,2
2023-08-27T02:01:03Z,21.26,65.71,15,0,38.83,100.84,65.00,830.00,null,null,null
2023-08-27T02:02:03Z,21.21,65.39,15,0,27.26,100.84,54.00,761.00,null,null,null
2023-08-27T02:03:03Z,21.25,65.12,15,0,29.69,100.84,65.00,830.00,null,null,null
2023-08-27T02:04:03Z,21.22,65.22,15,0,33.22,100.84,54.00,761.00,null,null,null
2023-08-27T02:05:03Z,21.21,65.34,15,0,27.60,100.83,67.00,846.00,3,3,3
2023-08-27T02:06:03Z,21.21,65.21,14,0,33.70,100.84,64.00,821.00,null,null,null
2023-08-27T02:07:03Z,21.22,65.26,15,0,30.37,100.84,66.00,836.00,null,null,null
2023-08-27T02:08:03Z,21.25,65.21,15,0,28.17,100.84,65.00,830.00,null,null,null
2023-08-27T02:09:03Z,21.22,65.36,15,0,30.62,100.84,56.00,768.00,null,null,null
2023-08-27T02:10:03Z,21.19,65.40,15,0,29.38,100.84,66.00,838.00,0,0,0
2023-08-27T02:11:03Z,21.21,65.51,14,0,30.30,100.84,65.00,830.00,null,null,null
2023-08-27T02:12:03Z,21.22,65.40,14,0,33.86,100.84,66.00,838.00,null,null,null
2023-08-27T02:13:03Z,21.21,65.38,14,0,30.92,100.84,66.00,838.00,null,null,null
2023-08-27T02:14:03Z,21.21,65.42,14,0,34.01,100.84,66.00,838.00,null,null,null
2023-08-27T02:15:03Z,21.18,65.42,15,0,25.70,100.84,66.00,838.00,4,6,6
2023-08-27T02:16:03Z,21.21,65.37,14,0,28.14,100.85,65.00,830.00,null,null,null
2023-08-27T02:17:03Z,21.19,65.32,14,0,37.91,100.85,65.00,830.00,null,null,null
2023-08-27T02:18:03Z,21.23,65.40,15,0,24.27,100.84,67.00,844.00,null,null,null
2023-08-27T02:19:03Z,21.21,65.39,14,0,29.65,100.84,67.00,844.00,null,null,null
2023-08-27T02:20:03Z,21.21,65.34,14,0,26.99,100.84,66.00,838.00,2,2,2
2023-08-27T02:21:03Z,21.23,65.36,14,0,32.91,100.85,66.00,838.00,null,null,null
2023-08-27T02:22:03Z,21.22,65.44,14,0,37.86,100.84,66.00,838.00,null,null,null
2023-08-27T02:23:03Z,21.21,65.49,14,0,34.12,100.84,66.00,838.00,null,null,null
2023-08-27T02:24:03Z,21.21,65.25,14,0,28.67,100.85,66.00,838.00,null,null,null
2023-08-27T02:25:03Z,21.21,65.32,15,0,31.43,100.85,66.00,838.00,2,2,2
2023-08-27T02:26:03Z,21.19,65.38,14,0,31.94,100.85,67.00,844.00,null,null,null
2023-08-27T02:27:03Z,21.21,65.33,14,0,39.81,100.85,66.00,838.00,null,null,null
2023-08-27T02:28:03Z,21.21,65.41,14,0,29.44,100.85,67.00,844.00,null,null,null
2023-08-27T02:29:03Z,21.18,65.45,14,0,28.98,100.85,69.00,853.00,null,null,null
2023-08-27T02:30:03Z,21.21,65.65,14,0,35.06,100.85,69.00,853.00,1,1,1
2023-08-27T02:31:03Z,21.22,65.66,14,0,27.22,100.85,67.00,844.00,null,null,null
2023-08-27T02:32:03Z,21.21,65.45,14,0,30.71,100.85,69.00,853.00,null,null,null
2023-08-27T02:33:03Z,21.19,65.33,14,0,26.26,100.85,69.00,853.00,null,null,null
2023-08-27T02:34:03Z,21.21,65.41,14,0,21.49,100.85,69.00,853.00,null,null,null
2023-08-27T02:35:03Z,21.18,65.47,14,0,34.71,100.85,70.00,865.00,0,0,0
2023-08-27T02:36:03Z,21.21,65.51,14,0,31.35,100.84,69.00,853.00,null,null,null
2023-08-27T02:37:03Z,21.19,65.42,14,0,35.69,100.85,69.00,853.00,null,null,null
2023-08-27T02:38:03Z,21.19,65.49,14,0,35.52,100.84,69.00,853.00,null,null,null
2023-08-27T02:39:03Z,21.21,65.57,14,0,32.02,100.85,70.00,865.00,null,null,null
2023-08-27T02:40:03Z,21.21,65.60,14,0,29.01,100.85,70.00,865.00,5,5,5
2023-08-27T02:41:03Z,21.19,65.47,14,0,24.76,100.84,69.00,853.00,null,null,null
2023-08-27T02:42:03Z,21.19,65.23,14,0,30.25,100.85,69.00,853.00,null,null,null
2023-08-27T02:43:03Z,21.21,65.22,14,0,29.23,100.84,70.00,863.00,null,null,null
2023-08-27T02:44:03Z,21.18,65.36,14,0,28.93,100.84,68.00,851.00,null,null,null
2023-08-27T02:45:03Z,21.19,65.07,14,0,38.94,100.84,67.00,844.00,1,1,1
2023-08-27T02:46:03Z,21.19,65.06,14,0,30.28,100.85,67.00,846.00,null,null,null
2023-08-27T02:47:03Z,21.15,65.12,14,0,30.64,100.85,66.00,836.00,null,null,null
2023-08-27T02:48:03Z,21.19,65.16,14,0,42.67,100.85,67.00,846.00,null,null,null
2023-08-27T02:49:03Z,21.15,65.30,14,0,24.58,100.85,67.00,846.00,null,null,null
2023-08-27T02:50:03Z,21.16,65.27,14,0,26.36,100.85,66.00,838.00,2,2,2
2023-08-27T02:51:03Z,21.18,65.22,14,0,26.08,100.85,65.00,830.00,null,null,null
2023-08-27T02:52:03Z,21.18,65.33,14,0,25.76,100.85,66.00,836.00,null,null,null
2023-08-27T02:53:03Z,21.18,65.33,14,0,24.58,100.85,65.00,830.00,null,null,null
2023-08-27T02:54:03Z,21.18,65.35,14,0,30.32,100.85,66.00,838.00,null,null,null
2023-08-27T02:55:03Z,21.15,65.50,14,0,29.53,100.85,66.00,838.00,6,7,7
2023-08-27T02:56:03Z,21.16,65.57,14,0,32.97,100.85,67.00,844.00,null,null,null
2023-08-27T02:57:03Z,21.18,65.52,14,0,21.34,100.85,67.00,844.00,null,null,null
2023-08-27T02:58:03Z,21.16,65.52,14,0,28.61,100.85,66.00,838.00,null,null,null
2023-08-27T02:59:03Z,21.16,65.41,14,0,26.60,100.85,67.00,844.00,null,null,null
2023-08-27T03:00:03Z,21.15,65.43,14,0,30.28,100.84,67.00,844.00,5,6,6
2023-08-27T03:01:03Z,21.16,65.43,14,0,25.79,100.85,67.00,844.00,null,null,null
2023-08-27T03:02:03Z,21.15,65.35,14,0,31.45,100.85,69.00,853.00,null,null,null
2023-08-27T03:03:03Z,21.16,65.27,14,0,29.17,100.85,67.00,844.00,null,null,null
2023-08-27T03:04:03Z,21.18,65.33,14,0,29.21,100.85,67.00,844.00,null,null,null
2023-08-27T03:05:03Z,21.18,65.44,14,0,30.91,100.85,67.00,844.00,4,5,5
2023-08-27T03:06:03Z,21.16,65.23,14,0,53.13,100.85,66.00,838.00,null,null,null
2023-08-27T03:07:03Z,21.16,65.21,14,0,29.62,100.85,67.00,846.00,null,null,null
2023-08-27T03:08:03Z,21.18,65.34,14,0,27.18,100.85,67.00,846.00,null,null,null
2023-08-27T03:09:03Z,21.15,65.37,14,0,32.60,100.85,67.00,844.00,null,null,null
2023-08-27T03:10:03Z,21.15,65.36,14,0,32.89,100.85,66.00,838.00,4,4,4
2023-08-27T03:11:03Z,21.15,65.35,14,0,38.49,100.85,64.00,821.00,null,null,null
2023-08-27T03:12:03Z,21.15,65.49,14,0,38.60,100.85,66.00,838.00,null,null,null
2023-08-27T03:13:03Z,21.16,65.50,14,0,27.32,100.85,69.00,853.00,null,null,null
2023-08-27T03:14:03Z,21.18,65.47,14,0,29.62,100.84,70.00,865.00,null,null,null
2023-08-27T03:15:03Z,21.14,65.45,14,0,24.86,100.84,72.00,874.00,4,7,7
2023-08-27T03:16:03Z,21.15,65.40,14,0,28.06,100.84,73.00,882.00,null,null,null
2023-08-27T03:17:03Z,21.16,65.33,14,0,31.54,100.85,72.00,874.00,null,null,null
2023-08-27T03:18:03Z,21.15,65.13,14,0,34.68,100.84,73.00,882.00,null,null,null
2023-08-27T03:19:03Z,21.14,65.11,14,0,33.85,100.85,74.00,889.00,null,null,null
2023-08-27T03:20:03Z,21.14,65.25,14,0,28.02,100.85,76.00,900.00,3,4,9
2023-08-27T03:21:03Z,21.14,65.23,14,0,27.77,100.85,73.00,882.00,null,null,null
2023-08-27T03:22:03Z,21.15,65.35,14,0,36.11,100.84,74.00,889.00,null,null,null
2023-08-27T03:23:03Z,21.14,65.20,14,0,29.67,100.85,74.00,891.00,null,null,null
2023-08-27T03:24:03Z,21.14,65.08,14,0,26.16,100.84,76.00,900.00,null,null,null
2023-08-27T03:25:03Z,21.12,65.09,14,0,26.60,100.84,76.00,900.00,5,7,7
2023-08-27T03:26:03Z,21.14,65.06,14,0,26.26,100.84,74.00,889.00,null,null,null
2023-08-27T03:27:03Z,21.15,65.06,14,0,32.48,100.85,76.00,900.00,null,null,null
2023-08-27T03:28:03Z,21.14,65.10,14,0,33.37,100.85,76.00,905.00,null,null,null
2023-08-27T03:29:03Z,21.12,65.02,14,0,33.85,100.85,76.00,905.00,null,null,null
2023-08-27T03:30:03Z,21.11,65.15,14,0,27.90,100.85,76.00,905.00,3,5,5
2023-08-27T03:31:03Z,21.14,65.15,14,0,30.49,100.85,76.00,900.00,null,null,null
2023-08-27T03:32:03Z,21.08,64.93,14,0,31.01,100.85,76.00,900.00,null,null,null
2023-08-27T03:33:03Z,21.11,64.87,14,0,33.60,100.85,73.00,882.00,null,null,null
2023-08-27T03:34:03Z,21.09,64.95,14,0,27.12,100.85,74.00,889.00,null,null,null
2023-08-27T03:35:03Z,21.09,64.98,14,0,35.65,100.85,74.00,889.00,1,1,1
2023-08-27T03:36:03Z,21.08,64.90,14,0,35.40,100.85,74.00,889.00,null,null,null
2023-08-27T03:37:03Z,21.11,64.92,14,0,32.82,100.85,73.00,882.00,null,null,null
2023-08-27T03:38:03Z,21.06,64.81,14,0,29.57,100.85,71.00,872.00,null,null,null
2023-08-27T03:39:03Z,21.09,64.80,14,0,27.80,100.85,71.00,872.00,null,null,null
2023-08-27T03:40:03Z,21.05,64.85,14,0,27.16,100.85,70.00,863.00,2,2,2
2023-08-27T03:41:03Z,21.08,64.91,14,0,30.33,100.85,68.00,851.00,null,null,null
2023-08-27T03:42:03Z,21.08,64.97,14,0,32.77,100.85,68.00,851.00,null,null,null
2023-08-27T03:43:03Z,21.06,64.90,14,0,28.11,100.85,68.00,851.00,null,null,null
2023-08-27T03:44:03Z,21.06,65.02,14,0,28.74,100.85,67.00,846.00,null,null,null
2023-08-27T03:45:03Z,21.08,65.06,14,0,26.62,100.85,68.00,851.00,2,2,2
2023-08-27T03:46:03Z,21.09,64.95,14,0,29.82,100.85,66.00,836.00,null,null,null
2023-08-27T03:47:03Z,21.06,64.92,14,0,28.45,100.85,66.00,836.00,null,null,null
2023-08-27T03:48:03Z,21.06,65.01,14,0,24.72,100.85,66.00,836.00,null,null,null
2023-08-27T03:49:03Z,21.06,64.95,14,0,24.27,100.86,66.00,836.00,null,null,null
2023-08-27T03:50:03Z,21.05,65.09,14,0,28.55,100.86,66.00,836.00,2,2,2
2023-08-27T03:51:03Z,21.05,65.13,14,0,29.21,100.86,66.00,836.00,null,null,null
2023-08-27T03:52:03Z,21.08,64.95,14,0,33.85,100.86,65.00,830.00,null,null,null
2023-08-27T03:53:03Z,21.08,65.03,14,0,29.31,100.85,66.00,836.00,null,null,null
2023-08-27T03:54:03Z,21.04,64.86,14,0,35.32,100.85,65.00,830.00,null,null,null
2023-08-27T03:55:03Z,21.05,65.07,14,0,27.94,100.85,66.00,836.00,2,2,2
2023-08-27T03:56:03Z,21.05,65.36,14,0,32.57,100.85,66.00,836.00,null,null,null
2023-08-27T03:57:03Z,21.05,65.27,14,0,28.07,100.85,65.00,830.00,null,null,null
2023-08-27T03:58:03Z,21.05,65.05,14,0,25.03,100.85,64.00,821.00,null,null,null
2023-08-27T03:59:03Z,21.05,65.15,14,0,28.07,100.85,65.00,830.00,null,null,null
2023-08-27T04:00:03Z,21.06,65.07,14,0,34.42,100.86,66.00,836.00,2,2,2
2023-08-27T04:01:03Z,21.05,65.07,14,0,32.28,100.86,65.00,830.00,null,null,null
2023-08-27T04:02:03Z,21.05,64.85,14,0,31.96,100.86,65.00,830.00,null,null,null
2023-08-27T04:03:03Z,21.04,64.82,14,0,36.42,100.86,63.00,817.00,null,null,null
2023-08-27T04:04:03Z,21.04,64.87,14,0,24.68,100.86,63.00,817.00,null,null,null
2023-08-27T04:05:03Z,21.04,65.02,14,0,26.24,100.86,62.00,810.00,2,2,9
2023-08-27T04:06:03Z,21.05,65.27,14,0,32.74,100.86,63.00,817.00,null,null,null
2023-08-27T04:07:03Z,21.05,65.19,14,0,37.29,100.86,62.00,810.00,null,null,null
2023-08-27T04:08:03Z,21.05,64.88,14,0,33.03,100.86,63.00,817.00,null,null,null
2023-08-27T04:09:03Z,21.04,64.98,14,0,24.54,100.86,62.00,810.00,null,null,null
2023-08-27T04:10:03Z,21.02,64.75,14,0,35.10,100.86,62.00,810.00,0,0,0
2023-08-27T04:11:03Z,21.02,64.73,14,0,31.58,100.86,62.00,810.00,null,null,null
2023-08-27T04:12:03Z,21.02,64.82,14,0,27.22,100.86,62.00,810.00,null,null,null
2023-08-27T04:13:03Z,21.02,64.87,14,0,26.29,100.86,62.00,810.00,null,null,null
2023-08-27T04:14:03Z,21.02,64.82,14,0,26.55,100.86,62.00,810.00,null,null,null
2023-08-27T04:15:03Z,21.01,64.79,14,0,30.76,100.86,62.00,810.00,0,0,0
2023-08-27T04:16:03Z,20.98,64.87,14,0,31.20,100.86,61.00,802.00,null,null,null
2023-08-27T04:17:03Z,21.04,64.80,14,0,37.25,100.86,62.00,810.00,null,null,null
2023-08-27T04:18:03Z,21.01,64.71,14,0,26.48,100.86,62.00,810.00,null,null,null
2023-08-27T04:19:03Z,21.02,64.70,14,0,35.46,100.86,63.00,819.00,null,null,null
2023-08-27T04:20:03Z,20.99,64.53,14,0,33.49,100.86,63.00,819.00,4,4,4
2023-08-27T04:21:03Z,21.01,64.61,13,0,34.31,100.86,59.00,793.00,null,null,null
2023-08-27T04:22:03Z,20.99,64.76,14,0,24.15,100.86,62.00,810.00,null,null,null
2023-08-27T04:23:03Z,20.99,64.71,14,0,35.73,100.86,61.00,802.00,null,null,null
2023-08-27T04:24:03Z,20.98,64.54,13,0,30.38,100.86,59.00,793.00,null,null,null
2023-08-27T04:25:03Z,20.97,64.64,14,0,30.84,100.87,61.00,804.00,3,3,3
2023-08-27T04:26:03Z,20.99,64.64,14,0,35.13,100.87,58.00,785.00,null,null,null
2023-08-27T04:27:03Z,20.99,64.77,14,0,29.63,100.87,59.00,793.00,null,null,null
2023-08-27T04:28:03Z,20.98,64.68,14,0,31.54,100.87,58.00,783.00,null,null,null
2023-08-27T04:29:03Z,20.97,64.62,14,0,29.56,100.87,59.00,793.00,null,null,null
2023-08-27T04:30:03Z,20.98,64.75,13,0,33.68,100.87,61.00,804.00,2,2,2
2023-08-27T04:31:03Z,20.97,64.52,13,0,31.02,100.87,58.00,783.00,null,null,null
2023-08-27T04:32:03Z,20.98,64.47,14,0,25.82,100.87,58.00,785.00,null,null,null
2023-08-27T04:33:03Z,20.97,64.47,14,0,26.36,100.87,58.00,785.00,null,null,null
2023-08-27T04:34:03Z,20.97,64.60,13,0,28.68,100.87,58.00,785.00,null,null,null
2023-08-27T04:35:03Z,20.95,64.69,14,0,36.36,100.87,59.00,793.00,3,4,4
2023-08-27T04:36:03Z,20.97,64.39,13,0,31.11,100.88,57.00,776.00,null,null,null
2023-08-27T04:37:03Z,20.95,64.51,14,0,34.29,100.87,57.00,776.00,null,null,null
2023-08-27T04:38:03Z,20.97,64.61,13,0,32.50,100.88,58.00,785.00,null,null,null
2023-08-27T04:39:03Z,20.97,64.75,13,0,42.42,100.88,58.00,785.00,null,null,null
2023-08-27T04:40:03Z,20.95,64.78,13,0,31.12,100.88,57.00,776.00,1,1,1
2023-08-27T04:41:03Z,20.97,64.80,14,0,42.55,100.88,56.00,768.00,null,null,null
2023-08-27T04:42:03Z,20.97,64.52,13,0,30.12,100.88,56.00,768.00,null,null,null
2023-08-27T04:43:03Z,20.98,64.36,13,0,32.29,100.88,56.00,772.00,null,null,null
2023-08-27T04:44:03Z,20.94,64.40,13,0,35.32,100.88,56.00,772.00,null,null,null
2023-08-27T04:45:03Z,20.95,64.42,13,0,35.00,100.88,56.00,772.00,2,2,2
2023-08-27T04:46:03Z,20.92,64.39,13,0,37.98,100.89,56.00,772.00,null,null,null
2023-08-27T04:47:03Z,20.95,64.35,13,0,24.93,100.89,55.00,765.00,null,null,null
2023-08-27T04:48:03Z,20.97,64.41,13,0,26.87,100.89,53.00,754.00,null,null,null
2023-08-27T04:49:03Z,20.92,64.61,13,0,26.91,100.89,53.00,754.00,null,null,null
2023-08-27T04:50:03Z,20.91,64.47,13,0,25.87,100.89,53.00,754.00,1,1,1
2023-08-27T04:51:03Z,20.94,64.41,13,0,28.50,100.90,53.00,748.00,null,null,null
2023-08-27T04:52:03Z,20.94,64.36,13,0,34.99,100.89,53.00,754.00,null,null,null
2023-08-27T04:53:03Z,20.92,64.45,13,0,26.55,100.89,53.00,748.00,null,null,null
2023-08-27T04:54:03Z,20.95,64.31,13,0,28.27,100.90,53.00,754.00,null,null,null
2023-08-27T04:55:03Z,20.91,64.33,13,0,31.20,100.90,52.00,742.00,1,1,9
2023-08-27T04:56:03Z,20.92,64.37,13,0,32.44,100.90,50.00,733.00,null,null,null
2023-08-27T04:57:03Z,20.91,64.20,13,0,33.50,100.90,52.00,742.00,null,null,null
2023-08-27T04:58:03Z,20.91,64.13,13,0,33.30,100.90,51.00,737.00,null,null,null
2023-08-27T04:59:03Z,20.91,64.17,13,0,29.04,100.90,50.00,730.00,null,null,null
2023-08-27T05:00:03Z,20.88,64.24,13,0,33.81,100.90,50.00,730.00,2,2,2
2023-08-27T05:01:03Z,20.86,64.38,13,0,34.10,100.90,48.00,717.00,null,null,null
2023-08-27T05:02:03Z,20.92,64.42,13,0,32.78,100.90,47.00,714.00,null,null,null
2023-08-27T05:03:03Z,20.91,64.25,13,0,30.88,100.90,49.00,726.00,null,null,null
2023-08-27T05:04:03Z,20.89,64.38,13,0,33.78,100.91,47.00,714.00,null,null,null
2023-08-27T05:05:03Z,20.88,64.46,13,0,38.40,100.90,49.00,726.00,0,0,0
2023-08-27T05:06:03Z,20.88,64.42,13,0,37.87,100.90,47.00,714.00,null,null,null
2023-08-27T05:07:03Z,20.91,64.38,13,0,37.44,100.91,49.00,726.00,null,null,null
2023-08-27T05:08:03Z,20.88,64.45,13,0,28.40,100.91,49.00,726.00,null,null,null
2023-08-27T05:09:03Z,20.89,64.52,13,0,36.73,100.91,49.00,726.00,null,null,null
2023-08-27T05:10:03Z,20.88,64.56,13,0,47.08,100.91,50.00,733.00,6,6,6
2023-08-27T05:11:03Z,20.86,64.10,13,0,31.54,100.90,49.00,726.00,null,null,null
2023-08-27T05:12:03Z,20.88,64.02,13,0,32.67,100.90,48.00,717.00,null,null,null
2023-08-27T05:13:03Z,20.88,64.32,13,0,35.88,100.91,48.00,717.00,null,null,null
2023-08-27T05:14:03Z,20.88,64.38,13,0,32.16,100.91,47.00,714.00,null,null,null
2023-08-27T05:15:03Z,20.89,64.47,13,0,34.56,100.91,49.00,726.00,1,1,1
2023-08-27T05:16:03Z,20.89,64.48,13,0,39.86,100.91,47.00,714.00,null,null,null
2023-08-27T05:17:03Z,20.88,64.54,13,0,42.11,100.92,49.00,726.00,null,null,null
2023-08-27T05:18:03Z,20.88,64.25,13,0,32.57,100.91,47.00,710.00,null,null,null
2023-08-27T05:19:03Z,20.88,64.21,13,0,31.37,100.91,47.00,710.00,null,null,null
2023-08-27T05:20:03Z,20.84,64.00,13,0,34.11,100.91,47.00,710.00,0,0,0
2023-08-27T05:21:03Z,20.85,64.26,13,0,47.21,100.92,47.00,714.00,null,null,null
2023-08-27T05:22:03Z,20.85,64.38,13,0,37.47,100.92,47.00,710.00,null,null,null
2023-08-27T05:23:03Z,20.88,64.11,13,0,35.02,100.92,49.00,726.00,null,null,null
2023-08-27T05:24:03Z,20.88,64.00,13,0,33.80,100.92,51.00,737.00,null,null,null
2023-08-27T05:25:03Z,20.85,64.16,13,0,41.53,100.92,52.00,746.00,1,3,3
2023-08-27T05:26:03Z,20.86,64.38,13,0,32.63,100.92,53.00,752.00,null,null,null
2023-08-27T05:27:03Z,20.86,64.47,13,0,31.48,100.92,56.00,772.00,null,null,null
2023-08-27T05:28:03Z,20.88,64.56,13,0,36.51,100.92,58.00,785.00,null,null,null
2023-08-27T05:29:03Z,20.84,64.26,13,0,32.28,100.92,59.00,793.00,null,null,null
2023-08-27T05:30:03Z,20.85,64.15,13,0,42.61,100.92,58.00,785.00,3,3,3
2023-08-27T05:31:03Z,20.85,64.19,13,0,35.04,100.93,59.00,791.00,null,null,null
2023-08-27T05:32:03Z,20.86,64.39,13,0,43.15,100.93,59.00,791.00,null,null,null
2023-08-27T05:33:03Z,20.84,64.38,13,0,32.12,100.93,58.00,785.00,null,null,null
2023-08-27T05:34:03Z,20.85,64.43,13,0,42.20,100.93,59.00,793.00,null,null,null
2023-08-27T05:35:03Z,20.85,64.45,13,0,30.39,100.93,61.00,804.00,1,1,1
2023-08-27T05:36:03Z,20.86,64.51,13,0,31.74,100.94,61.00,804.00,null,null,null
2023-08-27T05:37:03Z,20.85,64.35,13,0,37.99,100.93,61.00,804.00,null,null,null
2023-08-27T05:38:03Z,20.82,64.13,13,0,30.11,100.93,61.00,804.00,null,null,null
2023-08-27T05:39:03Z,20.86,64.21,13,0,35.57,100.93,60.00,798.00,null,null,null
2023-08-27T05:40:03Z,20.86,64.31,13,0,27.24,100.94,60.00,798.00,1,1,1
2023-08-27T05:41:03Z,20.86,64.40,13,0,30.56,100.94,59.00,793.00,null,null,null
2023-08-27T05:42:03Z,20.88,64.33,13,0,36.62,100.94,61.00,804.00,null,null,null
2023-08-27T05:43:03Z,20.86,64.19,13,0,33.33,100.94,59.00,793.00,null,null,null
2023-08-27T05:44:03Z,20.84,64.23,13,0,28.25,100.94,60.00,798.00,null,null,null
2023-08-27T05:45:03Z,20.82,64.30,13,0,27.71,100.94,60.00,798.00,2,2,2
2023-08-27T05:46:03Z,20.85,64.22,13,0,36.97,100.94,57.00,776.00,null,null,null
2023-08-27T05:47:03Z,20.85,64.26,13,0,33.70,100.94,59.00,791.00,null,null,null
2023-08-27T05:48:03Z,20.86,64.37,13,0,35.61,100.94,57.00,776.00,null,null,null
2023-08-27T05:49:03Z,20.84,64.47,13,0,41.44,100.94,58.00,785.00,null,null,null
2023-08-27T05:50:03Z,20.84,64.56,13,0,35.24,100.94,58.00,785.00,3,3,3
2023-08-27T05:51:03Z,20.84,64.35,13,0,38.82,100.94,58.00,785.00,null,null,null
2023-08-27T05:52:03Z,20.86,64.25,13,0,33.13,100.94,57.00,776.00,null,null,null
2023-08-27T05:53:03Z,20.84,64.33,13,0,28.07,100.94,57.00,776.00,null,null,null
2023-08-27T05:54:03Z,20.82,64.27,13,0,37.46,100.94,56.00,772.00,null,null,null
2023-08-27T05:55:03Z,20.81,64.37,13,0,30.98,100.94,56.00,772.00,4,6,6
2023-08-27T05:56:03Z,20.85,64.29,13,0,32.08,100.94,56.00,772.00,null,null,null
2023-08-27T05:57:03Z,20.86,64.13,13,0,36.09,100.94,56.00,772.00,null,null,null
2023-08-27T05:58:03Z,20.84,64.02,13,0,24.50,100.95,57.00,776.00,null,null,null
2023-08-27T05:59:03Z,20.82,64.22,13,0,31.28,100.95,56.00,770.00,null,null,null
2023-08-27T06:00:03Z,20.84,64.22,13,0,37.20,100.95,56.00,770.00,3,3,3
2023-08-27T06:01:03Z,20.86,64.35,13,0,31.50,100.95,53.00,752.00,null,null,null
2023-08-27T06:02:03Z,20.85,64.32,13,0,35.31,100.95,53.00,754.00,null,null,null
2023-08-27T06:03:03Z,20.82,64.18,13,0,27.87,100.95,55.00,765.00,null,null,null
2023-08-27T06:04:03Z,20.82,64.04,13,0,26.73,100.95,54.00,759.00,null,null,null
2023-08-27T06:05:03Z,20.82,64.22,13,0,41.11,100.95,54.00,759.00,4,4,4
2023-08-27T06:06:03Z,20.84,64.36,13,0,30.43,100.95,54.00,759.00,null,null,null
2023-08-27T06:07:03Z,20.81,64.27,13,0,32.02,100.95,53.00,754.00,null,null,null
2023-08-27T06:08:03Z,20.82,64.14,13,0,35.22,100.95,53.00,754.00,null,null,null
2023-08-27T06:09:03Z,20.82,64.02,13,0,28.42,100.95,53.00,752.00,null,null,null
2023-08-27T06:10:03Z,20.81,64.10,13,0,32.38,100.95,53.00,752.00,1,1,1
2023-08-27T06:11:03Z,20.82,63.97,13,0,31.45,100.95,51.00,737.00,null,null,null
2023-08-27T06:12:03Z,20.82,64.16,13,0,40.35,100.95,52.00,746.00,null,null,null
2023-08-27T06:13:03Z,20.84,64.19,13,0,34.01,100.95,52.00,746.00,null,null,null
2023-08-27T06:14:03Z,20.84,63.97,13,0,37.49,100.95,52.00,746.00,null,null,null
2023-08-27T06:15:03Z,20.81,64.22,13,1,27.14,100.95,51.00,737.00,1,2,2
2023-08-27T06:16:03Z,20.82,64.39,13,1,35.06,100.95,52.00,746.00,null,null,null
2023-08-27T06:17:03Z,20.82,64.31,13,2,36.58,100.95,50.00,733.00,null,null,null
2023-08-27T06:18:03Z,20.82,64.35,13,2,29.36,100.95,52.00,742.00,null,null,null
2023-08-27T06:19:03Z,20.84,64.09,13,2,27.53,100.94,50.00,733.00,null,null,null
2023-08-27T06:20:03Z,20.82,63.96,13,2,25.35,100.94,51.00,737.00,3,3,3
2023-08-27T06:21:03Z,20.85,63.86,13,2,34.68,100.95,48.00,717.00,null,null,null
2023-08-27T06:22:03Z,20.84,64.04,13,2,41.07,100.95,48.00,717.00,null,null,null
2023-08-27T06:23:03Z,20.84,64.29,13,2,42.84,100.95,50.00,730.00,null,null,null
2023-08-27T06:24:03Z,20.84,64.40,13,3,37.22,100.95,50.00,733.00,null,null,null
2023-08-27T06:25:03Z,20.84,64.61,13,4,30.50,100.94,52.00,742.00,1,1,8
2023-08-27T06:26:03Z,20.85,64.26,13,4,30.66,100.95,50.00,733.00,null,null,null
2023-08-27T06:27:03Z,20.85,64.20,13,3,35.55,100.95,49.00,726.00,null,null,null
2023-08-27T06:28:03Z,20.85,64.37,13,3,27.47,100.95,51.00,737.00,null,null,null
2023-08-27T06:29:03Z,20.88,64.42,13,3,31.42,100.95,52.00,742.00,null,null,null
2023-08-27T06:30:03Z,20.86,64.49,13,3,32.18,100.95,52.00,742.00,1,2,2
2023-08-27T06:31:03Z,20.86,64.50,13,2,28.61,100.94,53.00,748.00,null,null,null
2023-08-27T06:32:03Z,20.88,64.49,13,2,35.88,100.94,53.00,754.00,null,null,null
2023-08-27T06:33:03Z,20.89,64.46,13,2,24.58,100.94,53.00,754.00,null,null,null
2023-08-27T06:34:03Z,20.88,64.51,13,2,34.12,100.94,55.00,765.00,null,null,null
2023-08-27T06:35:03Z,20.88,64.14,13,3,30.11,100.94,53.00,754.00,1,1,1
2023-08-27T06:36:03Z,20.91,64.15,12,2,35.43,100.94,53.00,752.00,null,null,null
2023-08-27T06:37:03Z,20.91,64.04,12,2,35.46,100.94,53.00,752.00,null,null,null
2023-08-27T06:38:03Z,20.92,64.06,13,2,28.81,100.94,53.00,752.00,null,null,null
2023-08-27T06:39:03Z,20.91,64.28,13,2,30.43,100.94,54.00,759.00,null,null,null
2023-08-27T06:40:03Z,20.91,64.36,13,2,29.08,100.94,53.00,754.00,4,4,4
2023-08-27T06:41:03Z,20.92,64.42,12,2,24.65,100.94,55.00,765.00,null,null,null
2023-08-27T06:42:03Z,20.94,64.05,12,2,30.42,100.94,53.00,754.00,null,null,null
2023-08-27T06:43:03Z,20.92,63.99,12,1,35.32,100.94,54.00,759.00,null,null,null
2023-08-27T06:44:03Z,20.92,64.05,13,1,27.60,100.94,54.00,759.00,null,null,null
2023-08-27T06:45:03Z,20.92,63.98,13,2,28.02,100.94,53.00,752.00,3,3,11
2023-08-27T06:46:03Z,20.91,63.69,13,1,35.45,100.94,53.00,752.00,null,null,null
2023-08-27T06:47:03Z,20.92,63.58,12,1,33.26,100.95,53.00,752.00,null,null,null
2023-08-27T06:48:03Z,20.91,63.68,12,1,37.42,100.95,53.00,752.00,null,null,null
2023-08-27T06:49:03Z,20.92,63.67,13,0,28.95,100.94,52.00,744.00,null,null,null
2023-08-27T06:50:03Z,20.94,63.70,12,0,31.59,100.95,52.00,744.00,3,3,3
2023-08-27T06:51:03Z,20.92,63.87,12,0,31.12,100.95,51.00,735.00,null,null,null
2023-08-27T06:52:03Z,20.92,63.81,12,0,26.26,100.95,51.00,737.00,null,null,null
2023-08-27T06:53:03Z,20.94,63.69,13,0,28.84,100.95,50.00,730.00,null,null,null
2023-08-27T06:54:03Z,20.94,63.59,12,0,35.33,100.95,51.00,735.00,null,null,null
2023-08-27T06:55:03Z,20.94,63.57,13,0,35.96,100.96,52.00,744.00,1,1,1
2023-08-27T06:56:03Z,20.94,63.79,13,0,31.98,100.96,51.00,735.00,null,null,null
2023-08-27T06:57:03Z,20.94,63.52,13,0,31.16,100.96,50.00,730.00,null,null,null
2023-08-27T06:58:03Z,20.92,63.35,13,0,43.05,100.95,49.00,728.00,null,null,null
2023-08-27T06:59:03Z,20.94,63.32,12,0,38.93,100.96,49.00,728.00,null,null,null
2023-08-27T07:00:03Z,20.92,63.42,12,0,28.80,100.96,48.00,719.00,0,0,0
2023-08-27T07:01:03Z,20.94,63.33,12,0,28.14,100.96,47.00,714.00,null,null,null
2023-08-27T07:02:03Z,20.94,63.48,12,0,30.66,100.96,47.00,714.00,null,null,null
2023-08-27T07:03:03Z,20.92,63.60,12,0,36.98,100.96,47.00,714.00,null,null,null
2023-08-27T07:04:03Z,20.92,63.43,13,0,35.22,100.96,47.00,714.00,null,null,null
2023-08-27T07:05:03Z,20.91,63.44,12,0,36.51,100.97,48.00,719.00,1,1,1
2023-08-27T07:06:03Z,20.95,63.44,12,0,39.17,100.97,47.00,714.00,null,null,null
2023-08-27T07:07:03Z,20.92,63.33,12,0,37.80,100.97,46.00,706.00,null,null,null
2023-08-27T07:08:03Z,20.94,63.21,13,0,34.58,100.96,46.00,706.00,null,null,null
2023-08-27T07:09:03Z,20.91,63.15,12,0,32.42,100.96,47.00,714.00,null,null,null
2023-08-27T07:10:03Z,20.91,63.22,12,0,36.93,100.97,47.00,714.00,3,3,3
2023-08-27T07:11:03Z,20.94,63.45,12,0,35.31,100.96,45.00,699.00,null,null,null
2023-08-27T07:12:03Z,20.94,63.54,12,0,32.14,100.96,45.00,699.00,null,null,null
2023-08-27T07:13:03Z,20.92,63.31,12,0,32.59,100.97,45.00,699.00,null,null,null
2023-08-27T07:14:03Z,20.91,63.38,12,1,34.52,100.96,45.00,699.00,null,null,null
2023-08-27T07:15:03Z,20.92,63.54,12,1,33.44,100.96,46.00,706.00,3,3,3
2023-08-27T07:16:03Z,20.92,63.52,12,1,29.58,100.96,46.00,706.00,null,null,null
2023-08-27T07:17:03Z,20.94,63.37,12,2,30.86,100.96,46.00,706.00,null,null,null
2023-08-27T07:18:03Z,20.92,63.10,12,1,35.78,100.96,44.00,690.00,null,null,null
2023-08-27T07:19:03Z,20.92,63.24,12,1,37.28,100.96,45.00,699.00,null,null,null
2023-08-27T07:20:03Z,20.91,63.31,12,1,36.09,100.96,45.00,699.00,0,0,0
2023-08-27T07:21:03Z,20.91,63.34,12,2,31.68,100.97,44.00,690.00,null,null,null
2023-08-27T07:22:03Z,20.97,63.25,12,2,35.19,100.96,44.00,690.00,null,null,null
2023-08-27T07:23:03Z,20.92,63.33,12,2,32.35,100.97,44.00,690.00,null,null,null
2023-08-27T07:24:03Z,20.94,63.45,12,2,29.13,100.96,44.00,690.00,null,null,null
2023-08-27T07:25:03Z,20.94,63.54,12,3,32.02,100.96,44.00,690.00,2,2,2
2023-08-27T07:26:03Z,20.94,63.51,12,3,35.51,100.96,44.00,690.00,null,null,null
2023-08-27T07:27:03Z,20.95,63.53,12,4,35.59,100.96,45.00,699.00,null,null,null
2023-08-27T07:28:03Z,20.94,63.54,12,5,34.80,100.96,45.00,699.00,null,null,null
2023-08-27T07:29:03Z,20.95,63.41,12,5,25.53,100.96,45.00,699.00,null,null,null
2023-08-27T07:30:03Z,20.97,63.32,12,5,31.12,100.96,46.00,706.00,0,2,9
2023-08-27T07:31:03Z,20.97,63.30,12,5,34.80,100.96,44.00,690.00,null,null,null
2023-08-27T07:32:03Z,20.95,63.35,12,5,31.68,100.95,44.00,690.00,null,null,null
2023-08-27T07:33:03Z,20.95,63.33,12,6,32.41,100.96,44.00,690.00,null,null,null
2023-08-27T07:34:03Z,20.95,63.41,12,6,28.30,100.96,45.00,699.00,null,null,null
2023-08-27T07:35:03Z,20.97,63.53,12,7,28.39,100.95,45.00,699.00,2,2,2
2023-08-27T07:36:03Z,20.95,63.54,12,8,33.24,100.96,45.00,699.00,null,null,null
2023-08-27T07:37:03Z,20.97,63.49,12,7,36.85,100.96,45.00,699.00,null,null,null
2023-08-27T07:38:03Z,20.98,63.57,12,8,26.48,100.96,46.00,706.00,null,null,null
2023-08-27T07:39:03Z,20.97,63.65,12,8,28.54,100.96,46.00,706.00,null,null,null
2023-08-27T07:40:03Z,20.98,63.71,12,8,37.35,100.97,4.00,428.00,0,0,0
2023-08-27T07:41:03Z,21.01,63.74,12,8,33.85,100.97,4.00,428.00,null,null,null
2023-08-27T07:42:03Z,21.02,63.75,12,8,32.45,100.97,4.00,428.00,null,null,null
2023-08-27T07:43:03Z,21.02,63.78,12,8,33.78,100.96,4.00,427.00,null,null,null
2023-08-27T07:44:03Z,21.04,63.78,12,8,35.36,100.96,5.00,434.00,null,null,null
2023-08-27T07:45:03Z,21.04,63.80,12,8,33.95,100.96,5.00,439.00,1,1,1
2023-08-27T07:46:03Z,21.04,63.83,12,9,34.38,100.96,6.00,444.00,null,null,null
2023-08-27T07:47:03Z,21.06,63.76,12,9,34.03,100.96,7.00,447.00,null,null,null
2023-08-27T07:48:03Z,21.06,63.79,12,9,28.23,100.96,7.00,451.00,null,null,null
2023-08-27T07:49:03Z,21.05,63.82,12,9,32.78,100.96,9.00,461.00,null,null,null
2023-08-27T07:50:03Z,21.08,63.87,12,9,32.34,100.96,9.00,461.00,1,1,1
2023-08-27T07:51:03Z,21.11,63.92,12,9,32.19,100.96,9.00,463.00,null,null,null
2023-08-27T07:52:03Z,21.11,63.92,12,9,36.59,100.96,10.00,470.00,null,null,null
2023-08-27T07:53:03Z,21.11,63.96,12,9,36.55,100.96,10.00,470.00,null,null,null
2023-08-27T07:54:03Z,21.11,63.93,12,9,29.72,100.96,12.00,481.00,null,null,null
2023-08-27T07:55:03Z,21.12,63.96,12,9,33.24,100.96,12.00,485.00,1,1,1
2023-08-27T07:56:03Z,21.14,64.03,12,8,32.19,100.96,12.00,485.00,null,null,null
2023-08-27T07:57:03Z,21.14,64.07,12,8,30.61,100.96,12.00,485.00,null,null,null
2023-08-27T07:58:03Z,21.14,63.80,12,8,33.76,100.96,13.00,491.00,null,null,null
2023-08-27T07:59:03Z,21.12,64.06,12,8,30.35,100.95,13.00,491.00,null,null,null
2023-08-27T08:00:03Z,21.14,64.00,12,8,34.04,100.96,14.00,495.00,1,1,1
2023-08-27T08:01:03Z,21.15,63.61,12,8,35.13,100.96,14.00,495.00,null,null,null
2023-08-27T08:02:03Z,21.16,63.81,12,8,34.30,100.96,14.00,498.00,null,null,null
2023-08-27T08:03:03Z,21.19,63.79,11,8,29.83,100.96,15.00,501.00,null,null,null
2023-08-27T08:04:03Z,21.18,63.78,12,8,26.60,100.96,15.00,501.00,null,null,null
2023-08-27T08:05:03Z,21.15,63.96,12,7,36.34,100.96,15.00,505.00,1,1,1
2023-08-27T08:06:03Z,21.19,63.93,12,6,41.66,100.96,15.00,501.00,null,null,null
2023-08-27T08:07:03Z,21.18,63.77,11,7,25.65,100.96,17.00,515.00,null,null,null
2023-08-27T08:08:03Z,21.19,63.81,11,6,34.77,100.96,17.00,515.00,null,null,null
2023-08-27T08:09:03Z,21.19,63.72,11,6,33.61,100.96,17.00,518.00,null,null,null
2023-08-27T08:10:03Z,21.21,63.76,11,5,31.44,100.96,20.00,534.00,4,4,4
2023-08-27T08:11:03Z,21.21,63.86,11,5,35.86,100.96,21.00,540.00,null,null,null
2023-08-27T08:12:03Z,21.23,63.67,11,5,30.03,100.97,21.00,540.00,null,null,null
2023-08-27T08:13:03Z,21.23,63.84,11,5,36.90,100.97,23.00,553.00,null,null,null
2023-08-27T08:14:03Z,21.21,63.79,11,5,32.16,100.96,23.00,553.00,null,null,null
2023-08-27T08:15:03Z,21.21,63.83,12,5,34.29,100.96,24.00,560.00,2,2,2
2023-08-27T08:16:03Z,21.22,63.90,12,5,41.26,100.96,25.00,566.00,null,null,null
2023-08-27T08:17:03Z,21.22,63.91,11,4,26.82,100.96,25.00,570.00,null,null,null
2023-08-27T08:18:03Z,21.23,63.93,11,4,29.84,100.97,27.00,578.00,null,null,null
2023-08-27T08:19:03Z,21.25,64.00,11,4,30.35,100.96,28.00,584.00,null,null,null
2023-08-27T08:20:03Z,21.25,63.65,11,4,31.58,100.97,20.00,536.00,1,1,1
2023-08-27T08:21:03Z,21.29,63.85,11,3,33.03,100.97,20.00,536.00,null,null,null
2023-08-27T08:22:03Z,21.26,63.92,11,3,28.14,100.97,19.00,531.00,null,null,null
2023-08-27T08:23:03Z,21.25,63.89,11,3,27.55,100.97,19.00,531.00,null,null,null
2023-08-27T08:24:03Z,21.26,63.84,12,3,36.79,100.97,19.00,531.00,null,null,null
2023-08-27T08:25:03Z,21.26,63.82,12,3,30.43,100.97,18.00,524.00,1,1,1
2023-08-27T08:26:03Z,21.29,63.87,11,3,36.53,100.97,18.00,524.00,null,null,null
2023-08-27T08:27:03Z,21.32,63.87,11,2,32.62,100.97,18.00,519.00,null,null,null
2023-08-27T08:28:03Z,21.26,63.64,11,0,34.71,100.97,18.00,519.00,null,null,null
2023-08-27T08:29:03Z,21.28,63.82,11,3,32.39,100.97,18.00,524.00,null,null,null
2023-08-27T08:30:03Z,21.28,63.63,11,2,35.43,100.97,18.00,519.00,0,0,0
2023-08-27T08:31:03Z,21.28,63.78,11,0,36.90,100.97,17.00,518.00,null,null,null
2023-08-27T08:32:03Z,21.29,63.75,11,0,30.78,100.97,18.00,524.00,null,null,null
2023-08-27T08:33:03Z,21.30,63.77,11,0,32.61,100.97,18.00,524.00,null,null,null
2023-08-27T08:34:03Z,21.29,63.74,11,0,34.14,100.97,20.00,536.00,null,null,null
2023-08-27T08:35:03Z,21.30,63.64,11,1,38.34,100.97,22.00,546.00,0,0,0
2023-08-27T08:36:03Z,21.30,63.48,11,0,37.41,100.97,21.00,540.00,null,null,null
2023-08-27T08:37:03Z,21.30,63.69,11,0,29.73,100.97,21.00,540.00,null,null,null
2023-08-27T08:38:03Z,21.29,63.68,11,0,30.02,100.96,21.00,540.00,null,null,null
2023-08-27T08:39:03Z,21.28,63.70,11,0,32.29,100.97,21.00,540.00,null,null,null
2023-08-27T08:40:03Z,21.28,63.63,11,0,29.74,100.96,21.00,540.00,1,1,1
2023-08-27T08:41:03Z,21.29,63.39,11,0,37.36,100.96,20.00,536.00,null,null,null
2023-08-27T08:42:03Z,21.30,63.24,11,0,29.11,100.96,19.00,529.00,null,null,null
2023-08-27T08:43:03Z,21.29,63.44,11,0,34.96,100.96,19.00,530.00,null,null,null
2023-08-27T08:44:03Z,21.30,63.40,11,0,33.07,100.96,18.00,524.00,null,null,null
2023-08-27T08:45:03Z,21.28,63.42,11,0,37.24,100.96,17.00,518.00,0,0,0
2023-08-27T08:46:03Z,21.30,63.29,11,0,30.05,100.96,15.00,505.00,null,null,null
2023-08-27T08:47:03Z,21.30,63.41,11,0,24.46,100.96,15.00,505.00,null,null,null
2023-08-27T08:48:03Z,21.30,63.38,11,0,31.20,100.96,15.00,502.00,null,null,null
2023-08-27T08:49:03Z,21.29,63.07,11,0,37.24,100.96,15.00,502.00,null,null,null
2023-08-27T08:50:03Z,21.29,63.39,11,0,30.95,100.97,14.00,497.00,0,0,0
2023-08-27T08:51:03Z,21.30,63.38,11,0,32.73,100.96,14.00,497.00,null,null,null
2023-08-27T08:52:03Z,21.32,63.22,11,0,39.23,100.97,14.00,497.00,null,null,null
2023-08-27T08:53:03Z,21.29,63.24,11,0,24.27,100.96,14.00,498.00,null,null,null
2023-08-27T08:54:03Z,21.29,63.16,11,0,24.31,100.96,14.00,493.00,null,null,null
2023-08-27T08:55:03Z,21.30,63.04,11,0,31.43,100.96,13.00,487.00,3,3,3
2023-08-27T08:56:03Z,21.32,62.79,11,0,36.53,100.96,11.00,475.00,null,null,null
2023-08-27T08:57:03Z,21.30,62.63,11,0,30.08,100.96,9.00,462.00,null,null,null
2023-08-27T08:58:03Z,21.30,62.91,11,0,37.20,100.96,10.00,466.00,null,null,null
2023-08-27T08:59:03Z,21.29,62.71,11,0,41.51,100.96,8.00,459.00,null,null,null
2023-08-27T09:00:03Z,21.25,62.69,11,0,37.03,100.96,10.00,466.00,0,0,0
2023-08-27T09:01:03Z,21.28,62.60,11,0,36.24,100.95,8.00,459.00,null,null,null
2023-08-27T09:02:03Z,21.29,62.57,11,0,38.23,100.95,8.00,455.00,null,null,null
2023-08-27T09:03:03Z,21.29,62.36,11,0,30.91,100.96,8.00,455.00,null,null,null
2023-08-27T09:04:03Z,21.25,62.79,11,0,33.36,100.96,8.00,455.00,null,null,null
2023-08-27T09:05:03Z,21.26,62.63,11,0,38.57,100.96,6.00,444.00,1,1,1
2023-08-27T09:06:03Z,21.28,62.58,11,0,37.16,100.96,7.00,448.00,null,null,null
2023-08-27T09:07:03Z,21.26,62.51,11,0,33.82,100.96,6.00,445.00,null,null,null
2023-08-27T09:08:03Z,21.29,62.64,11,0,34.33,100.96,6.00,445.00,null,null,null
2023-08-27T09:09:03Z,21.28,62.58,11,0,31.62,100.96,6.00,445.00,null,null,null
2023-08-27T09:10:03Z,21.26,62.50,11,0,35.38,100.96,6.00,445.00,2,2,2
2023-08-27T09:11:03Z,21.28,62.39,11,0,36.82,100.96,5.00,434.00,null,null,null
2023-08-27T09:12:03Z,21.28,62.32,11,0,35.76,100.96,5.00,434.00,null,null,null
2023-08-27T09:13:03Z,21.28,62.38,11,0,34.06,100.95,3.00,423.00,null,null,null
2023-08-27T09:14:03Z,21.25,62.47,11,0,38.68,100.96,3.00,420.00,null,null,null
2023-08-27T09:15:03Z,21.23,62.59,11,0,41.05,100.96,3.00,420.00,1,1,1
2023-08-27T09:16:03Z,21.28,62.65,11,0,34.22,100.95,8.00,457.00,null,null,null
2023-08-27T09:17:03Z,21.26,62.74,11,0,34.47,100.96,3.00,423.00,null,null,null
2023-08-27T09:18:03Z,21.25,62.69,11,0,40.02,100.96,3.00,423.00,null,null,null
2023-08-27T09:19:03Z,21.25,62.74,11,0,34.48,100.96,5.00,434.00,null,null,null
2023-08-27T09:20:03Z,21.23,62.73,11,0,33.29,100.96,5.00,438.00,1,1,1
2023-08-27T09:21:03Z,21.26,62.72,11,0,40.12,100.96,11.00,477.00,null,null,null
2023-08-27T09:22:03Z,21.25,62.73,11,0,36.40,100.96,5.00,438.00,null,null,null
2023-08-27T09:23:03Z,21.28,62.71,11,0,36.73,100.96,5.00,438.00,null,null,null
2023-08-27T09:24:03Z,21.25,62.61,11,0,45.53,100.96,3.00,426.00,null,null,null
2023-08-27T09:25:03Z,21.22,62.57,11,0,33.31,100.96,3.00,426.00,3,3,3
2023-08-27T09:26:03Z,21.22,62.51,11,0,29.78,100.96,3.00,423.00,null,null,null
2023-08-27T09:27:03Z,21.25,62.56,11,0,35.35,100.96,9.00,461.00,null,null,null
2023-08-27T09:28:03Z,21.22,62.63,11,0,34.80,100.96,3.00,423.00,null,null,null
2023-08-27T09:29:03Z,21.23,62.39,11,0,33.43,100.95,8.00,457.00,null,null,null
2023-08-27T09:30:03Z,21.22,62.39,11,0,29.26,100.95,8.00,457.00,1,1,1
2023-08-27T09:31:03Z,21.23,62.50,10,0,32.31,100.95,7.00,452.00,null,null,null
2023-08-27T09:32:03Z,21.23,62.56,11,0,39.45,100.96,7.00,452.00,null,null,null
2023-08-27T09:33:03Z,21.23,62.57,11,0,37.06,100.95,7.00,452.00,null,null,null
2023-08-27T09:34:03Z,21.25,62.56,11,0,27.47,100.95,7.00,452.00,null,null,null
2023-08-27T09:35:03Z,21.23,62.29,11,0,27.97,100.95,2.00,415.00,0,0,0
2023-08-27T09:36:03Z,21.22,62.23,10,0,34.01,100.95,6.00,443.00,null,null,null
2023-08-27T09:37:03Z,21.23,62.35,11,1,34.87,100.95,6.00,444.00,null,null,null
2023-08-27T09:38:03Z,21.23,62.23,11,1,32.72,100.95,5.00,436.00,null,null,null
2023-08-27T09:39:03Z,21.25,62.29,11,0,26.29,100.96,6.00,441.00,null,null,null
2023-08-27T09:40:03Z,21.22,62.28,11,1,33.31,100.96,0.00,400.00,2,2,2
2023-08-27T09:41:03Z,21.23,62.29,10,0,37.12,100.96,3.00,426.00,null,null,null
2023-08-27T09:42:03Z,21.23,62.36,11,0,36.90,100.95,3.00,426.00,null,null,null
2023-08-27T09:43:03Z,21.23,62.30,11,0,38.64,100.95,4.00,432.00,null,null,null
2023-08-27T09:44:03Z,21.21,62.35,10,0,31.20,100.95,5.00,436.00,null,null,null
2023-08-27T09:45:03Z,21.21,62.45,10,0,29.17,100.96,4.00,432.00,0,0,0
2023-08-27T09:46:03Z,21.23,62.39,11,0,37.72,100.96,3.00,426.00,null,null,null
2023-08-27T09:47:03Z,21.23,62.44,11,0,33.34,100.96,5.00,436.00,null,null,null
2023-08-27T09:48:03Z,21.22,62.54,11,0,36.48,100.96,6.00,442.00,null,null,null
2023-08-27T09:49:03Z,21.21,62.40,10,0,36.22,100.95,5.00,436.00,null,null,null
2023-08-27T09:50:03Z,21.21,62.56,11,0,38.20,100.96,5.00,436.00,1,1,1
2023-08-27T09:51:03Z,21.22,62.43,10,0,39.19,100.95,4.00,432.00,null,null,null
2023-08-27T09:52:03Z,21.21,62.36,10,0,35.86,100.96,4.00,432.00,null,null,null
2023-08-27T09:53:03Z,21.23,62.38,10,0,37.88,100.96,6.00,442.00,null,null,null
2023-08-27T09:54:03Z,21.21,62.15,10,0,29.94,100.96,7.00,446.00,null,null,null
2023-08-27T09:55:03Z,21.19,62.31,11,0,29.80,100.97,8.00,456.00,2,2,2
2023-08-27T09:56:03Z,21.25,62.41,10,0,36.80,100.97,8.00,457.00,null,null,null
2023-08-27T09:57:03Z,21.22,62.56,10,0,42.63,100.97,6.00,444.00,null,null,null
2023-08-27T09:58:03Z,21.25,62.55,10,0,33.76,100.97,14.00,496.00,null,null,null
2023-08-27T09:59:03Z,21.22,62.36,10,0,34.69,100.97,9.00,464.00,null,null,null
2023-08-27T10:00:03Z,21.21,62.51,10,0,35.24,100.97,9.00,464.00,1,1,1
2023-08-27T10:01:03Z,21.23,62.44,10,0,36.90,100.97,19.00,526.00,null,null,null
2023-08-27T10:02:03Z,21.23,62.26,10,0,28.51,100.98,20.00,533.00,null,null,null
2023-08-27T10:03:03Z,21.23,62.33,10,0,26.41,100.98,20.00,533.00,null,null,null
2023-08-27T10:04:03Z,21.22,62.42,10,0,28.57,100.97,22.00,546.00,null,null,null
2023-08-27T10:05:03Z,21.22,62.55,10,0,26.57,100.98,24.00,560.00,0,0,0
2023-08-27T10:06:03Z,21.22,62.38,10,0,32.80,100.98,25.00,566.00,null,null,null
2023-08-27T10:07:03Z,21.23,62.37,10,0,35.65,100.97,25.00,566.00,null,null,null
2023-08-27T10:08:03Z,21.22,62.34,10,0,34.04,100.98,24.00,560.00,null,null,null
2023-08-27T10:09:03Z,21.21,62.00,10,0,41.73,100.98,23.00,552.00,null,null,null
2023-08-27T10:10:03Z,21.21,62.15,10,1,26.76,100.97,22.00,548.00,2,2,2
2023-08-27T10:11:03Z,21.22,62.24,10,1,30.91,100.96,21.00,542.00,null,null,null
2023-08-27T10:12:03Z,21.22,62.24,10,1,34.84,100.97,22.00,548.00,null,null,null
2023-08-27T10:13:03Z,21.23,62.33,10,1,30.72,100.97,22.00,548.00,null,null,null
2023-08-27T10:14:03Z,21.22,62.22,10,0,35.56,100.97,21.00,543.00,null,null,null
2023-08-27T10:15:03Z,21.23,62.20,10,1,34.80,100.97,21.00,542.00,1,1,1
2023-08-27T10:16:03Z,21.22,62.27,10,0,35.51,100.97,19.00,526.00,null,null,null
2023-08-27T10:17:03Z,21.22,62.24,10,0,37.35,100.97,17.00,515.00,null,null,null
2023-08-27T10:18:03Z,21.23,62.20,10,0,31.53,100.97,19.00,526.00,null,null,null
2023-08-27T10:19:03Z,21.22,62.32,10,0,27.59,100.97,19.00,526.00,null,null,null
2023-08-27T10:20:03Z,21.22,62.24,10,0,28.81,100.97,18.00,520.00,3,3,3
2023-08-27T10:21:03Z,21.21,62.18,10,0,34.91,100.97,17.00,515.00,null,null,null
2023-08-27T10:22:03Z,21.23,62.10,10,0,37.29,100.97,15.00,500.00,null,null,null
2023-08-27T10:23:03Z,21.25,62.16,10,0,36.63,100.97,15.00,500.00,null,null,null
2023-08-27T10:24:03Z,21.23,62.19,10,0,33.90,100.97,8.00,459.00,null,null,null
2023-08-27T10:25:03Z,21.22,62.24,10,0,39.05,100.98,14.00,495.00,3,3,8
2023-08-27T10:26:03Z,21.23,62.33,10,0,44.65,100.97,14.00,492.00,null,null,null
2023-08-27T10:27:03Z,21.23,62.30,10,0,32.92,100.97,13.00,491.00,null,null,null
2023-08-27T10:28:03Z,21.22,62.36,10,0,31.28,100.97,13.00,487.00,null,null,null
2023-08-27T10:29:03Z,21.25,62.40,10,0,31.16,100.97,13.00,491.00,null,null,null
2023-08-27T10:30:03Z,21.22,62.42,10,1,33.90,100.97,7.00,450.00,4,4,4
2023-08-27T10:31:03Z,21.23,62.43,10,0,34.67,100.97,13.00,487.00,null,null,null
2023-08-27T10:32:03Z,21.22,62.41,10,0,38.17,100.97,13.00,487.00,null,null,null
2023-08-27T10:33:03Z,21.26,62.38,10,0,37.89,100.97,11.00,477.00,null,null,null
2023-08-27T10:34:03Z,21.25,62.16,10,0,30.52,100.97,5.00,434.00,null,null,null
2023-08-27T10:35:03Z,21.25,62.02,10,0,32.57,100.98,5.00,438.00,2,2,2
2023-08-27T10:36:03Z,21.22,61.89,10,0,37.25,100.98,5.00,438.00,null,null,null
2023-08-27T10:37:03Z,21.23,61.98,10,0,27.06,100.97,4.00,427.00,null,null,null
2023-08-27T10:38:03Z,21.23,61.99,10,0,42.38,100.98,9.00,465.00,null,null,null
2023-08-27T10:39:03Z,21.22,62.12,10,0,30.04,100.98,9.00,465.00,null,null,null
2023-08-27T10:40:03Z,21.23,62.09,10,0,34.44,100.98,9.00,465.00,2,2,2
2023-08-27T10:41:03Z,21.23,62.14,10,0,32.66,100.98,9.00,461.00,null,null,null
2023-08-27T10:42:03Z,21.26,62.19,10,0,37.06,100.98,9.00,461.00,null,null,null
2023-08-27T10:43:03Z,21.23,62.23,10,0,33.42,100.98,5.00,434.00,null,null,null
2023-08-27T10:44:03Z,21.25,62.27,10,1,34.58,100.98,11.00,477.00,null,null,null
2023-08-27T10:45:03Z,21.25,62.28,10,0,31.03,100.98,5.00,434.00,6,6,6
2023-08-27T10:46:03Z,21.25,62.39,10,0,31.17,100.98,4.00,428.00,null,null,null
2023-08-27T10:47:03Z,21.25,62.34,10,0,39.57,100.98,3.00,424.00,null,null,null
2023-08-27T10:48:03Z,21.28,62.20,10,0,36.16,100.98,5.00,434.00,null,null,null
2023-08-27T10:49:03Z,21.25,62.23,10,0,33.71,100.99,5.00,438.00,null,null,null
2023-08-27T10:50:03Z,21.26,62.28,10,0,36.21,100.98,5.00,438.00,2,2,2
2023-08-27T10:51:03Z,21.26,62.08,10,0,35.50,100.98,5.00,434.00,null,null,null
2023-08-27T10:52:03Z,21.26,62.14,10,0,28.71,100.98,5.00,438.00,null,null,null
2023-08-27T10:53:03Z,21.25,62.03,10,0,33.10,100.98,5.00,438.00,null,null,null
2023-08-27T10:54:03Z,21.25,62.07,10,1,40.85,100.98,5.00,434.00,null,null,null
2023-08-27T10:55:03Z,21.25,61.94,10,1,28.70,100.99,5.00,438.00,3,3,3
2023-08-27T10:56:03Z,21.26,61.87,10,1,35.39,100.99,4.00,427.00,null,null,null
2023-08-27T10:57:03Z,21.25,61.91,10,1,31.02,100.99,4.00,427.00,null,null,null
2023-08-27T10:58:03Z,21.26,61.99,10,1,34.56,100.99,4.00,427.00,null,null,null
2023-08-27T10:59:03Z,21.28,61.93,10,1,40.91,100.97,4.00,427.00,null,null,null
2023-08-27T11:00:03Z,21.22,61.91,10,0,42.54,100.98,3.00,423.00,2,2,2
2023-08-27T11:01:03Z,21.28,61.88,10,0,30.53,100.98,8.00,454.00,null,null,null
2023-08-27T11:02:03Z,21.28,61.86,10,0,35.86,100.99,2.00,416.00,null,null,null
2023-08-27T11:03:03Z,21.25,61.92,10,0,32.87,100.98,2.00,418.00,null,null,null
2023-08-27T11:04:03Z,21.25,61.51,10,0,34.56,100.98,0.00,400.00,null,null,null
2023-08-27T11:05:03Z,21.23,61.51,10,0,34.27,100.98,0.00,400.00,4,5,5
2023-08-27T11:06:03Z,21.25,61.40,10,0,35.30,100.98,3.00,426.00,null,null,null
2023-08-27T11:07:03Z,21.25,61.62,10,0,42.60,100.98,0.00,400.00,null,null,null
2023-08-27T11:08:03Z,21.23,61.61,10,0,33.97,100.98,1.00,409.00,null,null,null
2023-08-27T11:09:03Z,21.23,61.77,10,0,34.92,100.98,8.00,455.00,null,null,null
2023-08-27T11:10:03Z,21.22,61.67,10,0,34.41,100.98,6.00,443.00,3,3,7
2023-08-27T11:11:03Z,21.25,61.49,10,0,35.98,100.98,6.00,443.00,null,null,null
2023-08-27T11:12:03Z,21.25,61.32,10,0,32.40,100.98,5.00,436.00,null,null,null
2023-08-27T11:13:03Z,21.23,61.44,10,0,34.38,100.98,0.00,400.00,null,null,null
2023-08-27T11:14:03Z,21.23,61.67,10,2,35.23,100.98,6.00,445.00,null,null,null
2023-08-27T11:15:03Z,21.25,61.24,10,1,35.39,100.98,7.00,451.00,3,3,3
2023-08-27T11:16:03Z,21.25,61.34,10,2,38.14,100.98,0.00,400.00,null,null,null
2023-08-27T11:17:03Z,21.25,61.13,10,1,36.68,100.97,0.00,400.00,null,null,null
2023-08-27T11:18:03Z,21.26,61.10,10,1,41.74,100.98,0.00,401.00,null,null,null
2023-08-27T11:19:03Z,21.26,61.28,10,1,36.88,100.98,0.00,405.00,null,null,null
2023-08-27T11:20:03Z,21.22,61.27,10,2,34.35,100.97,0.00,405.00,1,1,1
2023-08-27T11:21:03Z,21.25,61.23,10,2,36.50,100.97,6.00,442.00,null,null,null
2023-08-27T11:22:03Z,21.26,61.42,10,0,34.99,100.98,0.00,405.00,null,null,null
2023-08-27T11:23:03Z,21.23,61.43,10,2,37.90,100.97,0.00,405.00,null,null,null
2023-08-27T11:24:03Z,21.22,61.38,10,0,36.64,100.98,7.00,451.00,null,null,null
2023-08-27T11:25:03Z,21.22,61.48,10,2,33.09,100.98,7.00,451.00,1,4,10
2023-08-27T11:26:03Z,21.23,61.41,10,3,33.05,100.97,7.00,446.00,null,null,null
2023-08-27T11:27:03Z,21.26,61.43,10,2,34.94,100.97,6.00,442.00,null,null,null
2023-08-27T11:28:03Z,21.26,61.36,10,3,36.25,100.97,1.00,409.00,null,null,null
2023-08-27T11:29:03Z,21.25,61.28,10,2,34.64,100.97,1.00,409.00,null,null,null
2023-08-27T11:30:03Z,21.26,61.37,10,3,32.84,100.98,2.00,417.00,5,5,5
2023-08-27T11:31:03Z,21.28,61.33,10,1,33.56,100.97,1.00,409.00,null,null,null
2023-08-27T11:32:03Z,21.26,61.43,10,2,39.72,100.98,2.00,417.00,null,null,null
2023-08-27T11:33:03Z,21.28,61.18,10,2,37.75,100.97,1.00,409.00,null,null,null
2023-08-27T11:34:03Z,21.25,61.37,10,2,36.18,100.98,2.00,414.00,null,null,null
2023-08-27T11:35:03Z,21.26,61.13,10,1,28.98,100.98,1.00,409.00,4,5,5
2023-08-27T11:36:03Z,21.29,61.32,10,0,32.71,100.97,2.00,414.00,null,null,null
2023-08-27T11:37:03Z,21.28,61.30,10,0,32.86,100.97,0.00,405.00,null,null,null
2023-08-27T11:38:03Z,21.26,61.37,10,3,31.88,100.97,2.00,417.00,null,null,null
2023-08-27T11:39:03Z,21.28,61.45,10,3,32.25,100.97,2.00,417.00,null,null,null
2023-08-27T11:40:03Z,21.26,61.31,10,3,28.85,100.97,3.00,423.00,2,2,2
2023-08-27T11:41:03Z,21.29,61.25,10,2,34.50,100.97,2.00,417.00,null,null,null
2023-08-27T11:42:03Z,21.29,61.32,10,0,35.56,100.97,3.00,423.00,null,null,null
2023-08-27T11:43:03Z,21.30,61.37,10,0,35.24,100.98,3.00,426.00,null,null,null
2023-08-27T11:44:03Z,21.28,61.41,10,0,28.92,100.98,3.00,423.00,null,null,null
2023-08-27T11:45:03Z,21.29,61.26,10,0,34.22,100.98,3.00,426.00,5,5,5
2023-08-27T11:46:03Z,21.28,61.22,10,0,38.09,100.98,2.00,414.00,null,null,null
2023-08-27T11:47:03Z,21.29,60.95,10,0,33.36,100.98,2.00,414.00,null,null,null
2023-08-27T11:48:03Z,21.28,60.82,10,0,38.06,100.97,3.00,422.00,null,null,null
2023-08-27T11:49:03Z,21.28,61.14,10,9,31.65,100.98,3.00,422.00,null,null,null
2023-08-27T11:50:03Z,21.29,61.18,10,7,29.22,100.97,1.00,409.00,0,0,0
2023-08-27T11:51:03Z,21.30,61.24,10,8,39.08,100.98,0.00,405.00,null,null,null
2023-08-27T11:52:03Z,21.32,61.26,10,8,37.16,100.98,1.00,409.00,null,null,null
2023-08-27T11:53:03Z,21.30,61.21,10,24,35.26,100.99,1.00,409.00,null,null,null
2023-08-27T11:54:03Z,21.28,61.27,10,16,38.83,100.98,1.00,409.00,null,null,null
2023-08-27T11:55:03Z,21.30,61.03,10,15,30.30,100.99,1.00,409.00,2,2,2
2023-08-27T11:56:03Z,21.29,60.71,10,12,34.64,100.98,2.00,414.00,null,null,null
2023-08-27T11:57:03Z,21.30,61.03,10,13,34.26,100.98,2.00,414.00,null,null,null
2023-08-27T11:58:03Z,21.30,60.97,10,10,27.62,100.99,2.00,414.00,null,null,null
2023-08-27T11:59:03Z,21.29,60.97,10,10,27.51,100.99,1.00,409.00,null,null,null
2023-08-27T12:00:03Z,21.28,61.06,10,8,30.46,100.99,1.00,409.00,5,6,6
2023-08-27T12:01:03Z,21.32,60.75,9,7,35.27,100.99,1.00,409.00,null,null,null
