TIME,TEMP,HUM,BATT,LIGHT,NOISE_A,PRESS,CCS811_VOCS,CCS811_ECO2,PM_1,PM_25,PM_10
ISO 8601,C,%,%,Lux,dBA,kPa,ppb,ppm,ug/m3,ug/m3,ug/m3
Time,Temperature,Humidity,Battery,Light,Noise dBA,Barometric pressure,VOC Gas CCS811,eCO2 Gas CCS811,PM 1.0,PM 2.5,PM 10.0
,55,56,10,14,53,58,113,112,89,87,88
2023-09-15T00:00:12Z,21.91,66.32,99,0,26.14,101.82,67.00,840.00,6,6,6
2023-09-15T00:01:12Z,21.93,66.14,99,0,27.02,101.83,65.00,832.00,null,null,null
2023-09-15T00:02:12Z,21.90,65.99,99,0,30.16,101.82,67.00,840.00,null,null,null
2023-09-15T00:03:12Z,21.91,66.30,99,0,30.14,101.83,65.00,832.00,null,null,null
2023-09-15T00:04:12Z,21.91,66.26,99,0,36.10,101.82,62.00,813.00,null,null,null
2023-09-15T00:05:12Z,21.91,66.37,99,0,31.67,101.82,62.00,813.00,7,7,7
2023-09-15T00:06:12Z,21.93,66.24,99,0,29.78,101.82,64.00,821.00,null,null,null
2023-09-15T00:07:12Z,21.93,66.49,99,0,34.39,101.82,65.00,832.00,null,null,null
2023-09-15T00:08:12Z,21.91,66.24,99,0,26.48,101.82,64.00,821.00,null,null,null
2023-09-15T00:09:12Z,21.91,66.38,99,0,27.53,101.82,65.00,832.00,null,null,null
2023-09-15T00:10:12Z,21.90,66.39,99,0,27.69,101.82,62.00,813.00,6,10,10
2023-09-15T00:11:12Z,21.94,66.43,99,0,25.90,101.82,65.00,832.00,null,null,null
2023-09-15T00:12:12Z,21.91,66.53,99,0,34.14,101.82,67.00,840.00,null,null,null
2023-09-15T00:13:12Z,21.90,66.37,99,0,37.93,101.82,67.00,840.00,null,null,null
2023-09-15T00:14:12Z,21.90,66.38,99,0,30.88,101.82,67.00,840.00,null,null,null
2023-09-15T00:15:12Z,21.91,66.63,99,0,36.40,101.82,68.00,851.00,3,3,3
2023-09-15T00:16:12Z,21.93,66.45,99,0,29.57,101.82,70.00,865.00,null,null,null
2023-09-15T00:17:12Z,21.94,66.50,99,0,32.44,101.81,70.00,865.00,null,null,null
2023-09-15T00:18:12Z,21.93,66.51,99,0,25.35,101.81,73.00,885.00,null,null,null
2023-09-15T00:19:12Z,21.90,66.58,99,0,27.44,101.81,73.00,885.00,null,null,null
2023-09-15T00:20:12Z,21.91,66.51,99,0,38.48,101.81,73.00,885.00,5,6,6
2023-09-15T00:21:12Z,21.93,66.72,99,0,37.90,101.81,73.00,885.00,null,null,null
2023-09-15T00:22:12Z,21.93,66.57,99,0,34.08,101.81,73.00,885.00,null,null,null
2023-09-15T00:23:12Z,21.94,66.51,99,0,36.83,101.81,73.00,885.00,null,null,null
2023-09-15T00:24:12Z,21.93,66.88,99,0,33.77,101.81,73.00,885.00,null,null,null
2023-09-15T00:25:12Z,21.91,66.65,99,0,35.40,101.81,72.00,877.00,4,5,5
2023-09-15T00:26:12Z,21.91,66.62,99,0,33.75,101.81,72.00,877.00,null,null,null
2023-09-15T00:27:12Z,21.94,66.68,99,0,33.84,101.81,73.00,885.00,null,null,null
2023-09-15T00:28:12Z,21.94,66.59,99,0,32.21,101.81,73.00,885.00,null,null,null
2023-09-15T00:29:12Z,21.90,66.71,99,0,34.97,101.81,73.00,885.00,null,null,null
2023-09-15T00:30:12Z,21.91,66.79,99,0,36.93,101.81,73.00,885.00,7,9,9
2023-09-15T00:31:12Z,21.91,66.72,99,0,36.99,101.81,72.00,877.00,null,null,null
2023-09-15T00:32:12Z,21.93,66.69,99,0,38.69,101.81,75.00,895.00,null,null,null
2023-09-15T00:33:12Z,21.93,66.70,99,0,35.26,101.81,75.00,895.00,null,null,null
2023-09-15T00:34:12Z,21.90,66.65,99,0,36.63,101.81,75.00,895.00,null,null,null
2023-09-15T00:35:12Z,21.90,66.76,99,0,28.17,101.81,73.00,885.00,12,17,17
2023-09-15T00:36:12Z,21.93,66.65,99,0,28.52,101.81,72.00,877.00,null,null,null
2023-09-15T00:37:12Z,21.91,66.76,99,0,28.48,101.81,73.00,885.00,null,null,null
2023-09-15T00:38:12Z,21.91,66.71,99,0,39.81,101.80,72.00,877.00,null,null,null
2023-09-15T00:39:12Z,21.91,66.82,99,0,35.39,101.80,73.00,885.00,null,null,null
2023-09-15T00:40:12Z,21.87,66.80,99,0,31.24,101.80,72.00,877.00,9,11,11
2023-09-15T00:41:12Z,21.88,66.69,99,0,40.62,101.80,72.00,877.00,null,null,null
2023-09-15T00:42:12Z,21.88,66.54,99,0,25.67,101.80,72.00,874.00,null,null,null
2023-09-15T00:43:12Z,21.90,66.65,99,0,32.04,101.80,72.00,874.00,null,null,null
2023-09-15T00:44:12Z,21.87,66.75,99,0,32.65,101.80,70.00,865.00,null,null,null
2023-09-15T00:45:12Z,21.88,66.68,99,0,29.86,101.80,69.00,855.00,18,21,21
2023-09-15T00:46:12Z,21.91,66.79,99,0,31.61,101.80,72.00,874.00,null,null,null
2023-09-15T00:47:12Z,21.90,66.80,99,0,35.17,101.80,71.00,868.00,null,null,null
2023-09-15T00:48:12Z,21.85,66.90,99,0,37.22,101.80,71.00,868.00,null,null,null
2023-09-15T00:49:12Z,21.88,66.81,99,0,32.38,101.80,71.00,868.00,null,null,null
2023-09-15T00:50:12Z,21.87,66.78,99,0,32.31,101.80,71.00,868.00,14,28,28
2023-09-15T00:51:12Z,21.88,66.65,99,0,27.12,101.80,69.00,855.00,null,null,null
2023-09-15T00:52:12Z,21.87,66.86,99,0,28.42,101.80,70.00,865.00,null,null,null
2023-09-15T00:53:12Z,21.88,66.74,99,0,25.56,101.80,69.00,855.00,null,null,null
2023-09-15T00:54:12Z,21.85,66.79,99,0,33.22,101.80,70.00,865.00,null,null,null
2023-09-15T00:55:12Z,21.85,67.01,99,0,38.15,101.79,71.00,868.00,13,15,15
2023-09-15T00:56:12Z,21.88,66.91,99,0,30.51,101.79,71.00,868.00,null,null,null
2023-09-15T00:57:12Z,21.91,66.94,99,0,33.79,101.79,72.00,877.00,null,null,null
2023-09-15T00:58:12Z,21.88,66.94,99,0,32.39,101.80,72.00,877.00,null,null,null
2023-09-15T00:59:12Z,21.91,67.06,99,0,30.41,101.79,72.00,877.00,null,null,null
2023-09-15T01:00:12Z,21.90,67.01,99,0,35.99,101.79,72.00,877.00,8,9,9
2023-09-15T01:01:12Z,21.91,66.89,99,0,35.07,101.79,71.00,868.00,null,null,null
2023-09-15T01:02:12Z,21.90,66.76,99,0,28.63,101.80,69.00,855.00,null,null,null
2023-09-15T01:03:12Z,21.87,66.55,99,0,27.77,101.79,69.00,855.00,null,null,null
2023-09-15T01:04:12Z,21.85,66.60,99,0,36.27,101.79,63.00,815.00,null,null,null
2023-09-15T01:05:12Z,21.87,66.74,99,0,33.29,101.79,68.00,851.00,5,7,10
2023-09-15T01:06:12Z,21.90,66.78,99,0,34.38,101.79,67.00,840.00,null,null,null
2023-09-15T01:07:12Z,21.88,66.72,99,0,32.63,101.79,66.00,834.00,null,null,null
2023-09-15T01:08:12Z,21.90,66.85,99,0,35.71,101.78,67.00,840.00,null,null,null
2023-09-15T01:09:12Z,21.88,66.71,99,0,26.53,101.79,66.00,834.00,null,null,null
2023-09-15T01:10:12Z,21.88,66.87,99,0,29.65,101.78,67.00,840.00,7,11,11
2023-09-15T01:11:12Z,21.90,66.88,99,0,29.26,101.78,66.00,834.00,null,null,null
2023-09-15T01:12:12Z,21.87,66.72,99,0,37.95,101.78,66.00,834.00,null,null,null
2023-09-15T01:13:12Z,21.88,66.93,99,0,31.66,101.78,67.00,840.00,null,null,null
2023-09-15T01:14:12Z,21.88,66.90,99,0,32.28,101.78,67.00,844.00,null,null,null
2023-09-15T01:15:12Z,21.87,66.81,99,0,39.65,101.77,66.00,834.00,11,17,17
2023-09-15T01:16:12Z,21.88,66.92,99,0,30.39,101.78,67.00,844.00,null,null,null
2023-09-15T01:17:12Z,21.90,66.94,99,0,31.39,101.77,67.00,844.00,null,null,null
2023-09-15T01:18:12Z,21.91,67.01,99,0,32.40,101.77,69.00,855.00,null,null,null
2023-09-15T01:19:12Z,21.88,66.99,99,0,23.81,101.77,69.00,855.00,null,null,null
2023-09-15T01:20:12Z,21.87,66.90,99,0,33.69,101.77,69.00,855.00,6,11,11
2023-09-15T01:21:12Z,21.90,66.84,99,0,35.31,101.77,69.00,855.00,null,null,null
2023-09-15T01:22:12Z,21.91,66.96,99,0,37.02,101.77,69.00,855.00,null,null,null
2023-09-15T01:23:12Z,21.91,66.93,99,0,42.51,101.77,69.00,855.00,null,null,null
2023-09-15T01:24:12Z,21.88,66.80,99,0,34.76,101.77,69.00,855.00,null,null,null
2023-09-15T01:25:12Z,21.88,66.85,99,0,30.34,101.77,69.00,855.00,9,9,9
2023-09-15T01:26:12Z,21.91,66.93,99,0,25.32,101.77,69.00,855.00,null,null,null
2023-09-15T01:27:12Z,21.88,67.02,99,0,34.58,101.77,71.00,868.00,null,null,null
2023-09-15T01:28:12Z,21.90,67.00,99,0,29.87,101.77,71.00,868.00,null,null,null
2023-09-15T01:29:12Z,21.91,67.02,99,0,34.38,101.77,71.00,868.00,null,null,null
2023-09-15T01:30:12Z,21.91,67.09,99,0,39.35,101.77,72.00,877.00,8,8,8
2023-09-15T01:31:12Z,21.91,67.04,99,0,37.30,101.77,72.00,877.00,null,null,null
2023-09-15T01:32:12Z,21.93,66.97,99,0,31.11,101.77,72.00,877.00,null,null,null
2023-09-15T01:33:12Z,21.91,67.05,99,0,33.95,101.77,72.00,877.00,null,null,null
2023-09-15T01:34:12Z,21.90,67.16,99,0,35.13,101.77,72.00,877.00,null,null,null
2023-09-15T01:35:12Z,21.91,67.09,99,0,36.54,101.77,74.00,887.00,7,10,18
2023-09-15T01:36:12Z,21.93,67.06,99,0,24.03,101.77,74.00,887.00,null,null,null
2023-09-15T01:37:12Z,21.91,67.02,99,0,35.24,101.77,74.00,887.00,null,null,null
2023-09-15T01:38:12Z,21.90,66.88,99,0,29.00,101.77,72.00,877.00,null,null,null
2023-09-15T01:39:12Z,21.93,66.85,99,0,33.26,101.77,71.00,868.00,null,null,null
2023-09-15T01:40:12Z,21.91,66.99,99,0,37.75,101.76,71.00,868.00,4,10,10
2023-09-15T01:41:12Z,21.91,66.93,99,0,33.86,101.76,71.00,868.00,null,null,null
2023-09-15T01:42:12Z,21.90,66.87,99,0,25.19,101.76,69.00,855.00,null,null,null
2023-09-15T01:43:12Z,21.91,66.90,99,0,26.80,101.76,71.00,868.00,null,null,null
2023-09-15T01:44:12Z,21.88,66.93,99,0,34.58,101.76,71.00,868.00,null,null,null
2023-09-15T01:45:12Z,21.90,67.13,99,0,33.05,101.75,71.00,868.00,6,8,16
2023-09-15T01:46:12Z,21.90,66.83,99,0,34.62,101.76,69.00,855.00,null,null,null
2023-09-15T01:47:12Z,21.91,67.07,99,0,34.09,101.76,71.00,868.00,null,null,null
2023-09-15T01:48:12Z,21.88,67.10,99,0,36.07,101.76,71.00,868.00,null,null,null
2023-09-15T01:49:12Z,21.88,67.00,99,0,34.74,101.76,71.00,868.00,null,null,null
2023-09-15T01:50:12Z,21.91,66.78,99,0,28.04,101.76,69.00,855.00,6,15,15
2023-09-15T01:51:12Z,21.90,66.78,99,0,23.98,101.76,67.00,844.00,null,null,null
2023-09-15T01:52:12Z,21.91,66.90,99,0,28.11,101.76,67.00,844.00,null,null,null
2023-09-15T01:53:12Z,21.88,67.04,99,0,28.99,101.76,67.00,844.00,null,null,null
2023-09-15T01:54:12Z,21.91,67.19,99,0,34.76,101.76,69.00,855.00,null,null,null
2023-09-15T01:55:12Z,21.93,67.08,99,0,37.73,101.76,69.00,855.00,7,7,7
2023-09-15T01:56:12Z,21.91,67.06,99,0,32.31,101.76,69.00,855.00,null,null,null
2023-09-15T01:57:12Z,21.93,66.80,99,0,33.22,101.75,69.00,855.00,null,null,null
2023-09-15T01:58:12Z,21.90,66.90,99,0,31.99,101.75,67.00,844.00,null,null,null
2023-09-15T01:59:12Z,21.90,67.00,99,0,25.00,101.75,67.00,844.00,null,null,null
2023-09-15T02:00:12Z,21.91,67.02,99,0,28.91,101.76,67.00,844.00,8,8,8
2023-09-15T02:01:12Z,21.90,66.98,99,0,28.11,101.75,67.00,844.00,null,null,null
2023-09-15T02:02:12Z,21.91,66.92,99,0,25.47,101.75,66.00,834.00,null,null,null
2023-09-15T02:03:12Z,21.90,66.99,99,0,30.09,101.75,66.00,834.00,null,null,null
2023-09-15T02:04:12Z,21.87,66.89,99,0,34.20,101.75,66.00,834.00,null,null,null
2023-09-15T02:05:12Z,21.88,67.12,99,0,32.38,101.75,67.00,844.00,6,6,6
2023-09-15T02:06:12Z,21.87,66.95,99,0,37.33,101.75,67.00,844.00,null,null,null
2023-09-15T02:07:12Z,21.88,66.98,99,0,26.71,101.75,69.00,855.00,null,null,null
2023-09-15T02:08:12Z,21.87,66.91,99,0,28.20,101.75,69.00,855.00,null,null,null
2023-09-15T02:09:12Z,21.88,66.90,99,0,28.85,101.75,69.00,855.00,null,null,null
2023-09-15T02:10:12Z,21.85,66.85,99,0,27.92,101.75,69.00,855.00,7,13,13
2023-09-15T02:11:12Z,21.87,66.81,99,0,37.18,101.75,67.00,844.00,null,null,null
2023-09-15T02:12:12Z,21.87,66.52,99,0,28.89,101.75,66.00,834.00,null,null,null
2023-09-15T02:13:12Z,21.87,66.73,99,0,36.75,101.75,65.00,832.00,null,null,null
2023-09-15T02:14:12Z,21.85,66.64,99,0,27.75,101.75,64.00,821.00,null,null,null
2023-09-15T02:15:12Z,21.85,66.46,99,0,28.84,101.76,64.00,821.00,7,7,7
2023-09-15T02:16:12Z,21.85,66.67,99,0,25.65,101.75,64.00,821.00,null,null,null
2023-09-15T02:17:12Z,21.85,66.89,99,0,29.41,101.75,64.00,821.00,null,null,null
2023-09-15T02:18:12Z,21.84,66.91,99,0,29.77,101.75,63.00,815.00,null,null,null
2023-09-15T02:19:12Z,21.80,66.89,99,0,35.37,101.75,63.00,815.00,null,null,null
2023-09-15T02:20:12Z,21.81,66.80,99,0,34.37,101.75,63.00,815.00,9,9,12
2023-09-15T02:21:12Z,21.83,67.06,99,0,30.69,101.75,61.00,806.00,null,null,null
2023-09-15T02:22:12Z,21.83,66.88,99,0,30.82,101.75,63.00,815.00,null,null,null
2023-09-15T02:23:12Z,21.84,66.86,99,0,32.91,101.75,63.00,815.00,null,null,null
2023-09-15T02:24:12Z,21.81,66.87,99,0,31.37,101.75,63.00,815.00,null,null,null
2023-09-15T02:25:12Z,21.81,66.89,99,0,33.93,101.75,63.00,815.00,6,7,7
2023-09-15T02:26:12Z,21.81,66.92,99,0,33.00,101.75,61.00,806.00,null,null,null
2023-09-15T02:27:12Z,21.81,66.77,99,0,33.47,101.75,61.00,806.00,null,null,null
2023-09-15T02:28:12Z,21.81,66.82,99,0,37.78,101.75,61.00,806.00,null,null,null
2023-09-15T02:29:12Z,21.81,66.80,99,0,31.08,101.75,60.00,798.00,null,null,null
2023-09-15T02:30:12Z,21.81,67.01,99,0,32.10,101.75,61.00,806.00,6,6,6
2023-09-15T02:31:12Z,21.81,66.85,99,0,39.88,101.75,61.00,806.00,null,null,null
2023-09-15T02:32:12Z,21.83,67.04,99,0,32.11,101.75,61.00,806.00,null,null,null
2023-09-15T02:33:12Z,21.83,67.12,99,0,28.85,101.75,63.00,815.00,null,null,null
2023-09-15T02:34:12Z,21.84,66.95,99,0,24.19,101.75,64.00,825.00,null,null,null
2023-09-15T02:35:12Z,21.84,67.03,99,0,26.46,101.75,63.00,815.00,6,6,6
2023-09-15T02:36:12Z,21.83,67.15,99,0,31.87,101.75,64.00,825.00,null,null,null
2023-09-15T02:37:12Z,21.84,67.02,99,0,32.39,101.75,64.00,825.00,null,null,null
2023-09-15T02:38:12Z,21.83,67.05,99,0,30.68,101.75,64.00,825.00,null,null,null
2023-09-15T02:39:12Z,21.81,66.93,99,0,33.02,101.75,64.00,825.00,null,null,null
2023-09-15T02:40:12Z,21.80,67.05,99,0,24.93,101.75,64.00,825.00,5,5,5
2023-09-15T02:41:12Z,21.83,67.11,99,0,34.28,101.75,66.00,834.00,null,null,null
2023-09-15T02:42:12Z,21.83,67.09,99,0,28.55,101.75,66.00,834.00,null,null,null
2023-09-15T02:43:12Z,21.81,67.15,99,0,31.10,101.75,66.00,834.00,null,null,null
2023-09-15T02:44:12Z,21.83,67.20,99,0,25.56,101.74,67.00,844.00,null,null,null
2023-09-15T02:45:12Z,21.80,67.19,99,0,32.20,101.75,67.00,844.00,4,4,4
2023-09-15T02:46:12Z,21.85,67.09,99,0,33.38,101.75,66.00,834.00,null,null,null
2023-09-15T02:47:12Z,21.84,67.15,99,0,37.77,101.74,67.00,844.00,null,null,null
2023-09-15T02:48:12Z,21.87,67.16,99,0,29.25,101.74,67.00,844.00,null,null,null
2023-09-15T02:49:12Z,21.83,67.16,99,0,34.56,101.74,67.00,844.00,null,null,null
2023-09-15T02:50:12Z,21.84,67.15,99,0,27.20,101.74,66.00,834.00,4,5,5
2023-09-15T02:51:12Z,21.83,67.11,99,0,28.37,101.74,66.00,834.00,null,null,null
2023-09-15T02:52:12Z,21.84,67.23,99,0,30.76,101.74,66.00,834.00,null,null,null
2023-09-15T02:53:12Z,21.83,67.02,99,0,32.75,101.74,66.00,834.00,null,null,null
2023-09-15T02:54:12Z,21.83,66.92,99,0,34.13,101.74,63.00,815.00,null,null,null
2023-09-15T02:55:12Z,21.83,67.16,99,0,37.35,101.74,64.00,825.00,2,2,2
2023-09-15T02:56:12Z,21.80,67.17,99,0,33.12,101.74,64.00,825.00,null,null,null
2023-09-15T02:57:12Z,21.83,67.13,99,0,25.53,101.74,63.00,815.00,null,null,null
2023-09-15T02:58:12Z,21.85,67.25,99,0,34.92,101.74,66.00,834.00,null,null,null
2023-09-15T02:59:12Z,21.84,67.26,99,0,28.14,101.74,65.00,827.00,null,null,null
2023-09-15T03:00:12Z,21.84,67.37,99,0,28.76,101.74,66.00,836.00,0,3,3
2023-09-15T03:01:12Z,21.83,67.14,99,0,30.19,101.73,65.00,827.00,null,null,null
2023-09-15T03:02:12Z,21.83,67.22,99,0,31.24,101.73,66.00,834.00,null,null,null
2023-09-15T03:03:12Z,21.85,67.27,99,0,35.20,101.73,67.00,844.00,null,null,null
2023-09-15T03:04:12Z,21.83,67.19,99,0,37.95,101.73,65.00,827.00,null,null,null
2023-09-15T03:05:12Z,21.81,67.14,99,0,34.99,101.73,66.00,834.00,4,5,5
2023-09-15T03:06:12Z,21.85,67.31,99,0,26.50,101.73,64.00,825.00,null,null,null
2023-09-15T03:07:12Z,21.85,67.24,99,0,26.34,101.73,65.00,827.00,null,null,null
2023-09-15T03:08:12Z,21.84,67.27,99,0,29.69,101.73,66.00,834.00,null,null,null
2023-09-15T03:09:12Z,21.84,67.30,99,0,36.55,101.73,66.00,836.00,null,null,null
2023-09-15T03:10:12Z,21.80,67.39,99,0,38.66,101.72,66.00,836.00,2,2,2
2023-09-15T03:11:12Z,21.87,67.31,99,0,35.98,101.72,66.00,836.00,null,null,null
2023-09-15T03:12:12Z,21.87,67.31,99,0,39.12,101.72,66.00,836.00,null,null,null
2023-09-15T03:13:12Z,21.84,67.32,99,0,30.10,101.72,66.00,836.00,null,null,null
2023-09-15T03:14:12Z,21.84,67.23,99,0,24.50,101.72,66.00,836.00,null,null,null
2023-09-15T03:15:12Z,21.80,67.30,99,0,31.20,101.72,67.00,844.00,3,3,3
2023-09-15T03:16:12Z,21.84,67.24,99,0,34.08,101.72,66.00,836.00,null,null,null
2023-09-15T03:17:12Z,21.83,67.29,99,0,31.69,101.72,67.00,844.00,null,null,null
2023-09-15T03:18:12Z,21.84,67.26,99,0,36.56,101.72,66.00,836.00,null,null,null
2023-09-15T03:19:12Z,21.83,67.35,99,0,31.90,101.72,66.00,836.00,null,null,null
2023-09-15T03:20:12Z,21.84,67.26,99,0,38.52,101.71,66.00,836.00,7,8,8
2023-09-15T03:21:12Z,21.84,67.12,99,0,39.85,101.72,66.00,836.00,null,null,null
2023-09-15T03:22:12Z,21.84,67.17,99,0,29.86,101.71,67.00,844.00,null,null,null
2023-09-15T03:23:12Z,21.83,67.32,99,0,37.89,101.72,69.00,855.00,null,null,null
2023-09-15T03:24:12Z,21.83,67.34,99,0,24.35,101.71,69.00,857.00,null,null,null
2023-09-15T03:25:12Z,21.80,67.26,99,0,32.70,101.72,69.00,857.00,5,5,5
2023-09-15T03:26:12Z,21.84,67.38,99,0,36.62,101.71,71.00,870.00,null,null,null
2023-09-15T03:27:12Z,21.84,67.47,99,0,35.77,101.71,73.00,880.00,null,null,null
2023-09-15T03:28:12Z,21.84,67.36,99,0,33.36,101.71,73.00,880.00,null,null,null
2023-09-15T03:29:12Z,21.84,67.38,99,0,36.16,101.71,73.00,880.00,null,null,null
2023-09-15T03:30:12Z,21.84,67.27,99,0,23.54,101.71,73.00,880.00,4,5,5
2023-09-15T03:31:12Z,21.85,67.40,99,0,25.50,101.71,75.00,895.00,null,null,null
2023-09-15T03:32:12Z,21.84,67.43,99,0,35.73,101.70,73.00,880.00,null,null,null
2023-09-15T03:33:12Z,21.84,67.38,99,0,28.73,101.70,73.00,880.00,null,null,null
2023-09-15T03:34:12Z,21.83,67.36,99,0,33.11,101.70,73.00,880.00,null,null,null
2023-09-15T03:35:12Z,21.81,67.38,99,0,38.90,101.70,71.00,870.00,1,4,4
2023-09-15T03:36:12Z,21.85,67.46,99,0,34.74,101.70,73.00,880.00,null,null,null
2023-09-15T03:37:12Z,21.85,67.31,99,0,33.46,101.69,75.00,895.00,null,null,null
2023-09-15T03:38:12Z,21.85,67.33,99,0,33.01,101.69,75.00,895.00,null,null,null
2023-09-15T03:39:12Z,21.84,67.45,99,0,35.33,101.69,76.00,905.00,null,null,null
2023-09-15T03:40:12Z,21.85,67.51,99,0,33.70,101.69,76.00,905.00,4,7,7
2023-09-15T03:41:12Z,21.83,67.45,99,0,27.90,101.69,76.00,905.00,null,null,null
2023-09-15T03:42:12Z,21.88,67.47,99,0,25.00,101.69,78.00,915.00,null,null,null
2023-09-15T03:43:12Z,21.85,67.39,99,0,39.00,101.69,78.00,915.00,null,null,null
2023-09-15T03:44:12Z,21.83,67.44,99,0,38.73,101.69,78.00,915.00,null,null,null
2023-09-15T03:45:12Z,21.84,67.54,99,0,39.52,101.69,80.00,930.00,11,11,11
2023-09-15T03:46:12Z,21.81,67.25,99,0,34.44,101.68,78.00,915.00,null,null,null
2023-09-15T03:47:12Z,21.83,67.30,99,0,29.53,101.68,78.00,915.00,null,null,null
2023-09-15T03:48:12Z,21.84,67.32,99,0,28.22,101.68,78.00,915.00,null,null,null
2023-09-15T03:49:12Z,21.84,67.35,99,0,31.26,101.68,78.00,915.00,null,null,null
2023-09-15T03:50:12Z,21.83,67.28,99,0,28.50,101.68,78.00,915.00,2,3,3
2023-09-15T03:51:12Z,21.85,67.34,99,0,32.76,101.67,78.00,915.00,null,null,null
2023-09-15T03:52:12Z,21.84,67.38,99,0,33.98,101.67,78.00,915.00,null,null,null
2023-09-15T03:53:12Z,21.81,67.32,99,0,34.50,101.67,78.00,915.00,null,null,null
2023-09-15T03:54:12Z,21.84,67.41,99,0,30.09,101.67,78.00,915.00,null,null,null
2023-09-15T03:55:12Z,21.84,67.52,99,0,26.64,101.67,80.00,930.00,4,5,5
2023-09-15T03:56:12Z,21.81,67.37,99,0,27.32,101.66,80.00,930.00,null,null,null
2023-09-15T03:57:12Z,21.83,67.35,99,0,31.08,101.66,78.00,915.00,null,null,null
2023-09-15T03:58:12Z,21.81,67.27,99,0,26.91,101.66,78.00,915.00,null,null,null
2023-09-15T03:59:12Z,21.84,67.25,99,0,26.97,101.67,76.00,905.00,null,null,null
2023-09-15T04:00:12Z,21.81,67.33,99,0,41.76,101.67,78.00,915.00,3,3,3
2023-09-15T04:01:12Z,21.83,67.25,99,0,30.41,101.66,78.00,915.00,null,null,null
2023-09-15T04:02:12Z,21.83,67.20,99,0,30.85,101.67,78.00,915.00,null,null,null
2023-09-15T04:03:12Z,21.81,67.26,99,0,24.19,101.67,79.00,923.00,null,null,null
2023-09-15T04:04:12Z,21.80,67.19,99,0,37.14,101.66,78.00,915.00,null,null,null
2023-09-15T04:05:12Z,21.81,67.33,99,0,31.99,101.67,79.00,923.00,7,10,10
2023-09-15T04:06:12Z,21.85,67.27,99,0,31.34,101.66,80.00,930.00,null,null,null
2023-09-15T04:07:12Z,21.85,67.32,99,0,29.42,101.66,80.00,930.00,null,null,null
2023-09-15T04:08:12Z,21.83,67.51,99,0,27.20,101.66,80.00,930.00,null,null,null
2023-09-15T04:09:12Z,21.81,67.34,99,0,30.09,101.66,80.00,930.00,null,null,null
2023-09-15T04:10:12Z,21.81,67.46,99,0,34.65,101.66,80.00,930.00,9,9,9
2023-09-15T04:11:12Z,21.81,67.48,99,0,37.03,101.66,80.00,930.00,null,null,null
2023-09-15T04:12:12Z,21.80,67.36,99,0,23.86,101.65,80.00,930.00,null,null,null
2023-09-15T04:13:12Z,21.81,67.39,99,0,30.65,101.66,82.00,942.00,null,null,null
2023-09-15T04:14:12Z,21.81,67.26,99,0,30.89,101.66,82.00,942.00,null,null,null
2023-09-15T04:15:12Z,21.78,67.49,99,0,26.78,101.66,82.00,942.00,6,8,8
2023-09-15T04:16:12Z,21.81,67.48,99,0,30.68,101.65,82.00,942.00,null,null,null
2023-09-15T04:17:12Z,21.78,67.39,99,0,36.67,101.66,84.00,954.00,null,null,null
2023-09-15T04:18:12Z,21.83,67.36,99,0,35.40,101.65,84.00,954.00,null,null,null
2023-09-15T04:19:12Z,21.81,67.42,99,0,29.84,101.65,84.00,954.00,null,null,null
2023-09-15T04:20:12Z,21.81,67.40,99,0,30.08,101.65,85.00,964.00,8,8,8
2023-09-15T04:21:12Z,21.80,67.43,99,0,32.37,101.65,85.00,964.00,null,null,null
2023-09-15T04:22:12Z,21.81,67.47,99,0,32.13,101.65,88.00,981.00,null,null,null
2023-09-15T04:23:12Z,21.84,67.52,99,0,29.23,101.65,88.00,981.00,null,null,null
2023-09-15T04:24:12Z,21.80,67.44,99,0,39.68,101.65,88.00,981.00,null,null,null
2023-09-15T04:25:12Z,21.80,67.56,99,0,31.21,101.65,88.00,981.00,4,5,5
2023-09-15T04:26:12Z,21.80,67.46,99,0,33.95,101.65,88.00,981.00,null,null,null
2023-09-15T04:27:12Z,21.83,67.34,99,0,26.26,101.65,88.00,981.00,null,null,null
2023-09-15T04:28:12Z,21.81,67.14,99,0,28.64,101.65,85.00,964.00,null,null,null
2023-09-15T04:29:12Z,21.81,67.17,99,0,30.79,101.65,87.00,972.00,null,null,null
2023-09-15T04:30:12Z,21.81,67.22,99,0,32.43,101.65,87.00,972.00,6,6,6
2023-09-15T04:31:12Z,21.81,67.17,99,0,43.37,101.65,87.00,972.00,null,null,null
2023-09-15T04:32:12Z,21.80,67.21,99,0,35.39,101.65,85.00,961.00,null,null,null
2023-09-15T04:33:12Z,21.75,67.38,99,0,29.35,101.65,85.00,961.00,null,null,null
2023-09-15T04:34:12Z,21.78,67.23,99,0,29.48,101.65,85.00,964.00,null,null,null
2023-09-15T04:35:12Z,21.80,67.29,99,0,29.83,101.65,85.00,961.00,7,8,8
2023-09-15T04:36:12Z,21.80,67.17,99,0,29.44,101.64,85.00,964.00,null,null,null
2023-09-15T04:37:12Z,21.80,67.25,99,0,34.51,101.65,85.00,961.00,null,null,null
2023-09-15T04:38:12Z,21.78,66.99,99,0,31.92,101.65,84.00,954.00,null,null,null
2023-09-15T04:39:12Z,21.77,67.18,99,0,29.83,101.64,85.00,961.00,null,null,null
2023-09-15T04:40:12Z,21.78,67.29,99,0,28.99,101.65,85.00,961.00,3,3,3
2023-09-15T04:41:12Z,21.80,67.41,99,0,35.80,101.64,84.00,954.00,null,null,null
2023-09-15T04:42:12Z,21.80,67.34,99,0,35.80,101.64,85.00,964.00,null,null,null
2023-09-15T04:43:12Z,21.77,67.37,99,0,27.62,101.64,85.00,964.00,null,null,null
2023-09-15T04:44:12Z,21.77,67.36,99,0,25.70,101.64,85.00,964.00,null,null,null
2023-09-15T04:45:12Z,21.80,67.40,99,0,30.55,101.64,85.00,964.00,4,6,6
2023-09-15T04:46:12Z,21.81,67.12,99,0,32.89,101.63,85.00,964.00,null,null,null
2023-09-15T04:47:12Z,21.80,67.09,99,0,33.56,101.64,85.00,961.00,null,null,null
2023-09-15T04:48:12Z,21.78,67.28,99,0,31.12,101.64,85.00,961.00,null,null,null
2023-09-15T04:49:12Z,21.77,67.13,99,0,29.07,101.64,85.00,961.00,null,null,null
2023-09-15T04:50:12Z,21.77,67.13,99,0,26.82,101.64,82.00,942.00,6,7,7
2023-09-15T04:51:12Z,21.78,67.27,99,0,25.82,101.64,85.00,961.00,null,null,null
2023-09-15T04:52:12Z,21.77,67.29,99,0,44.84,101.64,84.00,954.00,null,null,null
2023-09-15T04:53:12Z,21.80,67.29,99,0,36.50,101.64,85.00,964.00,null,null,null
2023-09-15T04:54:12Z,21.78,67.35,99,0,36.85,101.64,85.00,964.00,null,null,null
2023-09-15T04:55:12Z,21.74,67.28,99,0,44.45,101.64,85.00,964.00,2,4,12
2023-09-15T04:56:12Z,21.78,67.12,99,0,35.55,101.64,79.00,923.00,null,null,null
2023-09-15T04:57:12Z,21.77,67.01,99,0,36.15,101.64,85.00,961.00,null,null,null
2023-09-15T04:58:12Z,21.77,66.99,99,0,36.23,101.64,87.00,972.00,null,null,null
2023-09-15T04:59:12Z,21.77,66.96,99,0,44.08,101.64,85.00,961.00,null,null,null
2023-09-15T05:00:12Z,21.74,67.09,99,0,44.59,101.65,85.00,961.00,3,3,3
2023-09-15T05:01:12Z,21.77,67.12,99,0,30.23,101.64,78.00,918.00,null,null,null
2023-09-15T05:02:12Z,21.75,67.02,99,0,31.54,101.64,85.00,961.00,null,null,null
2023-09-15T05:03:12Z,21.77,66.99,99,0,36.28,101.64,83.00,951.00,null,null,null
2023-09-15T05:04:12Z,21.74,67.09,99,0,41.87,101.64,83.00,951.00,null,null,null
2023-09-15T05:05:12Z,21.75,66.90,99,0,37.61,101.64,77.00,907.00,10,12,12
2023-09-15T05:06:12Z,21.74,66.79,99,0,44.58,101.64,82.00,940.00,null,null,null
2023-09-15T05:07:12Z,21.73,67.09,99,0,36.33,101.64,78.00,918.00,null,null,null
2023-09-15T05:08:12Z,21.75,67.28,99,0,36.83,101.64,80.00,930.00,null,null,null
2023-09-15T05:09:12Z,21.74,67.16,99,0,44.06,101.64,82.00,942.00,null,null,null
2023-09-15T05:10:12Z,21.75,66.94,99,0,43.08,101.65,78.00,918.00,5,8,8
2023-09-15T05:11:12Z,21.74,66.97,99,0,44.52,101.65,82.00,940.00,null,null,null
2023-09-15T05:12:12Z,21.75,66.63,99,0,35.61,101.65,77.00,907.00,null,null,null
2023-09-15T05:13:12Z,21.74,66.95,99,0,32.26,101.64,80.00,930.00,null,null,null
2023-09-15T05:14:12Z,21.74,67.13,99,0,31.15,101.65,75.00,897.00,null,null,null
2023-09-15T05:15:12Z,21.73,67.21,99,0,36.63,101.65,78.00,918.00,6,8,8
2023-09-15T05:16:12Z,21.71,67.15,99,0,40.72,101.65,78.00,918.00,null,null,null
2023-09-15T05:17:12Z,21.74,67.00,99,0,38.05,101.65,78.00,918.00,null,null,null
2023-09-15T05:18:12Z,21.73,67.01,99,0,43.72,101.65,78.00,918.00,null,null,null
2023-09-15T05:19:12Z,21.70,67.11,99,0,38.21,101.65,78.00,918.00,null,null,null
2023-09-15T05:20:12Z,21.70,67.02,99,0,48.58,101.65,78.00,918.00,7,9,9
2023-09-15T05:21:12Z,21.73,66.96,99,0,39.22,101.65,78.00,918.00,null,null,null
2023-09-15T05:22:12Z,21.70,66.87,99,0,37.42,101.65,77.00,907.00,null,null,null
2023-09-15T05:23:12Z,21.71,66.69,99,0,44.29,101.65,77.00,907.00,null,null,null
2023-09-15T05:24:12Z,21.73,66.94,99,0,33.82,101.65,75.00,895.00,null,null,null
2023-09-15T05:25:12Z,21.68,67.09,99,0,35.16,101.65,77.00,907.00,12,14,14
2023-09-15T05:26:12Z,21.70,67.08,99,0,38.29,101.64,77.00,907.00,null,null,null
2023-09-15T05:27:12Z,21.71,67.21,99,0,39.81,101.64,77.00,907.00,null,null,null
2023-09-15T05:28:12Z,21.74,67.11,99,0,35.65,101.64,77.00,907.00,null,null,null
2023-09-15T05:29:12Z,21.70,67.11,99,0,33.12,101.64,82.00,942.00,null,null,null
2023-09-15T05:30:12Z,21.71,67.03,99,0,34.79,101.64,84.00,954.00,2,4,4
2023-09-15T05:31:12Z,21.70,67.02,99,0,41.71,101.64,85.00,964.00,null,null,null
2023-09-15T05:32:12Z,21.71,67.02,99,0,32.74,101.64,90.00,992.00,null,null,null
2023-09-15T05:33:12Z,21.74,67.05,99,0,37.59,101.64,88.00,981.00,null,null,null
2023-09-15T05:34:12Z,21.71,67.13,99,0,33.17,101.64,94.00,1019.00,null,null,null
2023-09-15T05:35:12Z,21.73,67.10,99,0,36.32,101.64,97.00,1038.00,8,8,8
2023-09-15T05:36:12Z,21.73,67.08,99,0,38.03,101.64,94.00,1019.00,null,null,null
2023-09-15T05:37:12Z,21.70,66.91,99,0,34.31,101.64,97.00,1038.00,null,null,null
2023-09-15T05:38:12Z,21.73,66.62,99,0,39.32,101.64,100.00,1062.00,null,null,null
2023-09-15T05:39:12Z,21.71,66.79,99,0,45.16,101.64,96.00,1035.00,null,null,null
2023-09-15T05:40:12Z,21.67,67.06,99,0,32.75,101.64,100.00,1062.00,7,8,8
2023-09-15T05:41:12Z,21.71,66.92,99,0,33.28,101.64,99.00,1050.00,null,null,null
2023-09-15T05:42:12Z,21.71,66.87,99,0,41.79,101.64,100.00,1062.00,null,null,null
2023-09-15T05:43:12Z,21.73,66.78,99,0,32.98,101.64,97.00,1038.00,null,null,null
2023-09-15T05:44:12Z,21.68,66.87,99,0,45.10,101.64,99.00,1050.00,null,null,null
2023-09-15T05:45:12Z,21.70,67.07,99,0,45.01,101.65,99.00,1050.00,1,2,2
2023-09-15T05:46:12Z,21.73,67.13,99,0,37.18,101.64,100.00,1062.00,null,null,null
2023-09-15T05:47:12Z,21.70,66.60,99,0,39.90,101.64,97.00,1038.00,null,null,null
2023-09-15T05:48:12Z,21.70,66.39,99,0,40.01,101.64,98.00,1047.00,null,null,null
2023-09-15T05:49:12Z,21.68,66.66,99,0,46.78,101.64,93.00,1012.00,null,null,null
2023-09-15T05:50:12Z,21.67,66.78,99,0,35.34,101.64,93.00,1012.00,5,5,5
2023-09-15T05:51:12Z,21.67,66.84,99,0,40.79,101.64,92.00,1004.00,null,null,null
2023-09-15T05:52:12Z,21.68,66.65,99,0,39.99,101.64,94.00,1019.00,null,null,null
2023-09-15T05:53:12Z,21.68,66.89,99,0,35.48,101.64,96.00,1035.00,null,null,null
2023-09-15T05:54:12Z,21.68,66.84,99,0,30.31,101.64,90.00,992.00,null,null,null
2023-09-15T05:55:12Z,21.65,66.95,99,0,42.36,101.65,90.00,992.00,5,7,7
2023-09-15T05:56:12Z,21.70,66.66,99,0,46.07,101.64,92.00,1004.00,null,null,null
2023-09-15T05:57:12Z,21.70,66.71,99,0,37.94,101.64,93.00,1012.00,null,null,null
2023-09-15T05:58:12Z,21.68,66.63,99,0,35.18,101.64,91.00,1001.00,null,null,null
2023-09-15T05:59:12Z,21.65,66.64,99,0,38.53,101.65,89.00,990.00,null,null,null
2023-09-15T06:00:12Z,21.65,66.30,99,0,43.05,101.65,87.00,972.00,4,7,7
2023-09-15T06:01:12Z,21.64,66.69,99,0,40.76,101.65,87.00,972.00,null,null,null
2023-09-15T06:02:12Z,21.67,66.68,99,0,33.27,101.65,85.00,961.00,null,null,null
2023-09-15T06:03:12Z,21.65,66.84,99,0,38.53,101.65,87.00,972.00,null,null,null
2023-09-15T06:04:12Z,21.64,66.66,99,0,41.27,101.65,87.00,972.00,null,null,null
2023-09-15T06:05:12Z,21.67,66.78,99,0,34.57,101.65,85.00,964.00,6,7,7
2023-09-15T06:06:12Z,21.65,66.81,99,0,39.69,101.64,85.00,964.00,null,null,null
2023-09-15T06:07:12Z,21.65,66.78,99,0,33.04,101.64,85.00,964.00,null,null,null
2023-09-15T06:08:12Z,21.64,66.62,99,0,35.62,101.64,85.00,964.00,null,null,null
2023-09-15T06:09:12Z,21.61,66.74,99,0,34.99,101.65,85.00,961.00,null,null,null
2023-09-15T06:10:12Z,21.65,66.65,99,0,39.05,101.65,85.00,961.00,7,8,8
2023-09-15T06:11:12Z,21.64,66.57,99,0,35.21,101.65,83.00,951.00,null,null,null
2023-09-15T06:12:12Z,21.64,66.82,99,0,44.14,101.65,85.00,961.00,null,null,null
2023-09-15T06:13:12Z,21.64,66.82,99,0,33.83,101.65,84.00,954.00,null,null,null
2023-09-15T06:14:12Z,21.63,66.84,99,0,39.87,101.64,84.00,954.00,null,null,null
2023-09-15T06:15:12Z,21.64,66.90,99,0,38.60,101.64,84.00,954.00,10,12,15
2023-09-15T06:16:12Z,21.64,66.72,99,0,37.44,101.65,82.00,942.00,null,null,null
2023-09-15T06:17:12Z,21.64,66.69,99,0,38.70,101.64,83.00,951.00,null,null,null
2023-09-15T06:18:12Z,21.65,66.75,99,0,37.16,101.65,83.00,951.00,null,null,null
2023-09-15T06:19:12Z,21.61,66.88,99,0,38.48,101.64,78.00,918.00,null,null,null
2023-09-15T06:20:12Z,21.63,66.72,99,0,46.36,101.64,78.00,918.00,10,11,11
2023-09-15T06:21:12Z,21.64,66.68,99,0,39.92,101.64,78.00,915.00,null,null,null
2023-09-15T06:22:12Z,21.63,66.73,99,0,38.18,101.64,78.00,915.00,null,null,null
2023-09-15T06:23:12Z,21.65,66.76,99,0,42.63,101.65,76.00,905.00,null,null,null
2023-09-15T06:24:12Z,21.65,66.83,99,0,36.92,101.65,75.00,897.00,null,null,null
2023-09-15T06:25:12Z,21.61,66.90,99,0,40.52,101.65,78.00,918.00,6,6,6
2023-09-15T06:26:12Z,21.94,66.94,98,0,39.24,101.64,78.00,918.00,null,null,null
2023-09-15T06:27:12Z,21.97,66.77,98,0,35.82,101.65,79.00,923.00,null,null,null
2023-09-15T06:28:12Z,21.97,66.66,98,0,32.49,101.65,78.00,913.00,null,null,null
2023-09-15T06:29:12Z,21.97,66.55,98,0,34.70,101.64,79.00,920.00,null,null,null
2023-09-15T06:30:12Z,22.00,66.73,98,0,35.63,101.64,79.00,920.00,7,15,15
2023-09-15T06:31:12Z,22.01,66.93,98,0,35.84,101.64,79.00,920.00,null,null,null
2023-09-15T06:32:12Z,22.04,66.74,98,0,41.64,101.64,78.00,913.00,null,null,null
2023-09-15T06:33:12Z,22.04,66.51,98,0,36.69,101.64,79.00,920.00,null,null,null
2023-09-15T06:34:12Z,22.05,66.61,98,0,34.64,101.63,79.00,920.00,null,null,null
2023-09-15T06:35:12Z,22.05,66.64,98,0,41.58,101.63,79.00,920.00,12,14,14
2023-09-15T06:36:12Z,22.08,66.39,98,0,43.45,101.62,77.00,909.00,null,null,null
2023-09-15T06:37:12Z,22.08,66.40,98,0,32.37,101.63,77.00,909.00,null,null,null
2023-09-15T06:38:12Z,22.13,66.41,98,0,47.65,101.62,77.00,909.00,null,null,null
2023-09-15T06:39:12Z,22.13,66.22,98,0,47.85,101.62,75.00,895.00,null,null,null
2023-09-15T06:40:12Z,22.11,66.32,98,0,42.86,101.62,76.00,905.00,7,14,22
2023-09-15T06:41:12Z,22.13,65.87,98,0,30.66,101.62,null,null,null,null,null
2023-09-15T06:42:12Z,22.14,66.03,98,0,47.81,101.62,73.00,885.00,null,null,null
2023-09-15T06:43:12Z,22.15,66.13,98,0,38.69,101.61,75.00,895.00,null,null,null
2023-09-15T06:44:12Z,22.15,66.03,98,0,34.63,101.61,73.00,885.00,null,null,null
2023-09-15T06:45:12Z,22.17,65.71,98,0,45.70,101.61,72.00,874.00,9,9,9
2023-09-15T06:46:12Z,22.17,65.78,98,0,36.68,101.62,71.00,870.00,null,null,null
2023-09-15T06:47:12Z,22.15,65.50,98,0,36.21,101.61,68.00,851.00,null,null,null
2023-09-15T06:48:12Z,22.20,65.73,98,0,39.87,101.62,68.00,848.00,null,null,null
2023-09-15T06:49:12Z,22.17,65.76,98,0,46.31,101.62,68.00,848.00,null,null,null
2023-09-15T06:50:12Z,22.17,65.87,98,0,39.60,101.62,65.00,832.00,5,7,15
2023-09-15T06:51:12Z,22.20,65.61,98,0,42.80,101.61,65.00,832.00,null,null,null
2023-09-15T06:52:12Z,22.20,65.71,98,0,39.80,101.61,65.00,830.00,null,null,null
2023-09-15T06:53:12Z,22.21,65.84,98,0,36.45,101.61,65.00,830.00,null,null,null
2023-09-15T06:54:12Z,22.18,65.57,98,0,36.21,101.61,62.00,813.00,null,null,null
2023-09-15T06:55:12Z,22.21,65.71,98,0,41.02,101.61,63.00,819.00,9,14,14
2023-09-15T06:56:12Z,22.24,65.82,98,0,35.37,101.61,63.00,819.00,null,null,null
2023-09-15T06:57:12Z,22.23,65.90,98,0,40.43,101.61,64.00,821.00,null,null,null
2023-09-15T06:58:12Z,22.21,66.02,98,0,38.67,101.62,64.00,821.00,null,null,null
2023-09-15T06:59:12Z,22.18,65.88,98,0,38.46,101.62,64.00,821.00,null,null,null
2023-09-15T07:00:12Z,22.14,65.93,98,0,36.82,101.62,62.00,813.00,15,18,18
2023-09-15T07:01:12Z,22.11,65.85,98,0,36.01,101.62,62.00,813.00,null,null,null
2023-09-15T07:02:12Z,22.13,66.20,98,0,36.61,101.63,62.00,813.00,null,null,null
2023-09-15T07:03:12Z,22.13,66.22,98,0,32.56,101.63,62.00,813.00,null,null,null
2023-09-15T07:04:12Z,22.11,66.49,98,0,45.86,101.63,62.00,813.00,null,null,null
2023-09-15T07:05:12Z,22.08,66.33,98,0,37.15,101.63,61.00,804.00,9,16,24
2023-09-15T07:06:12Z,22.05,66.23,98,0,35.94,101.63,61.00,804.00,null,null,null
2023-09-15T07:07:12Z,22.05,66.51,98,0,34.97,101.63,62.00,813.00,null,null,null
2023-09-15T07:08:12Z,22.03,66.28,98,0,36.40,101.63,60.00,795.00,null,null,null
2023-09-15T07:09:12Z,22.03,66.65,98,0,42.13,101.63,61.00,804.00,null,null,null
2023-09-15T07:10:12Z,22.00,66.60,98,0,39.34,101.64,61.00,804.00,8,13,13
2023-09-15T07:11:12Z,22.01,66.35,98,0,41.45,101.64,60.00,795.00,null,null,null
2023-09-15T07:12:12Z,22.01,66.64,98,0,38.90,101.64,60.00,795.00,null,null,null
2023-09-15T07:13:12Z,22.00,66.19,98,0,39.39,101.64,58.00,785.00,null,null,null
2023-09-15T07:14:12Z,21.97,66.57,98,0,34.86,101.65,60.00,795.00,null,null,null
2023-09-15T07:15:12Z,21.95,66.69,98,0,37.65,101.64,60.00,795.00,9,13,13
2023-09-15T07:16:12Z,21.98,66.97,98,0,39.79,101.64,58.00,785.00,null,null,null
2023-09-15T07:17:12Z,21.95,66.69,98,0,36.75,101.64,57.00,778.00,null,null,null
2023-09-15T07:18:12Z,21.93,66.60,98,0,31.16,101.64,57.00,778.00,null,null,null
2023-09-15T07:19:12Z,21.95,66.88,98,0,36.83,101.65,55.00,765.00,null,null,null
2023-09-15T07:20:12Z,21.95,66.97,98,0,34.84,101.65,57.00,778.00,8,9,9
2023-09-15T07:21:12Z,21.93,66.90,98,0,42.67,101.65,58.00,787.00,null,null,null
2023-09-15T07:22:12Z,21.91,66.37,98,0,36.45,101.64,58.00,787.00,null,null,null
2023-09-15T07:23:12Z,21.93,66.59,98,0,39.22,101.64,56.00,774.00,null,null,null
2023-09-15T07:24:12Z,21.88,66.43,98,0,48.60,101.64,55.00,765.00,null,null,null
2023-09-15T07:25:12Z,21.90,66.55,98,0,36.92,101.64,54.00,757.00,10,16,16
2023-09-15T07:26:12Z,21.88,66.80,98,0,36.63,101.64,52.00,744.00,null,null,null
2023-09-15T07:27:12Z,21.88,67.00,98,0,39.64,101.64,54.00,759.00,null,null,null
2023-09-15T07:28:12Z,21.87,67.18,98,0,37.32,101.64,57.00,778.00,null,null,null
2023-09-15T07:29:12Z,21.86,67.36,98,0,38.09,101.64,60.00,798.00,null,null,null
2023-09-15T07:30:12Z,21.86,67.53,98,0,34.17,101.64,60.00,800.00,12,16,16
2023-09-15T07:31:12Z,21.84,67.38,98,0,32.12,101.64,62.00,808.00,null,null,null
2023-09-15T07:32:12Z,21.87,67.51,98,0,45.28,101.64,63.00,817.00,null,null,null
2023-09-15T07:33:12Z,21.88,67.43,98,0,43.58,101.64,63.00,817.00,null,null,null
2023-09-15T07:34:12Z,21.86,67.15,98,0,44.24,101.64,65.00,827.00,null,null,null
2023-09-15T07:35:12Z,21.87,67.42,98,1,38.74,101.64,64.00,825.00,12,13,13
2023-09-15T07:36:12Z,21.87,67.26,98,1,35.26,101.64,63.00,817.00,null,null,null
2023-09-15T07:37:12Z,21.84,67.42,98,1,60.16,101.64,62.00,808.00,null,null,null
2023-09-15T07:38:12Z,21.87,67.21,98,1,37.57,101.64,62.00,808.00,null,null,null
2023-09-15T07:39:12Z,21.86,67.22,98,1,30.68,101.64,60.00,798.00,null,null,null
2023-09-15T07:40:12Z,21.83,67.06,98,2,40.73,101.64,60.00,798.00,9,14,22
2023-09-15T07:41:12Z,21.86,66.91,98,1,35.40,101.64,58.00,787.00,null,null,null
2023-09-15T07:42:12Z,21.86,67.06,98,1,35.67,101.64,57.00,778.00,null,null,null
2023-09-15T07:43:12Z,21.83,66.88,98,1,42.40,101.64,56.00,768.00,null,null,null
2023-09-15T07:44:12Z,21.81,67.24,98,1,29.79,101.64,57.00,778.00,null,null,null
2023-09-15T07:45:12Z,21.83,67.08,98,1,36.70,101.64,54.00,759.00,12,23,23
2023-09-15T07:46:12Z,21.83,66.88,98,1,24.83,101.64,53.00,749.00,null,null,null
2023-09-15T07:47:12Z,21.84,66.99,98,1,34.02,101.64,54.00,759.00,null,null,null
2023-09-15T07:48:12Z,21.86,67.25,98,1,42.87,101.64,54.00,759.00,null,null,null
2023-09-15T07:49:12Z,21.81,67.23,98,1,41.64,101.64,53.00,752.00,null,null,null
2023-09-15T07:50:12Z,21.84,67.15,98,1,38.24,101.64,54.00,759.00,9,14,21
2023-09-15T07:51:12Z,21.83,67.23,98,1,49.22,101.63,54.00,759.00,null,null,null
2023-09-15T07:52:12Z,21.86,67.26,98,1,36.24,101.64,51.00,737.00,null,null,null
2023-09-15T07:53:12Z,21.86,67.08,98,1,41.23,101.64,50.00,732.00,null,null,null
2023-09-15T07:54:12Z,21.84,67.19,98,1,34.98,101.64,53.00,749.00,null,null,null
2023-09-15T07:55:12Z,21.84,67.26,98,1,39.84,101.64,53.00,749.00,8,9,9
2023-09-15T07:56:12Z,21.84,67.47,98,1,40.91,101.64,53.00,749.00,null,null,null
2023-09-15T07:57:12Z,21.86,67.25,98,2,35.09,101.64,56.00,772.00,null,null,null
2023-09-15T07:58:12Z,21.87,67.27,98,1,35.08,101.64,56.00,772.00,null,null,null
2023-09-15T07:59:12Z,21.86,67.20,98,1,31.99,101.63,57.00,780.00,null,null,null
2023-09-15T08:00:12Z,21.86,67.24,98,1,41.19,101.63,60.00,798.00,14,14,14
2023-09-15T08:01:12Z,21.87,67.18,98,1,33.72,101.63,58.00,787.00,null,null,null
2023-09-15T08:02:12Z,21.87,66.96,98,0,40.96,101.63,60.00,798.00,null,null,null
2023-09-15T08:03:12Z,21.86,67.30,98,0,43.98,101.63,61.00,806.00,null,null,null
2023-09-15T08:04:12Z,21.88,66.92,98,0,36.79,101.64,60.00,800.00,null,null,null
2023-09-15T08:05:12Z,21.86,67.11,98,0,40.88,101.64,61.00,806.00,9,9,9
2023-09-15T08:06:12Z,21.88,66.98,98,0,44.17,101.63,61.00,806.00,null,null,null
2023-09-15T08:07:12Z,21.90,67.02,98,0,35.67,101.63,61.00,806.00,null,null,null
2023-09-15T08:08:12Z,21.87,67.05,98,0,44.15,101.63,61.00,806.00,null,null,null
2023-09-15T08:09:12Z,21.86,67.06,98,0,51.63,101.63,63.00,815.00,null,null,null
2023-09-15T08:10:12Z,21.84,67.24,98,0,38.18,101.64,63.00,815.00,18,23,23
2023-09-15T08:11:12Z,21.88,66.89,98,0,36.88,101.63,61.00,806.00,null,null,null
2023-09-15T08:12:12Z,21.87,66.89,98,0,39.31,101.64,60.00,798.00,null,null,null
2023-09-15T08:13:12Z,21.88,67.01,98,0,35.41,101.63,61.00,806.00,null,null,null
2023-09-15T08:14:12Z,21.86,67.00,98,0,33.16,101.63,61.00,806.00,null,null,null
2023-09-15T08:15:12Z,21.87,66.78,98,0,45.69,101.63,61.00,806.00,7,10,10
2023-09-15T08:16:12Z,21.87,66.91,98,0,42.60,101.63,61.00,806.00,null,null,null
2023-09-15T08:17:12Z,21.86,66.85,98,0,45.35,101.63,61.00,806.00,null,null,null
2023-09-15T08:18:12Z,21.88,67.06,98,0,39.63,101.63,61.00,806.00,null,null,null
2023-09-15T08:19:12Z,21.86,66.71,98,0,39.58,101.62,60.00,798.00,null,null,null
2023-09-15T08:20:12Z,21.87,67.00,98,0,40.67,101.63,62.00,813.00,7,13,13
2023-09-15T08:21:12Z,21.87,66.90,98,0,38.54,101.62,63.00,815.00,null,null,null
2023-09-15T08:22:12Z,21.90,67.04,98,0,42.99,101.62,64.00,825.00,null,null,null
2023-09-15T08:23:12Z,21.87,66.41,98,0,38.08,101.63,63.00,815.00,null,null,null
2023-09-15T08:24:12Z,21.86,66.19,98,0,40.46,101.63,61.00,804.00,null,null,null
2023-09-15T08:25:12Z,21.84,66.28,98,0,37.07,101.63,61.00,804.00,13,15,15
2023-09-15T08:26:12Z,21.87,66.53,98,0,44.53,101.62,60.00,795.00,null,null,null
2023-09-15T08:27:12Z,21.86,66.30,98,0,41.11,101.63,60.00,795.00,null,null,null
2023-09-15T08:28:12Z,21.86,66.00,98,0,34.44,101.63,56.00,774.00,null,null,null
2023-09-15T08:29:12Z,21.86,66.07,98,0,34.91,101.63,56.00,774.00,null,null,null
2023-09-15T08:30:12Z,21.83,65.79,98,0,43.29,101.63,53.00,752.00,7,13,13
2023-09-15T08:31:12Z,21.81,65.59,98,0,43.42,101.63,53.00,752.00,null,null,null
2023-09-15T08:32:12Z,21.84,65.81,98,0,36.56,101.62,47.00,714.00,null,null,null
2023-09-15T08:33:12Z,21.83,66.12,98,0,39.69,101.62,52.00,744.00,null,null,null
2023-09-15T08:34:12Z,21.84,66.30,98,0,36.31,101.62,52.00,744.00,null,null,null
2023-09-15T08:35:12Z,21.84,66.31,98,0,32.00,101.62,52.00,744.00,13,13,13
2023-09-15T08:36:12Z,21.84,66.26,98,0,53.14,101.62,52.00,744.00,null,null,null
2023-09-15T08:37:12Z,21.84,66.40,98,0,36.60,101.62,54.00,757.00,null,null,null
2023-09-15T08:38:12Z,21.87,66.67,98,0,32.85,101.62,56.00,774.00,null,null,null
2023-09-15T08:39:12Z,21.84,66.59,98,0,33.73,101.62,58.00,785.00,null,null,null
2023-09-15T08:40:12Z,21.84,66.40,98,0,33.96,101.62,58.00,785.00,14,14,14
2023-09-15T08:41:12Z,21.86,66.22,98,0,41.80,101.62,56.00,774.00,null,null,null
2023-09-15T08:42:12Z,21.90,66.22,98,0,41.09,101.62,56.00,774.00,null,null,null
2023-09-15T08:43:12Z,21.87,66.35,98,0,39.06,101.62,58.00,783.00,null,null,null
2023-09-15T08:44:12Z,21.87,66.45,98,0,46.58,101.62,56.00,774.00,null,null,null
2023-09-15T08:45:12Z,21.84,66.21,98,0,41.95,101.62,60.00,795.00,10,12,12
2023-09-15T08:46:12Z,21.86,66.02,98,0,30.62,101.62,58.00,783.00,null,null,null
2023-09-15T08:47:12Z,21.87,66.03,98,0,46.28,101.62,56.00,774.00,null,null,null
2023-09-15T08:48:12Z,21.86,65.74,98,0,35.65,101.62,55.00,765.00,null,null,null
2023-09-15T08:49:12Z,21.83,65.83,98,0,34.74,101.62,53.00,749.00,null,null,null
2023-09-15T08:50:12Z,21.84,66.05,98,0,36.48,101.62,49.00,728.00,8,14,14
2023-09-15T08:51:12Z,21.87,65.97,98,0,39.59,101.62,47.00,714.00,null,null,null
2023-09-15T08:52:12Z,21.86,66.14,98,0,40.60,101.62,49.00,728.00,null,null,null
2023-09-15T08:53:12Z,21.86,66.46,98,0,43.75,101.62,51.00,735.00,null,null,null
2023-09-15T08:54:12Z,21.84,66.46,98,0,44.04,101.62,51.00,735.00,null,null,null
2023-09-15T08:55:12Z,21.86,66.62,98,0,37.14,101.61,54.00,757.00,11,14,14
2023-09-15T08:56:12Z,21.86,66.50,98,0,40.96,101.61,54.00,757.00,null,null,null
2023-09-15T08:57:12Z,21.87,66.61,98,0,44.46,101.61,56.00,774.00,null,null,null
2023-09-15T08:58:12Z,21.88,66.62,98,0,40.71,101.61,58.00,785.00,null,null,null
2023-09-15T08:59:12Z,21.86,66.65,98,0,47.47,101.61,60.00,795.00,null,null,null
2023-09-15T09:00:12Z,21.87,66.39,98,0,45.20,101.61,58.00,785.00,9,11,11
2023-09-15T09:01:12Z,21.88,66.57,98,0,40.24,101.61,58.00,785.00,null,null,null
2023-09-15T09:02:12Z,21.88,66.47,98,0,35.46,101.60,56.00,774.00,null,null,null
2023-09-15T09:03:12Z,21.88,66.21,98,0,36.16,101.61,56.00,774.00,null,null,null
2023-09-15T09:04:12Z,21.88,66.40,98,0,46.02,101.60,58.00,783.00,null,null,null
2023-09-15T09:05:12Z,21.86,66.44,98,0,34.59,101.60,56.00,774.00,11,11,11
2023-09-15T09:06:12Z,21.87,66.30,97,0,33.00,101.60,54.00,757.00,null,null,null
2023-09-15T09:07:12Z,21.87,65.99,97,0,37.45,101.60,51.00,735.00,null,null,null
2023-09-15T09:08:12Z,21.84,65.99,98,0,44.32,101.60,51.00,735.00,null,null,null
2023-09-15T09:09:12Z,21.88,65.81,98,0,37.32,101.60,47.00,714.00,null,null,null
2023-09-15T09:10:12Z,21.84,65.71,97,0,40.24,101.60,47.00,714.00,9,22,22
2023-09-15T09:11:12Z,21.84,65.44,97,0,36.36,101.60,45.00,697.00,null,null,null
2023-09-15T09:12:12Z,21.83,65.53,98,0,39.06,101.60,41.00,672.00,null,null,null
2023-09-15T09:13:12Z,21.81,65.53,97,0,32.12,101.60,38.00,653.00,null,null,null
2023-09-15T09:14:12Z,21.80,65.48,97,0,31.38,101.60,35.00,634.00,null,null,null
2023-09-15T09:15:12Z,21.80,65.93,98,0,43.42,101.60,35.00,634.00,12,18,18
2023-09-15T09:16:12Z,21.83,65.80,97,0,40.60,101.60,34.00,629.00,null,null,null
2023-09-15T09:17:12Z,21.81,65.65,97,0,36.88,101.60,34.00,629.00,null,null,null
2023-09-15T09:18:12Z,21.84,65.82,97,0,33.79,101.60,34.00,626.00,null,null,null
2023-09-15T09:19:12Z,21.80,66.08,97,0,40.30,101.59,31.00,605.00,null,null,null
2023-09-15T09:20:12Z,21.83,66.22,97,0,36.32,101.60,29.00,592.00,12,13,13
2023-09-15T09:21:12Z,21.81,65.76,97,0,35.89,101.60,29.00,592.00,null,null,null
2023-09-15T09:22:12Z,21.81,65.72,97,0,38.36,101.60,27.00,580.00,null,null,null
2023-09-15T09:23:12Z,21.80,65.70,97,0,43.32,101.60,26.00,572.00,null,null,null
2023-09-15T09:24:12Z,21.80,66.09,97,0,33.85,101.60,26.00,572.00,null,null,null
2023-09-15T09:25:12Z,21.80,66.09,97,0,45.38,101.59,26.00,574.00,10,13,13
2023-09-15T09:26:12Z,21.81,65.93,97,0,36.89,101.59,26.00,574.00,null,null,null
2023-09-15T09:27:12Z,21.80,66.07,97,0,39.91,101.59,26.00,574.00,null,null,null
2023-09-15T09:28:12Z,21.83,66.00,97,0,36.99,101.60,26.00,574.00,null,null,null
2023-09-15T09:29:12Z,21.81,66.03,97,0,38.76,101.60,26.00,574.00,null,null,null
2023-09-15T09:30:12Z,21.83,66.23,97,0,41.07,101.60,27.00,580.00,18,29,29
2023-09-15T09:31:12Z,21.83,66.38,97,0,39.23,101.59,28.00,586.00,null,null,null
2023-09-15T09:32:12Z,21.86,66.45,97,0,35.85,101.59,27.00,578.00,null,null,null
2023-09-15T09:33:12Z,21.84,66.67,97,0,46.36,101.59,29.00,594.00,null,null,null
2023-09-15T09:34:12Z,21.84,66.62,97,0,41.06,101.59,31.00,607.00,null,null,null
2023-09-15T09:35:12Z,21.86,66.45,97,0,40.30,101.59,31.00,607.00,9,15,15
2023-09-15T09:36:12Z,21.86,66.44,97,0,38.12,101.58,31.00,607.00,null,null,null
2023-09-15T09:37:12Z,21.88,66.05,97,0,42.45,101.59,31.00,607.00,null,null,null
2023-09-15T09:38:12Z,21.88,65.96,97,0,41.01,101.58,30.00,600.00,null,null,null
2023-09-15T09:39:12Z,21.86,66.00,97,0,39.46,101.58,30.00,600.00,null,null,null
2023-09-15T09:40:12Z,21.84,66.01,97,0,43.96,101.58,30.00,600.00,5,8,8
2023-09-15T09:41:12Z,21.90,66.09,97,0,38.05,101.58,30.00,600.00,null,null,null
2023-09-15T09:42:12Z,21.87,65.98,97,0,46.66,101.58,30.00,600.00,null,null,null
2023-09-15T09:43:12Z,21.87,66.02,97,0,33.10,101.58,30.00,597.00,null,null,null
2023-09-15T09:44:12Z,21.86,66.12,97,0,40.40,101.58,30.00,597.00,null,null,null
2023-09-15T09:45:12Z,21.86,66.07,97,0,49.87,101.58,30.00,597.00,16,19,19
2023-09-15T09:46:12Z,21.88,66.19,97,10,37.85,101.57,29.00,592.00,null,null,null
2023-09-15T09:47:12Z,21.90,66.06,97,8,51.80,101.57,30.00,600.00,null,null,null
2023-09-15T09:48:12Z,21.88,66.11,97,8,39.64,101.57,30.00,600.00,null,null,null
2023-09-15T09:49:12Z,21.88,66.43,97,8,52.76,101.57,32.00,612.00,null,null,null
2023-09-15T09:50:12Z,21.91,66.11,97,7,39.77,101.56,31.00,607.00,11,13,13
2023-09-15T09:51:12Z,21.91,66.15,97,7,35.85,101.56,32.00,615.00,null,null,null
2023-09-15T09:52:12Z,21.94,66.27,97,7,42.65,101.56,36.00,641.00,null,null,null
2023-09-15T09:53:12Z,21.93,66.35,97,7,46.49,101.56,36.00,640.00,null,null,null
2023-09-15T09:54:12Z,21.91,66.45,97,7,43.08,101.56,38.00,650.00,null,null,null
2023-09-15T09:55:12Z,21.91,66.87,97,6,41.21,101.56,40.00,665.00,10,11,11
2023-09-15T09:56:12Z,21.94,66.69,97,7,38.77,101.56,39.00,657.00,null,null,null
2023-09-15T09:57:12Z,21.94,66.76,97,8,44.15,101.56,42.00,678.00,null,null,null
2023-09-15T09:58:12Z,21.93,66.79,97,9,44.15,101.56,41.00,672.00,null,null,null
2023-09-15T09:59:12Z,21.94,66.89,97,8,43.69,101.56,43.00,688.00,null,null,null
2023-09-15T10:00:12Z,21.94,66.81,97,7,35.94,101.56,43.00,688.00,12,19,25
2023-09-15T10:01:12Z,21.95,66.66,97,7,38.89,101.56,41.00,675.00,null,null,null
2023-09-15T10:02:12Z,21.97,66.56,97,6,33.27,101.56,42.00,678.00,null,null,null
2023-09-15T10:03:12Z,21.97,66.39,97,6,42.68,101.56,42.00,678.00,null,null,null
2023-09-15T10:04:12Z,21.98,66.29,97,6,42.37,101.56,40.00,665.00,null,null,null
2023-09-15T10:05:12Z,21.95,66.66,97,6,41.58,101.56,39.00,657.00,14,15,15
2023-09-15T10:06:12Z,21.97,66.42,97,6,31.40,101.56,41.00,672.00,null,null,null
2023-09-15T10:07:12Z,21.98,66.46,97,6,34.30,101.55,41.00,672.00,null,null,null
2023-09-15T10:08:12Z,22.00,66.43,97,6,42.97,101.55,42.00,678.00,null,null,null
2023-09-15T10:09:12Z,22.00,66.50,97,6,41.90,101.55,42.00,678.00,null,null,null
2023-09-15T10:10:12Z,21.97,66.31,97,6,45.20,101.55,41.00,672.00,14,16,16
2023-09-15T10:11:12Z,21.98,66.30,97,6,41.02,101.55,40.00,665.00,null,null,null
2023-09-15T10:12:12Z,22.00,66.24,97,6,38.68,101.55,41.00,672.00,null,null,null
2023-09-15T10:13:12Z,21.98,66.29,97,6,44.61,101.55,42.00,679.00,null,null,null
2023-09-15T10:14:12Z,22.00,66.16,97,6,46.77,101.55,41.00,672.00,null,null,null
2023-09-15T10:15:12Z,21.97,66.13,97,6,37.42,101.55,42.00,679.00,7,7,7
2023-09-15T10:16:12Z,22.01,66.05,97,6,38.27,101.55,41.00,672.00,null,null,null
2023-09-15T10:17:12Z,22.00,66.02,97,6,36.18,101.55,40.00,666.00,null,null,null
2023-09-15T10:18:12Z,22.03,65.88,97,6,42.01,101.55,40.00,666.00,null,null,null
2023-09-15T10:19:12Z,22.00,65.83,97,6,37.69,101.54,39.00,657.00,null,null,null
2023-09-15T10:20:12Z,22.00,65.79,97,5,43.79,101.54,37.00,646.00,5,7,7
2023-09-15T10:21:12Z,22.01,65.85,97,5,44.60,101.54,37.00,646.00,null,null,null
2023-09-15T10:22:12Z,22.00,65.96,97,5,37.74,101.54,37.00,646.00,null,null,null
2023-09-15T10:23:12Z,22.01,66.21,97,5,40.67,101.54,37.00,646.00,null,null,null
2023-09-15T10:24:12Z,22.00,66.16,97,5,40.43,101.53,40.00,666.00,null,null,null
2023-09-15T10:25:12Z,22.01,66.30,97,5,35.88,101.53,39.00,657.00,7,10,10
2023-09-15T10:26:12Z,22.03,66.23,97,5,42.31,101.53,38.00,650.00,null,null,null
2023-09-15T10:27:12Z,22.03,66.20,97,5,41.68,101.53,41.00,672.00,null,null,null
2023-09-15T10:28:12Z,22.03,66.12,97,5,42.98,101.53,41.00,672.00,null,null,null
2023-09-15T10:29:12Z,22.03,66.03,97,5,39.88,101.53,40.00,666.00,null,null,null
2023-09-15T10:30:12Z,22.01,65.87,97,5,41.77,101.53,40.00,666.00,9,10,10
2023-09-15T10:31:12Z,22.00,65.84,97,5,41.44,101.53,37.00,646.00,null,null,null
2023-09-15T10:32:12Z,22.01,65.93,97,5,40.68,101.53,38.00,650.00,null,null,null
2023-09-15T10:33:12Z,22.01,65.91,97,5,35.99,101.52,39.00,657.00,null,null,null
2023-09-15T10:34:12Z,22.01,65.89,97,4,34.46,101.52,38.00,650.00,null,null,null
2023-09-15T10:35:12Z,22.03,65.94,97,4,37.30,101.52,38.00,650.00,10,13,13
2023-09-15T10:36:12Z,22.03,65.95,97,4,48.89,101.52,37.00,646.00,null,null,null
2023-09-15T10:37:12Z,22.03,65.95,97,4,35.61,101.52,37.00,646.00,null,null,null
2023-09-15T10:38:12Z,22.01,65.91,97,4,43.44,101.52,36.00,641.00,null,null,null
2023-09-15T10:39:12Z,22.03,65.86,97,4,36.77,101.52,36.00,641.00,null,null,null
2023-09-15T10:40:12Z,22.03,65.74,97,4,62.69,101.51,34.00,627.00,8,10,10
2023-09-15T10:41:12Z,22.01,65.79,97,4,53.04,101.51,33.00,620.00,null,null,null
2023-09-15T10:42:12Z,22.01,65.94,97,4,36.96,101.51,32.00,612.00,null,null,null
2023-09-15T10:43:12Z,22.04,65.88,97,4,37.56,101.51,32.00,615.00,null,null,null
2023-09-15T10:44:12Z,22.03,66.03,97,4,57.75,101.51,32.00,615.00,null,null,null
2023-09-15T10:45:12Z,22.01,66.12,97,4,37.31,101.51,33.00,620.00,8,8,8
2023-09-15T10:46:12Z,22.03,66.04,97,4,39.77,101.51,32.00,615.00,null,null,null
2023-09-15T10:47:12Z,22.04,66.00,97,4,34.15,101.51,32.00,612.00,null,null,null
2023-09-15T10:48:12Z,22.05,66.13,97,4,46.03,101.51,32.00,615.00,null,null,null
2023-09-15T10:49:12Z,22.04,66.17,97,4,40.13,101.50,33.00,620.00,null,null,null
2023-09-15T10:50:12Z,22.04,66.33,97,4,50.86,101.50,34.00,627.00,17,19,19
2023-09-15T10:51:12Z,22.03,66.22,97,4,38.27,101.50,33.00,620.00,null,null,null
2023-09-15T10:52:12Z,22.05,66.33,97,4,35.78,101.50,34.00,627.00,null,null,null
2023-09-15T10:53:12Z,22.04,66.33,97,4,38.52,101.50,34.00,627.00,null,null,null
2023-09-15T10:54:12Z,22.01,66.33,97,4,32.29,101.50,34.00,627.00,null,null,null
2023-09-15T10:55:12Z,22.05,66.30,97,4,39.72,101.49,33.00,620.00,13,19,19
2023-09-15T10:56:12Z,22.07,66.33,97,4,38.73,101.50,34.00,627.00,null,null,null
2023-09-15T10:57:12Z,22.07,66.41,97,4,37.03,101.49,33.00,620.00,null,null,null
2023-09-15T10:58:12Z,22.03,66.37,97,4,38.35,101.49,34.00,627.00,null,null,null
2023-09-15T10:59:12Z,22.07,66.38,97,4,39.70,101.49,33.00,620.00,null,null,null
2023-09-15T11:00:12Z,22.04,66.38,97,4,34.45,101.48,33.00,620.00,12,13,13
2023-09-15T11:01:12Z,22.08,66.46,97,4,35.03,101.49,34.00,627.00,null,null,null
2023-09-15T11:02:12Z,22.05,66.48,97,4,40.83,101.49,35.00,634.00,null,null,null
2023-09-15T11:03:12Z,22.10,66.51,97,3,44.91,101.49,36.00,640.00,null,null,null
2023-09-15T11:04:12Z,22.07,66.68,97,4,43.81,101.48,37.00,643.00,null,null,null
2023-09-15T11:05:12Z,22.10,66.73,97,4,37.03,101.49,38.00,650.00,12,16,16
2023-09-15T11:06:12Z,22.08,66.80,97,4,54.02,101.48,39.00,657.00,null,null,null
2023-09-15T11:07:12Z,22.10,66.80,97,4,40.37,101.48,40.00,666.00,null,null,null
2023-09-15T11:08:12Z,22.05,66.73,97,4,41.95,101.48,41.00,675.00,null,null,null
2023-09-15T11:09:12Z,22.08,66.73,97,4,51.14,101.48,42.00,682.00,null,null,null
2023-09-15T11:10:12Z,22.08,66.62,97,5,37.18,101.48,42.00,682.00,10,11,17
2023-09-15T11:11:12Z,22.10,66.64,97,4,39.63,101.48,42.00,678.00,null,null,null
2023-09-15T11:12:12Z,22.11,66.62,97,6,37.32,101.48,42.00,682.00,null,null,null
2023-09-15T11:13:12Z,22.11,66.57,97,5,37.66,101.47,42.00,682.00,null,null,null
2023-09-15T11:14:12Z,22.10,66.46,97,5,32.03,101.47,41.00,672.00,null,null,null
2023-09-15T11:15:12Z,22.08,66.62,97,5,40.96,101.47,41.00,672.00,7,8,8
2023-09-15T11:16:12Z,22.11,66.61,97,8,40.18,101.48,42.00,678.00,null,null,null
2023-09-15T11:17:12Z,22.13,66.61,97,9,35.85,101.47,42.00,678.00,null,null,null
2023-09-15T11:18:12Z,22.11,66.46,97,8,43.62,101.47,39.00,657.00,null,null,null
2023-09-15T11:19:12Z,22.11,66.40,97,8,36.08,101.47,38.00,650.00,null,null,null
2023-09-15T11:20:12Z,22.08,66.46,97,8,38.66,101.47,38.00,650.00,11,11,11
2023-09-15T11:21:12Z,22.10,66.43,97,10,32.16,101.47,38.00,650.00,null,null,null
2023-09-15T11:22:12Z,22.11,66.53,97,11,43.96,101.47,38.00,650.00,null,null,null
2023-09-15T11:23:12Z,22.08,66.58,96,11,34.90,101.47,39.00,657.00,null,null,null
2023-09-15T11:24:12Z,22.10,66.67,97,12,37.94,101.47,40.00,665.00,null,null,null
2023-09-15T11:25:12Z,22.11,66.55,97,13,41.04,101.47,40.00,665.00,13,14,14
2023-09-15T11:26:12Z,22.11,66.56,96,13,40.26,101.47,39.00,657.00,null,null,null
2023-09-15T11:27:12Z,22.11,66.50,96,14,41.77,101.47,39.00,657.00,null,null,null
2023-09-15T11:28:12Z,22.13,66.48,97,15,40.19,101.47,39.00,657.00,null,null,null
2023-09-15T11:29:12Z,22.13,66.41,96,13,39.05,101.47,39.00,657.00,null,null,null
2023-09-15T11:30:12Z,22.11,66.28,96,13,42.31,101.47,37.00,643.00,10,12,12
2023-09-15T11:31:12Z,22.13,66.30,96,13,37.95,101.47,36.00,640.00,null,null,null
2023-09-15T11:32:12Z,22.11,66.19,96,11,36.39,101.46,35.00,634.00,null,null,null
2023-09-15T11:33:12Z,22.13,66.22,96,16,34.97,101.46,35.00,634.00,null,null,null
2023-09-15T11:34:12Z,22.11,66.25,96,7,36.74,101.46,34.00,627.00,null,null,null
2023-09-15T11:35:12Z,22.11,66.28,96,11,40.94,101.46,32.00,614.00,14,23,23
2023-09-15T11:36:12Z,22.14,66.28,96,17,40.39,101.46,32.00,614.00,null,null,null
2023-09-15T11:37:12Z,22.11,66.22,96,8,35.55,101.46,32.00,614.00,null,null,null
2023-09-15T11:38:12Z,22.13,66.08,96,8,46.22,101.46,32.00,614.00,null,null,null
2023-09-15T11:39:12Z,22.14,66.07,96,18,37.21,101.45,32.00,615.00,null,null,null
2023-09-15T11:40:12Z,22.11,66.05,96,18,38.29,101.45,32.00,612.00,12,12,12
2023-09-15T11:41:12Z,22.13,66.13,96,8,32.50,101.46,30.00,597.00,null,null,null
2023-09-15T11:42:12Z,22.14,66.13,96,17,38.73,101.45,30.00,600.00,null,null,null
2023-09-15T11:43:12Z,22.11,66.20,96,18,39.08,101.44,30.00,600.00,null,null,null
2023-09-15T11:44:12Z,22.14,66.23,96,17,34.19,101.44,30.00,600.00,null,null,null
2023-09-15T11:45:12Z,22.14,66.39,96,18,39.78,101.44,32.00,612.00,8,10,10
2023-09-15T11:46:12Z,22.14,66.44,96,17,34.82,101.44,30.00,603.00,null,null,null
2023-09-15T11:47:12Z,22.15,66.36,96,19,34.65,101.44,32.00,614.00,null,null,null
2023-09-15T11:48:12Z,22.17,66.44,96,19,37.45,101.44,33.00,620.00,null,null,null
2023-09-15T11:49:12Z,22.13,66.51,96,19,42.84,101.43,33.00,620.00,null,null,null
2023-09-15T11:50:12Z,22.14,66.56,96,17,35.44,101.44,34.00,627.00,10,13,13
2023-09-15T11:51:12Z,22.15,66.49,96,17,39.93,101.43,33.00,620.00,null,null,null
2023-09-15T11:52:12Z,22.15,66.42,96,17,36.09,101.43,33.00,620.00,null,null,null
2023-09-15T11:53:12Z,22.15,66.40,96,7,40.45,101.43,33.00,620.00,null,null,null
2023-09-15T11:54:12Z,22.15,66.40,96,7,33.32,101.43,33.00,620.00,null,null,null
2023-09-15T11:55:12Z,22.17,66.57,96,6,47.73,101.43,32.00,614.00,13,13,13
2023-09-15T11:56:12Z,22.18,66.46,96,16,43.96,101.43,32.00,614.00,null,null,null
2023-09-15T11:57:12Z,22.18,66.90,96,18,40.87,101.43,32.00,614.00,null,null,null
2023-09-15T11:58:12Z,22.17,67.06,96,16,41.11,101.43,32.00,615.00,null,null,null
2023-09-15T11:59:12Z,22.17,67.12,96,18,41.55,101.43,33.00,623.00,null,null,null
2023-09-15T12:00:12Z,22.18,67.39,96,8,38.00,101.42,34.00,629.00,11,23,23
2023-09-15T12:01:12Z,22.21,67.69,96,8,39.71,101.42,35.00,633.00,null,null,null
2023-09-15T12:02:12Z,22.21,67.98,96,7,55.64,101.42,37.00,646.00,null,null,null
2023-09-15T12:03:12Z,22.18,67.96,96,7,49.34,101.42,38.00,652.00,null,null,null
2023-09-15T12:04:12Z,22.23,67.57,96,8,52.55,101.42,38.00,652.00,null,null,null
2023-09-15T12:05:12Z,22.23,67.42,96,7,32.27,101.42,38.00,652.00,9,13,18
2023-09-15T12:06:12Z,22.24,67.25,96,8,34.05,101.42,36.00,640.00,null,null,null
2023-09-15T12:07:12Z,22.23,67.16,96,8,34.38,101.42,36.00,640.00,null,null,null
2023-09-15T12:08:12Z,22.23,66.94,96,8,33.31,101.42,35.00,634.00,null,null,null
2023-09-15T12:09:12Z,22.21,66.91,96,13,45.67,101.41,33.00,623.00,null,null,null
2023-09-15T12:10:12Z,22.24,67.06,96,12,32.51,101.41,33.00,623.00,7,15,15
2023-09-15T12:11:12Z,22.24,67.04,96,10,38.95,101.41,32.00,615.00,null,null,null
2023-09-15T12:12:12Z,22.23,66.84,96,10,39.32,101.41,30.00,602.00,null,null,null
2023-09-15T12:13:12Z,22.23,66.91,96,7,33.94,101.41,30.00,599.00,null,null,null
2023-09-15T12:14:12Z,22.24,67.08,96,10,52.28,101.41,30.00,602.00,null,null,null
2023-09-15T12:15:12Z,22.21,67.15,96,13,44.09,101.41,30.00,602.00,9,9,9
2023-09-15T12:16:12Z,22.23,66.93,96,10,42.23,101.41,30.00,602.00,null,null,null
2023-09-15T12:17:12Z,22.25,67.00,96,7,39.05,101.40,31.00,607.00,null,null,null
2023-09-15T12:18:12Z,22.25,66.88,96,9,38.36,101.40,23.00,552.00,null,null,null
2023-09-15T12:19:12Z,22.24,66.82,96,8,32.03,101.40,22.00,549.00,null,null,null
2023-09-15T12:20:12Z,22.21,66.83,96,11,32.11,101.40,28.00,589.00,13,19,19
2023-09-15T12:21:12Z,22.23,66.86,96,7,44.54,101.40,27.00,580.00,null,null,null
2023-09-15T12:22:12Z,22.24,66.73,96,8,35.70,101.40,27.00,580.00,null,null,null
2023-09-15T12:23:12Z,22.24,66.66,96,8,44.29,101.40,28.00,586.00,null,null,null
2023-09-15T12:24:12Z,22.24,66.61,96,7,37.39,101.40,26.00,574.00,null,null,null
2023-09-15T12:25:12Z,22.24,66.80,96,8,50.88,101.39,26.00,574.00,11,15,23
2023-09-15T12:26:12Z,22.25,66.72,96,5,41.76,101.40,25.00,569.00,null,null,null
2023-09-15T12:27:12Z,22.25,66.64,96,5,36.63,101.39,20.00,537.00,null,null,null
2023-09-15T12:28:12Z,22.25,66.68,96,6,35.45,101.40,19.00,527.00,null,null,null
2023-09-15T12:29:12Z,22.25,66.86,96,6,47.76,101.39,20.00,537.00,null,null,null
2023-09-15T12:30:12Z,22.24,67.27,96,7,35.28,101.39,21.00,540.00,27,46,46
2023-09-15T12:31:12Z,22.25,67.50,96,7,34.50,101.39,34.00,624.00,null,null,null
2023-09-15T12:32:12Z,22.25,67.62,96,7,38.84,101.39,31.00,605.00,null,null,null
2023-09-15T12:33:12Z,22.24,67.71,96,7,44.20,101.39,36.00,637.00,null,null,null
2023-09-15T12:34:12Z,22.25,68.16,96,7,34.21,101.40,50.00,733.00,null,null,null
2023-09-15T12:35:12Z,22.24,68.06,96,10,40.37,101.39,43.00,686.00,26,34,52
2023-09-15T12:36:12Z,22.27,67.79,96,9,34.69,101.39,53.00,749.00,null,null,null
2023-09-15T12:37:12Z,22.27,67.98,96,9,42.81,101.39,43.00,686.00,null,null,null
2023-09-15T12:38:12Z,22.25,68.36,96,8,35.83,101.39,45.00,699.00,null,null,null
2023-09-15T12:39:12Z,22.27,68.38,96,9,42.40,101.39,47.00,712.00,null,null,null
2023-09-15T12:40:12Z,22.25,68.33,96,9,45.28,101.39,48.00,719.00,23,31,31
2023-09-15T12:41:12Z,22.27,68.13,96,9,39.55,101.39,48.00,719.00,null,null,null
2023-09-15T12:42:12Z,22.28,68.19,96,9,37.10,101.39,48.00,717.00,null,null,null
2023-09-15T12:43:12Z,22.28,68.41,96,6,41.84,101.39,50.00,730.00,null,null,null
2023-09-15T12:44:12Z,22.28,68.66,96,6,31.45,101.39,51.00,740.00,null,null,null
2023-09-15T12:45:12Z,22.30,68.88,96,5,37.77,101.39,53.00,752.00,16,24,31
2023-09-15T12:46:12Z,22.28,68.51,96,5,38.43,101.39,53.00,754.00,null,null,null
2023-09-15T12:47:12Z,22.28,68.74,96,4,40.32,101.39,56.00,770.00,null,null,null
2023-09-15T12:48:12Z,22.30,68.44,96,4,42.49,101.39,57.00,778.00,null,null,null
2023-09-15T12:49:12Z,22.28,68.58,96,5,37.60,101.39,57.00,778.00,null,null,null
2023-09-15T12:50:12Z,22.30,68.83,96,5,36.42,101.38,57.00,778.00,31,42,66
2023-09-15T12:51:12Z,22.31,68.86,96,5,37.33,101.38,60.00,800.00,null,null,null
2023-09-15T12:52:12Z,22.28,68.55,96,5,36.73,101.38,58.00,787.00,null,null,null
2023-09-15T12:53:12Z,22.28,68.48,96,5,41.29,101.38,58.00,787.00,null,null,null
2023-09-15T12:54:12Z,22.28,68.22,96,5,34.81,101.38,61.00,806.00,null,null,null
2023-09-15T12:55:12Z,22.28,67.87,96,5,42.29,101.38,61.00,802.00,22,36,36
2023-09-15T12:56:12Z,22.30,67.83,96,7,34.99,101.38,59.00,793.00,null,null,null
2023-09-15T12:57:12Z,22.31,67.96,96,7,35.80,101.37,59.00,793.00,null,null,null
2023-09-15T12:58:12Z,22.28,67.66,96,7,37.37,101.37,59.00,793.00,null,null,null
2023-09-15T12:59:12Z,22.31,67.82,96,7,46.05,101.38,60.00,795.00,null,null,null
2023-09-15T13:00:12Z,22.28,68.30,96,8,41.91,101.37,58.00,785.00,19,43,43
2023-09-15T13:01:12Z,22.30,68.63,96,8,58.41,101.37,60.00,795.00,null,null,null
2023-09-15T13:02:12Z,22.30,67.72,96,8,44.08,101.37,64.00,821.00,null,null,null
2023-09-15T13:03:12Z,22.31,67.07,96,8,37.23,101.37,64.00,821.00,null,null,null
2023-09-15T13:04:12Z,22.28,66.95,96,8,44.11,101.36,63.00,817.00,null,null,null
2023-09-15T13:05:12Z,22.31,66.97,96,6,39.16,101.36,61.00,802.00,16,18,23
2023-09-15T13:06:12Z,22.32,66.33,96,7,43.43,101.36,58.00,783.00,null,null,null
2023-09-15T13:07:12Z,22.32,66.38,96,8,45.19,101.36,56.00,772.00,null,null,null
2023-09-15T13:08:12Z,22.30,66.51,96,8,47.13,101.35,56.00,768.00,null,null,null
2023-09-15T13:09:12Z,22.31,66.44,96,7,44.01,101.35,56.00,768.00,null,null,null
2023-09-15T13:10:12Z,22.31,66.46,96,6,40.82,101.35,56.00,768.00,14,17,22
2023-09-15T13:11:12Z,22.32,66.48,96,6,52.80,101.36,56.00,768.00,null,null,null
2023-09-15T13:12:12Z,22.31,66.66,96,5,46.04,101.36,56.00,768.00,null,null,null
2023-09-15T13:13:12Z,22.31,67.13,96,4,40.87,101.36,59.00,791.00,null,null,null
2023-09-15T13:14:12Z,22.30,67.48,96,3,58.94,101.36,61.00,802.00,null,null,null
2023-09-15T13:15:12Z,22.28,67.56,96,4,42.04,101.36,64.00,821.00,18,41,48
2023-09-15T13:16:12Z,22.32,67.75,96,5,51.20,101.35,67.00,846.00,null,null,null
2023-09-15T13:17:12Z,22.31,67.77,96,5,44.21,101.35,69.00,855.00,null,null,null
2023-09-15T13:18:12Z,22.31,67.80,96,4,48.75,101.35,71.00,868.00,null,null,null
2023-09-15T13:19:12Z,22.31,67.93,96,4,48.16,101.35,75.00,897.00,null,null,null
2023-09-15T13:20:12Z,22.31,67.67,96,5,43.98,101.35,75.00,897.00,24,30,30
2023-09-15T13:21:12Z,22.34,67.75,96,5,53.42,101.34,77.00,907.00,null,null,null
2023-09-15T13:22:12Z,22.32,67.91,96,6,42.66,101.34,78.00,913.00,null,null,null
2023-09-15T13:23:12Z,22.31,68.14,96,6,47.31,101.34,79.00,923.00,null,null,null
2023-09-15T13:24:12Z,22.32,68.20,96,7,43.52,101.34,82.00,940.00,null,null,null
2023-09-15T13:25:12Z,22.34,68.15,96,8,47.71,101.34,83.00,945.00,21,33,33
2023-09-15T13:26:12Z,22.32,68.41,96,8,45.91,101.34,86.00,967.00,null,null,null
2023-09-15T13:27:12Z,22.34,68.79,96,5,46.74,101.33,88.00,981.00,null,null,null
2023-09-15T13:28:12Z,22.34,68.48,96,5,38.76,101.33,87.00,972.00,null,null,null
2023-09-15T13:29:12Z,22.32,67.91,96,5,41.46,101.33,83.00,949.00,null,null,null
2023-09-15T13:30:12Z,22.32,67.12,96,5,38.06,101.33,79.00,923.00,17,26,33
2023-09-15T13:31:12Z,22.32,66.19,96,5,40.21,101.33,79.00,923.00,null,null,null
2023-09-15T13:32:12Z,22.32,66.01,96,5,45.84,101.33,78.00,915.00,null,null,null
2023-09-15T13:33:12Z,22.35,65.96,96,4,46.84,101.33,73.00,885.00,null,null,null
2023-09-15T13:34:12Z,22.32,66.18,96,4,41.85,101.32,69.00,853.00,null,null,null
2023-09-15T13:35:12Z,22.31,65.94,96,4,48.65,101.33,66.00,834.00,19,21,21
2023-09-15T13:36:12Z,22.32,65.71,96,4,36.56,101.33,63.00,817.00,null,null,null
2023-09-15T13:37:12Z,22.34,65.94,96,5,42.92,101.33,60.00,798.00,null,null,null
2023-09-15T13:38:12Z,22.34,65.75,96,4,39.94,101.33,57.00,780.00,null,null,null
2023-09-15T13:39:12Z,22.32,65.55,96,3,40.62,101.33,54.00,759.00,null,null,null
2023-09-15T13:40:12Z,22.34,65.52,96,5,27.77,101.32,53.00,749.00,6,6,22
2023-09-15T13:41:12Z,22.35,65.74,96,5,33.44,101.32,48.00,719.00,null,null,null
2023-09-15T13:42:12Z,22.32,65.67,96,5,37.89,101.32,48.00,719.00,null,null,null
2023-09-15T13:43:12Z,22.34,65.44,96,6,47.35,101.32,46.00,706.00,null,null,null
2023-09-15T13:44:12Z,22.32,65.35,96,5,39.53,101.32,45.00,697.00,null,null,null
2023-09-15T13:45:12Z,22.32,65.35,96,5,40.13,101.31,42.00,682.00,8,8,8
2023-09-15T13:46:12Z,22.32,65.32,96,6,40.95,101.32,40.00,666.00,null,null,null
2023-09-15T13:47:12Z,22.34,65.24,96,4,60.21,101.31,38.00,652.00,null,null,null
2023-09-15T13:48:12Z,22.34,65.42,96,4,40.37,101.31,38.00,653.00,null,null,null
2023-09-15T13:49:12Z,22.34,65.35,96,4,38.15,101.32,36.00,638.00,null,null,null
2023-09-15T13:50:12Z,22.31,64.99,96,4,53.56,101.31,35.00,634.00,9,11,11
2023-09-15T13:51:12Z,22.34,64.87,96,3,36.63,101.31,33.00,623.00,null,null,null
2023-09-15T13:52:12Z,22.34,64.76,96,4,44.65,101.32,31.00,607.00,null,null,null
2023-09-15T13:53:12Z,22.32,64.84,96,5,36.33,101.31,30.00,603.00,null,null,null
2023-09-15T13:54:12Z,22.32,64.68,96,3,42.51,101.31,29.00,592.00,null,null,null
2023-09-15T13:55:12Z,22.31,64.78,96,4,39.85,101.31,28.00,586.00,7,8,8
2023-09-15T13:56:12Z,22.32,64.93,96,3,51.16,101.31,27.00,578.00,null,null,null
2023-09-15T13:57:12Z,22.31,65.23,96,4,39.52,101.31,28.00,586.00,null,null,null
2023-09-15T13:58:12Z,22.34,65.43,96,4,46.71,101.30,30.00,599.00,null,null,null
2023-09-15T13:59:12Z,22.31,65.49,96,4,38.09,101.30,30.00,599.00,null,null,null
2023-09-15T14:00:12Z,22.32,65.42,96,4,40.01,101.30,30.00,599.00,7,9,9
2023-09-15T14:01:12Z,22.31,65.60,96,5,41.48,101.30,30.00,599.00,null,null,null
2023-09-15T14:02:12Z,22.35,65.75,96,6,50.28,101.30,30.00,602.00,null,null,null
2023-09-15T14:03:12Z,22.35,65.43,96,6,49.25,101.30,30.00,597.00,null,null,null
2023-09-15T14:04:12Z,22.35,65.24,96,6,39.56,101.30,29.00,594.00,null,null,null
2023-09-15T14:05:12Z,22.32,65.14,96,6,47.72,101.30,28.00,586.00,8,10,10
2023-09-15T14:06:12Z,22.34,65.09,96,6,41.40,101.30,26.00,574.00,null,null,null
2023-09-15T14:07:12Z,22.32,65.03,96,6,44.35,101.29,24.00,561.00,null,null,null
2023-09-15T14:08:12Z,22.32,64.99,96,5,35.47,101.29,23.00,552.00,null,null,null
2023-09-15T14:09:12Z,22.31,65.01,95,5,46.29,101.29,23.00,552.00,null,null,null
2023-09-15T14:10:12Z,22.34,64.88,96,5,57.80,101.29,23.00,552.00,6,9,12
2023-09-15T14:11:12Z,22.32,64.78,96,5,40.92,101.29,21.00,542.00,null,null,null
2023-09-15T14:12:12Z,22.35,64.79,96,6,38.84,101.29,20.00,536.00,null,null,null
2023-09-15T14:13:12Z,22.34,64.75,96,5,41.24,101.29,19.00,530.00,null,null,null
2023-09-15T14:14:12Z,22.32,64.79,96,5,37.04,101.29,19.00,527.00,null,null,null
2023-09-15T14:15:12Z,22.32,64.62,96,5,44.38,101.29,18.00,523.00,9,9,9
2023-09-15T14:16:12Z,22.35,64.64,96,6,35.86,101.29,17.00,517.00,null,null,null
2023-09-15T14:17:12Z,22.35,64.44,96,5,51.99,101.30,17.00,517.00,null,null,null
2023-09-15T14:18:12Z,22.32,64.38,95,5,44.55,101.29,16.00,508.00,null,null,null
2023-09-15T14:19:12Z,22.34,64.44,96,4,42.02,101.29,15.00,500.00,null,null,null
2023-09-15T14:20:12Z,22.36,64.43,96,4,41.62,101.29,15.00,500.00,4,9,9
2023-09-15T14:21:12Z,22.35,64.54,95,4,42.39,101.29,14.00,496.00,null,null,null
2023-09-15T14:22:12Z,22.35,64.66,95,6,48.59,101.28,14.00,496.00,null,null,null
2023-09-15T14:23:12Z,22.32,64.95,95,4,41.77,101.28,14.00,496.00,null,null,null
2023-09-15T14:24:12Z,22.36,65.59,95,4,44.44,101.28,15.00,500.00,null,null,null
2023-09-15T14:25:12Z,22.35,66.01,95,6,43.76,101.28,18.00,523.00,4,7,7
2023-09-15T14:26:12Z,22.35,66.17,95,6,50.34,101.28,21.00,543.00,null,null,null
2023-09-15T14:27:12Z,22.36,65.87,95,5,42.85,101.28,22.00,548.00,null,null,null
2023-09-15T14:28:12Z,22.35,65.48,95,6,40.87,101.28,22.00,548.00,null,null,null
2023-09-15T14:29:12Z,22.35,65.36,95,7,38.67,101.28,22.00,548.00,null,null,null
2023-09-15T14:30:12Z,22.35,65.32,95,7,38.10,101.27,22.00,548.00,10,11,11
2023-09-15T14:31:12Z,22.38,64.93,95,7,42.27,101.27,20.00,537.00,null,null,null
2023-09-15T14:32:12Z,22.38,64.67,95,7,42.56,101.27,19.00,530.00,null,null,null
2023-09-15T14:33:12Z,22.35,64.65,95,7,38.45,101.27,19.00,529.00,null,null,null
2023-09-15T14:34:12Z,22.38,64.61,95,7,41.66,101.27,17.00,517.00,null,null,null
2023-09-15T14:35:12Z,22.35,64.45,95,7,46.01,101.27,17.00,517.00,10,10,10
2023-09-15T14:36:12Z,22.35,64.26,95,8,45.36,101.27,15.00,500.00,null,null,null
2023-09-15T14:37:12Z,22.36,64.18,95,8,42.76,101.27,13.00,491.00,null,null,null
2023-09-15T14:38:12Z,22.36,64.34,95,8,33.48,101.26,14.00,498.00,null,null,null
2023-09-15T14:39:12Z,22.35,64.44,95,8,39.12,101.26,13.00,491.00,null,null,null
2023-09-15T14:40:12Z,22.36,64.51,95,8,37.60,101.26,14.00,496.00,6,6,6
2023-09-15T14:41:12Z,22.38,64.60,95,8,38.47,101.26,14.00,496.00,null,null,null
2023-09-15T14:42:12Z,22.38,64.59,95,8,42.18,101.26,14.00,496.00,null,null,null
2023-09-15T14:43:12Z,22.36,64.51,95,8,36.28,101.26,14.00,496.00,null,null,null
2023-09-15T14:44:12Z,22.38,64.67,95,8,37.50,101.26,14.00,496.00,null,null,null
2023-09-15T14:45:12Z,22.36,64.70,95,8,40.50,101.25,13.00,491.00,8,9,9
2023-09-15T14:46:12Z,22.39,64.93,95,8,35.53,101.25,15.00,500.00,null,null,null
2023-09-15T14:47:12Z,22.36,65.81,95,8,45.53,101.25,15.00,500.00,null,null,null
2023-09-15T14:48:12Z,22.38,66.11,95,8,45.56,101.25,16.00,506.00,null,null,null
2023-09-15T14:49:12Z,22.41,65.84,95,8,39.07,101.25,19.00,527.00,null,null,null
2023-09-15T14:50:12Z,22.38,65.30,95,8,47.08,101.25,20.00,537.00,9,9,9
2023-09-15T14:51:12Z,22.41,64.92,95,8,39.93,101.26,19.00,526.00,null,null,null
2023-09-15T14:52:12Z,22.39,64.59,95,8,36.11,101.25,19.00,527.00,null,null,null
2023-09-15T14:53:12Z,22.36,64.67,95,8,38.59,101.25,18.00,523.00,null,null,null
2023-09-15T14:54:12Z,22.41,64.66,95,8,33.46,101.26,18.00,523.00,null,null,null
2023-09-15T14:55:12Z,22.38,64.72,95,8,32.33,101.25,17.00,517.00,7,10,10
2023-09-15T14:56:12Z,22.38,64.78,95,8,44.36,101.25,17.00,517.00,null,null,null
2023-09-15T14:57:12Z,22.41,64.87,95,8,35.55,101.25,17.00,517.00,null,null,null
2023-09-15T14:58:12Z,22.41,64.97,95,8,37.02,101.25,18.00,523.00,null,null,null
2023-09-15T14:59:12Z,22.39,64.98,95,7,41.77,101.25,19.00,527.00,null,null,null
2023-09-15T15:00:12Z,22.39,65.05,95,7,42.35,101.25,19.00,527.00,10,13,13
2023-09-15T15:01:12Z,22.41,64.79,95,7,38.61,101.24,19.00,527.00,null,null,null
2023-09-15T15:02:12Z,22.39,64.73,95,7,41.59,101.24,19.00,527.00,null,null,null
2023-09-15T15:03:12Z,22.41,64.69,95,7,43.10,101.24,20.00,533.00,null,null,null
2023-09-15T15:04:12Z,22.38,64.76,95,7,40.62,101.25,20.00,533.00,null,null,null
2023-09-15T15:05:12Z,22.38,64.59,95,8,39.44,101.24,19.00,527.00,7,7,7
2023-09-15T15:06:12Z,22.36,64.63,95,8,41.90,101.24,18.00,523.00,null,null,null
2023-09-15T15:07:12Z,22.41,64.54,95,8,48.50,101.24,18.00,523.00,null,null,null
2023-09-15T15:08:12Z,22.42,64.58,95,7,39.81,101.24,18.00,523.00,null,null,null
2023-09-15T15:09:12Z,22.42,64.84,95,4,48.13,101.24,19.00,529.00,null,null,null
2023-09-15T15:10:12Z,22.41,64.65,95,4,37.29,101.23,19.00,527.00,11,19,25
2023-09-15T15:11:12Z,22.39,64.58,95,4,41.68,101.23,20.00,533.00,null,null,null
2023-09-15T15:12:12Z,22.42,64.72,95,4,43.65,101.23,20.00,536.00,null,null,null
2023-09-15T15:13:12Z,22.39,64.48,95,4,61.67,101.23,20.00,536.00,null,null,null
2023-09-15T15:14:12Z,22.39,64.37,95,4,39.22,101.23,20.00,536.00,null,null,null
2023-09-15T15:15:12Z,22.39,64.60,95,7,36.90,101.23,20.00,536.00,19,38,38
2023-09-15T15:16:12Z,22.41,64.69,95,8,45.18,101.23,21.00,542.00,null,null,null
2023-09-15T15:17:12Z,22.44,64.63,95,7,55.00,101.23,22.00,548.00,null,null,null
2023-09-15T15:18:12Z,22.44,64.59,95,6,42.42,101.23,22.00,548.00,null,null,null
2023-09-15T15:19:12Z,22.41,64.67,95,4,45.89,101.23,22.00,548.00,null,null,null
2023-09-15T15:20:12Z,22.42,65.28,95,4,36.69,101.22,24.00,560.00,12,27,27
2023-09-15T15:21:12Z,22.41,65.27,95,3,52.96,101.22,25.00,566.00,null,null,null
2023-09-15T15:22:12Z,22.44,65.01,95,3,44.73,101.23,25.00,569.00,null,null,null
2023-09-15T15:23:12Z,22.42,64.95,95,4,58.55,101.23,26.00,574.00,null,null,null
2023-09-15T15:24:12Z,22.41,64.92,95,3,42.94,101.22,26.00,574.00,null,null,null
2023-09-15T15:25:12Z,22.41,64.80,95,3,49.47,101.22,25.00,570.00,20,39,46
2023-09-15T15:26:12Z,22.44,63.94,95,3,37.66,101.22,25.00,570.00,null,null,null
2023-09-15T15:27:12Z,22.41,63.64,95,3,45.84,101.22,23.00,556.00,null,null,null
2023-09-15T15:28:12Z,22.42,63.55,95,3,48.60,101.22,24.00,561.00,null,null,null
2023-09-15T15:29:12Z,22.44,63.46,95,3,39.84,101.21,21.00,543.00,null,null,null
2023-09-15T15:30:12Z,22.44,63.56,95,3,38.56,101.22,21.00,540.00,13,21,21
2023-09-15T15:31:12Z,22.42,63.40,95,4,44.67,101.22,19.00,530.00,null,null,null
2023-09-15T15:32:12Z,22.44,63.55,95,4,35.69,101.22,18.00,524.00,null,null,null
2023-09-15T15:33:12Z,22.42,63.74,95,4,35.43,101.22,18.00,524.00,null,null,null
2023-09-15T15:34:12Z,22.41,63.92,95,4,43.98,101.22,18.00,524.00,null,null,null
2023-09-15T15:35:12Z,22.39,64.00,95,4,38.11,101.21,19.00,526.00,13,16,16
2023-09-15T15:36:12Z,22.44,63.90,95,4,42.22,101.21,19.00,526.00,null,null,null
2023-09-15T15:37:12Z,22.44,63.86,95,4,43.23,101.21,19.00,526.00,null,null,null
2023-09-15T15:38:12Z,22.44,63.93,95,3,47.79,101.21,19.00,526.00,null,null,null
2023-09-15T15:39:12Z,22.44,64.01,95,5,54.37,101.21,18.00,519.00,null,null,null
2023-09-15T15:40:12Z,22.42,64.17,95,6,36.27,101.21,19.00,526.00,18,21,29
2023-09-15T15:41:12Z,22.42,64.10,95,3,43.07,101.21,20.00,536.00,null,null,null
2023-09-15T15:42:12Z,22.42,64.13,95,4,49.90,101.21,19.00,531.00,null,null,null
2023-09-15T15:43:12Z,22.42,64.23,95,3,32.97,101.21,19.00,531.00,null,null,null
2023-09-15T15:44:12Z,22.44,64.56,95,3,43.46,101.21,20.00,536.00,null,null,null
2023-09-15T15:45:12Z,22.42,64.41,95,3,51.97,101.21,21.00,542.00,8,11,11
2023-09-15T15:46:12Z,22.44,64.48,95,4,49.07,101.20,21.00,542.00,null,null,null
2023-09-15T15:47:12Z,22.45,64.48,95,3,45.84,101.20,22.00,548.00,null,null,null
2023-09-15T15:48:12Z,22.44,64.54,95,3,39.85,101.20,22.00,548.00,null,null,null
2023-09-15T15:49:12Z,22.44,64.47,95,3,39.66,101.20,22.00,548.00,null,null,null
2023-09-15T15:50:12Z,22.44,64.44,95,3,36.49,101.20,22.00,548.00,11,13,13
2023-09-15T15:51:12Z,22.45,64.93,95,2,41.35,101.20,21.00,542.00,null,null,null
2023-09-15T15:52:12Z,22.46,64.52,95,2,49.35,101.20,21.00,542.00,null,null,null
2023-09-15T15:53:12Z,22.46,64.31,95,2,37.76,101.21,21.00,542.00,null,null,null
2023-09-15T15:54:12Z,22.44,64.19,95,4,44.65,101.21,20.00,536.00,null,null,null
2023-09-15T15:55:12Z,22.44,64.15,95,3,41.82,101.20,20.00,536.00,8,13,13
2023-09-15T15:56:12Z,22.44,64.29,95,4,37.31,101.21,21.00,539.00,null,null,null
2023-09-15T15:57:12Z,22.45,64.39,95,4,34.41,101.20,20.00,536.00,null,null,null
2023-09-15T15:58:12Z,22.45,65.01,95,25,33.82,101.20,21.00,542.00,null,null,null
2023-09-15T15:59:12Z,22.45,64.60,95,2,42.07,101.20,22.00,546.00,null,null,null
2023-09-15T16:00:12Z,22.46,64.54,95,2,42.56,101.20,23.00,552.00,13,15,21
2023-09-15T16:01:12Z,22.46,64.51,95,3,32.55,101.20,23.00,552.00,null,null,null
2023-09-15T16:02:12Z,22.45,64.25,95,3,37.59,101.20,22.00,548.00,null,null,null
2023-09-15T16:03:12Z,22.45,64.20,95,3,35.63,101.20,22.00,548.00,null,null,null
2023-09-15T16:04:12Z,22.45,64.22,95,3,36.61,101.20,22.00,548.00,null,null,null
2023-09-15T16:05:12Z,22.48,64.30,95,3,35.38,101.20,23.00,555.00,12,14,14
2023-09-15T16:06:12Z,22.46,64.38,95,3,35.13,101.20,22.00,548.00,null,null,null
2023-09-15T16:07:12Z,22.48,64.46,95,3,38.10,101.20,25.00,565.00,null,null,null
2023-09-15T16:08:12Z,22.45,64.50,95,3,41.86,101.21,25.00,565.00,null,null,null
2023-09-15T16:09:12Z,22.46,64.54,95,3,35.27,101.21,25.00,567.00,null,null,null
2023-09-15T16:10:12Z,22.48,64.66,95,2,41.45,101.20,26.00,577.00,8,10,18
2023-09-15T16:11:12Z,22.45,64.75,95,2,35.62,101.20,27.00,580.00,null,null,null
2023-09-15T16:12:12Z,22.45,64.80,95,3,40.00,101.20,28.00,586.00,null,null,null
2023-09-15T16:13:12Z,22.46,64.78,95,3,28.51,101.20,30.00,599.00,null,null,null
2023-09-15T16:14:12Z,22.46,64.65,95,3,56.72,101.20,30.00,603.00,null,null,null
2023-09-15T16:15:12Z,22.45,64.61,95,3,31.88,101.21,32.00,612.00,11,14,14
2023-09-15T16:16:12Z,22.48,64.48,95,3,37.81,101.21,32.00,612.00,null,null,null
2023-09-15T16:17:12Z,22.48,64.53,95,3,36.18,101.21,32.00,612.00,null,null,null
2023-09-15T16:18:12Z,22.49,64.58,95,3,37.66,101.20,32.00,612.00,null,null,null
2023-09-15T16:19:12Z,22.48,64.45,95,3,41.52,101.21,32.00,615.00,null,null,null
2023-09-15T16:20:12Z,22.46,64.44,95,2,40.33,101.20,32.00,615.00,3,3,3
2023-09-15T16:21:12Z,22.48,64.56,95,2,40.24,101.21,32.00,612.00,null,null,null
2023-09-15T16:22:12Z,22.48,64.49,95,2,45.78,101.21,32.00,615.00,null,null,null
2023-09-15T16:23:12Z,22.46,64.65,95,2,42.79,101.21,33.00,623.00,null,null,null
2023-09-15T16:24:12Z,22.45,64.72,95,2,38.56,101.21,34.00,629.00,null,null,null
2023-09-15T16:25:12Z,22.46,64.78,95,2,42.98,101.21,35.00,634.00,8,8,8
2023-09-15T16:26:12Z,22.49,64.86,95,3,46.32,101.21,35.00,634.00,null,null,null
2023-09-15T16:27:12Z,22.49,64.55,95,3,40.68,101.21,37.00,643.00,null,null,null
2023-09-15T16:28:12Z,22.45,64.62,95,3,44.64,101.20,37.00,646.00,null,null,null
2023-09-15T16:29:12Z,22.48,64.62,95,3,31.37,101.21,37.00,646.00,null,null,null
2023-09-15T16:30:12Z,22.46,64.73,95,3,47.96,101.21,38.00,650.00,9,9,15
2023-09-15T16:31:12Z,22.46,64.81,95,3,51.47,101.21,39.00,660.00,null,null,null
2023-09-15T16:32:12Z,22.48,64.73,95,3,40.02,101.21,39.00,657.00,null,null,null
2023-09-15T16:33:12Z,22.49,64.67,95,2,40.27,101.21,40.00,666.00,null,null,null
2023-09-15T16:34:12Z,22.46,64.55,95,2,47.84,101.21,40.00,666.00,null,null,null
2023-09-15T16:35:12Z,22.46,64.52,95,2,48.78,101.21,39.00,660.00,7,7,7
2023-09-15T16:36:12Z,22.49,64.47,95,2,33.97,101.21,38.00,650.00,null,null,null
2023-09-15T16:37:12Z,22.48,64.50,95,2,40.83,101.21,39.00,660.00,null,null,null
2023-09-15T16:38:12Z,22.49,64.22,95,2,34.30,101.21,38.00,650.00,null,null,null
2023-09-15T16:39:12Z,22.48,63.93,95,2,47.28,101.21,37.00,645.00,null,null,null
2023-09-15T16:40:12Z,22.48,64.02,95,2,31.24,101.21,35.00,633.00,6,6,6
2023-09-15T16:41:12Z,22.51,64.08,95,2,45.24,101.21,34.00,626.00,null,null,null
2023-09-15T16:42:12Z,22.48,63.95,95,2,41.39,101.21,34.00,626.00,null,null,null
2023-09-15T16:43:12Z,22.48,64.00,95,2,42.26,101.21,34.00,626.00,null,null,null
2023-09-15T16:44:12Z,22.48,63.82,95,2,39.69,101.21,35.00,633.00,null,null,null
2023-09-15T16:45:12Z,22.48,63.88,95,2,43.16,101.21,34.00,626.00,9,10,10
2023-09-15T16:46:12Z,22.49,63.95,95,2,38.62,101.21,32.00,615.00,null,null,null
2023-09-15T16:47:12Z,22.49,64.05,95,2,36.12,101.21,32.00,615.00,null,null,null
2023-09-15T16:48:12Z,22.48,63.91,95,1,35.92,101.21,33.00,618.00,null,null,null
2023-09-15T16:49:12Z,22.48,63.99,95,1,40.46,101.21,32.00,615.00,null,null,null
2023-09-15T16:50:12Z,22.49,63.92,95,1,40.31,101.21,32.00,615.00,5,6,6
2023-09-15T16:51:12Z,22.49,63.98,95,2,35.02,101.21,32.00,611.00,null,null,null
2023-09-15T16:52:12Z,22.48,64.05,95,2,48.50,101.21,32.00,615.00,null,null,null
2023-09-15T16:53:12Z,22.48,64.04,95,2,36.16,101.21,33.00,618.00,null,null,null
2023-09-15T16:54:12Z,22.48,64.04,95,2,45.97,101.21,33.00,618.00,null,null,null
2023-09-15T16:55:12Z,22.49,64.13,95,2,46.24,101.21,34.00,626.00,4,8,8
2023-09-15T16:56:12Z,22.49,64.11,95,2,38.25,101.21,33.00,618.00,null,null,null
2023-09-15T16:57:12Z,22.48,64.08,95,1,31.99,101.21,34.00,626.00,null,null,null
2023-09-15T16:58:12Z,22.48,64.16,95,2,38.32,101.21,34.00,626.00,null,null,null
2023-09-15T16:59:12Z,22.48,64.17,95,2,28.52,101.21,34.00,626.00,null,null,null
2023-09-15T17:00:12Z,22.51,64.18,95,2,42.40,101.22,34.00,626.00,8,9,9
2023-09-15T17:01:12Z,22.52,64.29,95,2,37.68,101.21,34.00,626.00,null,null,null
2023-09-15T17:02:12Z,22.49,64.23,95,2,41.42,101.21,33.00,623.00,null,null,null
2023-09-15T17:03:12Z,22.49,64.24,95,2,42.82,101.21,35.00,633.00,null,null,null
2023-09-15T17:04:12Z,22.46,64.16,95,2,39.21,101.22,35.00,633.00,null,null,null
2023-09-15T17:05:12Z,22.49,64.07,95,2,36.37,101.22,34.00,626.00,13,14,14
2023-09-15T17:06:12Z,22.48,64.07,95,2,38.06,101.21,34.00,626.00,null,null,null
2023-09-15T17:07:12Z,22.51,64.06,95,2,52.32,101.22,34.00,626.00,null,null,null
2023-09-15T17:08:12Z,22.49,64.09,95,2,47.46,101.22,33.00,618.00,null,null,null
2023-09-15T17:09:12Z,22.49,64.13,95,2,41.30,101.22,34.00,626.00,null,null,null
2023-09-15T17:10:12Z,22.49,64.15,95,2,31.27,101.22,34.00,626.00,8,12,12
2023-09-15T17:11:12Z,22.48,64.09,95,2,38.96,101.22,34.00,626.00,null,null,null
2023-09-15T17:12:12Z,22.49,64.13,95,2,30.51,101.22,34.00,626.00,null,null,null
2023-09-15T17:13:12Z,22.49,64.04,95,2,36.58,101.22,34.00,626.00,null,null,null
2023-09-15T17:14:12Z,22.49,64.12,95,2,44.04,101.22,33.00,618.00,null,null,null
2023-09-15T17:15:12Z,22.48,64.16,95,2,36.45,101.22,34.00,626.00,4,4,4
2023-09-15T17:16:12Z,22.52,64.23,95,1,42.44,101.22,35.00,633.00,null,null,null
2023-09-15T17:17:12Z,22.49,64.17,95,1,46.81,101.22,35.00,633.00,null,null,null
2023-09-15T17:18:12Z,22.51,64.16,95,1,47.52,101.21,36.00,638.00,null,null,null
2023-09-15T17:19:12Z,22.49,64.17,95,1,40.43,101.22,34.00,626.00,null,null,null
2023-09-15T17:20:12Z,22.45,64.19,94,1,37.70,101.21,34.00,626.00,3,3,3
2023-09-15T17:21:12Z,22.48,64.15,95,1,43.79,101.21,34.00,626.00,null,null,null
2023-09-15T17:22:12Z,22.49,64.15,95,1,36.38,101.21,34.00,626.00,null,null,null
2023-09-15T17:23:12Z,22.49,64.07,94,2,41.31,101.22,35.00,633.00,null,null,null
2023-09-15T17:24:12Z,22.49,64.03,94,1,43.69,101.21,35.00,633.00,null,null,null
2023-09-15T17:25:12Z,22.48,64.08,94,1,49.07,101.21,34.00,626.00,5,10,10
2023-09-15T17:26:12Z,22.52,64.10,94,1,44.22,101.22,33.00,618.00,null,null,null
2023-09-15T17:27:12Z,22.49,64.07,95,1,46.32,101.22,35.00,633.00,null,null,null
2023-09-15T17:28:12Z,22.51,64.12,95,1,38.17,101.22,35.00,633.00,null,null,null
2023-09-15T17:29:12Z,22.51,64.18,95,1,39.13,101.22,35.00,633.00,null,null,null
2023-09-15T17:30:12Z,22.48,64.11,95,1,60.06,101.22,36.00,638.00,3,3,3
2023-09-15T17:31:12Z,22.51,64.10,95,0,34.73,101.22,33.00,618.00,null,null,null
2023-09-15T17:32:12Z,22.49,64.01,94,1,45.57,101.22,35.00,633.00,null,null,null
2023-09-15T17:33:12Z,22.52,64.02,95,1,44.69,101.22,34.00,626.00,null,null,null
2023-09-15T17:34:12Z,22.51,64.11,95,1,37.83,101.22,35.00,633.00,null,null,null
2023-09-15T17:35:12Z,22.49,64.15,95,1,42.38,101.22,36.00,638.00,12,15,15
2023-09-15T17:36:12Z,22.52,64.27,94,0,44.57,101.22,36.00,638.00,null,null,null
2023-09-15T17:37:12Z,22.51,64.24,94,0,42.20,101.22,35.00,634.00,null,null,null
2023-09-15T17:38:12Z,22.49,64.17,94,0,37.48,101.22,35.00,633.00,null,null,null
2023-09-15T17:39:12Z,22.52,64.23,94,0,36.95,101.22,35.00,633.00,null,null,null
2023-09-15T17:40:12Z,22.51,64.23,94,0,42.76,101.22,35.00,633.00,3,3,3
2023-09-15T17:41:12Z,22.51,64.27,94,0,42.77,101.22,36.00,638.00,null,null,null
2023-09-15T17:42:12Z,22.51,64.27,94,0,37.84,101.22,35.00,634.00,null,null,null
2023-09-15T17:43:12Z,22.49,64.25,94,0,47.80,101.21,35.00,634.00,null,null,null
2023-09-15T17:44:12Z,22.49,64.21,94,0,40.12,101.21,36.00,641.00,null,null,null
2023-09-15T17:45:12Z,22.46,64.19,94,0,47.16,101.22,36.00,638.00,5,9,9
2023-09-15T17:46:12Z,22.51,64.21,94,0,42.23,101.21,36.00,638.00,null,null,null
2023-09-15T17:47:12Z,22.48,64.18,94,0,40.07,101.22,36.00,638.00,null,null,null
2023-09-15T17:48:12Z,22.49,64.24,94,0,34.73,101.21,35.00,633.00,null,null,null
2023-09-15T17:49:12Z,22.49,64.18,94,0,42.62,101.22,36.00,638.00,null,null,null
2023-09-15T17:50:12Z,22.49,64.18,94,0,38.63,101.21,35.00,633.00,11,13,13
2023-09-15T17:51:12Z,22.49,64.22,94,0,51.93,101.22,35.00,633.00,null,null,null
2023-09-15T17:52:12Z,22.51,64.13,94,0,43.39,101.22,35.00,633.00,null,null,null
2023-09-15T17:53:12Z,22.49,64.11,94,0,40.04,101.22,35.00,633.00,null,null,null
2023-09-15T17:54:12Z,22.51,64.13,94,0,32.04,101.22,35.00,633.00,null,null,null
2023-09-15T17:55:12Z,22.51,64.11,94,0,36.23,101.22,35.00,633.00,12,16,24
2023-09-15T17:56:12Z,22.49,64.22,94,0,38.03,101.22,35.00,633.00,null,null,null
2023-09-15T17:57:12Z,22.51,64.20,94,0,48.43,101.22,33.00,618.00,null,null,null
2023-09-15T17:58:12Z,22.51,64.24,94,0,37.79,101.22,34.00,626.00,null,null,null
2023-09-15T17:59:12Z,22.51,64.30,94,0,40.78,101.21,34.00,626.00,null,null,null
2023-09-15T18:00:12Z,22.48,64.33,94,0,39.07,101.22,34.00,626.00,9,13,13
2023-09-15T18:01:12Z,22.51,64.36,94,0,35.71,101.21,33.00,623.00,null,null,null
2023-09-15T18:02:12Z,22.49,64.37,94,0,42.72,101.21,35.00,634.00,null,null,null
2023-09-15T18:03:12Z,22.49,64.28,94,0,38.24,101.21,34.00,629.00,null,null,null
2023-09-15T18:04:12Z,22.51,64.41,94,0,41.48,101.21,34.00,629.00,null,null,null
2023-09-15T18:05:12Z,22.51,64.41,94,0,38.29,101.21,36.00,641.00,9,17,17
2023-09-15T18:06:12Z,22.51,64.40,94,0,37.07,101.21,34.00,629.00,null,null,null
2023-09-15T18:07:12Z,22.52,64.34,94,0,37.63,101.21,36.00,641.00,null,null,null
2023-09-15T18:08:12Z,22.51,64.40,94,0,38.42,101.21,36.00,641.00,null,null,null
2023-09-15T18:09:12Z,22.49,64.46,94,0,43.27,101.21,36.00,641.00,null,null,null
2023-09-15T18:10:12Z,22.49,64.48,94,0,37.28,101.21,36.00,641.00,13,18,18
2023-09-15T18:11:12Z,22.52,64.44,94,0,42.79,101.21,36.00,641.00,null,null,null
2023-09-15T18:12:12Z,22.52,64.39,94,0,34.62,101.21,36.00,641.00,null,null,null
2023-09-15T18:13:12Z,22.51,64.40,94,0,36.43,101.21,37.00,646.00,null,null,null
2023-09-15T18:14:12Z,22.51,64.47,94,0,33.64,101.21,38.00,650.00,null,null,null
2023-09-15T18:15:12Z,22.51,64.39,94,0,36.73,101.21,37.00,646.00,10,25,25
2023-09-15T18:16:12Z,22.52,64.49,94,0,35.99,101.21,38.00,650.00,null,null,null
2023-09-15T18:17:12Z,22.52,64.46,94,0,38.32,101.21,38.00,650.00,null,null,null
2023-09-15T18:18:12Z,22.52,64.46,94,0,37.17,101.21,38.00,650.00,null,null,null
2023-09-15T18:19:12Z,22.52,64.36,94,0,53.75,101.21,39.00,660.00,null,null,null
2023-09-15T18:20:12Z,22.51,64.47,94,29,63.22,101.21,39.00,660.00,14,16,16
2023-09-15T18:21:12Z,22.54,64.44,94,27,40.96,101.22,39.00,660.00,null,null,null
2023-09-15T18:22:12Z,22.51,64.40,94,26,40.32,101.22,38.00,650.00,null,null,null
2023-09-15T18:23:12Z,22.51,64.59,94,25,58.20,101.23,39.00,660.00,null,null,null
2023-09-15T18:24:12Z,22.52,64.54,94,25,54.23,101.23,39.00,660.00,null,null,null
2023-09-15T18:25:12Z,22.52,64.37,94,23,60.05,101.23,38.00,650.00,12,14,14
2023-09-15T18:26:12Z,22.54,64.53,94,25,37.45,101.23,38.00,650.00,null,null,null
2023-09-15T18:27:12Z,22.52,64.43,94,26,66.78,101.24,37.00,646.00,null,null,null
2023-09-15T18:28:12Z,22.54,64.33,94,26,59.31,101.24,36.00,641.00,null,null,null
2023-09-15T18:29:12Z,22.52,64.45,94,26,53.63,101.25,35.00,634.00,null,null,null
2023-09-15T18:30:12Z,22.49,64.52,94,25,53.71,101.24,35.00,634.00,7,10,10
2023-09-15T18:31:12Z,22.55,64.43,94,25,64.22,101.25,33.00,623.00,null,null,null
2023-09-15T18:32:12Z,22.52,64.59,94,25,54.65,101.25,32.00,615.00,null,null,null
2023-09-15T18:33:12Z,22.55,64.60,94,25,67.80,101.25,32.00,615.00,null,null,null
2023-09-15T18:34:12Z,22.55,64.85,94,25,51.19,101.25,32.00,615.00,null,null,null
2023-09-15T18:35:12Z,22.54,65.06,94,25,66.36,101.26,31.00,607.00,10,12,12
2023-09-15T18:36:12Z,22.55,65.07,94,25,59.84,101.26,30.00,603.00,null,null,null
2023-09-15T18:37:12Z,22.56,65.04,94,25,39.11,101.26,30.00,599.00,null,null,null
2023-09-15T18:38:12Z,22.55,65.20,94,25,69.19,101.27,30.00,599.00,null,null,null
2023-09-15T18:39:12Z,22.55,65.39,94,25,66.28,101.26,30.00,599.00,null,null,null
2023-09-15T18:40:12Z,22.56,65.70,94,25,52.68,101.27,30.00,599.00,12,19,19
2023-09-15T18:41:12Z,22.56,65.55,94,24,43.79,101.27,29.00,594.00,null,null,null
2023-09-15T18:42:12Z,22.58,65.80,94,24,49.37,101.27,30.00,602.00,null,null,null
2023-09-15T18:43:12Z,22.59,65.79,94,24,61.89,101.27,30.00,603.00,null,null,null
2023-09-15T18:44:12Z,22.59,65.95,94,24,46.18,101.27,32.00,612.00,null,null,null
2023-09-15T18:45:12Z,22.56,66.03,94,25,58.26,101.27,32.00,612.00,6,11,11
2023-09-15T18:46:12Z,22.61,66.05,94,25,46.42,101.27,30.00,603.00,null,null,null
2023-09-15T18:47:12Z,22.59,66.11,94,25,46.60,101.27,32.00,612.00,null,null,null
2023-09-15T18:48:12Z,22.61,66.28,94,25,44.63,101.27,34.00,624.00,null,null,null
2023-09-15T18:49:12Z,22.59,66.24,94,25,56.45,101.27,33.00,623.00,null,null,null
2023-09-15T18:50:12Z,22.59,66.10,94,19,78.75,101.27,35.00,633.00,8,9,14
2023-09-15T18:51:12Z,22.62,66.16,94,25,35.13,101.27,34.00,624.00,null,null,null
2023-09-15T18:52:12Z,22.59,66.17,94,25,47.45,101.27,30.00,603.00,null,null,null
2023-09-15T18:53:12Z,22.61,66.17,94,25,64.52,101.27,28.00,589.00,null,null,null
2023-09-15T18:54:12Z,22.61,66.40,94,25,39.63,101.27,27.00,581.00,null,null,null
2023-09-15T18:55:12Z,22.59,66.49,94,25,65.28,101.27,26.00,575.00,5,6,6
2023-09-15T18:56:12Z,22.62,66.55,94,25,66.93,101.27,24.00,564.00,null,null,null
2023-09-15T18:57:12Z,22.59,66.64,94,25,44.31,101.27,23.00,553.00,null,null,null
2023-09-15T18:58:12Z,22.58,66.55,94,25,57.94,101.27,20.00,537.00,null,null,null
2023-09-15T18:59:12Z,22.59,66.77,94,25,51.54,101.27,20.00,537.00,null,null,null
2023-09-15T19:00:12Z,22.58,66.96,94,25,42.85,101.28,20.00,533.00,9,14,20
2023-09-15T19:01:12Z,22.56,66.98,94,25,57.08,101.27,18.00,523.00,null,null,null
2023-09-15T19:02:12Z,22.59,67.05,94,25,43.14,101.28,19.00,527.00,null,null,null
2023-09-15T19:03:12Z,22.59,67.30,94,25,39.88,101.28,18.00,523.00,null,null,null
2023-09-15T19:04:12Z,22.61,67.02,94,25,39.35,101.28,16.00,508.00,null,null,null
2023-09-15T19:05:12Z,22.61,67.05,94,25,34.64,101.28,17.00,517.00,13,19,19
2023-09-15T19:06:12Z,22.58,66.88,94,25,41.23,101.29,15.00,500.00,null,null,null
2023-09-15T19:07:12Z,22.61,66.79,94,25,35.99,101.28,13.00,488.00,null,null,null
2023-09-15T19:08:12Z,22.59,66.82,94,25,40.13,101.29,12.00,482.00,null,null,null
2023-09-15T19:09:12Z,22.59,66.73,94,25,34.81,101.29,12.00,482.00,null,null,null
2023-09-15T19:10:12Z,22.58,66.98,94,25,47.84,101.29,11.00,477.00,10,22,27
2023-09-15T19:11:12Z,22.61,66.77,94,25,38.57,101.29,9.00,462.00,null,null,null
2023-09-15T19:12:12Z,22.59,66.83,94,25,36.57,101.29,8.00,457.00,null,null,null
2023-09-15T19:13:12Z,22.59,66.84,94,25,37.08,101.28,8.00,457.00,null,null,null
2023-09-15T19:14:12Z,22.56,66.92,94,25,47.28,101.29,8.00,457.00,null,null,null
2023-09-15T19:15:12Z,22.56,66.71,94,0,44.29,101.29,8.00,455.00,9,11,11
2023-09-15T19:16:12Z,22.59,66.68,94,0,45.79,101.29,8.00,455.00,null,null,null
2023-09-15T19:17:12Z,22.55,66.63,94,0,45.55,101.29,8.00,455.00,null,null,null
2023-09-15T19:18:12Z,22.59,66.58,94,0,48.31,101.29,7.00,448.00,null,null,null
2023-09-15T19:19:12Z,22.56,66.51,94,0,46.65,101.28,6.00,445.00,null,null,null
2023-09-15T19:20:12Z,22.56,66.59,94,0,42.63,101.28,6.00,442.00,12,14,14
2023-09-15T19:21:12Z,22.58,66.82,94,0,40.07,101.28,4.00,432.00,null,null,null
2023-09-15T19:22:12Z,22.58,66.83,94,0,38.71,101.28,5.00,435.00,null,null,null
2023-09-15T19:23:12Z,22.55,66.79,94,27,37.75,101.28,3.00,426.00,null,null,null
2023-09-15T19:24:12Z,22.56,66.72,94,26,34.88,101.29,3.00,424.00,null,null,null
2023-09-15T19:25:12Z,22.52,66.79,94,25,43.04,101.29,3.00,424.00,11,12,12
2023-09-15T19:26:12Z,22.55,66.80,94,25,37.18,101.29,1.00,407.00,null,null,null
2023-09-15T19:27:12Z,22.56,66.80,94,25,44.43,101.29,1.00,410.00,null,null,null
2023-09-15T19:28:12Z,22.55,66.72,94,23,35.78,101.29,1.00,407.00,null,null,null
2023-09-15T19:29:12Z,22.54,66.80,94,26,41.60,101.29,1.00,410.00,null,null,null
2023-09-15T19:30:12Z,22.54,66.78,94,26,38.90,101.30,1.00,407.00,8,8,8
2023-09-15T19:31:12Z,22.55,66.87,94,25,60.27,101.29,1.00,407.00,null,null,null
2023-09-15T19:32:12Z,22.56,66.95,94,18,46.21,101.30,1.00,407.00,null,null,null
2023-09-15T19:33:12Z,22.55,66.90,94,8,74.67,101.30,1.00,410.00,null,null,null
2023-09-15T19:34:12Z,22.55,67.18,94,24,50.35,101.30,1.00,410.00,null,null,null
2023-09-15T19:35:12Z,22.55,67.43,94,25,69.66,101.30,2.00,415.00,6,12,12
2023-09-15T19:36:12Z,22.55,67.35,94,24,46.86,101.30,2.00,414.00,null,null,null
2023-09-15T19:37:12Z,22.56,67.35,93,24,42.40,101.30,2.00,417.00,null,null,null
2023-09-15T19:38:12Z,22.55,67.47,93,24,66.15,101.30,2.00,414.00,null,null,null
2023-09-15T19:39:12Z,22.54,67.71,94,25,67.58,101.30,2.00,414.00,null,null,null
2023-09-15T19:40:12Z,22.54,67.83,94,24,35.59,101.30,2.00,417.00,12,13,13
2023-09-15T19:41:12Z,22.55,67.84,93,24,69.89,101.31,1.00,413.00,null,null,null
2023-09-15T19:42:12Z,22.55,68.05,94,24,37.93,101.31,2.00,416.00,null,null,null
2023-09-15T19:43:12Z,22.56,68.26,94,24,52.01,101.31,3.00,425.00,null,null,null
2023-09-15T19:44:12Z,22.55,68.34,93,24,41.00,101.31,3.00,422.00,null,null,null
2023-09-15T19:45:12Z,22.55,68.61,94,22,63.39,101.31,4.00,427.00,11,19,19
2023-09-15T19:46:12Z,22.58,68.86,93,22,52.70,101.31,5.00,439.00,null,null,null
2023-09-15T19:47:12Z,22.58,68.70,93,16,52.62,101.32,5.00,439.00,null,null,null
2023-09-15T19:48:12Z,22.58,69.16,93,22,34.25,101.32,8.00,459.00,null,null,null
2023-09-15T19:49:12Z,22.58,69.26,93,11,56.19,101.32,10.00,472.00,null,null,null
2023-09-15T19:50:12Z,22.59,69.55,93,24,64.72,101.32,12.00,482.00,9,11,11
2023-09-15T19:51:12Z,22.61,69.44,93,25,64.88,101.32,14.00,496.00,null,null,null
2023-09-15T19:52:12Z,22.62,70.04,93,25,56.87,101.32,19.00,529.00,null,null,null
2023-09-15T19:53:12Z,22.64,70.40,94,22,48.25,101.32,23.00,553.00,null,null,null
2023-09-15T19:54:12Z,22.64,70.61,93,25,68.52,101.32,26.00,574.00,null,null,null
2023-09-15T19:55:12Z,22.62,70.20,93,22,58.93,101.32,29.00,596.00,10,12,12
2023-09-15T19:56:12Z,22.65,70.46,93,25,62.50,101.32,29.00,596.00,null,null,null
2023-09-15T19:57:12Z,22.66,70.75,93,25,45.41,101.32,33.00,623.00,null,null,null
2023-09-15T19:58:12Z,22.64,70.69,93,24,64.58,101.32,32.00,612.00,null,null,null
2023-09-15T19:59:12Z,22.65,70.57,93,24,51.25,101.32,31.00,607.00,null,null,null
2023-09-15T20:00:12Z,22.64,70.37,93,24,55.59,101.32,33.00,617.00,6,9,9
2023-09-15T20:01:12Z,22.66,70.87,93,24,34.84,101.32,31.00,607.00,null,null,null
2023-09-15T20:02:12Z,22.65,71.05,93,20,55.02,101.33,34.00,629.00,null,null,null
2023-09-15T20:03:12Z,22.66,71.36,93,23,44.23,101.33,37.00,643.00,null,null,null
2023-09-15T20:04:12Z,22.64,71.07,93,23,48.44,101.33,38.00,653.00,null,null,null
2023-09-15T20:05:12Z,22.64,70.86,93,23,49.26,101.33,42.00,682.00,9,12,12
2023-09-15T20:06:12Z,22.65,71.45,93,23,35.82,101.33,44.00,690.00,null,null,null
2023-09-15T20:07:12Z,22.68,71.05,93,23,47.28,101.33,47.00,710.00,null,null,null
2023-09-15T20:08:12Z,22.64,71.06,93,23,41.45,101.33,50.00,730.00,null,null,null
2023-09-15T20:09:12Z,22.65,71.00,93,23,40.64,101.33,51.00,737.00,null,null,null
2023-09-15T20:10:12Z,22.64,70.84,93,23,43.30,101.33,52.00,746.00,10,16,16
2023-09-15T20:11:12Z,22.65,70.95,93,23,38.91,101.33,52.00,746.00,null,null,null
2023-09-15T20:12:12Z,22.68,71.00,93,23,48.36,101.33,53.00,752.00,null,null,null
2023-09-15T20:13:12Z,22.64,70.99,93,23,48.13,101.33,58.00,787.00,null,null,null
2023-09-15T20:14:12Z,22.65,70.70,93,23,45.76,101.33,54.00,761.00,null,null,null
2023-09-15T20:15:12Z,22.64,70.33,93,23,45.55,101.33,54.00,759.00,16,17,17
2023-09-15T20:16:12Z,22.64,70.61,93,23,41.54,101.33,54.00,759.00,null,null,null
2023-09-15T20:17:12Z,22.65,70.60,93,23,51.46,101.33,57.00,778.00,null,null,null
2023-09-15T20:18:12Z,22.65,70.52,93,23,37.88,101.33,57.00,778.00,null,null,null
2023-09-15T20:19:12Z,22.64,70.56,93,23,42.19,101.33,56.00,768.00,null,null,null
2023-09-15T20:20:12Z,22.62,70.43,93,23,39.86,101.33,58.00,785.00,14,25,25
2023-09-15T20:21:12Z,22.65,70.37,93,23,44.75,101.33,56.00,768.00,null,null,null
2023-09-15T20:22:12Z,22.61,70.08,93,23,38.10,101.33,53.00,752.00,null,null,null
2023-09-15T20:23:12Z,22.65,70.51,93,23,47.74,101.33,58.00,785.00,null,null,null
2023-09-15T20:24:12Z,22.61,70.29,93,23,36.99,101.33,54.00,759.00,null,null,null
2023-09-15T20:25:12Z,22.61,70.25,93,23,38.60,101.33,56.00,768.00,11,14,14
2023-09-15T20:26:12Z,22.61,69.71,93,7,68.74,101.33,53.00,752.00,null,null,null
2023-09-15T20:27:12Z,22.61,69.87,93,19,50.37,101.34,51.00,740.00,null,null,null
2023-09-15T20:28:12Z,22.62,69.91,93,25,44.99,101.33,50.00,733.00,null,null,null
2023-09-15T20:29:12Z,22.61,70.36,93,23,59.85,101.34,52.00,742.00,null,null,null
2023-09-15T20:30:12Z,22.61,70.18,93,25,65.81,101.33,49.00,728.00,13,13,16
2023-09-15T20:31:12Z,22.62,70.45,93,25,36.85,101.34,52.00,742.00,null,null,null
2023-09-15T20:32:12Z,22.62,70.79,93,25,78.30,101.34,51.00,735.00,null,null,null
