TIME,TEMP,HUM,BATT,LIGHT,NOISE_A,PRESS,CCS811_VOCS,CCS811_ECO2,PM_1,PM_25,PM_10
ISO 8601,C,%,%,Lux,dBA,kPa,ppb,ppm,ug/m3,ug/m3,ug/m3
Time,Temperature,Humidity,Battery,Light,Noise dBA,Barometric pressure,VOC Gas CCS811,eCO2 Gas CCS811,PM 1.0,PM 2.5,PM 10.0
,55,56,10,14,53,58,113,112,89,87,88
2023-09-17T00:00:05Z,23.39,61.51,99,0,25.67,100.86,38.00,650.00,10,11,11
2023-09-17T00:01:05Z,23.41,61.54,99,0,26.00,100.86,38.00,650.00,null,null,null
2023-09-17T00:02:05Z,23.44,61.52,99,0,30.72,100.86,40.00,666.00,null,null,null
2023-09-17T00:03:05Z,23.44,61.56,99,0,24.27,100.86,40.00,666.00,null,null,null
2023-09-17T00:04:05Z,23.41,61.53,99,0,23.86,100.86,41.00,674.00,null,null,null
2023-09-17T00:05:05Z,23.38,61.53,99,0,41.83,100.86,41.00,674.00,8,9,9
2023-09-17T00:06:05Z,23.43,61.57,99,0,52.30,100.86,42.00,682.00,null,null,null
2023-09-17T00:07:05Z,23.45,61.57,99,0,23.59,100.86,43.00,688.00,null,null,null
2023-09-17T00:08:05Z,23.43,61.57,99,0,24.61,100.86,43.00,688.00,null,null,null
2023-09-17T00:09:05Z,23.44,61.62,99,0,25.16,100.86,45.00,697.00,null,null,null
2023-09-17T00:10:05Z,23.41,61.57,99,0,23.68,100.85,45.00,697.00,8,12,12
2023-09-17T00:11:05Z,23.45,61.62,99,0,23.05,100.85,46.00,704.00,null,null,null
2023-09-17T00:12:05Z,23.45,61.60,99,0,23.35,100.86,46.00,708.00,null,null,null
2023-09-17T00:13:05Z,23.47,61.60,99,0,44.63,100.85,46.00,708.00,null,null,null
2023-09-17T00:14:05Z,23.50,61.66,99,0,40.93,100.86,47.00,715.00,null,null,null
2023-09-17T00:15:05Z,23.47,61.69,99,0,42.70,100.86,47.00,715.00,7,7,7
2023-09-17T00:16:05Z,23.47,61.64,99,0,42.61,100.85,50.00,732.00,null,null,null
2023-09-17T00:17:05Z,23.51,61.62,99,0,39.79,100.86,50.00,732.00,null,null,null
2023-09-17T00:18:05Z,23.48,61.67,99,0,25.59,100.86,50.00,732.00,null,null,null
2023-09-17T00:19:05Z,23.48,61.63,99,0,40.12,100.85,51.00,735.00,null,null,null
2023-09-17T00:20:05Z,23.48,61.65,99,0,25.38,100.86,51.00,735.00,8,12,12
2023-09-17T00:21:05Z,23.51,61.69,99,0,23.98,100.86,52.00,744.00,null,null,null
2023-09-17T00:22:05Z,23.51,61.63,99,0,24.19,100.85,52.00,744.00,null,null,null
2023-09-17T00:23:05Z,23.50,61.69,99,0,25.67,100.86,52.00,744.00,null,null,null
2023-09-17T00:24:05Z,23.50,61.68,99,0,29.81,100.86,53.00,752.00,null,null,null
2023-09-17T00:25:05Z,23.50,61.66,99,0,26.62,100.86,53.00,752.00,11,13,13
2023-09-17T00:26:05Z,23.50,61.67,99,0,25.16,100.86,53.00,752.00,null,null,null
2023-09-17T00:27:05Z,23.52,61.67,99,0,28.71,100.86,55.00,765.00,null,null,null
2023-09-17T00:28:05Z,23.55,61.61,99,0,26.84,100.86,55.00,765.00,null,null,null
2023-09-17T00:29:05Z,23.52,61.71,99,0,25.06,100.85,55.00,765.00,null,null,null
2023-09-17T00:30:05Z,23.51,61.71,99,0,28.73,100.86,56.00,770.00,12,17,17
2023-09-17T00:31:05Z,23.54,61.65,99,0,34.48,100.85,56.00,770.00,null,null,null
2023-09-17T00:32:05Z,23.52,61.66,99,0,26.14,100.86,56.00,770.00,null,null,null
2023-09-17T00:33:05Z,23.52,61.64,100,0,27.57,100.85,56.00,770.00,null,null,null
2023-09-17T00:34:05Z,23.52,61.65,99,0,24.03,100.85,56.00,770.00,null,null,null
2023-09-17T00:35:05Z,23.55,61.70,99,0,24.27,100.85,56.00,770.00,6,11,19
2023-09-17T00:36:05Z,23.57,61.66,99,0,30.15,100.85,56.00,770.00,null,null,null
2023-09-17T00:37:05Z,23.57,61.67,99,0,26.03,100.85,57.00,778.00,null,null,null
2023-09-17T00:38:05Z,23.57,61.67,99,0,23.20,100.85,57.00,778.00,null,null,null
2023-09-17T00:39:05Z,23.55,61.69,99,0,34.10,100.85,57.00,778.00,null,null,null
2023-09-17T00:40:05Z,23.55,61.70,99,0,26.06,100.85,57.00,778.00,6,6,11
2023-09-17T00:41:05Z,23.54,61.65,99,0,26.99,100.85,58.00,787.00,null,null,null
2023-09-17T00:42:05Z,23.57,61.67,99,0,34.17,100.85,58.00,787.00,null,null,null
2023-09-17T00:43:05Z,23.57,61.67,99,0,22.24,100.85,58.00,787.00,null,null,null
2023-09-17T00:44:05Z,23.58,61.67,99,0,26.19,100.85,58.00,787.00,null,null,null
2023-09-17T00:45:05Z,23.57,61.69,99,0,45.54,100.85,61.00,802.00,8,9,9
2023-09-17T00:46:05Z,23.59,61.70,99,0,29.25,100.84,61.00,802.00,null,null,null
2023-09-17T00:47:05Z,23.58,61.70,99,0,21.85,100.84,61.00,802.00,null,null,null
2023-09-17T00:48:05Z,23.57,61.73,99,0,27.62,100.84,61.00,802.00,null,null,null
2023-09-17T00:49:05Z,23.58,61.77,99,0,24.79,100.84,61.00,802.00,null,null,null
2023-09-17T00:50:05Z,23.59,61.78,100,0,25.79,100.84,60.00,795.00,8,8,8
2023-09-17T00:51:05Z,23.57,61.75,99,0,23.59,100.84,60.00,795.00,null,null,null
2023-09-17T00:52:05Z,23.59,61.75,100,0,27.16,100.84,60.00,795.00,null,null,null
2023-09-17T00:53:05Z,23.59,61.72,99,0,23.86,100.84,60.00,800.00,null,null,null
2023-09-17T00:54:05Z,23.58,61.74,99,0,27.97,100.84,61.00,806.00,null,null,null
2023-09-17T00:55:05Z,23.57,61.64,99,0,22.99,100.84,61.00,802.00,6,12,18
2023-09-17T00:56:05Z,23.59,61.78,100,0,26.89,100.84,58.00,787.00,null,null,null
2023-09-17T00:57:05Z,23.62,61.76,99,0,27.36,100.83,60.00,795.00,null,null,null
2023-09-17T00:58:05Z,23.58,61.83,99,0,25.41,100.83,60.00,795.00,null,null,null
2023-09-17T00:59:05Z,23.59,61.86,99,0,26.91,100.83,60.00,795.00,null,null,null
2023-09-17T01:00:05Z,23.59,61.86,99,0,24.23,100.84,60.00,795.00,7,7,7
2023-09-17T01:01:05Z,23.61,61.90,100,0,24.07,100.83,60.00,800.00,null,null,null
2023-09-17T01:02:05Z,23.62,61.85,99,0,28.55,100.83,60.00,800.00,null,null,null
2023-09-17T01:03:05Z,23.61,61.90,99,0,25.00,100.84,60.00,800.00,null,null,null
2023-09-17T01:04:05Z,23.61,61.85,99,0,21.02,100.84,60.00,800.00,null,null,null
2023-09-17T01:05:05Z,23.59,61.88,100,0,25.76,100.83,60.00,795.00,11,18,18
2023-09-17T01:06:05Z,23.61,61.88,99,0,24.11,100.83,60.00,800.00,null,null,null
2023-09-17T01:07:05Z,23.62,61.82,99,0,24.58,100.83,60.00,795.00,null,null,null
2023-09-17T01:08:05Z,23.62,61.85,99,0,22.43,100.84,60.00,795.00,null,null,null
2023-09-17T01:09:05Z,23.62,61.92,99,0,29.84,100.83,60.00,795.00,null,null,null
2023-09-17T01:10:05Z,23.61,61.92,99,0,23.35,100.84,60.00,795.00,7,9,9
2023-09-17T01:11:05Z,23.64,61.96,99,0,25.79,100.84,60.00,795.00,null,null,null
2023-09-17T01:12:05Z,23.64,61.97,99,0,23.35,100.84,60.00,800.00,null,null,null
2023-09-17T01:13:05Z,23.61,61.97,99,0,null,100.84,60.00,800.00,null,null,null
2023-09-17T01:14:05Z,23.64,62.01,99,0,22.66,100.84,60.00,800.00,null,null,null
2023-09-17T01:15:05Z,23.64,61.96,99,0,24.83,100.84,60.00,800.00,9,12,12
2023-09-17T01:16:05Z,23.64,61.90,99,0,21.34,100.84,60.00,800.00,null,null,null
2023-09-17T01:17:05Z,23.65,62.03,99,0,28.57,100.84,57.00,780.00,null,null,null
2023-09-17T01:18:05Z,23.65,62.04,99,0,29.37,100.84,57.00,780.00,null,null,null
2023-09-17T01:19:05Z,23.65,62.04,99,0,28.60,100.85,60.00,795.00,null,null,null
2023-09-17T01:20:05Z,23.62,62.03,99,0,23.20,100.85,60.00,795.00,5,5,5
2023-09-17T01:21:05Z,23.64,62.04,99,0,31.48,100.84,57.00,780.00,null,null,null
2023-09-17T01:22:05Z,23.65,62.04,99,0,24.61,100.84,57.00,780.00,null,null,null
2023-09-17T01:23:05Z,23.66,62.12,99,0,26.06,100.84,57.00,780.00,null,null,null
2023-09-17T01:24:05Z,23.65,62.18,99,0,41.63,100.83,60.00,795.00,null,null,null
2023-09-17T01:25:05Z,23.64,62.15,100,0,38.68,100.83,60.00,795.00,7,7,7
2023-09-17T01:26:05Z,23.65,62.17,99,0,26.43,100.83,60.00,800.00,null,null,null
2023-09-17T01:27:05Z,23.68,62.12,99,0,24.61,100.83,60.00,800.00,null,null,null
2023-09-17T01:28:05Z,23.65,62.17,99,0,32.51,100.83,62.00,808.00,null,null,null
2023-09-17T01:29:05Z,23.66,62.15,99,0,null,100.83,62.00,808.00,null,null,null
2023-09-17T01:30:05Z,23.66,62.17,99,0,37.80,100.83,62.00,808.00,6,8,8
2023-09-17T01:31:05Z,23.66,62.15,99,0,32.61,100.82,62.00,808.00,null,null,null
2023-09-17T01:32:05Z,23.66,62.17,99,0,27.49,100.82,62.00,808.00,null,null,null
2023-09-17T01:33:05Z,23.65,62.16,99,0,21.85,100.82,63.00,817.00,null,null,null
2023-09-17T01:34:05Z,23.66,62.13,99,0,26.76,100.82,62.00,808.00,null,null,null
2023-09-17T01:35:05Z,23.66,62.08,99,0,24.39,100.81,60.00,800.00,13,19,19
2023-09-17T01:36:05Z,23.65,62.18,99,0,25.13,100.81,57.00,780.00,null,null,null
2023-09-17T01:37:05Z,23.68,62.16,99,0,28.64,100.81,57.00,780.00,null,null,null
2023-09-17T01:38:05Z,23.68,62.22,99,0,25.16,100.81,60.00,795.00,null,null,null
2023-09-17T01:39:05Z,23.66,62.21,99,0,42.75,100.81,60.00,795.00,null,null,null
2023-09-17T01:40:05Z,23.66,62.25,99,0,28.04,100.81,60.00,800.00,6,6,6
2023-09-17T01:41:05Z,23.66,62.22,99,0,27.42,100.81,61.00,802.00,null,null,null
2023-09-17T01:42:05Z,23.69,62.21,99,0,42.85,100.81,62.00,808.00,null,null,null
2023-09-17T01:43:05Z,23.68,62.22,99,0,36.61,100.81,62.00,808.00,null,null,null
2023-09-17T01:44:05Z,23.65,62.29,99,0,41.46,100.81,63.00,817.00,null,null,null
2023-09-17T01:45:05Z,23.66,62.23,99,0,24.43,100.81,62.00,810.00,8,11,11
2023-09-17T01:46:05Z,23.68,62.31,99,0,27.75,100.81,63.00,817.00,null,null,null
2023-09-17T01:47:05Z,23.69,62.25,99,0,25.00,100.81,63.00,819.00,null,null,null
2023-09-17T01:48:05Z,23.68,62.31,99,0,24.39,100.81,63.00,819.00,null,null,null
2023-09-17T01:49:05Z,23.68,62.29,99,0,43.22,100.81,63.00,819.00,null,null,null
2023-09-17T01:50:05Z,23.66,62.29,99,0,25.50,100.81,63.00,819.00,9,10,16
2023-09-17T01:51:05Z,23.69,62.32,99,0,25.22,100.81,63.00,819.00,null,null,null
2023-09-17T01:52:05Z,23.69,62.30,99,0,20.58,100.81,65.00,830.00,null,null,null
2023-09-17T01:53:05Z,23.69,62.28,99,0,27.47,100.81,65.00,830.00,null,null,null
2023-09-17T01:54:05Z,23.71,62.33,99,0,24.46,100.82,65.00,830.00,null,null,null
2023-09-17T01:55:05Z,23.68,62.36,99,0,30.43,100.81,66.00,838.00,11,13,13
2023-09-17T01:56:05Z,23.69,62.33,99,0,24.50,100.81,66.00,838.00,null,null,null
2023-09-17T01:57:05Z,23.69,62.30,99,0,22.66,100.81,66.00,838.00,null,null,null
2023-09-17T01:58:05Z,23.72,62.40,99,0,22.94,100.81,66.00,838.00,null,null,null
2023-09-17T01:59:05Z,23.69,62.37,99,0,22.61,100.81,66.00,838.00,null,null,null
2023-09-17T02:00:05Z,23.69,62.33,99,0,26.21,100.81,66.00,838.00,5,5,5
2023-09-17T02:01:05Z,23.68,62.37,99,0,24.58,100.80,66.00,838.00,null,null,null
2023-09-17T02:02:05Z,23.72,62.46,99,0,29.27,100.80,66.00,838.00,null,null,null
2023-09-17T02:03:05Z,23.72,62.45,99,0,23.81,100.81,66.00,838.00,null,null,null
2023-09-17T02:04:05Z,23.69,62.41,99,0,25.44,100.80,68.00,848.00,null,null,null
2023-09-17T02:05:05Z,23.71,62.46,99,0,24.19,100.79,68.00,848.00,3,4,4
2023-09-17T02:06:05Z,23.69,62.45,99,0,26.03,100.80,70.00,865.00,null,null,null
2023-09-17T02:07:05Z,23.73,62.45,99,0,25.65,100.80,68.00,848.00,null,null,null
2023-09-17T02:08:05Z,23.72,62.44,99,0,27.80,100.80,70.00,865.00,null,null,null
2023-09-17T02:09:05Z,23.72,62.45,99,0,23.49,100.79,70.00,865.00,null,null,null
2023-09-17T02:10:05Z,23.73,62.45,99,0,24.50,100.79,70.00,865.00,9,14,14
2023-09-17T02:11:05Z,23.72,62.43,99,0,25.62,100.79,70.00,865.00,null,null,null
2023-09-17T02:12:05Z,23.72,62.42,99,0,24.15,100.79,71.00,870.00,null,null,null
2023-09-17T02:13:05Z,23.71,62.52,100,0,24.93,100.79,71.00,870.00,null,null,null
2023-09-17T02:14:05Z,23.71,62.45,99,0,31.02,100.78,71.00,870.00,null,null,null
2023-09-17T02:15:05Z,23.69,62.50,99,0,23.54,100.79,73.00,880.00,7,8,8
2023-09-17T02:16:05Z,23.73,62.49,99,0,23.10,100.79,73.00,880.00,null,null,null
2023-09-17T02:17:05Z,23.75,62.51,99,0,25.98,100.79,73.00,880.00,null,null,null
2023-09-17T02:18:05Z,23.75,62.50,99,0,23.49,100.79,62.00,808.00,null,null,null
2023-09-17T02:19:05Z,23.72,62.54,100,0,23.10,100.79,63.00,817.00,null,null,null
2023-09-17T02:20:05Z,23.72,62.57,99,0,26.08,100.78,74.00,889.00,6,6,6
2023-09-17T02:21:05Z,23.73,62.55,99,0,24.35,100.79,74.00,889.00,null,null,null
2023-09-17T02:22:05Z,23.73,62.55,99,0,26.71,100.79,74.00,889.00,null,null,null
2023-09-17T02:23:05Z,23.75,62.55,100,0,26.71,100.79,76.00,905.00,null,null,null
2023-09-17T02:24:05Z,23.72,62.55,99,0,22.49,100.79,65.00,832.00,null,null,null
2023-09-17T02:25:05Z,23.75,62.56,99,0,25.22,100.79,76.00,905.00,3,5,5
2023-09-17T02:26:05Z,23.76,62.59,99,0,24.96,100.78,65.00,832.00,null,null,null
2023-09-17T02:27:05Z,23.75,62.51,99,0,25.00,100.78,65.00,832.00,null,null,null
2023-09-17T02:28:05Z,23.73,62.57,99,0,25.56,100.79,65.00,832.00,null,null,null
2023-09-17T02:29:05Z,23.75,62.57,99,0,24.68,100.78,76.00,905.00,null,null,null
2023-09-17T02:30:05Z,23.75,62.54,99,0,25.50,100.79,67.00,840.00,7,8,8
2023-09-17T02:31:05Z,23.75,62.52,99,0,28.58,100.78,67.00,840.00,null,null,null
2023-09-17T02:32:05Z,23.75,62.50,99,0,24.54,100.78,67.00,840.00,null,null,null
2023-09-17T02:33:05Z,23.76,62.51,99,0,23.77,100.79,67.00,840.00,null,null,null
2023-09-17T02:34:05Z,23.76,62.59,99,0,23.15,100.78,67.00,840.00,null,null,null
2023-09-17T02:35:05Z,23.75,62.62,99,0,26.84,100.79,67.00,840.00,8,13,13
2023-09-17T02:36:05Z,23.76,62.61,99,0,30.18,100.78,67.00,840.00,null,null,null
2023-09-17T02:37:05Z,23.76,62.57,99,0,null,100.78,68.00,851.00,null,null,null
2023-09-17T02:38:05Z,23.76,62.61,99,0,28.30,100.78,68.00,851.00,null,null,null
2023-09-17T02:39:05Z,23.76,62.61,99,0,32.77,100.77,68.00,851.00,null,null,null
2023-09-17T02:40:05Z,23.75,62.59,99,0,26.06,100.77,67.00,840.00,12,13,13
2023-09-17T02:41:05Z,23.78,62.63,99,0,29.79,100.77,67.00,840.00,null,null,null
2023-09-17T02:42:05Z,23.78,62.65,99,0,29.35,100.77,67.00,840.00,null,null,null
2023-09-17T02:43:05Z,23.76,62.59,99,0,29.70,100.77,67.00,840.00,null,null,null
2023-09-17T02:44:05Z,23.76,62.65,100,0,28.70,100.77,68.00,851.00,null,null,null
2023-09-17T02:45:05Z,23.75,62.68,99,0,24.54,100.77,67.00,840.00,12,12,12
2023-09-17T02:46:05Z,23.78,62.56,99,0,26.38,100.77,68.00,851.00,null,null,null
2023-09-17T02:47:05Z,23.79,62.65,99,0,26.60,100.77,68.00,851.00,null,null,null
2023-09-17T02:48:05Z,23.79,62.63,99,0,31.64,100.77,68.00,851.00,null,null,null
2023-09-17T02:49:05Z,23.78,62.65,99,0,25.98,100.76,68.00,851.00,null,null,null
2023-09-17T02:50:05Z,23.78,62.66,99,0,26.31,100.77,68.00,851.00,4,5,5
2023-09-17T02:51:05Z,23.79,62.67,99,0,24.96,100.76,70.00,865.00,null,null,null
2023-09-17T02:52:05Z,23.79,62.73,99,0,31.51,100.76,70.00,865.00,null,null,null
2023-09-17T02:53:05Z,23.79,62.68,99,0,28.55,100.76,70.00,865.00,null,null,null
2023-09-17T02:54:05Z,23.76,62.65,99,0,21.92,100.76,70.00,865.00,null,null,null
2023-09-17T02:55:05Z,23.79,62.72,99,0,22.43,100.76,70.00,865.00,7,7,7
2023-09-17T02:56:05Z,23.79,62.76,99,0,22.55,100.76,68.00,851.00,null,null,null
2023-09-17T02:57:05Z,23.81,62.75,99,0,32.91,100.76,65.00,832.00,null,null,null
2023-09-17T02:58:05Z,23.81,62.73,99,0,21.49,100.75,65.00,832.00,null,null,null
2023-09-17T02:59:05Z,23.79,62.80,99,0,24.15,100.75,67.00,840.00,null,null,null
