TIME,TEMP,HUM,BATT,LIGHT,NOISE_A,PRESS,CCS811_VOCS,CCS811_ECO2,PM_1,PM_25,PM_10
ISO 8601,C,%,%,Lux,dBA,kPa,ppb,ppm,ug/m3,ug/m3,ug/m3
Time,Temperature,Humidity,Battery,Light,Noise dBA,Barometric pressure,VOC Gas CCS811,eCO2 Gas CCS811,PM 1.0,PM 2.5,PM 10.0
,55,56,10,14,53,58,113,112,89,87,88
2023-08-20T00:00:05Z,23.02,65.51,99,0,22.78,101.42,39.00,657.00,0,0,0
2023-08-20T00:01:05Z,23.04,65.46,99,0,26.06,101.42,41.00,674.00,null,null,null
2023-08-20T00:02:05Z,23.04,65.47,99,0,29.65,101.42,41.00,674.00,null,null,null
2023-08-20T00:03:05Z,23.06,65.48,99,0,37.02,101.42,42.00,682.00,null,null,null
2023-08-20T00:04:05Z,23.03,65.47,99,0,27.38,101.42,42.00,682.00,null,null,null
2023-08-20T00:05:05Z,23.07,65.50,99,0,28.27,101.42,42.00,682.00,3,3,3
2023-08-20T00:06:05Z,23.07,65.49,99,0,27.12,101.42,44.00,690.00,null,null,null
2023-08-20T00:07:05Z,23.07,65.50,99,0,27.87,101.42,44.00,690.00,null,null,null
2023-08-20T00:08:05Z,23.06,65.50,99,0,26.99,101.42,45.00,697.00,null,null,null
2023-08-20T00:09:05Z,23.07,65.49,99,0,31.62,101.42,45.00,697.00,null,null,null
2023-08-20T00:10:05Z,23.07,65.53,99,0,38.52,101.42,45.00,697.00,0,0,0
2023-08-20T00:11:05Z,23.08,65.55,99,0,41.64,101.42,45.00,697.00,null,null,null
2023-08-20T00:12:05Z,23.08,65.55,99,0,41.39,101.42,46.00,706.00,null,null,null
2023-08-20T00:13:05Z,23.08,65.59,99,0,32.51,101.42,46.00,706.00,null,null,null
2023-08-20T00:14:05Z,23.08,65.58,99,0,41.54,101.42,47.00,714.00,null,null,null
2023-08-20T00:15:05Z,23.10,65.61,99,0,44.15,101.42,49.00,726.00,1,3,3
2023-08-20T00:16:05Z,23.10,65.66,99,0,44.51,101.42,49.00,726.00,null,null,null
2023-08-20T00:17:05Z,23.11,65.63,99,0,35.91,101.42,49.00,726.00,null,null,null
2023-08-20T00:18:05Z,23.13,65.70,99,0,42.05,101.42,49.00,726.00,null,null,null
2023-08-20T00:19:05Z,23.11,65.68,99,0,33.47,101.42,50.00,733.00,null,null,null
2023-08-20T00:20:05Z,23.11,65.75,99,0,43.18,101.42,50.00,733.00,2,4,4
2023-08-20T00:21:05Z,23.13,65.75,99,0,41.21,101.42,51.00,740.00,null,null,null
2023-08-20T00:22:05Z,23.14,65.80,99,0,41.22,101.42,51.00,740.00,null,null,null
2023-08-20T00:23:05Z,23.14,65.84,99,0,48.65,101.42,49.00,728.00,null,null,null
2023-08-20T00:24:05Z,23.14,65.81,99,0,41.47,101.42,51.00,740.00,null,null,null
2023-08-20T00:25:05Z,23.13,65.93,99,0,44.45,101.42,51.00,740.00,2,2,2
2023-08-20T00:26:05Z,23.14,65.86,99,0,43.50,101.42,53.00,752.00,null,null,null
2023-08-20T00:27:05Z,23.14,65.89,99,0,43.45,101.42,51.00,740.00,null,null,null
2023-08-20T00:28:05Z,23.17,65.93,99,0,37.76,101.42,52.00,744.00,null,null,null
2023-08-20T00:29:05Z,23.15,65.96,99,0,42.78,101.42,52.00,744.00,null,null,null
2023-08-20T00:30:05Z,23.14,65.98,99,0,38.96,101.42,52.00,744.00,2,2,2
2023-08-20T00:31:05Z,23.15,65.97,99,0,41.07,101.42,54.00,761.00,null,null,null
2023-08-20T00:32:05Z,23.18,65.98,99,0,41.08,101.42,54.00,761.00,null,null,null
2023-08-20T00:33:05Z,23.15,66.00,99,0,39.57,101.42,54.00,761.00,null,null,null
2023-08-20T00:34:05Z,23.15,66.05,99,0,43.14,101.42,54.00,761.00,null,null,null
2023-08-20T00:35:05Z,23.15,66.07,99,0,44.63,101.42,56.00,774.00,2,2,2
2023-08-20T00:36:05Z,23.17,66.04,99,0,37.93,101.42,56.00,774.00,null,null,null
2023-08-20T00:37:05Z,23.20,66.03,99,0,45.14,101.42,54.00,761.00,null,null,null
2023-08-20T00:38:05Z,23.18,66.11,99,0,42.84,101.42,56.00,774.00,null,null,null
2023-08-20T00:39:05Z,23.20,66.07,99,0,37.69,101.42,56.00,774.00,null,null,null
2023-08-20T00:40:05Z,23.18,66.17,99,0,40.16,101.43,57.00,778.00,1,1,1
2023-08-20T00:41:05Z,23.18,66.19,99,0,41.96,101.43,57.00,778.00,null,null,null
2023-08-20T00:42:05Z,23.18,66.17,99,0,42.73,101.43,58.00,787.00,null,null,null
2023-08-20T00:43:05Z,23.17,66.16,99,0,44.10,101.43,58.00,787.00,null,null,null
2023-08-20T00:44:05Z,23.21,66.20,99,0,47.32,101.43,58.00,787.00,null,null,null
2023-08-20T00:45:05Z,23.20,66.19,99,0,43.57,101.43,58.00,787.00,0,0,0
2023-08-20T00:46:05Z,23.21,66.23,99,0,46.00,101.44,60.00,798.00,null,null,null
2023-08-20T00:47:05Z,23.21,66.22,99,0,40.18,101.44,60.00,798.00,null,null,null
2023-08-20T00:48:05Z,23.21,66.26,99,0,43.01,101.44,58.00,787.00,null,null,null
2023-08-20T00:49:05Z,23.21,66.21,99,0,32.84,101.44,58.00,787.00,null,null,null
2023-08-20T00:50:05Z,23.20,66.26,99,0,45.48,101.44,60.00,798.00,3,3,3
2023-08-20T00:51:05Z,23.23,66.22,99,0,42.98,101.44,58.00,787.00,null,null,null
2023-08-20T00:52:05Z,23.23,66.25,99,0,41.15,101.44,60.00,798.00,null,null,null
2023-08-20T00:53:05Z,23.24,66.17,99,0,33.73,101.44,58.00,787.00,null,null,null
2023-08-20T00:54:05Z,23.20,66.24,99,0,38.77,101.44,60.00,798.00,null,null,null
2023-08-20T00:55:05Z,23.23,66.25,99,0,36.39,101.45,60.00,798.00,1,1,1
2023-08-20T00:56:05Z,23.23,66.29,99,0,40.59,101.45,61.00,802.00,null,null,null
2023-08-20T00:57:05Z,23.25,66.24,99,0,44.83,101.45,61.00,802.00,null,null,null
2023-08-20T00:58:05Z,23.23,66.28,99,0,41.84,101.45,53.00,754.00,null,null,null
2023-08-20T00:59:05Z,23.23,66.24,99,0,37.63,101.45,61.00,802.00,null,null,null
2023-08-20T01:00:05Z,23.23,66.28,99,0,38.33,101.45,62.00,810.00,4,6,6
2023-08-20T01:01:05Z,23.23,66.30,99,0,42.21,101.46,63.00,819.00,null,null,null
2023-08-20T01:02:05Z,23.27,66.26,99,0,42.61,101.45,65.00,832.00,null,null,null
2023-08-20T01:03:05Z,23.24,66.33,99,0,45.33,101.45,59.00,793.00,null,null,null
2023-08-20T01:04:05Z,23.27,66.32,99,0,44.75,101.45,72.00,874.00,null,null,null
2023-08-20T01:05:05Z,23.23,66.34,99,0,40.97,101.46,62.00,813.00,2,2,2
2023-08-20T01:06:05Z,23.25,66.37,99,0,46.58,101.45,76.00,905.00,null,null,null
2023-08-20T01:07:05Z,23.27,66.28,99,0,40.73,101.46,65.00,832.00,null,null,null
2023-08-20T01:08:05Z,23.27,66.33,99,0,49.25,101.46,65.00,832.00,null,null,null
2023-08-20T01:09:05Z,23.27,66.34,99,0,44.38,101.46,66.00,838.00,null,null,null
2023-08-20T01:10:05Z,23.27,66.30,99,0,47.51,101.45,66.00,838.00,2,2,2
2023-08-20T01:11:05Z,23.25,66.31,99,0,37.29,101.45,66.00,838.00,null,null,null
2023-08-20T01:12:05Z,23.28,66.30,99,0,48.63,101.46,66.00,838.00,null,null,null
2023-08-20T01:13:05Z,23.27,66.33,99,0,45.52,101.45,66.00,838.00,null,null,null
2023-08-20T01:14:05Z,23.24,66.30,99,0,44.37,101.46,66.00,838.00,null,null,null
2023-08-20T01:15:05Z,23.25,66.27,99,0,43.76,101.45,76.00,905.00,2,2,8
2023-08-20T01:16:05Z,23.27,66.26,99,0,35.37,101.46,66.00,838.00,null,null,null
2023-08-20T01:17:05Z,23.27,66.34,99,0,41.14,101.46,65.00,832.00,null,null,null
2023-08-20T01:18:05Z,23.27,66.27,99,0,38.63,101.46,65.00,832.00,null,null,null
2023-08-20T01:19:05Z,23.28,66.30,99,0,41.09,101.46,66.00,838.00,null,null,null
2023-08-20T01:20:05Z,23.28,66.33,99,0,36.15,101.46,65.00,832.00,2,2,2
2023-08-20T01:21:05Z,23.27,66.29,99,0,39.53,101.46,65.00,832.00,null,null,null
2023-08-20T01:22:05Z,23.28,66.29,99,0,41.06,101.46,66.00,838.00,null,null,null
2023-08-20T01:23:05Z,23.28,66.33,99,0,36.80,101.46,66.00,838.00,null,null,null
2023-08-20T01:24:05Z,23.28,66.38,99,0,39.19,101.46,66.00,838.00,null,null,null
2023-08-20T01:25:05Z,23.25,66.42,99,0,40.45,101.46,66.00,838.00,4,4,4
2023-08-20T01:26:05Z,23.27,66.40,99,0,40.91,101.46,66.00,838.00,null,null,null
2023-08-20T01:27:05Z,23.30,66.40,99,0,38.40,101.46,66.00,838.00,null,null,null
2023-08-20T01:28:05Z,23.30,66.42,99,0,43.82,101.46,66.00,838.00,null,null,null
2023-08-20T01:29:05Z,23.28,66.46,99,0,48.62,101.46,66.00,838.00,null,null,null
2023-08-20T01:30:05Z,23.28,66.45,99,0,41.14,101.46,66.00,838.00,1,1,1
2023-08-20T01:31:05Z,23.28,66.43,99,0,42.51,101.46,66.00,838.00,null,null,null
2023-08-20T01:32:05Z,23.30,66.45,99,0,48.69,101.46,66.00,838.00,null,null,null
2023-08-20T01:33:05Z,23.28,66.44,99,0,48.63,101.46,66.00,838.00,null,null,null
2023-08-20T01:34:05Z,23.30,66.44,99,0,44.92,101.46,66.00,838.00,null,null,null
2023-08-20T01:35:05Z,23.28,66.44,99,0,39.52,101.46,66.00,838.00,2,2,2
2023-08-20T01:36:05Z,23.30,66.44,99,0,43.41,101.46,66.00,838.00,null,null,null
2023-08-20T01:37:05Z,23.30,66.44,99,0,40.26,101.46,66.00,838.00,null,null,null
2023-08-20T01:38:05Z,23.28,66.42,99,0,46.25,101.45,66.00,838.00,null,null,null
2023-08-20T01:39:05Z,23.30,66.39,99,0,44.26,101.45,66.00,838.00,null,null,null
2023-08-20T01:40:05Z,23.30,66.47,99,0,41.89,101.46,66.00,838.00,1,1,7
2023-08-20T01:41:05Z,23.30,66.46,99,0,42.49,101.46,65.00,832.00,null,null,null
2023-08-20T01:42:05Z,23.31,66.40,99,0,41.89,101.46,66.00,838.00,null,null,null
2023-08-20T01:43:05Z,23.31,66.43,99,0,39.87,101.46,66.00,838.00,null,null,null
2023-08-20T01:44:05Z,23.30,66.43,99,0,43.25,101.46,66.00,838.00,null,null,null
2023-08-20T01:45:05Z,23.30,66.44,99,0,41.73,101.46,66.00,838.00,1,3,3
2023-08-20T01:46:05Z,23.31,66.41,99,0,42.38,101.47,65.00,832.00,null,null,null
2023-08-20T01:47:05Z,23.31,66.43,99,0,45.97,101.47,66.00,838.00,null,null,null
2023-08-20T01:48:05Z,23.33,66.41,99,0,42.09,101.46,66.00,838.00,null,null,null
2023-08-20T01:49:05Z,23.30,66.43,99,0,43.38,101.47,66.00,838.00,null,null,null
2023-08-20T01:50:05Z,23.30,66.40,99,0,40.66,101.47,65.00,832.00,1,1,1
2023-08-20T01:51:05Z,23.33,66.45,99,0,43.48,101.47,65.00,832.00,null,null,null
2023-08-20T01:52:05Z,23.34,66.44,99,0,40.61,101.47,66.00,838.00,null,null,null
2023-08-20T01:53:05Z,23.34,66.39,99,0,44.66,101.47,65.00,832.00,null,null,null
2023-08-20T01:54:05Z,23.33,66.40,99,0,33.88,101.47,65.00,832.00,null,null,null
2023-08-20T01:55:05Z,23.34,66.38,99,0,40.49,101.47,65.00,832.00,2,2,2
2023-08-20T01:56:05Z,23.33,66.41,99,0,46.87,101.47,64.00,821.00,null,null,null
2023-08-20T01:57:05Z,23.31,66.44,99,0,38.56,101.47,65.00,832.00,null,null,null
2023-08-20T01:58:05Z,23.34,66.43,99,0,43.47,101.47,65.00,832.00,null,null,null
2023-08-20T01:59:05Z,23.33,66.43,99,0,47.32,101.47,65.00,832.00,null,null,null
2023-08-20T02:00:05Z,23.34,66.48,99,0,45.55,101.48,64.00,821.00,3,5,5
2023-08-20T02:01:05Z,23.34,66.50,99,0,38.91,101.48,62.00,813.00,null,null,null
2023-08-20T02:02:05Z,23.37,66.45,99,0,44.89,101.48,65.00,832.00,null,null,null
2023-08-20T02:03:05Z,23.35,66.51,99,0,41.62,101.48,65.00,832.00,null,null,null
2023-08-20T02:04:05Z,23.34,66.47,99,0,41.99,101.49,65.00,832.00,null,null,null
2023-08-20T02:05:05Z,23.35,66.47,99,0,36.85,101.48,65.00,832.00,2,2,2
2023-08-20T02:06:05Z,23.35,66.50,99,0,43.62,101.48,64.00,821.00,null,null,null
2023-08-20T02:07:05Z,23.35,66.44,99,0,41.06,101.49,65.00,832.00,null,null,null
2023-08-20T02:08:05Z,23.37,66.44,99,0,42.42,101.49,65.00,832.00,null,null,null
2023-08-20T02:09:05Z,23.35,66.47,99,0,44.62,101.49,65.00,832.00,null,null,null
2023-08-20T02:10:05Z,23.33,66.45,99,0,42.46,101.49,65.00,832.00,3,5,5
2023-08-20T02:11:05Z,23.34,66.45,99,0,43.86,101.49,64.00,821.00,null,null,null
2023-08-20T02:12:05Z,23.37,66.44,99,0,42.10,101.49,65.00,832.00,null,null,null
2023-08-20T02:13:05Z,23.35,66.43,99,0,39.00,101.48,65.00,832.00,null,null,null
2023-08-20T02:14:05Z,23.35,66.46,99,0,45.67,101.49,65.00,832.00,null,null,null
2023-08-20T02:15:05Z,23.35,66.45,99,0,46.66,101.48,64.00,821.00,1,1,1
2023-08-20T02:16:05Z,23.37,66.45,99,0,38.88,101.49,64.00,821.00,null,null,null
2023-08-20T02:17:05Z,23.38,66.42,99,0,45.15,101.49,64.00,821.00,null,null,null
2023-08-20T02:18:05Z,23.37,66.42,99,0,41.82,101.49,64.00,821.00,null,null,null
2023-08-20T02:19:05Z,23.35,66.46,99,0,46.03,101.48,64.00,821.00,null,null,null
2023-08-20T02:20:05Z,23.37,66.44,99,0,46.57,101.49,64.00,821.00,2,2,10
2023-08-20T02:21:05Z,23.35,66.44,99,0,45.51,101.49,62.00,813.00,null,null,null
2023-08-20T02:22:05Z,23.38,66.40,99,0,50.65,101.48,64.00,821.00,null,null,null
2023-08-20T02:23:05Z,23.37,66.43,99,0,45.21,101.48,62.00,813.00,null,null,null
2023-08-20T02:24:05Z,23.37,66.40,99,0,40.14,101.49,64.00,821.00,null,null,null
2023-08-20T02:25:05Z,23.37,66.41,99,0,42.53,101.49,64.00,821.00,3,3,11
2023-08-20T02:26:05Z,23.38,66.48,99,0,44.27,101.49,61.00,804.00,null,null,null
2023-08-20T02:27:05Z,23.37,66.40,99,0,45.52,101.48,62.00,813.00,null,null,null
2023-08-20T02:28:05Z,23.38,66.41,99,0,49.15,101.49,62.00,813.00,null,null,null
2023-08-20T02:29:05Z,23.37,66.41,99,0,40.31,101.49,62.00,813.00,null,null,null
2023-08-20T02:30:05Z,23.35,66.39,99,0,47.72,101.49,62.00,813.00,1,1,1
2023-08-20T02:31:05Z,23.39,66.35,99,0,46.25,101.49,61.00,804.00,null,null,null
2023-08-20T02:32:05Z,23.41,66.37,99,0,43.87,101.49,62.00,813.00,null,null,null
2023-08-20T02:33:05Z,23.39,66.38,99,0,40.20,101.49,62.00,813.00,null,null,null
2023-08-20T02:34:05Z,23.39,66.42,99,0,43.19,101.49,62.00,813.00,null,null,null
2023-08-20T02:35:05Z,23.39,66.42,99,0,40.81,101.49,62.00,813.00,1,1,1
2023-08-20T02:36:05Z,23.41,66.40,99,0,37.16,101.49,61.00,804.00,null,null,null
2023-08-20T02:37:05Z,23.39,66.41,99,0,45.69,101.49,61.00,804.00,null,null,null
2023-08-20T02:38:05Z,23.39,66.40,99,0,45.34,101.50,61.00,804.00,null,null,null
2023-08-20T02:39:05Z,23.41,66.44,99,0,43.78,101.50,61.00,804.00,null,null,null
2023-08-20T02:40:05Z,23.41,66.46,99,0,42.38,101.50,61.00,804.00,2,2,2
2023-08-20T02:41:05Z,23.41,66.44,99,0,43.83,101.50,61.00,804.00,null,null,null
2023-08-20T02:42:05Z,23.43,66.46,99,0,50.27,101.50,61.00,804.00,null,null,null
2023-08-20T02:43:05Z,23.44,66.45,99,0,39.40,101.50,61.00,804.00,null,null,null
2023-08-20T02:44:05Z,23.41,66.50,99,0,49.45,101.50,61.00,804.00,null,null,null
2023-08-20T02:45:05Z,23.41,66.56,99,0,42.49,101.50,61.00,804.00,4,4,4
2023-08-20T02:46:05Z,23.43,66.48,99,0,44.92,101.50,59.00,793.00,null,null,null
2023-08-20T02:47:05Z,23.43,66.54,99,0,37.51,101.50,62.00,813.00,null,null,null
2023-08-20T02:48:05Z,23.44,66.47,99,0,43.36,101.50,61.00,804.00,null,null,null
2023-08-20T02:49:05Z,23.43,66.51,99,0,42.23,101.50,61.00,804.00,null,null,null
2023-08-20T02:50:05Z,23.43,66.53,99,0,43.96,101.50,61.00,804.00,1,4,4
2023-08-20T02:51:05Z,23.43,66.55,99,0,42.63,101.50,59.00,793.00,null,null,null
2023-08-20T02:52:05Z,23.43,66.49,99,0,47.77,101.50,62.00,813.00,null,null,null
2023-08-20T02:53:05Z,23.41,66.50,99,0,36.57,101.49,61.00,804.00,null,null,null
2023-08-20T02:54:05Z,23.41,66.47,99,0,41.54,101.49,61.00,804.00,null,null,null
2023-08-20T02:55:05Z,23.43,66.50,99,0,41.64,101.49,61.00,804.00,4,4,4
2023-08-20T02:56:05Z,23.39,66.49,99,0,40.29,101.49,59.00,793.00,null,null,null
2023-08-20T02:57:05Z,23.44,66.51,99,0,44.91,101.50,62.00,813.00,null,null,null
2023-08-20T02:58:05Z,23.41,66.45,99,0,36.74,101.50,61.00,804.00,null,null,null
2023-08-20T02:59:05Z,23.43,66.49,99,0,36.49,101.50,61.00,804.00,null,null,null
