TIME,TEMP,HUM,BATT,LIGHT,NOISE_A,PRESS,CCS811_VOCS,CCS811_ECO2,PM_1,PM_25,PM_10
ISO 8601,C,%,%,Lux,dBA,kPa,ppb,ppm,ug/m3,ug/m3,ug/m3
Time,Temperature,Humidity,Battery,Light,Noise dBA,Barometric pressure,VOC Gas CCS811,eCO2 Gas CCS811,PM 1.0,PM 2.5,PM 10.0
,55,56,10,14,53,58,113,112,89,87,88
2023-09-03T00:00:05Z,22.90,66.89,99,0,23.05,102.02,39.00,656.00,11,13,13
2023-09-03T00:01:05Z,22.90,66.91,99,0,24.79,102.02,39.00,656.00,null,null,null
2023-09-03T00:02:05Z,22.93,66.87,99,0,24.54,102.02,39.00,656.00,null,null,null
2023-09-03T00:03:05Z,22.90,66.87,99,0,25.67,102.02,39.00,656.00,null,null,null
2023-09-03T00:04:05Z,22.92,66.88,99,0,37.49,102.02,39.00,656.00,null,null,null
2023-09-03T00:05:05Z,22.92,66.86,99,0,23.86,102.01,37.00,649.00,5,7,7
2023-09-03T00:06:05Z,22.92,66.84,99,0,27.32,102.01,39.00,659.00,null,null,null
2023-09-03T00:07:05Z,22.89,66.90,99,0,25.70,102.01,39.00,656.00,null,null,null
2023-09-03T00:08:05Z,22.90,66.86,99,0,22.72,102.01,39.00,656.00,null,null,null
2023-09-03T00:09:05Z,22.90,66.90,99,0,24.83,102.01,39.00,656.00,null,null,null
2023-09-03T00:10:05Z,22.89,66.89,99,0,28.63,102.01,39.00,656.00,9,10,10
2023-09-03T00:11:05Z,22.90,66.88,99,0,23.59,102.01,39.00,656.00,null,null,null
2023-09-03T00:12:05Z,22.87,66.84,99,0,21.78,102.01,39.00,656.00,null,null,null
2023-09-03T00:13:05Z,22.90,66.87,99,0,27.84,102.01,39.00,656.00,null,null,null
2023-09-03T00:14:05Z,22.89,66.90,99,0,25.95,102.01,39.00,656.00,null,null,null
2023-09-03T00:15:05Z,22.89,66.90,99,0,27.68,102.01,39.00,656.00,11,16,16
2023-09-03T00:16:05Z,22.87,66.87,99,0,22.78,102.01,39.00,656.00,null,null,null
2023-09-03T00:17:05Z,22.89,66.88,99,0,23.49,102.01,39.00,656.00,null,null,null
2023-09-03T00:18:05Z,22.90,66.90,99,0,25.35,102.01,37.00,649.00,null,null,null
2023-09-03T00:19:05Z,22.86,66.89,99,0,24.03,102.00,39.00,656.00,null,null,null
2023-09-03T00:20:05Z,22.87,66.89,99,0,25.82,102.00,39.00,656.00,9,11,11
2023-09-03T00:21:05Z,22.89,66.86,99,0,23.59,102.01,39.00,656.00,null,null,null
2023-09-03T00:22:05Z,22.90,66.87,99,0,27.44,102.01,39.00,656.00,null,null,null
2023-09-03T00:23:05Z,22.86,66.84,99,0,24.61,102.01,39.00,656.00,null,null,null
2023-09-03T00:24:05Z,22.89,66.85,99,0,28.37,102.01,39.00,656.00,null,null,null
2023-09-03T00:25:05Z,22.89,66.87,99,0,31.11,102.01,39.00,656.00,9,11,11
2023-09-03T00:26:05Z,22.89,66.82,99,0,23.20,102.01,39.00,656.00,null,null,null
2023-09-03T00:27:05Z,22.87,66.87,99,0,25.92,102.01,39.00,656.00,null,null,null
2023-09-03T00:28:05Z,22.89,66.86,99,0,24.15,102.01,39.00,656.00,null,null,null
2023-09-03T00:29:05Z,22.86,66.93,99,0,21.78,102.01,37.00,649.00,null,null,null
2023-09-03T00:30:05Z,22.87,66.90,99,0,25.65,102.01,37.00,649.00,9,10,10
2023-09-03T00:31:05Z,22.84,66.88,99,0,28.83,102.00,37.00,649.00,null,null,null
2023-09-03T00:32:05Z,22.86,66.87,99,0,22.83,102.00,37.00,649.00,null,null,null
2023-09-03T00:33:05Z,22.87,66.84,99,0,21.10,102.00,37.00,649.00,null,null,null
2023-09-03T00:34:05Z,22.84,66.84,99,0,27.87,102.00,37.00,649.00,null,null,null
2023-09-03T00:35:05Z,22.86,66.87,99,0,21.34,102.00,37.00,649.00,11,14,14
2023-09-03T00:36:05Z,22.86,66.89,99,0,26.41,102.00,37.00,649.00,null,null,null
2023-09-03T00:37:05Z,22.84,66.87,99,0,25.32,102.00,37.00,649.00,null,null,null
2023-09-03T00:38:05Z,22.87,66.85,99,0,26.03,102.00,37.00,649.00,null,null,null
2023-09-03T00:39:05Z,22.84,66.89,99,0,25.50,102.00,37.00,649.00,null,null,null
2023-09-03T00:40:05Z,22.87,66.89,99,0,22.72,102.00,37.00,649.00,5,8,8
2023-09-03T00:41:05Z,22.86,66.83,99,0,22.89,102.00,37.00,649.00,null,null,null
2023-09-03T00:42:05Z,22.87,66.89,99,0,23.10,102.00,37.00,649.00,null,null,null
2023-09-03T00:43:05Z,22.86,66.86,99,0,27.12,102.00,37.00,649.00,null,null,null
2023-09-03T00:44:05Z,22.86,66.91,99,0,34.65,102.00,37.00,649.00,null,null,null
2023-09-03T00:45:05Z,22.82,66.88,99,0,22.31,102.00,37.00,649.00,11,16,16
2023-09-03T00:46:05Z,22.86,66.88,99,0,22.72,102.00,37.00,649.00,null,null,null
2023-09-03T00:47:05Z,22.86,66.88,99,0,24.68,102.00,37.00,649.00,null,null,null
2023-09-03T00:48:05Z,22.86,66.85,99,0,24.79,102.00,37.00,649.00,null,null,null
2023-09-03T00:49:05Z,22.86,66.87,99,0,23.98,102.00,37.00,649.00,null,null,null
2023-09-03T00:50:05Z,22.84,66.87,99,0,23.49,102.00,37.00,649.00,6,7,7
2023-09-03T00:51:05Z,22.86,66.90,99,0,25.70,102.00,37.00,649.00,null,null,null
2023-09-03T00:52:05Z,22.86,66.89,99,0,25.62,102.00,37.00,649.00,null,null,null
2023-09-03T00:53:05Z,22.84,66.90,99,0,26.14,101.99,37.00,649.00,null,null,null
2023-09-03T00:54:05Z,22.82,66.89,99,0,23.59,101.99,37.00,649.00,null,null,null
2023-09-03T00:55:05Z,22.83,66.87,99,0,24.31,102.00,37.00,649.00,10,10,10
2023-09-03T00:56:05Z,22.83,66.89,99,0,23.94,102.00,37.00,649.00,null,null,null
2023-09-03T00:57:05Z,22.84,66.84,99,0,25.87,102.00,37.00,643.00,null,null,null
2023-09-03T00:58:05Z,22.84,66.88,99,0,25.16,102.01,37.00,643.00,null,null,null
2023-09-03T00:59:05Z,22.84,66.92,99,0,23.63,102.01,37.00,643.00,null,null,null
2023-09-03T01:00:05Z,22.80,66.88,99,0,24.72,102.01,37.00,643.00,10,12,12
2023-09-03T01:01:05Z,22.84,66.85,99,0,23.68,102.01,37.00,649.00,null,null,null
2023-09-03T01:02:05Z,22.83,66.87,99,0,25.00,102.01,37.00,643.00,null,null,null
2023-09-03T01:03:05Z,22.83,66.87,99,0,23.25,102.01,37.00,643.00,null,null,null
2023-09-03T01:04:05Z,22.83,66.89,99,0,21.71,102.01,37.00,643.00,null,null,null
2023-09-03T01:05:05Z,22.83,66.88,99,0,27.38,102.01,37.00,643.00,6,9,9
2023-09-03T01:06:05Z,22.83,66.86,99,0,22.66,102.01,37.00,643.00,null,null,null
2023-09-03T01:07:05Z,22.82,66.85,99,0,25.26,102.01,37.00,643.00,null,null,null
2023-09-03T01:08:05Z,22.82,66.85,99,0,23.30,102.01,37.00,643.00,null,null,null
2023-09-03T01:09:05Z,22.83,66.81,99,0,23.72,102.01,37.00,643.00,null,null,null
2023-09-03T01:10:05Z,22.83,66.87,99,0,22.18,102.01,37.00,643.00,7,10,10
2023-09-03T01:11:05Z,22.82,66.87,99,0,24.65,102.01,37.00,643.00,null,null,null
2023-09-03T01:12:05Z,22.80,66.82,99,0,25.44,102.01,37.00,649.00,null,null,null
2023-09-03T01:13:05Z,22.83,66.84,99,0,22.43,102.01,37.00,649.00,null,null,null
2023-09-03T01:14:05Z,22.82,66.88,99,0,24.31,102.00,37.00,649.00,null,null,null
2023-09-03T01:15:05Z,22.82,66.87,99,0,23.49,102.01,37.00,643.00,8,10,10
2023-09-03T01:16:05Z,22.82,66.86,99,0,25.09,102.00,37.00,649.00,null,null,null
2023-09-03T01:17:05Z,22.84,66.84,99,0,26.11,102.00,37.00,643.00,null,null,null
2023-09-03T01:18:05Z,22.82,66.85,99,0,21.85,102.01,37.00,643.00,null,null,null
2023-09-03T01:19:05Z,22.80,66.85,99,0,26.84,102.01,37.00,643.00,null,null,null
2023-09-03T01:20:05Z,22.80,66.86,99,0,23.40,102.01,37.00,649.00,8,9,9
2023-09-03T01:21:05Z,22.83,66.84,99,0,19.88,102.01,37.00,649.00,null,null,null
2023-09-03T01:22:05Z,22.80,66.83,99,0,24.07,102.00,37.00,649.00,null,null,null
2023-09-03T01:23:05Z,22.82,66.88,99,0,24.65,102.01,37.00,649.00,null,null,null
2023-09-03T01:24:05Z,22.80,66.86,99,0,23.68,102.01,37.00,649.00,null,null,null
2023-09-03T01:25:05Z,22.82,66.89,99,0,25.98,102.01,37.00,649.00,11,12,12
2023-09-03T01:26:05Z,22.79,66.85,99,0,26.14,102.01,37.00,649.00,null,null,null
2023-09-03T01:27:05Z,22.79,66.88,99,0,24.79,102.01,37.00,649.00,null,null,null
2023-09-03T01:28:05Z,22.82,66.85,99,0,23.25,102.01,37.00,649.00,null,null,null
2023-09-03T01:29:05Z,22.82,66.82,99,0,23.20,102.02,37.00,649.00,null,null,null
2023-09-03T01:30:05Z,22.83,66.82,99,0,23.40,102.01,37.00,643.00,10,11,11
2023-09-03T01:31:05Z,22.83,66.82,99,0,24.50,102.02,37.00,649.00,null,null,null
2023-09-03T01:32:05Z,22.83,66.82,99,0,28.42,102.01,37.00,649.00,null,null,null
2023-09-03T01:33:05Z,22.83,66.80,99,0,29.13,102.02,37.00,649.00,null,null,null
2023-09-03T01:34:05Z,22.83,66.82,99,0,28.71,102.02,37.00,649.00,null,null,null
2023-09-03T01:35:05Z,22.79,66.84,99,0,28.19,102.01,37.00,649.00,5,6,6
2023-09-03T01:36:05Z,22.80,66.80,99,0,29.28,102.01,37.00,649.00,null,null,null
2023-09-03T01:37:05Z,22.80,66.81,99,0,29.07,102.02,37.00,649.00,null,null,null
2023-09-03T01:38:05Z,22.82,66.79,99,0,30.39,102.02,37.00,649.00,null,null,null
2023-09-03T01:39:05Z,22.82,66.82,99,0,28.77,102.02,37.00,649.00,null,null,null
2023-09-03T01:40:05Z,22.80,66.82,99,0,29.71,102.02,37.00,649.00,13,15,15
2023-09-03T01:41:05Z,22.82,66.84,99,0,30.03,102.02,37.00,649.00,null,null,null
2023-09-03T01:42:05Z,22.77,66.82,99,0,28.88,102.02,39.00,656.00,null,null,null
2023-09-03T01:43:05Z,22.82,66.84,99,0,28.40,102.02,39.00,656.00,null,null,null
2023-09-03T01:44:05Z,22.79,66.80,99,0,28.58,102.02,39.00,656.00,null,null,null
2023-09-03T01:45:05Z,22.77,66.83,100,0,28.33,102.02,39.00,656.00,9,13,13
2023-09-03T01:46:05Z,22.79,66.84,99,0,28.77,102.02,37.00,649.00,null,null,null
2023-09-03T01:47:05Z,22.79,66.82,99,0,28.67,102.02,39.00,656.00,null,null,null
2023-09-03T01:48:05Z,22.80,66.81,99,0,22.05,102.02,39.00,656.00,null,null,null
2023-09-03T01:49:05Z,22.80,66.82,99,0,23.20,102.02,39.00,656.00,null,null,null
2023-09-03T01:50:05Z,22.80,66.79,99,0,26.67,102.02,37.00,649.00,10,10,10
2023-09-03T01:51:05Z,22.80,66.85,99,0,25.32,102.02,37.00,649.00,null,null,null
2023-09-03T01:52:05Z,22.77,66.83,99,0,23.05,102.02,39.00,656.00,null,null,null
2023-09-03T01:53:05Z,22.77,66.82,100,0,23.05,102.02,39.00,656.00,null,null,null
2023-09-03T01:54:05Z,22.77,66.83,99,0,23.25,102.02,37.00,649.00,null,null,null
2023-09-03T01:55:05Z,22.76,66.85,99,0,23.40,102.02,39.00,656.00,7,8,8
2023-09-03T01:56:05Z,22.77,66.85,99,0,21.99,102.02,37.00,649.00,null,null,null
2023-09-03T01:57:05Z,22.76,66.82,99,0,25.26,102.02,37.00,649.00,null,null,null
2023-09-03T01:58:05Z,22.79,66.82,99,0,24.35,102.02,39.00,656.00,null,null,null
2023-09-03T01:59:05Z,22.76,66.83,99,0,27.66,102.02,37.00,649.00,null,null,null
2023-09-03T02:00:05Z,22.77,66.82,99,0,23.63,102.02,37.00,649.00,11,13,19
2023-09-03T02:01:05Z,22.76,66.85,99,0,23.77,102.03,37.00,643.00,null,null,null
2023-09-03T02:02:05Z,22.77,66.84,99,0,23.20,102.03,37.00,649.00,null,null,null
2023-09-03T02:03:05Z,22.73,66.85,99,0,22.31,102.03,37.00,649.00,null,null,null
2023-09-03T02:04:05Z,22.77,66.86,99,0,23.63,102.03,46.00,708.00,null,null,null
2023-09-03T02:05:05Z,22.75,66.87,99,0,23.40,102.03,37.00,649.00,9,13,13
2023-09-03T02:06:05Z,22.76,66.88,99,0,22.55,102.03,37.00,643.00,null,null,null
2023-09-03T02:07:05Z,22.76,66.87,99,0,25.19,102.03,37.00,649.00,null,null,null
2023-09-03T02:08:05Z,22.73,66.84,99,0,23.81,102.03,37.00,649.00,null,null,null
2023-09-03T02:09:05Z,22.75,66.89,99,0,22.55,102.03,46.00,708.00,null,null,null
2023-09-03T02:10:05Z,22.75,66.86,99,0,24.76,102.03,37.00,649.00,10,13,13
2023-09-03T02:11:05Z,22.75,66.86,99,0,24.86,102.03,37.00,643.00,null,null,null
2023-09-03T02:12:05Z,22.73,66.85,99,0,25.32,102.03,37.00,649.00,null,null,null
2023-09-03T02:13:05Z,22.76,66.86,99,0,23.40,102.04,46.00,708.00,null,null,null
2023-09-03T02:14:05Z,22.75,66.87,99,0,19.54,102.04,39.00,656.00,null,null,null
2023-09-03T02:15:05Z,22.73,66.84,99,0,21.92,102.04,37.00,649.00,7,8,8
2023-09-03T02:16:05Z,22.76,66.86,99,0,24.19,102.04,46.00,708.00,null,null,null
2023-09-03T02:17:05Z,22.75,66.83,99,0,25.90,102.04,37.00,649.00,null,null,null
2023-09-03T02:18:05Z,22.73,66.84,99,0,25.65,102.04,39.00,656.00,null,null,null
2023-09-03T02:19:05Z,22.76,66.82,99,0,24.79,102.04,47.00,715.00,null,null,null
2023-09-03T02:20:05Z,22.75,66.84,99,0,22.99,102.04,37.00,649.00,9,9,9
2023-09-03T02:21:05Z,22.73,66.85,99,0,24.96,102.04,37.00,643.00,null,null,null
2023-09-03T02:22:05Z,22.73,66.82,99,0,22.05,102.04,46.00,708.00,null,null,null
2023-09-03T02:23:05Z,22.75,66.84,99,0,20.58,102.04,46.00,708.00,null,null,null
2023-09-03T02:24:05Z,22.75,66.87,99,0,20.39,102.04,37.00,649.00,null,null,null
2023-09-03T02:25:05Z,22.72,66.82,99,0,23.94,102.04,39.00,656.00,11,14,21
2023-09-03T02:26:05Z,22.73,66.85,99,0,21.56,102.05,46.00,702.00,null,null,null
2023-09-03T02:27:05Z,22.73,66.84,99,0,24.79,102.05,47.00,715.00,null,null,null
2023-09-03T02:28:05Z,22.76,66.84,99,0,22.49,102.05,47.00,715.00,null,null,null
2023-09-03T02:29:05Z,22.72,66.85,99,0,23.10,102.04,39.00,656.00,null,null,null
2023-09-03T02:30:05Z,22.72,66.87,99,0,25.35,102.05,47.00,715.00,7,8,8
2023-09-03T02:31:05Z,22.72,66.86,99,0,24.50,102.05,46.00,702.00,null,null,null
2023-09-03T02:32:05Z,22.72,66.84,99,0,21.18,102.05,46.00,708.00,null,null,null
2023-09-03T02:33:05Z,22.72,66.85,99,0,24.03,102.04,46.00,708.00,null,null,null
2023-09-03T02:34:05Z,22.73,66.86,99,0,22.83,102.05,46.00,708.00,null,null,null
2023-09-03T02:35:05Z,22.72,66.85,99,0,25.06,102.05,47.00,715.00,8,11,11
2023-09-03T02:36:05Z,22.73,66.83,99,0,24.07,102.05,46.00,708.00,null,null,null
2023-09-03T02:37:05Z,22.73,66.84,99,0,27.20,102.05,47.00,715.00,null,null,null
2023-09-03T02:38:05Z,22.73,66.78,99,0,24.43,102.05,47.00,715.00,null,null,null
2023-09-03T02:39:05Z,22.72,66.82,99,0,24.79,102.05,47.00,715.00,null,null,null
2023-09-03T02:40:05Z,22.70,66.87,99,0,27.55,102.06,46.00,708.00,5,8,11
2023-09-03T02:41:05Z,22.70,66.81,99,0,23.81,102.06,46.00,708.00,null,null,null
2023-09-03T02:42:05Z,22.72,66.81,99,0,30.48,102.06,47.00,715.00,null,null,null
2023-09-03T02:43:05Z,22.75,66.84,99,0,25.82,102.06,47.00,715.00,null,null,null
2023-09-03T02:44:05Z,22.72,66.90,99,0,22.83,102.06,37.00,649.00,null,null,null
2023-09-03T02:45:05Z,22.70,66.84,99,0,25.59,102.06,47.00,715.00,9,9,9
2023-09-03T02:46:05Z,22.73,66.83,99,0,25.06,102.06,46.00,708.00,null,null,null
2023-09-03T02:47:05Z,22.70,66.84,99,0,25.03,102.06,47.00,715.00,null,null,null
2023-09-03T02:48:05Z,22.67,66.80,99,0,23.59,102.06,47.00,715.00,null,null,null
2023-09-03T02:49:05Z,22.72,66.86,99,0,21.71,102.06,47.00,715.00,null,null,null
2023-09-03T02:50:05Z,22.69,66.87,99,0,null,102.06,47.00,715.00,13,20,20
2023-09-03T02:51:05Z,22.70,66.85,99,0,27.49,102.06,46.00,708.00,null,null,null
2023-09-03T02:52:05Z,22.70,66.81,99,0,23.45,102.06,47.00,715.00,null,null,null
2023-09-03T02:53:05Z,22.69,66.82,99,0,22.72,102.06,47.00,715.00,null,null,null
2023-09-03T02:54:05Z,22.70,66.82,99,0,23.77,102.06,47.00,715.00,null,null,null
2023-09-03T02:55:05Z,22.70,66.85,99,0,23.81,102.06,47.00,715.00,9,14,14
2023-09-03T02:56:05Z,22.69,66.87,99,0,24.03,102.06,46.00,708.00,null,null,null
2023-09-03T02:57:05Z,22.70,66.83,99,0,23.49,102.06,47.00,715.00,null,null,null
2023-09-03T02:58:05Z,22.67,66.83,99,0,21.18,102.06,48.00,719.00,null,null,null
2023-09-03T02:59:05Z,22.69,66.82,99,0,26.24,102.07,48.00,719.00,null,null,null
