TIME,TEMP,HUM,BATT,LIGHT,NOISE_A,PRESS,CCS811_VOCS,CCS811_ECO2,PM_1,PM_25,PM_10
ISO 8601,C,%,%,Lux,dBA,kPa,ppb,ppm,ug/m3,ug/m3,ug/m3
Time,Temperature,Humidity,Battery,Light,Noise dBA,Barometric pressure,VOC Gas CCS811,eCO2 Gas CCS811,PM 1.0,PM 2.5,PM 10.0
,55,56,10,14,53,58,113,112,89,87,88
2023-09-24T00:00:06Z,21.22,54.74,40,0,37.68,101.09,9.00,460.00,0,0,0
2023-09-24T00:01:06Z,21.25,54.74,39,0,27.12,101.09,8.00,459.00,null,null,null
2023-09-24T00:02:06Z,21.24,54.78,39,0,27.71,101.09,6.00,443.00,null,null,null
2023-09-24T00:03:06Z,21.24,54.71,39,0,36.02,101.09,9.00,460.00,null,null,null
2023-09-24T00:04:06Z,21.24,54.76,40,0,22.94,101.09,9.00,464.00,null,null,null
2023-09-24T00:05:06Z,21.22,54.73,40,0,28.39,101.09,9.00,463.00,0,0,0
2023-09-24T00:06:06Z,21.24,54.75,39,0,28.67,101.09,8.00,459.00,null,null,null
2023-09-24T00:07:06Z,21.22,54.78,39,0,31.35,101.09,9.00,463.00,null,null,null
2023-09-24T00:08:06Z,21.21,54.78,39,0,25.95,101.09,9.00,463.00,null,null,null
2023-09-24T00:09:06Z,21.21,54.75,39,0,37.53,101.09,9.00,463.00,null,null,null
2023-09-24T00:10:06Z,21.21,54.79,39,0,28.77,101.09,9.00,463.00,0,0,0
2023-09-24T00:11:06Z,21.21,54.76,39,0,26.62,101.09,9.00,460.00,null,null,null
2023-09-24T00:12:06Z,21.21,54.78,40,0,26.89,101.09,9.00,463.00,null,null,null
2023-09-24T00:13:06Z,21.20,54.78,38,0,25.06,101.09,9.00,463.00,null,null,null
2023-09-24T00:14:06Z,21.20,54.80,39,0,27.49,101.09,9.00,463.00,null,null,null
2023-09-24T00:15:06Z,21.20,54.77,39,0,24.68,101.09,9.00,463.00,3,3,3
2023-09-24T00:16:06Z,21.20,54.78,38,0,26.38,101.09,9.00,460.00,null,null,null
2023-09-24T00:17:06Z,21.18,54.77,39,0,23.45,101.09,9.00,463.00,null,null,null
2023-09-24T00:18:06Z,21.18,54.81,39,0,22.61,101.09,9.00,463.00,null,null,null
2023-09-24T00:19:06Z,21.18,54.80,39,0,28.28,101.09,9.00,463.00,null,null,null
2023-09-24T00:20:06Z,21.18,54.79,39,0,25.92,101.08,9.00,463.00,0,0,0
2023-09-24T00:21:06Z,21.17,54.82,38,0,33.48,101.08,9.00,460.00,null,null,null
2023-09-24T00:22:06Z,21.20,54.80,39,0,22.43,101.08,9.00,463.00,null,null,null
2023-09-24T00:23:06Z,21.15,54.79,39,0,25.62,101.08,9.00,463.00,null,null,null
2023-09-24T00:24:06Z,21.18,54.79,40,0,29.54,101.08,9.00,463.00,null,null,null
2023-09-24T00:25:06Z,21.15,54.83,39,0,28.09,101.09,9.00,463.00,0,0,0
2023-09-24T00:26:06Z,21.17,54.81,39,0,26.50,101.08,9.00,460.00,null,null,null
2023-09-24T00:27:06Z,21.17,54.82,38,0,25.41,101.08,9.00,463.00,null,null,null
2023-09-24T00:28:06Z,21.18,54.80,39,0,33.30,101.09,9.00,463.00,null,null,null
2023-09-24T00:29:06Z,21.15,54.80,38,0,27.80,101.08,9.00,463.00,null,null,null
2023-09-24T00:30:06Z,21.14,54.83,39,0,27.89,101.08,9.00,463.00,1,1,1
2023-09-24T00:31:06Z,21.14,54.82,38,0,28.09,101.08,9.00,463.00,null,null,null
2023-09-24T00:32:06Z,21.15,54.84,39,0,27.78,101.08,9.00,463.00,null,null,null
2023-09-24T00:33:06Z,21.14,54.81,38,0,30.05,101.08,9.00,463.00,null,null,null
2023-09-24T00:34:06Z,21.13,54.81,39,0,29.33,101.09,9.00,463.00,null,null,null
2023-09-24T00:35:06Z,21.13,54.86,38,0,23.10,101.09,9.00,463.00,0,0,0
2023-09-24T00:36:06Z,21.13,54.83,39,0,26.99,101.09,9.00,463.00,null,null,null
2023-09-24T00:37:06Z,21.14,54.81,39,0,28.63,101.09,9.00,463.00,null,null,null
2023-09-24T00:38:06Z,21.10,54.82,38,0,27.96,101.09,9.00,463.00,null,null,null
2023-09-24T00:39:06Z,21.13,54.88,38,0,24.35,101.09,9.00,463.00,null,null,null
2023-09-24T00:40:06Z,21.11,54.86,38,0,25.50,101.09,9.00,463.00,3,3,3
2023-09-24T00:41:06Z,21.13,54.85,38,0,24.54,101.09,9.00,463.00,null,null,null
2023-09-24T00:42:06Z,21.14,54.82,38,0,25.32,101.09,9.00,463.00,null,null,null
2023-09-24T00:43:06Z,21.13,54.83,39,0,26.38,101.09,9.00,463.00,null,null,null
2023-09-24T00:44:06Z,21.11,54.84,39,0,24.31,101.10,9.00,463.00,null,null,null
2023-09-24T00:45:06Z,21.10,54.89,38,0,35.36,101.09,9.00,463.00,1,1,1
2023-09-24T00:46:06Z,21.10,54.86,39,0,27.18,101.09,9.00,463.00,null,null,null
2023-09-24T00:47:06Z,21.10,54.90,38,0,29.16,101.09,10.00,470.00,null,null,null
2023-09-24T00:48:06Z,21.10,54.85,39,0,24.35,101.09,9.00,463.00,null,null,null
2023-09-24T00:49:06Z,21.10,54.81,38,0,27.40,101.09,9.00,463.00,null,null,null
2023-09-24T00:50:06Z,21.07,54.90,38,0,24.39,101.09,9.00,463.00,0,0,0
2023-09-24T00:51:06Z,21.10,54.89,39,0,27.44,101.09,9.00,463.00,null,null,null
2023-09-24T00:52:06Z,21.08,54.89,38,0,27.28,101.08,9.00,463.00,null,null,null
2023-09-24T00:53:06Z,21.10,54.86,39,0,28.12,101.08,9.00,463.00,null,null,null
2023-09-24T00:54:06Z,21.10,54.88,39,0,26.73,101.08,9.00,463.00,null,null,null
2023-09-24T00:55:06Z,21.05,54.90,38,0,25.59,101.07,9.00,463.00,1,1,1
2023-09-24T00:56:06Z,21.10,54.89,38,0,26.50,101.07,9.00,463.00,null,null,null
2023-09-24T00:57:06Z,21.10,54.86,38,0,25.41,101.08,9.00,463.00,null,null,null
2023-09-24T00:58:06Z,21.05,54.91,39,0,28.14,101.07,9.00,463.00,null,null,null
2023-09-24T00:59:06Z,21.05,54.91,38,0,30.39,101.07,9.00,463.00,null,null,null
2023-09-24T01:00:06Z,21.07,54.86,38,0,28.61,101.07,9.00,463.00,0,0,0
2023-09-24T01:01:06Z,21.05,54.94,39,0,31.45,101.07,9.00,463.00,null,null,null
2023-09-24T01:02:06Z,21.08,54.86,38,0,36.72,101.07,9.00,463.00,null,null,null
2023-09-24T01:03:06Z,21.05,54.86,38,0,24.11,101.07,9.00,463.00,null,null,null
2023-09-24T01:04:06Z,21.05,54.91,38,0,29.01,101.06,9.00,463.00,null,null,null
2023-09-24T01:05:06Z,21.05,54.92,39,0,24.72,101.06,9.00,463.00,2,2,2
2023-09-24T01:06:06Z,21.04,54.91,38,0,26.84,101.06,9.00,463.00,null,null,null
2023-09-24T01:07:06Z,21.07,54.92,38,0,33.01,101.06,9.00,463.00,null,null,null
2023-09-24T01:08:06Z,21.04,54.90,38,0,21.41,101.06,9.00,463.00,null,null,null
2023-09-24T01:09:06Z,21.05,54.87,38,0,27.38,101.07,9.00,463.00,null,null,null
2023-09-24T01:10:06Z,21.04,54.91,38,0,26.46,101.06,9.00,463.00,0,0,0
2023-09-24T01:11:06Z,21.08,54.94,38,0,31.79,101.06,9.00,463.00,null,null,null
2023-09-24T01:12:06Z,21.03,54.92,38,0,30.59,101.07,9.00,463.00,null,null,null
2023-09-24T01:13:06Z,21.05,54.93,38,0,27.44,101.06,9.00,463.00,null,null,null
2023-09-24T01:14:06Z,21.04,54.93,38,0,23.68,101.07,9.00,463.00,null,null,null
2023-09-24T01:15:06Z,21.01,54.91,38,0,26.60,101.07,9.00,463.00,0,0,0
2023-09-24T01:16:06Z,21.04,54.97,38,0,23.40,101.07,9.00,463.00,null,null,null
2023-09-24T01:17:06Z,21.03,54.93,38,0,22.99,101.06,9.00,460.00,null,null,null
2023-09-24T01:18:06Z,21.03,54.95,38,0,27.28,101.06,9.00,463.00,null,null,null
2023-09-24T01:19:06Z,21.03,54.97,38,0,28.47,101.06,9.00,460.00,null,null,null
2023-09-24T01:20:06Z,21.01,54.94,38,0,24.86,101.06,9.00,463.00,0,0,0
2023-09-24T01:21:06Z,21.01,54.97,38,0,25.09,101.06,9.00,463.00,null,null,null
2023-09-24T01:22:06Z,21.01,54.98,38,0,23.98,101.06,9.00,463.00,null,null,null
2023-09-24T01:23:06Z,21.00,55.00,38,0,25.03,101.06,9.00,463.00,null,null,null
2023-09-24T01:24:06Z,21.00,54.95,38,0,26.19,101.05,9.00,463.00,null,null,null
2023-09-24T01:25:06Z,21.01,54.99,38,0,26.82,101.05,9.00,463.00,0,0,0
2023-09-24T01:26:06Z,21.03,55.04,38,0,29.36,101.05,9.00,463.00,null,null,null
2023-09-24T01:27:06Z,21.00,54.99,38,0,27.22,101.05,9.00,463.00,null,null,null
2023-09-24T01:28:06Z,20.98,54.95,38,0,28.37,101.05,9.00,463.00,null,null,null
2023-09-24T01:29:06Z,21.00,55.00,38,0,23.20,101.04,9.00,463.00,null,null,null
2023-09-24T01:30:06Z,20.97,55.01,38,0,24.35,101.04,9.00,460.00,0,0,0
2023-09-24T01:31:06Z,20.98,55.00,38,0,23.15,101.04,9.00,463.00,null,null,null
2023-09-24T01:32:06Z,21.00,55.01,38,0,24.03,101.04,9.00,463.00,null,null,null
2023-09-24T01:33:06Z,21.01,55.00,38,0,26.06,101.04,9.00,463.00,null,null,null
2023-09-24T01:34:06Z,21.00,55.00,38,0,28.58,101.03,9.00,460.00,null,null,null
2023-09-24T01:35:06Z,20.98,54.99,38,0,26.95,101.04,9.00,463.00,0,0,0
2023-09-24T01:36:06Z,20.97,55.02,38,0,25.70,101.04,9.00,463.00,null,null,null
2023-09-24T01:37:06Z,20.98,55.02,38,0,27.44,101.04,9.00,460.00,null,null,null
2023-09-24T01:38:06Z,20.98,55.01,38,0,28.04,101.04,9.00,460.00,null,null,null
2023-09-24T01:39:06Z,20.97,55.02,38,0,26.57,101.04,9.00,460.00,null,null,null
2023-09-24T01:40:06Z,20.95,55.01,38,0,22.24,101.04,9.00,460.00,3,3,3
2023-09-24T01:41:06Z,20.97,55.00,38,0,25.67,101.04,9.00,460.00,null,null,null
2023-09-24T01:42:06Z,20.97,55.06,38,0,29.30,101.04,9.00,460.00,null,null,null
2023-09-24T01:43:06Z,20.97,55.06,38,0,27.08,101.05,9.00,463.00,null,null,null
2023-09-24T01:44:06Z,20.94,55.02,38,0,26.78,101.04,9.00,460.00,null,null,null
2023-09-24T01:45:06Z,20.94,55.03,38,0,30.62,101.04,9.00,460.00,0,0,0
2023-09-24T01:46:06Z,20.95,55.03,38,0,31.34,101.04,9.00,460.00,null,null,null
2023-09-24T01:47:06Z,20.97,55.02,38,0,27.22,101.03,9.00,460.00,null,null,null
2023-09-24T01:48:06Z,20.97,55.03,38,0,26.19,101.04,9.00,460.00,null,null,null
2023-09-24T01:49:06Z,20.94,55.02,38,0,28.28,101.04,9.00,460.00,null,null,null
2023-09-24T01:50:06Z,20.97,55.02,38,0,29.90,101.04,9.00,460.00,1,1,1
2023-09-24T01:51:06Z,20.97,55.05,38,0,28.52,101.04,9.00,460.00,null,null,null
2023-09-24T01:52:06Z,20.94,55.06,38,0,28.19,101.04,9.00,460.00,null,null,null
2023-09-24T01:53:06Z,20.97,54.99,38,0,24.07,101.04,9.00,460.00,null,null,null
2023-09-24T01:54:06Z,20.93,55.08,38,0,27.55,101.03,9.00,460.00,null,null,null
2023-09-24T01:55:06Z,20.94,55.06,38,0,25.87,101.04,9.00,460.00,1,1,1
2023-09-24T01:56:06Z,20.94,55.07,38,0,26.71,101.03,9.00,460.00,null,null,null
2023-09-24T01:57:06Z,20.93,55.04,38,0,33.76,101.04,9.00,460.00,null,null,null
2023-09-24T01:58:06Z,20.93,55.01,38,0,26.14,101.04,9.00,460.00,null,null,null
2023-09-24T01:59:06Z,20.93,55.04,38,0,23.54,101.04,9.00,460.00,null,null,null
2023-09-24T02:00:06Z,20.93,55.08,38,0,32.91,101.04,9.00,460.00,1,2,2
2023-09-24T02:01:06Z,20.91,55.04,38,0,30.75,101.04,9.00,460.00,null,null,null
2023-09-24T02:02:06Z,20.93,55.07,38,0,30.49,101.04,9.00,460.00,null,null,null
2023-09-24T02:03:06Z,20.91,55.09,38,0,29.79,101.04,9.00,460.00,null,null,null
2023-09-24T02:04:06Z,20.90,55.11,38,0,26.60,101.04,8.00,454.00,null,null,null
2023-09-24T02:05:06Z,20.90,55.10,38,0,24.68,101.04,9.00,460.00,0,0,0
2023-09-24T02:06:06Z,20.93,55.09,38,0,24.35,101.04,9.00,460.00,null,null,null
2023-09-24T02:07:06Z,20.90,55.13,38,0,28.70,101.04,9.00,460.00,null,null,null
2023-09-24T02:08:06Z,20.93,55.08,38,0,29.78,101.04,9.00,460.00,null,null,null
2023-09-24T02:09:06Z,20.90,55.10,38,0,25.84,101.04,8.00,454.00,null,null,null
2023-09-24T02:10:06Z,20.91,55.10,38,0,27.75,101.04,8.00,454.00,0,0,0
2023-09-24T02:11:06Z,20.88,55.09,37,0,29.56,101.03,8.00,454.00,null,null,null
2023-09-24T02:12:06Z,20.87,55.07,38,0,26.80,101.04,8.00,454.00,null,null,null
2023-09-24T02:13:06Z,20.90,55.11,38,0,26.87,101.04,7.00,450.00,null,null,null
2023-09-24T02:14:06Z,20.90,55.08,38,0,25.29,101.03,7.00,450.00,null,null,null
2023-09-24T02:15:06Z,20.88,55.12,38,0,28.54,101.03,7.00,450.00,2,2,2
2023-09-24T02:16:06Z,20.90,55.10,38,0,28.78,101.03,7.00,450.00,null,null,null
2023-09-24T02:17:06Z,20.88,55.12,38,0,29.05,101.03,7.00,450.00,null,null,null
2023-09-24T02:18:06Z,20.88,55.12,38,0,27.20,101.03,7.00,450.00,null,null,null
2023-09-24T02:19:06Z,20.88,55.10,38,0,28.04,101.03,7.00,450.00,null,null,null
2023-09-24T02:20:06Z,20.88,55.13,38,0,29.08,101.03,7.00,450.00,1,1,1
2023-09-24T02:21:06Z,20.90,55.10,37,0,28.63,101.03,7.00,450.00,null,null,null
2023-09-24T02:22:06Z,20.90,55.11,37,0,26.78,101.03,7.00,450.00,null,null,null
2023-09-24T02:23:06Z,20.87,55.13,38,0,27.77,101.03,7.00,450.00,null,null,null
2023-09-24T02:24:06Z,20.88,55.16,37,0,24.27,101.03,7.00,450.00,null,null,null
2023-09-24T02:25:06Z,20.90,55.16,38,0,26.21,101.03,8.00,454.00,1,1,1
2023-09-24T02:26:06Z,20.87,55.14,38,0,27.44,101.03,7.00,450.00,null,null,null
2023-09-24T02:27:06Z,20.87,55.13,37,0,27.82,101.03,8.00,454.00,null,null,null
2023-09-24T02:28:06Z,20.86,55.12,38,0,26.36,101.03,8.00,454.00,null,null,null
2023-09-24T02:29:06Z,20.83,55.10,38,0,27.22,101.03,8.00,454.00,null,null,null
2023-09-24T02:30:06Z,20.86,55.14,38,0,28.81,101.03,8.00,454.00,0,0,0
2023-09-24T02:31:06Z,20.86,55.13,38,0,28.31,101.03,6.00,445.00,null,null,null
2023-09-24T02:32:06Z,20.88,55.12,38,0,30.14,101.03,8.00,454.00,null,null,null
2023-09-24T02:33:06Z,20.86,55.13,38,0,23.68,101.03,8.00,454.00,null,null,null
2023-09-24T02:34:06Z,20.86,55.14,38,0,27.55,101.02,8.00,454.00,null,null,null
2023-09-24T02:35:06Z,20.84,55.15,38,0,29.72,101.02,8.00,454.00,1,1,1
2023-09-24T02:36:06Z,20.86,55.14,38,0,27.75,101.02,7.00,450.00,null,null,null
2023-09-24T02:37:06Z,20.86,55.09,37,0,27.69,101.02,8.00,454.00,null,null,null
2023-09-24T02:38:06Z,20.84,55.12,38,0,28.68,101.02,8.00,454.00,null,null,null
2023-09-24T02:39:06Z,20.83,55.13,38,0,28.04,101.02,8.00,454.00,null,null,null
2023-09-24T02:40:06Z,20.86,55.12,37,0,26.93,101.01,8.00,454.00,4,4,4
2023-09-24T02:41:06Z,20.86,55.15,37,0,24.61,101.01,6.00,445.00,null,null,null
2023-09-24T02:42:06Z,20.80,55.16,38,0,29.92,101.02,8.00,454.00,null,null,null
2023-09-24T02:43:06Z,20.83,55.10,38,0,30.55,101.01,8.00,454.00,null,null,null
2023-09-24T02:44:06Z,20.84,55.12,38,0,29.74,101.01,7.00,450.00,null,null,null
2023-09-24T02:45:06Z,20.81,55.13,37,0,30.74,101.01,8.00,454.00,1,1,1
2023-09-24T02:46:06Z,20.84,55.20,37,0,34.59,101.02,6.00,445.00,null,null,null
2023-09-24T02:47:06Z,20.84,55.17,38,0,34.27,101.01,7.00,450.00,null,null,null
2023-09-24T02:48:06Z,20.81,55.13,37,0,26.73,101.02,7.00,450.00,null,null,null
2023-09-24T02:49:06Z,20.81,55.17,38,0,27.14,101.01,7.00,450.00,null,null,null
2023-09-24T02:50:06Z,20.81,55.16,38,0,25.98,101.01,7.00,450.00,0,0,0
2023-09-24T02:51:06Z,20.83,55.19,37,0,27.51,101.01,6.00,445.00,null,null,null
2023-09-24T02:52:06Z,20.80,55.15,37,0,24.65,101.01,7.00,450.00,null,null,null
2023-09-24T02:53:06Z,20.81,55.16,38,0,25.00,101.01,7.00,450.00,null,null,null
2023-09-24T02:54:06Z,20.81,55.19,37,0,28.25,101.01,7.00,450.00,null,null,null
2023-09-24T02:55:06Z,20.80,55.20,37,0,24.27,101.01,7.00,450.00,1,1,1
2023-09-24T02:56:06Z,20.81,55.16,37,0,27.55,101.01,6.00,445.00,null,null,null
2023-09-24T02:57:06Z,20.80,55.20,37,0,30.56,101.00,7.00,450.00,null,null,null
2023-09-24T02:58:06Z,20.80,55.21,38,0,27.40,101.01,7.00,450.00,null,null,null
2023-09-24T02:59:06Z,20.77,55.19,37,0,29.15,101.01,7.00,450.00,null,null,null
