TIME,TEMP,HUM,BATT,LIGHT,NOISE_A,PRESS,CCS811_VOCS,CCS811_ECO2,PM_1,PM_25,PM_10
ISO 8601,C,%,%,Lux,dBA,kPa,ppb,ppm,ug/m3,ug/m3,ug/m3
Time,Temperature,Humidity,Battery,Light,Noise dBA,Barometric pressure,VOC Gas CCS811,eCO2 Gas CCS811,PM 1.0,PM 2.5,PM 10.0
,55,56,10,14,53,58,113,112,89,87,88
2023-08-13T00:00:33Z,22.63,64.72,99,0,43.45,100.89,53.00,754.00,2,2,2
2023-08-13T00:01:33Z,22.67,64.65,99,0,46.11,100.89,53.00,754.00,null,null,null
2023-08-13T00:02:33Z,22.67,64.71,99,0,44.58,100.89,54.00,761.00,null,null,null
2023-08-13T00:03:33Z,22.67,64.68,99,0,45.20,100.89,54.00,761.00,null,null,null
2023-08-13T00:04:33Z,22.69,64.71,99,0,38.85,100.89,54.00,761.00,null,null,null
2023-08-13T00:05:33Z,22.70,64.59,99,0,40.39,100.89,54.00,761.00,1,1,1
2023-08-13T00:06:33Z,22.66,64.63,99,0,43.86,100.89,54.00,761.00,null,null,null
2023-08-13T00:07:33Z,22.67,64.66,99,0,38.83,100.89,54.00,761.00,null,null,null
2023-08-13T00:08:33Z,22.67,64.62,99,0,43.41,100.89,54.00,761.00,null,null,null
2023-08-13T00:09:33Z,22.67,64.64,99,0,41.61,100.89,54.00,761.00,null,null,null
2023-08-13T00:10:33Z,22.67,64.69,99,0,41.55,100.89,54.00,761.00,2,2,2
2023-08-13T00:11:33Z,22.69,64.66,99,0,41.58,100.89,56.00,768.00,null,null,null
2023-08-13T00:12:33Z,22.72,64.61,99,0,43.15,100.89,56.00,768.00,null,null,null
2023-08-13T00:13:33Z,22.70,64.62,99,0,42.90,100.90,56.00,768.00,null,null,null
2023-08-13T00:14:33Z,22.70,64.65,99,0,35.04,100.89,56.00,768.00,null,null,null
2023-08-13T00:15:33Z,22.69,64.66,99,0,42.43,100.89,56.00,768.00,0,0,0
2023-08-13T00:16:33Z,22.70,64.68,99,0,42.80,100.89,56.00,768.00,null,null,null
2023-08-13T00:17:33Z,22.75,64.66,99,0,43.83,100.89,56.00,768.00,null,null,null
2023-08-13T00:18:33Z,22.75,64.68,99,0,44.20,100.89,54.00,761.00,null,null,null
2023-08-13T00:19:33Z,22.72,64.70,99,0,42.57,100.89,53.00,752.00,null,null,null
2023-08-13T00:20:33Z,22.70,64.70,99,0,42.71,100.89,56.00,768.00,0,0,0
2023-08-13T00:21:33Z,22.72,64.68,99,0,37.57,100.89,56.00,768.00,null,null,null
2023-08-13T00:22:33Z,22.75,64.72,99,0,44.34,100.89,57.00,780.00,null,null,null
2023-08-13T00:23:33Z,22.77,64.66,99,0,47.01,100.89,56.00,770.00,null,null,null
2023-08-13T00:24:33Z,22.76,64.71,99,0,37.65,100.89,54.00,761.00,null,null,null
2023-08-13T00:25:33Z,22.77,64.71,99,0,39.99,100.89,54.00,761.00,5,5,5
2023-08-13T00:26:33Z,22.75,64.71,99,0,39.26,100.89,54.00,761.00,null,null,null
2023-08-13T00:27:33Z,22.75,64.75,99,0,40.57,100.89,54.00,761.00,null,null,null
2023-08-13T00:28:33Z,22.77,64.81,99,0,43.89,100.90,53.00,752.00,null,null,null
2023-08-13T00:29:33Z,22.77,64.76,99,0,41.76,100.90,53.00,752.00,null,null,null
2023-08-13T00:30:33Z,22.75,64.69,99,0,42.00,100.90,53.00,752.00,3,6,6
2023-08-13T00:31:33Z,22.77,64.78,99,0,39.73,100.90,54.00,761.00,null,null,null
2023-08-13T00:32:33Z,22.77,64.66,99,0,38.97,100.90,53.00,752.00,null,null,null
2023-08-13T00:33:33Z,22.77,64.70,99,0,36.94,100.90,53.00,752.00,null,null,null
2023-08-13T00:34:33Z,22.80,64.73,99,0,37.25,100.89,54.00,761.00,null,null,null
2023-08-13T00:35:33Z,22.77,64.72,99,0,39.67,100.89,54.00,761.00,1,1,1
2023-08-13T00:36:33Z,22.79,64.77,99,0,41.53,100.89,56.00,770.00,null,null,null
2023-08-13T00:37:33Z,22.80,64.79,99,0,41.37,100.89,53.00,752.00,null,null,null
2023-08-13T00:38:33Z,22.79,64.72,99,0,36.57,100.90,53.00,752.00,null,null,null
2023-08-13T00:39:33Z,22.77,64.73,99,0,38.16,100.89,54.00,761.00,null,null,null
2023-08-13T00:40:33Z,22.80,64.67,99,0,32.71,100.89,54.00,761.00,1,1,1
2023-08-13T00:41:33Z,22.82,64.66,99,0,38.57,100.89,54.00,761.00,null,null,null
2023-08-13T00:42:33Z,22.83,64.71,99,0,40.80,100.89,54.00,761.00,null,null,null
2023-08-13T00:43:33Z,22.82,64.69,99,0,40.44,100.90,54.00,761.00,null,null,null
2023-08-13T00:44:33Z,22.80,64.67,99,0,41.96,100.90,54.00,761.00,null,null,null
2023-08-13T00:45:33Z,22.80,64.73,99,0,42.23,100.89,54.00,761.00,0,0,0
2023-08-13T00:46:33Z,22.83,64.70,99,0,43.67,100.89,54.00,761.00,null,null,null
2023-08-13T00:47:33Z,22.83,64.65,99,0,40.10,100.89,54.00,761.00,null,null,null
2023-08-13T00:48:33Z,22.83,64.67,99,0,37.40,100.89,54.00,761.00,null,null,null
2023-08-13T00:49:33Z,22.82,64.65,99,0,33.59,100.89,54.00,761.00,null,null,null
2023-08-13T00:50:33Z,22.82,64.67,99,0,42.28,100.89,54.00,761.00,0,0,0
2023-08-13T00:51:33Z,22.83,64.64,99,0,36.12,100.89,54.00,761.00,null,null,null
2023-08-13T00:52:33Z,22.82,64.62,99,0,39.58,100.89,54.00,761.00,null,null,null
2023-08-13T00:53:33Z,22.84,64.60,99,0,40.82,100.89,54.00,761.00,null,null,null
2023-08-13T00:54:33Z,22.83,64.67,99,0,39.66,100.89,54.00,761.00,null,null,null
2023-08-13T00:55:33Z,22.80,64.69,99,0,39.38,100.89,54.00,761.00,4,5,5
2023-08-13T00:56:33Z,22.82,64.64,99,0,38.73,100.89,54.00,761.00,null,null,null
2023-08-13T00:57:33Z,22.86,64.62,99,0,39.21,100.89,54.00,761.00,null,null,null
2023-08-13T00:58:33Z,22.86,64.60,99,0,40.93,100.89,54.00,761.00,null,null,null
2023-08-13T00:59:33Z,22.84,64.58,99,0,37.30,100.89,53.00,752.00,null,null,null
2023-08-13T01:00:33Z,22.83,64.60,99,0,40.27,100.89,53.00,752.00,3,4,4
2023-08-13T01:01:33Z,22.86,64.62,99,0,41.23,100.88,53.00,752.00,null,null,null
2023-08-13T01:02:33Z,22.86,64.60,99,0,37.21,100.89,53.00,752.00,null,null,null
2023-08-13T01:03:33Z,22.86,64.64,99,0,40.40,100.89,53.00,752.00,null,null,null
2023-08-13T01:04:33Z,22.84,64.68,99,0,48.79,100.88,53.00,752.00,null,null,null
2023-08-13T01:05:33Z,22.84,64.63,99,0,44.55,100.88,54.00,761.00,2,2,2
2023-08-13T01:06:33Z,22.86,64.65,99,0,40.71,100.89,54.00,761.00,null,null,null
2023-08-13T01:07:33Z,22.86,64.62,99,0,41.10,100.88,54.00,761.00,null,null,null
2023-08-13T01:08:33Z,22.86,64.57,99,0,46.46,100.88,53.00,752.00,null,null,null
2023-08-13T01:09:33Z,22.86,64.59,99,0,48.20,100.88,53.00,752.00,null,null,null
2023-08-13T01:10:33Z,22.86,64.65,99,0,46.09,100.88,53.00,752.00,1,1,1
2023-08-13T01:11:33Z,22.87,64.64,99,0,34.94,100.88,54.00,761.00,null,null,null
2023-08-13T01:12:33Z,22.86,64.66,99,0,38.22,100.88,53.00,752.00,null,null,null
2023-08-13T01:13:33Z,22.89,64.61,99,0,44.47,100.88,53.00,752.00,null,null,null
2023-08-13T01:14:33Z,22.87,64.58,99,0,42.11,100.88,53.00,752.00,null,null,null
2023-08-13T01:15:33Z,22.86,64.56,99,0,36.99,100.88,52.00,744.00,2,2,2
2023-08-13T01:16:33Z,22.90,64.54,99,0,40.16,100.88,52.00,744.00,null,null,null
2023-08-13T01:17:33Z,22.89,64.57,99,0,37.84,100.88,53.00,752.00,null,null,null
2023-08-13T01:18:33Z,22.87,64.58,99,0,37.63,100.88,53.00,752.00,null,null,null
2023-08-13T01:19:33Z,22.87,64.62,99,0,43.56,100.88,53.00,752.00,null,null,null
2023-08-13T01:20:33Z,22.89,64.68,99,0,42.14,100.89,53.00,752.00,2,2,2
2023-08-13T01:21:33Z,22.89,64.71,99,0,38.46,100.88,53.00,752.00,null,null,null
2023-08-13T01:22:33Z,22.90,64.74,99,0,47.53,100.89,53.00,752.00,null,null,null
2023-08-13T01:23:33Z,22.90,64.68,99,0,42.02,100.88,53.00,752.00,null,null,null
2023-08-13T01:24:33Z,22.89,64.70,99,0,39.02,100.89,53.00,752.00,null,null,null
2023-08-13T01:25:33Z,22.89,64.72,99,0,43.11,100.89,53.00,752.00,2,2,2
2023-08-13T01:26:33Z,22.90,64.71,99,0,46.46,100.89,53.00,752.00,null,null,null
2023-08-13T01:27:33Z,22.89,64.76,99,0,37.03,100.89,53.00,752.00,null,null,null
2023-08-13T01:28:33Z,22.92,64.71,99,0,39.83,100.88,52.00,744.00,null,null,null
2023-08-13T01:29:33Z,22.90,64.73,99,0,43.16,100.89,53.00,752.00,null,null,null
2023-08-13T01:30:33Z,22.90,64.70,99,0,42.67,100.89,53.00,752.00,1,1,1
2023-08-13T01:31:33Z,22.89,64.71,99,0,41.71,100.89,54.00,761.00,null,null,null
2023-08-13T01:32:33Z,22.93,64.72,99,0,42.78,100.89,53.00,752.00,null,null,null
2023-08-13T01:33:33Z,22.92,64.66,99,0,43.79,100.88,53.00,752.00,null,null,null
2023-08-13T01:34:33Z,22.92,64.69,99,0,40.02,100.89,53.00,752.00,null,null,null
2023-08-13T01:35:33Z,22.92,64.68,99,0,42.01,100.89,53.00,752.00,3,3,3
2023-08-13T01:36:33Z,22.92,64.65,99,0,40.19,100.88,52.00,744.00,null,null,null
2023-08-13T01:37:33Z,22.94,64.65,99,0,41.29,100.88,52.00,744.00,null,null,null
2023-08-13T01:38:33Z,22.93,64.69,99,0,42.51,100.89,52.00,744.00,null,null,null
2023-08-13T01:39:33Z,22.94,64.65,99,0,43.41,100.88,52.00,744.00,null,null,null
2023-08-13T01:40:33Z,22.93,64.67,99,0,43.84,100.89,53.00,752.00,0,0,0
2023-08-13T01:41:33Z,22.94,64.60,99,0,47.59,100.89,53.00,752.00,null,null,null
2023-08-13T01:42:33Z,22.94,64.66,99,0,39.85,100.88,53.00,752.00,null,null,null
2023-08-13T01:43:33Z,22.94,64.64,99,0,41.70,100.88,53.00,752.00,null,null,null
2023-08-13T01:44:33Z,22.94,64.66,99,0,44.90,100.88,52.00,744.00,null,null,null
2023-08-13T01:45:33Z,22.93,64.68,99,0,43.32,100.88,53.00,752.00,1,1,1
2023-08-13T01:46:33Z,22.93,64.64,99,0,45.99,100.88,53.00,752.00,null,null,null
2023-08-13T01:47:33Z,22.96,64.64,99,0,41.30,100.88,53.00,752.00,null,null,null
2023-08-13T01:48:33Z,22.96,64.60,99,0,37.52,100.88,52.00,744.00,null,null,null
2023-08-13T01:49:33Z,22.97,64.59,99,0,42.18,100.88,52.00,744.00,null,null,null
2023-08-13T01:50:33Z,22.94,64.64,99,0,39.70,100.88,52.00,744.00,4,4,4
2023-08-13T01:51:33Z,22.94,64.61,99,0,42.12,100.88,52.00,744.00,null,null,null
2023-08-13T01:52:33Z,22.96,64.59,99,0,42.56,100.88,52.00,744.00,null,null,null
2023-08-13T01:53:33Z,22.96,64.63,99,0,40.96,100.87,52.00,744.00,null,null,null
2023-08-13T01:54:33Z,22.96,64.66,99,0,50.21,100.87,52.00,744.00,null,null,null
2023-08-13T01:55:33Z,22.94,64.69,99,0,45.12,100.87,52.00,744.00,0,0,0
2023-08-13T01:56:33Z,22.99,64.68,99,0,41.57,100.87,52.00,744.00,null,null,null
2023-08-13T01:57:33Z,22.97,64.60,99,0,41.54,100.86,52.00,744.00,null,null,null
2023-08-13T01:58:33Z,22.99,64.60,99,0,42.25,100.87,50.00,733.00,null,null,null
2023-08-13T01:59:33Z,22.94,64.60,99,0,36.52,100.87,52.00,744.00,null,null,null
2023-08-13T02:00:33Z,22.97,64.63,99,0,46.52,100.87,52.00,744.00,0,0,0
2023-08-13T02:01:33Z,22.97,64.63,99,0,42.49,100.87,50.00,733.00,null,null,null
2023-08-13T02:02:33Z,23.00,64.60,99,0,42.50,100.87,50.00,733.00,null,null,null
2023-08-13T02:03:33Z,23.00,64.61,99,0,44.10,100.87,50.00,733.00,null,null,null
2023-08-13T02:04:33Z,22.97,64.59,99,0,43.69,100.88,50.00,733.00,null,null,null
2023-08-13T02:05:33Z,22.97,64.62,99,0,46.52,100.87,49.00,726.00,0,1,1
2023-08-13T02:06:33Z,22.99,64.59,99,0,42.98,100.87,49.00,726.00,null,null,null
2023-08-13T02:07:33Z,22.99,64.57,99,0,45.65,100.87,49.00,726.00,null,null,null
2023-08-13T02:08:33Z,22.97,64.61,99,0,40.99,100.87,49.00,726.00,null,null,null
2023-08-13T02:09:33Z,22.97,64.63,99,0,45.14,100.87,49.00,726.00,null,null,null
2023-08-13T02:10:33Z,22.96,64.63,99,0,46.05,100.87,49.00,726.00,1,1,1
2023-08-13T02:11:33Z,22.99,64.68,99,0,42.75,100.87,49.00,726.00,null,null,null
2023-08-13T02:12:33Z,23.02,64.56,99,0,42.15,100.87,49.00,726.00,null,null,null
2023-08-13T02:13:33Z,22.97,64.65,99,0,47.27,100.87,49.00,726.00,null,null,null
2023-08-13T02:14:33Z,22.97,64.69,99,0,44.19,100.87,49.00,726.00,null,null,null
2023-08-13T02:15:33Z,22.99,64.72,99,0,37.06,100.87,49.00,726.00,0,0,0
2023-08-13T02:16:33Z,23.00,64.69,99,0,44.12,100.87,49.00,726.00,null,null,null
2023-08-13T02:17:33Z,23.02,64.71,99,0,42.37,100.87,49.00,726.00,null,null,null
2023-08-13T02:18:33Z,22.99,64.68,99,0,38.47,100.87,49.00,726.00,null,null,null
2023-08-13T02:19:33Z,23.00,64.63,99,0,43.55,100.87,49.00,726.00,null,null,null
2023-08-13T02:20:33Z,22.99,64.64,99,0,44.12,100.87,49.00,726.00,2,2,2
2023-08-13T02:21:33Z,23.00,64.65,99,0,48.21,100.87,49.00,726.00,null,null,null
2023-08-13T02:22:33Z,22.99,64.62,99,0,45.61,100.86,49.00,726.00,null,null,null
2023-08-13T02:23:33Z,23.00,64.67,99,0,40.81,100.87,49.00,726.00,null,null,null
2023-08-13T02:24:33Z,22.99,64.71,99,0,45.58,100.86,49.00,726.00,null,null,null
2023-08-13T02:25:33Z,23.02,64.67,99,0,43.77,100.87,49.00,726.00,2,2,2
2023-08-13T02:26:33Z,23.03,64.68,99,0,39.35,100.87,49.00,726.00,null,null,null
2023-08-13T02:27:33Z,23.02,64.67,99,0,38.91,100.87,50.00,733.00,null,null,null
2023-08-13T02:28:33Z,23.00,64.62,99,0,35.94,100.87,49.00,726.00,null,null,null
2023-08-13T02:29:33Z,23.00,64.64,99,0,40.50,100.86,49.00,726.00,null,null,null
2023-08-13T02:30:33Z,23.00,64.72,99,0,43.02,100.86,49.00,726.00,1,1,1
2023-08-13T02:31:33Z,23.02,64.69,99,0,41.39,100.86,49.00,726.00,null,null,null
2023-08-13T02:32:33Z,23.02,64.66,99,0,45.80,100.86,49.00,726.00,null,null,null
2023-08-13T02:33:33Z,23.02,64.66,99,0,48.49,100.86,49.00,726.00,null,null,null
2023-08-13T02:34:33Z,23.06,64.63,99,0,44.24,100.86,49.00,726.00,null,null,null
2023-08-13T02:35:33Z,23.02,64.62,99,0,48.15,100.87,47.00,714.00,1,1,1
2023-08-13T02:36:33Z,23.03,64.60,99,0,39.27,100.86,47.00,714.00,null,null,null
2023-08-13T02:37:33Z,23.04,64.55,99,0,37.28,100.86,47.00,714.00,null,null,null
2023-08-13T02:38:33Z,23.04,64.60,99,0,47.19,100.86,47.00,714.00,null,null,null
2023-08-13T02:39:33Z,23.02,64.62,99,0,41.28,100.87,47.00,714.00,null,null,null
2023-08-13T02:40:33Z,23.03,64.61,99,0,41.86,100.87,47.00,714.00,1,1,1
2023-08-13T02:41:33Z,23.03,64.59,99,0,36.59,100.87,47.00,714.00,null,null,null
2023-08-13T02:42:33Z,23.02,64.64,99,0,41.07,100.86,47.00,714.00,null,null,null
2023-08-13T02:43:33Z,23.03,64.63,99,0,45.79,100.86,47.00,714.00,null,null,null
2023-08-13T02:44:33Z,23.03,64.64,99,0,41.84,100.86,47.00,714.00,null,null,null
2023-08-13T02:45:33Z,23.00,64.66,99,0,40.83,100.86,47.00,714.00,1,1,1
2023-08-13T02:46:33Z,23.04,64.66,99,0,43.57,100.86,46.00,702.00,null,null,null
2023-08-13T02:47:33Z,23.03,64.64,99,0,39.42,100.86,47.00,714.00,null,null,null
2023-08-13T02:48:33Z,23.04,64.66,99,0,39.81,100.86,47.00,714.00,null,null,null
2023-08-13T02:49:33Z,23.06,64.64,99,0,42.29,100.86,47.00,714.00,null,null,null
2023-08-13T02:50:33Z,23.03,64.67,99,0,41.69,100.86,47.00,714.00,1,1,7
2023-08-13T02:51:33Z,23.02,64.64,99,0,44.39,100.86,47.00,714.00,null,null,null
2023-08-13T02:52:33Z,23.04,64.60,99,0,48.93,100.85,46.00,702.00,null,null,null
2023-08-13T02:53:33Z,23.03,64.66,99,0,44.83,100.85,47.00,714.00,null,null,null
2023-08-13T02:54:33Z,23.02,64.66,99,0,43.28,100.85,46.00,702.00,null,null,null
2023-08-13T02:55:33Z,23.03,64.64,99,0,40.23,100.85,46.00,702.00,2,2,2
2023-08-13T02:56:33Z,23.06,64.65,99,0,42.18,100.85,47.00,714.00,null,null,null
2023-08-13T02:57:33Z,23.03,64.64,99,0,40.61,100.85,47.00,714.00,null,null,null
2023-08-13T02:58:33Z,23.07,64.66,99,0,42.77,100.85,47.00,714.00,null,null,null
2023-08-13T02:59:33Z,23.07,64.69,99,0,39.71,100.85,47.00,714.00,null,null,null
