TIME,TEMP,HUM,BATT,LIGHT,NOISE_A,PRESS,CCS811_VOCS,CCS811_ECO2,PM_1,PM_25,PM_10
ISO 8601,C,%,%,Lux,dBA,kPa,ppb,ppm,ug/m3,ug/m3,ug/m3
Time,Temperature,Humidity,Battery,Light,Noise dBA,Barometric pressure,VOC Gas CCS811,eCO2 Gas CCS811,PM 1.0,PM 2.5,PM 10.0
,55,56,10,14,53,58,113,112,89,87,88
2023-09-10T00:00:05Z,25.60,66.30,99,0,25.09,101.00,11.00,478.00,26,36,36
2023-09-10T00:01:05Z,25.60,66.30,99,0,25.59,101.00,10.00,472.00,null,null,null
2023-09-10T00:02:05Z,25.60,66.27,99,0,25.90,101.00,10.00,472.00,null,null,null
2023-09-10T00:03:05Z,25.60,66.34,99,0,28.51,101.00,11.00,478.00,null,null,null
2023-09-10T00:04:05Z,25.60,66.36,99,0,24.07,101.00,10.00,472.00,null,null,null
2023-09-10T00:05:05Z,25.60,66.38,99,0,27.38,101.00,10.00,472.00,29,44,44
2023-09-10T00:06:05Z,25.62,66.35,99,0,27.08,101.00,11.00,478.00,null,null,null
2023-09-10T00:07:05Z,25.62,66.34,99,0,23.90,101.00,10.00,472.00,null,null,null
2023-09-10T00:08:05Z,25.62,66.35,99,0,27.26,100.99,10.00,472.00,null,null,null
2023-09-10T00:09:05Z,25.60,66.36,99,0,28.20,100.99,11.00,478.00,null,null,null
2023-09-10T00:10:05Z,25.58,66.39,99,0,27.20,100.99,11.00,478.00,25,38,38
2023-09-10T00:11:05Z,25.60,66.40,99,0,23.77,100.99,11.00,478.00,null,null,null
2023-09-10T00:12:05Z,25.60,66.34,99,0,21.64,100.99,11.00,478.00,null,null,null
2023-09-10T00:13:05Z,25.60,66.39,99,0,28.66,100.99,10.00,472.00,null,null,null
2023-09-10T00:14:05Z,25.58,66.39,99,0,25.84,100.99,11.00,478.00,null,null,null
2023-09-10T00:15:05Z,25.60,66.40,99,0,26.06,100.99,10.00,472.00,24,31,31
2023-09-10T00:16:05Z,25.60,66.43,99,0,23.72,100.99,11.00,478.00,null,null,null
2023-09-10T00:17:05Z,25.57,66.38,99,0,24.03,100.98,11.00,478.00,null,null,null
2023-09-10T00:18:05Z,25.60,66.41,99,0,23.63,100.99,11.00,478.00,null,null,null
2023-09-10T00:19:05Z,25.58,66.38,99,0,22.37,100.99,11.00,478.00,null,null,null
2023-09-10T00:20:05Z,25.60,66.39,99,0,26.16,100.99,11.00,478.00,19,31,31
2023-09-10T00:21:05Z,25.57,66.41,99,0,28.81,100.99,11.00,478.00,null,null,null
2023-09-10T00:22:05Z,25.58,66.38,99,0,22.94,100.99,12.00,482.00,null,null,null
2023-09-10T00:23:05Z,25.60,66.39,99,0,23.10,100.98,11.00,478.00,null,null,null
2023-09-10T00:24:05Z,25.60,66.39,99,0,25.13,100.98,11.00,478.00,null,null,null
2023-09-10T00:25:05Z,25.58,66.45,99,0,26.99,100.98,11.00,478.00,22,29,29
2023-09-10T00:26:05Z,25.58,66.46,99,0,26.38,100.98,12.00,482.00,null,null,null
2023-09-10T00:27:05Z,25.58,66.39,99,0,26.08,100.98,11.00,478.00,null,null,null
2023-09-10T00:28:05Z,25.60,66.39,99,0,27.82,100.98,11.00,478.00,null,null,null
2023-09-10T00:29:05Z,25.58,66.39,99,0,24.58,100.98,12.00,482.00,null,null,null
2023-09-10T00:30:05Z,25.58,66.42,99,0,32.37,100.98,12.00,482.00,29,40,40
2023-09-10T00:31:05Z,25.60,66.43,99,0,27.34,100.98,11.00,478.00,null,null,null
2023-09-10T00:32:05Z,25.60,66.44,99,0,25.84,100.98,12.00,482.00,null,null,null
2023-09-10T00:33:05Z,25.58,66.43,99,0,27.73,100.98,12.00,482.00,null,null,null
2023-09-10T00:34:05Z,25.58,66.44,99,0,25.82,100.98,12.00,482.00,null,null,null
2023-09-10T00:35:05Z,25.60,66.48,99,0,23.59,100.98,12.00,482.00,25,40,40
2023-09-10T00:36:05Z,25.60,66.41,99,0,22.66,100.98,10.00,472.00,null,null,null
2023-09-10T00:37:05Z,25.60,66.42,99,0,27.75,100.98,12.00,482.00,null,null,null
2023-09-10T00:38:05Z,25.58,66.37,99,0,26.91,100.98,12.00,482.00,null,null,null
2023-09-10T00:39:05Z,25.58,66.40,99,0,24.43,100.98,12.00,482.00,null,null,null
2023-09-10T00:40:05Z,25.58,66.45,99,0,23.20,100.98,12.00,482.00,31,42,42
2023-09-10T00:41:05Z,25.57,66.44,99,0,31.20,100.98,11.00,478.00,null,null,null
2023-09-10T00:42:05Z,25.60,66.44,99,0,27.16,100.98,12.00,482.00,null,null,null
2023-09-10T00:43:05Z,25.58,66.42,99,0,21.26,100.98,12.00,485.00,null,null,null
2023-09-10T00:44:05Z,25.57,66.46,99,0,24.96,100.98,12.00,485.00,null,null,null
2023-09-10T00:45:05Z,25.57,66.46,99,0,26.06,100.98,12.00,485.00,34,43,43
2023-09-10T00:46:05Z,25.57,66.49,99,0,25.87,100.98,12.00,482.00,null,null,null
2023-09-10T00:47:05Z,25.58,66.45,99,0,24.83,100.98,12.00,482.00,null,null,null
2023-09-10T00:48:05Z,25.58,66.42,99,0,22.78,100.98,12.00,485.00,null,null,null
2023-09-10T00:49:05Z,25.57,66.45,99,0,24.89,100.98,12.00,485.00,null,null,null
2023-09-10T00:50:05Z,25.56,66.47,99,0,27.53,100.98,12.00,485.00,22,35,35
2023-09-10T00:51:05Z,25.57,66.46,99,0,24.43,100.98,12.00,482.00,null,null,null
2023-09-10T00:52:05Z,25.62,66.44,99,0,24.61,100.98,12.00,485.00,null,null,null
2023-09-10T00:53:05Z,25.57,66.44,99,0,29.67,100.98,12.00,485.00,null,null,null
2023-09-10T00:54:05Z,25.57,66.49,99,0,24.65,100.98,13.00,491.00,null,null,null
2023-09-10T00:55:05Z,25.54,66.46,99,0,23.15,100.98,12.00,485.00,35,56,56
2023-09-10T00:56:05Z,25.58,66.49,99,0,29.51,100.98,12.00,485.00,null,null,null
2023-09-10T00:57:05Z,25.58,66.47,99,0,27.90,100.98,13.00,491.00,null,null,null
2023-09-10T00:58:05Z,25.56,66.50,99,0,28.28,100.98,13.00,491.00,null,null,null
2023-09-10T00:59:05Z,25.56,66.51,99,0,22.24,100.98,12.00,485.00,null,null,null
2023-09-10T01:00:05Z,25.57,66.50,99,0,25.00,100.98,13.00,491.00,26,35,35
2023-09-10T01:01:05Z,25.58,66.49,99,0,26.11,100.98,12.00,485.00,null,null,null
2023-09-10T01:02:05Z,25.56,66.43,99,0,22.66,100.98,13.00,491.00,null,null,null
2023-09-10T01:03:05Z,25.58,66.52,99,0,24.68,100.98,13.00,491.00,null,null,null
2023-09-10T01:04:05Z,25.57,66.49,99,0,22.24,100.98,13.00,491.00,null,null,null
2023-09-10T01:05:05Z,25.56,66.49,99,0,22.89,100.98,13.00,491.00,28,39,39
2023-09-10T01:06:05Z,25.58,66.52,99,0,23.25,100.98,12.00,485.00,null,null,null
2023-09-10T01:07:05Z,25.60,66.45,99,0,24.39,100.98,14.00,495.00,null,null,null
2023-09-10T01:08:05Z,25.57,66.44,99,0,29.36,100.98,14.00,495.00,null,null,null
2023-09-10T01:09:05Z,25.56,66.49,99,0,35.42,100.98,14.00,495.00,null,null,null
2023-09-10T01:10:05Z,25.56,66.48,99,0,22.72,100.98,14.00,495.00,20,33,33
2023-09-10T01:11:05Z,25.57,66.48,99,0,22.78,100.98,13.00,491.00,null,null,null
2023-09-10T01:12:05Z,25.57,66.50,99,0,21.18,100.98,14.00,495.00,null,null,null
2023-09-10T01:13:05Z,25.58,66.52,99,0,22.89,100.98,14.00,495.00,null,null,null
2023-09-10T01:14:05Z,25.57,66.49,99,0,25.00,100.98,15.00,500.00,null,null,null
2023-09-10T01:15:05Z,25.57,66.52,99,0,23.15,100.98,14.00,495.00,19,30,30
2023-09-10T01:16:05Z,25.56,66.57,100,0,44.27,100.98,14.00,495.00,null,null,null
2023-09-10T01:17:05Z,25.57,66.48,99,0,26.31,100.98,15.00,500.00,null,null,null
2023-09-10T01:18:05Z,25.57,66.50,99,0,24.83,100.98,14.00,495.00,null,null,null
2023-09-10T01:19:05Z,25.57,66.50,99,0,22.49,100.98,15.00,500.00,null,null,null
2023-09-10T01:20:05Z,25.56,66.50,99,0,25.56,100.98,15.00,500.00,26,30,30
2023-09-10T01:21:05Z,25.57,66.49,99,0,22.94,100.98,14.00,495.00,null,null,null
2023-09-10T01:22:05Z,25.58,66.52,99,0,25.62,100.98,15.00,500.00,null,null,null
2023-09-10T01:23:05Z,25.56,66.48,99,0,22.72,100.98,15.00,500.00,null,null,null
2023-09-10T01:24:05Z,25.57,66.50,99,0,21.02,100.98,15.00,500.00,null,null,null
2023-09-10T01:25:05Z,25.56,66.52,99,0,24.65,100.98,15.00,503.00,26,39,39
2023-09-10T01:26:05Z,25.57,66.56,99,0,28.83,100.98,15.00,500.00,null,null,null
2023-09-10T01:27:05Z,25.57,66.52,99,0,21.78,100.99,15.00,503.00,null,null,null
2023-09-10T01:28:05Z,25.57,66.49,99,0,24.07,100.99,15.00,500.00,null,null,null
2023-09-10T01:29:05Z,25.57,66.54,99,0,22.43,100.99,15.00,503.00,null,null,null
2023-09-10T01:30:05Z,25.57,66.58,99,0,24.46,100.98,15.00,500.00,27,44,50
2023-09-10T01:31:05Z,25.57,66.54,99,0,25.00,100.98,15.00,500.00,null,null,null
2023-09-10T01:32:05Z,25.56,66.52,99,0,21.85,100.99,15.00,500.00,null,null,null
2023-09-10T01:33:05Z,25.57,66.55,99,0,24.76,100.99,15.00,503.00,null,null,null
2023-09-10T01:34:05Z,25.56,66.51,99,0,23.86,100.99,15.00,500.00,null,null,null
2023-09-10T01:35:05Z,25.54,66.56,99,0,23.90,100.98,15.00,503.00,23,30,30
2023-09-10T01:36:05Z,25.56,66.55,99,0,24.43,100.98,15.00,503.00,null,null,null
2023-09-10T01:37:05Z,25.53,66.56,99,0,23.30,100.98,15.00,503.00,null,null,null
2023-09-10T01:38:05Z,25.54,66.54,99,0,24.79,100.98,17.00,514.00,null,null,null
2023-09-10T01:39:05Z,25.57,66.57,99,0,24.03,100.98,17.00,514.00,null,null,null
2023-09-10T01:40:05Z,25.56,66.55,99,0,23.77,100.98,17.00,514.00,25,37,45
2023-09-10T01:41:05Z,25.56,66.55,99,0,27.42,100.98,15.00,503.00,null,null,null
2023-09-10T01:42:05Z,25.56,66.53,99,0,24.68,100.98,17.00,514.00,null,null,null
2023-09-10T01:43:05Z,25.56,66.52,99,0,26.48,100.98,17.00,517.00,null,null,null
2023-09-10T01:44:05Z,25.56,66.56,99,0,23.77,100.98,17.00,514.00,null,null,null
2023-09-10T01:45:05Z,25.54,66.56,99,0,27.02,100.98,17.00,514.00,25,31,31
2023-09-10T01:46:05Z,25.56,66.60,99,0,22.31,100.98,17.00,514.00,null,null,null
2023-09-10T01:47:05Z,25.57,66.53,99,0,21.92,100.98,17.00,517.00,null,null,null
2023-09-10T01:48:05Z,25.56,66.56,99,0,25.06,100.98,17.00,517.00,null,null,null
2023-09-10T01:49:05Z,25.56,66.55,99,0,24.35,100.98,17.00,517.00,null,null,null
2023-09-10T01:50:05Z,25.56,66.55,99,0,22.43,100.98,17.00,517.00,26,27,27
2023-09-10T01:51:05Z,25.56,66.57,99,0,21.64,100.98,17.00,514.00,null,null,null
2023-09-10T01:52:05Z,25.57,66.53,99,0,29.64,100.98,18.00,520.00,null,null,null
2023-09-10T01:53:05Z,25.56,66.54,99,0,30.43,100.97,18.00,520.00,null,null,null
2023-09-10T01:54:05Z,25.54,66.54,99,0,30.71,100.97,18.00,520.00,null,null,null
2023-09-10T01:55:05Z,25.56,66.57,99,0,30.12,100.97,19.00,527.00,24,47,47
2023-09-10T01:56:05Z,25.57,66.57,99,0,29.92,100.97,18.00,520.00,null,null,null
2023-09-10T01:57:05Z,25.56,66.53,99,0,29.49,100.97,18.00,520.00,null,null,null
2023-09-10T01:58:05Z,25.54,66.54,99,0,30.54,100.97,18.00,520.00,null,null,null
2023-09-10T01:59:05Z,25.56,66.60,99,0,23.90,100.97,18.00,520.00,null,null,null
2023-09-10T02:00:05Z,25.54,66.57,99,0,27.40,100.97,18.00,520.00,26,35,35
2023-09-10T02:01:05Z,25.53,66.56,99,0,26.69,100.97,18.00,520.00,null,null,null
2023-09-10T02:02:05Z,25.53,66.56,99,0,26.00,100.97,18.00,520.00,null,null,null
2023-09-10T02:03:05Z,25.54,66.54,99,0,23.49,100.97,18.00,520.00,null,null,null
2023-09-10T02:04:05Z,25.54,66.57,99,0,26.69,100.98,18.00,520.00,null,null,null
2023-09-10T02:05:05Z,25.54,66.61,99,0,25.50,100.97,18.00,520.00,24,40,40
2023-09-10T02:06:05Z,25.54,66.58,99,0,23.25,100.97,18.00,520.00,null,null,null
2023-09-10T02:07:05Z,25.53,66.56,99,0,23.59,100.98,19.00,527.00,null,null,null
2023-09-10T02:08:05Z,25.56,66.61,99,0,23.35,100.98,19.00,527.00,null,null,null
2023-09-10T02:09:05Z,25.54,66.54,99,0,24.68,100.98,19.00,527.00,null,null,null
2023-09-10T02:10:05Z,25.54,66.61,99,0,25.82,100.98,19.00,527.00,31,39,39
2023-09-10T02:11:05Z,25.54,66.61,99,0,23.15,100.98,20.00,533.00,null,null,null
2023-09-10T02:12:05Z,25.56,66.56,99,0,25.29,100.98,20.00,533.00,null,null,null
2023-09-10T02:13:05Z,25.56,66.57,99,0,23.77,100.98,19.00,527.00,null,null,null
2023-09-10T02:14:05Z,25.56,66.62,99,0,30.85,100.98,19.00,527.00,null,null,null
2023-09-10T02:15:05Z,25.53,66.61,99,0,22.99,100.98,20.00,533.00,31,46,46
2023-09-10T02:16:05Z,25.54,66.63,99,0,22.31,100.98,20.00,537.00,null,null,null
2023-09-10T02:17:05Z,25.54,66.58,99,0,25.03,100.98,20.00,537.00,null,null,null
2023-09-10T02:18:05Z,25.54,66.58,99,0,23.59,100.99,20.00,537.00,null,null,null
2023-09-10T02:19:05Z,25.56,66.58,99,0,21.02,100.99,20.00,537.00,null,null,null
2023-09-10T02:20:05Z,25.54,66.55,99,0,20.93,100.99,21.00,540.00,27,41,46
2023-09-10T02:21:05Z,25.53,66.60,99,0,25.16,100.98,21.00,540.00,null,null,null
2023-09-10T02:22:05Z,25.51,66.57,99,0,21.92,100.98,20.00,537.00,null,null,null
2023-09-10T02:23:05Z,25.53,66.60,99,0,25.35,100.98,21.00,540.00,null,null,null
2023-09-10T02:24:05Z,25.53,66.57,99,0,27.10,100.99,21.00,540.00,null,null,null
2023-09-10T02:25:05Z,25.54,66.65,99,0,22.89,100.98,22.00,546.00,26,46,46
2023-09-10T02:26:05Z,25.53,66.60,99,0,23.94,100.99,21.00,540.00,null,null,null
2023-09-10T02:27:05Z,25.54,66.61,99,0,23.05,100.99,21.00,540.00,null,null,null
2023-09-10T02:28:05Z,25.53,66.60,99,0,23.54,100.99,21.00,540.00,null,null,null
2023-09-10T02:29:05Z,25.53,66.57,99,0,33.37,100.99,21.00,540.00,null,null,null
2023-09-10T02:30:05Z,25.54,66.63,99,0,24.61,100.99,22.00,546.00,28,45,45
2023-09-10T02:31:05Z,25.54,66.64,99,0,23.77,100.99,21.00,540.00,null,null,null
2023-09-10T02:32:05Z,25.54,66.60,99,0,23.25,100.98,22.00,546.00,null,null,null
2023-09-10T02:33:05Z,25.54,66.60,99,0,25.00,100.99,22.00,546.00,null,null,null
2023-09-10T02:34:05Z,25.53,66.58,99,0,25.32,100.99,21.00,540.00,null,null,null
2023-09-10T02:35:05Z,25.53,66.63,99,0,25.13,100.99,22.00,546.00,30,43,43
2023-09-10T02:36:05Z,25.50,66.58,99,0,28.36,100.98,22.00,546.00,null,null,null
2023-09-10T02:37:05Z,25.53,66.61,99,0,23.45,100.98,22.00,546.00,null,null,null
2023-09-10T02:38:05Z,25.53,66.58,99,0,22.72,100.98,22.00,546.00,null,null,null
2023-09-10T02:39:05Z,25.51,66.61,99,0,25.38,100.98,22.00,546.00,null,null,null
2023-09-10T02:40:05Z,25.54,66.62,99,0,26.43,100.98,22.00,546.00,30,44,44
2023-09-10T02:41:05Z,25.51,66.64,99,0,22.43,100.98,21.00,540.00,null,null,null
2023-09-10T02:42:05Z,25.53,66.60,99,0,23.54,100.97,22.00,546.00,null,null,null
2023-09-10T02:43:05Z,25.54,66.60,99,0,22.72,100.97,22.00,546.00,null,null,null
2023-09-10T02:44:05Z,25.51,66.63,99,0,26.48,100.97,21.00,540.00,null,null,null
2023-09-10T02:45:05Z,25.53,66.62,99,0,22.89,100.97,22.00,546.00,26,34,40
2023-09-10T02:46:05Z,25.54,66.62,99,0,22.55,100.97,22.00,546.00,null,null,null
2023-09-10T02:47:05Z,25.54,66.63,99,0,24.50,100.97,22.00,546.00,null,null,null
2023-09-10T02:48:05Z,25.53,66.58,99,0,25.29,100.97,22.00,546.00,null,null,null
2023-09-10T02:49:05Z,25.53,66.62,99,0,26.43,100.96,22.00,546.00,null,null,null
2023-09-10T02:50:05Z,25.50,66.64,99,0,21.49,100.96,22.00,546.00,31,34,34
2023-09-10T02:51:05Z,25.51,66.61,99,0,25.67,100.96,22.00,546.00,null,null,null
2023-09-10T02:52:05Z,25.53,66.61,99,0,23.98,100.96,22.00,546.00,null,null,null
2023-09-10T02:53:05Z,25.51,66.63,99,0,23.59,100.96,22.00,546.00,null,null,null
2023-09-10T02:54:05Z,25.51,66.62,99,0,25.09,100.96,23.00,552.00,null,null,null
2023-09-10T02:55:05Z,25.49,66.65,99,0,25.41,100.96,22.00,546.00,30,45,45
2023-09-10T02:56:05Z,25.51,66.65,99,0,25.76,100.96,23.00,552.00,null,null,null
2023-09-10T02:57:05Z,25.50,66.63,99,0,23.10,100.95,23.00,552.00,null,null,null
2023-09-10T02:58:05Z,25.51,66.62,99,0,22.49,100.95,23.00,552.00,null,null,null
2023-09-10T02:59:05Z,25.53,66.62,99,0,22.78,100.95,22.00,546.00,null,null,null
