TIME,TEMP,HUM,BATT,LIGHT,NOISE_A,PRESS,CCS811_VOCS,CCS811_ECO2,PM_1,PM_25,PM_10
ISO 8601,C,%,%,Lux,dBA,kPa,ppb,ppm,ug/m3,ug/m3,ug/m3
Time,Temperature,Humidity,Battery,Light,Noise dBA,Barometric pressure,VOC Gas CCS811,eCO2 Gas CCS811,PM 1.0,PM 2.5,PM 10.0
,55,56,10,14,53,58,113,112,89,87,88
2023-09-02T00:00:03Z,24.83,58.53,98,0,23.40,101.59,26.00,577.00,4,6,6
2023-09-02T00:01:03Z,24.86,58.99,98,0,22.99,101.59,26.00,577.00,null,null,null
2023-09-02T00:02:03Z,24.86,58.40,98,0,22.72,101.58,26.00,572.00,null,null,null
2023-09-02T00:03:03Z,24.87,58.47,98,0,23.15,101.58,26.00,577.00,null,null,null
2023-09-02T00:04:03Z,24.87,58.59,98,0,22.72,101.58,26.00,577.00,null,null,null
2023-09-02T00:05:03Z,24.85,58.56,98,0,25.35,101.58,26.00,577.00,2,5,21
2023-09-02T00:06:03Z,24.87,58.80,98,0,22.55,101.59,26.00,577.00,null,null,null
2023-09-02T00:07:03Z,24.86,58.71,98,0,24.15,101.59,26.00,572.00,null,null,null
2023-09-02T00:08:03Z,24.87,58.76,98,0,23.54,101.59,25.00,570.00,null,null,null
2023-09-02T00:09:03Z,24.85,58.76,98,0,23.35,101.59,25.00,566.00,null,null,null
2023-09-02T00:10:03Z,24.86,58.96,98,0,23.81,101.59,25.00,566.00,2,3,3
2023-09-02T00:11:03Z,24.86,58.62,98,0,23.72,101.59,25.00,566.00,null,null,null
2023-09-02T00:12:03Z,24.86,59.06,98,0,24.31,101.60,25.00,570.00,null,null,null
2023-09-02T00:13:03Z,24.85,58.52,98,0,23.10,101.59,25.00,566.00,null,null,null
2023-09-02T00:14:03Z,24.86,58.86,98,0,21.41,101.59,25.00,570.00,null,null,null
2023-09-02T00:15:03Z,24.85,58.88,98,0,25.06,101.59,25.00,566.00,5,7,7
2023-09-02T00:16:03Z,24.87,58.54,98,0,21.85,101.59,25.00,566.00,null,null,null
2023-09-02T00:17:03Z,24.86,58.74,98,0,23.30,101.59,25.00,570.00,null,null,null
2023-09-02T00:18:03Z,24.86,58.68,98,0,23.90,101.59,25.00,565.00,null,null,null
2023-09-02T00:19:03Z,24.85,58.98,98,0,22.94,101.59,25.00,565.00,null,null,null
2023-09-02T00:20:03Z,24.86,58.71,98,0,26.73,101.59,25.00,565.00,1,2,2
2023-09-02T00:21:03Z,24.85,58.94,98,0,23.40,101.60,25.00,566.00,null,null,null
2023-09-02T00:22:03Z,24.86,58.54,98,0,23.94,101.60,25.00,566.00,null,null,null
2023-09-02T00:23:03Z,24.86,58.66,98,0,22.99,101.60,25.00,570.00,null,null,null
2023-09-02T00:24:03Z,24.83,58.67,98,0,21.34,101.60,25.00,570.00,null,null,null
2023-09-02T00:25:03Z,24.86,58.75,98,0,21.99,101.60,25.00,570.00,3,11,11
2023-09-02T00:26:03Z,24.86,58.59,98,0,22.55,101.60,24.00,560.00,null,null,null
2023-09-02T00:27:03Z,24.86,58.67,98,0,21.92,101.60,25.00,570.00,null,null,null
2023-09-02T00:28:03Z,24.86,58.68,98,0,22.66,101.61,25.00,570.00,null,null,null
2023-09-02T00:29:03Z,24.83,58.49,98,0,24.03,101.61,25.00,570.00,null,null,null
2023-09-02T00:30:03Z,24.83,58.55,98,0,22.61,101.61,26.00,577.00,4,9,9
2023-09-02T00:31:03Z,24.86,58.77,98,0,21.56,101.61,25.00,570.00,null,null,null
2023-09-02T00:32:03Z,24.85,58.71,98,0,23.25,101.61,25.00,566.00,null,null,null
2023-09-02T00:33:03Z,24.86,58.60,98,0,22.72,101.61,26.00,577.00,null,null,null
2023-09-02T00:34:03Z,24.85,58.70,98,0,25.22,101.60,25.00,570.00,null,null,null
2023-09-02T00:35:03Z,24.83,58.67,98,0,22.43,101.60,26.00,577.00,3,6,6
2023-09-02T00:36:03Z,24.85,58.77,98,0,21.26,101.61,26.00,577.00,null,null,null
2023-09-02T00:37:03Z,24.85,58.88,98,0,24.23,101.61,26.00,572.00,null,null,null
2023-09-02T00:38:03Z,24.83,58.52,98,0,33.57,101.61,25.00,566.00,null,null,null
2023-09-02T00:39:03Z,24.86,58.87,98,0,22.31,101.61,25.00,570.00,null,null,null
2023-09-02T00:40:03Z,24.85,58.85,98,0,20.48,101.61,25.00,566.00,1,1,16
2023-09-02T00:41:03Z,24.83,58.94,98,0,23.49,101.61,25.00,566.00,null,null,null
2023-09-02T00:42:03Z,24.87,58.72,98,0,21.85,101.61,25.00,566.00,null,null,null
2023-09-02T00:43:03Z,24.85,58.48,98,0,23.10,101.61,25.00,570.00,null,null,null
2023-09-02T00:44:03Z,24.86,58.79,98,0,22.24,101.61,25.00,570.00,null,null,null
2023-09-02T00:45:03Z,24.83,58.60,98,0,19.77,101.61,25.00,566.00,3,6,6
2023-09-02T00:46:03Z,24.85,58.64,98,0,22.66,101.60,25.00,565.00,null,null,null
2023-09-02T00:47:03Z,24.87,58.64,98,0,22.94,101.60,25.00,570.00,null,null,null
2023-09-02T00:48:03Z,24.85,59.03,98,0,37.47,101.60,25.00,570.00,null,null,null
2023-09-02T00:49:03Z,24.83,59.03,98,0,24.89,101.60,25.00,566.00,null,null,null
2023-09-02T00:50:03Z,24.82,58.69,98,0,21.64,101.60,25.00,566.00,5,5,5
2023-09-02T00:51:03Z,24.83,58.82,98,0,22.05,101.60,25.00,570.00,null,null,null
2023-09-02T00:52:03Z,24.85,58.63,98,0,21.78,101.60,24.00,560.00,null,null,null
2023-09-02T00:53:03Z,24.86,58.79,98,0,27.32,101.60,24.00,560.00,null,null,null
2023-09-02T00:54:03Z,24.85,59.36,98,0,20.93,101.59,26.00,577.00,null,null,null
2023-09-02T00:55:03Z,24.82,58.58,99,0,24.93,101.60,25.00,566.00,5,5,5
2023-09-02T00:56:03Z,24.85,58.79,98,0,22.49,101.59,25.00,565.00,null,null,null
2023-09-02T00:57:03Z,24.85,58.80,98,0,24.31,101.60,25.00,566.00,null,null,null
2023-09-02T00:58:03Z,24.85,58.83,98,0,22.83,101.59,25.00,566.00,null,null,null
2023-09-02T00:59:03Z,24.85,58.72,98,0,23.20,101.60,25.00,566.00,null,null,null
2023-09-02T01:00:03Z,24.85,58.75,98,0,22.72,101.59,25.00,570.00,6,6,6
2023-09-02T01:01:03Z,24.85,58.71,98,0,22.31,101.59,24.00,560.00,null,null,null
2023-09-02T01:02:03Z,24.85,58.79,98,0,22.18,101.59,25.00,570.00,null,null,null
2023-09-02T01:03:03Z,24.86,58.59,98,0,23.30,101.59,25.00,566.00,null,null,null
2023-09-02T01:04:03Z,24.86,58.48,98,0,22.12,101.58,25.00,570.00,null,null,null
2023-09-02T01:05:03Z,24.85,58.67,98,0,23.59,101.59,25.00,570.00,5,8,8
2023-09-02T01:06:03Z,24.86,58.69,98,0,26.57,101.58,25.00,570.00,null,null,null
2023-09-02T01:07:03Z,24.85,58.74,99,0,23.30,101.58,25.00,570.00,null,null,null
2023-09-02T01:08:03Z,24.82,58.77,98,0,21.99,101.58,25.00,570.00,null,null,null
2023-09-02T01:09:03Z,24.82,58.80,98,0,24.15,101.58,25.00,566.00,null,null,null
2023-09-02T01:10:03Z,24.85,58.71,98,0,19.30,101.58,25.00,566.00,3,5,5
2023-09-02T01:11:03Z,24.85,59.02,98,0,24.83,101.58,25.00,570.00,null,null,null
2023-09-02T01:12:03Z,24.85,58.87,98,0,23.35,101.59,25.00,566.00,null,null,null
2023-09-02T01:13:03Z,24.86,58.99,98,0,23.54,101.58,24.00,560.00,null,null,null
2023-09-02T01:14:03Z,24.83,58.96,98,0,23.72,101.58,25.00,566.00,null,null,null
2023-09-02T01:15:03Z,24.85,58.92,98,0,23.72,101.58,25.00,566.00,8,8,8
2023-09-02T01:16:03Z,24.83,58.90,98,0,22.94,101.58,25.00,566.00,null,null,null
2023-09-02T01:17:03Z,24.85,58.68,98,0,24.46,101.58,25.00,566.00,null,null,null
2023-09-02T01:18:03Z,24.85,58.60,98,0,25.06,101.58,25.00,570.00,null,null,null
2023-09-02T01:19:03Z,24.83,58.88,98,0,22.12,101.58,25.00,570.00,null,null,null
2023-09-02T01:20:03Z,24.83,58.83,98,0,23.54,101.58,25.00,566.00,4,4,4
2023-09-02T01:21:03Z,24.85,58.79,98,0,21.41,101.59,25.00,566.00,null,null,null
2023-09-02T01:22:03Z,24.86,58.73,98,0,23.49,101.59,25.00,566.00,null,null,null
2023-09-02T01:23:03Z,24.86,58.63,98,0,21.99,101.59,25.00,570.00,null,null,null
2023-09-02T01:24:03Z,24.83,58.79,98,0,19.98,101.59,25.00,565.00,null,null,null
2023-09-02T01:25:03Z,24.82,58.95,98,0,22.05,101.59,24.00,560.00,3,3,3
2023-09-02T01:26:03Z,24.85,58.76,98,0,26.89,101.59,24.00,560.00,null,null,null
2023-09-02T01:27:03Z,24.85,58.71,98,0,25.19,101.59,25.00,566.00,null,null,null
2023-09-02T01:28:03Z,24.85,59.11,98,0,21.18,101.59,25.00,570.00,null,null,null
2023-09-02T01:29:03Z,24.85,58.87,98,0,24.61,101.58,25.00,566.00,null,null,null
2023-09-02T01:30:03Z,24.83,59.09,98,0,20.09,101.58,25.00,566.00,4,8,8
2023-09-02T01:31:03Z,24.85,58.80,98,0,19.65,101.59,24.00,560.00,null,null,null
2023-09-02T01:32:03Z,24.85,58.78,98,0,24.07,101.59,25.00,566.00,null,null,null
2023-09-02T01:33:03Z,24.83,59.06,98,0,22.43,101.58,25.00,566.00,null,null,null
2023-09-02T01:34:03Z,24.83,58.69,98,0,22.12,101.59,25.00,566.00,null,null,null
2023-09-02T01:35:03Z,24.83,58.73,98,0,24.68,101.58,25.00,570.00,2,2,18
2023-09-02T01:36:03Z,24.82,58.50,98,0,22.18,101.59,25.00,565.00,null,null,null
2023-09-02T01:37:03Z,24.83,58.79,98,0,22.31,101.59,25.00,570.00,null,null,null
2023-09-02T01:38:03Z,24.83,58.78,98,0,25.59,101.60,25.00,566.00,null,null,null
2023-09-02T01:39:03Z,24.83,58.69,98,0,23.86,101.59,25.00,566.00,null,null,null
2023-09-02T01:40:03Z,24.82,58.87,98,0,24.11,101.60,25.00,570.00,3,3,3
2023-09-02T01:41:03Z,24.86,58.95,98,0,24.86,101.60,25.00,566.00,null,null,null
2023-09-02T01:42:03Z,24.85,58.79,98,0,19.65,101.60,24.00,560.00,null,null,null
2023-09-02T01:43:03Z,24.85,58.95,98,0,23.40,101.60,25.00,566.00,null,null,null
2023-09-02T01:44:03Z,24.85,58.69,98,0,23.86,101.60,24.00,560.00,null,null,null
2023-09-02T01:45:03Z,24.82,58.84,98,0,24.86,101.61,25.00,570.00,4,4,4
2023-09-02T01:46:03Z,24.85,58.84,98,0,24.43,101.61,25.00,566.00,null,null,null
2023-09-02T01:47:03Z,24.83,58.85,98,0,24.83,101.61,24.00,560.00,null,null,null
2023-09-02T01:48:03Z,24.80,58.76,98,0,24.43,101.61,24.00,560.00,null,null,null
2023-09-02T01:49:03Z,24.83,59.00,98,0,24.93,101.61,24.00,560.00,null,null,null
2023-09-02T01:50:03Z,24.83,59.01,98,0,22.24,101.61,23.00,552.00,3,3,3
2023-09-02T01:51:03Z,24.83,59.08,98,0,24.54,101.61,23.00,552.00,null,null,null
2023-09-02T01:52:03Z,24.85,58.81,98,0,22.31,101.61,23.00,552.00,null,null,null
2023-09-02T01:53:03Z,24.80,58.88,98,0,21.34,101.61,23.00,552.00,null,null,null
2023-09-02T01:54:03Z,24.82,58.82,98,0,23.25,101.61,23.00,552.00,null,null,null
2023-09-02T01:55:03Z,24.82,58.70,98,0,24.86,101.61,23.00,552.00,3,3,3
2023-09-02T01:56:03Z,24.82,58.92,98,0,23.49,101.61,23.00,556.00,null,null,null
2023-09-02T01:57:03Z,24.85,58.75,98,0,20.19,101.61,22.00,549.00,null,null,null
2023-09-02T01:58:03Z,24.82,59.01,98,0,22.94,101.61,22.00,549.00,null,null,null
2023-09-02T01:59:03Z,24.80,58.72,98,0,25.70,101.62,22.00,549.00,null,null,null
2023-09-02T02:00:03Z,24.80,58.76,98,0,22.12,101.62,22.00,549.00,2,4,20
2023-09-02T02:01:03Z,24.83,58.97,98,0,23.59,101.62,22.00,549.00,null,null,null
2023-09-02T02:02:03Z,24.85,58.83,98,0,23.40,101.62,22.00,549.00,null,null,null
2023-09-02T02:03:03Z,24.85,58.92,98,0,21.49,101.62,22.00,549.00,null,null,null
2023-09-02T02:04:03Z,24.83,58.81,98,0,23.30,101.62,21.00,543.00,null,null,null
2023-09-02T02:05:03Z,24.83,59.08,98,0,24.83,101.62,22.00,549.00,1,1,1
2023-09-02T02:06:03Z,24.83,58.97,98,0,23.10,101.62,21.00,543.00,null,null,null
2023-09-02T02:07:03Z,24.83,59.03,98,0,20.76,101.62,22.00,549.00,null,null,null
2023-09-02T02:08:03Z,24.80,58.82,98,0,24.79,101.62,22.00,549.00,null,null,null
2023-09-02T02:09:03Z,24.83,59.27,98,0,22.37,101.62,22.00,549.00,null,null,null
2023-09-02T02:10:03Z,24.80,58.89,98,0,22.72,101.62,21.00,543.00,1,1,1
2023-09-02T02:11:03Z,24.82,58.81,98,0,22.24,101.63,22.00,549.00,null,null,null
2023-09-02T02:12:03Z,24.83,58.58,98,0,22.05,101.63,22.00,549.00,null,null,null
2023-09-02T02:13:03Z,24.82,58.96,98,0,22.55,101.62,23.00,553.00,null,null,null
2023-09-02T02:14:03Z,24.79,58.91,98,0,21.85,101.63,22.00,549.00,null,null,null
2023-09-02T02:15:03Z,24.83,58.82,98,0,22.37,101.63,22.00,549.00,1,1,13
2023-09-02T02:16:03Z,24.83,58.90,98,0,21.92,101.63,21.00,543.00,null,null,null
2023-09-02T02:17:03Z,24.82,58.74,98,0,21.10,101.64,21.00,543.00,null,null,null
2023-09-02T02:18:03Z,24.79,58.85,98,0,23.59,101.64,22.00,548.00,null,null,null
2023-09-02T02:19:03Z,24.82,59.09,99,0,23.10,101.64,21.00,543.00,null,null,null
2023-09-02T02:20:03Z,24.82,58.98,98,0,21.49,101.64,21.00,543.00,3,3,3
2023-09-02T02:21:03Z,24.82,59.09,98,0,22.43,101.65,21.00,543.00,null,null,null
2023-09-02T02:22:03Z,24.82,58.79,98,0,23.15,101.65,21.00,543.00,null,null,null
2023-09-02T02:23:03Z,24.82,58.81,98,0,21.34,101.65,21.00,543.00,null,null,null
2023-09-02T02:24:03Z,24.82,59.01,98,0,20.39,101.65,21.00,543.00,null,null,null
2023-09-02T02:25:03Z,24.80,58.62,98,0,23.10,101.65,21.00,543.00,0,0,0
2023-09-02T02:26:03Z,24.83,59.12,98,0,20.76,101.65,22.00,548.00,null,null,null
2023-09-02T02:27:03Z,24.82,58.88,98,0,23.63,101.65,21.00,543.00,null,null,null
2023-09-02T02:28:03Z,24.80,58.89,98,0,23.40,101.65,21.00,543.00,null,null,null
2023-09-02T02:29:03Z,24.82,59.09,98,0,24.35,101.65,20.00,534.00,null,null,null
2023-09-02T02:30:03Z,24.82,59.00,98,0,21.85,101.65,19.00,531.00,2,6,6
2023-09-02T02:31:03Z,24.85,58.91,98,0,25.06,101.66,19.00,531.00,null,null,null
2023-09-02T02:32:03Z,24.82,58.77,98,0,27.20,101.66,19.00,531.00,null,null,null
2023-09-02T02:33:03Z,24.82,58.78,98,0,24.58,101.66,21.00,543.00,null,null,null
2023-09-02T02:34:03Z,24.80,58.81,98,0,22.05,101.67,20.00,534.00,null,null,null
2023-09-02T02:35:03Z,24.80,59.38,98,0,23.59,101.66,20.00,534.00,4,4,4
2023-09-02T02:36:03Z,24.80,58.97,98,0,23.25,101.67,19.00,526.00,null,null,null
2023-09-02T02:37:03Z,24.82,58.77,98,0,22.55,101.67,20.00,534.00,null,null,null
2023-09-02T02:38:03Z,24.82,58.88,98,0,25.87,101.67,20.00,534.00,null,null,null
2023-09-02T02:39:03Z,24.82,58.82,98,0,23.35,101.67,19.00,531.00,null,null,null
2023-09-02T02:40:03Z,24.82,59.54,98,0,21.71,101.67,19.00,531.00,4,4,4
2023-09-02T02:41:03Z,24.82,58.80,98,0,20.58,101.67,18.00,519.00,null,null,null
2023-09-02T02:42:03Z,24.83,58.96,98,0,24.15,101.67,19.00,531.00,null,null,null
2023-09-02T02:43:03Z,24.82,58.81,98,0,22.61,101.66,19.00,531.00,null,null,null
2023-09-02T02:44:03Z,24.80,59.12,98,0,21.99,101.67,19.00,531.00,null,null,null
2023-09-02T02:45:03Z,24.79,59.06,98,0,23.25,101.67,19.00,531.00,0,0,0
2023-09-02T02:46:03Z,24.82,58.97,98,0,22.05,101.66,19.00,531.00,null,null,null
2023-09-02T02:47:03Z,24.80,59.35,98,0,23.20,101.66,19.00,531.00,null,null,null
2023-09-02T02:48:03Z,24.80,58.89,98,0,20.39,101.66,19.00,526.00,null,null,null
2023-09-02T02:49:03Z,24.79,58.94,98,0,23.49,101.66,19.00,531.00,null,null,null
2023-09-02T02:50:03Z,24.83,59.66,98,0,21.49,101.66,19.00,531.00,1,1,1
2023-09-02T02:51:03Z,24.83,58.95,98,0,23.15,101.66,18.00,519.00,null,null,null
2023-09-02T02:52:03Z,24.80,58.96,98,0,27.89,101.65,19.00,531.00,null,null,null
2023-09-02T02:53:03Z,24.82,59.40,98,0,21.26,101.66,19.00,526.00,null,null,null
2023-09-02T02:54:03Z,24.79,59.21,98,0,22.89,101.65,18.00,519.00,null,null,null
2023-09-02T02:55:03Z,24.79,58.97,98,0,24.39,101.66,19.00,526.00,0,0,0
2023-09-02T02:56:03Z,24.80,58.96,98,0,23.59,101.66,19.00,526.00,null,null,null
2023-09-02T02:57:03Z,24.80,59.15,98,0,24.68,101.66,19.00,526.00,null,null,null
2023-09-02T02:58:03Z,24.80,58.78,98,0,23.63,101.65,19.00,526.00,null,null,null
2023-09-02T02:59:03Z,24.80,58.90,98,0,20.76,101.66,19.00,526.00,null,null,null
