TIME,TEMP,HUM,BATT,LIGHT,NOISE_A,PRESS,CCS811_VOCS,CCS811_ECO2,PM_1,PM_25,PM_10
ISO 8601,C,%,%,Lux,dBA,kPa,ppb,ppm,ug/m3,ug/m3,ug/m3
Time,Temperature,Humidity,Battery,Light,Noise dBA,Barometric pressure,VOC Gas CCS811,eCO2 Gas CCS811,PM 1.0,PM 2.5,PM 10.0
,55,56,10,14,53,58,113,112,89,87,88
2023-08-19T00:00:03Z,26.92,64.93,98,0,40.47,100.89,54.00,757.00,9,11,11
2023-08-19T00:01:03Z,26.98,65.34,98,0,40.84,100.90,56.00,770.00,null,null,null
2023-08-19T00:02:03Z,26.98,64.66,98,0,40.97,100.90,59.00,791.00,null,null,null
2023-08-19T00:03:03Z,26.95,63.66,98,0,38.90,100.89,56.00,770.00,null,null,null
2023-08-19T00:04:03Z,26.95,63.60,98,0,39.49,100.90,53.00,754.00,null,null,null
2023-08-19T00:05:03Z,26.96,64.50,98,0,39.14,100.90,52.00,742.00,5,5,5
2023-08-19T00:06:03Z,26.98,65.12,98,0,40.11,100.90,56.00,770.00,null,null,null
2023-08-19T00:07:03Z,26.98,65.41,98,0,39.08,100.90,58.00,787.00,null,null,null
2023-08-19T00:08:03Z,26.98,65.42,98,0,38.63,100.91,60.00,800.00,null,null,null
2023-08-19T00:09:03Z,26.96,65.52,98,0,40.61,100.91,63.00,817.00,null,null,null
2023-08-19T00:10:03Z,27.01,65.75,98,0,37.15,100.92,65.00,827.00,9,9,9
2023-08-19T00:11:03Z,26.99,65.72,98,0,40.49,100.93,65.00,830.00,null,null,null
2023-08-19T00:12:03Z,26.99,65.67,98,0,38.40,100.94,66.00,836.00,null,null,null
2023-08-19T00:13:03Z,26.99,65.83,98,0,39.79,100.94,66.00,836.00,null,null,null
2023-08-19T00:14:03Z,27.01,65.82,98,0,41.91,100.96,65.00,830.00,null,null,null
2023-08-19T00:15:03Z,26.98,65.86,98,0,40.98,100.95,65.00,830.00,7,11,11
2023-08-19T00:16:03Z,27.01,65.37,98,0,42.47,100.94,63.00,819.00,null,null,null
2023-08-19T00:17:03Z,26.98,65.17,98,0,39.50,100.95,63.00,817.00,null,null,null
2023-08-19T00:18:03Z,26.98,64.42,98,0,40.99,100.95,64.00,825.00,null,null,null
2023-08-19T00:19:03Z,26.96,65.59,98,0,38.88,100.95,64.00,821.00,null,null,null
2023-08-19T00:20:03Z,26.99,64.14,98,0,37.61,100.96,65.00,827.00,9,17,17
2023-08-19T00:21:03Z,26.99,64.26,98,0,39.40,100.95,63.00,819.00,null,null,null
2023-08-19T00:22:03Z,26.98,64.28,98,0,40.74,100.95,61.00,806.00,null,null,null
2023-08-19T00:23:03Z,26.98,63.80,98,0,38.75,100.96,58.00,785.00,null,null,null
2023-08-19T00:24:03Z,26.94,63.62,98,0,40.66,100.95,59.00,791.00,null,null,null
2023-08-19T00:25:03Z,26.96,65.23,98,0,37.22,100.94,65.00,827.00,8,10,10
2023-08-19T00:26:03Z,26.98,64.67,98,0,38.81,100.94,62.00,813.00,null,null,null
2023-08-19T00:27:03Z,26.99,64.56,98,0,38.76,100.93,64.00,821.00,null,null,null
2023-08-19T00:28:03Z,27.01,65.27,98,0,39.41,100.93,67.00,844.00,null,null,null
2023-08-19T00:29:03Z,26.99,65.41,98,0,39.76,100.93,63.00,817.00,null,null,null
2023-08-19T00:30:03Z,26.98,65.75,98,0,40.27,100.92,66.00,836.00,3,7,7
2023-08-19T00:31:03Z,26.99,64.08,98,0,39.02,100.91,66.00,836.00,null,null,null
2023-08-19T00:32:03Z,27.01,64.88,98,0,42.90,100.91,60.00,800.00,null,null,null
2023-08-19T00:33:03Z,26.99,64.71,98,0,41.23,100.90,60.00,798.00,null,null,null
2023-08-19T00:34:03Z,26.96,64.31,98,0,40.36,100.90,58.00,785.00,null,null,null
2023-08-19T00:35:03Z,26.96,63.92,98,0,40.68,100.91,58.00,785.00,7,13,13
2023-08-19T00:36:03Z,26.98,63.91,98,0,37.02,100.91,58.00,783.00,null,null,null
2023-08-19T00:37:03Z,27.01,65.12,98,0,41.58,100.91,61.00,802.00,null,null,null
2023-08-19T00:38:03Z,26.99,63.85,98,0,40.43,100.90,58.00,787.00,null,null,null
2023-08-19T00:39:03Z,26.98,63.71,98,0,39.58,100.90,58.00,783.00,null,null,null
2023-08-19T00:40:03Z,26.99,63.72,98,0,38.47,100.89,59.00,791.00,10,12,12
2023-08-19T00:41:03Z,26.98,63.76,98,0,41.92,100.89,59.00,791.00,null,null,null
2023-08-19T00:42:03Z,26.99,64.70,98,0,40.91,100.89,58.00,783.00,null,null,null
2023-08-19T00:43:03Z,27.01,64.86,98,0,36.90,100.89,57.00,778.00,null,null,null
2023-08-19T00:44:03Z,26.99,64.59,98,0,37.87,100.88,56.00,770.00,null,null,null
2023-08-19T00:45:03Z,26.96,63.87,98,0,39.21,100.88,57.00,778.00,7,17,17
2023-08-19T00:46:03Z,27.03,65.15,98,0,38.95,100.88,56.00,770.00,null,null,null
2023-08-19T00:47:03Z,27.03,64.85,98,0,38.82,100.88,60.00,798.00,null,null,null
2023-08-19T00:48:03Z,27.01,65.02,98,0,38.92,100.88,56.00,770.00,null,null,null
2023-08-19T00:49:03Z,26.99,64.91,98,0,38.14,100.88,60.00,798.00,null,null,null
2023-08-19T00:50:03Z,27.03,65.53,98,0,38.57,100.87,61.00,806.00,7,9,9
2023-08-19T00:51:03Z,27.02,64.93,98,0,36.70,100.87,60.00,800.00,null,null,null
2023-08-19T00:52:03Z,27.03,64.04,98,0,40.32,100.87,61.00,806.00,null,null,null
2023-08-19T00:53:03Z,27.03,65.86,98,0,39.07,100.88,65.00,827.00,null,null,null
2023-08-19T00:54:03Z,27.03,65.83,98,0,41.85,100.88,59.00,793.00,null,null,null
2023-08-19T00:55:03Z,27.01,64.63,98,0,41.55,100.88,55.00,763.00,11,11,11
2023-08-19T00:56:03Z,27.02,65.32,98,0,35.16,100.89,60.00,798.00,null,null,null
2023-08-19T00:57:03Z,27.02,65.38,98,0,38.85,100.89,59.00,791.00,null,null,null
2023-08-19T00:58:03Z,27.02,65.59,98,0,40.05,100.89,57.00,780.00,null,null,null
2023-08-19T00:59:03Z,27.02,65.77,98,0,38.99,100.89,60.00,800.00,null,null,null
2023-08-19T01:00:03Z,27.01,64.81,98,0,41.96,100.90,55.00,763.00,6,10,10
2023-08-19T01:01:03Z,27.03,65.66,98,0,38.54,100.89,58.00,787.00,null,null,null
2023-08-19T01:02:03Z,27.02,65.63,98,0,35.05,100.89,59.00,791.00,null,null,null
2023-08-19T01:03:03Z,27.03,65.70,98,0,39.72,100.89,61.00,806.00,null,null,null
2023-08-19T01:04:03Z,27.02,66.00,98,0,36.26,100.90,61.00,806.00,null,null,null
2023-08-19T01:05:03Z,27.03,65.97,98,0,39.06,100.90,60.00,800.00,5,7,14
2023-08-19T01:06:03Z,27.03,65.78,98,0,38.41,100.90,60.00,800.00,null,null,null
2023-08-19T01:07:03Z,27.02,64.60,98,0,38.49,100.90,54.00,757.00,null,null,null
2023-08-19T01:08:03Z,26.99,64.22,98,0,37.90,100.90,56.00,770.00,null,null,null
2023-08-19T01:09:03Z,26.99,64.06,98,0,40.19,100.90,56.00,774.00,null,null,null
2023-08-19T01:10:03Z,27.01,64.38,98,0,39.59,100.90,56.00,774.00,6,6,6
2023-08-19T01:11:03Z,27.02,64.92,98,0,37.74,100.90,56.00,774.00,null,null,null
2023-08-19T01:12:03Z,26.98,64.01,98,0,38.51,100.89,57.00,776.00,null,null,null
2023-08-19T01:13:03Z,27.03,64.20,98,0,38.15,100.89,58.00,783.00,null,null,null
2023-08-19T01:14:03Z,27.01,64.89,98,0,38.08,100.88,58.00,783.00,null,null,null
2023-08-19T01:15:03Z,26.99,65.10,98,0,41.21,100.89,57.00,776.00,6,10,10
2023-08-19T01:16:03Z,27.02,65.21,98,0,40.25,100.89,58.00,787.00,null,null,null
2023-08-19T01:17:03Z,27.03,64.60,98,0,40.75,100.88,61.00,806.00,null,null,null
2023-08-19T01:18:03Z,27.02,64.65,98,0,40.42,100.88,58.00,785.00,null,null,null
2023-08-19T01:19:03Z,27.02,64.90,98,0,39.51,100.89,56.00,770.00,null,null,null
2023-08-19T01:20:03Z,27.02,65.69,98,0,38.71,100.89,57.00,776.00,5,6,6
2023-08-19T01:21:03Z,27.05,64.87,98,0,40.30,100.90,53.00,754.00,null,null,null
2023-08-19T01:22:03Z,27.03,65.43,98,0,39.07,100.90,57.00,776.00,null,null,null
2023-08-19T01:23:03Z,27.05,65.21,98,0,36.63,100.90,55.00,763.00,null,null,null
2023-08-19T01:24:03Z,27.05,65.10,98,0,40.13,100.90,52.00,744.00,null,null,null
2023-08-19T01:25:03Z,27.02,64.86,98,0,38.48,100.90,54.00,761.00,3,5,5
2023-08-19T01:26:03Z,27.05,65.68,98,0,41.10,100.91,52.00,744.00,null,null,null
2023-08-19T01:27:03Z,27.05,65.78,98,0,38.70,100.91,53.00,754.00,null,null,null
2023-08-19T01:28:03Z,27.03,65.01,98,0,37.72,100.90,53.00,748.00,null,null,null
2023-08-19T01:29:03Z,27.02,64.73,98,0,36.84,100.89,54.00,757.00,null,null,null
2023-08-19T01:30:03Z,27.02,65.59,98,0,39.19,100.90,57.00,778.00,5,5,5
2023-08-19T01:31:03Z,27.05,65.88,98,0,38.99,100.90,55.00,763.00,null,null,null
2023-08-19T01:32:03Z,27.03,65.86,98,0,38.56,100.91,54.00,757.00,null,null,null
2023-08-19T01:33:03Z,27.05,65.44,98,0,40.99,100.90,52.00,744.00,null,null,null
2023-08-19T01:34:03Z,27.01,65.89,98,0,40.53,100.91,51.00,737.00,null,null,null
2023-08-19T01:35:03Z,27.02,65.84,98,0,39.61,100.91,52.00,744.00,9,9,9
2023-08-19T01:36:03Z,27.01,65.85,98,0,38.85,100.92,53.00,748.00,null,null,null
2023-08-19T01:37:03Z,27.02,65.72,98,0,38.90,100.92,52.00,744.00,null,null,null
2023-08-19T01:38:03Z,27.01,65.92,98,0,37.55,100.92,53.00,754.00,null,null,null
2023-08-19T01:39:03Z,26.99,65.36,98,0,42.18,100.91,52.00,744.00,null,null,null
2023-08-19T01:40:03Z,27.01,65.81,98,0,40.70,100.90,53.00,749.00,3,4,4
2023-08-19T01:41:03Z,26.99,65.89,98,0,42.76,100.90,52.00,744.00,null,null,null
2023-08-19T01:42:03Z,26.99,65.50,98,0,40.78,100.90,47.00,715.00,null,null,null
2023-08-19T01:43:03Z,26.99,65.65,98,0,38.93,100.89,49.00,726.00,null,null,null
2023-08-19T01:44:03Z,26.98,65.35,98,0,41.89,100.91,41.00,675.00,null,null,null
2023-08-19T01:45:03Z,26.95,65.08,98,0,39.61,100.91,39.00,659.00,5,5,5
2023-08-19T01:46:03Z,26.95,65.53,98,0,39.79,100.91,41.00,674.00,null,null,null
2023-08-19T01:47:03Z,26.95,65.34,98,0,39.65,100.91,40.00,668.00,null,null,null
2023-08-19T01:48:03Z,26.94,65.35,98,0,37.64,100.91,40.00,668.00,null,null,null
2023-08-19T01:49:03Z,26.94,65.51,98,0,40.62,100.91,40.00,668.00,null,null,null
2023-08-19T01:50:03Z,26.94,65.26,98,0,40.54,100.91,41.00,675.00,5,7,7
2023-08-19T01:51:03Z,26.92,65.57,98,0,39.18,100.90,40.00,668.00,null,null,null
2023-08-19T01:52:03Z,26.94,65.12,98,0,38.16,100.91,44.00,690.00,null,null,null
2023-08-19T01:53:03Z,26.92,65.42,98,0,41.47,100.91,46.00,704.00,null,null,null
2023-08-19T01:54:03Z,26.90,65.22,98,0,39.45,100.90,41.00,675.00,null,null,null
2023-08-19T01:55:03Z,26.91,65.42,98,0,43.71,100.91,38.00,652.00,2,3,3
2023-08-19T01:56:03Z,26.90,65.39,98,0,41.55,100.90,38.00,652.00,null,null,null
2023-08-19T01:57:03Z,26.91,65.49,98,0,38.11,100.91,40.00,668.00,null,null,null
2023-08-19T01:58:03Z,26.90,65.47,98,0,41.33,100.91,41.00,675.00,null,null,null
2023-08-19T01:59:03Z,26.90,65.02,98,0,36.30,100.90,41.00,675.00,null,null,null
2023-08-19T02:00:03Z,26.90,65.44,98,0,38.86,100.91,42.00,682.00,4,6,6
2023-08-19T02:01:03Z,26.91,65.43,98,0,40.82,100.91,45.00,699.00,null,null,null
2023-08-19T02:02:03Z,26.88,65.41,98,0,39.93,100.90,44.00,690.00,null,null,null
2023-08-19T02:03:03Z,26.91,65.48,98,0,40.33,100.90,44.00,690.00,null,null,null
2023-08-19T02:04:03Z,26.91,65.33,98,0,38.04,100.91,44.00,690.00,null,null,null
2023-08-19T02:05:03Z,26.90,65.46,98,0,36.21,100.90,40.00,668.00,11,12,12
2023-08-19T02:06:03Z,26.91,65.04,98,0,39.23,100.90,40.00,668.00,null,null,null
2023-08-19T02:07:03Z,26.90,65.05,98,0,41.55,100.90,42.00,682.00,null,null,null
2023-08-19T02:08:03Z,26.91,65.41,98,0,39.50,100.90,42.00,682.00,null,null,null
2023-08-19T02:09:03Z,26.91,65.40,98,0,41.37,100.91,44.00,690.00,null,null,null
2023-08-19T02:10:03Z,26.91,65.43,98,0,39.56,100.90,45.00,699.00,6,10,10
2023-08-19T02:11:03Z,26.90,65.37,98,0,38.28,100.91,45.00,699.00,null,null,null
2023-08-19T02:12:03Z,26.91,65.23,98,0,40.98,100.91,44.00,690.00,null,null,null
2023-08-19T02:13:03Z,26.90,65.38,98,0,41.42,100.92,41.00,674.00,null,null,null
2023-08-19T02:14:03Z,26.85,64.90,98,0,40.20,100.91,40.00,668.00,null,null,null
2023-08-19T02:15:03Z,26.85,65.28,98,0,38.40,100.91,42.00,682.00,1,1,1
2023-08-19T02:16:03Z,26.88,65.36,98,0,40.54,100.91,40.00,668.00,null,null,null
2023-08-19T02:17:03Z,26.88,65.09,98,0,38.94,100.91,39.00,659.00,null,null,null
2023-08-19T02:18:03Z,26.87,65.15,98,0,40.67,100.91,39.00,657.00,null,null,null
2023-08-19T02:19:03Z,26.87,65.04,98,0,41.16,100.92,37.00,643.00,null,null,null
2023-08-19T02:20:03Z,26.84,65.15,98,0,40.59,100.92,38.00,652.00,5,5,5
2023-08-19T02:21:03Z,26.84,64.83,98,0,40.13,100.91,34.00,627.00,null,null,null
2023-08-19T02:22:03Z,26.87,65.10,98,0,39.49,100.91,34.00,627.00,null,null,null
2023-08-19T02:23:03Z,26.83,64.81,98,0,41.36,100.92,34.00,627.00,null,null,null
2023-08-19T02:24:03Z,26.84,65.10,98,0,38.79,100.91,35.00,631.00,null,null,null
2023-08-19T02:25:03Z,26.80,64.93,98,0,36.90,100.91,33.00,617.00,2,5,5
2023-08-19T02:26:03Z,26.81,65.03,98,0,39.18,100.91,34.00,627.00,null,null,null
2023-08-19T02:27:03Z,26.77,64.87,98,0,39.91,100.91,34.00,627.00,null,null,null
2023-08-19T02:28:03Z,26.78,64.98,98,0,39.94,100.91,33.00,617.00,null,null,null
2023-08-19T02:29:03Z,26.78,65.00,98,0,38.16,100.91,32.00,611.00,null,null,null
2023-08-19T02:30:03Z,26.77,65.09,98,0,39.86,100.91,33.00,617.00,2,2,2
2023-08-19T02:31:03Z,26.77,65.16,98,0,39.49,100.92,33.00,617.00,null,null,null
2023-08-19T02:32:03Z,26.77,64.95,98,0,40.26,100.91,32.00,611.00,null,null,null
2023-08-19T02:33:03Z,26.78,65.11,98,0,38.87,100.91,34.00,627.00,null,null,null
2023-08-19T02:34:03Z,26.77,65.06,98,0,39.73,100.91,35.00,631.00,null,null,null
2023-08-19T02:35:03Z,26.77,65.09,98,0,41.21,100.91,36.00,638.00,4,4,4
2023-08-19T02:36:03Z,26.80,65.06,98,0,41.50,100.91,36.00,638.00,null,null,null
2023-08-19T02:37:03Z,26.80,65.05,98,0,39.70,100.91,36.00,638.00,null,null,null
2023-08-19T02:38:03Z,26.78,65.10,98,0,42.09,100.91,34.00,627.00,null,null,null
2023-08-19T02:39:03Z,26.77,64.90,98,0,39.92,100.92,33.00,617.00,null,null,null
2023-08-19T02:40:03Z,26.74,64.80,98,0,40.19,100.92,30.00,599.00,3,4,4
2023-08-19T02:41:03Z,26.73,64.93,98,0,41.51,100.92,36.00,641.00,null,null,null
2023-08-19T02:42:03Z,26.70,64.87,98,0,40.93,100.92,35.00,634.00,null,null,null
2023-08-19T02:43:03Z,26.70,65.10,98,0,40.45,100.92,37.00,646.00,null,null,null
2023-08-19T02:44:03Z,26.68,64.78,98,0,39.57,100.93,36.00,641.00,null,null,null
2023-08-19T02:45:03Z,26.68,64.87,98,0,40.15,100.92,33.00,623.00,0,0,0
2023-08-19T02:46:03Z,26.67,64.89,98,0,40.39,100.92,32.00,615.00,null,null,null
2023-08-19T02:47:03Z,26.65,64.73,98,0,37.53,100.92,32.00,615.00,null,null,null
2023-08-19T02:48:03Z,26.64,64.83,98,0,40.03,100.91,31.00,607.00,null,null,null
2023-08-19T02:49:03Z,26.60,64.90,98,0,41.13,100.92,30.00,597.00,null,null,null
2023-08-19T02:50:03Z,26.63,64.98,98,0,37.77,100.92,30.00,597.00,1,1,1
2023-08-19T02:51:03Z,26.61,64.80,98,0,40.62,100.92,30.00,600.00,null,null,null
2023-08-19T02:52:03Z,26.57,64.86,98,0,39.87,100.92,30.00,597.00,null,null,null
2023-08-19T02:53:03Z,26.58,64.98,98,0,40.85,100.92,30.00,597.00,null,null,null
2023-08-19T02:54:03Z,26.57,65.04,98,0,36.87,100.92,31.00,607.00,null,null,null
2023-08-19T02:55:03Z,26.57,65.07,98,0,40.23,100.92,33.00,623.00,1,1,1
2023-08-19T02:56:03Z,26.57,64.95,98,0,37.27,100.92,34.00,627.00,null,null,null
2023-08-19T02:57:03Z,26.58,65.00,98,0,39.84,100.92,35.00,634.00,null,null,null
2023-08-19T02:58:03Z,26.58,64.84,98,0,40.32,100.92,34.00,627.00,null,null,null
2023-08-19T02:59:03Z,26.58,64.96,98,0,40.06,100.92,33.00,623.00,null,null,null
