TIME,TEMP,HUM,BATT,LIGHT,NOISE_A,PRESS,CCS811_VOCS,CCS811_ECO2,PM_1,PM_25,PM_10
ISO 8601,C,%,%,Lux,dBA,kPa,ppb,ppm,ug/m3,ug/m3,ug/m3
Time,Temperature,Humidity,Battery,Light,Noise dBA,Barometric pressure,VOC Gas CCS811,eCO2 Gas CCS811,PM 1.0,PM 2.5,PM 10.0
,55,56,10,14,53,58,113,112,89,87,88
2023-09-16T00:00:03Z,24.60,59.63,71,0,31.99,101.09,8.00,455.00,0,0,0
2023-09-16T00:01:03Z,24.60,59.63,71,0,27.68,101.09,7.00,450.00,null,null,null
2023-09-16T00:02:03Z,24.61,59.65,71,0,27.45,101.09,8.00,455.00,null,null,null
2023-09-16T00:03:03Z,24.60,59.61,71,0,32.18,101.09,8.00,455.00,null,null,null
2023-09-16T00:04:03Z,24.60,59.64,71,0,30.45,101.09,8.00,455.00,null,null,null
2023-09-16T00:05:03Z,24.61,59.66,71,0,30.31,101.08,8.00,455.00,0,0,0
2023-09-16T00:06:03Z,24.58,59.66,71,0,28.51,101.09,7.00,450.00,null,null,null
2023-09-16T00:07:03Z,24.62,59.64,71,0,30.58,101.09,8.00,455.00,null,null,null
2023-09-16T00:08:03Z,24.60,59.66,71,0,28.58,101.08,8.00,455.00,null,null,null
2023-09-16T00:09:03Z,24.60,59.62,71,0,25.53,101.09,8.00,455.00,null,null,null
2023-09-16T00:10:03Z,24.58,59.66,71,0,null,101.08,8.00,455.00,0,0,0
2023-09-16T00:11:03Z,24.60,59.64,71,0,28.99,101.09,9.00,460.00,null,null,null
2023-09-16T00:12:03Z,24.62,59.63,71,0,28.09,101.09,9.00,460.00,null,null,null
2023-09-16T00:13:03Z,24.60,59.64,71,0,29.44,101.09,8.00,455.00,null,null,null
2023-09-16T00:14:03Z,24.58,59.68,71,0,23.49,101.08,8.00,455.00,null,null,null
2023-09-16T00:15:03Z,24.55,59.64,71,0,29.89,101.08,8.00,455.00,0,0,0
2023-09-16T00:16:03Z,24.58,59.64,71,0,24.86,101.09,9.00,460.00,null,null,null
2023-09-16T00:17:03Z,24.60,59.62,71,0,31.25,101.08,9.00,460.00,null,null,null
2023-09-16T00:18:03Z,24.60,59.62,71,0,30.15,101.09,9.00,460.00,null,null,null
2023-09-16T00:19:03Z,24.58,59.61,71,0,25.32,101.09,9.00,460.00,null,null,null
2023-09-16T00:20:03Z,24.55,59.67,71,0,28.37,101.08,9.00,460.00,0,0,0
2023-09-16T00:21:03Z,24.57,59.68,71,0,30.51,101.09,9.00,460.00,null,null,null
2023-09-16T00:22:03Z,24.58,59.59,71,0,27.10,101.09,9.00,460.00,null,null,null
2023-09-16T00:23:03Z,24.61,59.66,71,0,27.92,101.09,9.00,460.00,null,null,null
2023-09-16T00:24:03Z,24.60,59.62,71,0,27.99,101.08,9.00,460.00,null,null,null
2023-09-16T00:25:03Z,24.58,59.69,71,0,29.54,101.08,9.00,460.00,0,0,0
2023-09-16T00:26:03Z,24.58,59.67,71,0,26.93,101.08,9.00,460.00,null,null,null
2023-09-16T00:27:03Z,24.58,59.60,71,0,26.57,101.07,9.00,460.00,null,null,null
2023-09-16T00:28:03Z,24.57,59.59,71,0,25.59,101.08,8.00,455.00,null,null,null
2023-09-16T00:29:03Z,24.60,59.59,71,0,31.09,101.08,8.00,455.00,null,null,null
2023-09-16T00:30:03Z,24.57,59.63,71,0,31.64,101.08,8.00,455.00,0,0,0
2023-09-16T00:31:03Z,24.57,59.60,71,0,26.26,101.07,9.00,460.00,null,null,null
2023-09-16T00:32:03Z,24.57,59.59,71,0,32.10,101.07,9.00,460.00,null,null,null
2023-09-16T00:33:03Z,24.60,59.59,71,0,29.46,101.08,9.00,460.00,null,null,null
2023-09-16T00:34:03Z,24.57,59.64,71,0,26.53,101.08,9.00,460.00,null,null,null
2023-09-16T00:35:03Z,24.57,59.61,71,0,31.66,101.07,9.00,460.00,0,0,0
2023-09-16T00:36:03Z,24.57,59.58,71,0,31.44,101.07,8.00,455.00,null,null,null
2023-09-16T00:37:03Z,24.58,59.58,71,0,28.74,101.08,9.00,460.00,null,null,null
2023-09-16T00:38:03Z,24.57,59.56,71,0,29.40,101.07,9.00,460.00,null,null,null
2023-09-16T00:39:03Z,24.57,59.58,71,0,31.63,101.07,9.00,460.00,null,null,null
2023-09-16T00:40:03Z,24.57,59.58,71,0,31.41,101.07,9.00,460.00,0,0,0
2023-09-16T00:41:03Z,24.55,59.56,71,0,34.36,101.07,9.00,460.00,null,null,null
2023-09-16T00:42:03Z,24.60,59.59,71,0,27.06,101.07,9.00,460.00,null,null,null
2023-09-16T00:43:03Z,24.55,59.59,71,0,25.06,101.07,9.00,464.00,null,null,null
2023-09-16T00:44:03Z,24.55,59.55,71,0,28.48,101.07,9.00,464.00,null,null,null
2023-09-16T00:45:03Z,24.55,59.58,71,0,26.29,101.07,9.00,464.00,0,0,0
2023-09-16T00:46:03Z,24.58,59.58,71,0,29.42,101.07,9.00,464.00,null,null,null
2023-09-16T00:47:03Z,24.57,59.62,71,0,31.79,101.07,9.00,464.00,null,null,null
2023-09-16T00:48:03Z,24.54,59.59,71,0,31.10,101.07,9.00,464.00,null,null,null
2023-09-16T00:49:03Z,24.54,59.58,71,0,27.47,101.07,9.00,464.00,null,null,null
2023-09-16T00:50:03Z,24.58,59.55,71,0,28.02,101.07,9.00,464.00,0,0,0
2023-09-16T00:51:03Z,24.55,59.57,71,0,28.89,101.07,9.00,464.00,null,null,null
2023-09-16T00:52:03Z,24.58,59.59,71,0,30.11,101.06,9.00,464.00,null,null,null
2023-09-16T00:53:03Z,24.54,59.55,71,0,24.68,101.06,9.00,464.00,null,null,null
2023-09-16T00:54:03Z,24.55,59.58,71,0,26.24,101.06,9.00,464.00,null,null,null
2023-09-16T00:55:03Z,24.53,59.60,71,0,24.65,101.06,9.00,464.00,0,0,0
2023-09-16T00:56:03Z,24.55,59.56,71,0,34.00,101.06,9.00,464.00,null,null,null
2023-09-16T00:57:03Z,24.55,59.55,71,0,27.73,101.06,9.00,464.00,null,null,null
2023-09-16T00:58:03Z,24.55,59.59,71,0,31.22,101.06,9.00,464.00,null,null,null
2023-09-16T00:59:03Z,24.55,59.54,71,0,32.33,101.06,10.00,472.00,null,null,null
2023-09-16T01:00:03Z,24.54,59.57,71,0,30.27,101.06,9.00,460.00,0,0,0
2023-09-16T01:01:03Z,24.54,59.52,71,0,24.39,101.06,9.00,464.00,null,null,null
2023-09-16T01:02:03Z,24.55,59.57,71,0,32.34,101.06,9.00,464.00,null,null,null
2023-09-16T01:03:03Z,24.57,59.60,71,0,28.84,101.06,10.00,472.00,null,null,null
2023-09-16T01:04:03Z,24.54,59.60,71,0,31.43,101.06,10.00,472.00,null,null,null
2023-09-16T01:05:03Z,24.55,59.53,71,0,30.41,101.06,10.00,472.00,0,0,0
2023-09-16T01:06:03Z,24.54,59.53,71,0,31.10,101.05,9.00,464.00,null,null,null
2023-09-16T01:07:03Z,24.54,59.53,71,0,30.01,101.05,10.00,472.00,null,null,null
2023-09-16T01:08:03Z,24.54,59.54,71,0,25.13,101.05,10.00,472.00,null,null,null
2023-09-16T01:09:03Z,24.53,59.56,71,0,32.21,101.06,10.00,472.00,null,null,null
2023-09-16T01:10:03Z,24.51,59.55,71,0,31.73,101.06,10.00,472.00,0,0,0
2023-09-16T01:11:03Z,24.55,59.54,71,0,26.36,101.06,9.00,464.00,null,null,null
2023-09-16T01:12:03Z,24.54,59.50,71,0,27.16,101.06,10.00,472.00,null,null,null
2023-09-16T01:13:03Z,24.53,59.54,71,0,33.26,101.06,10.00,472.00,null,null,null
2023-09-16T01:14:03Z,24.54,59.50,71,0,29.16,101.07,11.00,476.00,null,null,null
2023-09-16T01:15:03Z,24.54,59.54,71,0,31.61,101.07,10.00,472.00,0,0,0
2023-09-16T01:16:03Z,24.53,59.52,71,0,28.63,101.06,10.00,472.00,null,null,null
2023-09-16T01:17:03Z,24.53,59.56,71,0,31.37,101.06,10.00,472.00,null,null,null
2023-09-16T01:18:03Z,24.53,59.53,71,0,30.50,101.07,10.00,472.00,null,null,null
2023-09-16T01:19:03Z,24.53,59.53,71,0,32.50,101.06,10.00,472.00,null,null,null
2023-09-16T01:20:03Z,24.51,59.56,71,0,28.95,101.06,10.00,472.00,0,0,0
2023-09-16T01:21:03Z,24.53,59.50,71,0,29.77,101.07,11.00,476.00,null,null,null
2023-09-16T01:22:03Z,24.51,59.50,71,0,29.26,101.07,10.00,472.00,null,null,null
2023-09-16T01:23:03Z,24.53,59.50,71,0,28.93,101.06,10.00,472.00,null,null,null
2023-09-16T01:24:03Z,24.53,59.52,71,0,29.94,101.06,11.00,476.00,null,null,null
2023-09-16T01:25:03Z,24.51,59.53,71,0,30.53,101.06,11.00,476.00,0,0,0
2023-09-16T01:26:03Z,24.53,59.47,71,0,26.14,101.06,10.00,472.00,null,null,null
2023-09-16T01:27:03Z,24.48,59.50,71,0,26.91,101.06,12.00,481.00,null,null,null
2023-09-16T01:28:03Z,24.51,59.52,71,0,27.97,101.06,11.00,476.00,null,null,null
2023-09-16T01:29:03Z,24.53,59.49,71,0,27.38,101.05,11.00,476.00,null,null,null
2023-09-16T01:30:03Z,24.48,59.49,71,0,30.79,101.06,11.00,476.00,0,0,0
2023-09-16T01:31:03Z,24.50,59.47,71,0,23.98,101.05,11.00,476.00,null,null,null
2023-09-16T01:32:03Z,24.50,59.50,70,0,27.24,101.05,10.00,472.00,null,null,null
2023-09-16T01:33:03Z,24.50,59.50,71,0,27.64,101.05,10.00,472.00,null,null,null
2023-09-16T01:34:03Z,24.51,59.52,71,0,33.18,101.05,10.00,472.00,null,null,null
2023-09-16T01:35:03Z,24.51,59.51,71,0,29.90,101.05,11.00,476.00,0,0,0
2023-09-16T01:36:03Z,24.53,59.54,70,0,27.20,101.04,10.00,472.00,null,null,null
2023-09-16T01:37:03Z,24.51,59.52,70,0,31.16,101.04,11.00,476.00,null,null,null
2023-09-16T01:38:03Z,24.50,59.45,70,0,28.96,101.04,11.00,476.00,null,null,null
2023-09-16T01:39:03Z,24.47,59.50,70,0,25.22,101.04,12.00,481.00,null,null,null
2023-09-16T01:40:03Z,24.51,59.47,70,0,27.75,101.04,11.00,476.00,0,0,0
2023-09-16T01:41:03Z,24.53,59.47,70,0,28.33,101.04,11.00,476.00,null,null,null
2023-09-16T01:42:03Z,24.51,59.47,70,0,28.15,101.04,12.00,481.00,null,null,null
2023-09-16T01:43:03Z,24.48,59.47,70,0,29.00,101.04,12.00,481.00,null,null,null
2023-09-16T01:44:03Z,24.48,59.45,70,0,29.55,101.04,12.00,481.00,null,null,null
2023-09-16T01:45:03Z,24.51,59.46,70,0,28.42,101.04,11.00,476.00,0,0,0
2023-09-16T01:46:03Z,24.51,59.49,70,0,28.87,101.04,12.00,481.00,null,null,null
2023-09-16T01:47:03Z,24.50,59.48,70,0,28.80,101.04,11.00,476.00,null,null,null
2023-09-16T01:48:03Z,24.51,59.46,70,0,28.67,101.04,12.00,481.00,null,null,null
2023-09-16T01:49:03Z,24.51,59.50,70,0,27.69,101.04,12.00,481.00,null,null,null
2023-09-16T01:50:03Z,24.51,59.50,70,0,28.45,101.04,12.00,481.00,0,0,0
2023-09-16T01:51:03Z,24.51,59.50,70,0,30.53,101.04,13.00,487.00,null,null,null
2023-09-16T01:52:03Z,24.48,59.50,70,0,28.33,101.04,12.00,481.00,null,null,null
2023-09-16T01:53:03Z,24.51,59.43,70,0,32.81,101.04,12.00,481.00,null,null,null
2023-09-16T01:54:03Z,24.50,59.50,70,0,25.98,101.04,12.00,481.00,null,null,null
2023-09-16T01:55:03Z,24.50,59.47,70,0,23.05,101.04,12.00,481.00,0,0,0
2023-09-16T01:56:03Z,24.50,59.43,70,0,26.14,101.04,12.00,481.00,null,null,null
2023-09-16T01:57:03Z,24.48,59.46,70,0,27.51,101.04,12.00,481.00,null,null,null
2023-09-16T01:58:03Z,24.48,59.48,70,0,32.57,101.04,14.00,492.00,null,null,null
2023-09-16T01:59:03Z,24.48,59.45,70,0,30.35,101.04,12.00,481.00,null,null,null
2023-09-16T02:00:03Z,24.48,59.46,70,0,25.26,101.05,13.00,487.00,0,0,0
2023-09-16T02:01:03Z,24.48,59.43,70,0,27.53,101.04,13.00,487.00,null,null,null
2023-09-16T02:02:03Z,24.47,59.40,70,0,30.20,101.05,13.00,487.00,null,null,null
2023-09-16T02:03:03Z,24.48,59.54,70,0,30.70,101.05,12.00,481.00,null,null,null
2023-09-16T02:04:03Z,24.50,59.44,70,0,30.88,101.05,12.00,481.00,null,null,null
2023-09-16T02:05:03Z,24.47,59.47,70,0,25.16,101.05,11.00,476.00,0,0,0
2023-09-16T02:06:03Z,24.47,59.47,70,0,29.36,101.05,11.00,476.00,null,null,null
2023-09-16T02:07:03Z,24.47,59.43,70,0,37.26,101.05,12.00,481.00,null,null,null
2023-09-16T02:08:03Z,24.47,59.48,70,0,33.12,101.05,13.00,487.00,null,null,null
2023-09-16T02:09:03Z,24.47,59.42,70,0,31.55,101.05,13.00,487.00,null,null,null
2023-09-16T02:10:03Z,24.47,59.48,70,0,27.53,101.05,13.00,487.00,0,0,0
2023-09-16T02:11:03Z,24.47,59.48,70,0,27.16,101.05,12.00,481.00,null,null,null
2023-09-16T02:12:03Z,24.51,59.44,70,0,25.92,101.05,12.00,481.00,null,null,null
2023-09-16T02:13:03Z,24.48,59.39,70,0,30.36,101.05,12.00,481.00,null,null,null
2023-09-16T02:14:03Z,24.47,59.42,70,0,23.72,101.05,13.00,487.00,null,null,null
2023-09-16T02:15:03Z,24.47,59.45,70,0,33.63,101.06,12.00,481.00,0,0,0
2023-09-16T02:16:03Z,24.47,59.45,70,0,26.48,101.05,14.00,492.00,null,null,null
2023-09-16T02:17:03Z,24.47,59.43,70,0,33.07,101.05,14.00,492.00,null,null,null
2023-09-16T02:18:03Z,24.44,59.43,70,0,22.99,101.05,14.00,492.00,null,null,null
2023-09-16T02:19:03Z,24.46,59.43,70,0,24.23,101.06,14.00,492.00,null,null,null
2023-09-16T02:20:03Z,24.46,59.44,70,0,27.47,101.06,11.00,476.00,0,0,0
2023-09-16T02:21:03Z,24.46,59.40,70,0,30.32,101.06,14.00,492.00,null,null,null
2023-09-16T02:22:03Z,24.47,59.43,70,0,29.05,101.06,12.00,481.00,null,null,null
2023-09-16T02:23:03Z,24.46,59.40,70,0,26.06,101.06,13.00,487.00,null,null,null
2023-09-16T02:24:03Z,24.47,59.43,70,0,30.17,101.06,11.00,476.00,null,null,null
2023-09-16T02:25:03Z,24.46,59.47,70,0,25.13,101.05,12.00,481.00,0,0,0
2023-09-16T02:26:03Z,24.47,59.39,70,0,25.92,101.05,14.00,492.00,null,null,null
2023-09-16T02:27:03Z,24.43,59.40,70,0,27.92,101.06,13.00,487.00,null,null,null
2023-09-16T02:28:03Z,24.47,59.44,70,0,31.48,101.06,14.00,492.00,null,null,null
2023-09-16T02:29:03Z,24.46,59.45,70,0,31.90,101.06,13.00,487.00,null,null,null
2023-09-16T02:30:03Z,24.44,59.37,70,0,36.63,101.05,12.00,481.00,0,0,0
2023-09-16T02:31:03Z,24.47,59.39,70,0,25.98,101.06,12.00,481.00,null,null,null
2023-09-16T02:32:03Z,24.43,59.40,70,0,27.26,101.05,13.00,487.00,null,null,null
2023-09-16T02:33:03Z,24.46,59.41,70,0,29.03,101.06,14.00,497.00,null,null,null
2023-09-16T02:34:03Z,24.46,59.41,70,0,24.46,101.06,12.00,481.00,null,null,null
2023-09-16T02:35:03Z,24.46,59.44,70,0,27.49,101.06,14.00,492.00,0,0,0
2023-09-16T02:36:03Z,24.46,59.44,70,0,30.70,101.06,13.00,487.00,null,null,null
2023-09-16T02:37:03Z,24.46,59.41,70,0,29.43,101.06,13.00,487.00,null,null,null
2023-09-16T02:38:03Z,24.47,59.40,70,0,25.50,101.06,13.00,487.00,null,null,null
2023-09-16T02:39:03Z,24.47,59.44,70,0,26.97,101.06,14.00,492.00,null,null,null
2023-09-16T02:40:03Z,24.44,59.41,70,0,27.97,101.06,13.00,487.00,0,0,0
2023-09-16T02:41:03Z,24.44,59.42,70,0,30.53,101.06,12.00,481.00,null,null,null
2023-09-16T02:42:03Z,24.46,59.35,70,0,31.08,101.06,12.00,481.00,null,null,null
2023-09-16T02:43:03Z,24.46,59.41,70,0,27.34,101.06,12.00,481.00,null,null,null
2023-09-16T02:44:03Z,24.43,59.42,70,0,28.64,101.05,14.00,492.00,null,null,null
2023-09-16T02:45:03Z,24.44,59.39,70,0,28.88,101.05,14.00,492.00,0,0,0
2023-09-16T02:46:03Z,24.43,59.36,70,0,26.46,101.05,14.00,492.00,null,null,null
2023-09-16T02:47:03Z,24.43,59.44,70,0,31.31,101.05,14.00,492.00,null,null,null
2023-09-16T02:48:03Z,24.43,59.40,70,0,26.19,101.05,14.00,492.00,null,null,null
2023-09-16T02:49:03Z,24.47,59.36,70,0,24.79,101.05,14.00,492.00,null,null,null
2023-09-16T02:50:03Z,24.43,59.41,70,0,27.73,101.05,14.00,492.00,0,0,0
2023-09-16T02:51:03Z,24.43,59.41,70,0,29.67,101.05,14.00,497.00,null,null,null
2023-09-16T02:52:03Z,24.43,59.37,70,0,31.20,101.05,14.00,497.00,null,null,null
2023-09-16T02:53:03Z,24.43,59.40,70,0,22.61,101.05,13.00,487.00,null,null,null
2023-09-16T02:54:03Z,24.44,59.36,70,0,26.14,101.05,13.00,487.00,null,null,null
2023-09-16T02:55:03Z,24.43,59.37,70,0,25.44,101.05,12.00,481.00,0,0,0
2023-09-16T02:56:03Z,24.44,59.36,70,0,28.44,101.05,14.00,497.00,null,null,null
2023-09-16T02:57:03Z,24.40,59.38,70,0,29.31,101.05,13.00,487.00,null,null,null
2023-09-16T02:58:03Z,24.46,59.39,70,0,32.53,101.05,14.00,492.00,null,null,null
2023-09-16T02:59:03Z,24.44,59.43,70,0,27.47,101.05,14.00,497.00,null,null,null
