TIME,TEMP,HUM,BATT,LIGHT,NOISE_A,PRESS,CCS811_VOCS,CCS811_ECO2,PM_1,PM_25,PM_10
ISO 8601,C,%,%,Lux,dBA,kPa,ppb,ppm,ug/m3,ug/m3,ug/m3
Time,Temperature,Humidity,Battery,Light,Noise dBA,Barometric pressure,VOC Gas CCS811,eCO2 Gas CCS811,PM 1.0,PM 2.5,PM 10.0
,55,56,10,14,53,58,113,112,89,87,88
2023-08-26T00:00:03Z,23.65,53.72,98,0,41.70,100.89,612.00,1918.00,0,0,0
2023-08-26T00:01:03Z,23.66,53.78,98,0,40.39,100.89,612.00,1918.00,null,null,null
2023-08-26T00:02:03Z,23.68,53.66,98,0,40.49,100.89,605.00,1914.00,null,null,null
2023-08-26T00:03:03Z,23.68,53.66,98,0,39.87,100.89,612.00,1918.00,null,null,null
2023-08-26T00:04:03Z,23.63,53.75,98,0,41.20,100.89,612.00,1918.00,null,null,null
2023-08-26T00:05:03Z,23.61,53.77,98,0,39.66,100.89,617.00,1920.00,1,1,1
2023-08-26T00:06:03Z,23.63,53.69,98,0,42.25,100.89,605.00,1914.00,null,null,null
2023-08-26T00:07:03Z,23.62,53.81,98,0,42.62,100.88,612.00,1918.00,null,null,null
2023-08-26T00:08:03Z,23.63,53.73,98,0,38.22,100.88,617.00,1920.00,null,null,null
2023-08-26T00:09:03Z,23.63,53.87,98,0,39.77,100.89,617.00,1920.00,null,null,null
2023-08-26T00:10:03Z,23.62,53.78,98,0,41.67,100.89,653.00,1943.00,0,0,0
2023-08-26T00:11:03Z,23.61,53.78,98,0,37.93,100.89,605.00,1914.00,null,null,null
2023-08-26T00:12:03Z,23.65,53.76,98,0,39.57,100.89,617.00,1920.00,null,null,null
2023-08-26T00:13:03Z,23.62,53.83,98,0,37.29,100.89,605.00,1914.00,null,null,null
2023-08-26T00:14:03Z,23.62,53.83,98,0,41.02,100.89,605.00,1914.00,null,null,null
2023-08-26T00:15:03Z,23.58,53.81,98,0,42.93,100.89,605.00,1914.00,0,0,0
2023-08-26T00:16:03Z,23.61,53.73,98,0,42.54,100.89,605.00,1914.00,null,null,null
2023-08-26T00:17:03Z,23.59,53.87,98,0,40.52,100.89,625.00,1926.00,null,null,null
2023-08-26T00:18:03Z,23.59,53.83,98,0,39.39,100.88,605.00,1914.00,null,null,null
2023-08-26T00:19:03Z,23.58,53.89,98,0,40.57,100.89,617.00,1920.00,null,null,null
2023-08-26T00:20:03Z,23.58,53.91,98,0,38.50,100.89,605.00,1914.00,1,1,1
2023-08-26T00:21:03Z,23.55,53.89,98,0,39.95,100.89,617.00,1920.00,null,null,null
2023-08-26T00:22:03Z,23.59,53.92,98,0,39.62,100.89,605.00,1914.00,null,null,null
2023-08-26T00:23:03Z,23.56,53.90,98,0,36.57,100.88,617.00,1920.00,null,null,null
2023-08-26T00:24:03Z,23.56,53.93,98,0,40.51,100.89,617.00,1920.00,null,null,null
2023-08-26T00:25:03Z,23.56,53.96,98,0,41.51,100.88,633.00,1931.00,1,2,2
2023-08-26T00:26:03Z,23.56,53.89,98,0,42.45,100.89,645.00,1938.00,null,null,null
2023-08-26T00:27:03Z,23.56,54.01,98,0,38.51,100.89,645.00,1938.00,null,null,null
2023-08-26T00:28:03Z,23.55,53.97,98,0,38.30,100.89,645.00,1938.00,null,null,null
2023-08-26T00:29:03Z,23.56,53.96,98,0,39.61,100.89,645.00,1938.00,null,null,null
2023-08-26T00:30:03Z,23.55,53.97,98,0,40.17,100.89,645.00,1938.00,0,0,0
2023-08-26T00:31:03Z,23.55,53.94,98,0,38.37,100.88,645.00,1938.00,null,null,null
2023-08-26T00:32:03Z,23.53,53.92,98,0,37.69,100.89,633.00,1931.00,null,null,null
2023-08-26T00:33:03Z,23.55,53.95,98,0,39.86,100.88,617.00,1920.00,null,null,null
2023-08-26T00:34:03Z,23.52,53.99,98,0,37.70,100.88,617.00,1920.00,null,null,null
2023-08-26T00:35:03Z,23.51,54.06,98,0,40.05,100.89,617.00,1920.00,0,0,0
2023-08-26T00:36:03Z,23.51,54.05,98,0,41.59,100.88,633.00,1931.00,null,null,null
2023-08-26T00:37:03Z,23.51,54.02,98,0,41.50,100.89,645.00,1938.00,null,null,null
2023-08-26T00:38:03Z,23.51,54.08,98,0,40.47,100.88,617.00,1920.00,null,null,null
2023-08-26T00:39:03Z,23.51,54.00,98,0,38.36,100.88,617.00,1920.00,null,null,null
2023-08-26T00:40:03Z,23.46,53.95,98,0,39.35,100.88,617.00,1920.00,0,0,0
2023-08-26T00:41:03Z,23.49,54.04,98,0,40.15,100.88,633.00,1931.00,null,null,null
2023-08-26T00:42:03Z,23.51,53.91,98,0,38.63,100.88,633.00,1931.00,null,null,null
2023-08-26T00:43:03Z,23.52,54.14,98,0,40.25,100.88,645.00,1938.00,null,null,null
2023-08-26T00:44:03Z,23.52,54.08,98,0,38.13,100.88,689.00,1967.00,null,null,null
2023-08-26T00:45:03Z,23.48,54.20,98,0,39.36,100.88,705.00,1976.00,1,1,1
2023-08-26T00:46:03Z,23.49,54.11,98,0,42.81,100.88,705.00,1976.00,null,null,null
2023-08-26T00:47:03Z,23.51,54.20,98,0,39.86,100.88,716.00,1982.00,null,null,null
2023-08-26T00:48:03Z,23.49,54.16,98,0,41.89,100.88,716.00,1982.00,null,null,null
2023-08-26T00:49:03Z,23.48,54.15,98,0,39.96,100.89,716.00,1982.00,null,null,null
2023-08-26T00:50:03Z,23.45,54.06,98,0,41.84,100.88,716.00,1982.00,1,1,1
2023-08-26T00:51:03Z,23.46,54.12,98,0,42.23,100.88,746.00,1999.00,null,null,null
2023-08-26T00:52:03Z,23.45,54.12,98,0,42.10,100.87,746.00,1999.00,null,null,null
2023-08-26T00:53:03Z,23.46,54.17,98,0,40.25,100.88,746.00,1999.00,null,null,null
2023-08-26T00:54:03Z,23.46,54.22,98,0,40.26,100.87,734.00,1993.00,null,null,null
2023-08-26T00:55:03Z,23.44,54.22,98,0,41.37,100.88,734.00,1993.00,0,0,0
2023-08-26T00:56:03Z,23.46,54.26,98,0,38.77,100.88,734.00,1993.00,null,null,null
2023-08-26T00:57:03Z,23.45,54.21,98,0,39.65,100.88,707.00,1977.00,null,null,null
2023-08-26T00:58:03Z,23.44,54.23,98,0,39.69,100.88,716.00,1982.00,null,null,null
2023-08-26T00:59:03Z,23.44,54.22,98,0,38.91,100.88,716.00,1982.00,null,null,null
2023-08-26T01:00:03Z,23.42,54.22,98,0,40.71,100.89,705.00,1976.00,0,0,0
2023-08-26T01:01:03Z,23.41,54.27,98,0,38.95,100.89,705.00,1976.00,null,null,null
2023-08-26T01:02:03Z,23.42,54.26,98,0,39.60,100.88,680.00,1961.00,null,null,null
2023-08-26T01:03:03Z,23.41,54.27,98,0,38.26,100.89,680.00,1961.00,null,null,null
2023-08-26T01:04:03Z,23.39,54.26,98,0,42.93,100.88,664.00,1950.00,null,null,null
2023-08-26T01:05:03Z,23.38,54.35,98,0,40.20,100.89,664.00,1950.00,0,0,0
2023-08-26T01:06:03Z,23.38,54.25,98,0,37.77,100.89,653.00,1943.00,null,null,null
2023-08-26T01:07:03Z,23.39,54.25,98,0,38.10,100.89,664.00,1950.00,null,null,null
2023-08-26T01:08:03Z,23.36,54.29,98,0,41.27,100.88,653.00,1943.00,null,null,null
2023-08-26T01:09:03Z,23.36,54.35,98,0,39.58,100.88,653.00,1943.00,null,null,null
2023-08-26T01:10:03Z,23.36,54.37,98,0,38.95,100.89,653.00,1943.00,0,0,0
2023-08-26T01:11:03Z,23.36,54.35,98,0,40.13,100.88,653.00,1943.00,null,null,null
2023-08-26T01:12:03Z,23.35,54.40,98,0,42.68,100.89,637.00,1934.00,null,null,null
2023-08-26T01:13:03Z,23.36,54.37,98,0,40.19,100.88,653.00,1943.00,null,null,null
2023-08-26T01:14:03Z,23.34,54.41,98,0,39.87,100.88,637.00,1934.00,null,null,null
2023-08-26T01:15:03Z,23.34,54.43,98,0,40.36,100.88,637.00,1934.00,0,0,0
2023-08-26T01:16:03Z,23.34,54.46,98,0,41.58,100.88,625.00,1926.00,null,null,null
2023-08-26T01:17:03Z,23.32,54.33,98,0,42.95,100.88,609.00,1915.00,null,null,null
2023-08-26T01:18:03Z,23.28,54.45,98,0,42.30,100.89,609.00,1915.00,null,null,null
2023-08-26T01:19:03Z,23.31,54.47,98,0,38.40,100.88,609.00,1915.00,null,null,null
2023-08-26T01:20:03Z,23.28,54.47,98,0,39.40,100.88,597.00,1909.00,1,1,1
2023-08-26T01:21:03Z,23.28,54.50,98,0,38.03,100.88,586.00,1900.00,null,null,null
2023-08-26T01:22:03Z,23.28,54.51,98,0,40.73,100.88,586.00,1900.00,null,null,null
2023-08-26T01:23:03Z,23.28,54.57,98,0,41.06,100.88,586.00,1900.00,null,null,null
2023-08-26T01:24:03Z,23.26,54.60,98,0,39.80,100.89,586.00,1900.00,null,null,null
2023-08-26T01:25:03Z,23.25,54.56,98,0,39.44,100.88,586.00,1900.00,0,0,0
2023-08-26T01:26:03Z,23.25,54.66,98,0,39.53,100.89,586.00,1900.00,null,null,null
2023-08-26T01:27:03Z,23.26,54.56,98,0,40.64,100.88,586.00,1900.00,null,null,null
2023-08-26T01:28:03Z,23.25,54.67,98,0,42.58,100.88,586.00,1900.00,null,null,null
2023-08-26T01:29:03Z,23.22,54.56,98,0,40.01,100.89,586.00,1900.00,null,null,null
2023-08-26T01:30:03Z,23.21,54.71,98,0,38.91,100.89,634.00,1933.00,0,0,0
2023-08-26T01:31:03Z,23.21,54.75,98,0,38.84,100.89,643.00,1937.00,null,null,null
2023-08-26T01:32:03Z,23.19,54.67,98,0,37.91,100.88,626.00,1928.00,null,null,null
2023-08-26T01:33:03Z,23.19,54.70,98,0,40.61,100.88,634.00,1933.00,null,null,null
2023-08-26T01:34:03Z,23.19,54.78,98,0,41.99,100.89,643.00,1937.00,null,null,null
2023-08-26T01:35:03Z,23.17,54.77,98,0,38.83,100.88,634.00,1933.00,0,0,0
2023-08-26T01:36:03Z,23.17,54.74,98,0,38.11,100.88,634.00,1933.00,null,null,null
2023-08-26T01:37:03Z,23.19,54.79,98,0,38.37,100.88,655.00,1945.00,null,null,null
2023-08-26T01:38:03Z,23.18,54.87,98,0,39.06,100.88,647.00,1939.00,null,null,null
2023-08-26T01:39:03Z,23.18,54.66,98,0,38.17,100.88,647.00,1939.00,null,null,null
2023-08-26T01:40:03Z,23.11,54.87,98,0,42.53,100.88,647.00,1939.00,2,2,2
2023-08-26T01:41:03Z,23.15,54.77,98,0,40.25,100.88,655.00,1945.00,null,null,null
2023-08-26T01:42:03Z,23.15,54.85,98,0,39.83,100.88,647.00,1939.00,null,null,null
2023-08-26T01:43:03Z,23.15,54.82,98,0,39.13,100.88,647.00,1939.00,null,null,null
2023-08-26T01:44:03Z,23.14,54.82,98,0,41.70,100.88,634.00,1933.00,null,null,null
2023-08-26T01:45:03Z,23.10,54.91,98,0,39.74,100.88,634.00,1933.00,0,0,0
2023-08-26T01:46:03Z,23.10,54.86,98,0,41.99,100.88,634.00,1933.00,null,null,null
2023-08-26T01:47:03Z,23.11,54.91,98,0,38.60,100.88,626.00,1928.00,null,null,null
2023-08-26T01:48:03Z,23.11,54.98,98,0,38.94,100.87,634.00,1933.00,null,null,null
2023-08-26T01:49:03Z,23.11,55.00,98,0,39.61,100.87,634.00,1933.00,null,null,null
2023-08-26T01:50:03Z,23.11,55.00,98,0,39.45,100.87,626.00,1928.00,0,0,0
2023-08-26T01:51:03Z,23.11,54.97,98,0,38.79,100.88,634.00,1933.00,null,null,null
2023-08-26T01:52:03Z,23.12,54.92,98,0,39.58,100.87,634.00,1933.00,null,null,null
2023-08-26T01:53:03Z,23.10,54.91,98,0,38.27,100.88,626.00,1928.00,null,null,null
2023-08-26T01:54:03Z,23.10,54.97,98,0,38.94,100.87,626.00,1928.00,null,null,null
2023-08-26T01:55:03Z,23.07,55.01,98,0,40.14,100.87,626.00,1928.00,0,0,0
2023-08-26T01:56:03Z,23.05,54.80,98,0,39.27,100.86,614.00,1919.00,null,null,null
2023-08-26T01:57:03Z,23.05,55.05,98,0,39.41,100.86,626.00,1928.00,null,null,null
2023-08-26T01:58:03Z,23.04,55.04,98,0,39.22,100.86,614.00,1919.00,null,null,null
2023-08-26T01:59:03Z,23.04,54.98,98,0,39.12,100.86,614.00,1919.00,null,null,null
2023-08-26T02:00:03Z,23.01,55.15,98,0,42.14,100.86,626.00,1928.00,1,1,1
2023-08-26T02:01:03Z,23.03,55.13,98,0,39.12,100.86,634.00,1933.00,null,null,null
2023-08-26T02:02:03Z,23.03,55.18,98,0,42.75,100.86,634.00,1933.00,null,null,null
2023-08-26T02:03:03Z,23.00,55.06,98,0,42.07,100.86,626.00,1928.00,null,null,null
2023-08-26T02:04:03Z,23.00,55.07,98,0,40.04,100.85,626.00,1928.00,null,null,null
2023-08-26T02:05:03Z,22.97,55.13,98,0,39.82,100.85,626.00,1928.00,1,1,1
2023-08-26T02:06:03Z,22.98,55.15,98,0,39.96,100.85,626.00,1928.00,null,null,null
2023-08-26T02:07:03Z,22.98,55.22,98,0,39.74,100.85,626.00,1928.00,null,null,null
2023-08-26T02:08:03Z,23.00,55.24,98,0,40.52,100.85,626.00,1928.00,null,null,null
2023-08-26T02:09:03Z,22.96,55.20,98,0,39.95,100.85,626.00,1928.00,null,null,null
2023-08-26T02:10:03Z,22.96,55.28,98,0,41.65,100.85,634.00,1933.00,0,0,0
2023-08-26T02:11:03Z,22.97,55.31,98,0,39.53,100.85,626.00,1928.00,null,null,null
2023-08-26T02:12:03Z,22.97,55.29,98,0,40.35,100.84,619.00,1922.00,null,null,null
2023-08-26T02:13:03Z,22.93,55.25,98,0,38.66,100.85,619.00,1922.00,null,null,null
2023-08-26T02:14:03Z,22.93,55.24,98,0,38.61,100.85,607.00,1914.00,null,null,null
2023-08-26T02:15:03Z,22.93,55.41,98,0,39.82,100.85,626.00,1928.00,0,0,0
2023-08-26T02:16:03Z,22.93,55.41,98,0,38.72,100.85,607.00,1914.00,null,null,null
2023-08-26T02:17:03Z,22.93,55.42,98,0,39.30,100.85,619.00,1922.00,null,null,null
2023-08-26T02:18:03Z,22.90,55.39,98,0,37.81,100.85,607.00,1914.00,null,null,null
2023-08-26T02:19:03Z,22.88,55.45,98,0,39.88,100.85,607.00,1914.00,null,null,null
2023-08-26T02:20:03Z,22.88,55.50,98,0,41.02,100.85,619.00,1922.00,0,0,0
2023-08-26T02:21:03Z,22.90,55.37,98,0,41.85,100.85,626.00,1928.00,null,null,null
2023-08-26T02:22:03Z,22.88,55.43,98,0,40.73,100.85,626.00,1928.00,null,null,null
2023-08-26T02:23:03Z,22.90,55.36,98,0,40.60,100.85,639.00,1934.00,null,null,null
2023-08-26T02:24:03Z,22.88,55.42,98,0,40.26,100.85,626.00,1928.00,null,null,null
2023-08-26T02:25:03Z,22.87,55.24,98,0,39.69,100.85,626.00,1928.00,2,2,2
2023-08-26T02:26:03Z,22.90,55.39,98,0,38.29,100.85,647.00,1939.00,null,null,null
2023-08-26T02:27:03Z,22.88,55.45,98,0,40.00,100.85,651.00,1942.00,null,null,null
2023-08-26T02:28:03Z,22.90,55.34,98,0,40.79,100.85,651.00,1942.00,null,null,null
2023-08-26T02:29:03Z,22.88,55.38,98,0,40.49,100.85,651.00,1942.00,null,null,null
2023-08-26T02:30:03Z,22.88,55.39,98,0,38.52,100.85,639.00,1934.00,1,1,1
2023-08-26T02:31:03Z,22.88,55.26,98,0,39.09,100.85,639.00,1934.00,null,null,null
2023-08-26T02:32:03Z,22.88,55.36,98,0,40.99,100.85,639.00,1934.00,null,null,null
2023-08-26T02:33:03Z,22.90,55.36,98,0,38.42,100.85,651.00,1942.00,null,null,null
2023-08-26T02:34:03Z,22.87,55.32,98,0,39.81,100.85,639.00,1934.00,null,null,null
2023-08-26T02:35:03Z,22.86,55.43,98,0,39.91,100.85,639.00,1934.00,0,0,0
2023-08-26T02:36:03Z,22.86,55.36,98,0,38.72,100.85,639.00,1934.00,null,null,null
2023-08-26T02:37:03Z,22.86,55.41,98,0,39.51,100.85,639.00,1934.00,null,null,null
2023-08-26T02:38:03Z,22.87,55.36,98,0,39.69,100.85,626.00,1928.00,null,null,null
2023-08-26T02:39:03Z,22.84,55.37,98,0,39.78,100.84,626.00,1928.00,null,null,null
2023-08-26T02:40:03Z,22.84,55.42,98,0,38.48,100.84,626.00,1928.00,0,0,0
2023-08-26T02:41:03Z,22.83,55.49,98,0,39.00,100.85,619.00,1922.00,null,null,null
2023-08-26T02:42:03Z,22.81,55.42,98,0,39.29,100.84,619.00,1922.00,null,null,null
2023-08-26T02:43:03Z,22.80,55.40,98,0,39.97,100.84,619.00,1922.00,null,null,null
2023-08-26T02:44:03Z,22.83,55.40,98,0,39.66,100.84,626.00,1928.00,null,null,null
2023-08-26T02:45:03Z,22.78,55.53,98,0,40.44,100.84,619.00,1922.00,1,1,1
2023-08-26T02:46:03Z,22.77,55.44,98,0,41.10,100.84,619.00,1922.00,null,null,null
2023-08-26T02:47:03Z,22.78,55.51,98,0,39.91,100.84,619.00,1922.00,null,null,null
2023-08-26T02:48:03Z,22.73,55.48,98,0,38.16,100.84,619.00,1922.00,null,null,null
2023-08-26T02:49:03Z,22.76,55.55,98,0,39.25,100.84,639.00,1934.00,null,null,null
2023-08-26T02:50:03Z,22.73,55.48,98,0,40.28,100.84,607.00,1914.00,0,0,0
2023-08-26T02:51:03Z,22.73,55.65,98,0,36.98,100.85,639.00,1934.00,null,null,null
2023-08-26T02:52:03Z,22.73,55.55,98,0,41.22,100.85,639.00,1934.00,null,null,null
2023-08-26T02:53:03Z,22.70,55.55,98,0,42.16,100.85,639.00,1934.00,null,null,null
2023-08-26T02:54:03Z,22.70,55.67,98,0,39.55,100.85,655.00,1945.00,null,null,null
2023-08-26T02:55:03Z,22.70,55.67,98,0,39.35,100.85,655.00,1945.00,0,0,0
2023-08-26T02:56:03Z,22.71,55.62,98,0,40.94,100.85,655.00,1945.00,null,null,null
2023-08-26T02:57:03Z,22.73,55.58,98,0,40.48,100.85,667.00,1953.00,null,null,null
2023-08-26T02:58:03Z,22.71,55.67,98,0,40.06,100.85,667.00,1953.00,null,null,null
2023-08-26T02:59:03Z,22.70,55.67,98,0,38.36,100.85,667.00,1953.00,null,null,null
