TIME,TEMP,HUM,BATT,LIGHT,NOISE_A,PRESS,CCS811_VOCS,CCS811_ECO2,PM_1,PM_25,PM_10
ISO 8601,C,%,%,Lux,dBA,kPa,ppb,ppm,ug/m3,ug/m3,ug/m3
Time,Temperature,Humidity,Battery,Light,Noise dBA,Barometric pressure,VOC Gas CCS811,eCO2 Gas CCS811,PM 1.0,PM 2.5,PM 10.0
,55,56,10,14,53,58,113,112,89,87,88
2023-08-12T00:00:07Z,25.35,59.71,98,0,42.42,101.59,9.00,463.00,null,null,null
2023-08-12T00:01:07Z,25.33,59.72,98,0,41.92,101.59,8.00,459.00,1,1,1
2023-08-12T00:02:07Z,25.31,59.86,98,0,43.01,101.59,7.00,448.00,null,null,null
2023-08-12T00:03:07Z,25.33,59.52,98,0,42.93,101.59,7.00,446.00,null,null,null
2023-08-12T00:04:07Z,25.34,59.36,98,0,43.00,101.59,7.00,448.00,null,null,null
2023-08-12T00:05:07Z,25.30,59.48,98,0,42.94,101.59,5.00,439.00,null,null,null
2023-08-12T00:06:07Z,25.31,59.88,98,0,41.20,101.59,5.00,435.00,1,1,1
2023-08-12T00:07:07Z,25.30,59.64,98,0,43.47,101.58,5.00,434.00,null,null,null
2023-08-12T00:08:07Z,25.29,59.45,98,0,42.68,101.58,5.00,439.00,null,null,null
2023-08-12T00:09:07Z,25.31,59.29,98,0,44.03,101.58,5.00,435.00,null,null,null
2023-08-12T00:10:07Z,25.33,59.15,98,0,43.90,101.58,4.00,427.00,null,null,null
2023-08-12T00:11:07Z,25.29,59.12,98,0,43.36,101.58,3.00,424.00,1,3,3
2023-08-12T00:12:07Z,25.29,59.21,98,0,43.81,101.59,1.00,410.00,null,null,null
2023-08-12T00:13:07Z,25.29,59.11,98,0,44.29,101.59,2.00,415.00,null,null,null
2023-08-12T00:14:07Z,25.27,59.66,98,0,43.18,101.59,3.00,421.00,null,null,null
2023-08-12T00:15:07Z,25.26,59.47,98,0,43.41,101.58,1.00,410.00,null,null,null
2023-08-12T00:16:07Z,25.24,59.16,98,0,42.06,101.57,0.00,406.00,0,0,0
2023-08-12T00:17:07Z,25.24,59.96,98,0,44.94,101.57,7.00,450.00,null,null,null
2023-08-12T00:18:07Z,25.26,59.66,98,0,43.62,101.58,8.00,455.00,null,null,null
2023-08-12T00:19:07Z,25.27,59.20,98,0,43.30,101.57,3.00,424.00,null,null,null
2023-08-12T00:20:07Z,25.26,59.15,98,0,44.77,101.57,4.00,428.00,null,null,null
2023-08-12T00:21:07Z,25.27,59.71,98,0,42.95,101.57,4.00,428.00,1,1,1
2023-08-12T00:22:07Z,25.24,59.07,98,0,41.98,101.57,3.00,424.00,null,null,null
2023-08-12T00:23:07Z,25.24,59.10,98,0,41.76,101.57,9.00,460.00,null,null,null
2023-08-12T00:24:07Z,25.26,59.12,98,0,42.70,101.57,8.00,456.00,null,null,null
2023-08-12T00:25:07Z,25.23,59.08,98,0,42.10,101.57,3.00,421.00,null,null,null
2023-08-12T00:26:07Z,25.24,59.04,98,0,42.23,101.57,7.00,450.00,1,1,1
2023-08-12T00:27:07Z,25.23,59.02,98,0,43.68,101.57,6.00,442.00,null,null,null
2023-08-12T00:28:07Z,25.23,59.00,98,0,43.15,101.57,5.00,436.00,null,null,null
2023-08-12T00:29:07Z,25.20,59.08,98,0,42.46,101.56,4.00,432.00,null,null,null
2023-08-12T00:30:07Z,25.19,59.06,98,0,43.88,101.57,4.00,432.00,null,null,null
2023-08-12T00:31:07Z,25.19,59.54,98,0,41.52,101.57,5.00,436.00,1,1,1
2023-08-12T00:32:07Z,25.22,59.00,98,0,42.07,101.57,4.00,432.00,null,null,null
2023-08-12T00:33:07Z,25.19,59.25,98,0,43.53,101.56,6.00,442.00,null,null,null
2023-08-12T00:34:07Z,25.19,59.15,98,0,43.59,101.56,5.00,436.00,null,null,null
2023-08-12T00:35:07Z,25.17,58.92,98,0,43.47,101.56,6.00,442.00,null,null,null
2023-08-12T00:36:07Z,25.16,58.88,98,0,42.05,101.56,3.00,421.00,1,1,1
2023-08-12T00:37:07Z,25.16,58.87,98,0,41.88,101.56,3.00,421.00,null,null,null
2023-08-12T00:38:07Z,25.16,58.89,98,0,43.13,101.56,2.00,418.00,null,null,null
2023-08-12T00:39:07Z,25.14,58.83,98,0,42.42,101.56,2.00,418.00,null,null,null
2023-08-12T00:40:07Z,25.10,58.92,98,0,43.42,101.55,1.00,411.00,null,null,null
2023-08-12T00:41:07Z,25.10,59.05,98,0,42.49,101.55,1.00,411.00,5,5,5
2023-08-12T00:42:07Z,25.10,59.00,98,0,45.29,101.56,1.00,409.00,null,null,null
2023-08-12T00:43:07Z,25.10,58.82,98,0,44.10,101.56,1.00,409.00,null,null,null
2023-08-12T00:44:07Z,25.12,58.89,98,0,43.43,101.56,1.00,409.00,null,null,null
2023-08-12T00:45:07Z,25.09,59.37,98,0,43.06,101.55,1.00,409.00,null,null,null
2023-08-12T00:46:07Z,25.09,59.58,98,0,43.29,101.55,1.00,407.00,2,2,2
2023-08-12T00:47:07Z,25.07,58.97,98,0,41.32,101.55,2.00,416.00,null,null,null
2023-08-12T00:48:07Z,25.09,59.52,98,0,41.70,101.55,2.00,418.00,null,null,null
2023-08-12T00:49:07Z,25.09,59.02,98,0,41.93,101.55,2.00,416.00,null,null,null
2023-08-12T00:50:07Z,25.07,59.01,98,0,43.52,101.55,2.00,418.00,null,null,null
2023-08-12T00:51:07Z,25.09,58.95,98,0,42.69,101.55,5.00,436.00,2,2,2
2023-08-12T00:52:07Z,25.10,58.95,98,0,43.41,101.55,4.00,432.00,null,null,null
2023-08-12T00:53:07Z,25.09,58.86,98,0,42.32,101.55,5.00,436.00,null,null,null
2023-08-12T00:54:07Z,25.07,59.06,98,0,44.21,101.55,4.00,432.00,null,null,null
2023-08-12T00:55:07Z,25.06,58.90,98,0,42.81,101.55,4.00,432.00,null,null,null
2023-08-12T00:56:07Z,25.04,58.92,98,0,42.68,101.55,4.00,432.00,0,0,0
2023-08-12T00:57:07Z,25.07,58.90,98,0,44.38,101.55,4.00,432.00,null,null,null
2023-08-12T00:58:07Z,25.06,59.00,98,0,41.01,101.55,3.00,425.00,null,null,null
2023-08-12T00:59:07Z,25.06,58.92,98,0,44.04,101.56,4.00,432.00,null,null,null
2023-08-12T01:00:07Z,25.04,58.88,98,0,44.46,101.55,4.00,432.00,null,null,null
2023-08-12T01:01:07Z,25.04,58.93,98,0,43.02,101.55,3.00,421.00,1,1,1
2023-08-12T01:02:07Z,25.03,58.88,98,0,43.95,101.55,3.00,425.00,null,null,null
2023-08-12T01:03:07Z,25.00,58.84,98,0,43.16,101.54,3.00,425.00,null,null,null
2023-08-12T01:04:07Z,25.02,58.88,98,0,40.60,101.54,6.00,442.00,null,null,null
2023-08-12T01:05:07Z,25.00,58.90,98,0,41.84,101.54,3.00,425.00,null,null,null
2023-08-12T01:06:07Z,24.97,58.89,98,0,42.55,101.55,3.00,425.00,1,1,1
2023-08-12T01:07:07Z,25.00,58.97,98,0,42.48,101.55,3.00,421.00,null,null,null
2023-08-12T01:08:07Z,24.97,58.87,98,0,42.86,101.54,3.00,421.00,null,null,null
2023-08-12T01:09:07Z,25.00,58.92,98,0,42.83,101.54,3.00,421.00,null,null,null
2023-08-12T01:10:07Z,24.95,59.06,98,0,42.67,101.54,1.00,411.00,null,null,null
2023-08-12T01:11:07Z,24.95,58.92,98,0,42.46,101.54,3.00,421.00,1,2,2
2023-08-12T01:12:07Z,24.96,58.90,98,0,43.05,101.54,2.00,418.00,null,null,null
2023-08-12T01:13:07Z,24.97,58.92,98,0,43.61,101.54,1.00,411.00,null,null,null
2023-08-12T01:14:07Z,24.95,59.04,98,0,41.46,101.54,3.00,421.00,null,null,null
2023-08-12T01:15:07Z,24.92,59.00,98,0,43.58,101.54,4.00,432.00,null,null,null
2023-08-12T01:16:07Z,24.95,59.16,98,0,41.47,101.54,4.00,432.00,0,0,0
2023-08-12T01:17:07Z,24.95,59.32,98,0,44.15,101.54,2.00,418.00,null,null,null
2023-08-12T01:18:07Z,24.95,59.03,98,0,44.28,101.54,2.00,414.00,null,null,null
2023-08-12T01:19:07Z,24.93,59.50,98,0,42.48,101.53,3.00,421.00,null,null,null
2023-08-12T01:20:07Z,24.95,59.05,98,0,41.37,101.53,2.00,416.00,null,null,null
2023-08-12T01:21:07Z,24.92,59.22,98,0,44.04,101.53,3.00,421.00,2,2,2
2023-08-12T01:22:07Z,24.92,59.03,98,0,44.11,101.53,3.00,421.00,null,null,null
2023-08-12T01:23:07Z,24.95,58.96,98,0,44.65,101.53,2.00,418.00,null,null,null
2023-08-12T01:24:07Z,24.92,58.90,98,0,42.30,101.53,1.00,411.00,null,null,null
2023-08-12T01:25:07Z,24.93,59.60,98,0,42.21,101.53,1.00,411.00,null,null,null
2023-08-12T01:26:07Z,24.89,59.02,98,0,43.89,101.53,3.00,425.00,2,2,2
2023-08-12T01:27:07Z,24.90,58.93,98,0,43.29,101.54,3.00,421.00,null,null,null
2023-08-12T01:28:07Z,24.90,58.91,98,0,41.98,101.54,3.00,425.00,null,null,null
2023-08-12T01:29:07Z,24.89,58.86,98,0,43.79,101.53,3.00,425.00,null,null,null
2023-08-12T01:30:07Z,24.92,58.90,98,0,43.61,101.53,3.00,421.00,null,null,null
2023-08-12T01:31:07Z,24.89,59.18,98,0,44.05,101.54,3.00,421.00,2,2,2
2023-08-12T01:32:07Z,24.90,59.14,98,0,42.64,101.53,3.00,421.00,null,null,null
2023-08-12T01:33:07Z,24.90,59.03,98,0,43.45,101.53,3.00,421.00,null,null,null
2023-08-12T01:34:07Z,24.89,59.01,98,0,40.26,101.53,1.00,411.00,null,null,null
2023-08-12T01:35:07Z,24.87,59.43,98,0,42.55,101.53,1.00,411.00,null,null,null
2023-08-12T01:36:07Z,24.89,59.08,98,0,44.24,101.53,1.00,411.00,1,1,1
2023-08-12T01:37:07Z,24.89,59.06,98,0,44.10,101.54,1.00,407.00,null,null,null
2023-08-12T01:38:07Z,24.87,59.10,98,0,43.24,101.54,1.00,411.00,null,null,null
2023-08-12T01:39:07Z,24.89,59.10,98,0,43.06,101.53,2.00,418.00,null,null,null
2023-08-12T01:40:07Z,24.86,59.18,98,0,43.50,101.53,1.00,411.00,null,null,null
2023-08-12T01:41:07Z,24.85,59.75,98,0,43.90,101.53,1.00,411.00,0,0,0
2023-08-12T01:42:07Z,24.83,59.47,98,0,41.46,101.53,0.00,400.00,null,null,null
2023-08-12T01:43:07Z,24.86,59.24,98,0,44.17,101.53,0.00,400.00,null,null,null
2023-08-12T01:44:07Z,24.86,59.07,98,0,41.22,101.53,0.00,401.00,null,null,null
2023-08-12T01:45:07Z,24.85,59.07,98,0,44.03,101.53,0.00,401.00,null,null,null
2023-08-12T01:46:07Z,24.83,59.06,98,0,42.57,101.52,0.00,400.00,0,0,16
2023-08-12T01:47:07Z,24.83,59.11,98,0,43.22,101.53,0.00,400.00,null,null,null
2023-08-12T01:48:07Z,24.82,59.04,98,0,42.36,101.52,0.00,403.00,null,null,null
2023-08-12T01:49:07Z,24.83,59.02,98,0,42.32,101.52,0.00,403.00,null,null,null
2023-08-12T01:50:07Z,24.80,59.10,98,0,45.28,101.52,0.00,403.00,null,null,null
2023-08-12T01:51:07Z,24.79,59.11,98,0,44.63,101.52,0.00,403.00,1,1,1
2023-08-12T01:52:07Z,24.79,59.17,98,0,45.07,101.52,0.00,400.00,null,null,null
2023-08-12T01:53:07Z,24.79,59.26,98,0,41.75,101.52,1.00,408.00,null,null,null
2023-08-12T01:54:07Z,24.76,59.14,98,0,44.26,101.52,0.00,403.00,null,null,null
2023-08-12T01:55:07Z,24.78,59.44,98,0,44.33,101.52,0.00,400.00,null,null,null
2023-08-12T01:56:07Z,24.75,59.30,98,0,45.65,101.53,0.00,400.00,3,3,3
2023-08-12T01:57:07Z,24.75,59.15,98,0,41.46,101.53,0.00,400.00,null,null,null
2023-08-12T01:58:07Z,24.72,59.30,98,0,43.60,101.53,0.00,405.00,null,null,null
2023-08-12T01:59:07Z,24.72,59.21,98,0,44.72,101.53,1.00,413.00,null,null,null
2023-08-12T02:00:07Z,24.72,59.26,98,0,41.66,101.52,2.00,417.00,null,null,null
2023-08-12T02:01:07Z,24.72,59.37,98,0,45.46,101.52,3.00,426.00,3,3,14
2023-08-12T02:02:07Z,24.69,59.56,98,0,43.33,101.52,3.00,426.00,null,null,null
2023-08-12T02:03:07Z,24.74,59.29,98,0,42.18,101.52,5.00,435.00,null,null,null
2023-08-12T02:04:07Z,24.71,59.31,98,0,45.04,101.52,4.00,428.00,null,null,null
2023-08-12T02:05:07Z,24.72,59.25,98,0,44.71,101.52,5.00,439.00,null,null,null
2023-08-12T02:06:07Z,24.71,59.30,98,0,42.87,101.52,6.00,444.00,2,2,2
2023-08-12T02:07:07Z,24.69,59.28,98,0,41.51,101.52,5.00,439.00,null,null,null
2023-08-12T02:08:07Z,24.69,59.29,98,0,43.56,101.52,5.00,435.00,null,null,null
2023-08-12T02:09:07Z,24.69,59.34,98,0,44.34,101.53,5.00,435.00,null,null,null
2023-08-12T02:10:07Z,24.66,59.32,98,0,43.05,101.52,3.00,426.00,null,null,null
2023-08-12T02:11:07Z,24.64,59.29,98,0,43.99,101.52,3.00,422.00,0,4,4
2023-08-12T02:12:07Z,24.62,59.33,98,0,42.29,101.52,1.00,409.00,null,null,null
2023-08-12T02:13:07Z,24.62,59.57,98,0,43.82,101.51,0.00,405.00,null,null,null
2023-08-12T02:14:07Z,24.61,59.48,98,0,43.50,101.52,2.00,418.00,null,null,null
2023-08-12T02:15:07Z,24.59,59.46,98,0,43.39,101.52,2.00,418.00,null,null,null
2023-08-12T02:16:07Z,24.59,59.62,98,0,44.88,101.52,2.00,418.00,1,3,3
2023-08-12T02:17:07Z,24.58,59.47,98,0,43.10,101.52,1.00,413.00,null,null,null
2023-08-12T02:18:07Z,24.58,59.47,98,0,43.77,101.51,1.00,413.00,null,null,null
2023-08-12T02:19:07Z,24.55,59.52,98,0,42.85,101.51,1.00,413.00,null,null,null
2023-08-12T02:20:07Z,24.54,59.54,98,0,43.89,101.51,2.00,418.00,null,null,null
2023-08-12T02:21:07Z,24.55,59.86,98,0,42.47,101.51,3.00,426.00,0,0,0
2023-08-12T02:22:07Z,24.51,59.68,98,0,43.40,101.52,3.00,424.00,null,null,null
2023-08-12T02:23:07Z,24.54,59.64,98,0,43.20,101.51,5.00,435.00,null,null,null
2023-08-12T02:24:07Z,24.55,59.63,98,0,43.42,101.51,5.00,435.00,null,null,null
2023-08-12T02:25:07Z,24.55,59.59,98,0,43.54,101.51,4.00,428.00,null,null,null
2023-08-12T02:26:07Z,24.52,59.61,98,0,42.84,101.50,3.00,422.00,0,0,0
2023-08-12T02:27:07Z,24.51,59.65,98,0,43.55,101.51,1.00,413.00,null,null,null
2023-08-12T02:28:07Z,24.49,59.62,98,0,43.06,101.51,0.00,405.00,null,null,null
2023-08-12T02:29:07Z,24.47,59.75,98,0,42.25,101.50,0.00,401.00,null,null,null
2023-08-12T02:30:07Z,24.45,59.79,98,0,44.00,101.50,0.00,400.00,null,null,null
2023-08-12T02:31:07Z,24.45,59.84,98,0,43.14,101.50,0.00,400.00,1,1,1
2023-08-12T02:32:07Z,24.42,59.79,98,0,40.96,101.50,0.00,406.00,null,null,null
2023-08-12T02:33:07Z,24.44,59.84,98,0,41.48,101.50,2.00,414.00,null,null,null
2023-08-12T02:34:07Z,24.42,59.92,98,0,41.04,101.50,1.00,409.00,null,null,null
2023-08-12T02:35:07Z,24.44,59.89,98,0,43.38,101.50,2.00,414.00,null,null,null
2023-08-12T02:36:07Z,24.39,59.93,98,0,42.90,101.50,2.00,417.00,2,2,2
2023-08-12T02:37:07Z,24.39,59.93,98,0,44.32,101.50,2.00,417.00,null,null,null
2023-08-12T02:38:07Z,24.44,59.88,98,0,44.84,101.50,2.00,417.00,null,null,null
2023-08-12T02:39:07Z,24.42,59.90,98,0,43.56,101.50,2.00,414.00,null,null,null
2023-08-12T02:40:07Z,24.39,59.94,98,0,41.32,101.50,3.00,423.00,null,null,null
2023-08-12T02:41:07Z,24.37,60.14,98,0,43.47,101.50,3.00,423.00,0,0,0
2023-08-12T02:42:07Z,24.45,60.01,98,0,42.48,101.50,3.00,423.00,null,null,null
2023-08-12T02:43:07Z,24.39,59.99,98,0,43.93,101.50,3.00,423.00,null,null,null
2023-08-12T02:44:07Z,24.37,60.10,98,0,42.24,101.51,2.00,417.00,null,null,null
2023-08-12T02:45:07Z,24.37,60.12,98,0,43.20,101.50,1.00,409.00,null,null,null
2023-08-12T02:46:07Z,24.34,60.18,98,0,43.96,101.50,3.00,426.00,1,1,1
2023-08-12T02:47:07Z,24.34,60.21,98,0,40.55,101.51,2.00,414.00,null,null,null
2023-08-12T02:48:07Z,24.32,60.21,98,0,43.00,101.51,2.00,417.00,null,null,null
2023-08-12T02:49:07Z,24.32,60.30,98,0,40.41,101.51,3.00,423.00,null,null,null
2023-08-12T02:50:07Z,24.31,60.27,98,0,41.72,101.52,4.00,432.00,null,null,null
2023-08-12T02:51:07Z,24.30,60.28,98,0,41.02,101.52,5.00,436.00,3,3,3
2023-08-12T02:52:07Z,24.31,60.29,98,0,44.71,101.53,5.00,436.00,null,null,null
2023-08-12T02:53:07Z,24.32,60.31,98,0,42.26,101.53,6.00,441.00,null,null,null
2023-08-12T02:54:07Z,24.27,60.39,98,0,44.47,101.53,4.00,432.00,null,null,null
2023-08-12T02:55:07Z,24.27,60.54,98,0,45.84,101.53,3.00,423.00,null,null,null
2023-08-12T02:56:07Z,24.27,60.58,98,0,43.40,101.53,3.00,420.00,1,1,16
2023-08-12T02:57:07Z,24.27,60.44,98,0,42.80,101.53,5.00,436.00,null,null,null
2023-08-12T02:58:07Z,24.31,60.50,98,0,41.28,101.54,5.00,436.00,null,null,null
2023-08-12T02:59:07Z,24.31,60.42,98,0,41.92,101.54,5.00,436.00,null,null,null
