TIME,TEMP,HUM,BATT,LIGHT,NOISE_A,PRESS,CCS811_VOCS,CCS811_ECO2,PM_1,PM_25,PM_10
ISO 8601,C,%,%,Lux,dBA,kPa,ppb,ppm,ug/m3,ug/m3,ug/m3
Time,Temperature,Humidity,Battery,Light,Noise dBA,Barometric pressure,VOC Gas CCS811,eCO2 Gas CCS811,PM 1.0,PM 2.5,PM 10.0
,55,56,10,14,53,58,113,112,89,87,88
2023-08-28T00:00:02Z,20.84,59.84,99,0,27.80,101.39,147.00,1367.00,0,0,0
2023-08-28T00:01:02Z,20.87,59.83,99,0,23.49,101.39,145.00,1352.00,null,null,null
2023-08-28T00:02:02Z,20.84,59.86,100,0,24.39,101.39,147.00,1367.00,null,null,null
2023-08-28T00:03:02Z,20.87,59.86,99,0,25.35,101.40,149.00,1380.00,null,null,null
2023-08-28T00:04:02Z,20.83,59.87,99,0,27.20,101.39,147.00,1367.00,null,null,null
2023-08-28T00:05:02Z,20.84,59.90,99,0,24.43,101.40,151.00,1397.00,0,0,0
2023-08-28T00:06:02Z,20.83,59.89,100,0,23.98,101.40,147.00,1367.00,null,null,null
2023-08-28T00:07:02Z,20.82,59.90,99,0,25.98,101.40,147.00,1367.00,null,null,null
2023-08-28T00:08:02Z,20.83,59.92,99,0,23.40,101.39,147.00,1367.00,null,null,null
2023-08-28T00:09:02Z,20.83,59.88,99,0,27.89,101.39,147.00,1367.00,null,null,null
2023-08-28T00:10:02Z,20.80,59.95,99,0,26.41,101.40,147.00,1367.00,0,0,0
2023-08-28T00:11:02Z,20.82,59.90,100,0,26.48,101.39,142.00,1334.00,null,null,null
2023-08-28T00:12:02Z,20.83,59.95,99,0,26.73,101.39,147.00,1367.00,null,null,null
2023-08-28T00:13:02Z,20.84,59.97,99,0,27.40,101.39,149.00,1380.00,null,null,null
2023-08-28T00:14:02Z,20.82,60.00,99,0,24.65,101.39,149.00,1380.00,null,null,null
2023-08-28T00:15:02Z,20.80,59.96,99,0,27.38,101.39,147.00,1367.00,0,0,0
2023-08-28T00:16:02Z,20.82,59.99,99,0,24.50,101.39,145.00,1352.00,null,null,null
2023-08-28T00:17:02Z,20.82,59.96,100,0,23.90,101.39,147.00,1367.00,null,null,null
2023-08-28T00:18:02Z,20.83,59.95,99,0,23.05,101.39,147.00,1367.00,null,null,null
2023-08-28T00:19:02Z,20.80,60.01,99,0,24.19,101.39,145.00,1352.00,null,null,null
2023-08-28T00:20:02Z,20.80,60.07,99,0,27.68,101.39,142.00,1334.00,0,0,0
2023-08-28T00:21:02Z,20.79,60.00,99,0,31.82,101.39,142.00,1334.00,null,null,null
2023-08-28T00:22:02Z,20.80,60.05,99,0,29.28,101.38,142.00,1334.00,null,null,null
2023-08-28T00:23:02Z,20.79,59.97,99,0,24.54,101.39,142.00,1334.00,null,null,null
2023-08-28T00:24:02Z,20.80,60.04,99,0,26.36,101.39,145.00,1352.00,null,null,null
2023-08-28T00:25:02Z,20.82,60.12,99,0,26.62,101.39,145.00,1352.00,0,0,0
2023-08-28T00:26:02Z,20.79,60.07,99,0,25.47,101.38,142.00,1334.00,null,null,null
2023-08-28T00:27:02Z,20.76,60.09,99,0,25.50,101.38,140.00,1321.00,null,null,null
2023-08-28T00:28:02Z,20.80,60.08,99,0,26.99,101.38,140.00,1321.00,null,null,null
2023-08-28T00:29:02Z,20.77,60.16,99,0,25.73,101.38,140.00,1321.00,null,null,null
2023-08-28T00:30:02Z,20.75,60.15,99,0,27.38,101.38,140.00,1321.00,0,0,0
2023-08-28T00:31:02Z,20.77,60.14,99,0,25.22,101.38,138.00,1307.00,null,null,null
2023-08-28T00:32:02Z,20.77,60.11,100,0,27.16,101.39,136.00,1295.00,null,null,null
2023-08-28T00:33:02Z,20.79,60.11,99,0,26.06,101.39,138.00,1307.00,null,null,null
2023-08-28T00:34:02Z,20.76,60.20,100,0,25.16,101.38,142.00,1334.00,null,null,null
2023-08-28T00:35:02Z,20.76,60.19,99,0,23.90,101.39,140.00,1321.00,0,0,0
2023-08-28T00:36:02Z,20.73,60.14,100,0,27.04,101.38,136.00,1295.00,null,null,null
2023-08-28T00:37:02Z,20.76,60.17,99,0,27.32,101.38,156.00,1429.00,null,null,null
2023-08-28T00:38:02Z,20.76,60.15,100,0,23.94,101.38,140.00,1321.00,null,null,null
2023-08-28T00:39:02Z,20.76,60.20,99,0,24.68,101.38,142.00,1334.00,null,null,null
2023-08-28T00:40:02Z,20.73,60.26,99,0,25.76,101.38,145.00,1352.00,0,0,0
2023-08-28T00:41:02Z,20.77,60.21,100,0,24.03,101.38,157.00,1432.00,null,null,null
2023-08-28T00:42:02Z,20.76,60.20,100,0,23.05,101.38,136.00,1295.00,null,null,null
2023-08-28T00:43:02Z,20.75,60.22,100,0,24.07,101.38,138.00,1307.00,null,null,null
2023-08-28T00:44:02Z,20.75,60.24,100,0,23.90,101.38,138.00,1307.00,null,null,null
2023-08-28T00:45:02Z,20.76,60.30,99,0,27.02,101.38,138.00,1307.00,0,0,0
2023-08-28T00:46:02Z,20.73,60.28,99,0,23.72,101.38,134.00,1285.00,null,null,null
2023-08-28T00:47:02Z,20.75,60.24,100,0,22.61,101.38,154.00,1416.00,null,null,null
2023-08-28T00:48:02Z,20.73,60.27,99,0,25.00,101.38,140.00,1321.00,null,null,null
2023-08-28T00:49:02Z,20.73,60.31,99,0,23.90,101.38,157.00,1432.00,null,null,null
2023-08-28T00:50:02Z,20.72,60.35,99,0,25.56,101.38,157.00,1432.00,0,0,0
2023-08-28T00:51:02Z,20.75,60.33,99,0,26.78,101.38,150.00,1385.00,null,null,null
2023-08-28T00:52:02Z,20.72,60.32,100,0,23.54,101.38,134.00,1285.00,null,null,null
2023-08-28T00:53:02Z,20.73,60.33,99,0,28.31,101.38,154.00,1416.00,null,null,null
2023-08-28T00:54:02Z,20.70,60.37,100,0,23.94,101.38,154.00,1416.00,null,null,null
2023-08-28T00:55:02Z,20.69,60.40,100,0,27.38,101.38,157.00,1432.00,0,0,0
2023-08-28T00:56:02Z,20.72,60.41,100,0,26.06,101.38,152.00,1404.00,null,null,null
2023-08-28T00:57:02Z,20.72,60.36,99,0,24.89,101.38,152.00,1404.00,null,null,null
2023-08-28T00:58:02Z,20.69,60.38,100,0,30.48,101.38,152.00,1404.00,null,null,null
2023-08-28T00:59:02Z,20.70,60.41,99,0,23.68,101.38,157.00,1432.00,null,null,null
2023-08-28T01:00:02Z,20.70,60.40,99,0,24.68,101.38,157.00,1432.00,0,0,0
2023-08-28T01:01:02Z,20.69,60.45,99,0,27.16,101.38,154.00,1416.00,null,null,null
2023-08-28T01:02:02Z,20.72,60.40,99,0,28.64,101.39,152.00,1404.00,null,null,null
2023-08-28T01:03:02Z,20.73,60.42,99,0,23.54,101.38,150.00,1385.00,null,null,null
2023-08-28T01:04:02Z,20.70,60.46,99,0,23.20,101.39,150.00,1385.00,null,null,null
2023-08-28T01:05:02Z,20.67,60.45,99,0,23.30,101.39,152.00,1404.00,0,0,0
2023-08-28T01:06:02Z,20.69,60.48,100,0,26.46,101.38,148.00,1372.00,null,null,null
2023-08-28T01:07:02Z,20.67,60.47,100,0,20.19,101.38,148.00,1372.00,null,null,null
2023-08-28T01:08:02Z,20.67,60.48,100,0,24.43,101.38,150.00,1385.00,null,null,null
2023-08-28T01:09:02Z,20.69,60.47,99,0,27.02,101.38,152.00,1404.00,null,null,null
2023-08-28T01:10:02Z,20.66,60.49,99,0,24.23,101.38,152.00,1404.00,0,0,0
2023-08-28T01:11:02Z,20.67,60.52,99,0,26.48,101.38,150.00,1385.00,null,null,null
2023-08-28T01:12:02Z,20.69,60.50,99,0,27.28,101.38,150.00,1385.00,null,null,null
2023-08-28T01:13:02Z,20.66,60.53,99,0,27.14,101.38,152.00,1404.00,null,null,null
2023-08-28T01:14:02Z,20.66,60.57,100,0,24.23,101.37,152.00,1404.00,null,null,null
2023-08-28T01:15:02Z,20.66,60.61,99,0,25.67,101.37,154.00,1416.00,0,0,0
2023-08-28T01:16:02Z,20.66,60.55,99,0,28.36,101.37,152.00,1404.00,null,null,null
2023-08-28T01:17:02Z,20.66,60.56,99,0,26.80,101.37,154.00,1416.00,null,null,null
2023-08-28T01:18:02Z,20.64,60.53,99,0,27.55,101.37,157.00,1432.00,null,null,null
2023-08-28T01:19:02Z,20.64,60.57,99,0,25.03,101.37,157.00,1432.00,null,null,null
2023-08-28T01:20:02Z,20.64,60.55,99,0,23.59,101.37,159.00,1445.00,0,0,0
2023-08-28T01:21:02Z,20.66,60.60,99,0,23.90,101.37,152.00,1404.00,null,null,null
2023-08-28T01:22:02Z,20.64,60.59,100,0,23.35,101.37,154.00,1416.00,null,null,null
2023-08-28T01:23:02Z,20.66,60.59,100,0,27.30,101.37,157.00,1432.00,null,null,null
2023-08-28T01:24:02Z,20.63,60.64,99,0,25.90,101.37,159.00,1445.00,null,null,null
2023-08-28T01:25:02Z,20.66,60.64,99,0,25.26,101.37,159.00,1445.00,0,0,0
2023-08-28T01:26:02Z,20.64,60.69,99,0,27.92,101.38,152.00,1404.00,null,null,null
2023-08-28T01:27:02Z,20.63,60.61,100,0,26.21,101.38,152.00,1404.00,null,null,null
2023-08-28T01:28:02Z,20.63,60.67,99,0,24.86,101.38,150.00,1385.00,null,null,null
2023-08-28T01:29:02Z,20.63,60.67,99,0,27.62,101.38,148.00,1372.00,null,null,null
2023-08-28T01:30:02Z,20.60,60.72,99,0,21.71,101.38,150.00,1385.00,0,0,0
2023-08-28T01:31:02Z,20.63,60.71,99,0,25.79,101.38,145.00,1356.00,null,null,null
2023-08-28T01:32:02Z,20.63,60.71,99,0,28.34,101.38,148.00,1372.00,null,null,null
2023-08-28T01:33:02Z,20.63,60.68,99,0,27.12,101.38,145.00,1356.00,null,null,null
2023-08-28T01:34:02Z,20.59,60.68,99,0,26.08,101.38,145.00,1356.00,null,null,null
2023-08-28T01:35:02Z,20.59,60.72,99,0,30.66,101.38,145.00,1356.00,0,0,0
2023-08-28T01:36:02Z,20.61,60.77,99,0,26.06,101.38,148.00,1372.00,null,null,null
2023-08-28T01:37:02Z,20.61,60.74,99,0,28.09,101.38,139.00,1316.00,null,null,null
2023-08-28T01:38:02Z,20.61,60.68,99,0,22.72,101.38,142.00,1334.00,null,null,null
2023-08-28T01:39:02Z,20.59,60.72,99,0,23.72,101.39,145.00,1356.00,null,null,null
2023-08-28T01:40:02Z,20.59,60.77,99,0,26.26,101.38,145.00,1356.00,0,0,0
2023-08-28T01:41:02Z,20.59,60.78,99,0,25.87,101.38,142.00,1334.00,null,null,null
2023-08-28T01:42:02Z,20.61,60.73,100,0,24.72,101.38,142.00,1334.00,null,null,null
2023-08-28T01:43:02Z,20.61,60.71,99,0,24.96,101.38,145.00,1356.00,null,null,null
2023-08-28T01:44:02Z,20.57,60.75,99,0,27.59,101.38,145.00,1356.00,null,null,null
2023-08-28T01:45:02Z,20.59,60.79,99,0,23.59,101.38,147.00,1367.00,0,0,0
2023-08-28T01:46:02Z,20.59,60.79,99,0,25.56,101.38,145.00,1356.00,null,null,null
2023-08-28T01:47:02Z,20.59,60.80,100,0,27.02,101.38,142.00,1334.00,null,null,null
2023-08-28T01:48:02Z,20.56,60.77,99,0,21.78,101.38,142.00,1334.00,null,null,null
2023-08-28T01:49:02Z,20.55,60.81,99,0,25.19,101.38,142.00,1334.00,null,null,null
2023-08-28T01:50:02Z,20.57,60.82,99,0,25.09,101.38,143.00,1341.00,0,0,0
2023-08-28T01:51:02Z,20.56,60.86,99,0,25.41,101.38,139.00,1316.00,null,null,null
2023-08-28T01:52:02Z,20.57,60.85,99,0,24.96,101.38,142.00,1334.00,null,null,null
2023-08-28T01:53:02Z,20.56,60.81,99,0,22.61,101.38,142.00,1334.00,null,null,null
2023-08-28T01:54:02Z,20.56,60.83,99,0,26.60,101.38,143.00,1341.00,null,null,null
2023-08-28T01:55:02Z,20.57,60.83,99,0,23.59,101.38,145.00,1356.00,0,0,0
2023-08-28T01:56:02Z,20.56,60.87,99,0,26.82,101.38,142.00,1334.00,null,null,null
2023-08-28T01:57:02Z,20.57,60.81,99,0,23.86,101.38,142.00,1334.00,null,null,null
2023-08-28T01:58:02Z,20.56,60.86,99,0,41.24,101.38,143.00,1341.00,null,null,null
2023-08-28T01:59:02Z,20.56,60.97,99,0,27.45,101.38,143.00,1341.00,null,null,null
2023-08-28T02:00:02Z,20.52,60.89,99,0,24.50,101.38,145.00,1356.00,0,0,0
2023-08-28T02:01:02Z,20.55,60.94,100,0,25.59,101.38,142.00,1334.00,null,null,null
2023-08-28T02:02:02Z,20.55,60.89,99,0,23.20,101.38,142.00,1334.00,null,null,null
2023-08-28T02:03:02Z,20.55,60.93,99,0,25.73,101.38,145.00,1356.00,null,null,null
2023-08-28T02:04:02Z,20.56,61.01,99,0,28.19,101.38,150.00,1389.00,null,null,null
2023-08-28T02:05:02Z,20.53,60.99,99,0,29.47,101.38,147.00,1367.00,0,0,0
2023-08-28T02:06:02Z,20.56,60.98,99,0,26.53,101.37,143.00,1341.00,null,null,null
2023-08-28T02:07:02Z,20.55,60.99,99,0,26.11,101.38,143.00,1341.00,null,null,null
2023-08-28T02:08:02Z,20.55,60.98,99,0,24.79,101.38,143.00,1341.00,null,null,null
2023-08-28T02:09:02Z,20.53,61.01,99,0,27.30,101.38,143.00,1341.00,null,null,null
2023-08-28T02:10:02Z,20.53,61.00,99,0,24.83,101.38,145.00,1356.00,0,0,0
2023-08-28T02:11:02Z,20.52,61.03,99,0,27.80,101.38,142.00,1334.00,null,null,null
2023-08-28T02:12:02Z,20.55,61.02,99,0,31.13,101.38,142.00,1334.00,null,null,null
2023-08-28T02:13:02Z,20.55,60.98,99,0,25.98,101.37,145.00,1356.00,null,null,null
2023-08-28T02:14:02Z,20.50,61.03,99,0,25.53,101.37,145.00,1356.00,null,null,null
2023-08-28T02:15:02Z,20.52,61.07,99,0,24.96,101.38,145.00,1356.00,0,0,0
2023-08-28T02:16:02Z,20.53,61.03,99,0,23.72,101.38,145.00,1356.00,null,null,null
2023-08-28T02:17:02Z,20.55,61.02,99,0,26.53,101.37,142.00,1334.00,null,null,null
2023-08-28T02:18:02Z,20.53,61.05,99,0,24.27,101.37,142.00,1334.00,null,null,null
2023-08-28T02:19:02Z,20.53,61.08,99,0,27.77,101.37,143.00,1341.00,null,null,null
2023-08-28T02:20:02Z,20.50,61.07,99,0,26.21,101.37,143.00,1341.00,0,0,0
2023-08-28T02:21:02Z,20.50,61.09,99,0,26.43,101.37,142.00,1334.00,null,null,null
2023-08-28T02:22:02Z,20.53,61.06,100,0,27.62,101.37,139.00,1316.00,null,null,null
2023-08-28T02:23:02Z,20.52,61.05,99,0,25.67,101.37,142.00,1334.00,null,null,null
2023-08-28T02:24:02Z,20.52,61.06,99,0,25.13,101.37,143.00,1341.00,null,null,null
2023-08-28T02:25:02Z,20.49,61.13,99,0,23.94,101.37,145.00,1356.00,0,0,0
2023-08-28T02:26:02Z,20.50,61.08,99,0,25.92,101.37,142.00,1334.00,null,null,null
2023-08-28T02:27:02Z,20.50,61.05,99,0,24.68,101.37,139.00,1316.00,null,null,null
2023-08-28T02:28:02Z,20.52,61.12,99,0,23.77,101.37,142.00,1334.00,null,null,null
2023-08-28T02:29:02Z,20.49,61.08,99,0,27.44,101.37,142.00,1334.00,null,null,null
2023-08-28T02:30:02Z,20.49,61.14,99,0,27.28,101.37,142.00,1334.00,0,0,0
2023-08-28T02:31:02Z,20.48,61.09,99,0,29.05,101.37,139.00,1316.00,null,null,null
2023-08-28T02:32:02Z,20.49,61.08,99,0,27.34,101.37,142.00,1334.00,null,null,null
2023-08-28T02:33:02Z,20.49,61.13,99,0,25.98,101.37,142.00,1334.00,null,null,null
2023-08-28T02:34:02Z,20.49,61.15,99,0,25.06,101.37,139.00,1316.00,null,null,null
2023-08-28T02:35:02Z,20.46,61.17,99,0,22.43,101.37,139.00,1316.00,0,0,0
2023-08-28T02:36:02Z,20.48,61.21,99,0,25.32,101.37,139.00,1316.00,null,null,null
2023-08-28T02:37:02Z,20.48,61.15,99,0,27.24,101.37,139.00,1316.00,null,null,null
2023-08-28T02:38:02Z,20.46,61.10,99,0,27.92,101.37,142.00,1334.00,null,null,null
2023-08-28T02:39:02Z,20.46,61.15,99,0,28.12,101.37,143.00,1341.00,null,null,null
2023-08-28T02:40:02Z,20.46,61.20,99,0,24.31,101.37,145.00,1356.00,0,0,0
2023-08-28T02:41:02Z,20.49,61.14,99,0,25.35,101.37,139.00,1316.00,null,null,null
2023-08-28T02:42:02Z,20.45,61.16,99,0,23.40,101.38,142.00,1334.00,null,null,null
2023-08-28T02:43:02Z,20.45,61.14,99,0,28.40,101.37,143.00,1341.00,null,null,null
2023-08-28T02:44:02Z,20.48,61.15,100,0,24.07,101.37,145.00,1356.00,null,null,null
2023-08-28T02:45:02Z,20.45,61.17,99,0,22.31,101.38,147.00,1367.00,0,0,0
2023-08-28T02:46:02Z,20.46,61.20,99,0,24.83,101.37,142.00,1334.00,null,null,null
2023-08-28T02:47:02Z,20.46,61.16,99,0,27.49,101.37,143.00,1341.00,null,null,null
2023-08-28T02:48:02Z,20.43,61.14,99,0,30.28,101.37,143.00,1341.00,null,null,null
2023-08-28T02:49:02Z,20.46,61.24,99,0,26.71,101.38,145.00,1356.00,null,null,null
2023-08-28T02:50:02Z,20.43,61.29,99,0,25.22,101.37,145.00,1356.00,0,0,0
2023-08-28T02:51:02Z,20.45,61.22,99,0,23.45,101.38,140.00,1324.00,null,null,null
2023-08-28T02:52:02Z,20.43,61.19,99,0,26.24,101.38,143.00,1341.00,null,null,null
2023-08-28T02:53:02Z,20.43,61.21,100,0,26.87,101.38,143.00,1341.00,null,null,null
2023-08-28T02:54:02Z,20.45,61.23,99,0,24.89,101.37,145.00,1356.00,null,null,null
2023-08-28T02:55:02Z,20.45,61.28,99,0,25.35,101.38,145.00,1356.00,0,0,0
2023-08-28T02:56:02Z,20.43,61.28,99,0,27.55,101.37,137.00,1302.00,null,null,null
2023-08-28T02:57:02Z,20.48,61.22,99,0,27.53,101.37,137.00,1302.00,null,null,null
2023-08-28T02:58:02Z,20.42,61.28,99,0,26.48,101.38,142.00,1334.00,null,null,null
2023-08-28T02:59:02Z,20.40,61.25,99,0,25.32,101.37,137.00,1302.00,null,null,null
