TIME,TEMP,HUM,BATT,LIGHT,NOISE_A,PRESS,CCS811_VOCS,CCS811_ECO2,PM_1,PM_25,PM_10
ISO 8601,C,%,%,Lux,dBA,kPa,ppb,ppm,ug/m3,ug/m3,ug/m3
Time,Temperature,Humidity,Battery,Light,Noise dBA,Barometric pressure,VOC Gas CCS811,eCO2 Gas CCS811,PM 1.0,PM 2.5,PM 10.0
,55,56,10,14,53,58,113,112,89,87,88
2023-09-18T00:00:03Z,24.08,58.57,48,0,30.02,100.18,0.00,405.00,0,0,0
2023-09-18T00:01:03Z,24.08,58.55,48,0,35.08,100.18,0.00,400.00,null,null,null
2023-09-18T00:02:03Z,24.08,58.57,48,0,37.03,100.18,0.00,405.00,null,null,null
2023-09-18T00:03:03Z,24.08,58.55,48,0,30.46,100.17,0.00,405.00,null,null,null
2023-09-18T00:04:03Z,24.06,58.58,48,0,31.04,100.16,0.00,405.00,null,null,null
2023-09-18T00:05:03Z,24.04,58.62,48,0,25.76,100.16,0.00,405.00,0,0,0
2023-09-18T00:06:03Z,24.08,58.58,48,0,32.85,100.17,0.00,400.00,null,null,null
2023-09-18T00:07:03Z,24.08,58.54,47,0,24.61,100.17,1.00,408.00,null,null,null
2023-09-18T00:08:03Z,24.06,58.56,47,0,31.61,100.17,1.00,408.00,null,null,null
2023-09-18T00:09:03Z,24.04,58.54,48,0,35.21,100.15,1.00,408.00,null,null,null
2023-09-18T00:10:03Z,24.03,58.55,48,0,32.64,100.15,1.00,408.00,0,0,0
2023-09-18T00:11:03Z,24.04,58.57,48,0,26.50,100.15,1.00,408.00,null,null,null
2023-09-18T00:12:03Z,24.07,58.55,48,0,30.70,100.15,0.00,403.00,null,null,null
2023-09-18T00:13:03Z,24.10,58.57,48,0,28.84,100.15,0.00,403.00,null,null,null
2023-09-18T00:14:03Z,24.04,58.55,47,0,null,100.15,0.00,403.00,null,null,null
2023-09-18T00:15:03Z,24.06,58.59,47,0,31.31,100.15,0.00,403.00,0,0,0
2023-09-18T00:16:03Z,24.04,58.58,47,0,35.35,100.14,0.00,403.00,null,null,null
2023-09-18T00:17:03Z,24.04,58.55,48,0,27.47,100.13,0.00,403.00,null,null,null
2023-09-18T00:18:03Z,24.03,58.59,48,0,27.53,100.14,0.00,403.00,null,null,null
2023-09-18T00:19:03Z,24.06,58.54,47,0,31.34,100.13,0.00,403.00,null,null,null
2023-09-18T00:20:03Z,23.99,58.65,47,0,27.66,100.13,0.00,403.00,0,0,0
2023-09-18T00:21:03Z,24.04,58.62,47,0,29.98,100.12,0.00,403.00,null,null,null
2023-09-18T00:22:03Z,24.04,58.58,47,0,28.55,100.12,0.00,403.00,null,null,null
2023-09-18T00:23:03Z,24.06,58.61,48,0,27.59,100.11,0.00,400.00,null,null,null
2023-09-18T00:24:03Z,24.01,58.59,48,0,28.80,100.10,0.00,403.00,null,null,null
2023-09-18T00:25:03Z,24.00,58.61,48,0,31.72,100.10,0.00,400.00,0,0,0
2023-09-18T00:26:03Z,24.03,58.59,47,0,28.36,100.09,0.00,400.00,null,null,null
2023-09-18T00:27:03Z,24.03,58.58,47,0,27.71,100.09,0.00,400.00,null,null,null
2023-09-18T00:28:03Z,23.99,58.62,47,0,31.28,100.08,0.00,400.00,null,null,null
2023-09-18T00:29:03Z,24.04,58.57,47,0,30.99,100.08,0.00,400.00,null,null,null
2023-09-18T00:30:03Z,23.97,58.66,48,0,29.42,100.08,0.00,400.00,0,0,0
2023-09-18T00:31:03Z,24.03,58.66,47,0,39.74,100.08,0.00,400.00,null,null,null
2023-09-18T00:32:03Z,24.04,58.58,47,0,28.81,100.08,0.00,400.00,null,null,null
2023-09-18T00:33:03Z,24.00,58.62,47,0,29.04,100.08,0.00,400.00,null,null,null
2023-09-18T00:34:03Z,24.00,58.63,48,0,31.67,100.08,0.00,400.00,null,null,null
2023-09-18T00:35:03Z,23.99,58.63,47,0,27.85,100.08,0.00,400.00,0,0,0
2023-09-18T00:36:03Z,23.99,58.62,47,0,29.84,100.08,0.00,400.00,null,null,null
2023-09-18T00:37:03Z,24.01,58.57,47,0,25.90,100.07,0.00,400.00,null,null,null
2023-09-18T00:38:03Z,24.00,58.63,48,0,30.55,100.07,0.00,400.00,null,null,null
2023-09-18T00:39:03Z,23.99,58.67,47,0,26.50,100.07,0.00,400.00,null,null,null
2023-09-18T00:40:03Z,23.99,58.62,48,0,32.34,100.07,0.00,400.00,0,0,0
2023-09-18T00:41:03Z,24.00,58.66,47,0,30.97,100.07,0.00,400.00,null,null,null
2023-09-18T00:42:03Z,23.99,58.64,47,0,28.19,100.06,0.00,405.00,null,null,null
2023-09-18T00:43:03Z,23.97,58.67,47,0,24.93,100.07,0.00,400.00,null,null,null
2023-09-18T00:44:03Z,23.97,58.65,47,0,28.28,100.06,0.00,405.00,null,null,null
2023-09-18T00:45:03Z,23.99,58.69,47,0,29.78,100.06,0.00,405.00,0,0,0
2023-09-18T00:46:03Z,23.97,58.65,47,0,32.17,100.06,0.00,405.00,null,null,null
2023-09-18T00:47:03Z,23.97,58.65,47,0,28.36,100.05,1.00,409.00,null,null,null
2023-09-18T00:48:03Z,23.96,58.60,47,0,31.17,100.05,0.00,405.00,null,null,null
2023-09-18T00:49:03Z,23.97,58.68,47,0,27.78,100.04,0.00,405.00,null,null,null
2023-09-18T00:50:03Z,23.94,58.67,47,0,31.04,100.04,0.00,405.00,0,0,0
2023-09-18T00:51:03Z,23.97,58.68,47,0,31.04,100.04,0.00,400.00,null,null,null
2023-09-18T00:52:03Z,23.96,58.65,46,0,28.76,100.04,0.00,405.00,null,null,null
2023-09-18T00:53:03Z,23.99,58.69,47,0,41.27,100.04,0.00,405.00,null,null,null
2023-09-18T00:54:03Z,23.94,58.69,47,0,27.90,100.04,0.00,405.00,null,null,null
2023-09-18T00:55:03Z,23.96,58.71,47,0,29.78,100.05,0.00,400.00,0,0,0
2023-09-18T00:56:03Z,23.96,58.66,47,0,28.48,100.05,0.00,400.00,null,null,null
2023-09-18T00:57:03Z,23.94,58.65,47,0,27.24,100.05,0.00,405.00,null,null,null
2023-09-18T00:58:03Z,23.96,58.70,47,0,30.60,100.04,0.00,400.00,null,null,null
2023-09-18T00:59:03Z,23.94,58.69,47,0,32.06,100.05,0.00,400.00,null,null,null
2023-09-18T01:00:03Z,23.91,58.71,47,0,30.09,100.04,0.00,405.00,0,0,0
2023-09-18T01:01:03Z,23.94,58.70,47,0,28.07,100.04,0.00,400.00,null,null,null
2023-09-18T01:02:03Z,23.94,58.72,46,0,26.00,100.04,0.00,400.00,null,null,null
2023-09-18T01:03:03Z,23.96,58.72,47,0,28.73,100.03,0.00,400.00,null,null,null
2023-09-18T01:04:03Z,23.94,58.69,47,0,32.03,100.04,0.00,400.00,null,null,null
2023-09-18T01:05:03Z,23.96,58.69,47,0,30.20,100.03,0.00,400.00,0,0,0
2023-09-18T01:06:03Z,23.94,58.67,47,0,28.07,100.03,0.00,400.00,null,null,null
2023-09-18T01:07:03Z,23.93,58.67,47,0,29.37,100.03,0.00,400.00,null,null,null
2023-09-18T01:08:03Z,23.94,58.69,47,0,28.14,100.03,0.00,400.00,null,null,null
2023-09-18T01:09:03Z,23.90,58.71,47,0,30.35,100.03,0.00,400.00,null,null,null
2023-09-18T01:10:03Z,23.93,58.72,47,0,33.55,100.03,0.00,400.00,0,0,0
2023-09-18T01:11:03Z,23.90,58.66,47,0,27.10,100.02,0.00,400.00,null,null,null
2023-09-18T01:12:03Z,23.90,58.73,47,0,30.26,100.02,0.00,400.00,null,null,null
2023-09-18T01:13:03Z,23.91,58.72,47,0,27.64,100.02,0.00,403.00,null,null,null
2023-09-18T01:14:03Z,23.91,58.72,47,0,28.28,100.02,0.00,400.00,null,null,null
2023-09-18T01:15:03Z,23.90,58.74,47,0,31.80,100.02,0.00,400.00,0,0,0
2023-09-18T01:16:03Z,23.91,58.73,47,0,28.87,100.01,0.00,400.00,null,null,null
2023-09-18T01:17:03Z,23.93,58.72,46,0,28.20,100.01,0.00,400.00,null,null,null
2023-09-18T01:18:03Z,23.89,58.67,47,0,27.44,100.00,0.00,400.00,null,null,null
2023-09-18T01:19:03Z,23.90,58.77,47,0,26.73,100.01,0.00,400.00,null,null,null
2023-09-18T01:20:03Z,23.89,58.74,47,0,31.64,100.00,0.00,400.00,0,0,0
2023-09-18T01:21:03Z,23.89,58.74,46,0,30.28,100.00,0.00,403.00,null,null,null
2023-09-18T01:22:03Z,23.90,58.73,46,0,28.92,100.00,0.00,403.00,null,null,null
2023-09-18T01:23:03Z,23.90,58.74,46,0,31.92,100.00,0.00,401.00,null,null,null
2023-09-18T01:24:03Z,23.90,58.72,46,0,31.73,99.99,0.00,403.00,null,null,null
2023-09-18T01:25:03Z,23.87,58.74,47,0,32.31,99.98,0.00,403.00,0,0,0
2023-09-18T01:26:03Z,23.89,58.76,47,0,32.56,99.98,0.00,401.00,null,null,null
2023-09-18T01:27:03Z,23.89,58.76,46,0,32.05,99.98,0.00,400.00,null,null,null
2023-09-18T01:28:03Z,23.89,58.74,47,0,34.22,99.97,0.00,400.00,null,null,null
2023-09-18T01:29:03Z,23.89,58.76,46,0,30.27,99.96,0.00,406.00,null,null,null
2023-09-18T01:30:03Z,23.89,58.79,46,0,30.85,99.96,0.00,400.00,0,0,0
2023-09-18T01:31:03Z,23.89,58.78,46,0,31.64,99.95,0.00,400.00,null,null,null
2023-09-18T01:32:03Z,23.89,58.79,46,0,28.70,99.94,0.00,400.00,null,null,null
2023-09-18T01:33:03Z,23.86,58.77,46,0,28.48,99.94,1.00,407.00,null,null,null
2023-09-18T01:34:03Z,23.87,58.78,46,0,32.55,99.94,1.00,407.00,null,null,null
2023-09-18T01:35:03Z,23.87,58.80,47,0,32.12,99.94,1.00,407.00,0,0,0
2023-09-18T01:36:03Z,23.87,58.79,46,0,32.51,99.94,0.00,400.00,null,null,null
2023-09-18T01:37:03Z,23.87,58.80,46,0,30.09,99.94,1.00,407.00,null,null,null
2023-09-18T01:38:03Z,23.86,58.78,46,0,29.08,99.93,1.00,407.00,null,null,null
2023-09-18T01:39:03Z,23.84,58.81,47,0,32.24,99.93,1.00,407.00,null,null,null
2023-09-18T01:40:03Z,23.87,58.79,47,0,30.36,99.92,1.00,407.00,0,0,0
2023-09-18T01:41:03Z,23.87,58.80,46,0,30.48,99.92,0.00,400.00,null,null,null
2023-09-18T01:42:03Z,23.86,58.81,46,0,32.70,99.92,1.00,407.00,null,null,null
2023-09-18T01:43:03Z,23.86,58.80,47,0,28.14,99.91,1.00,407.00,null,null,null
2023-09-18T01:44:03Z,23.83,58.84,47,0,29.86,99.91,1.00,407.00,null,null,null
2023-09-18T01:45:03Z,23.86,58.85,46,0,28.47,99.90,0.00,400.00,0,0,0
2023-09-18T01:46:03Z,23.86,58.84,47,0,26.97,99.90,0.00,400.00,null,null,null
2023-09-18T01:47:03Z,23.86,58.82,46,0,26.80,99.90,0.00,402.00,null,null,null
2023-09-18T01:48:03Z,23.84,58.84,47,0,29.74,99.89,0.00,402.00,null,null,null
2023-09-18T01:49:03Z,23.83,58.88,47,0,29.56,99.89,0.00,402.00,null,null,null
2023-09-18T01:50:03Z,23.83,58.85,46,0,27.77,99.89,0.00,402.00,0,0,0
2023-09-18T01:51:03Z,23.84,58.86,46,0,31.12,99.88,0.00,402.00,null,null,null
2023-09-18T01:52:03Z,23.84,58.81,46,0,35.56,99.88,0.00,402.00,null,null,null
2023-09-18T01:53:03Z,23.84,58.85,46,0,29.26,99.88,0.00,402.00,null,null,null
2023-09-18T01:54:03Z,23.84,58.85,46,0,29.81,99.87,0.00,402.00,null,null,null
2023-09-18T01:55:03Z,23.82,58.85,46,0,31.38,99.86,0.00,402.00,0,0,0
2023-09-18T01:56:03Z,23.84,58.89,46,0,30.32,99.86,0.00,402.00,null,null,null
2023-09-18T01:57:03Z,23.86,58.85,46,0,28.88,99.86,0.00,402.00,null,null,null
2023-09-18T01:58:03Z,23.83,58.88,46,0,29.35,99.85,0.00,402.00,null,null,null
2023-09-18T01:59:03Z,23.84,58.83,46,0,26.36,99.85,0.00,402.00,null,null,null
2023-09-18T02:00:03Z,23.83,58.88,46,0,31.68,99.86,0.00,400.00,0,0,0
2023-09-18T02:01:03Z,23.84,58.85,47,0,29.79,99.86,0.00,400.00,null,null,null
2023-09-18T02:02:03Z,23.83,58.85,46,0,30.47,99.86,0.00,400.00,null,null,null
2023-09-18T02:03:03Z,23.83,58.87,46,0,24.79,99.87,0.00,400.00,null,null,null
2023-09-18T02:04:03Z,23.80,58.89,46,0,26.76,99.88,0.00,400.00,null,null,null
2023-09-18T02:05:03Z,23.82,58.94,46,0,28.36,99.89,0.00,400.00,0,0,0
2023-09-18T02:06:03Z,23.80,58.92,46,0,26.08,99.89,0.00,400.00,null,null,null
2023-09-18T02:07:03Z,23.82,58.89,46,0,29.41,99.90,0.00,400.00,null,null,null
2023-09-18T02:08:03Z,23.83,58.85,46,0,33.17,99.89,0.00,400.00,null,null,null
2023-09-18T02:09:03Z,23.80,58.89,46,0,33.01,99.89,0.00,400.00,null,null,null
2023-09-18T02:10:03Z,23.80,58.89,46,0,28.71,99.88,0.00,400.00,0,0,0
2023-09-18T02:11:03Z,23.80,58.92,46,0,30.90,99.89,0.00,400.00,null,null,null
2023-09-18T02:12:03Z,23.82,58.88,46,0,28.51,99.88,0.00,400.00,null,null,null
2023-09-18T02:13:03Z,23.79,58.90,46,0,25.73,99.88,0.00,400.00,null,null,null
2023-09-18T02:14:03Z,23.79,58.91,46,0,28.47,99.88,0.00,400.00,null,null,null
2023-09-18T02:15:03Z,23.80,58.93,46,0,31.38,99.88,0.00,403.00,0,0,0
2023-09-18T02:16:03Z,23.80,58.93,46,0,31.27,99.88,0.00,400.00,null,null,null
2023-09-18T02:17:03Z,23.80,58.91,46,0,26.19,99.87,0.00,403.00,null,null,null
2023-09-18T02:18:03Z,23.82,58.95,46,0,28.91,99.87,0.00,400.00,null,null,null
2023-09-18T02:19:03Z,23.80,58.95,46,0,31.84,99.87,0.00,400.00,null,null,null
2023-09-18T02:20:03Z,23.80,58.93,46,0,29.33,99.87,0.00,400.00,0,0,0
2023-09-18T02:21:03Z,23.80,58.96,46,0,32.74,99.88,0.00,400.00,null,null,null
2023-09-18T02:22:03Z,23.77,58.90,46,0,32.02,99.88,0.00,400.00,null,null,null
2023-09-18T02:23:03Z,23.79,58.95,46,0,31.29,99.88,0.00,405.00,null,null,null
2023-09-18T02:24:03Z,23.79,58.98,46,0,27.22,99.88,0.00,405.00,null,null,null
2023-09-18T02:25:03Z,23.77,58.96,46,0,33.80,99.88,0.00,405.00,0,0,0
2023-09-18T02:26:03Z,23.80,58.99,46,0,27.49,99.88,2.00,415.00,null,null,null
2023-09-18T02:27:03Z,23.80,58.98,46,0,29.51,99.88,1.00,409.00,null,null,null
2023-09-18T02:28:03Z,23.77,58.96,46,0,29.70,99.88,1.00,409.00,null,null,null
2023-09-18T02:29:03Z,23.79,58.98,46,0,29.35,99.88,1.00,409.00,null,null,null
2023-09-18T02:30:03Z,23.79,59.00,46,0,29.94,99.88,1.00,409.00,0,0,0
2023-09-18T02:31:03Z,23.77,59.01,46,0,28.73,99.88,0.00,406.00,null,null,null
2023-09-18T02:32:03Z,23.77,58.98,46,0,30.52,99.88,1.00,409.00,null,null,null
2023-09-18T02:33:03Z,23.75,58.98,46,0,30.05,99.88,1.00,409.00,null,null,null
2023-09-18T02:34:03Z,23.76,58.97,46,0,31.92,99.88,1.00,409.00,null,null,null
2023-09-18T02:35:03Z,23.77,59.03,46,0,33.29,99.87,1.00,409.00,0,0,0
2023-09-18T02:36:03Z,23.79,58.98,46,0,29.40,99.87,1.00,409.00,null,null,null
2023-09-18T02:37:03Z,23.76,58.95,46,0,27.28,99.86,1.00,409.00,null,null,null
2023-09-18T02:38:03Z,23.79,58.97,46,0,30.38,99.86,1.00,409.00,null,null,null
2023-09-18T02:39:03Z,23.75,58.99,46,0,36.57,99.87,1.00,409.00,null,null,null
2023-09-18T02:40:03Z,23.76,59.03,46,0,31.67,99.87,1.00,409.00,0,0,0
2023-09-18T02:41:03Z,23.76,59.00,46,0,29.08,99.87,1.00,409.00,null,null,null
2023-09-18T02:42:03Z,23.76,58.98,46,0,25.98,99.87,1.00,409.00,null,null,null
2023-09-18T02:43:03Z,23.75,58.97,46,0,28.74,99.86,1.00,409.00,null,null,null
2023-09-18T02:44:03Z,23.77,58.98,46,0,29.88,99.86,1.00,409.00,null,null,null
2023-09-18T02:45:03Z,23.75,59.02,46,0,30.20,99.86,2.00,415.00,0,0,0
2023-09-18T02:46:03Z,23.77,59.04,46,0,29.61,99.86,2.00,415.00,null,null,null
2023-09-18T02:47:03Z,23.76,59.03,46,0,37.64,99.86,1.00,409.00,null,null,null
2023-09-18T02:48:03Z,23.76,59.01,46,0,32.60,99.86,2.00,415.00,null,null,null
2023-09-18T02:49:03Z,23.73,59.03,46,0,28.42,99.86,1.00,409.00,null,null,null
2023-09-18T02:50:03Z,23.72,59.06,46,0,32.72,99.86,7.00,451.00,0,0,0
2023-09-18T02:51:03Z,23.75,59.05,46,0,29.87,99.86,7.00,451.00,null,null,null
2023-09-18T02:52:03Z,23.76,58.99,46,0,30.41,99.85,2.00,415.00,null,null,null
2023-09-18T02:53:03Z,23.73,59.02,46,0,28.80,99.85,1.00,409.00,null,null,null
2023-09-18T02:54:03Z,23.75,59.03,46,0,28.09,99.85,6.00,442.00,null,null,null
2023-09-18T02:55:03Z,23.73,59.07,46,0,28.76,99.85,2.00,415.00,0,0,0
2023-09-18T02:56:03Z,23.76,59.08,46,0,30.73,99.85,6.00,445.00,null,null,null
2023-09-18T02:57:03Z,23.72,59.02,46,0,28.01,99.85,0.00,406.00,null,null,null
2023-09-18T02:58:03Z,23.75,59.04,46,0,26.84,99.86,6.00,442.00,null,null,null
2023-09-18T02:59:03Z,23.76,59.07,46,0,28.55,99.86,0.00,406.00,null,null,null
