TIME,TEMP,HUM,BATT,LIGHT,NOISE_A,PRESS,CCS811_VOCS,CCS811_ECO2,PM_1,PM_25,PM_10
ISO 8601,C,%,%,Lux,dBA,kPa,ppb,ppm,ug/m3,ug/m3,ug/m3
Time,Temperature,Humidity,Battery,Light,Noise dBA,Barometric pressure,VOC Gas CCS811,eCO2 Gas CCS811,PM 1.0,PM 2.5,PM 10.0
,55,56,10,14,53,58,113,112,89,87,88
2023-09-11T00:00:02Z,27.12,63.17,100,0,48.81,101.37,5.00,435.00,0,0,0
2023-09-11T00:01:02Z,27.12,63.07,100,0,46.97,101.37,4.00,432.00,null,null,null
2023-09-11T00:02:02Z,27.12,63.11,100,0,47.23,101.37,5.00,435.00,null,null,null
2023-09-11T00:03:02Z,27.12,63.19,100,0,46.37,101.37,6.00,441.00,null,null,null
2023-09-11T00:04:02Z,27.12,63.16,100,0,45.22,101.37,6.00,441.00,null,null,null
2023-09-11T00:05:02Z,27.09,63.25,100,0,33.71,101.38,6.00,441.00,0,0,0
2023-09-11T00:06:02Z,27.12,63.30,99,0,26.03,101.38,3.00,425.00,null,null,null
2023-09-11T00:07:02Z,27.06,63.38,100,0,24.83,101.37,4.00,428.00,null,null,null
2023-09-11T00:08:02Z,27.08,63.26,100,0,26.29,101.37,5.00,439.00,null,null,null
2023-09-11T00:09:02Z,27.08,63.31,100,0,26.26,101.37,8.00,454.00,null,null,null
2023-09-11T00:10:02Z,27.06,63.33,99,0,25.00,101.37,9.00,461.00,0,0,0
2023-09-11T00:11:02Z,27.06,63.34,99,0,27.22,101.37,9.00,461.00,null,null,null
2023-09-11T00:12:02Z,27.06,63.31,99,0,29.18,101.37,11.00,476.00,null,null,null
2023-09-11T00:13:02Z,27.04,63.37,100,0,26.46,101.38,11.00,476.00,null,null,null
2023-09-11T00:14:02Z,27.08,63.41,99,0,26.03,101.37,12.00,483.00,null,null,null
2023-09-11T00:15:02Z,27.05,63.39,100,0,29.44,101.37,14.00,495.00,0,0,0
2023-09-11T00:16:02Z,27.05,63.41,100,0,26.87,101.37,13.00,488.00,null,null,null
2023-09-11T00:17:02Z,27.09,63.36,100,0,24.54,101.37,14.00,495.00,null,null,null
2023-09-11T00:18:02Z,27.05,63.33,100,0,26.48,101.37,15.00,503.00,null,null,null
2023-09-11T00:19:02Z,27.04,63.41,100,0,27.40,101.36,15.00,503.00,null,null,null
2023-09-11T00:20:02Z,27.04,63.39,100,0,26.29,101.37,17.00,514.00,0,0,0
2023-09-11T00:21:02Z,27.05,63.47,100,0,26.50,101.36,15.00,503.00,null,null,null
2023-09-11T00:22:02Z,27.05,63.44,100,0,26.08,101.37,15.00,503.00,null,null,null
2023-09-11T00:23:02Z,27.05,63.38,100,0,29.60,101.36,17.00,514.00,null,null,null
2023-09-11T00:24:02Z,27.04,63.47,100,0,30.21,101.36,18.00,519.00,null,null,null
2023-09-11T00:25:02Z,27.04,63.51,100,0,31.55,101.36,18.00,519.00,0,0,0
2023-09-11T00:26:02Z,27.02,63.44,99,0,31.18,101.35,18.00,519.00,null,null,null
2023-09-11T00:27:02Z,27.02,63.48,100,0,27.66,101.35,18.00,519.00,null,null,null
2023-09-11T00:28:02Z,27.02,63.49,100,0,25.29,101.35,18.00,519.00,null,null,null
2023-09-11T00:29:02Z,27.04,63.53,100,0,25.22,101.35,19.00,526.00,null,null,null
2023-09-11T00:30:02Z,27.01,63.54,99,0,30.03,101.35,19.00,530.00,0,0,0
2023-09-11T00:31:02Z,27.01,63.55,100,0,29.69,101.35,19.00,526.00,null,null,null
2023-09-11T00:32:02Z,27.04,63.55,100,0,27.51,101.35,19.00,526.00,null,null,null
2023-09-11T00:33:02Z,26.99,63.52,100,0,26.24,101.35,19.00,530.00,null,null,null
2023-09-11T00:34:02Z,27.02,63.59,100,0,26.29,101.35,19.00,530.00,null,null,null
2023-09-11T00:35:02Z,26.99,63.62,100,0,26.24,101.35,20.00,537.00,0,0,0
2023-09-11T00:36:02Z,26.99,63.60,100,0,30.20,101.35,19.00,530.00,null,null,null
2023-09-11T00:37:02Z,26.99,63.57,99,0,27.77,101.35,20.00,537.00,null,null,null
2023-09-11T00:38:02Z,26.99,63.59,100,0,28.66,101.35,21.00,543.00,null,null,null
2023-09-11T00:39:02Z,26.98,63.58,100,0,27.97,101.35,20.00,537.00,null,null,null
2023-09-11T00:40:02Z,26.98,63.60,100,0,28.84,101.35,21.00,543.00,0,0,0
2023-09-11T00:41:02Z,26.98,63.62,100,0,26.16,101.35,20.00,537.00,null,null,null
2023-09-11T00:42:02Z,26.99,63.58,100,0,28.55,101.35,20.00,537.00,null,null,null
2023-09-11T00:43:02Z,26.96,63.62,99,0,26.64,101.35,21.00,543.00,null,null,null
2023-09-11T00:44:02Z,26.98,63.68,100,0,30.37,101.35,21.00,543.00,null,null,null
2023-09-11T00:45:02Z,26.98,63.67,100,0,29.87,101.35,22.00,549.00,0,0,0
2023-09-11T00:46:02Z,26.98,63.68,100,0,27.78,101.35,22.00,549.00,null,null,null
2023-09-11T00:47:02Z,26.96,63.63,100,0,24.50,101.34,21.00,543.00,null,null,null
2023-09-11T00:48:02Z,26.96,63.61,100,0,24.83,101.34,22.00,549.00,null,null,null
2023-09-11T00:49:02Z,26.95,63.64,99,0,24.96,101.34,22.00,549.00,null,null,null
2023-09-11T00:50:02Z,26.95,63.70,100,0,31.37,101.34,22.00,549.00,0,0,0
2023-09-11T00:51:02Z,26.98,63.68,100,0,28.89,101.34,22.00,549.00,null,null,null
2023-09-11T00:52:02Z,26.96,63.67,99,0,31.03,101.33,22.00,549.00,null,null,null
2023-09-11T00:53:02Z,26.96,63.64,100,0,28.15,101.33,22.00,549.00,null,null,null
2023-09-11T00:54:02Z,26.94,63.69,100,0,29.37,101.33,22.00,549.00,null,null,null
2023-09-11T00:55:02Z,26.94,63.73,100,0,31.10,101.34,23.00,553.00,0,0,0
2023-09-11T00:56:02Z,26.95,63.70,100,0,29.49,101.34,23.00,553.00,null,null,null
2023-09-11T00:57:02Z,26.95,63.67,99,0,28.45,101.34,22.00,549.00,null,null,null
2023-09-11T00:58:02Z,26.96,63.73,100,0,26.38,101.34,23.00,553.00,null,null,null
2023-09-11T00:59:02Z,26.96,63.74,100,0,27.59,101.34,23.00,553.00,null,null,null
2023-09-11T01:00:02Z,26.92,63.76,100,0,26.97,101.33,23.00,553.00,0,0,0
2023-09-11T01:01:02Z,26.95,63.75,99,0,23.90,101.34,22.00,545.00,null,null,null
2023-09-11T01:02:02Z,26.94,63.76,100,0,30.17,101.33,22.00,549.00,null,null,null
2023-09-11T01:03:02Z,26.94,63.75,100,0,30.39,101.33,22.00,549.00,null,null,null
2023-09-11T01:04:02Z,26.94,63.75,100,0,30.13,101.33,22.00,545.00,null,null,null
2023-09-11T01:05:02Z,26.92,63.78,100,0,25.29,101.33,22.00,549.00,0,0,0
2023-09-11T01:06:02Z,26.94,63.75,100,0,26.69,101.33,22.00,549.00,null,null,null
2023-09-11T01:07:02Z,26.92,63.76,99,0,24.15,101.33,22.00,549.00,null,null,null
2023-09-11T01:08:02Z,26.94,63.77,100,0,28.54,101.33,22.00,549.00,null,null,null
2023-09-11T01:09:02Z,26.91,63.77,100,0,30.80,101.33,23.00,556.00,null,null,null
2023-09-11T01:10:02Z,26.92,63.80,99,0,29.38,101.34,23.00,556.00,0,0,0
2023-09-11T01:11:02Z,26.92,63.81,100,0,28.12,101.34,22.00,549.00,null,null,null
2023-09-11T01:12:02Z,26.95,63.76,100,0,27.94,101.33,22.00,545.00,null,null,null
2023-09-11T01:13:02Z,26.92,63.75,100,0,29.43,101.33,22.00,549.00,null,null,null
2023-09-11T01:14:02Z,26.94,63.81,100,0,27.42,101.33,22.00,549.00,null,null,null
2023-09-11T01:15:02Z,26.90,63.84,100,0,31.44,101.33,22.00,549.00,0,0,0
2023-09-11T01:16:02Z,26.91,63.84,99,0,24.54,101.33,22.00,545.00,null,null,null
2023-09-11T01:17:02Z,26.94,63.78,100,0,28.91,101.33,22.00,545.00,null,null,null
2023-09-11T01:18:02Z,26.91,63.80,100,0,27.71,101.33,22.00,545.00,null,null,null
2023-09-11T01:19:02Z,26.94,63.79,100,0,27.55,101.33,22.00,545.00,null,null,null
2023-09-11T01:20:02Z,26.90,63.84,100,0,31.79,101.33,22.00,549.00,0,0,0
2023-09-11T01:21:02Z,26.88,63.78,99,0,25.00,101.33,22.00,545.00,null,null,null
2023-09-11T01:22:02Z,26.92,63.78,100,0,25.53,101.33,22.00,545.00,null,null,null
2023-09-11T01:23:02Z,26.91,63.81,100,0,25.87,101.33,22.00,549.00,null,null,null
2023-09-11T01:24:02Z,26.90,63.78,100,0,28.52,101.33,22.00,549.00,null,null,null
2023-09-11T01:25:02Z,26.90,63.82,99,0,27.94,101.33,22.00,549.00,0,0,0
2023-09-11T01:26:02Z,26.90,63.83,100,0,29.60,101.33,22.00,549.00,null,null,null
2023-09-11T01:27:02Z,26.91,63.73,100,0,22.99,101.33,22.00,549.00,null,null,null
2023-09-11T01:28:02Z,26.90,63.79,100,0,24.46,101.33,23.00,553.00,null,null,null
2023-09-11T01:29:02Z,26.88,63.81,100,0,26.82,101.33,22.00,549.00,null,null,null
2023-09-11T01:30:02Z,26.88,63.84,99,0,30.09,101.33,23.00,556.00,0,0,0
2023-09-11T01:31:02Z,26.88,63.82,100,0,25.84,101.34,22.00,545.00,null,null,null
2023-09-11T01:32:02Z,26.90,63.73,100,0,26.55,101.34,22.00,545.00,null,null,null
2023-09-11T01:33:02Z,26.88,63.87,100,0,29.47,101.34,22.00,549.00,null,null,null
2023-09-11T01:34:02Z,26.88,63.86,100,0,28.54,101.34,22.00,549.00,null,null,null
2023-09-11T01:35:02Z,26.88,63.86,99,0,28.17,101.34,22.00,545.00,0,0,0
2023-09-11T01:36:02Z,26.87,63.86,100,0,31.84,101.34,22.00,545.00,null,null,null
2023-09-11T01:37:02Z,26.85,63.81,100,0,31.81,101.34,22.00,545.00,null,null,null
2023-09-11T01:38:02Z,26.87,63.83,100,0,24.15,101.34,23.00,556.00,null,null,null
2023-09-11T01:39:02Z,26.88,63.85,99,0,27.99,101.35,22.00,549.00,null,null,null
2023-09-11T01:40:02Z,26.88,63.84,100,0,26.29,101.34,22.00,549.00,0,0,0
2023-09-11T01:41:02Z,26.88,63.83,99,0,28.23,101.35,22.00,549.00,null,null,null
2023-09-11T01:42:02Z,26.88,63.83,99,0,25.38,101.34,22.00,545.00,null,null,null
2023-09-11T01:43:02Z,26.85,63.83,100,0,26.57,101.34,22.00,549.00,null,null,null
2023-09-11T01:44:02Z,26.87,63.84,99,0,28.51,101.34,22.00,549.00,null,null,null
2023-09-11T01:45:02Z,26.84,63.85,99,0,26.73,101.34,22.00,549.00,0,0,0
2023-09-11T01:46:02Z,26.85,63.90,100,0,29.00,101.34,22.00,545.00,null,null,null
2023-09-11T01:47:02Z,26.88,63.80,100,0,27.96,101.34,22.00,545.00,null,null,null
2023-09-11T01:48:02Z,26.84,63.87,100,0,26.38,101.34,22.00,545.00,null,null,null
2023-09-11T01:49:02Z,26.84,63.88,99,0,29.79,101.34,22.00,545.00,null,null,null
2023-09-11T01:50:02Z,26.83,63.89,100,0,27.89,101.34,22.00,549.00,0,0,0
2023-09-11T01:51:02Z,26.85,63.88,99,0,27.78,101.34,22.00,545.00,null,null,null
2023-09-11T01:52:02Z,26.85,63.85,99,0,23.94,101.34,22.00,545.00,null,null,null
2023-09-11T01:53:02Z,26.84,63.84,100,0,29.42,101.34,22.00,545.00,null,null,null
2023-09-11T01:54:02Z,26.83,63.91,100,0,30.17,101.34,22.00,545.00,null,null,null
2023-09-11T01:55:02Z,26.83,63.84,100,0,33.62,101.34,22.00,545.00,0,0,0
2023-09-11T01:56:02Z,26.83,63.87,100,0,26.82,101.34,22.00,545.00,null,null,null
2023-09-11T01:57:02Z,26.85,63.84,100,0,23.98,101.34,22.00,545.00,null,null,null
2023-09-11T01:58:02Z,26.81,63.86,100,0,28.12,101.34,21.00,539.00,null,null,null
2023-09-11T01:59:02Z,26.81,63.89,100,0,30.33,101.34,22.00,545.00,null,null,null
2023-09-11T02:00:02Z,26.81,63.85,100,0,26.00,101.33,22.00,545.00,0,0,0
2023-09-11T02:01:02Z,26.81,63.84,99,0,30.92,101.34,21.00,539.00,null,null,null
2023-09-11T02:02:02Z,26.81,63.86,100,0,28.02,101.34,21.00,539.00,null,null,null
2023-09-11T02:03:02Z,26.80,63.85,99,0,28.87,101.33,21.00,539.00,null,null,null
2023-09-11T02:04:02Z,26.81,63.89,100,0,31.48,101.33,22.00,545.00,null,null,null
2023-09-11T02:05:02Z,26.83,63.89,99,0,26.14,101.33,22.00,545.00,0,0,0
2023-09-11T02:06:02Z,26.81,63.90,99,0,27.10,101.33,21.00,539.00,null,null,null
2023-09-11T02:07:02Z,26.80,63.89,99,0,25.03,101.33,21.00,539.00,null,null,null
2023-09-11T02:08:02Z,26.81,63.86,99,0,31.12,101.33,21.00,539.00,null,null,null
2023-09-11T02:09:02Z,26.80,63.86,100,0,27.55,101.33,22.00,545.00,null,null,null
2023-09-11T02:10:02Z,26.78,63.87,100,0,28.74,101.32,22.00,545.00,0,0,0
2023-09-11T02:11:02Z,26.80,63.94,99,0,33.06,101.33,21.00,539.00,null,null,null
2023-09-11T02:12:02Z,26.75,63.94,100,0,27.51,101.33,21.00,539.00,null,null,null
2023-09-11T02:13:02Z,26.80,63.90,99,0,27.51,101.33,21.00,539.00,null,null,null
2023-09-11T02:14:02Z,26.78,63.91,100,0,25.59,101.33,21.00,539.00,null,null,null
2023-09-11T02:15:02Z,26.75,63.93,100,0,29.55,101.34,21.00,539.00,0,0,0
2023-09-11T02:16:02Z,26.80,63.97,99,0,29.82,101.34,21.00,539.00,null,null,null
2023-09-11T02:17:02Z,26.81,63.89,100,0,25.70,101.33,21.00,539.00,null,null,null
2023-09-11T02:18:02Z,26.80,63.94,100,0,27.02,101.33,21.00,539.00,null,null,null
2023-09-11T02:19:02Z,26.77,63.93,100,0,23.68,101.33,20.00,533.00,null,null,null
2023-09-11T02:20:02Z,26.77,63.94,99,0,29.53,101.33,21.00,539.00,0,0,0
2023-09-11T02:21:02Z,26.77,63.98,100,0,27.64,101.33,20.00,533.00,null,null,null
2023-09-11T02:22:02Z,26.78,63.94,99,0,31.16,101.33,20.00,533.00,null,null,null
2023-09-11T02:23:02Z,26.78,63.94,100,0,27.89,101.33,20.00,533.00,null,null,null
2023-09-11T02:24:02Z,26.75,64.03,100,0,26.62,101.33,21.00,539.00,null,null,null
2023-09-11T02:25:02Z,26.74,64.02,99,0,23.59,101.33,21.00,539.00,0,0,0
2023-09-11T02:26:02Z,26.75,64.00,99,0,27.78,101.33,21.00,543.00,null,null,null
2023-09-11T02:27:02Z,26.80,64.01,99,0,27.08,101.33,21.00,539.00,null,null,null
2023-09-11T02:28:02Z,26.77,64.05,100,0,27.14,101.33,21.00,539.00,null,null,null
2023-09-11T02:29:02Z,26.75,64.02,99,0,30.32,101.32,21.00,539.00,null,null,null
2023-09-11T02:30:02Z,26.74,64.03,100,0,32.19,101.33,22.00,545.00,0,0,0
2023-09-11T02:31:02Z,26.74,64.01,100,0,24.54,101.32,21.00,543.00,null,null,null
2023-09-11T02:32:02Z,26.75,63.99,100,0,26.93,101.33,22.00,549.00,null,null,null
2023-09-11T02:33:02Z,26.74,64.04,100,0,28.30,101.33,22.00,545.00,null,null,null
2023-09-11T02:34:02Z,26.71,64.03,100,0,28.28,101.33,22.00,549.00,null,null,null
2023-09-11T02:35:02Z,26.73,64.09,100,0,30.30,101.33,23.00,555.00,0,0,0
2023-09-11T02:36:02Z,26.73,64.11,99,0,29.73,101.33,23.00,555.00,null,null,null
2023-09-11T02:37:02Z,26.75,64.03,100,0,30.35,101.33,24.00,564.00,null,null,null
2023-09-11T02:38:02Z,26.73,64.10,100,0,30.06,101.33,22.00,549.00,null,null,null
2023-09-11T02:39:02Z,26.74,64.07,100,0,24.46,101.33,24.00,564.00,null,null,null
2023-09-11T02:40:02Z,26.71,64.05,100,0,27.78,101.33,25.00,567.00,0,0,0
2023-09-11T02:41:02Z,26.74,64.10,100,0,29.43,101.33,23.00,555.00,null,null,null
2023-09-11T02:42:02Z,26.73,64.07,99,0,28.83,101.33,23.00,555.00,null,null,null
2023-09-11T02:43:02Z,26.74,64.12,100,0,29.08,101.33,24.00,564.00,null,null,null
2023-09-11T02:44:02Z,26.73,64.07,100,0,29.04,101.33,25.00,567.00,null,null,null
2023-09-11T02:45:02Z,26.71,64.10,99,0,32.69,101.32,25.00,567.00,0,0,0
2023-09-11T02:46:02Z,26.70,64.13,100,0,30.91,101.32,25.00,567.00,null,null,null
2023-09-11T02:47:02Z,26.71,64.08,100,0,29.67,101.32,22.00,549.00,null,null,null
2023-09-11T02:48:02Z,26.71,64.10,100,0,28.74,101.32,24.00,564.00,null,null,null
2023-09-11T02:49:02Z,26.70,64.09,100,0,30.23,101.32,25.00,567.00,null,null,null
2023-09-11T02:50:02Z,26.70,64.18,99,0,26.97,101.32,25.00,567.00,0,0,0
2023-09-11T02:51:02Z,26.73,64.17,99,0,29.12,101.32,25.00,567.00,null,null,null
2023-09-11T02:52:02Z,26.71,64.14,100,0,27.40,101.32,24.00,564.00,null,null,null
2023-09-11T02:53:02Z,26.70,64.13,100,0,28.22,101.32,24.00,564.00,null,null,null
2023-09-11T02:54:02Z,26.68,64.13,99,0,27.38,101.32,24.00,564.00,null,null,null
2023-09-11T02:55:02Z,26.68,64.16,100,0,26.03,101.32,25.00,567.00,0,0,0
2023-09-11T02:56:02Z,26.70,64.16,100,0,26.26,101.32,24.00,564.00,null,null,null
2023-09-11T02:57:02Z,26.70,64.13,100,0,28.19,101.32,23.00,555.00,null,null,null
2023-09-11T02:58:02Z,26.70,64.18,100,0,30.77,101.32,24.00,564.00,null,null,null
2023-09-11T02:59:02Z,26.70,64.19,99,0,30.21,101.32,24.00,564.00,null,null,null
