TIME,TEMP,HUM,BATT,LIGHT,NOISE_A,PRESS,CCS811_VOCS,CCS811_ECO2,PM_1,PM_25,PM_10
ISO 8601,C,%,%,Lux,dBA,kPa,ppb,ppm,ug/m3,ug/m3,ug/m3
Time,Temperature,Humidity,Battery,Light,Noise dBA,Barometric pressure,VOC Gas CCS811,eCO2 Gas CCS811,PM 1.0,PM 2.5,PM 10.0
,55,56,10,14,53,58,113,112,89,87,88
2023-09-04T00:00:03Z,22.45,71.74,99,0,22.99,102.65,1.00,409.00,0,0,0
2023-09-04T00:01:03Z,22.48,71.74,100,0,27.30,102.65,2.00,414.00,null,null,null
2023-09-04T00:02:03Z,22.47,71.69,100,0,25.35,102.65,1.00,409.00,null,null,null
2023-09-04T00:03:03Z,22.47,71.68,100,0,26.31,102.64,1.00,409.00,null,null,null
2023-09-04T00:04:03Z,22.47,71.73,99,0,25.92,102.64,2.00,418.00,null,null,null
2023-09-04T00:05:03Z,22.45,71.77,100,0,26.31,102.64,2.00,418.00,0,0,0
2023-09-04T00:06:03Z,22.45,71.77,100,0,24.72,102.64,1.00,411.00,null,null,null
2023-09-04T00:07:03Z,22.47,71.79,100,0,26.99,102.64,1.00,407.00,null,null,null
2023-09-04T00:08:03Z,22.45,71.73,100,0,26.48,102.64,0.00,400.00,null,null,null
2023-09-04T00:09:03Z,22.44,71.73,100,0,22.89,102.64,1.00,411.00,null,null,null
2023-09-04T00:10:03Z,22.41,71.75,100,0,27.57,102.64,1.00,411.00,0,0,0
2023-09-04T00:11:03Z,22.44,71.82,99,0,28.12,102.64,1.00,409.00,null,null,null
2023-09-04T00:12:03Z,22.44,71.69,100,0,24.46,102.63,0.00,406.00,null,null,null
2023-09-04T00:13:03Z,22.43,71.75,100,0,26.36,102.64,1.00,411.00,null,null,null
2023-09-04T00:14:03Z,22.43,71.72,100,0,31.80,102.63,1.00,409.00,null,null,null
2023-09-04T00:15:03Z,22.41,71.69,100,0,29.46,102.63,3.00,421.00,0,0,0
2023-09-04T00:16:03Z,22.44,71.73,100,0,24.86,102.63,1.00,411.00,null,null,null
2023-09-04T00:17:03Z,22.43,71.70,100,0,28.89,102.63,1.00,411.00,null,null,null
2023-09-04T00:18:03Z,22.43,71.66,100,0,27.10,102.63,1.00,408.00,null,null,null
2023-09-04T00:19:03Z,22.40,71.68,99,0,30.19,102.63,1.00,408.00,null,null,null
2023-09-04T00:20:03Z,22.40,71.66,100,0,30.16,102.63,1.00,408.00,0,0,0
2023-09-04T00:21:03Z,22.40,71.67,100,0,28.17,102.64,1.00,408.00,null,null,null
2023-09-04T00:22:03Z,22.41,71.66,100,0,24.58,102.63,1.00,408.00,null,null,null
2023-09-04T00:23:03Z,22.41,71.65,100,0,26.69,102.63,1.00,408.00,null,null,null
2023-09-04T00:24:03Z,22.40,71.66,100,0,31.72,102.63,1.00,411.00,null,null,null
2023-09-04T00:25:03Z,22.36,71.69,99,0,25.73,102.63,1.00,411.00,0,0,0
2023-09-04T00:26:03Z,22.36,71.68,99,0,30.97,102.63,0.00,402.00,null,null,null
2023-09-04T00:27:03Z,22.41,71.68,100,0,25.44,102.63,0.00,402.00,null,null,null
2023-09-04T00:28:03Z,22.39,71.65,99,0,24.83,102.63,1.00,408.00,null,null,null
2023-09-04T00:29:03Z,22.36,71.64,99,0,29.69,102.62,0.00,402.00,null,null,null
2023-09-04T00:30:03Z,22.36,71.64,100,0,28.36,102.62,1.00,408.00,0,0,0
2023-09-04T00:31:03Z,22.37,71.66,100,0,30.36,102.62,0.00,400.00,null,null,null
2023-09-04T00:32:03Z,22.37,71.59,100,0,30.15,102.62,0.00,400.00,null,null,null
2023-09-04T00:33:03Z,22.36,71.64,100,0,28.28,102.62,0.00,403.00,null,null,null
2023-09-04T00:34:03Z,22.37,71.63,100,0,23.54,102.62,1.00,409.00,null,null,null
2023-09-04T00:35:03Z,22.33,71.64,100,0,26.55,102.63,1.00,413.00,0,0,0
2023-09-04T00:36:03Z,22.36,71.70,100,0,25.26,102.63,0.00,400.00,null,null,null
2023-09-04T00:37:03Z,22.37,71.61,100,0,23.54,102.63,0.00,400.00,null,null,null
2023-09-04T00:38:03Z,22.34,71.60,100,0,22.99,102.63,0.00,400.00,null,null,null
2023-09-04T00:39:03Z,22.37,71.68,99,0,30.23,102.63,0.00,400.00,null,null,null
2023-09-04T00:40:03Z,22.34,71.65,100,0,27.89,102.63,0.00,400.00,0,0,0
2023-09-04T00:41:03Z,22.33,71.68,100,0,24.23,102.63,0.00,400.00,null,null,null
2023-09-04T00:42:03Z,22.31,71.66,100,0,31.45,102.63,0.00,400.00,null,null,null
2023-09-04T00:43:03Z,22.34,71.64,100,0,25.38,102.62,0.00,405.00,null,null,null
2023-09-04T00:44:03Z,22.31,71.67,100,0,27.64,102.63,0.00,405.00,null,null,null
2023-09-04T00:45:03Z,22.31,71.73,99,0,28.31,102.62,1.00,410.00,0,0,0
2023-09-04T00:46:03Z,22.33,71.70,99,0,27.77,102.62,1.00,410.00,null,null,null
2023-09-04T00:47:03Z,22.30,71.65,100,0,30.22,102.62,0.00,400.00,null,null,null
2023-09-04T00:48:03Z,22.31,71.65,100,0,28.36,102.62,0.00,403.00,null,null,null
2023-09-04T00:49:03Z,22.31,71.68,100,0,29.36,102.62,0.00,403.00,null,null,null
2023-09-04T00:50:03Z,22.31,71.68,99,0,27.90,102.62,0.00,403.00,0,0,0
2023-09-04T00:51:03Z,22.30,71.75,100,0,29.95,102.62,0.00,400.00,null,null,null
2023-09-04T00:52:03Z,22.33,71.71,100,0,31.25,102.61,0.00,400.00,null,null,null
2023-09-04T00:53:03Z,22.30,71.72,100,0,25.38,102.61,0.00,402.00,null,null,null
2023-09-04T00:54:03Z,22.28,71.71,99,0,25.62,102.61,1.00,407.00,null,null,null
2023-09-04T00:55:03Z,22.27,71.74,99,0,27.16,102.61,1.00,410.00,0,0,0
2023-09-04T00:56:03Z,22.31,71.76,99,0,26.80,102.61,0.00,402.00,null,null,null
2023-09-04T00:57:03Z,22.30,71.77,100,0,25.73,102.61,0.00,400.00,null,null,null
2023-09-04T00:58:03Z,22.28,71.74,99,0,26.29,102.60,0.00,405.00,null,null,null
2023-09-04T00:59:03Z,22.28,71.79,100,0,32.80,102.60,1.00,407.00,null,null,null
2023-09-04T01:00:03Z,22.26,71.82,99,0,29.97,102.60,1.00,408.00,0,0,0
2023-09-04T01:01:03Z,22.26,71.75,100,0,29.35,102.60,0.00,400.00,null,null,null
2023-09-04T01:02:03Z,22.30,71.74,99,0,28.67,102.60,0.00,405.00,null,null,null
2023-09-04T01:03:03Z,22.27,71.85,100,0,30.16,102.60,1.00,407.00,null,null,null
2023-09-04T01:04:03Z,22.23,71.80,100,0,27.51,102.60,0.00,400.00,null,null,null
2023-09-04T01:05:03Z,22.24,71.90,100,0,28.01,102.59,4.00,432.00,0,0,0
2023-09-04T01:06:03Z,22.23,71.82,100,0,24.35,102.59,3.00,423.00,null,null,null
2023-09-04T01:07:03Z,22.26,71.81,100,0,28.66,102.59,4.00,432.00,null,null,null
2023-09-04T01:08:03Z,22.23,71.82,99,0,26.78,102.59,0.00,400.00,null,null,null
2023-09-04T01:09:03Z,22.24,71.82,100,0,28.34,102.60,5.00,436.00,null,null,null
2023-09-04T01:10:03Z,22.23,71.84,100,0,31.17,102.59,5.00,436.00,0,0,0
2023-09-04T01:11:03Z,22.26,71.88,100,0,29.37,102.59,3.00,424.00,null,null,null
2023-09-04T01:12:03Z,22.26,71.90,100,0,23.10,102.60,0.00,400.00,null,null,null
2023-09-04T01:13:03Z,22.21,71.88,100,0,23.81,102.59,0.00,400.00,null,null,null
2023-09-04T01:14:03Z,22.21,72.00,100,0,27.90,102.59,6.00,441.00,null,null,null
2023-09-04T01:15:03Z,22.20,71.99,99,0,29.61,102.59,6.00,441.00,0,0,0
2023-09-04T01:16:03Z,22.23,72.00,100,0,28.99,102.59,5.00,436.00,null,null,null
2023-09-04T01:17:03Z,22.23,71.95,100,0,27.10,102.59,6.00,441.00,null,null,null
2023-09-04T01:18:03Z,22.18,71.96,99,0,26.82,102.58,7.00,447.00,null,null,null
2023-09-04T01:19:03Z,22.21,71.95,100,0,27.16,102.58,7.00,447.00,null,null,null
2023-09-04T01:20:03Z,22.21,71.99,99,0,25.70,102.59,6.00,445.00,0,0,0
2023-09-04T01:21:03Z,22.21,72.02,100,0,25.44,102.58,5.00,436.00,null,null,null
2023-09-04T01:22:03Z,22.20,71.98,100,0,28.50,102.58,5.00,436.00,null,null,null
2023-09-04T01:23:03Z,22.20,72.03,100,0,30.18,102.58,4.00,432.00,null,null,null
2023-09-04T01:24:03Z,22.20,71.99,99,0,33.69,102.58,4.00,432.00,null,null,null
2023-09-04T01:25:03Z,22.14,72.04,100,0,24.50,102.58,4.00,432.00,0,0,0
2023-09-04T01:26:03Z,22.16,72.03,99,0,25.87,102.58,6.00,441.00,null,null,null
2023-09-04T01:27:03Z,22.17,72.04,99,0,29.54,102.58,6.00,441.00,null,null,null
2023-09-04T01:28:03Z,22.18,72.13,99,0,29.03,102.58,6.00,441.00,null,null,null
2023-09-04T01:29:03Z,22.20,72.03,100,0,28.63,102.58,4.00,432.00,null,null,null
2023-09-04T01:30:03Z,22.18,72.07,99,0,30.56,102.58,6.00,441.00,0,0,0
2023-09-04T01:31:03Z,22.17,72.10,99,0,28.40,102.58,6.00,441.00,null,null,null
2023-09-04T01:32:03Z,22.17,72.08,100,0,24.65,102.58,5.00,436.00,null,null,null
2023-09-04T01:33:03Z,22.18,72.08,99,0,29.88,102.58,4.00,432.00,null,null,null
2023-09-04T01:34:03Z,22.18,72.10,99,0,28.70,102.58,5.00,436.00,null,null,null
2023-09-04T01:35:03Z,22.16,72.12,100,0,26.55,102.58,5.00,436.00,0,0,0
2023-09-04T01:36:03Z,22.17,72.10,99,0,27.06,102.58,5.00,436.00,null,null,null
2023-09-04T01:37:03Z,22.17,72.10,99,0,24.79,102.58,5.00,436.00,null,null,null
2023-09-04T01:38:03Z,22.17,72.08,100,0,29.49,102.57,6.00,441.00,null,null,null
2023-09-04T01:39:03Z,22.14,72.18,100,0,30.16,102.58,6.00,441.00,null,null,null
2023-09-04T01:40:03Z,22.12,72.18,99,0,28.54,102.57,6.00,441.00,0,0,0
2023-09-04T01:41:03Z,22.16,72.19,100,0,23.45,102.57,5.00,436.00,null,null,null
2023-09-04T01:42:03Z,22.13,72.19,99,0,24.19,102.57,5.00,436.00,null,null,null
2023-09-04T01:43:03Z,22.13,72.16,100,0,26.67,102.57,6.00,441.00,null,null,null
2023-09-04T01:44:03Z,22.12,72.25,100,0,27.60,102.57,5.00,436.00,null,null,null
2023-09-04T01:45:03Z,22.13,72.25,100,0,28.61,102.57,3.00,426.00,0,0,0
2023-09-04T01:46:03Z,22.14,72.25,100,0,26.50,102.58,3.00,426.00,null,null,null
2023-09-04T01:47:03Z,22.12,72.26,100,0,26.55,102.57,5.00,433.00,null,null,null
2023-09-04T01:48:03Z,22.14,72.24,100,0,26.11,102.58,5.00,433.00,null,null,null
2023-09-04T01:49:03Z,22.10,72.28,100,0,25.19,102.57,6.00,445.00,null,null,null
2023-09-04T01:50:03Z,22.10,72.26,99,0,32.10,102.57,6.00,442.00,0,0,0
2023-09-04T01:51:03Z,22.10,72.40,100,0,30.90,102.57,5.00,433.00,null,null,null
2023-09-04T01:52:03Z,22.09,72.38,100,0,30.38,102.57,3.00,423.00,null,null,null
2023-09-04T01:53:03Z,22.10,72.32,100,0,23.98,102.57,1.00,407.00,null,null,null
2023-09-04T01:54:03Z,22.07,72.48,100,0,29.86,102.57,1.00,409.00,null,null,null
2023-09-04T01:55:03Z,22.07,72.45,100,0,26.29,102.56,1.00,409.00,0,0,0
2023-09-04T01:56:03Z,22.07,72.39,99,0,29.78,102.57,1.00,407.00,null,null,null
2023-09-04T01:57:03Z,22.09,72.46,99,0,24.43,102.56,1.00,407.00,null,null,null
2023-09-04T01:58:03Z,22.07,72.37,99,0,31.63,102.56,1.00,409.00,null,null,null
2023-09-04T01:59:03Z,22.06,72.35,100,0,29.88,102.56,2.00,418.00,null,null,null
2023-09-04T02:00:03Z,22.03,72.41,99,0,26.14,102.55,3.00,426.00,0,0,0
2023-09-04T02:01:03Z,22.06,72.42,100,0,29.04,102.56,2.00,418.00,null,null,null
2023-09-04T02:02:03Z,22.09,72.35,100,0,30.20,102.55,3.00,423.00,null,null,null
2023-09-04T02:03:03Z,22.05,72.44,100,0,27.57,102.55,3.00,423.00,null,null,null
2023-09-04T02:04:03Z,22.06,72.38,100,0,29.81,102.55,3.00,423.00,null,null,null
2023-09-04T02:05:03Z,22.05,72.43,100,0,28.55,102.55,3.00,423.00,0,0,0
2023-09-04T02:06:03Z,22.06,72.45,99,0,25.73,102.55,2.00,416.00,null,null,null
2023-09-04T02:07:03Z,22.05,72.43,100,0,32.80,102.55,2.00,416.00,null,null,null
2023-09-04T02:08:03Z,22.05,72.43,100,0,30.33,102.54,2.00,418.00,null,null,null
2023-09-04T02:09:03Z,22.05,72.43,99,0,28.77,102.54,2.00,418.00,null,null,null
2023-09-04T02:10:03Z,22.02,72.46,100,0,35.51,102.55,3.00,426.00,0,0,0
2023-09-04T02:11:03Z,22.05,72.54,100,0,27.90,102.55,3.00,426.00,null,null,null
2023-09-04T02:12:03Z,22.03,72.51,100,0,30.89,102.55,2.00,416.00,null,null,null
2023-09-04T02:13:03Z,22.03,72.48,100,0,27.97,102.55,2.00,416.00,null,null,null
2023-09-04T02:14:03Z,22.02,72.45,100,0,28.54,102.55,2.00,418.00,null,null,null
2023-09-04T02:15:03Z,22.02,72.45,100,0,30.08,102.55,3.00,426.00,0,0,0
2023-09-04T02:16:03Z,22.03,72.55,100,0,30.60,102.55,3.00,426.00,null,null,null
2023-09-04T02:17:03Z,22.03,72.48,99,0,24.46,102.56,2.00,418.00,null,null,null
2023-09-04T02:18:03Z,22.02,72.53,99,0,23.05,102.55,2.00,418.00,null,null,null
2023-09-04T02:19:03Z,22.02,72.55,100,0,29.07,102.55,3.00,423.00,null,null,null
2023-09-04T02:20:03Z,21.99,72.62,99,0,30.31,102.55,3.00,426.00,0,0,0
2023-09-04T02:21:03Z,21.99,72.61,100,0,29.18,102.55,1.00,409.00,null,null,null
2023-09-04T02:22:03Z,22.00,72.63,99,0,24.11,102.55,1.00,409.00,null,null,null
2023-09-04T02:23:03Z,21.99,72.68,99,0,26.76,102.55,1.00,407.00,null,null,null
2023-09-04T02:24:03Z,21.97,72.63,100,0,31.12,102.55,0.00,402.00,null,null,null
2023-09-04T02:25:03Z,21.97,72.63,100,0,25.41,102.55,1.00,409.00,0,0,0
2023-09-04T02:26:03Z,22.00,72.68,100,0,28.96,102.55,1.00,407.00,null,null,null
2023-09-04T02:27:03Z,21.99,72.60,100,0,26.16,102.55,1.00,409.00,null,null,null
2023-09-04T02:28:03Z,22.00,72.57,100,0,29.28,102.55,2.00,418.00,null,null,null
2023-09-04T02:29:03Z,21.99,72.64,100,0,27.12,102.55,3.00,423.00,null,null,null
2023-09-04T02:30:03Z,21.97,72.68,99,0,29.68,102.55,5.00,433.00,0,0,0
2023-09-04T02:31:03Z,21.97,72.75,99,0,29.80,102.55,3.00,426.00,null,null,null
2023-09-04T02:32:03Z,21.96,72.69,100,0,27.22,102.55,3.00,420.00,null,null,null
2023-09-04T02:33:03Z,21.97,72.70,99,0,30.75,102.54,3.00,426.00,null,null,null
2023-09-04T02:34:03Z,21.96,72.73,100,0,27.16,102.54,5.00,433.00,null,null,null
2023-09-04T02:35:03Z,21.97,72.76,99,0,29.90,102.54,5.00,433.00,0,0,0
2023-09-04T02:36:03Z,21.99,72.74,99,0,30.30,102.54,3.00,420.00,null,null,null
2023-09-04T02:37:03Z,21.96,72.75,100,0,23.49,102.54,3.00,426.00,null,null,null
2023-09-04T02:38:03Z,21.95,72.71,100,0,25.82,102.54,3.00,423.00,null,null,null
2023-09-04T02:39:03Z,21.95,72.81,100,0,26.93,102.54,5.00,433.00,null,null,null
2023-09-04T02:40:03Z,21.93,72.83,100,0,22.55,102.54,5.00,433.00,0,0,0
2023-09-04T02:41:03Z,21.96,72.84,100,0,26.14,102.54,3.00,423.00,null,null,null
2023-09-04T02:42:03Z,21.96,72.83,100,0,25.67,102.54,4.00,427.00,null,null,null
2023-09-04T02:43:03Z,21.96,72.87,100,0,27.24,102.54,4.00,427.00,null,null,null
2023-09-04T02:44:03Z,21.95,72.97,100,0,29.95,102.54,4.00,427.00,null,null,null
2023-09-04T02:45:03Z,21.92,72.85,100,0,25.13,102.54,3.00,423.00,0,0,0
2023-09-04T02:46:03Z,21.93,72.88,99,0,27.59,102.54,2.00,415.00,null,null,null
2023-09-04T02:47:03Z,21.93,72.93,99,0,28.66,102.54,3.00,420.00,null,null,null
2023-09-04T02:48:03Z,21.95,72.92,99,0,28.77,102.54,4.00,427.00,null,null,null
2023-09-04T02:49:03Z,21.92,72.98,100,0,31.76,102.54,4.00,427.00,null,null,null
2023-09-04T02:50:03Z,21.90,72.93,99,0,27.44,102.54,5.00,438.00,0,0,0
2023-09-04T02:51:03Z,21.90,73.03,100,0,25.79,102.54,5.00,438.00,null,null,null
2023-09-04T02:52:03Z,21.93,72.93,99,0,29.17,102.53,5.00,433.00,null,null,null
2023-09-04T02:53:03Z,21.92,72.96,100,0,30.56,102.53,5.00,438.00,null,null,null
2023-09-04T02:54:03Z,21.92,72.98,100,0,25.19,102.54,5.00,438.00,null,null,null
2023-09-04T02:55:03Z,21.90,73.03,100,0,25.32,102.53,6.00,441.00,0,0,0
2023-09-04T02:56:03Z,21.89,73.06,99,0,27.49,102.53,6.00,441.00,null,null,null
2023-09-04T02:57:03Z,21.93,73.05,99,0,31.07,102.53,6.00,441.00,null,null,null
2023-09-04T02:58:03Z,21.92,73.05,100,0,31.43,102.53,6.00,445.00,null,null,null
2023-09-04T02:59:03Z,21.88,73.16,100,0,27.04,102.53,7.00,450.00,null,null,null
