TIME,TEMP,HUM,BATT,LIGHT,NOISE_A,PRESS,CCS811_VOCS,CCS811_ECO2,PM_1,PM_25,PM_10
ISO 8601,C,%,%,Lux,dBA,kPa,ppb,ppm,ug/m3,ug/m3,ug/m3
Time,Temperature,Humidity,Battery,Light,Noise dBA,Barometric pressure,VOC Gas CCS811,eCO2 Gas CCS811,PM 1.0,PM 2.5,PM 10.0
,55,56,10,14,53,58,113,112,89,87,88
2023-09-02T00:00:02Z,24.63,66.93,99,11,30.48,101.67,34.00,629.00,0,0,0
2023-09-02T00:01:02Z,24.60,66.92,99,11,30.92,101.67,35.00,633.00,null,null,null
2023-09-02T00:02:02Z,24.60,66.82,99,11,30.39,101.67,34.00,629.00,null,null,null
2023-09-02T00:03:02Z,24.63,66.79,99,11,29.86,101.67,35.00,633.00,null,null,null
2023-09-02T00:04:02Z,24.60,66.81,99,11,29.94,101.67,36.00,640.00,null,null,null
2023-09-02T00:05:02Z,24.62,66.77,99,11,28.95,101.67,37.00,646.00,0,0,0
2023-09-02T00:06:02Z,24.62,66.84,99,11,31.41,101.67,36.00,640.00,null,null,null
2023-09-02T00:07:02Z,24.63,66.82,99,11,29.60,101.67,36.00,640.00,null,null,null
2023-09-02T00:08:02Z,24.62,66.77,99,11,30.13,101.67,36.00,640.00,null,null,null
2023-09-02T00:09:02Z,24.62,66.86,99,11,30.97,101.68,36.00,640.00,null,null,null
2023-09-02T00:10:02Z,24.59,66.81,99,11,31.48,101.68,37.00,646.00,0,0,0
2023-09-02T00:11:02Z,24.60,66.78,99,11,30.01,101.68,36.00,640.00,null,null,null
2023-09-02T00:12:02Z,24.60,66.75,99,11,30.22,101.68,36.00,640.00,null,null,null
2023-09-02T00:13:02Z,24.59,66.80,99,11,31.38,101.68,36.00,640.00,null,null,null
2023-09-02T00:14:02Z,24.60,66.90,99,11,31.62,101.67,37.00,646.00,null,null,null
2023-09-02T00:15:02Z,24.59,66.93,99,11,30.44,101.68,37.00,646.00,0,0,0
2023-09-02T00:16:02Z,24.60,66.87,99,11,31.28,101.67,37.00,646.00,null,null,null
2023-09-02T00:17:02Z,24.59,66.83,99,11,29.99,101.67,36.00,640.00,null,null,null
2023-09-02T00:18:02Z,24.60,66.87,99,11,29.76,101.68,37.00,646.00,null,null,null
2023-09-02T00:19:02Z,24.59,66.84,99,11,30.47,101.68,37.00,646.00,null,null,null
2023-09-02T00:20:02Z,24.59,66.83,99,11,30.09,101.68,37.00,646.00,0,0,0
2023-09-02T00:21:02Z,24.59,66.89,99,11,28.98,101.68,36.00,640.00,null,null,null
2023-09-02T00:22:02Z,24.59,66.87,99,11,29.63,101.68,37.00,646.00,null,null,null
2023-09-02T00:23:02Z,24.59,66.81,99,11,29.68,101.68,37.00,646.00,null,null,null
2023-09-02T00:24:02Z,24.59,66.75,99,11,32.39,101.69,37.00,646.00,null,null,null
2023-09-02T00:25:02Z,24.57,66.80,99,11,29.07,101.69,37.00,646.00,0,0,0
2023-09-02T00:26:02Z,24.59,66.82,99,11,29.90,101.69,37.00,646.00,null,null,null
2023-09-02T00:27:02Z,24.59,66.82,99,11,29.74,101.69,37.00,646.00,null,null,null
2023-09-02T00:28:02Z,24.57,66.82,99,11,29.33,101.69,37.00,646.00,null,null,null
2023-09-02T00:29:02Z,24.57,66.71,99,11,28.31,101.70,37.00,646.00,null,null,null
2023-09-02T00:30:02Z,24.56,66.78,99,11,31.86,101.70,37.00,645.00,0,0,0
2023-09-02T00:31:02Z,24.56,66.89,99,11,28.68,101.70,36.00,640.00,null,null,null
2023-09-02T00:32:02Z,24.59,66.78,99,11,29.08,101.70,36.00,640.00,null,null,null
2023-09-02T00:33:02Z,24.56,66.75,99,11,29.98,101.70,36.00,640.00,null,null,null
2023-09-02T00:34:02Z,24.56,66.68,99,11,30.09,101.70,35.00,633.00,null,null,null
2023-09-02T00:35:02Z,24.56,66.75,99,11,30.12,101.70,36.00,638.00,0,0,0
2023-09-02T00:36:02Z,24.55,66.85,99,11,29.22,101.69,33.00,618.00,null,null,null
2023-09-02T00:37:02Z,24.53,66.73,99,11,29.38,101.69,34.00,629.00,null,null,null
2023-09-02T00:38:02Z,24.55,66.67,99,11,29.56,101.69,34.00,624.00,null,null,null
2023-09-02T00:39:02Z,24.53,66.69,99,11,29.92,101.69,33.00,617.00,null,null,null
2023-09-02T00:40:02Z,24.55,66.69,99,11,29.25,101.69,32.00,611.00,0,0,0
2023-09-02T00:41:02Z,24.55,66.70,99,11,31.40,101.70,31.00,605.00,null,null,null
2023-09-02T00:42:02Z,24.53,66.70,99,11,29.28,101.69,31.00,605.00,null,null,null
2023-09-02T00:43:02Z,24.52,66.83,99,11,30.46,101.70,31.00,605.00,null,null,null
2023-09-02T00:44:02Z,24.53,66.82,99,11,29.55,101.70,30.00,600.00,null,null,null
2023-09-02T00:45:02Z,24.53,66.87,99,11,30.05,101.70,30.00,600.00,0,0,0
2023-09-02T00:46:02Z,24.52,66.81,99,11,30.44,101.69,30.00,600.00,null,null,null
2023-09-02T00:47:02Z,24.55,66.73,99,11,29.18,101.69,32.00,612.00,null,null,null
2023-09-02T00:48:02Z,24.53,66.75,99,11,29.37,101.69,33.00,617.00,null,null,null
2023-09-02T00:49:02Z,24.53,66.71,99,11,29.22,101.69,32.00,612.00,null,null,null
2023-09-02T00:50:02Z,24.52,66.72,99,11,29.18,101.69,34.00,624.00,0,0,0
2023-09-02T00:51:02Z,24.53,66.76,99,11,29.33,101.69,34.00,624.00,null,null,null
2023-09-02T00:52:02Z,24.53,66.74,99,11,29.33,101.68,34.00,629.00,null,null,null
2023-09-02T00:53:02Z,24.50,66.68,99,11,29.76,101.68,36.00,638.00,null,null,null
2023-09-02T00:54:02Z,24.50,66.70,99,11,33.06,101.68,37.00,645.00,null,null,null
2023-09-02T00:55:02Z,24.49,66.72,99,11,31.28,101.68,40.00,668.00,0,0,0
2023-09-02T00:56:02Z,24.53,66.68,99,10,31.83,101.68,41.00,675.00,null,null,null
2023-09-02T00:57:02Z,24.52,66.66,99,10,29.08,101.68,44.00,692.00,null,null,null
2023-09-02T00:58:02Z,24.50,66.70,99,10,29.09,101.68,41.00,675.00,null,null,null
2023-09-02T00:59:02Z,24.50,66.72,99,11,31.28,101.68,40.00,668.00,null,null,null
2023-09-02T01:00:02Z,24.50,66.77,99,11,31.09,101.68,41.00,675.00,0,0,0
2023-09-02T01:01:02Z,24.52,66.73,99,10,32.34,101.68,38.00,653.00,null,null,null
2023-09-02T01:02:02Z,24.52,66.69,99,10,43.54,101.67,40.00,668.00,null,null,null
2023-09-02T01:03:02Z,24.52,66.65,99,10,29.98,101.67,40.00,668.00,null,null,null
2023-09-02T01:04:02Z,24.50,66.59,99,10,32.50,101.67,41.00,675.00,null,null,null
2023-09-02T01:05:02Z,24.50,66.78,99,0,29.27,101.68,40.00,668.00,0,0,0
2023-09-02T01:06:02Z,24.52,66.78,99,0,29.15,101.68,39.00,660.00,null,null,null
2023-09-02T01:07:02Z,24.52,66.79,99,0,29.57,101.68,39.00,660.00,null,null,null
2023-09-02T01:08:02Z,24.52,66.79,99,0,29.97,101.68,39.00,660.00,null,null,null
2023-09-02T01:09:02Z,24.50,66.78,99,0,29.61,101.68,39.00,660.00,null,null,null
2023-09-02T01:10:02Z,24.49,66.93,99,0,29.96,101.67,39.00,660.00,0,0,0
2023-09-02T01:11:02Z,24.50,66.85,99,0,29.12,101.68,38.00,653.00,null,null,null
2023-09-02T01:12:02Z,24.50,66.90,99,0,29.49,101.67,39.00,660.00,null,null,null
2023-09-02T01:13:02Z,24.49,66.87,99,0,30.33,101.67,39.00,660.00,null,null,null
2023-09-02T01:14:02Z,24.47,66.95,99,0,30.60,101.67,39.00,660.00,null,null,null
2023-09-02T01:15:02Z,24.47,67.02,99,0,30.11,101.66,41.00,671.00,0,0,0
2023-09-02T01:16:02Z,24.47,67.06,99,0,29.18,101.66,44.00,694.00,null,null,null
2023-09-02T01:17:02Z,24.47,66.99,99,0,30.19,101.66,48.00,717.00,null,null,null
2023-09-02T01:18:02Z,24.50,67.02,99,0,29.49,101.66,50.00,730.00,null,null,null
2023-09-02T01:19:02Z,24.47,67.04,99,0,31.09,101.66,50.00,730.00,null,null,null
2023-09-02T01:20:02Z,24.46,67.17,99,0,28.78,101.66,50.00,730.00,0,0,0
2023-09-02T01:21:02Z,24.47,67.07,99,0,29.88,101.67,50.00,730.00,null,null,null
2023-09-02T01:22:02Z,24.47,67.06,99,0,30.33,101.66,51.00,737.00,null,null,null
2023-09-02T01:23:02Z,24.46,67.05,99,0,29.31,101.67,51.00,737.00,null,null,null
2023-09-02T01:24:02Z,24.46,67.05,99,0,30.38,101.67,52.00,746.00,null,null,null
2023-09-02T01:25:02Z,24.46,67.08,99,0,29.70,101.66,52.00,746.00,0,0,0
2023-09-02T01:26:02Z,24.46,66.99,99,0,29.83,101.66,51.00,737.00,null,null,null
2023-09-02T01:27:02Z,24.46,66.93,99,0,29.37,101.66,52.00,746.00,null,null,null
2023-09-02T01:28:02Z,24.47,66.98,99,0,29.03,101.66,52.00,746.00,null,null,null
2023-09-02T01:29:02Z,24.46,66.98,99,0,30.05,101.66,51.00,737.00,null,null,null
2023-09-02T01:30:02Z,24.43,67.06,99,0,30.45,101.67,51.00,737.00,0,0,0
2023-09-02T01:31:02Z,24.46,67.04,99,0,29.90,101.66,50.00,730.00,null,null,null
2023-09-02T01:32:02Z,24.44,67.01,99,0,37.15,101.66,51.00,737.00,null,null,null
2023-09-02T01:33:02Z,24.44,67.04,99,0,36.31,101.66,51.00,737.00,null,null,null
2023-09-02T01:34:02Z,24.43,67.02,99,0,36.25,101.66,50.00,730.00,null,null,null
2023-09-02T01:35:02Z,24.42,67.16,99,0,36.16,101.66,50.00,730.00,0,0,0
2023-09-02T01:36:02Z,24.44,67.17,99,0,36.01,101.66,46.00,702.00,null,null,null
2023-09-02T01:37:02Z,24.43,67.20,99,0,36.28,101.66,46.00,702.00,null,null,null
2023-09-02T01:38:02Z,24.42,67.19,99,0,36.23,101.67,46.00,702.00,null,null,null
2023-09-02T01:39:02Z,24.43,67.20,99,0,30.14,101.67,46.00,702.00,null,null,null
2023-09-02T01:40:02Z,24.39,67.19,99,0,30.39,101.67,46.00,702.00,0,0,0
2023-09-02T01:41:02Z,24.43,67.24,99,0,31.04,101.67,44.00,694.00,null,null,null
2023-09-02T01:42:02Z,24.43,67.21,99,0,30.91,101.67,46.00,702.00,null,null,null
2023-09-02T01:43:02Z,24.42,67.27,99,0,30.47,101.67,46.00,702.00,null,null,null
2023-09-02T01:44:02Z,24.42,67.24,99,0,29.65,101.67,45.00,697.00,null,null,null
2023-09-02T01:45:02Z,24.42,67.22,99,0,29.79,101.68,46.00,702.00,0,0,0
2023-09-02T01:46:02Z,24.42,67.23,99,0,30.36,101.68,44.00,694.00,null,null,null
2023-09-02T01:47:02Z,24.42,67.15,99,0,30.70,101.68,44.00,694.00,null,null,null
2023-09-02T01:48:02Z,24.42,67.12,99,0,30.61,101.68,44.00,694.00,null,null,null
2023-09-02T01:49:02Z,24.37,67.21,99,0,29.79,101.68,44.00,694.00,null,null,null
2023-09-02T01:50:02Z,24.40,67.21,99,0,30.55,101.68,44.00,694.00,0,0,0
2023-09-02T01:51:02Z,24.40,67.22,99,0,29.96,101.68,43.00,686.00,null,null,null
2023-09-02T01:52:02Z,24.39,67.24,99,0,30.11,101.68,43.00,686.00,null,null,null
2023-09-02T01:53:02Z,24.40,67.20,99,0,30.04,101.68,44.00,694.00,null,null,null
2023-09-02T01:54:02Z,24.39,67.22,99,0,30.52,101.68,44.00,694.00,null,null,null
2023-09-02T01:55:02Z,24.39,67.24,99,0,29.64,101.68,43.00,686.00,0,0,0
2023-09-02T01:56:02Z,24.37,67.29,99,0,29.92,101.68,41.00,675.00,null,null,null
2023-09-02T01:57:02Z,24.39,67.27,99,0,29.15,101.68,42.00,679.00,null,null,null
2023-09-02T01:58:02Z,24.37,67.27,99,0,29.47,101.69,42.00,679.00,null,null,null
2023-09-02T01:59:02Z,24.37,67.21,99,0,29.13,101.69,42.00,679.00,null,null,null
2023-09-02T02:00:02Z,24.36,67.36,99,0,30.55,101.69,41.00,675.00,0,0,0
2023-09-02T02:01:02Z,24.37,67.26,99,0,29.50,101.69,40.00,665.00,null,null,null
2023-09-02T02:02:02Z,24.36,67.35,99,0,29.57,101.70,41.00,671.00,null,null,null
2023-09-02T02:03:02Z,24.36,67.32,99,0,29.26,101.69,47.00,712.00,null,null,null
2023-09-02T02:04:02Z,24.36,67.35,99,0,29.30,101.70,55.00,765.00,null,null,null
2023-09-02T02:05:02Z,24.35,67.42,99,0,29.11,101.70,59.00,793.00,0,0,0
2023-09-02T02:06:02Z,24.35,67.40,99,0,29.83,101.70,61.00,802.00,null,null,null
2023-09-02T02:07:02Z,24.35,67.39,99,0,29.84,101.70,61.00,802.00,null,null,null
2023-09-02T02:08:02Z,24.35,67.42,99,0,30.02,101.70,61.00,802.00,null,null,null
2023-09-02T02:09:02Z,24.32,67.44,99,0,28.99,101.70,59.00,793.00,null,null,null
2023-09-02T02:10:02Z,24.32,67.44,99,0,29.98,101.70,61.00,802.00,0,0,0
2023-09-02T02:11:02Z,24.31,67.41,99,0,29.77,101.69,59.00,793.00,null,null,null
2023-09-02T02:12:02Z,24.31,67.39,99,0,29.90,101.70,59.00,793.00,null,null,null
2023-09-02T02:13:02Z,24.32,67.44,99,0,29.63,101.70,59.00,793.00,null,null,null
2023-09-02T02:14:02Z,24.33,67.44,99,0,29.55,101.70,59.00,793.00,null,null,null
2023-09-02T02:15:02Z,24.32,67.43,99,0,29.47,101.71,58.00,787.00,0,0,0
2023-09-02T02:16:02Z,24.31,67.43,99,0,30.29,101.71,58.00,787.00,null,null,null
2023-09-02T02:17:02Z,24.31,67.50,99,0,29.17,101.71,58.00,787.00,null,null,null
2023-09-02T02:18:02Z,24.32,67.42,99,0,30.06,101.71,56.00,774.00,null,null,null
2023-09-02T02:19:02Z,24.32,67.52,99,0,29.99,101.72,55.00,765.00,null,null,null
2023-09-02T02:20:02Z,24.29,67.45,99,0,28.99,101.72,54.00,757.00,0,0,0
2023-09-02T02:21:02Z,24.31,67.47,99,0,30.25,101.72,54.00,757.00,null,null,null
2023-09-02T02:22:02Z,24.29,67.45,99,0,29.58,101.72,53.00,752.00,null,null,null
2023-09-02T02:23:02Z,24.31,67.46,99,0,30.19,101.72,51.00,740.00,null,null,null
2023-09-02T02:24:02Z,24.32,67.47,99,0,29.43,101.72,51.00,740.00,null,null,null
2023-09-02T02:25:02Z,24.25,67.47,99,0,29.47,101.72,50.00,732.00,0,0,0
2023-09-02T02:26:02Z,24.31,67.46,99,0,30.20,101.72,50.00,732.00,null,null,null
2023-09-02T02:27:02Z,24.31,67.43,99,0,30.22,101.72,48.00,719.00,null,null,null
2023-09-02T02:28:02Z,24.29,67.44,99,0,30.33,101.73,50.00,732.00,null,null,null
2023-09-02T02:29:02Z,24.31,67.43,99,0,29.12,101.72,48.00,719.00,null,null,null
2023-09-02T02:30:02Z,24.31,67.52,99,0,29.51,101.72,48.00,719.00,0,0,0
2023-09-02T02:31:02Z,24.32,67.46,99,0,29.30,101.72,47.00,712.00,null,null,null
2023-09-02T02:32:02Z,24.31,67.45,99,0,32.34,101.73,47.00,712.00,null,null,null
2023-09-02T02:33:02Z,24.29,67.43,99,0,28.84,101.73,47.00,712.00,null,null,null
2023-09-02T02:34:02Z,24.29,67.43,99,0,29.17,101.73,50.00,732.00,null,null,null
2023-09-02T02:35:02Z,24.28,67.49,99,0,29.84,101.73,59.00,793.00,0,0,0
2023-09-02T02:36:02Z,24.28,67.54,99,0,29.25,101.74,90.00,997.00,null,null,null
2023-09-02T02:37:02Z,24.31,67.47,99,0,29.21,101.73,137.00,1302.00,null,null,null
2023-09-02T02:38:02Z,24.31,67.48,99,0,29.68,101.73,183.00,1517.00,null,null,null
2023-09-02T02:39:02Z,24.29,67.52,99,0,29.03,101.74,217.00,1563.00,null,null,null
2023-09-02T02:40:02Z,24.29,67.46,99,0,29.82,101.74,237.00,1591.00,0,0,0
2023-09-02T02:41:02Z,24.29,67.46,99,0,30.07,101.73,249.00,1606.00,null,null,null
2023-09-02T02:42:02Z,24.28,67.43,99,0,29.36,101.73,256.00,1611.00,null,null,null
2023-09-02T02:43:02Z,24.28,67.44,99,0,30.01,101.73,256.00,1611.00,null,null,null
2023-09-02T02:44:02Z,24.28,67.42,99,0,34.18,101.73,249.00,1606.00,null,null,null
2023-09-02T02:45:02Z,24.26,67.47,99,0,30.38,101.73,237.00,1591.00,0,0,0
2023-09-02T02:46:02Z,24.28,67.45,99,0,29.72,101.73,233.00,1586.00,null,null,null
2023-09-02T02:47:02Z,24.26,67.49,99,0,29.95,101.73,224.00,1572.00,null,null,null
2023-09-02T02:48:02Z,24.28,67.42,99,0,28.98,101.73,217.00,1563.00,null,null,null
2023-09-02T02:49:02Z,24.26,67.41,99,0,29.55,101.72,208.00,1552.00,null,null,null
2023-09-02T02:50:02Z,24.26,67.41,99,0,29.95,101.73,204.00,1547.00,0,0,0
2023-09-02T02:51:02Z,24.28,67.45,99,0,28.88,101.73,197.00,1537.00,null,null,null
2023-09-02T02:52:02Z,24.26,67.38,99,0,29.69,101.73,190.00,1527.00,null,null,null
2023-09-02T02:53:02Z,24.26,67.42,99,0,30.98,101.73,183.00,1517.00,null,null,null
2023-09-02T02:54:02Z,24.28,67.40,99,0,29.54,101.73,176.00,1506.00,null,null,null
2023-09-02T02:55:02Z,24.23,67.40,99,0,29.26,101.72,170.00,1497.00,0,0,0
2023-09-02T02:56:02Z,24.23,67.50,99,0,30.93,101.73,170.00,1498.00,null,null,null
2023-09-02T02:57:02Z,24.26,67.43,99,0,29.17,101.73,164.00,1478.00,null,null,null
2023-09-02T02:58:02Z,24.26,67.47,99,0,29.42,101.73,151.00,1393.00,null,null,null
2023-09-02T02:59:02Z,24.23,67.49,99,0,28.68,101.73,148.00,1376.00,null,null,null
