TIME,TEMP,HUM,BATT,LIGHT,NOISE_A,PRESS,CCS811_VOCS,CCS811_ECO2,PM_1,PM_25,PM_10
ISO 8601,C,%,%,Lux,dBA,kPa,ppb,ppm,ug/m3,ug/m3,ug/m3
Time,Temperature,Humidity,Battery,Light,Noise dBA,Barometric pressure,VOC Gas CCS811,eCO2 Gas CCS811,PM 1.0,PM 2.5,PM 10.0
,55,56,10,14,53,58,113,112,89,87,88
2023-09-16T00:00:02Z,25.24,60.62,99,0,30.11,101.33,30.00,602.00,0,0,0
2023-09-16T00:01:02Z,25.22,60.60,99,0,29.88,101.33,32.00,611.00,null,null,null
2023-09-16T00:02:02Z,25.25,60.55,99,0,29.40,101.33,32.00,611.00,null,null,null
2023-09-16T00:03:02Z,25.25,60.60,99,0,29.62,101.32,23.00,555.00,null,null,null
2023-09-16T00:04:02Z,25.24,60.58,99,0,30.42,101.33,24.00,564.00,null,null,null
2023-09-16T00:05:02Z,25.22,60.57,99,0,31.04,101.33,32.00,611.00,0,0,0
2023-09-16T00:06:02Z,25.24,60.87,99,0,30.12,101.33,30.00,602.00,null,null,null
2023-09-16T00:07:02Z,25.25,60.59,99,0,30.06,101.33,30.00,602.00,null,null,null
2023-09-16T00:08:02Z,25.25,60.58,99,0,30.95,101.32,23.00,555.00,null,null,null
2023-09-16T00:09:02Z,25.22,60.57,99,0,29.44,101.32,24.00,564.00,null,null,null
2023-09-16T00:10:02Z,25.24,60.59,99,0,30.71,101.33,32.00,611.00,0,0,0
2023-09-16T00:11:02Z,25.24,60.59,99,0,29.33,101.32,30.00,602.00,null,null,null
2023-09-16T00:12:02Z,25.24,60.55,99,0,30.59,101.33,30.00,602.00,null,null,null
2023-09-16T00:13:02Z,25.25,60.58,99,0,29.32,101.33,30.00,602.00,null,null,null
2023-09-16T00:14:02Z,25.25,60.62,99,0,29.76,101.33,22.00,549.00,null,null,null
2023-09-16T00:15:02Z,25.22,60.71,99,0,35.00,101.32,22.00,549.00,0,0,0
2023-09-16T00:16:02Z,25.22,60.62,99,0,29.78,101.33,30.00,602.00,null,null,null
2023-09-16T00:17:02Z,25.24,60.57,99,0,30.01,101.33,30.00,602.00,null,null,null
2023-09-16T00:18:02Z,25.24,60.75,99,0,29.71,101.33,29.00,596.00,null,null,null
2023-09-16T00:19:02Z,25.25,60.58,99,0,30.09,101.33,29.00,596.00,null,null,null
2023-09-16T00:20:02Z,25.22,60.62,99,0,29.87,101.32,22.00,549.00,0,0,0
2023-09-16T00:21:02Z,25.22,60.62,99,0,28.98,101.32,29.00,596.00,null,null,null
2023-09-16T00:22:02Z,25.22,60.58,99,0,30.36,101.32,29.00,596.00,null,null,null
2023-09-16T00:23:02Z,25.22,60.59,99,0,31.44,101.32,29.00,596.00,null,null,null
2023-09-16T00:24:02Z,25.21,60.63,99,0,30.26,101.32,30.00,602.00,null,null,null
2023-09-16T00:25:02Z,25.22,60.79,99,0,30.79,101.32,29.00,596.00,0,0,0
2023-09-16T00:26:02Z,25.24,60.68,99,0,30.41,101.32,29.00,596.00,null,null,null
2023-09-16T00:27:02Z,25.22,60.75,99,0,30.89,101.31,29.00,596.00,null,null,null
2023-09-16T00:28:02Z,25.22,60.69,99,0,29.67,101.31,29.00,596.00,null,null,null
2023-09-16T00:29:02Z,25.22,60.66,99,0,29.27,101.31,29.00,596.00,null,null,null
2023-09-16T00:30:02Z,25.21,60.66,99,0,null,101.31,29.00,596.00,0,0,0
2023-09-16T00:31:02Z,25.24,60.76,99,0,29.60,101.31,29.00,596.00,null,null,null
2023-09-16T00:32:02Z,25.19,60.68,99,0,30.47,101.31,28.00,589.00,null,null,null
2023-09-16T00:33:02Z,25.22,60.72,99,0,28.93,101.31,29.00,596.00,null,null,null
2023-09-16T00:34:02Z,25.24,60.71,99,0,28.76,101.31,29.00,596.00,null,null,null
2023-09-16T00:35:02Z,25.19,60.67,99,0,null,101.31,29.00,596.00,0,0,0
2023-09-16T00:36:02Z,25.22,60.72,99,0,31.49,101.31,29.00,596.00,null,null,null
2023-09-16T00:37:02Z,25.24,60.69,99,0,30.46,101.31,30.00,602.00,null,null,null
2023-09-16T00:38:02Z,25.21,60.86,99,0,29.55,101.31,29.00,596.00,null,null,null
2023-09-16T00:39:02Z,25.21,60.80,99,0,30.05,101.31,28.00,589.00,null,null,null
2023-09-16T00:40:02Z,25.21,60.68,99,0,30.53,101.31,28.00,589.00,0,0,0
2023-09-16T00:41:02Z,25.21,60.70,99,0,29.80,101.31,29.00,596.00,null,null,null
2023-09-16T00:42:02Z,25.24,60.81,99,0,29.55,101.31,28.00,589.00,null,null,null
2023-09-16T00:43:02Z,25.21,60.67,99,0,29.27,101.31,28.00,589.00,null,null,null
2023-09-16T00:44:02Z,25.22,60.75,99,0,29.12,101.31,29.00,596.00,null,null,null
2023-09-16T00:45:02Z,25.19,60.80,99,0,30.60,101.32,27.00,581.00,0,0,0
2023-09-16T00:46:02Z,25.21,60.73,99,0,31.27,101.32,28.00,589.00,null,null,null
2023-09-16T00:47:02Z,25.21,60.81,99,0,30.15,101.31,29.00,596.00,null,null,null
2023-09-16T00:48:02Z,25.22,60.71,99,0,30.11,101.31,27.00,581.00,null,null,null
2023-09-16T00:49:02Z,25.21,60.73,99,0,30.13,101.31,29.00,596.00,null,null,null
2023-09-16T00:50:02Z,25.22,60.75,99,0,30.92,101.31,28.00,589.00,0,0,0
2023-09-16T00:51:02Z,25.19,60.73,99,0,30.94,101.31,28.00,589.00,null,null,null
2023-09-16T00:52:02Z,25.21,60.76,99,0,29.32,101.31,29.00,596.00,null,null,null
2023-09-16T00:53:02Z,25.21,60.76,99,0,30.25,101.31,27.00,581.00,null,null,null
2023-09-16T00:54:02Z,25.22,60.73,99,0,29.81,101.31,28.00,589.00,null,null,null
2023-09-16T00:55:02Z,25.22,60.78,99,0,31.20,101.31,29.00,596.00,0,0,0
2023-09-16T00:56:02Z,25.21,60.76,99,0,29.67,101.31,27.00,581.00,null,null,null
2023-09-16T00:57:02Z,25.21,60.75,99,0,29.99,101.30,28.00,589.00,null,null,null
2023-09-16T00:58:02Z,25.19,60.75,99,0,29.84,101.31,28.00,589.00,null,null,null
2023-09-16T00:59:02Z,25.21,60.69,99,0,30.08,101.31,28.00,589.00,null,null,null
2023-09-16T01:00:02Z,25.19,60.73,99,0,29.72,101.30,29.00,596.00,0,0,0
2023-09-16T01:01:02Z,25.19,60.74,99,0,29.72,101.31,28.00,589.00,null,null,null
2023-09-16T01:02:02Z,25.19,60.70,99,0,30.37,101.31,29.00,596.00,null,null,null
2023-09-16T01:03:02Z,25.21,60.73,99,0,32.60,101.31,29.00,596.00,null,null,null
2023-09-16T01:04:02Z,25.19,60.80,99,0,29.90,101.31,29.00,596.00,null,null,null
2023-09-16T01:05:02Z,25.21,60.75,99,0,29.17,101.30,27.00,581.00,0,0,0
2023-09-16T01:06:02Z,25.21,60.76,99,0,29.97,101.31,28.00,589.00,null,null,null
2023-09-16T01:07:02Z,25.19,60.68,99,0,30.11,101.31,27.00,581.00,null,null,null
2023-09-16T01:08:02Z,25.21,60.76,99,0,32.05,101.31,29.00,596.00,null,null,null
2023-09-16T01:09:02Z,25.19,60.74,99,0,29.63,101.31,28.00,589.00,null,null,null
2023-09-16T01:10:02Z,25.17,60.74,99,0,29.81,101.30,28.00,589.00,0,0,0
2023-09-16T01:11:02Z,25.19,60.76,99,0,29.44,101.31,29.00,596.00,null,null,null
2023-09-16T01:12:02Z,25.19,60.73,99,0,29.62,101.31,27.00,581.00,null,null,null
2023-09-16T01:13:02Z,25.19,60.72,99,0,29.70,101.31,29.00,596.00,null,null,null
2023-09-16T01:14:02Z,25.19,60.75,99,0,31.00,101.31,28.00,589.00,null,null,null
2023-09-16T01:15:02Z,25.18,60.71,99,0,29.97,101.31,28.00,589.00,0,0,0
2023-09-16T01:16:02Z,25.19,60.74,99,0,29.80,101.32,29.00,596.00,null,null,null
2023-09-16T01:17:02Z,25.19,60.71,99,0,29.95,101.31,28.00,589.00,null,null,null
2023-09-16T01:18:02Z,25.19,60.69,99,0,29.95,101.31,29.00,596.00,null,null,null
2023-09-16T01:19:02Z,25.17,60.70,99,0,29.01,101.31,27.00,580.00,null,null,null
2023-09-16T01:20:02Z,25.17,60.69,99,0,30.01,101.31,29.00,596.00,0,0,0
2023-09-16T01:21:02Z,25.18,60.73,99,0,30.35,101.31,28.00,589.00,null,null,null
2023-09-16T01:22:02Z,25.18,60.70,99,0,29.48,101.31,29.00,596.00,null,null,null
2023-09-16T01:23:02Z,25.19,60.70,99,0,31.05,101.31,28.00,589.00,null,null,null
2023-09-16T01:24:02Z,25.18,60.70,99,0,30.52,101.30,28.00,589.00,null,null,null
2023-09-16T01:25:02Z,25.15,60.69,99,0,29.15,101.30,28.00,589.00,0,0,0
2023-09-16T01:26:02Z,25.15,60.69,99,0,33.32,101.30,28.00,589.00,null,null,null
2023-09-16T01:27:02Z,25.19,60.64,99,0,30.22,101.30,28.00,589.00,null,null,null
2023-09-16T01:28:02Z,25.17,60.69,99,0,29.50,101.30,27.00,580.00,null,null,null
2023-09-16T01:29:02Z,25.17,60.64,99,0,30.25,101.31,29.00,596.00,null,null,null
2023-09-16T01:30:02Z,25.15,60.67,99,0,29.50,101.30,28.00,589.00,0,0,0
2023-09-16T01:31:02Z,25.17,60.69,99,0,30.08,101.30,29.00,596.00,null,null,null
2023-09-16T01:32:02Z,25.17,60.67,99,0,30.10,101.30,28.00,589.00,null,null,null
2023-09-16T01:33:02Z,25.15,60.65,99,0,30.97,101.30,28.00,589.00,null,null,null
2023-09-16T01:34:02Z,25.17,60.62,99,0,33.52,101.30,28.00,589.00,null,null,null
2023-09-16T01:35:02Z,25.17,60.67,99,0,31.03,101.29,27.00,580.00,0,0,0
2023-09-16T01:36:02Z,25.17,60.65,99,0,30.52,101.29,27.00,580.00,null,null,null
2023-09-16T01:37:02Z,25.17,60.61,99,0,30.75,101.29,27.00,580.00,null,null,null
2023-09-16T01:38:02Z,25.15,60.62,99,0,30.01,101.29,28.00,589.00,null,null,null
2023-09-16T01:39:02Z,25.14,60.65,99,0,30.20,101.29,28.00,589.00,null,null,null
2023-09-16T01:40:02Z,25.14,60.64,99,0,30.77,101.30,28.00,589.00,0,0,0
2023-09-16T01:41:02Z,25.17,60.62,99,0,29.60,101.30,26.00,575.00,null,null,null
2023-09-16T01:42:02Z,25.15,60.61,99,0,29.25,101.29,28.00,589.00,null,null,null
2023-09-16T01:43:02Z,25.13,60.58,99,0,29.56,101.30,27.00,580.00,null,null,null
2023-09-16T01:44:02Z,25.14,60.61,99,0,31.33,101.29,28.00,589.00,null,null,null
2023-09-16T01:45:02Z,25.14,60.59,99,0,30.13,101.29,27.00,580.00,0,0,0
2023-09-16T01:46:02Z,25.14,60.63,99,0,29.70,101.29,27.00,580.00,null,null,null
2023-09-16T01:47:02Z,25.14,60.57,99,0,30.56,101.29,27.00,580.00,null,null,null
2023-09-16T01:48:02Z,25.15,60.57,99,0,29.16,101.29,27.00,580.00,null,null,null
2023-09-16T01:49:02Z,25.11,60.57,99,0,29.12,101.29,28.00,589.00,null,null,null
2023-09-16T01:50:02Z,25.13,60.59,99,0,29.92,101.28,28.00,589.00,0,0,0
2023-09-16T01:51:02Z,25.11,60.62,99,0,30.59,101.29,27.00,580.00,null,null,null
2023-09-16T01:52:02Z,25.14,60.56,99,0,30.80,101.29,28.00,589.00,null,null,null
2023-09-16T01:53:02Z,25.14,60.55,99,0,33.41,101.29,27.00,580.00,null,null,null
2023-09-16T01:54:02Z,25.14,60.54,99,0,31.85,101.29,28.00,589.00,null,null,null
2023-09-16T01:55:02Z,25.11,60.63,99,0,30.15,101.29,27.00,580.00,0,0,0
2023-09-16T01:56:02Z,25.11,60.62,99,0,28.98,101.29,27.00,580.00,null,null,null
2023-09-16T01:57:02Z,25.13,60.55,99,0,29.38,101.29,27.00,580.00,null,null,null
2023-09-16T01:58:02Z,25.14,60.53,99,0,29.54,101.29,27.00,580.00,null,null,null
2023-09-16T01:59:02Z,25.11,60.61,99,0,30.89,101.29,28.00,589.00,null,null,null
2023-09-16T02:00:02Z,25.11,60.60,99,0,30.85,101.29,28.00,589.00,0,0,0
2023-09-16T02:01:02Z,25.11,60.54,99,0,29.69,101.29,27.00,580.00,null,null,null
2023-09-16T02:02:02Z,25.11,60.54,99,0,29.51,101.29,28.00,589.00,null,null,null
2023-09-16T02:03:02Z,25.11,60.56,99,0,30.02,101.30,27.00,580.00,null,null,null
2023-09-16T02:04:02Z,25.13,60.59,100,0,29.92,101.29,28.00,589.00,null,null,null
2023-09-16T02:05:02Z,25.10,60.55,99,0,42.28,101.29,27.00,580.00,0,0,0
2023-09-16T02:06:02Z,25.10,60.52,99,0,30.46,101.30,27.00,580.00,null,null,null
2023-09-16T02:07:02Z,25.13,60.54,99,0,29.91,101.29,27.00,580.00,null,null,null
2023-09-16T02:08:02Z,25.11,60.54,99,0,29.01,101.29,27.00,580.00,null,null,null
2023-09-16T02:09:02Z,25.10,60.55,99,0,29.48,101.30,28.00,589.00,null,null,null
2023-09-16T02:10:02Z,25.10,60.53,99,0,30.28,101.29,27.00,580.00,0,0,0
2023-09-16T02:11:02Z,25.07,60.51,99,0,30.40,101.29,28.00,589.00,null,null,null
2023-09-16T02:12:02Z,25.10,60.52,99,0,29.08,101.30,27.00,580.00,null,null,null
2023-09-16T02:13:02Z,25.10,60.51,99,0,29.98,101.30,29.00,596.00,null,null,null
2023-09-16T02:14:02Z,25.10,60.55,99,0,28.98,101.30,28.00,589.00,null,null,null
2023-09-16T02:15:02Z,25.07,60.49,99,0,29.83,101.30,28.00,589.00,0,0,0
2023-09-16T02:16:02Z,25.08,60.56,99,0,30.87,101.30,27.00,580.00,null,null,null
2023-09-16T02:17:02Z,25.08,60.51,99,0,29.82,101.30,29.00,596.00,null,null,null
2023-09-16T02:18:02Z,25.07,60.53,99,0,36.22,101.31,28.00,589.00,null,null,null
2023-09-16T02:19:02Z,25.08,60.56,99,0,36.41,101.30,28.00,589.00,null,null,null
2023-09-16T02:20:02Z,25.07,60.52,99,0,36.44,101.31,28.00,589.00,0,0,0
2023-09-16T02:21:02Z,25.07,60.50,99,0,36.12,101.30,28.00,589.00,null,null,null
2023-09-16T02:22:02Z,25.07,60.51,99,0,36.39,101.30,27.00,580.00,null,null,null
2023-09-16T02:23:02Z,25.07,60.45,99,0,31.01,101.30,28.00,589.00,null,null,null
2023-09-16T02:24:02Z,25.07,60.49,99,0,31.33,101.31,27.00,580.00,null,null,null
2023-09-16T02:25:02Z,25.02,60.48,99,0,32.87,101.31,28.00,589.00,0,0,0
2023-09-16T02:26:02Z,25.08,60.48,99,0,37.21,101.30,27.00,580.00,null,null,null
2023-09-16T02:27:02Z,25.07,60.47,99,0,30.85,101.30,28.00,589.00,null,null,null
2023-09-16T02:28:02Z,25.07,60.48,99,0,30.93,101.30,27.00,580.00,null,null,null
2023-09-16T02:29:02Z,25.05,60.48,99,0,31.47,101.31,28.00,589.00,null,null,null
2023-09-16T02:30:02Z,25.04,60.46,99,0,30.09,101.31,27.00,580.00,0,0,0
2023-09-16T02:31:02Z,25.04,60.46,99,0,30.50,101.31,28.00,589.00,null,null,null
2023-09-16T02:32:02Z,25.05,60.43,99,0,30.68,101.31,27.00,580.00,null,null,null
2023-09-16T02:33:02Z,25.04,60.40,99,0,30.46,101.31,28.00,589.00,null,null,null
2023-09-16T02:34:02Z,25.05,60.45,99,0,30.15,101.30,29.00,596.00,null,null,null
2023-09-16T02:35:02Z,25.02,60.46,99,0,29.62,101.31,29.00,596.00,0,0,0
2023-09-16T02:36:02Z,25.02,60.48,99,0,30.78,101.30,28.00,589.00,null,null,null
2023-09-16T02:37:02Z,25.05,60.41,99,0,29.16,101.30,29.00,596.00,null,null,null
2023-09-16T02:38:02Z,25.04,60.42,99,0,30.25,101.30,29.00,596.00,null,null,null
2023-09-16T02:39:02Z,25.04,60.46,99,0,29.33,101.30,29.00,596.00,null,null,null
2023-09-16T02:40:02Z,25.04,60.44,99,0,29.00,101.30,29.00,596.00,0,0,0
2023-09-16T02:41:02Z,25.02,60.46,99,0,36.27,101.30,27.00,581.00,null,null,null
2023-09-16T02:42:02Z,25.04,60.42,99,0,29.60,101.30,27.00,581.00,null,null,null
2023-09-16T02:43:02Z,25.01,60.42,99,0,30.69,101.30,27.00,581.00,null,null,null
2023-09-16T02:44:02Z,25.04,60.42,99,0,31.38,101.30,27.00,581.00,null,null,null
2023-09-16T02:45:02Z,25.01,60.46,99,0,30.56,101.30,27.00,581.00,0,0,0
2023-09-16T02:46:02Z,25.02,60.45,99,0,34.15,101.30,27.00,581.00,null,null,null
2023-09-16T02:47:02Z,25.02,60.42,99,0,29.79,101.30,27.00,581.00,null,null,null
2023-09-16T02:48:02Z,25.01,60.37,99,0,29.16,101.30,27.00,581.00,null,null,null
2023-09-16T02:49:02Z,25.02,60.39,99,0,31.30,101.30,27.00,581.00,null,null,null
2023-09-16T02:50:02Z,25.01,60.41,99,0,30.38,101.30,27.00,581.00,0,0,0
2023-09-16T02:51:02Z,25.02,60.42,99,0,30.23,101.30,27.00,581.00,null,null,null
2023-09-16T02:52:02Z,25.02,60.39,99,0,30.51,101.30,27.00,581.00,null,null,null
2023-09-16T02:53:02Z,25.01,60.41,99,0,29.95,101.29,27.00,581.00,null,null,null
2023-09-16T02:54:02Z,25.02,60.39,99,0,30.54,101.29,27.00,581.00,null,null,null
2023-09-16T02:55:02Z,25.00,60.43,99,0,30.31,101.29,27.00,581.00,0,0,0
2023-09-16T02:56:02Z,25.00,60.42,99,0,29.23,101.29,27.00,581.00,null,null,null
2023-09-16T02:57:02Z,25.01,60.40,99,0,29.25,101.29,27.00,581.00,null,null,null
2023-09-16T02:58:02Z,25.00,60.40,99,0,30.94,101.29,27.00,581.00,null,null,null
2023-09-16T02:59:02Z,25.00,60.42,99,0,29.26,101.28,26.00,575.00,null,null,null
