TIME,TEMP,HUM,BATT,LIGHT,NOISE_A,PRESS,CCS811_VOCS,CCS811_ECO2,PM_1,PM_25,PM_10
ISO 8601,C,%,%,Lux,dBA,kPa,ppb,ppm,ug/m3,ug/m3,ug/m3
Time,Temperature,Humidity,Battery,Light,Noise dBA,Barometric pressure,VOC Gas CCS811,eCO2 Gas CCS811,PM 1.0,PM 2.5,PM 10.0
,55,56,10,14,53,58,113,112,89,87,88
2023-09-09T00:00:03Z,28.42,60.38,99,0,49.67,101.71,61.00,806.00,0,0,0
2023-09-09T00:01:03Z,28.39,60.47,99,0,52.55,101.71,61.00,806.00,null,null,null
2023-09-09T00:02:03Z,28.40,60.72,99,0,49.15,101.71,61.00,806.00,null,null,null
2023-09-09T00:03:03Z,28.39,61.29,99,0,44.08,101.71,63.00,815.00,null,null,null
2023-09-09T00:04:03Z,28.40,60.53,99,0,49.86,101.71,58.00,787.00,null,null,null
2023-09-09T00:05:03Z,28.37,60.31,99,0,46.89,101.71,61.00,806.00,0,0,0
2023-09-09T00:06:03Z,28.39,60.85,99,0,46.19,101.71,63.00,815.00,null,null,null
2023-09-09T00:07:03Z,28.39,60.99,99,0,50.30,101.71,60.00,798.00,null,null,null
2023-09-09T00:08:03Z,28.37,60.93,99,0,51.41,101.71,63.00,815.00,null,null,null
2023-09-09T00:09:03Z,28.39,60.82,99,0,46.99,101.71,63.00,815.00,null,null,null
2023-09-09T00:10:03Z,28.37,60.68,99,0,55.00,101.71,63.00,819.00,0,0,0
2023-09-09T00:11:03Z,28.36,60.97,99,0,45.66,101.71,64.00,825.00,null,null,null
2023-09-09T00:12:03Z,28.39,60.87,99,0,49.61,101.70,66.00,834.00,null,null,null
2023-09-09T00:13:03Z,28.39,60.70,99,0,47.53,101.71,66.00,834.00,null,null,null
2023-09-09T00:14:03Z,28.39,60.51,99,0,43.47,101.70,65.00,830.00,null,null,null
2023-09-09T00:15:03Z,28.36,60.50,99,0,56.97,101.70,65.00,830.00,0,0,0
2023-09-09T00:16:03Z,28.36,60.99,99,0,46.31,101.70,64.00,825.00,null,null,null
2023-09-09T00:17:03Z,28.34,60.49,99,0,49.09,101.70,63.00,815.00,null,null,null
2023-09-09T00:18:03Z,28.36,60.57,99,0,48.24,101.70,64.00,825.00,null,null,null
2023-09-09T00:19:03Z,28.34,60.85,99,0,58.95,101.70,65.00,830.00,null,null,null
2023-09-09T00:20:03Z,28.34,61.11,99,0,60.14,101.70,63.00,815.00,0,0,0
2023-09-09T00:21:03Z,28.36,61.19,99,0,59.04,101.69,63.00,819.00,null,null,null
2023-09-09T00:22:03Z,28.34,61.04,99,0,65.81,101.69,63.00,819.00,null,null,null
2023-09-09T00:23:03Z,28.36,60.84,99,0,46.59,101.69,66.00,834.00,null,null,null
2023-09-09T00:24:03Z,28.33,60.59,99,0,49.22,101.69,63.00,819.00,null,null,null
2023-09-09T00:25:03Z,28.33,61.04,99,0,46.87,101.69,65.00,830.00,0,0,0
2023-09-09T00:26:03Z,28.34,60.78,99,0,51.48,101.69,63.00,815.00,null,null,null
2023-09-09T00:27:03Z,28.36,60.95,99,0,49.04,101.69,63.00,819.00,null,null,null
2023-09-09T00:28:03Z,28.33,61.08,99,0,51.73,101.69,63.00,819.00,null,null,null
2023-09-09T00:29:03Z,28.33,60.83,99,0,47.05,101.69,63.00,819.00,null,null,null
2023-09-09T00:30:03Z,28.33,60.69,99,0,47.79,101.69,63.00,815.00,0,0,0
2023-09-09T00:31:03Z,28.34,60.77,99,0,51.28,101.69,63.00,815.00,null,null,null
2023-09-09T00:32:03Z,28.32,60.66,99,0,55.58,101.69,61.00,806.00,null,null,null
2023-09-09T00:33:03Z,28.34,60.87,99,0,46.61,101.69,63.00,815.00,null,null,null
2023-09-09T00:34:03Z,28.32,61.08,99,0,53.97,101.68,60.00,798.00,null,null,null
2023-09-09T00:35:03Z,28.29,60.80,99,0,53.90,101.68,63.00,815.00,0,0,0
2023-09-09T00:36:03Z,28.32,60.91,99,0,47.09,101.68,60.00,798.00,null,null,null
2023-09-09T00:37:03Z,28.32,60.70,99,0,45.04,101.68,61.00,806.00,null,null,null
2023-09-09T00:38:03Z,28.34,60.94,99,0,46.92,101.68,63.00,815.00,null,null,null
2023-09-09T00:39:03Z,28.30,61.04,99,0,50.34,101.69,60.00,798.00,null,null,null
2023-09-09T00:40:03Z,28.30,60.82,99,0,50.87,101.68,61.00,806.00,0,0,0
2023-09-09T00:41:03Z,28.30,60.94,99,0,48.71,101.68,59.00,791.00,null,null,null
2023-09-09T00:42:03Z,28.32,60.86,99,0,47.73,101.68,60.00,798.00,null,null,null
2023-09-09T00:43:03Z,28.29,60.84,99,0,44.07,101.68,60.00,798.00,null,null,null
2023-09-09T00:44:03Z,28.29,60.95,99,0,47.31,101.68,59.00,791.00,null,null,null
2023-09-09T00:45:03Z,28.27,61.05,99,0,51.95,101.69,59.00,791.00,0,0,0
2023-09-09T00:46:03Z,28.29,61.11,99,0,44.65,101.68,57.00,778.00,null,null,null
2023-09-09T00:47:03Z,28.29,61.10,99,0,46.42,101.68,59.00,791.00,null,null,null
2023-09-09T00:48:03Z,28.26,61.05,99,0,47.95,101.69,57.00,778.00,null,null,null
2023-09-09T00:49:03Z,28.27,61.04,99,0,49.15,101.68,57.00,778.00,null,null,null
2023-09-09T00:50:03Z,28.26,61.11,99,0,51.22,101.68,59.00,791.00,0,0,0
2023-09-09T00:51:03Z,28.23,61.10,99,0,45.42,101.68,59.00,791.00,null,null,null
2023-09-09T00:52:03Z,28.24,61.15,99,0,49.42,101.68,60.00,800.00,null,null,null
2023-09-09T00:53:03Z,28.24,61.11,99,0,47.79,101.68,60.00,800.00,null,null,null
2023-09-09T00:54:03Z,28.23,61.11,99,0,48.33,101.68,62.00,808.00,null,null,null
2023-09-09T00:55:03Z,28.23,61.16,99,0,43.66,101.68,62.00,808.00,0,0,0
2023-09-09T00:56:03Z,28.24,61.29,99,0,44.20,101.68,65.00,827.00,null,null,null
2023-09-09T00:57:03Z,28.23,61.11,99,0,47.69,101.68,63.00,817.00,null,null,null
2023-09-09T00:58:03Z,28.24,61.16,99,0,45.63,101.68,62.00,808.00,null,null,null
2023-09-09T00:59:03Z,28.22,61.17,99,0,45.21,101.68,63.00,819.00,null,null,null
2023-09-09T01:00:03Z,28.22,61.07,99,0,45.94,101.68,65.00,827.00,0,0,0
2023-09-09T01:01:03Z,28.20,60.99,99,0,44.78,101.67,62.00,808.00,null,null,null
2023-09-09T01:02:03Z,28.22,60.96,99,0,42.81,101.68,62.00,808.00,null,null,null
2023-09-09T01:03:03Z,28.22,60.95,99,0,46.22,101.67,63.00,819.00,null,null,null
2023-09-09T01:04:03Z,28.22,60.96,99,0,43.45,101.67,62.00,808.00,null,null,null
2023-09-09T01:05:03Z,28.22,61.01,99,0,47.78,101.67,62.00,808.00,0,0,0
2023-09-09T01:06:03Z,28.22,60.93,99,0,45.79,101.67,63.00,819.00,null,null,null
2023-09-09T01:07:03Z,28.20,60.95,99,0,46.81,101.67,60.00,800.00,null,null,null
2023-09-09T01:08:03Z,28.19,60.96,99,0,45.70,101.67,62.00,808.00,null,null,null
2023-09-09T01:09:03Z,28.17,60.92,99,0,48.44,101.67,62.00,808.00,null,null,null
2023-09-09T01:10:03Z,28.17,61.02,99,0,45.21,101.68,60.00,800.00,0,0,0
2023-09-09T01:11:03Z,28.16,61.02,99,0,47.28,101.67,60.00,800.00,null,null,null
2023-09-09T01:12:03Z,28.16,61.08,99,0,46.40,101.68,60.00,800.00,null,null,null
2023-09-09T01:13:03Z,28.16,61.00,99,0,49.58,101.68,60.00,800.00,null,null,null
2023-09-09T01:14:03Z,28.17,61.05,99,0,47.78,101.67,60.00,800.00,null,null,null
2023-09-09T01:15:03Z,28.16,61.05,99,0,46.48,101.67,59.00,793.00,0,0,0
2023-09-09T01:16:03Z,28.15,61.10,99,0,45.60,101.67,59.00,793.00,null,null,null
2023-09-09T01:17:03Z,28.16,61.10,99,0,47.89,101.67,60.00,800.00,null,null,null
2023-09-09T01:18:03Z,28.15,61.24,99,0,45.01,101.67,60.00,800.00,null,null,null
2023-09-09T01:19:03Z,28.13,61.12,99,0,46.95,101.67,59.00,793.00,null,null,null
2023-09-09T01:20:03Z,28.13,61.15,99,0,44.11,101.67,59.00,793.00,0,0,0
2023-09-09T01:21:03Z,28.15,61.16,99,0,43.45,101.67,59.00,793.00,null,null,null
2023-09-09T01:22:03Z,28.13,61.24,99,0,45.24,101.67,60.00,800.00,null,null,null
2023-09-09T01:23:03Z,28.12,61.13,99,0,45.41,101.67,62.00,808.00,null,null,null
2023-09-09T01:24:03Z,28.11,61.19,99,0,45.60,101.67,60.00,800.00,null,null,null
2023-09-09T01:25:03Z,28.09,61.22,99,0,48.36,101.67,60.00,800.00,0,0,0
2023-09-09T01:26:03Z,28.11,61.20,99,0,48.90,101.67,62.00,808.00,null,null,null
2023-09-09T01:27:03Z,28.13,61.15,99,0,49.28,101.67,60.00,800.00,null,null,null
2023-09-09T01:28:03Z,28.12,61.25,99,0,43.24,101.67,63.00,819.00,null,null,null
2023-09-09T01:29:03Z,28.13,61.29,99,0,48.74,101.67,62.00,810.00,null,null,null
2023-09-09T01:30:03Z,28.11,61.18,99,0,48.21,101.67,60.00,800.00,0,0,0
2023-09-09T01:31:03Z,28.08,61.21,99,0,45.39,101.67,62.00,808.00,null,null,null
2023-09-09T01:32:03Z,28.09,61.31,99,0,49.22,101.67,65.00,827.00,null,null,null
2023-09-09T01:33:03Z,28.09,61.22,99,0,44.01,101.67,63.00,817.00,null,null,null
2023-09-09T01:34:03Z,28.09,61.20,99,0,48.21,101.67,66.00,836.00,null,null,null
2023-09-09T01:35:03Z,28.08,61.18,99,0,48.13,101.67,65.00,827.00,0,0,0
2023-09-09T01:36:03Z,28.08,61.23,99,0,45.75,101.67,63.00,819.00,null,null,null
2023-09-09T01:37:03Z,28.08,61.18,99,0,48.34,101.67,65.00,827.00,null,null,null
2023-09-09T01:38:03Z,28.06,61.19,99,0,44.49,101.67,63.00,819.00,null,null,null
2023-09-09T01:39:03Z,28.06,61.18,99,0,44.94,101.67,65.00,827.00,null,null,null
2023-09-09T01:40:03Z,28.05,61.16,99,0,45.58,101.67,67.00,844.00,0,0,0
2023-09-09T01:41:03Z,28.06,61.20,99,0,49.36,101.67,66.00,836.00,null,null,null
2023-09-09T01:42:03Z,28.06,61.15,99,0,49.46,101.67,63.00,819.00,null,null,null
2023-09-09T01:43:03Z,28.03,61.11,99,0,49.44,101.66,63.00,819.00,null,null,null
2023-09-09T01:44:03Z,28.03,61.16,99,0,45.02,101.66,65.00,827.00,null,null,null
2023-09-09T01:45:03Z,28.02,61.17,99,0,45.74,101.66,63.00,819.00,0,0,0
2023-09-09T01:46:03Z,28.02,61.17,99,0,46.82,101.66,63.00,819.00,null,null,null
2023-09-09T01:47:03Z,28.01,61.18,99,0,47.64,101.67,63.00,819.00,null,null,null
2023-09-09T01:48:03Z,28.02,61.12,99,0,47.69,101.66,63.00,819.00,null,null,null
2023-09-09T01:49:03Z,28.01,61.18,99,0,44.57,101.66,63.00,819.00,null,null,null
2023-09-09T01:50:03Z,27.99,61.17,99,0,46.10,101.67,65.00,827.00,0,0,0
2023-09-09T01:51:03Z,28.03,61.28,99,0,48.88,101.67,62.00,808.00,null,null,null
2023-09-09T01:52:03Z,28.01,61.21,99,0,47.63,101.67,62.00,810.00,null,null,null
2023-09-09T01:53:03Z,27.99,61.24,99,0,42.36,101.67,62.00,808.00,null,null,null
2023-09-09T01:54:03Z,27.99,61.26,99,0,46.96,101.67,62.00,808.00,null,null,null
2023-09-09T01:55:03Z,27.98,61.24,99,0,46.91,101.67,63.00,817.00,0,0,0
2023-09-09T01:56:03Z,27.95,61.21,99,0,48.75,101.67,67.00,844.00,null,null,null
2023-09-09T01:57:03Z,27.94,61.16,99,0,45.03,101.66,69.00,855.00,null,null,null
2023-09-09T01:58:03Z,27.94,61.21,99,0,48.27,101.67,70.00,865.00,null,null,null
2023-09-09T01:59:03Z,27.96,61.19,99,0,48.03,101.67,72.00,874.00,null,null,null
2023-09-09T02:00:03Z,27.91,61.12,99,0,46.21,101.67,72.00,874.00,0,0,0
2023-09-09T02:01:03Z,27.96,61.17,99,0,45.19,101.67,72.00,874.00,null,null,null
2023-09-09T02:02:03Z,27.95,61.21,99,0,47.04,101.67,74.00,889.00,null,null,null
2023-09-09T02:03:03Z,27.94,61.15,99,0,46.91,101.67,74.00,889.00,null,null,null
2023-09-09T02:04:03Z,27.92,61.14,99,0,46.83,101.67,74.00,889.00,null,null,null
2023-09-09T02:05:03Z,27.92,61.13,99,0,45.73,101.66,74.00,889.00,0,0,0
2023-09-09T02:06:03Z,27.92,61.21,99,0,47.01,101.67,74.00,889.00,null,null,null
2023-09-09T02:07:03Z,27.91,61.17,99,0,45.60,101.66,74.00,889.00,null,null,null
2023-09-09T02:08:03Z,27.92,61.32,99,0,45.02,101.67,74.00,889.00,null,null,null
2023-09-09T02:09:03Z,27.92,61.20,99,0,46.39,101.67,73.00,880.00,null,null,null
2023-09-09T02:10:03Z,27.91,61.33,99,0,48.86,101.67,76.00,905.00,0,0,0
2023-09-09T02:11:03Z,27.92,61.12,99,0,48.02,101.67,73.00,880.00,null,null,null
2023-09-09T02:12:03Z,27.92,61.18,99,0,46.71,101.66,76.00,905.00,null,null,null
2023-09-09T02:13:03Z,27.91,61.22,99,0,51.91,101.67,74.00,889.00,null,null,null
2023-09-09T02:14:03Z,27.91,61.18,99,0,47.36,101.67,78.00,915.00,null,null,null
2023-09-09T02:15:03Z,27.91,61.17,99,0,47.09,101.67,78.00,915.00,0,0,0
2023-09-09T02:16:03Z,27.92,61.22,99,0,47.37,101.67,73.00,885.00,null,null,null
2023-09-09T02:17:03Z,27.92,61.15,99,0,48.78,101.67,72.00,874.00,null,null,null
2023-09-09T02:18:03Z,27.89,61.15,99,0,49.14,101.67,72.00,874.00,null,null,null
2023-09-09T02:19:03Z,27.91,61.10,99,0,47.19,101.67,70.00,865.00,null,null,null
2023-09-09T02:20:03Z,27.88,61.18,99,0,48.25,101.66,70.00,865.00,0,0,0
2023-09-09T02:21:03Z,27.88,61.20,99,0,47.78,101.67,70.00,865.00,null,null,null
2023-09-09T02:22:03Z,27.88,61.17,99,0,45.31,101.67,70.00,865.00,null,null,null
2023-09-09T02:23:03Z,27.88,61.10,99,0,47.49,101.66,70.00,865.00,null,null,null
2023-09-09T02:24:03Z,27.89,61.16,99,0,47.03,101.67,69.00,855.00,null,null,null
2023-09-09T02:25:03Z,27.91,61.11,99,0,45.30,101.67,67.00,844.00,0,0,0
2023-09-09T02:26:03Z,27.88,61.15,99,0,46.57,101.67,67.00,844.00,null,null,null
2023-09-09T02:27:03Z,27.88,61.10,99,0,48.92,101.67,67.00,844.00,null,null,null
2023-09-09T02:28:03Z,27.88,61.11,99,0,46.10,101.67,66.00,836.00,null,null,null
2023-09-09T02:29:03Z,27.86,61.14,99,0,45.66,101.67,65.00,827.00,null,null,null
2023-09-09T02:30:03Z,27.89,61.15,99,0,47.32,101.67,65.00,827.00,0,0,0
2023-09-09T02:31:03Z,27.86,61.15,99,0,46.30,101.67,63.00,819.00,null,null,null
2023-09-09T02:32:03Z,27.88,61.10,99,0,44.84,101.67,65.00,827.00,null,null,null
2023-09-09T02:33:03Z,27.86,61.09,99,0,46.81,101.67,62.00,808.00,null,null,null
2023-09-09T02:34:03Z,27.85,61.13,99,0,41.68,101.67,63.00,819.00,null,null,null
2023-09-09T02:35:03Z,27.82,61.07,99,0,45.49,101.66,62.00,808.00,0,0,0
2023-09-09T02:36:03Z,27.85,61.12,99,0,44.78,101.67,62.00,808.00,null,null,null
2023-09-09T02:37:03Z,27.86,61.07,99,0,49.79,101.66,60.00,800.00,null,null,null
2023-09-09T02:38:03Z,27.86,61.14,99,0,44.70,101.67,59.00,793.00,null,null,null
2023-09-09T02:39:03Z,27.85,61.23,99,0,43.68,101.66,59.00,793.00,null,null,null
2023-09-09T02:40:03Z,27.84,61.13,99,0,46.28,101.67,53.00,752.00,0,0,0
2023-09-09T02:41:03Z,27.84,61.10,99,0,44.55,101.66,54.00,761.00,null,null,null
2023-09-09T02:42:03Z,27.84,61.14,99,0,47.46,101.66,53.00,752.00,null,null,null
2023-09-09T02:43:03Z,27.85,61.08,99,0,47.50,101.66,53.00,752.00,null,null,null
2023-09-09T02:44:03Z,27.79,61.10,99,0,48.39,101.66,52.00,744.00,null,null,null
2023-09-09T02:45:03Z,27.82,61.10,99,0,45.30,101.67,52.00,744.00,0,0,0
2023-09-09T02:46:03Z,27.81,61.11,99,0,44.57,101.66,51.00,735.00,null,null,null
2023-09-09T02:47:03Z,27.82,61.17,99,0,46.86,101.66,51.00,735.00,null,null,null
2023-09-09T02:48:03Z,27.81,61.12,99,0,46.08,101.66,51.00,735.00,null,null,null
2023-09-09T02:49:03Z,27.81,61.10,99,0,49.12,101.66,49.00,728.00,null,null,null
2023-09-09T02:50:03Z,27.82,61.13,99,0,47.97,101.66,49.00,728.00,0,0,0
2023-09-09T02:51:03Z,27.82,61.14,99,0,45.96,101.66,49.00,728.00,null,null,null
2023-09-09T02:52:03Z,27.81,61.16,99,0,48.04,101.66,49.00,728.00,null,null,null
2023-09-09T02:53:03Z,27.84,61.14,99,0,46.37,101.66,49.00,728.00,null,null,null
2023-09-09T02:54:03Z,27.82,61.17,99,0,44.43,101.66,49.00,728.00,null,null,null
2023-09-09T02:55:03Z,27.82,61.15,99,0,46.73,101.66,49.00,728.00,0,0,0
2023-09-09T02:56:03Z,27.79,61.18,99,0,45.92,101.66,49.00,728.00,null,null,null
2023-09-09T02:57:03Z,27.84,61.18,99,0,48.51,101.66,49.00,728.00,null,null,null
2023-09-09T02:58:03Z,27.82,61.15,99,0,51.24,101.65,49.00,728.00,null,null,null
2023-09-09T02:59:03Z,27.84,61.22,99,0,44.12,101.65,49.00,728.00,null,null,null
