TIME,TEMP,HUM,BATT,LIGHT,NOISE_A,PRESS,CCS811_VOCS,CCS811_ECO2,PM_1,PM_25,PM_10
ISO 8601,C,%,%,Lux,dBA,kPa,ppb,ppm,ug/m3,ug/m3,ug/m3
Time,Temperature,Humidity,Battery,Light,Noise dBA,Barometric pressure,VOC Gas CCS811,eCO2 Gas CCS811,PM 1.0,PM 2.5,PM 10.0
,55,56,10,14,53,58,113,112,89,87,88
2023-08-26T00:00:03Z,23.29,56.21,99,0,30.68,100.95,19.00,531.00,0,0,0
2023-08-26T00:01:03Z,23.29,56.22,99,0,30.38,100.95,19.00,527.00,null,null,null
2023-08-26T00:02:03Z,23.29,56.18,99,0,30.03,100.95,19.00,531.00,null,null,null
2023-08-26T00:03:03Z,23.31,56.22,99,0,29.61,100.95,19.00,531.00,null,null,null
2023-08-26T00:04:03Z,23.30,56.21,99,0,31.28,100.95,19.00,531.00,null,null,null
2023-08-26T00:05:03Z,23.29,56.20,99,0,30.60,100.95,19.00,531.00,0,0,0
2023-08-26T00:06:03Z,23.29,56.26,99,0,30.09,100.95,19.00,527.00,null,null,null
2023-08-26T00:07:03Z,23.30,56.18,99,0,28.67,100.95,18.00,524.00,null,null,null
2023-08-26T00:08:03Z,23.27,56.23,99,0,29.63,100.95,19.00,531.00,null,null,null
2023-08-26T00:09:03Z,23.29,56.24,99,0,32.11,100.95,19.00,531.00,null,null,null
2023-08-26T00:10:03Z,23.27,56.23,99,0,29.76,100.95,19.00,531.00,0,0,0
2023-08-26T00:11:03Z,23.27,56.24,99,0,29.27,100.95,19.00,527.00,null,null,null
2023-08-26T00:12:03Z,23.29,56.23,99,0,30.11,100.95,19.00,531.00,null,null,null
2023-08-26T00:13:03Z,23.30,56.24,99,0,29.69,100.95,19.00,531.00,null,null,null
2023-08-26T00:14:03Z,23.30,56.22,99,0,29.54,100.95,19.00,531.00,null,null,null
2023-08-26T00:15:03Z,23.29,56.23,99,0,29.25,100.95,20.00,537.00,0,0,0
2023-08-26T00:16:03Z,23.29,56.24,99,0,30.01,100.95,19.00,531.00,null,null,null
2023-08-26T00:17:03Z,23.27,56.24,99,0,29.78,100.95,20.00,537.00,null,null,null
2023-08-26T00:18:03Z,23.27,56.21,99,0,29.97,100.95,19.00,531.00,null,null,null
2023-08-26T00:19:03Z,23.27,56.22,99,0,30.49,100.95,20.00,537.00,null,null,null
2023-08-26T00:20:03Z,23.27,56.24,99,0,30.60,100.95,19.00,531.00,0,0,0
2023-08-26T00:21:03Z,23.26,56.25,99,0,30.16,100.95,19.00,527.00,null,null,null
2023-08-26T00:22:03Z,23.27,56.24,99,0,32.22,100.95,18.00,524.00,null,null,null
2023-08-26T00:23:03Z,23.29,56.26,99,0,30.40,100.94,20.00,537.00,null,null,null
2023-08-26T00:24:03Z,23.27,56.24,99,0,34.34,100.94,18.00,524.00,null,null,null
2023-08-26T00:25:03Z,23.25,56.25,99,0,30.17,100.95,19.00,531.00,0,0,0
2023-08-26T00:26:03Z,23.25,56.28,99,0,29.69,100.95,18.00,519.00,null,null,null
2023-08-26T00:27:03Z,23.26,56.27,99,0,29.01,100.95,19.00,530.00,null,null,null
2023-08-26T00:28:03Z,23.27,56.28,99,0,31.02,100.95,18.00,524.00,null,null,null
2023-08-26T00:29:03Z,23.25,56.28,99,0,29.91,100.95,18.00,524.00,null,null,null
2023-08-26T00:30:03Z,23.23,56.33,99,0,29.53,100.94,18.00,524.00,0,0,0
2023-08-26T00:31:03Z,23.25,56.29,99,0,29.83,100.95,25.00,565.00,null,null,null
2023-08-26T00:32:03Z,23.26,56.25,99,0,31.20,100.94,19.00,530.00,null,null,null
2023-08-26T00:33:03Z,23.25,56.24,99,0,30.22,100.94,19.00,530.00,null,null,null
2023-08-26T00:34:03Z,23.25,56.28,99,0,30.17,100.95,19.00,531.00,null,null,null
2023-08-26T00:35:03Z,23.23,56.25,99,0,29.32,100.94,19.00,530.00,0,0,0
2023-08-26T00:36:03Z,23.22,56.32,99,0,29.54,100.94,25.00,569.00,null,null,null
2023-08-26T00:37:03Z,23.23,56.30,99,0,30.05,100.94,25.00,569.00,null,null,null
2023-08-26T00:38:03Z,23.26,56.32,99,0,30.63,100.94,25.00,569.00,null,null,null
2023-08-26T00:39:03Z,23.25,56.30,99,0,30.80,100.94,18.00,524.00,null,null,null
2023-08-26T00:40:03Z,23.23,56.31,99,0,30.09,100.94,19.00,530.00,0,0,0
2023-08-26T00:41:03Z,23.25,56.36,99,0,30.33,100.94,25.00,565.00,null,null,null
2023-08-26T00:42:03Z,23.23,56.27,99,0,29.25,100.94,19.00,530.00,null,null,null
2023-08-26T00:43:03Z,23.23,56.34,99,0,29.91,100.94,25.00,569.00,null,null,null
2023-08-26T00:44:03Z,23.22,56.32,99,0,30.09,100.93,25.00,569.00,null,null,null
2023-08-26T00:45:03Z,23.22,56.30,99,0,30.03,100.94,25.00,569.00,0,0,0
2023-08-26T00:46:03Z,23.22,56.37,99,0,29.77,100.94,25.00,565.00,null,null,null
2023-08-26T00:47:03Z,23.23,56.32,99,0,29.94,100.93,26.00,575.00,null,null,null
2023-08-26T00:48:03Z,23.22,56.30,99,0,29.42,100.94,26.00,575.00,null,null,null
2023-08-26T00:49:03Z,23.23,56.30,99,0,30.90,100.93,25.00,569.00,null,null,null
2023-08-26T00:50:03Z,23.22,56.36,99,0,30.66,100.94,25.00,569.00,0,0,0
2023-08-26T00:51:03Z,23.19,56.32,99,0,29.30,100.94,25.00,565.00,null,null,null
2023-08-26T00:52:03Z,23.22,56.35,99,0,29.55,100.93,26.00,575.00,null,null,null
2023-08-26T00:53:03Z,23.22,56.30,99,0,29.92,100.94,25.00,569.00,null,null,null
2023-08-26T00:54:03Z,23.20,56.32,99,0,32.51,100.93,25.00,569.00,null,null,null
2023-08-26T00:55:03Z,23.19,56.39,99,0,31.45,100.93,25.00,569.00,0,0,0
2023-08-26T00:56:03Z,23.20,56.38,99,0,29.74,100.93,25.00,565.00,null,null,null
2023-08-26T00:57:03Z,23.20,56.39,99,0,30.19,100.93,25.00,569.00,null,null,null
2023-08-26T00:58:03Z,23.22,56.31,99,0,29.72,100.94,25.00,569.00,null,null,null
2023-08-26T00:59:03Z,23.22,56.38,99,0,30.01,100.94,25.00,569.00,null,null,null
2023-08-26T01:00:03Z,23.17,56.37,99,0,29.70,100.94,25.00,569.00,0,0,0
2023-08-26T01:01:03Z,23.22,56.38,99,0,29.94,100.94,25.00,565.00,null,null,null
2023-08-26T01:02:03Z,23.17,56.35,99,0,29.27,100.94,25.00,569.00,null,null,null
2023-08-26T01:03:03Z,23.19,56.33,99,0,30.27,100.94,25.00,569.00,null,null,null
2023-08-26T01:04:03Z,23.20,56.36,99,0,29.95,100.94,25.00,569.00,null,null,null
2023-08-26T01:05:03Z,23.19,56.40,99,0,30.41,100.94,25.00,569.00,0,0,0
2023-08-26T01:06:03Z,23.19,56.44,99,0,29.56,100.93,25.00,569.00,null,null,null
2023-08-26T01:07:03Z,23.17,56.41,99,0,30.10,100.94,25.00,569.00,null,null,null
2023-08-26T01:08:03Z,23.19,56.40,99,0,30.08,100.94,25.00,569.00,null,null,null
2023-08-26T01:09:03Z,23.17,56.41,99,0,30.67,100.94,25.00,569.00,null,null,null
2023-08-26T01:10:03Z,23.16,56.43,99,0,31.97,100.94,25.00,569.00,0,0,0
2023-08-26T01:11:03Z,23.15,56.43,99,0,30.38,100.94,25.00,565.00,null,null,null
2023-08-26T01:12:03Z,23.13,56.45,99,0,31.30,100.94,25.00,569.00,null,null,null
2023-08-26T01:13:03Z,23.16,56.38,99,0,29.63,100.93,25.00,565.00,null,null,null
2023-08-26T01:14:03Z,23.19,56.42,99,0,31.39,100.93,25.00,565.00,null,null,null
2023-08-26T01:15:03Z,23.16,56.46,99,0,31.38,100.94,25.00,569.00,0,0,0
2023-08-26T01:16:03Z,23.15,56.43,99,0,29.48,100.93,25.00,565.00,null,null,null
2023-08-26T01:17:03Z,23.16,56.41,99,0,30.36,100.94,25.00,565.00,null,null,null
2023-08-26T01:18:03Z,23.13,56.37,99,0,30.23,100.93,25.00,565.00,null,null,null
2023-08-26T01:19:03Z,23.16,56.39,99,0,31.70,100.94,25.00,565.00,null,null,null
2023-08-26T01:20:03Z,23.17,56.46,99,0,31.91,100.93,25.00,565.00,0,0,0
2023-08-26T01:21:03Z,23.13,56.49,99,0,32.17,100.93,23.00,556.00,null,null,null
2023-08-26T01:22:03Z,23.13,56.44,99,0,29.82,100.93,25.00,565.00,null,null,null
2023-08-26T01:23:03Z,23.13,56.46,99,0,29.63,100.94,25.00,565.00,null,null,null
2023-08-26T01:24:03Z,23.13,56.46,99,0,30.24,100.94,25.00,565.00,null,null,null
2023-08-26T01:25:03Z,23.13,56.47,99,0,30.65,100.94,25.00,565.00,0,0,0
2023-08-26T01:26:03Z,23.10,56.45,99,0,32.28,100.93,23.00,556.00,null,null,null
2023-08-26T01:27:03Z,23.15,56.44,99,0,30.70,100.94,25.00,565.00,null,null,null
2023-08-26T01:28:03Z,23.12,56.47,99,0,30.70,100.93,23.00,556.00,null,null,null
2023-08-26T01:29:03Z,23.12,56.52,99,0,30.04,100.94,23.00,556.00,null,null,null
2023-08-26T01:30:03Z,23.10,56.53,99,0,29.91,100.94,25.00,565.00,0,0,0
2023-08-26T01:31:03Z,23.09,56.47,99,0,29.91,100.94,23.00,556.00,null,null,null
2023-08-26T01:32:03Z,23.10,56.48,99,0,30.26,100.93,25.00,565.00,null,null,null
2023-08-26T01:33:03Z,23.12,56.52,99,0,30.24,100.94,25.00,565.00,null,null,null
2023-08-26T01:34:03Z,23.10,56.47,99,0,29.82,100.93,23.00,556.00,null,null,null
2023-08-26T01:35:03Z,23.09,56.52,99,0,30.17,100.93,23.00,556.00,0,0,0
2023-08-26T01:36:03Z,23.10,56.55,99,0,32.55,100.93,22.00,549.00,null,null,null
2023-08-26T01:37:03Z,23.10,56.54,99,0,30.11,100.94,25.00,565.00,null,null,null
2023-08-26T01:38:03Z,23.10,56.47,99,0,29.95,100.94,25.00,565.00,null,null,null
2023-08-26T01:39:03Z,23.08,56.45,99,0,29.60,100.94,23.00,556.00,null,null,null
2023-08-26T01:40:03Z,23.08,56.47,99,0,29.67,100.93,22.00,549.00,0,0,0
2023-08-26T01:41:03Z,23.06,56.57,99,0,29.78,100.93,22.00,545.00,null,null,null
2023-08-26T01:42:03Z,23.09,56.52,99,0,30.22,100.93,22.00,549.00,null,null,null
2023-08-26T01:43:03Z,23.10,56.54,99,0,30.02,100.93,23.00,556.00,null,null,null
2023-08-26T01:44:03Z,23.06,56.54,99,0,29.78,100.93,23.00,556.00,null,null,null
2023-08-26T01:45:03Z,23.06,56.58,99,0,32.15,100.93,23.00,556.00,0,0,0
2023-08-26T01:46:03Z,23.09,56.59,99,0,29.03,100.93,22.00,549.00,null,null,null
2023-08-26T01:47:03Z,23.09,56.54,99,0,30.77,100.93,23.00,556.00,null,null,null
2023-08-26T01:48:03Z,23.08,56.58,99,0,30.47,100.93,23.00,556.00,null,null,null
2023-08-26T01:49:03Z,23.06,56.55,99,0,29.44,100.93,23.00,556.00,null,null,null
2023-08-26T01:50:03Z,23.05,56.62,99,0,30.45,100.93,22.00,549.00,0,0,0
2023-08-26T01:51:03Z,23.05,56.59,99,0,30.48,100.93,22.00,549.00,null,null,null
2023-08-26T01:52:03Z,23.06,56.58,99,0,29.98,100.92,22.00,549.00,null,null,null
2023-08-26T01:53:03Z,23.05,56.56,99,0,29.82,100.93,23.00,556.00,null,null,null
2023-08-26T01:54:03Z,23.03,56.56,99,0,29.70,100.92,22.00,549.00,null,null,null
2023-08-26T01:55:03Z,23.06,56.56,99,0,30.22,100.92,22.00,549.00,0,0,0
2023-08-26T01:56:03Z,23.03,56.63,99,0,29.74,100.92,22.00,545.00,null,null,null
2023-08-26T01:57:03Z,23.05,56.57,99,0,32.17,100.91,22.00,549.00,null,null,null
2023-08-26T01:58:03Z,23.05,56.60,99,0,30.21,100.92,22.00,549.00,null,null,null
2023-08-26T01:59:03Z,23.05,56.59,99,0,30.02,100.92,22.00,549.00,null,null,null
2023-08-26T02:00:03Z,23.03,56.61,99,0,31.85,100.91,22.00,549.00,0,0,0
2023-08-26T02:01:03Z,23.05,56.61,99,0,30.87,100.91,22.00,545.00,null,null,null
2023-08-26T02:02:03Z,23.02,56.62,99,0,29.36,100.91,22.00,549.00,null,null,null
2023-08-26T02:03:03Z,23.05,56.60,99,0,30.32,100.91,22.00,549.00,null,null,null
2023-08-26T02:04:03Z,23.03,56.64,99,0,34.17,100.91,23.00,556.00,null,null,null
2023-08-26T02:05:03Z,23.02,56.66,99,0,29.71,100.91,23.00,556.00,0,0,0
2023-08-26T02:06:03Z,23.03,56.61,99,0,29.68,100.91,22.00,549.00,null,null,null
2023-08-26T02:07:03Z,23.03,56.63,99,0,29.92,100.91,23.00,556.00,null,null,null
2023-08-26T02:08:03Z,23.03,56.61,99,0,30.54,100.90,23.00,556.00,null,null,null
2023-08-26T02:09:03Z,23.05,56.61,99,0,29.72,100.90,25.00,565.00,null,null,null
2023-08-26T02:10:03Z,23.02,56.60,99,0,29.44,100.91,25.00,565.00,0,0,0
2023-08-26T02:11:03Z,23.03,56.69,99,0,29.40,100.90,22.00,549.00,null,null,null
2023-08-26T02:12:03Z,23.03,56.59,99,0,31.45,100.91,25.00,565.00,null,null,null
2023-08-26T02:13:03Z,23.00,56.63,99,0,29.69,100.90,25.00,565.00,null,null,null
2023-08-26T02:14:03Z,23.00,56.65,99,0,29.88,100.91,25.00,565.00,null,null,null
2023-08-26T02:15:03Z,23.00,56.62,99,0,29.73,100.91,25.00,565.00,0,0,0
2023-08-26T02:16:03Z,23.02,56.66,99,0,37.73,100.90,23.00,556.00,null,null,null
2023-08-26T02:17:03Z,23.02,56.68,99,0,36.21,100.91,25.00,569.00,null,null,null
2023-08-26T02:18:03Z,23.05,56.69,99,0,35.39,100.91,22.00,549.00,null,null,null
2023-08-26T02:19:03Z,23.00,56.68,99,0,35.61,100.91,22.00,549.00,null,null,null
2023-08-26T02:20:03Z,23.00,56.61,99,0,35.44,100.91,23.00,556.00,0,0,0
2023-08-26T02:21:03Z,23.03,56.64,99,0,35.76,100.91,22.00,545.00,null,null,null
2023-08-26T02:22:03Z,23.02,56.61,99,0,35.45,100.91,23.00,556.00,null,null,null
2023-08-26T02:23:03Z,23.03,56.63,99,0,35.73,100.91,23.00,556.00,null,null,null
2023-08-26T02:24:03Z,23.02,56.66,99,0,35.96,100.91,23.00,556.00,null,null,null
2023-08-26T02:25:03Z,22.99,56.62,99,0,35.98,100.91,23.00,556.00,0,0,0
2023-08-26T02:26:03Z,23.00,56.66,99,0,35.77,100.90,22.00,545.00,null,null,null
2023-08-26T02:27:03Z,23.03,56.63,99,0,35.92,100.91,22.00,549.00,null,null,null
2023-08-26T02:28:03Z,23.02,56.63,99,0,35.91,100.91,22.00,549.00,null,null,null
2023-08-26T02:29:03Z,23.02,56.63,99,0,35.83,100.91,21.00,539.00,null,null,null
2023-08-26T02:30:03Z,23.00,56.63,99,0,35.54,100.90,22.00,545.00,0,0,0
2023-08-26T02:31:03Z,22.99,56.69,99,0,35.95,100.91,22.00,545.00,null,null,null
2023-08-26T02:32:03Z,23.02,56.65,99,0,35.83,100.91,22.00,545.00,null,null,null
2023-08-26T02:33:03Z,22.98,56.62,99,0,35.86,100.91,22.00,545.00,null,null,null
2023-08-26T02:34:03Z,22.99,56.64,99,0,35.63,100.91,23.00,556.00,null,null,null
2023-08-26T02:35:03Z,22.99,56.71,99,0,35.84,100.91,23.00,556.00,0,0,0
2023-08-26T02:36:03Z,22.96,56.67,99,0,35.99,100.91,23.00,556.00,null,null,null
2023-08-26T02:37:03Z,22.99,56.62,99,0,35.91,100.90,23.00,556.00,null,null,null
2023-08-26T02:38:03Z,23.00,56.68,99,0,35.78,100.91,23.00,556.00,null,null,null
2023-08-26T02:39:03Z,22.99,56.70,99,0,35.75,100.91,23.00,556.00,null,null,null
2023-08-26T02:40:03Z,22.98,56.66,99,0,36.04,100.90,23.00,556.00,0,0,0
2023-08-26T02:41:03Z,22.99,56.68,99,0,35.99,100.90,23.00,556.00,null,null,null
2023-08-26T02:42:03Z,22.99,56.68,99,0,35.92,100.91,23.00,556.00,null,null,null
2023-08-26T02:43:03Z,23.00,56.68,99,0,35.58,100.90,23.00,556.00,null,null,null
2023-08-26T02:44:03Z,22.98,56.63,99,0,30.85,100.90,23.00,556.00,null,null,null
2023-08-26T02:45:03Z,22.95,56.64,99,0,30.06,100.90,22.00,549.00,0,0,0
2023-08-26T02:46:03Z,22.96,56.68,99,0,30.05,100.90,22.00,549.00,null,null,null
2023-08-26T02:47:03Z,22.98,56.69,99,0,29.94,100.90,22.00,549.00,null,null,null
2023-08-26T02:48:03Z,22.98,56.65,99,0,31.44,100.90,22.00,549.00,null,null,null
2023-08-26T02:49:03Z,22.94,56.64,99,0,30.36,100.90,22.00,545.00,null,null,null
2023-08-26T02:50:03Z,22.94,56.66,99,0,30.47,100.91,22.00,549.00,0,0,0
2023-08-26T02:51:03Z,22.95,56.74,99,0,30.57,100.91,22.00,549.00,null,null,null
2023-08-26T02:52:03Z,22.96,56.72,99,0,30.46,100.91,22.00,549.00,null,null,null
2023-08-26T02:53:03Z,22.95,56.68,99,0,30.54,100.91,22.00,545.00,null,null,null
2023-08-26T02:54:03Z,22.94,56.67,99,0,30.55,100.91,22.00,545.00,null,null,null
2023-08-26T02:55:03Z,22.94,56.72,99,0,31.05,100.91,22.00,545.00,0,0,0
2023-08-26T02:56:03Z,22.94,56.73,99,0,30.99,100.91,22.00,545.00,null,null,null
2023-08-26T02:57:03Z,22.94,56.69,99,0,30.61,100.91,22.00,545.00,null,null,null
2023-08-26T02:58:03Z,22.94,56.74,99,0,30.54,100.91,22.00,545.00,null,null,null
2023-08-26T02:59:03Z,22.92,56.75,99,0,30.81,100.91,22.00,545.00,null,null,null
