TIME,TEMP,HUM,BATT,LIGHT,NOISE_A,PRESS,CCS811_VOCS,CCS811_ECO2,PM_1,PM_25,PM_10
ISO 8601,C,%,%,Lux,dBA,kPa,ppb,ppm,ug/m3,ug/m3,ug/m3
Time,Temperature,Humidity,Battery,Light,Noise dBA,Barometric pressure,VOC Gas CCS811,eCO2 Gas CCS811,PM 1.0,PM 2.5,PM 10.0
,55,56,10,14,53,58,113,112,89,87,88
2023-08-05T00:00:35Z,22.94,61.09,99,0,31.14,101.72,9.00,463.00,null,null,null
2023-08-05T00:01:35Z,22.89,61.13,99,0,29.74,101.72,8.00,459.00,null,null,null
2023-08-05T00:02:35Z,22.91,61.12,99,0,31.38,101.72,9.00,463.00,0,0,0
2023-08-05T00:03:35Z,22.91,61.09,99,0,27.89,101.72,9.00,463.00,null,null,null
2023-08-05T00:04:35Z,22.91,61.07,99,0,29.87,101.72,9.00,463.00,null,null,null
2023-08-05T00:05:35Z,22.92,61.12,99,0,29.68,101.72,9.00,463.00,null,null,null
2023-08-05T00:06:35Z,22.91,61.09,99,0,28.81,101.71,9.00,463.00,null,null,null
2023-08-05T00:07:35Z,22.89,61.04,99,0,31.18,101.72,9.00,463.00,0,0,0
2023-08-05T00:08:35Z,22.89,60.99,99,0,30.99,101.71,9.00,463.00,null,null,null
2023-08-05T00:09:35Z,22.89,60.96,99,0,30.22,101.71,9.00,463.00,null,null,null
2023-08-05T00:10:35Z,22.89,60.99,99,0,28.92,101.72,9.00,463.00,null,null,null
2023-08-05T00:11:35Z,22.91,61.04,99,0,30.88,101.72,8.00,459.00,null,null,null
2023-08-05T00:12:35Z,22.89,61.06,99,0,29.69,101.72,9.00,463.00,0,0,0
2023-08-05T00:13:35Z,22.87,61.07,99,0,29.09,101.72,10.00,466.00,null,null,null
2023-08-05T00:14:35Z,22.88,61.01,99,0,28.63,101.71,9.00,463.00,null,null,null
2023-08-05T00:15:35Z,22.91,61.04,99,0,35.82,101.72,10.00,466.00,null,null,null
2023-08-05T00:16:35Z,22.88,61.02,99,0,29.40,101.72,10.00,466.00,null,null,null
2023-08-05T00:17:35Z,22.87,60.98,99,0,29.18,101.72,10.00,466.00,0,0,0
2023-08-05T00:18:35Z,22.88,61.04,99,0,28.70,101.73,10.00,466.00,null,null,null
2023-08-05T00:19:35Z,22.89,61.05,99,0,39.24,101.72,10.00,466.00,null,null,null
2023-08-05T00:20:35Z,22.87,61.10,99,0,29.33,101.72,10.00,466.00,null,null,null
2023-08-05T00:21:35Z,22.85,61.01,99,0,38.13,101.72,11.00,473.00,null,null,null
2023-08-05T00:22:35Z,22.87,60.94,99,0,28.95,101.72,11.00,473.00,0,0,0
2023-08-05T00:23:35Z,22.87,60.93,99,0,27.69,101.72,11.00,473.00,null,null,null
2023-08-05T00:24:35Z,22.87,61.09,99,0,29.48,101.72,11.00,476.00,null,null,null
2023-08-05T00:25:35Z,22.87,61.14,99,0,32.65,101.72,11.00,476.00,null,null,null
2023-08-05T00:26:35Z,22.85,61.20,99,0,32.07,101.72,12.00,485.00,null,null,null
2023-08-05T00:27:35Z,22.85,61.16,99,0,30.11,101.72,13.00,491.00,0,0,0
2023-08-05T00:28:35Z,22.88,61.14,99,0,29.15,101.73,20.00,537.00,null,null,null
2023-08-05T00:29:35Z,22.87,61.09,99,0,50.03,101.73,30.00,600.00,null,null,null
2023-08-05T00:30:35Z,22.85,61.14,99,0,31.84,101.73,38.00,650.00,null,null,null
2023-08-05T00:31:35Z,22.85,61.23,99,0,42.25,101.73,42.00,682.00,null,null,null
2023-08-05T00:32:35Z,22.87,61.19,99,0,38.00,101.72,45.00,699.00,0,0,0
2023-08-05T00:33:35Z,22.83,61.18,99,0,28.11,101.71,47.00,714.00,null,null,null
2023-08-05T00:34:35Z,22.83,61.14,99,0,28.19,101.71,47.00,714.00,null,null,null
2023-08-05T00:35:35Z,22.85,61.16,99,0,28.25,101.70,49.00,726.00,null,null,null
2023-08-05T00:36:35Z,22.87,61.21,99,0,27.69,101.69,47.00,714.00,null,null,null
2023-08-05T00:37:35Z,22.83,61.29,99,0,29.16,101.69,50.00,733.00,0,0,0
2023-08-05T00:38:35Z,22.85,61.28,99,0,28.61,101.68,47.00,714.00,null,null,null
2023-08-05T00:39:35Z,22.88,61.28,99,0,31.52,101.68,49.00,726.00,null,null,null
2023-08-05T00:40:35Z,22.83,61.34,99,0,30.28,101.68,49.00,726.00,null,null,null
2023-08-05T00:41:35Z,22.85,61.33,99,0,27.78,101.68,50.00,733.00,null,null,null
2023-08-05T00:42:35Z,22.85,61.23,99,0,28.40,101.68,49.00,726.00,0,0,0
2023-08-05T00:43:35Z,22.82,61.31,99,0,29.09,101.68,49.00,726.00,null,null,null
2023-08-05T00:44:35Z,22.85,61.33,99,0,30.27,101.68,49.00,726.00,null,null,null
2023-08-05T00:45:35Z,22.85,61.33,99,0,28.33,101.68,46.00,706.00,null,null,null
2023-08-05T00:46:35Z,22.85,61.40,99,0,29.17,101.67,47.00,714.00,null,null,null
2023-08-05T00:47:35Z,22.83,61.38,99,0,28.20,101.67,49.00,726.00,0,0,0
2023-08-05T00:48:35Z,22.82,61.44,99,0,28.85,101.66,46.00,706.00,null,null,null
2023-08-05T00:49:35Z,22.85,61.42,99,0,29.70,101.66,47.00,714.00,null,null,null
2023-08-05T00:50:35Z,22.82,61.36,99,0,28.89,101.66,47.00,714.00,null,null,null
2023-08-05T00:51:35Z,22.82,61.39,99,0,31.12,101.65,44.00,690.00,null,null,null
2023-08-05T00:52:35Z,22.83,61.38,99,0,29.16,101.65,44.00,690.00,0,0,0
2023-08-05T00:53:35Z,22.83,61.40,99,0,29.05,101.65,42.00,682.00,null,null,null
2023-08-05T00:54:35Z,22.85,61.38,99,0,28.54,101.65,41.00,674.00,null,null,null
2023-08-05T00:55:35Z,22.83,61.35,99,0,30.96,101.64,42.00,682.00,null,null,null
2023-08-05T00:56:35Z,22.82,61.34,99,0,30.39,101.64,41.00,674.00,null,null,null
2023-08-05T00:57:35Z,22.81,61.39,99,0,28.66,101.64,41.00,674.00,0,0,0
2023-08-05T00:58:35Z,22.83,61.46,99,0,28.22,101.63,41.00,674.00,null,null,null
2023-08-05T00:59:35Z,22.82,61.50,99,0,33.74,101.63,40.00,666.00,null,null,null
2023-08-05T01:00:35Z,22.82,61.38,99,0,28.95,101.62,41.00,674.00,null,null,null
2023-08-05T01:01:35Z,22.82,61.39,99,0,28.07,101.62,40.00,666.00,null,null,null
2023-08-05T01:02:35Z,22.81,61.43,99,0,null,101.62,41.00,674.00,0,0,0
2023-08-05T01:03:35Z,22.82,61.40,99,0,28.91,101.62,40.00,666.00,null,null,null
2023-08-05T01:04:35Z,22.82,61.44,99,0,28.15,101.61,41.00,674.00,null,null,null
2023-08-05T01:05:35Z,22.83,61.44,99,0,29.56,101.61,40.00,666.00,null,null,null
2023-08-05T01:06:35Z,22.78,61.40,99,0,null,101.61,40.00,666.00,null,null,null
2023-08-05T01:07:35Z,22.81,61.44,99,0,28.44,101.61,42.00,682.00,0,0,0
2023-08-05T01:08:35Z,22.79,61.46,99,0,30.70,101.60,52.00,742.00,null,null,null
2023-08-05T01:09:35Z,22.81,61.50,99,0,28.89,101.60,58.00,787.00,null,null,null
2023-08-05T01:10:35Z,22.79,61.50,99,0,29.26,101.59,69.00,853.00,null,null,null
2023-08-05T01:11:35Z,22.78,61.51,99,0,28.99,101.60,71.00,870.00,null,null,null
2023-08-05T01:12:35Z,22.79,61.47,99,0,28.36,101.59,73.00,880.00,0,0,0
2023-08-05T01:13:35Z,22.78,61.54,99,0,32.37,101.58,73.00,880.00,null,null,null
2023-08-05T01:14:35Z,22.81,61.54,99,0,28.92,101.58,73.00,880.00,null,null,null
2023-08-05T01:15:35Z,22.81,61.54,99,0,28.33,101.58,69.00,853.00,null,null,null
2023-08-05T01:16:35Z,22.79,61.54,99,0,28.80,101.57,68.00,848.00,null,null,null
2023-08-05T01:17:35Z,22.79,61.51,99,0,34.76,101.57,66.00,838.00,0,0,0
2023-08-05T01:18:35Z,22.76,61.56,99,0,28.76,101.57,66.00,838.00,null,null,null
2023-08-05T01:19:35Z,22.79,61.51,99,0,27.75,101.57,63.00,815.00,null,null,null
2023-08-05T01:20:35Z,22.81,61.55,99,0,29.41,101.57,61.00,806.00,null,null,null
2023-08-05T01:21:35Z,22.76,61.54,99,0,28.58,101.57,60.00,798.00,null,null,null
2023-08-05T01:22:35Z,22.78,61.60,99,0,28.22,101.56,58.00,787.00,0,0,0
2023-08-05T01:23:35Z,22.78,61.53,99,0,29.42,101.57,60.00,798.00,null,null,null
2023-08-05T01:24:35Z,22.78,61.53,99,0,29.18,101.57,58.00,787.00,null,null,null
2023-08-05T01:25:35Z,22.78,61.57,99,0,27.77,101.56,57.00,778.00,null,null,null
2023-08-05T01:26:35Z,22.76,61.60,99,0,29.15,101.56,57.00,778.00,null,null,null
2023-08-05T01:27:35Z,22.76,61.58,99,0,28.63,101.56,54.00,761.00,0,0,0
2023-08-05T01:28:35Z,22.76,61.65,99,0,29.81,101.56,56.00,770.00,null,null,null
2023-08-05T01:29:35Z,22.75,61.64,99,0,29.35,101.56,56.00,770.00,null,null,null
2023-08-05T01:30:35Z,22.76,61.64,99,0,30.31,101.56,56.00,770.00,null,null,null
2023-08-05T01:31:35Z,22.75,61.67,99,0,29.42,101.56,54.00,761.00,null,null,null
2023-08-05T01:32:35Z,22.75,61.64,99,0,28.17,101.56,52.00,742.00,0,0,0
2023-08-05T01:33:35Z,22.76,61.64,99,0,28.14,101.56,53.00,752.00,null,null,null
2023-08-05T01:34:35Z,22.76,61.59,99,0,27.77,101.56,52.00,742.00,null,null,null
2023-08-05T01:35:35Z,22.75,61.64,99,0,28.42,101.55,49.00,726.00,null,null,null
2023-08-05T01:36:35Z,22.74,61.60,99,0,28.37,101.55,50.00,733.00,null,null,null
2023-08-05T01:37:35Z,22.76,61.68,99,0,28.68,101.55,62.00,808.00,0,0,0
2023-08-05T01:38:35Z,22.75,61.61,99,0,29.09,101.56,49.00,726.00,null,null,null
2023-08-05T01:39:35Z,22.72,61.60,99,0,28.37,101.56,46.00,706.00,null,null,null
2023-08-05T01:40:35Z,22.75,61.65,99,0,30.38,101.56,59.00,791.00,null,null,null
2023-08-05T01:41:35Z,22.75,61.66,99,0,28.74,101.57,49.00,726.00,null,null,null
2023-08-05T01:42:35Z,22.74,61.74,99,0,31.67,101.57,46.00,706.00,0,0,0
2023-08-05T01:43:35Z,22.72,61.69,99,0,28.06,101.56,57.00,780.00,null,null,null
2023-08-05T01:44:35Z,22.74,61.60,99,0,28.47,101.56,56.00,772.00,null,null,null
2023-08-05T01:45:35Z,22.74,61.70,99,0,29.09,101.56,56.00,772.00,null,null,null
2023-08-05T01:46:35Z,22.72,61.78,99,0,27.99,101.56,55.00,763.00,null,null,null
2023-08-05T01:47:35Z,22.72,61.70,99,0,29.15,101.55,54.00,757.00,0,0,0
2023-08-05T01:48:35Z,22.71,61.75,99,0,29.13,101.55,55.00,763.00,null,null,null
2023-08-05T01:49:35Z,22.74,61.73,99,0,30.12,101.54,54.00,757.00,null,null,null
2023-08-05T01:50:35Z,22.74,61.72,99,0,28.07,101.54,55.00,763.00,null,null,null
2023-08-05T01:51:35Z,22.72,61.82,99,0,31.63,101.53,55.00,763.00,null,null,null
2023-08-05T01:52:35Z,22.72,61.79,99,0,27.92,101.53,53.00,748.00,0,0,0
2023-08-05T01:53:35Z,22.76,61.77,99,0,30.62,101.53,54.00,757.00,null,null,null
2023-08-05T01:54:35Z,22.71,61.74,99,0,29.53,101.53,41.00,675.00,null,null,null
2023-08-05T01:55:35Z,22.72,61.79,99,0,30.48,101.52,53.00,754.00,null,null,null
2023-08-05T01:56:35Z,22.72,61.84,99,0,29.21,101.52,53.00,748.00,null,null,null
2023-08-05T01:57:35Z,22.74,61.86,99,0,28.61,101.51,50.00,732.00,0,0,0
2023-08-05T01:58:35Z,22.71,61.83,99,0,30.89,101.51,51.00,740.00,null,null,null
2023-08-05T01:59:35Z,22.72,61.77,99,0,29.72,101.51,50.00,732.00,null,null,null
2023-08-05T02:00:35Z,22.72,61.83,99,0,29.76,101.51,50.00,732.00,null,null,null
2023-08-05T02:01:35Z,22.71,61.87,99,0,28.81,101.51,48.00,719.00,null,null,null
2023-08-05T02:02:35Z,22.71,61.88,99,0,28.87,101.50,48.00,719.00,0,0,0
2023-08-05T02:03:35Z,22.71,61.87,99,0,27.78,101.50,47.00,712.00,null,null,null
2023-08-05T02:04:35Z,22.75,61.81,99,0,30.62,101.49,48.00,719.00,null,null,null
2023-08-05T02:05:35Z,22.72,61.83,99,0,28.83,101.49,38.00,652.00,null,null,null
2023-08-05T02:06:35Z,22.69,61.83,99,0,29.05,101.49,47.00,712.00,null,null,null
2023-08-05T02:07:35Z,22.71,61.86,99,0,30.22,101.48,47.00,712.00,0,0,0
2023-08-05T02:08:35Z,22.69,61.83,99,0,27.71,101.48,46.00,704.00,null,null,null
2023-08-05T02:09:35Z,22.71,61.80,99,0,30.71,101.48,46.00,704.00,null,null,null
2023-08-05T02:10:35Z,22.72,61.79,99,0,30.41,101.47,46.00,704.00,null,null,null
2023-08-05T02:11:35Z,22.74,61.78,99,0,28.47,101.47,43.00,688.00,null,null,null
2023-08-05T02:12:35Z,22.67,61.78,99,0,29.96,101.47,45.00,697.00,0,0,0
2023-08-05T02:13:35Z,22.68,61.77,99,0,28.81,101.47,42.00,679.00,null,null,null
2023-08-05T02:14:35Z,22.69,61.78,99,0,29.00,101.47,43.00,688.00,null,null,null
2023-08-05T02:15:35Z,22.69,61.75,99,0,28.68,101.48,43.00,688.00,null,null,null
2023-08-05T02:16:35Z,22.69,61.81,99,0,28.31,101.48,42.00,679.00,null,null,null
2023-08-05T02:17:35Z,22.69,61.82,99,0,31.51,101.48,42.00,679.00,0,0,0
2023-08-05T02:18:35Z,22.67,61.82,99,0,28.58,101.48,42.00,679.00,null,null,null
2023-08-05T02:19:35Z,22.67,61.77,99,0,28.51,101.48,42.00,679.00,null,null,null
2023-08-05T02:20:35Z,22.67,61.78,99,0,29.38,101.48,41.00,672.00,null,null,null
2023-08-05T02:21:35Z,22.67,61.80,99,0,29.22,101.49,41.00,672.00,null,null,null
2023-08-05T02:22:35Z,22.65,61.85,99,0,28.36,101.48,41.00,672.00,0,0,0
2023-08-05T02:23:35Z,22.67,61.85,99,0,28.20,101.48,41.00,672.00,null,null,null
2023-08-05T02:24:35Z,22.67,61.85,99,0,28.57,101.47,41.00,672.00,null,null,null
2023-08-05T02:25:35Z,22.65,61.83,99,0,30.36,101.47,41.00,672.00,null,null,null
2023-08-05T02:26:35Z,22.67,61.86,99,0,30.07,101.47,41.00,672.00,null,null,null
2023-08-05T02:27:35Z,22.65,61.95,99,0,28.19,101.47,40.00,665.00,0,0,0
2023-08-05T02:28:35Z,22.64,61.89,99,0,29.69,101.47,40.00,665.00,null,null,null
2023-08-05T02:29:35Z,22.68,61.87,99,0,28.27,101.46,39.00,656.00,null,null,null
2023-08-05T02:30:35Z,22.65,61.89,99,0,28.44,101.46,37.00,649.00,null,null,null
2023-08-05T02:31:35Z,22.65,61.92,99,0,30.80,101.47,39.00,656.00,null,null,null
2023-08-05T02:32:35Z,22.65,61.92,99,0,29.17,101.46,39.00,656.00,0,0,0
2023-08-05T02:33:35Z,22.64,61.92,99,0,28.15,101.46,37.00,649.00,null,null,null
2023-08-05T02:34:35Z,22.67,61.95,99,0,29.17,101.46,39.00,656.00,null,null,null
2023-08-05T02:35:35Z,22.67,61.94,99,0,31.22,101.46,39.00,656.00,null,null,null
2023-08-05T02:36:35Z,22.64,61.95,99,0,28.40,101.46,37.00,649.00,null,null,null
2023-08-05T02:37:35Z,22.64,61.93,99,0,28.40,101.46,37.00,649.00,0,0,0
2023-08-05T02:38:35Z,22.64,61.93,99,0,29.30,101.46,37.00,649.00,null,null,null
2023-08-05T02:39:35Z,22.65,61.88,99,0,31.21,101.46,35.00,634.00,null,null,null
2023-08-05T02:40:35Z,22.61,61.99,99,0,28.63,101.46,36.00,641.00,null,null,null
2023-08-05T02:41:35Z,22.62,62.03,99,0,29.44,101.46,37.00,649.00,null,null,null
2023-08-05T02:42:35Z,22.64,62.02,99,0,28.73,101.46,35.00,634.00,0,0,0
2023-08-05T02:43:35Z,22.64,62.07,99,0,43.37,101.46,36.00,641.00,null,null,null
2023-08-05T02:44:35Z,22.62,62.05,99,0,34.95,101.46,36.00,641.00,null,null,null
2023-08-05T02:45:35Z,22.64,62.08,99,0,28.83,101.46,36.00,641.00,null,null,null
2023-08-05T02:46:35Z,22.61,62.18,99,0,28.57,101.46,36.00,641.00,null,null,null
2023-08-05T02:47:35Z,22.61,62.15,99,0,28.34,101.46,36.00,641.00,0,0,0
2023-08-05T02:48:35Z,22.62,62.12,99,0,28.77,101.46,35.00,634.00,null,null,null
2023-08-05T02:49:35Z,22.62,62.13,99,0,28.68,101.45,34.00,627.00,null,null,null
2023-08-05T02:50:35Z,22.65,62.11,99,0,28.99,101.45,34.00,627.00,null,null,null
2023-08-05T02:51:35Z,22.62,62.17,99,0,28.57,101.44,34.00,627.00,null,null,null
2023-08-05T02:52:35Z,22.62,62.22,99,0,28.52,101.44,34.00,627.00,0,0,0
2023-08-05T02:53:35Z,22.61,62.19,99,0,30.19,101.44,34.00,627.00,null,null,null
2023-08-05T02:54:35Z,22.61,62.23,99,0,30.32,101.44,33.00,620.00,null,null,null
2023-08-05T02:55:35Z,22.62,62.17,99,0,29.15,101.43,33.00,620.00,null,null,null
2023-08-05T02:56:35Z,22.61,62.12,99,0,29.35,101.43,33.00,620.00,null,null,null
2023-08-05T02:57:35Z,22.61,62.16,99,0,29.32,101.43,32.00,615.00,0,0,0
2023-08-05T02:58:35Z,22.62,62.14,99,0,28.84,101.43,32.00,615.00,null,null,null
2023-08-05T02:59:35Z,22.60,62.17,99,0,28.36,101.43,32.00,615.00,null,null,null
