TIME,TEMP,HUM,BATT,LIGHT,NOISE_A,PRESS,CCS811_VOCS,CCS811_ECO2,PM_1,PM_25,PM_10
ISO 8601,C,%,%,Lux,dBA,kPa,ppb,ppm,ug/m3,ug/m3,ug/m3
Time,Temperature,Humidity,Battery,Light,Noise dBA,Barometric pressure,VOC Gas CCS811,eCO2 Gas CCS811,PM 1.0,PM 2.5,PM 10.0
,55,56,10,14,53,58,113,112,89,87,88
2023-08-12T00:00:01Z,25.46,63.13,99,0,36.27,101.67,25.00,565.00,0,0,0
2023-08-12T00:01:01Z,25.50,63.13,99,0,29.30,101.67,25.00,569.00,null,null,null
2023-08-12T00:02:01Z,25.52,63.11,99,0,29.57,101.68,25.00,569.00,null,null,null
2023-08-12T00:03:01Z,25.48,63.11,99,0,30.81,101.67,25.00,565.00,null,null,null
2023-08-12T00:04:01Z,25.50,63.10,99,0,31.07,101.68,25.00,565.00,null,null,null
2023-08-12T00:05:01Z,25.49,63.10,99,0,30.68,101.67,23.00,556.00,0,0,0
2023-08-12T00:06:01Z,25.49,63.03,99,0,29.68,101.67,23.00,551.00,null,null,null
2023-08-12T00:07:01Z,25.48,63.10,99,0,28.85,101.67,23.00,551.00,null,null,null
2023-08-12T00:08:01Z,25.48,62.81,99,0,28.76,101.67,22.00,546.00,null,null,null
2023-08-12T00:09:01Z,25.46,62.89,99,0,30.56,101.66,21.00,540.00,null,null,null
2023-08-12T00:10:01Z,25.46,62.98,99,0,29.63,101.67,20.00,537.00,0,0,0
2023-08-12T00:11:01Z,25.46,63.06,99,0,31.75,101.67,20.00,537.00,null,null,null
2023-08-12T00:12:01Z,25.48,63.08,99,0,29.36,101.67,19.00,529.00,null,null,null
2023-08-12T00:13:01Z,25.48,63.09,99,0,30.78,101.68,20.00,537.00,null,null,null
2023-08-12T00:14:01Z,25.48,63.06,99,0,29.70,101.68,20.00,537.00,null,null,null
2023-08-12T00:15:01Z,25.46,63.09,99,0,28.81,101.67,20.00,537.00,0,0,0
2023-08-12T00:16:01Z,25.46,63.08,99,0,28.55,101.66,20.00,537.00,null,null,null
2023-08-12T00:17:01Z,25.45,63.03,99,0,28.84,101.66,20.00,537.00,null,null,null
2023-08-12T00:18:01Z,25.46,63.00,99,0,30.45,101.66,19.00,529.00,null,null,null
2023-08-12T00:19:01Z,25.45,63.06,99,0,30.04,101.66,19.00,529.00,null,null,null
2023-08-12T00:20:01Z,25.43,63.03,99,0,29.41,101.66,19.00,529.00,0,0,0
2023-08-12T00:21:01Z,25.48,63.06,99,0,31.27,101.66,19.00,529.00,null,null,null
2023-08-12T00:22:01Z,25.45,62.99,99,0,29.62,101.66,19.00,529.00,null,null,null
2023-08-12T00:23:01Z,25.46,62.94,99,0,29.36,101.66,19.00,526.00,null,null,null
2023-08-12T00:24:01Z,25.45,62.78,99,0,29.77,101.65,18.00,519.00,null,null,null
2023-08-12T00:25:01Z,25.42,62.65,99,0,30.36,101.65,18.00,519.00,0,0,0
2023-08-12T00:26:01Z,25.42,62.64,99,0,28.61,101.66,17.00,517.00,null,null,null
2023-08-12T00:27:01Z,25.45,62.73,99,0,28.81,101.65,17.00,517.00,null,null,null
2023-08-12T00:28:01Z,25.43,62.83,99,0,29.58,101.65,15.00,505.00,null,null,null
2023-08-12T00:29:01Z,25.41,62.81,99,0,29.47,101.65,15.00,500.00,null,null,null
2023-08-12T00:30:01Z,25.42,62.78,99,0,29.98,101.65,15.00,500.00,0,0,0
2023-08-12T00:31:01Z,25.42,62.91,99,0,29.31,101.65,15.00,500.00,null,null,null
2023-08-12T00:32:01Z,25.42,62.78,99,0,30.48,101.65,15.00,500.00,null,null,null
2023-08-12T00:33:01Z,25.39,62.75,99,0,30.24,101.65,14.00,496.00,null,null,null
2023-08-12T00:34:01Z,25.41,62.80,99,0,29.51,101.64,14.00,496.00,null,null,null
2023-08-12T00:35:01Z,25.39,62.91,99,0,34.28,101.64,14.00,496.00,0,0,0
2023-08-12T00:36:01Z,25.39,62.97,99,0,28.84,101.64,14.00,496.00,null,null,null
2023-08-12T00:37:01Z,25.39,62.92,99,0,29.80,101.64,14.00,496.00,null,null,null
2023-08-12T00:38:01Z,25.39,62.99,99,0,30.20,101.64,14.00,496.00,null,null,null
2023-08-12T00:39:01Z,25.38,62.97,99,0,29.64,101.64,14.00,496.00,null,null,null
2023-08-12T00:40:01Z,25.39,62.93,99,0,30.88,101.64,14.00,496.00,0,0,0
2023-08-12T00:41:01Z,25.41,63.04,99,0,29.64,101.64,14.00,496.00,null,null,null
2023-08-12T00:42:01Z,25.39,63.02,99,0,31.44,101.64,14.00,496.00,null,null,null
2023-08-12T00:43:01Z,25.38,62.99,99,0,30.55,101.65,14.00,496.00,null,null,null
2023-08-12T00:44:01Z,25.36,62.92,99,0,29.92,101.65,14.00,493.00,null,null,null
2023-08-12T00:45:01Z,25.38,62.86,99,0,29.46,101.65,13.00,487.00,0,0,0
2023-08-12T00:46:01Z,25.38,62.97,99,0,29.26,101.64,13.00,487.00,null,null,null
2023-08-12T00:47:01Z,25.36,62.97,99,0,30.60,101.64,13.00,487.00,null,null,null
2023-08-12T00:48:01Z,25.38,62.94,99,0,29.47,101.64,13.00,487.00,null,null,null
2023-08-12T00:49:01Z,25.36,63.00,99,0,28.83,101.65,12.00,483.00,null,null,null
2023-08-12T00:50:01Z,25.38,63.01,99,0,29.76,101.64,13.00,487.00,0,0,0
2023-08-12T00:51:01Z,25.38,62.72,99,0,29.92,101.65,13.00,487.00,null,null,null
2023-08-12T00:52:01Z,25.38,62.78,99,0,29.58,101.64,12.00,483.00,null,null,null
2023-08-12T00:53:01Z,25.36,62.88,99,0,30.01,101.64,11.00,478.00,null,null,null
2023-08-12T00:54:01Z,25.35,63.02,99,0,29.32,101.64,11.00,478.00,null,null,null
2023-08-12T00:55:01Z,25.36,63.03,99,0,28.74,101.64,11.00,478.00,0,0,0
2023-08-12T00:56:01Z,25.35,63.01,99,0,29.58,101.64,11.00,478.00,null,null,null
2023-08-12T00:57:01Z,25.36,62.76,99,0,29.33,101.64,11.00,478.00,null,null,null
2023-08-12T00:58:01Z,25.36,62.81,99,0,28.66,101.65,11.00,475.00,null,null,null
2023-08-12T00:59:01Z,25.32,62.68,99,0,31.43,101.65,11.00,475.00,null,null,null
2023-08-12T01:00:01Z,25.34,62.83,99,0,29.96,101.64,11.00,475.00,0,0,0
2023-08-12T01:01:01Z,25.32,62.90,99,0,31.92,101.64,10.00,466.00,null,null,null
2023-08-12T01:02:01Z,25.34,62.94,99,0,29.68,101.64,10.00,466.00,null,null,null
2023-08-12T01:03:01Z,25.32,62.87,99,0,33.77,101.64,10.00,466.00,null,null,null
2023-08-12T01:04:01Z,25.32,62.94,99,0,31.07,101.63,11.00,475.00,null,null,null
2023-08-12T01:05:01Z,25.29,62.94,99,0,28.50,101.64,10.00,466.00,0,0,0
2023-08-12T01:06:01Z,25.34,62.95,99,0,29.60,101.64,10.00,466.00,null,null,null
2023-08-12T01:07:01Z,25.34,62.99,99,0,29.49,101.64,11.00,475.00,null,null,null
2023-08-12T01:08:01Z,25.31,62.99,99,0,30.43,101.64,11.00,475.00,null,null,null
2023-08-12T01:09:01Z,25.32,63.03,99,0,30.39,101.64,11.00,475.00,null,null,null
2023-08-12T01:10:01Z,25.28,63.08,99,0,29.56,101.63,11.00,475.00,0,0,0
2023-08-12T01:11:01Z,25.29,63.07,99,0,29.64,101.64,11.00,475.00,null,null,null
2023-08-12T01:12:01Z,25.31,63.05,99,0,29.56,101.64,11.00,475.00,null,null,null
2023-08-12T01:13:01Z,25.28,63.00,99,0,29.92,101.64,11.00,475.00,null,null,null
2023-08-12T01:14:01Z,25.29,63.05,99,0,29.16,101.64,11.00,475.00,null,null,null
2023-08-12T01:15:01Z,25.29,63.05,99,0,29.91,101.63,11.00,475.00,0,0,0
2023-08-12T01:16:01Z,25.29,63.06,99,0,29.35,101.63,11.00,475.00,null,null,null
2023-08-12T01:17:01Z,25.31,63.10,99,0,29.64,101.63,11.00,478.00,null,null,null
2023-08-12T01:18:01Z,25.34,63.11,99,0,28.55,101.62,11.00,478.00,null,null,null
2023-08-12T01:19:01Z,25.28,63.08,99,0,29.97,101.62,11.00,478.00,null,null,null
2023-08-12T01:20:01Z,25.29,63.00,99,0,30.95,101.62,11.00,478.00,0,0,0
2023-08-12T01:21:01Z,25.29,63.03,99,0,29.07,101.62,11.00,478.00,null,null,null
2023-08-12T01:22:01Z,25.28,63.02,99,0,28.15,101.62,11.00,478.00,null,null,null
2023-08-12T01:23:01Z,25.29,63.05,99,0,29.25,101.62,11.00,478.00,null,null,null
2023-08-12T01:24:01Z,25.32,63.04,99,0,39.07,101.63,11.00,478.00,null,null,null
2023-08-12T01:25:01Z,25.29,63.03,99,0,30.40,101.63,12.00,483.00,0,0,0
2023-08-12T01:26:01Z,25.29,63.03,99,0,28.88,101.63,11.00,478.00,null,null,null
2023-08-12T01:27:01Z,25.29,63.05,99,0,30.19,101.64,11.00,478.00,null,null,null
2023-08-12T01:28:01Z,25.29,62.92,99,0,28.44,101.63,11.00,478.00,null,null,null
2023-08-12T01:29:01Z,25.28,62.97,99,0,28.71,101.63,11.00,478.00,null,null,null
2023-08-12T01:30:01Z,25.27,62.98,99,0,28.66,101.63,11.00,475.00,0,0,0
2023-08-12T01:31:01Z,25.31,63.01,99,0,29.26,101.63,11.00,475.00,null,null,null
2023-08-12T01:32:01Z,25.29,62.95,99,0,29.56,101.63,11.00,478.00,null,null,null
2023-08-12T01:33:01Z,25.28,62.94,99,0,29.53,101.63,11.00,478.00,null,null,null
2023-08-12T01:34:01Z,25.27,62.89,99,0,28.45,101.62,11.00,478.00,null,null,null
2023-08-12T01:35:01Z,25.27,62.88,99,0,30.22,101.63,11.00,478.00,0,0,0
2023-08-12T01:36:01Z,25.28,62.87,99,0,29.32,101.63,11.00,478.00,null,null,null
2023-08-12T01:37:01Z,25.25,62.90,99,0,29.30,101.63,11.00,478.00,null,null,null
2023-08-12T01:38:01Z,25.28,62.89,99,0,29.98,101.63,11.00,478.00,null,null,null
2023-08-12T01:39:01Z,25.25,62.88,99,0,29.32,101.63,11.00,475.00,null,null,null
2023-08-12T01:40:01Z,25.24,62.83,99,0,29.78,101.63,11.00,475.00,0,0,0
2023-08-12T01:41:01Z,25.25,62.73,99,0,29.41,101.63,16.00,506.00,null,null,null
2023-08-12T01:42:01Z,25.27,62.78,99,0,28.93,101.63,12.00,480.00,null,null,null
2023-08-12T01:43:01Z,25.28,62.87,99,0,28.66,101.62,11.00,475.00,null,null,null
2023-08-12T01:44:01Z,25.27,62.88,99,0,29.04,101.62,11.00,478.00,null,null,null
2023-08-12T01:45:01Z,25.25,62.77,99,0,28.85,101.62,11.00,478.00,0,0,0
2023-08-12T01:46:01Z,25.25,62.78,99,0,30.09,101.62,11.00,475.00,null,null,null
2023-08-12T01:47:01Z,25.24,62.80,99,0,31.39,101.62,11.00,478.00,null,null,null
2023-08-12T01:48:01Z,25.22,62.83,99,0,28.54,101.62,18.00,520.00,null,null,null
2023-08-12T01:49:01Z,25.24,62.77,99,0,29.21,101.62,18.00,520.00,null,null,null
2023-08-12T01:50:01Z,25.21,62.82,99,0,29.28,101.62,18.00,520.00,0,0,0
2023-08-12T01:51:01Z,25.21,62.83,99,0,29.72,101.62,16.00,506.00,null,null,null
2023-08-12T01:52:01Z,25.25,62.78,99,0,29.62,101.62,17.00,517.00,null,null,null
2023-08-12T01:53:01Z,25.24,62.85,99,0,35.04,101.62,11.00,475.00,null,null,null
2023-08-12T01:54:01Z,25.24,62.80,99,0,null,101.62,17.00,517.00,null,null,null
2023-08-12T01:55:01Z,25.21,62.86,99,0,29.99,101.62,17.00,517.00,0,0,0
2023-08-12T01:56:01Z,25.22,62.77,99,0,30.86,101.62,16.00,506.00,null,null,null
2023-08-12T01:57:01Z,25.21,62.75,99,0,30.43,101.62,17.00,517.00,null,null,null
2023-08-12T01:58:01Z,25.21,62.76,99,0,28.45,101.62,17.00,517.00,null,null,null
2023-08-12T01:59:01Z,25.22,62.77,99,0,30.10,101.62,17.00,517.00,null,null,null
2023-08-12T02:00:01Z,25.19,62.73,99,0,28.89,101.63,17.00,517.00,0,0,0
2023-08-12T02:01:01Z,25.22,62.78,99,0,30.17,101.62,17.00,517.00,null,null,null
2023-08-12T02:02:01Z,25.22,62.77,99,0,28.27,101.62,17.00,517.00,null,null,null
2023-08-12T02:03:01Z,25.22,62.80,99,0,30.60,101.62,18.00,520.00,null,null,null
2023-08-12T02:04:01Z,25.22,62.67,99,0,29.21,101.62,18.00,520.00,null,null,null
2023-08-12T02:05:01Z,25.21,62.75,99,0,31.42,101.62,18.00,523.00,0,0,0
2023-08-12T02:06:01Z,25.19,62.64,99,0,29.25,101.62,16.00,506.00,null,null,null
2023-08-12T02:07:01Z,25.19,62.50,99,0,29.13,101.62,18.00,523.00,null,null,null
2023-08-12T02:08:01Z,25.21,62.48,99,0,30.39,101.62,18.00,523.00,null,null,null
2023-08-12T02:09:01Z,25.15,62.55,99,0,28.95,101.62,17.00,517.00,null,null,null
2023-08-12T02:10:01Z,25.17,62.70,99,0,29.89,101.62,17.00,517.00,0,0,0
2023-08-12T02:11:01Z,25.17,62.75,99,0,29.21,101.62,17.00,514.00,null,null,null
2023-08-12T02:12:01Z,25.18,62.71,99,0,31.42,101.62,15.00,503.00,null,null,null
2023-08-12T02:13:01Z,25.18,62.76,99,0,30.28,101.62,17.00,517.00,null,null,null
2023-08-12T02:14:01Z,25.18,62.66,99,0,31.88,101.62,17.00,517.00,null,null,null
2023-08-12T02:15:01Z,25.17,62.67,99,0,29.18,101.61,17.00,517.00,0,0,0
2023-08-12T02:16:01Z,25.15,62.73,99,0,27.85,101.61,17.00,517.00,null,null,null
2023-08-12T02:17:01Z,25.17,62.76,99,0,28.47,101.62,18.00,523.00,null,null,null
2023-08-12T02:18:01Z,25.14,62.54,99,0,29.26,101.61,17.00,517.00,null,null,null
2023-08-12T02:19:01Z,25.15,62.63,99,0,29.22,101.62,17.00,517.00,null,null,null
2023-08-12T02:20:01Z,25.15,62.76,99,0,29.00,101.61,17.00,517.00,0,0,0
2023-08-12T02:21:01Z,25.14,62.80,99,0,36.05,101.61,15.00,503.00,null,null,null
2023-08-12T02:22:01Z,25.13,62.71,99,0,35.44,101.61,16.00,506.00,null,null,null
2023-08-12T02:23:01Z,25.15,62.79,99,0,35.66,101.61,18.00,523.00,null,null,null
2023-08-12T02:24:01Z,25.15,62.73,99,0,35.16,101.61,16.00,506.00,null,null,null
2023-08-12T02:25:01Z,25.13,62.76,99,0,35.07,101.61,17.00,517.00,0,0,0
2023-08-12T02:26:01Z,25.13,62.79,99,0,30.29,101.61,17.00,517.00,null,null,null
2023-08-12T02:27:01Z,25.13,62.75,99,0,29.88,101.61,17.00,517.00,null,null,null
2023-08-12T02:28:01Z,25.15,62.75,99,0,31.18,101.61,17.00,517.00,null,null,null
2023-08-12T02:29:01Z,25.11,62.72,99,0,28.54,101.61,17.00,517.00,null,null,null
2023-08-12T02:30:01Z,25.13,62.69,99,0,28.83,101.60,17.00,517.00,0,0,0
2023-08-12T02:31:01Z,25.14,62.75,99,0,29.70,101.60,18.00,523.00,null,null,null
2023-08-12T02:32:01Z,25.14,62.73,99,0,29.22,101.61,17.00,517.00,null,null,null
2023-08-12T02:33:01Z,25.14,62.77,99,0,29.07,101.61,18.00,523.00,null,null,null
2023-08-12T02:34:01Z,25.13,62.67,99,0,28.83,101.60,17.00,517.00,null,null,null
2023-08-12T02:35:01Z,25.13,62.67,99,0,28.47,101.60,18.00,523.00,0,0,0
2023-08-12T02:36:01Z,25.13,62.71,99,0,29.28,101.60,17.00,517.00,null,null,null
2023-08-12T02:37:01Z,25.14,62.78,99,0,34.78,101.60,19.00,527.00,null,null,null
2023-08-12T02:38:01Z,25.13,62.73,99,0,29.43,101.60,18.00,520.00,null,null,null
2023-08-12T02:39:01Z,25.11,62.77,99,0,29.56,101.60,20.00,533.00,null,null,null
2023-08-12T02:40:01Z,25.08,62.76,99,0,29.53,101.60,19.00,527.00,0,0,0
2023-08-12T02:41:01Z,25.10,62.78,99,0,29.81,101.60,19.00,527.00,null,null,null
2023-08-12T02:42:01Z,25.10,62.78,99,0,32.24,101.60,19.00,527.00,null,null,null
2023-08-12T02:43:01Z,25.11,62.69,99,0,29.22,101.60,17.00,517.00,null,null,null
2023-08-12T02:44:01Z,25.11,62.73,99,0,29.47,101.60,18.00,523.00,null,null,null
2023-08-12T02:45:01Z,25.10,62.70,99,0,29.60,101.60,18.00,523.00,0,0,0
2023-08-12T02:46:01Z,25.10,62.55,99,0,29.44,101.60,17.00,517.00,null,null,null
2023-08-12T02:47:01Z,25.08,62.74,99,0,30.03,101.60,17.00,517.00,null,null,null
2023-08-12T02:48:01Z,25.11,62.69,99,0,29.17,101.61,17.00,514.00,null,null,null
2023-08-12T02:49:01Z,25.08,62.77,99,0,28.55,101.60,17.00,514.00,null,null,null
2023-08-12T02:50:01Z,25.08,62.79,99,0,28.73,101.60,16.00,506.00,0,0,0
2023-08-12T02:51:01Z,25.11,62.73,99,0,29.47,101.61,16.00,506.00,null,null,null
2023-08-12T02:52:01Z,25.10,62.75,99,0,29.41,101.62,17.00,517.00,null,null,null
2023-08-12T02:53:01Z,25.11,62.75,99,0,29.41,101.62,16.00,506.00,null,null,null
2023-08-12T02:54:01Z,25.10,62.76,99,0,30.76,101.62,17.00,517.00,null,null,null
2023-08-12T02:55:01Z,25.05,62.75,99,0,29.11,101.62,16.00,506.00,0,0,0
2023-08-12T02:56:01Z,25.10,62.86,99,0,28.77,101.62,16.00,506.00,null,null,null
2023-08-12T02:57:01Z,25.07,62.69,99,0,28.58,101.63,16.00,506.00,null,null,null
2023-08-12T02:58:01Z,25.07,62.71,99,0,31.31,101.62,17.00,517.00,null,null,null
2023-08-12T02:59:01Z,25.07,62.79,99,0,28.89,101.62,17.00,517.00,null,null,null
