TIME,TEMP,HUM,BATT,LIGHT,NOISE_A,PRESS,CCS811_VOCS,CCS811_ECO2,PM_1,PM_25,PM_10
ISO 8601,C,%,%,Lux,dBA,kPa,ppb,ppm,ug/m3,ug/m3,ug/m3
Time,Temperature,Humidity,Battery,Light,Noise dBA,Barometric pressure,VOC Gas CCS811,eCO2 Gas CCS811,PM 1.0,PM 2.5,PM 10.0
,55,56,10,14,53,58,113,112,89,87,88
2023-09-23T00:00:03Z,21.53,58.89,54,0,27.42,100.71,25.00,565.00,0,0,0
2023-09-23T00:01:03Z,21.55,58.73,53,0,24.35,100.71,23.00,553.00,null,null,null
2023-09-23T00:02:03Z,21.55,58.77,54,0,27.14,100.72,25.00,569.00,null,null,null
2023-09-23T00:03:03Z,21.54,58.81,53,0,21.92,100.72,23.00,556.00,null,null,null
2023-09-23T00:04:03Z,21.51,58.90,54,0,28.61,100.72,25.00,565.00,null,null,null
2023-09-23T00:05:03Z,21.49,58.90,53,0,29.33,100.72,23.00,556.00,0,0,0
2023-09-23T00:06:03Z,21.54,58.79,53,0,28.70,100.72,25.00,565.00,null,null,null
2023-09-23T00:07:03Z,21.54,58.82,53,0,28.47,100.72,23.00,556.00,null,null,null
2023-09-23T00:08:03Z,21.48,58.82,53,0,27.53,100.72,23.00,556.00,null,null,null
2023-09-23T00:09:03Z,21.49,58.84,53,0,28.74,100.72,25.00,565.00,null,null,null
2023-09-23T00:10:03Z,21.51,58.88,53,0,26.19,100.73,23.00,556.00,0,0,0
2023-09-23T00:11:03Z,21.51,58.81,53,0,27.96,100.73,23.00,556.00,null,null,null
2023-09-23T00:12:03Z,21.51,58.80,53,0,24.46,100.73,23.00,556.00,null,null,null
2023-09-23T00:13:03Z,21.49,58.82,53,0,26.50,100.73,23.00,553.00,null,null,null
2023-09-23T00:14:03Z,21.47,58.81,53,0,26.26,100.73,23.00,556.00,null,null,null
2023-09-23T00:15:03Z,21.48,58.89,53,0,28.39,100.73,23.00,556.00,0,0,0
2023-09-23T00:16:03Z,21.48,58.80,53,0,25.38,100.74,23.00,556.00,null,null,null
2023-09-23T00:17:03Z,21.49,58.80,53,0,24.93,100.73,23.00,553.00,null,null,null
2023-09-23T00:18:03Z,21.48,58.82,53,0,28.01,100.74,23.00,556.00,null,null,null
2023-09-23T00:19:03Z,21.48,58.83,53,0,28.22,100.74,23.00,556.00,null,null,null
2023-09-23T00:20:03Z,21.47,58.89,53,0,29.17,100.74,23.00,556.00,0,0,0
2023-09-23T00:21:03Z,21.48,58.74,53,0,28.77,100.74,23.00,553.00,null,null,null
2023-09-23T00:22:03Z,21.49,58.80,53,0,28.55,100.74,24.00,564.00,null,null,null
2023-09-23T00:23:03Z,21.48,58.82,53,0,26.14,100.74,23.00,556.00,null,null,null
2023-09-23T00:24:03Z,21.47,58.82,53,0,33.27,100.75,23.00,553.00,null,null,null
2023-09-23T00:25:03Z,21.47,58.84,53,0,26.31,100.75,23.00,553.00,0,0,0
2023-09-23T00:26:03Z,21.45,58.77,53,0,26.29,100.75,23.00,553.00,null,null,null
2023-09-23T00:27:03Z,21.44,58.84,53,0,27.71,100.75,23.00,556.00,null,null,null
2023-09-23T00:28:03Z,21.45,58.81,53,0,26.41,100.75,23.00,553.00,null,null,null
2023-09-23T00:29:03Z,21.44,58.81,53,0,29.46,100.75,23.00,553.00,null,null,null
2023-09-23T00:30:03Z,21.42,58.86,53,0,28.22,100.75,23.00,553.00,0,0,0
2023-09-23T00:31:03Z,21.45,58.78,53,0,32.87,100.76,23.00,553.00,null,null,null
2023-09-23T00:32:03Z,21.44,58.79,53,0,38.06,100.75,23.00,553.00,null,null,null
2023-09-23T00:33:03Z,21.44,58.81,53,0,27.34,100.75,23.00,553.00,null,null,null
2023-09-23T00:34:03Z,21.44,58.82,53,0,25.38,100.75,23.00,553.00,null,null,null
2023-09-23T00:35:03Z,21.42,58.87,53,0,32.70,100.75,23.00,553.00,0,0,0
2023-09-23T00:36:03Z,21.42,58.73,53,0,27.66,100.75,23.00,553.00,null,null,null
2023-09-23T00:37:03Z,21.42,58.74,53,0,27.45,100.75,24.00,560.00,null,null,null
2023-09-23T00:38:03Z,21.42,58.83,53,0,26.73,100.75,24.00,560.00,null,null,null
2023-09-23T00:39:03Z,21.40,58.83,53,0,27.04,100.75,23.00,553.00,null,null,null
2023-09-23T00:40:03Z,21.41,58.87,53,0,28.06,100.75,23.00,553.00,0,0,0
2023-09-23T00:41:03Z,21.41,58.71,53,0,30.26,100.75,23.00,553.00,null,null,null
2023-09-23T00:42:03Z,21.40,58.80,53,0,24.35,100.75,24.00,560.00,null,null,null
2023-09-23T00:43:03Z,21.41,58.80,53,0,29.42,100.75,23.00,553.00,null,null,null
2023-09-23T00:44:03Z,21.40,58.82,53,0,33.58,100.75,23.00,553.00,null,null,null
2023-09-23T00:45:03Z,21.40,58.89,53,0,29.15,100.75,23.00,553.00,0,0,0
2023-09-23T00:46:03Z,21.40,58.79,53,0,27.84,100.76,23.00,553.00,null,null,null
2023-09-23T00:47:03Z,21.41,58.81,53,0,27.08,100.75,23.00,553.00,null,null,null
2023-09-23T00:48:03Z,21.42,58.80,53,0,25.29,100.76,22.00,549.00,null,null,null
2023-09-23T00:49:03Z,21.38,58.79,53,0,27.84,100.76,22.00,549.00,null,null,null
2023-09-23T00:50:03Z,21.36,58.81,53,0,28.54,100.76,23.00,553.00,0,0,0
2023-09-23T00:51:03Z,21.37,58.75,53,0,29.80,100.76,23.00,553.00,null,null,null
2023-09-23T00:52:03Z,21.38,58.82,53,0,35.87,100.76,22.00,549.00,null,null,null
2023-09-23T00:53:03Z,21.37,58.79,53,0,24.27,100.76,23.00,553.00,null,null,null
2023-09-23T00:54:03Z,21.38,58.82,53,0,30.11,100.76,23.00,553.00,null,null,null
2023-09-23T00:55:03Z,21.36,58.85,53,0,24.39,100.76,23.00,553.00,0,0,0
2023-09-23T00:56:03Z,21.36,58.75,53,0,27.77,100.76,23.00,553.00,null,null,null
2023-09-23T00:57:03Z,21.38,58.81,53,0,28.20,100.77,22.00,549.00,null,null,null
2023-09-23T00:58:03Z,21.37,58.77,53,0,26.91,100.77,22.00,549.00,null,null,null
2023-09-23T00:59:03Z,21.36,58.84,53,0,28.50,100.77,22.00,549.00,null,null,null
2023-09-23T01:00:03Z,21.33,58.90,53,0,26.71,100.76,22.00,549.00,0,0,0
2023-09-23T01:01:03Z,21.34,58.74,53,0,27.51,100.76,22.00,549.00,null,null,null
2023-09-23T01:02:03Z,21.34,58.73,53,0,27.78,100.77,23.00,553.00,null,null,null
2023-09-23T01:03:03Z,21.33,58.81,53,0,27.57,100.76,23.00,553.00,null,null,null
2023-09-23T01:04:03Z,21.36,58.81,53,0,26.80,100.77,22.00,549.00,null,null,null
2023-09-23T01:05:03Z,21.33,58.86,53,0,22.05,100.77,22.00,549.00,0,0,0
2023-09-23T01:06:03Z,21.34,58.77,53,0,23.30,100.78,22.00,549.00,null,null,null
2023-09-23T01:07:03Z,21.34,58.77,53,0,27.94,100.77,21.00,542.00,null,null,null
2023-09-23T01:08:03Z,21.31,58.79,52,0,27.64,100.77,23.00,553.00,null,null,null
2023-09-23T01:09:03Z,21.34,58.82,53,0,30.26,100.77,22.00,549.00,null,null,null
2023-09-23T01:10:03Z,21.30,58.88,52,0,28.06,100.77,22.00,549.00,0,0,0
2023-09-23T01:11:03Z,21.36,58.78,52,0,24.89,100.77,22.00,549.00,null,null,null
2023-09-23T01:12:03Z,21.33,58.82,53,0,27.57,100.77,22.00,549.00,null,null,null
2023-09-23T01:13:03Z,21.31,58.76,53,0,23.86,100.77,23.00,553.00,null,null,null
2023-09-23T01:14:03Z,21.33,58.83,53,0,27.59,100.77,22.00,549.00,null,null,null
2023-09-23T01:15:03Z,21.28,58.88,52,0,28.17,100.77,22.00,549.00,0,0,0
2023-09-23T01:16:03Z,21.31,58.74,52,0,24.43,100.77,22.00,549.00,null,null,null
2023-09-23T01:17:03Z,21.30,58.76,52,0,26.69,100.77,23.00,553.00,null,null,null
2023-09-23T01:18:03Z,21.30,58.77,53,0,29.41,100.77,22.00,549.00,null,null,null
2023-09-23T01:19:03Z,21.31,58.80,52,0,27.92,100.77,22.00,549.00,null,null,null
2023-09-23T01:20:03Z,21.30,58.89,52,0,28.96,100.78,21.00,542.00,0,0,0
2023-09-23T01:21:03Z,21.28,58.75,53,0,24.72,100.77,22.00,549.00,null,null,null
2023-09-23T01:22:03Z,21.27,58.75,52,0,29.28,100.78,22.00,549.00,null,null,null
2023-09-23T01:23:03Z,21.30,58.77,52,0,29.22,100.78,22.00,549.00,null,null,null
2023-09-23T01:24:03Z,21.28,58.83,53,0,24.96,100.78,22.00,549.00,null,null,null
2023-09-23T01:25:03Z,21.27,58.85,52,0,23.94,100.78,22.00,549.00,0,0,0
2023-09-23T01:26:03Z,21.27,58.82,52,0,29.08,100.78,22.00,549.00,null,null,null
2023-09-23T01:27:03Z,21.27,58.77,52,0,27.69,100.79,22.00,549.00,null,null,null
2023-09-23T01:28:03Z,21.30,58.80,52,0,22.55,100.79,22.00,549.00,null,null,null
2023-09-23T01:29:03Z,21.26,58.81,53,0,28.11,100.79,22.00,549.00,null,null,null
2023-09-23T01:30:03Z,21.27,58.86,52,0,28.20,100.79,21.00,542.00,0,0,0
2023-09-23T01:31:03Z,21.27,58.76,52,0,28.83,100.79,20.00,537.00,null,null,null
2023-09-23T01:32:03Z,21.26,58.72,52,0,20.58,100.79,21.00,542.00,null,null,null
2023-09-23T01:33:03Z,21.27,58.76,53,0,28.20,100.79,22.00,546.00,null,null,null
2023-09-23T01:34:03Z,21.26,58.78,52,0,26.19,100.78,20.00,537.00,null,null,null
2023-09-23T01:35:03Z,21.23,58.82,52,0,24.15,100.78,20.00,537.00,0,0,0
2023-09-23T01:36:03Z,21.23,58.73,52,0,27.44,100.78,22.00,546.00,null,null,null
2023-09-23T01:37:03Z,21.24,58.76,52,0,27.66,100.77,23.00,556.00,null,null,null
2023-09-23T01:38:03Z,21.26,58.77,52,0,29.21,100.77,23.00,552.00,null,null,null
2023-09-23T01:39:03Z,21.24,58.80,52,0,28.36,100.77,20.00,537.00,null,null,null
2023-09-23T01:40:03Z,21.24,58.87,52,0,26.73,100.78,23.00,552.00,0,0,0
2023-09-23T01:41:03Z,21.24,58.74,52,0,26.36,100.78,23.00,556.00,null,null,null
2023-09-23T01:42:03Z,21.23,58.73,52,0,25.13,100.77,24.00,564.00,null,null,null
2023-09-23T01:43:03Z,21.24,58.77,52,0,24.54,100.78,24.00,564.00,null,null,null
2023-09-23T01:44:03Z,21.24,58.73,52,0,30.40,100.78,23.00,556.00,null,null,null
2023-09-23T01:45:03Z,21.21,58.85,52,0,29.21,100.78,24.00,564.00,0,0,0
2023-09-23T01:46:03Z,21.23,58.71,52,0,25.35,100.78,23.00,556.00,null,null,null
2023-09-23T01:47:03Z,21.24,58.76,52,0,32.89,100.78,24.00,564.00,null,null,null
2023-09-23T01:48:03Z,21.24,58.78,52,0,27.22,100.78,23.00,556.00,null,null,null
2023-09-23T01:49:03Z,21.21,58.79,52,0,27.30,100.79,23.00,556.00,null,null,null
2023-09-23T01:50:03Z,21.20,58.83,52,0,27.59,100.79,24.00,561.00,0,0,0
2023-09-23T01:51:03Z,21.19,58.74,52,0,27.24,100.79,23.00,556.00,null,null,null
2023-09-23T01:52:03Z,21.21,58.74,52,0,32.48,100.79,24.00,564.00,null,null,null
2023-09-23T01:53:03Z,21.21,58.75,52,0,31.00,100.79,24.00,564.00,null,null,null
2023-09-23T01:54:03Z,21.20,58.79,52,0,32.63,100.80,24.00,564.00,null,null,null
2023-09-23T01:55:03Z,21.21,58.80,52,0,31.32,100.79,24.00,561.00,0,0,0
2023-09-23T01:56:03Z,21.19,58.77,52,0,30.91,100.80,24.00,561.00,null,null,null
2023-09-23T01:57:03Z,21.19,58.71,52,0,31.13,100.80,25.00,567.00,null,null,null
2023-09-23T01:58:03Z,21.17,58.75,52,0,30.93,100.79,26.00,572.00,null,null,null
2023-09-23T01:59:03Z,21.19,58.71,52,0,26.46,100.79,24.00,561.00,null,null,null
2023-09-23T02:00:03Z,21.20,58.82,52,0,25.09,100.80,25.00,566.00,0,0,0
2023-09-23T02:01:03Z,21.16,58.71,52,0,22.05,100.79,24.00,561.00,null,null,null
2023-09-23T02:02:03Z,21.16,58.72,52,0,27.55,100.80,26.00,572.00,null,null,null
2023-09-23T02:03:03Z,21.16,58.75,52,0,27.16,100.80,25.00,566.00,null,null,null
2023-09-23T02:04:03Z,21.16,58.80,52,0,30.05,100.81,25.00,567.00,null,null,null
2023-09-23T02:05:03Z,21.17,58.84,52,0,28.96,100.81,25.00,567.00,0,0,0
2023-09-23T02:06:03Z,21.17,58.72,52,0,31.81,100.81,23.00,556.00,null,null,null
2023-09-23T02:07:03Z,21.17,58.73,52,0,27.42,100.81,25.00,566.00,null,null,null
2023-09-23T02:08:03Z,21.14,58.79,52,0,26.97,100.81,26.00,572.00,null,null,null
2023-09-23T02:09:03Z,21.14,58.77,52,0,28.52,100.81,24.00,561.00,null,null,null
2023-09-23T02:10:03Z,21.16,58.79,52,0,24.27,100.81,25.00,567.00,0,0,0
2023-09-23T02:11:03Z,21.13,58.74,52,0,27.34,100.81,23.00,556.00,null,null,null
2023-09-23T02:12:03Z,21.17,58.75,52,0,30.64,100.81,25.00,566.00,null,null,null
2023-09-23T02:13:03Z,21.16,58.74,52,0,27.69,100.81,24.00,561.00,null,null,null
2023-09-23T02:14:03Z,21.14,58.76,52,0,28.99,100.82,25.00,566.00,null,null,null
2023-09-23T02:15:03Z,21.14,58.82,52,0,26.34,100.82,24.00,561.00,0,0,0
2023-09-23T02:16:03Z,21.14,58.71,52,0,31.24,100.82,23.00,556.00,null,null,null
2023-09-23T02:17:03Z,21.14,58.74,52,0,27.59,100.82,25.00,566.00,null,null,null
2023-09-23T02:18:03Z,21.14,58.81,52,0,26.78,100.82,25.00,566.00,null,null,null
2023-09-23T02:19:03Z,21.13,58.74,52,0,27.57,100.82,24.00,561.00,null,null,null
2023-09-23T02:20:03Z,21.12,58.82,52,0,30.72,100.82,25.00,566.00,0,0,0
2023-09-23T02:21:03Z,21.12,58.75,52,0,27.18,100.83,23.00,556.00,null,null,null
2023-09-23T02:22:03Z,21.12,58.74,52,0,29.38,100.83,24.00,561.00,null,null,null
2023-09-23T02:23:03Z,21.09,58.80,52,0,27.10,100.83,25.00,566.00,null,null,null
2023-09-23T02:24:03Z,21.13,58.76,52,0,36.54,100.82,24.00,561.00,null,null,null
2023-09-23T02:25:03Z,21.12,58.80,52,0,27.53,100.83,24.00,561.00,0,0,0
2023-09-23T02:26:03Z,21.13,58.73,52,0,29.35,100.83,23.00,552.00,null,null,null
2023-09-23T02:27:03Z,21.13,58.71,52,0,25.00,100.82,24.00,564.00,null,null,null
2023-09-23T02:28:03Z,21.10,58.71,52,0,28.61,100.83,25.00,566.00,null,null,null
2023-09-23T02:29:03Z,21.10,58.79,52,0,29.20,100.83,25.00,566.00,null,null,null
2023-09-23T02:30:03Z,21.10,58.80,52,0,25.84,100.83,24.00,561.00,0,0,0
2023-09-23T02:31:03Z,21.07,58.70,52,0,27.57,100.83,23.00,556.00,null,null,null
2023-09-23T02:32:03Z,21.10,58.72,52,0,29.36,100.83,24.00,564.00,null,null,null
2023-09-23T02:33:03Z,21.09,58.72,52,0,26.87,100.83,24.00,564.00,null,null,null
2023-09-23T02:34:03Z,21.09,58.73,52,0,25.47,100.84,25.00,566.00,null,null,null
2023-09-23T02:35:03Z,21.07,58.80,52,0,26.21,100.84,25.00,566.00,0,0,0
2023-09-23T02:36:03Z,21.07,58.73,52,0,28.42,100.84,23.00,552.00,null,null,null
2023-09-23T02:37:03Z,21.09,58.74,52,0,26.38,100.84,25.00,566.00,null,null,null
2023-09-23T02:38:03Z,21.10,58.73,52,0,24.35,100.84,25.00,566.00,null,null,null
2023-09-23T02:39:03Z,21.07,58.74,52,0,29.56,100.84,24.00,564.00,null,null,null
2023-09-23T02:40:03Z,21.05,58.76,52,0,25.00,100.84,25.00,566.00,0,0,0
2023-09-23T02:41:03Z,21.06,58.68,52,0,25.79,100.84,23.00,552.00,null,null,null
2023-09-23T02:42:03Z,21.07,58.74,52,0,28.07,100.84,24.00,564.00,null,null,null
2023-09-23T02:43:03Z,21.06,58.78,52,0,40.64,100.84,24.00,564.00,null,null,null
2023-09-23T02:44:03Z,21.06,58.77,52,0,30.24,100.85,23.00,556.00,null,null,null
2023-09-23T02:45:03Z,21.06,58.82,52,0,27.45,100.85,23.00,556.00,0,0,0
2023-09-23T02:46:03Z,21.07,58.68,52,0,28.11,100.85,23.00,552.00,null,null,null
2023-09-23T02:47:03Z,21.05,58.68,52,0,28.64,100.85,24.00,564.00,null,null,null
2023-09-23T02:48:03Z,21.05,58.70,52,0,27.57,100.85,24.00,564.00,null,null,null
2023-09-23T02:49:03Z,21.05,58.74,51,0,32.05,100.85,25.00,566.00,null,null,null
2023-09-23T02:50:03Z,21.03,58.83,52,0,28.39,100.85,24.00,564.00,0,0,0
2023-09-23T02:51:03Z,21.03,58.70,52,0,27.75,100.86,23.00,552.00,null,null,null
2023-09-23T02:52:03Z,21.02,58.66,51,0,26.57,100.86,24.00,564.00,null,null,null
2023-09-23T02:53:03Z,21.06,58.70,52,0,29.11,100.87,24.00,564.00,null,null,null
2023-09-23T02:54:03Z,21.03,58.69,51,0,31.67,100.87,24.00,564.00,null,null,null
2023-09-23T02:55:03Z,21.03,58.75,52,0,25.70,100.87,24.00,564.00,0,0,0
2023-09-23T02:56:03Z,21.05,58.68,51,0,26.62,100.87,22.00,546.00,null,null,null
2023-09-23T02:57:03Z,21.03,58.68,52,0,29.69,100.87,24.00,564.00,null,null,null
2023-09-23T02:58:03Z,21.02,58.69,52,0,27.12,100.86,24.00,564.00,null,null,null
2023-09-23T02:59:03Z,21.02,58.75,52,0,33.14,100.86,24.00,564.00,null,null,null
