TIME,TEMP,HUM,BATT,LIGHT,NOISE_A,PRESS,CCS811_VOCS,CCS811_ECO2,PM_1,PM_25,PM_10
ISO 8601,C,%,%,Lux,dBA,kPa,ppb,ppm,ug/m3,ug/m3,ug/m3
Time,Temperature,Humidity,Battery,Light,Noise dBA,Barometric pressure,VOC Gas CCS811,eCO2 Gas CCS811,PM 1.0,PM 2.5,PM 10.0
,55,56,10,14,53,58,113,112,89,87,88
2023-08-27T00:00:03Z,19.85,67.04,95,0,26.84,100.91,90.00,992.00,0,0,0
2023-08-27T00:01:03Z,19.90,66.99,95,0,26.93,100.90,90.00,992.00,null,null,null
2023-08-27T00:02:03Z,19.88,67.08,95,0,20.67,100.90,90.00,992.00,null,null,null
2023-08-27T00:03:03Z,19.88,67.03,95,0,24.65,100.90,92.00,1007.00,null,null,null
2023-08-27T00:04:03Z,19.90,67.02,95,0,24.79,100.90,92.00,1007.00,null,null,null
2023-08-27T00:05:03Z,19.84,66.94,95,0,21.99,100.90,93.00,1017.00,0,0,0
2023-08-27T00:06:03Z,19.87,66.93,95,0,21.85,100.90,96.00,1035.00,null,null,null
2023-08-27T00:07:03Z,19.87,66.91,95,0,22.72,100.90,96.00,1035.00,null,null,null
2023-08-27T00:08:03Z,19.87,66.87,95,0,23.72,100.90,93.00,1017.00,null,null,null
2023-08-27T00:09:03Z,19.85,66.93,95,0,21.78,100.90,93.00,1017.00,null,null,null
2023-08-27T00:10:03Z,19.83,66.83,95,0,23.15,100.90,93.00,1017.00,0,0,0
2023-08-27T00:11:03Z,19.84,66.88,95,0,35.22,100.90,90.00,992.00,null,null,null
2023-08-27T00:12:03Z,19.84,67.09,95,0,52.86,100.90,90.00,992.00,null,null,null
2023-08-27T00:13:03Z,19.83,66.95,95,0,24.35,100.90,92.00,1007.00,null,null,null
2023-08-27T00:14:03Z,19.81,66.98,95,0,26.08,100.90,92.00,1007.00,null,null,null
2023-08-27T00:15:03Z,19.80,66.92,95,0,25.41,100.90,90.00,992.00,0,0,0
2023-08-27T00:16:03Z,19.83,66.90,95,0,24.19,100.90,90.00,992.00,null,null,null
2023-08-27T00:17:03Z,19.84,66.84,95,0,36.55,100.90,90.00,992.00,null,null,null
2023-08-27T00:18:03Z,19.80,66.93,95,0,37.47,100.90,85.00,964.00,null,null,null
2023-08-27T00:19:03Z,19.81,66.96,95,0,41.67,100.89,90.00,992.00,null,null,null
2023-08-27T00:20:03Z,19.78,66.93,95,0,34.36,100.89,87.00,975.00,0,0,0
2023-08-27T00:21:03Z,19.78,66.93,95,0,23.40,100.89,87.00,975.00,null,null,null
2023-08-27T00:22:03Z,19.80,66.87,95,0,31.81,100.89,85.00,964.00,null,null,null
2023-08-27T00:23:03Z,19.78,66.99,95,0,39.64,100.89,87.00,975.00,null,null,null
2023-08-27T00:24:03Z,19.78,67.00,95,0,28.22,100.89,85.00,964.00,null,null,null
2023-08-27T00:25:03Z,19.78,67.03,95,0,24.65,100.89,87.00,975.00,0,0,0
2023-08-27T00:26:03Z,19.78,66.97,95,0,24.15,100.89,87.00,975.00,null,null,null
2023-08-27T00:27:03Z,19.78,66.93,95,0,31.08,100.89,85.00,964.00,null,null,null
2023-08-27T00:28:03Z,19.77,66.94,95,0,69.95,100.89,87.00,975.00,null,null,null
2023-08-27T00:29:03Z,19.78,67.12,95,0,23.90,100.88,87.00,975.00,null,null,null
2023-08-27T00:30:03Z,19.76,67.04,95,0,25.90,100.89,90.00,992.00,0,0,0
2023-08-27T00:31:03Z,19.77,66.97,95,0,24.39,100.89,90.00,992.00,null,null,null
2023-08-27T00:32:03Z,19.76,67.00,95,0,21.64,100.88,90.00,992.00,null,null,null
2023-08-27T00:33:03Z,19.77,66.97,95,0,21.78,100.89,90.00,992.00,null,null,null
2023-08-27T00:34:03Z,19.77,66.98,95,0,20.76,100.88,87.00,975.00,null,null,null
2023-08-27T00:35:03Z,19.77,66.98,95,0,22.05,100.88,87.00,975.00,0,0,0
2023-08-27T00:36:03Z,19.76,66.99,95,0,28.68,100.88,85.00,964.00,null,null,null
2023-08-27T00:37:03Z,19.78,66.98,95,0,26.67,100.88,85.00,964.00,null,null,null
2023-08-27T00:38:03Z,19.76,66.92,95,0,28.23,100.88,85.00,964.00,null,null,null
2023-08-27T00:39:03Z,19.74,66.91,95,0,23.45,100.88,83.00,951.00,null,null,null
2023-08-27T00:40:03Z,19.74,66.91,95,0,24.27,100.88,98.00,1047.00,0,0,0
2023-08-27T00:41:03Z,19.73,66.96,95,0,21.49,100.88,96.00,1035.00,null,null,null
2023-08-27T00:42:03Z,19.73,66.94,95,0,24.46,100.88,96.00,1035.00,null,null,null
2023-08-27T00:43:03Z,19.73,66.98,95,0,25.90,100.88,93.00,1017.00,null,null,null
2023-08-27T00:44:03Z,19.71,66.90,95,0,25.73,100.88,93.00,1017.00,null,null,null
2023-08-27T00:45:03Z,19.71,66.90,95,0,28.02,100.88,93.00,1017.00,0,0,0
2023-08-27T00:46:03Z,19.68,66.88,95,0,23.54,100.88,93.00,1017.00,null,null,null
2023-08-27T00:47:03Z,19.71,66.86,95,0,21.34,100.88,93.00,1017.00,null,null,null
2023-08-27T00:48:03Z,19.68,66.84,95,0,26.41,100.88,93.00,1017.00,null,null,null
2023-08-27T00:49:03Z,19.67,66.85,95,0,21.26,100.88,92.00,1007.00,null,null,null
2023-08-27T00:50:03Z,19.67,66.92,95,0,24.11,100.88,90.00,992.00,0,0,0
2023-08-27T00:51:03Z,19.70,66.99,95,0,31.82,100.88,88.00,981.00,null,null,null
2023-08-27T00:52:03Z,19.68,67.01,95,0,24.07,100.88,92.00,1007.00,null,null,null
2023-08-27T00:53:03Z,19.70,67.09,95,0,21.64,100.88,96.00,1035.00,null,null,null
2023-08-27T00:54:03Z,19.67,66.97,95,0,23.20,100.88,98.00,1047.00,null,null,null
2023-08-27T00:55:03Z,19.66,67.04,95,0,21.92,100.88,96.00,1035.00,0,0,0
2023-08-27T00:56:03Z,19.67,66.95,95,0,24.58,100.89,93.00,1017.00,null,null,null
2023-08-27T00:57:03Z,19.67,66.97,95,0,21.99,100.88,96.00,1035.00,null,null,null
2023-08-27T00:58:03Z,19.66,66.99,95,0,23.54,100.88,93.00,1017.00,null,null,null
2023-08-27T00:59:03Z,19.66,67.06,95,0,23.45,100.89,93.00,1017.00,null,null,null
2023-08-27T01:00:03Z,19.64,67.08,95,0,26.43,100.89,96.00,1035.00,0,0,0
2023-08-27T01:01:03Z,19.67,67.03,95,0,24.35,100.89,96.00,1035.00,null,null,null
2023-08-27T01:02:03Z,19.66,67.04,95,0,28.31,100.89,96.00,1035.00,null,null,null
2023-08-27T01:03:03Z,19.64,67.09,95,0,25.79,100.89,96.00,1035.00,null,null,null
2023-08-27T01:04:03Z,19.64,67.10,95,0,28.31,100.89,98.00,1047.00,null,null,null
2023-08-27T01:05:03Z,19.66,67.19,95,0,20.85,100.89,98.00,1047.00,0,0,0
2023-08-27T01:06:03Z,19.68,67.17,95,0,26.16,100.89,100.00,1062.00,null,null,null
2023-08-27T01:07:03Z,19.67,67.19,95,0,23.20,100.88,100.00,1062.00,null,null,null
2023-08-27T01:08:03Z,19.68,67.10,95,0,20.58,100.88,102.00,1074.00,null,null,null
2023-08-27T01:09:03Z,19.68,67.04,95,0,26.53,100.88,100.00,1062.00,null,null,null
2023-08-27T01:10:03Z,19.63,67.02,95,0,20.93,100.88,100.00,1062.00,0,0,0
2023-08-27T01:11:03Z,19.68,67.01,95,0,23.94,100.88,100.00,1062.00,null,null,null
2023-08-27T01:12:03Z,19.64,66.98,95,0,20.48,100.88,100.00,1062.00,null,null,null
2023-08-27T01:13:03Z,19.64,66.97,95,0,23.77,100.88,98.00,1047.00,null,null,null
2023-08-27T01:14:03Z,19.66,67.01,95,0,23.40,100.88,96.00,1035.00,null,null,null
2023-08-27T01:15:03Z,19.63,66.98,95,0,24.23,100.88,96.00,1035.00,0,0,0
2023-08-27T01:16:03Z,19.64,67.04,95,0,22.43,100.88,96.00,1035.00,null,null,null
2023-08-27T01:17:03Z,19.63,66.97,95,0,22.12,100.88,96.00,1035.00,null,null,null
2023-08-27T01:18:03Z,19.66,66.96,95,0,23.77,100.88,96.00,1035.00,null,null,null
2023-08-27T01:19:03Z,19.63,66.98,95,0,25.95,100.88,93.00,1017.00,null,null,null
2023-08-27T01:20:03Z,19.61,66.95,95,0,26.64,100.88,93.00,1017.00,0,0,0
2023-08-27T01:21:03Z,19.63,66.92,95,0,22.99,100.88,92.00,1007.00,null,null,null
2023-08-27T01:22:03Z,19.63,66.91,95,0,22.37,100.88,92.00,1007.00,null,null,null
2023-08-27T01:23:03Z,19.60,67.01,95,0,23.94,100.89,90.00,992.00,null,null,null
2023-08-27T01:24:03Z,19.60,66.97,95,0,33.32,100.88,92.00,1007.00,null,null,null
2023-08-27T01:25:03Z,19.61,66.96,95,0,20.93,100.88,90.00,992.00,0,0,0
2023-08-27T01:26:03Z,19.60,66.98,95,0,25.44,100.89,88.00,981.00,null,null,null
2023-08-27T01:27:03Z,19.60,66.93,95,0,19.30,100.88,90.00,992.00,null,null,null
2023-08-27T01:28:03Z,19.57,66.95,95,0,25.06,100.89,86.00,970.00,null,null,null
2023-08-27T01:29:03Z,19.57,66.95,95,0,27.10,100.89,86.00,970.00,null,null,null
2023-08-27T01:30:03Z,19.57,67.00,95,0,23.86,100.89,83.00,949.00,0,0,0
2023-08-27T01:31:03Z,19.61,66.96,95,0,19.42,100.89,88.00,981.00,null,null,null
2023-08-27T01:32:03Z,19.59,67.02,95,0,23.45,100.89,88.00,981.00,null,null,null
2023-08-27T01:33:03Z,19.57,67.08,95,0,25.62,100.88,86.00,970.00,null,null,null
2023-08-27T01:34:03Z,19.54,67.00,95,0,21.56,100.88,88.00,981.00,null,null,null
2023-08-27T01:35:03Z,19.59,67.01,95,0,23.40,100.88,88.00,981.00,0,0,0
2023-08-27T01:36:03Z,19.57,67.05,95,0,24.50,100.88,86.00,970.00,null,null,null
2023-08-27T01:37:03Z,19.57,67.06,95,0,20.76,100.88,88.00,981.00,null,null,null
2023-08-27T01:38:03Z,19.56,67.04,95,0,23.63,100.88,90.00,992.00,null,null,null
2023-08-27T01:39:03Z,19.59,67.05,95,0,24.15,100.88,88.00,981.00,null,null,null
2023-08-27T01:40:03Z,19.56,67.11,95,0,20.58,100.88,88.00,981.00,0,0,0
2023-08-27T01:41:03Z,19.56,67.02,95,0,25.00,100.88,88.00,981.00,null,null,null
2023-08-27T01:42:03Z,19.56,67.08,95,0,23.45,100.87,86.00,970.00,null,null,null
2023-08-27T01:43:03Z,19.54,67.04,95,0,21.78,100.87,86.00,970.00,null,null,null
2023-08-27T01:44:03Z,19.56,67.06,95,0,23.20,100.87,88.00,981.00,null,null,null
2023-08-27T01:45:03Z,19.52,67.01,95,0,24.39,100.87,86.00,970.00,0,0,0
2023-08-27T01:46:03Z,19.56,67.03,95,0,23.30,100.87,86.00,970.00,null,null,null
2023-08-27T01:47:03Z,19.54,66.99,95,0,22.61,100.87,85.00,959.00,null,null,null
2023-08-27T01:48:03Z,19.53,66.98,95,0,22.72,100.87,85.00,959.00,null,null,null
2023-08-27T01:49:03Z,19.53,67.03,95,0,22.55,100.87,83.00,949.00,null,null,null
2023-08-27T01:50:03Z,19.52,67.04,95,0,22.12,100.88,83.00,949.00,0,0,0
2023-08-27T01:51:03Z,19.52,67.03,95,0,22.12,100.88,80.00,930.00,null,null,null
2023-08-27T01:52:03Z,19.50,67.00,95,0,24.11,100.87,80.00,930.00,null,null,null
2023-08-27T01:53:03Z,19.52,67.03,95,0,23.81,100.87,80.00,930.00,null,null,null
2023-08-27T01:54:03Z,19.50,67.00,95,0,21.71,100.87,80.00,930.00,null,null,null
2023-08-27T01:55:03Z,19.47,67.07,95,0,24.19,100.87,79.00,920.00,0,0,0
2023-08-27T01:56:03Z,19.50,67.06,95,0,21.85,100.88,80.00,930.00,null,null,null
2023-08-27T01:57:03Z,19.49,67.08,95,0,23.05,100.87,80.00,930.00,null,null,null
2023-08-27T01:58:03Z,19.50,67.14,95,0,22.61,100.87,79.00,920.00,null,null,null
2023-08-27T01:59:03Z,19.49,67.13,95,0,21.85,100.87,80.00,930.00,null,null,null
2023-08-27T02:00:03Z,19.46,67.14,95,0,20.85,100.87,80.00,930.00,0,0,0
2023-08-27T02:01:03Z,19.50,67.15,95,0,26.43,100.87,80.00,930.00,null,null,null
2023-08-27T02:02:03Z,19.49,67.10,95,0,23.54,100.87,80.00,930.00,null,null,null
2023-08-27T02:03:03Z,19.47,67.11,95,0,24.83,100.87,80.00,930.00,null,null,null
2023-08-27T02:04:03Z,19.47,67.14,95,0,21.85,100.87,80.00,930.00,null,null,null
2023-08-27T02:05:03Z,19.45,67.14,95,0,21.49,100.88,80.00,930.00,0,0,0
2023-08-27T02:06:03Z,19.46,67.10,95,0,21.18,100.88,80.00,930.00,null,null,null
2023-08-27T02:07:03Z,19.46,67.13,95,0,22.37,100.88,80.00,930.00,null,null,null
2023-08-27T02:08:03Z,19.46,67.12,95,0,30.04,100.87,80.00,930.00,null,null,null
2023-08-27T02:09:03Z,19.45,67.12,95,0,21.10,100.87,79.00,920.00,null,null,null
2023-08-27T02:10:03Z,19.43,67.16,95,0,23.05,100.87,79.00,920.00,0,0,0
2023-08-27T02:11:03Z,19.46,67.17,95,0,21.78,100.87,79.00,920.00,null,null,null
2023-08-27T02:12:03Z,19.45,67.15,95,0,26.82,100.88,79.00,920.00,null,null,null
2023-08-27T02:13:03Z,19.43,67.16,95,0,20.48,100.88,74.00,887.00,null,null,null
2023-08-27T02:14:03Z,19.45,67.13,95,0,22.66,100.88,79.00,920.00,null,null,null
2023-08-27T02:15:03Z,19.43,67.17,95,0,21.56,100.88,79.00,920.00,0,0,0
2023-08-27T02:16:03Z,19.42,67.18,95,0,21.64,100.88,77.00,907.00,null,null,null
2023-08-27T02:17:03Z,19.42,67.14,95,0,22.24,100.88,79.00,920.00,null,null,null
2023-08-27T02:18:03Z,19.40,67.20,95,0,22.55,100.88,77.00,907.00,null,null,null
2023-08-27T02:19:03Z,19.43,67.19,95,0,21.41,100.88,77.00,907.00,null,null,null
2023-08-27T02:20:03Z,19.40,67.21,95,0,23.94,100.88,77.00,907.00,0,0,0
2023-08-27T02:21:03Z,19.42,67.17,95,0,22.24,100.88,75.00,897.00,null,null,null
2023-08-27T02:22:03Z,19.42,67.17,95,0,22.55,100.87,77.00,907.00,null,null,null
2023-08-27T02:23:03Z,19.43,67.20,95,0,23.05,100.88,75.00,897.00,null,null,null
2023-08-27T02:24:03Z,19.40,67.18,95,0,24.11,100.88,75.00,897.00,null,null,null
2023-08-27T02:25:03Z,19.40,67.25,95,0,19.30,100.88,75.00,897.00,0,0,0
2023-08-27T02:26:03Z,19.40,67.20,95,0,23.35,100.88,74.00,889.00,null,null,null
2023-08-27T02:27:03Z,19.40,67.18,95,0,21.99,100.88,77.00,907.00,null,null,null
2023-08-27T02:28:03Z,19.38,67.21,95,0,24.07,100.88,75.00,897.00,null,null,null
2023-08-27T02:29:03Z,19.36,67.21,95,0,23.54,100.88,75.00,897.00,null,null,null
2023-08-27T02:30:03Z,19.38,67.20,95,0,19.77,100.88,75.00,897.00,0,0,0
2023-08-27T02:31:03Z,19.38,67.21,95,0,21.18,100.88,75.00,897.00,null,null,null
2023-08-27T02:32:03Z,19.38,67.19,95,0,24.72,100.88,75.00,897.00,null,null,null
2023-08-27T02:33:03Z,19.38,67.22,95,0,22.83,100.88,75.00,897.00,null,null,null
2023-08-27T02:34:03Z,19.36,67.21,95,0,31.12,100.89,75.00,897.00,null,null,null
2023-08-27T02:35:03Z,19.35,67.27,95,0,20.93,100.88,75.00,897.00,0,0,0
2023-08-27T02:36:03Z,19.38,67.22,95,0,22.83,100.88,76.00,900.00,null,null,null
2023-08-27T02:37:03Z,19.38,67.20,95,0,22.55,100.89,77.00,907.00,null,null,null
2023-08-27T02:38:03Z,19.38,67.27,95,0,23.20,100.89,75.00,897.00,null,null,null
2023-08-27T02:39:03Z,19.36,67.23,95,0,25.19,100.89,74.00,889.00,null,null,null
2023-08-27T02:40:03Z,19.33,67.22,95,0,21.26,100.89,77.00,907.00,0,0,0
2023-08-27T02:41:03Z,19.38,67.24,95,0,22.24,100.89,74.00,887.00,null,null,null
2023-08-27T02:42:03Z,19.38,67.23,95,0,23.90,100.89,75.00,897.00,null,null,null
2023-08-27T02:43:03Z,19.35,67.25,95,0,22.49,100.89,74.00,887.00,null,null,null
2023-08-27T02:44:03Z,19.33,67.26,95,0,24.93,100.88,74.00,889.00,null,null,null
2023-08-27T02:45:03Z,19.32,67.22,95,0,23.68,100.88,73.00,880.00,0,0,0
2023-08-27T02:46:03Z,19.33,67.25,95,0,21.56,100.89,77.00,907.00,null,null,null
2023-08-27T02:47:03Z,19.32,67.17,95,0,19.42,100.89,74.00,889.00,null,null,null
2023-08-27T02:48:03Z,19.35,67.24,95,0,20.39,100.89,77.00,907.00,null,null,null
2023-08-27T02:49:03Z,19.35,67.21,95,0,22.83,100.89,75.00,897.00,null,null,null
2023-08-27T02:50:03Z,19.33,67.23,95,0,23.68,100.89,75.00,897.00,0,0,0
2023-08-27T02:51:03Z,19.32,67.23,95,0,24.07,100.89,75.00,897.00,null,null,null
2023-08-27T02:52:03Z,19.33,67.20,95,0,22.94,100.89,75.00,897.00,null,null,null
2023-08-27T02:53:03Z,19.33,67.25,95,0,21.78,100.89,75.00,897.00,null,null,null
2023-08-27T02:54:03Z,19.32,67.18,95,0,20.93,100.89,74.00,889.00,null,null,null
2023-08-27T02:55:03Z,19.30,67.23,95,0,27.40,100.89,74.00,889.00,0,0,0
2023-08-27T02:56:03Z,19.32,67.21,95,0,23.20,100.89,72.00,877.00,null,null,null
2023-08-27T02:57:03Z,19.32,67.20,95,0,23.72,100.89,77.00,907.00,null,null,null
2023-08-27T02:58:03Z,19.35,67.22,95,0,24.07,100.89,79.00,920.00,null,null,null
2023-08-27T02:59:03Z,19.33,67.16,95,0,22.61,100.89,79.00,920.00,null,null,null
2023-08-27T03:00:03Z,19.30,67.23,95,0,23.94,100.88,79.00,920.00,0,0,0
2023-08-27T03:01:03Z,19.30,67.21,95,0,20.29,100.88,77.00,907.00,null,null,null
2023-08-27T03:02:03Z,19.30,67.15,95,0,24.11,100.89,77.00,907.00,null,null,null
2023-08-27T03:03:03Z,19.32,67.18,95,0,21.10,100.89,77.00,907.00,null,null,null
2023-08-27T03:04:03Z,19.29,67.19,95,0,22.43,100.89,79.00,920.00,null,null,null
2023-08-27T03:05:03Z,19.32,67.20,95,0,21.99,100.89,79.00,920.00,0,0,0
2023-08-27T03:06:03Z,19.32,67.16,95,0,23.10,100.89,79.00,920.00,null,null,null
2023-08-27T03:07:03Z,19.33,67.14,95,0,22.78,100.89,79.00,920.00,null,null,null
2023-08-27T03:08:03Z,19.32,67.13,95,0,21.56,100.89,79.00,920.00,null,null,null
2023-08-27T03:09:03Z,19.30,67.15,95,0,21.71,100.89,79.00,920.00,null,null,null
2023-08-27T03:10:03Z,19.29,67.14,95,0,22.18,100.89,79.00,920.00,0,0,0
2023-08-27T03:11:03Z,19.30,67.15,95,0,23.40,100.89,79.00,920.00,null,null,null
2023-08-27T03:12:03Z,19.30,67.16,95,0,23.77,100.89,79.00,920.00,null,null,null
2023-08-27T03:13:03Z,19.32,67.17,95,0,24.96,100.88,77.00,907.00,null,null,null
2023-08-27T03:14:03Z,19.29,67.17,95,0,23.20,100.88,75.00,897.00,null,null,null
2023-08-27T03:15:03Z,19.29,67.17,95,0,26.06,100.88,77.00,907.00,0,0,0
2023-08-27T03:16:03Z,19.29,67.15,95,0,21.10,100.88,77.00,907.00,null,null,null
2023-08-27T03:17:03Z,19.29,67.14,95,0,21.18,100.88,77.00,907.00,null,null,null
2023-08-27T03:18:03Z,19.28,67.13,95,0,23.63,100.89,75.00,897.00,null,null,null
2023-08-27T03:19:03Z,19.28,67.14,95,0,23.10,100.88,75.00,897.00,null,null,null
2023-08-27T03:20:03Z,19.26,67.15,95,0,24.46,100.89,75.00,897.00,0,0,0
2023-08-27T03:21:03Z,19.28,67.16,94,0,23.86,100.89,75.00,897.00,null,null,null
2023-08-27T03:22:03Z,19.28,67.14,95,0,23.63,100.89,75.00,897.00,null,null,null
2023-08-27T03:23:03Z,19.26,67.14,95,0,21.34,100.89,75.00,897.00,null,null,null
2023-08-27T03:24:03Z,19.26,67.11,94,0,20.93,100.88,75.00,897.00,null,null,null
2023-08-27T03:25:03Z,19.25,67.10,95,0,24.96,100.89,74.00,887.00,0,0,0
2023-08-27T03:26:03Z,19.28,67.10,94,0,21.64,100.89,74.00,887.00,null,null,null
2023-08-27T03:27:03Z,19.23,67.15,94,0,21.10,100.88,75.00,897.00,null,null,null
2023-08-27T03:28:03Z,19.26,67.15,94,0,23.45,100.88,88.00,981.00,null,null,null
2023-08-27T03:29:03Z,19.25,67.16,95,0,24.35,100.89,74.00,887.00,null,null,null
2023-08-27T03:30:03Z,19.22,67.14,94,0,21.85,100.89,75.00,897.00,0,0,0
2023-08-27T03:31:03Z,19.25,67.17,94,0,22.43,100.89,86.00,970.00,null,null,null
2023-08-27T03:32:03Z,19.25,67.11,94,0,22.24,100.89,74.00,887.00,null,null,null
2023-08-27T03:33:03Z,19.26,67.15,94,0,23.77,100.89,74.00,887.00,null,null,null
2023-08-27T03:34:03Z,19.22,67.10,94,0,25.06,100.89,74.00,887.00,null,null,null
2023-08-27T03:35:03Z,19.22,67.14,94,0,23.05,100.89,86.00,970.00,0,0,0
2023-08-27T03:36:03Z,19.25,67.13,94,0,21.56,100.89,86.00,970.00,null,null,null
2023-08-27T03:37:03Z,19.22,67.15,94,0,26.24,100.89,86.00,970.00,null,null,null
2023-08-27T03:38:03Z,19.22,67.13,95,0,23.72,100.89,70.00,865.00,null,null,null
2023-08-27T03:39:03Z,19.23,67.14,94,0,22.18,100.89,86.00,970.00,null,null,null
2023-08-27T03:40:03Z,19.19,67.14,94,0,20.67,100.89,88.00,981.00,0,0,0
2023-08-27T03:41:03Z,19.23,67.16,94,0,24.31,100.89,86.00,970.00,null,null,null
2023-08-27T03:42:03Z,19.22,67.13,94,0,23.54,100.89,88.00,981.00,null,null,null
2023-08-27T03:43:03Z,19.23,67.20,94,0,22.31,100.89,86.00,970.00,null,null,null
2023-08-27T03:44:03Z,19.19,67.15,94,0,27.08,100.89,90.00,992.00,null,null,null
2023-08-27T03:45:03Z,19.20,67.13,94,0,22.37,100.89,88.00,981.00,0,0,0
2023-08-27T03:46:03Z,19.20,67.12,94,0,24.61,100.90,86.00,970.00,null,null,null
2023-08-27T03:47:03Z,19.22,67.13,94,0,24.19,100.89,88.00,981.00,null,null,null
2023-08-27T03:48:03Z,19.22,67.12,94,0,22.72,100.90,88.00,981.00,null,null,null
2023-08-27T03:49:03Z,19.18,67.08,94,0,21.41,100.89,88.00,981.00,null,null,null
2023-08-27T03:50:03Z,19.20,67.16,94,0,24.86,100.90,88.00,981.00,0,0,0
2023-08-27T03:51:03Z,19.20,67.15,94,0,22.83,100.90,88.00,981.00,null,null,null
2023-08-27T03:52:03Z,19.20,67.11,94,0,23.40,100.90,88.00,981.00,null,null,null
2023-08-27T03:53:03Z,19.20,67.12,94,0,26.06,100.90,88.00,981.00,null,null,null
2023-08-27T03:54:03Z,19.18,67.16,94,0,24.54,100.89,86.00,970.00,null,null,null
2023-08-27T03:55:03Z,19.18,67.13,94,0,23.68,100.90,86.00,970.00,0,0,0
2023-08-27T03:56:03Z,19.19,67.16,94,0,22.37,100.90,86.00,970.00,null,null,null
2023-08-27T03:57:03Z,19.19,67.12,94,0,25.03,100.90,85.00,959.00,null,null,null
2023-08-27T03:58:03Z,19.19,67.17,94,0,22.55,100.90,86.00,970.00,null,null,null
2023-08-27T03:59:03Z,19.18,67.13,94,0,24.54,100.90,85.00,959.00,null,null,null
2023-08-27T04:00:03Z,19.13,67.15,94,0,27.34,100.90,86.00,970.00,0,0,0
2023-08-27T04:01:03Z,19.16,67.17,94,0,24.93,100.90,85.00,959.00,null,null,null
2023-08-27T04:02:03Z,19.15,67.14,94,0,28.12,100.90,88.00,981.00,null,null,null
2023-08-27T04:03:03Z,19.16,67.15,94,0,26.97,100.90,86.00,970.00,null,null,null
2023-08-27T04:04:03Z,19.16,67.14,94,0,34.13,100.90,86.00,970.00,null,null,null
2023-08-27T04:05:03Z,19.15,67.15,94,0,32.95,100.90,86.00,970.00,0,0,0
2023-08-27T04:06:03Z,19.15,67.18,94,0,25.22,100.90,86.00,970.00,null,null,null
2023-08-27T04:07:03Z,19.13,67.29,94,0,24.39,100.90,88.00,981.00,null,null,null
2023-08-27T04:08:03Z,19.18,67.41,94,0,22.78,100.90,88.00,983.00,null,null,null
2023-08-27T04:09:03Z,19.18,67.23,94,0,23.72,100.90,88.00,983.00,null,null,null
2023-08-27T04:10:03Z,19.13,67.27,94,0,21.85,100.90,92.00,1007.00,0,0,0
2023-08-27T04:11:03Z,19.19,67.24,94,0,23.63,100.90,96.00,1032.00,null,null,null
2023-08-27T04:12:03Z,19.19,67.21,94,0,25.06,100.90,97.00,1041.00,null,null,null
2023-08-27T04:13:03Z,19.18,67.23,94,0,24.31,100.90,97.00,1041.00,null,null,null
2023-08-27T04:14:03Z,19.19,67.21,94,0,19.98,100.90,101.00,1065.00,null,null,null
2023-08-27T04:15:03Z,19.16,67.18,94,0,21.78,100.90,103.00,1077.00,0,0,0
2023-08-27T04:16:03Z,19.19,67.23,94,0,28.54,100.91,103.00,1077.00,null,null,null
2023-08-27T04:17:03Z,19.20,67.19,94,0,29.70,100.90,105.00,1090.00,null,null,null
2023-08-27T04:18:03Z,19.18,67.16,94,0,23.94,100.90,105.00,1090.00,null,null,null
2023-08-27T04:19:03Z,19.18,67.15,94,0,29.26,100.90,105.00,1090.00,null,null,null
2023-08-27T04:20:03Z,19.20,67.15,94,0,22.78,100.90,103.00,1077.00,0,0,0
2023-08-27T04:21:03Z,19.19,67.09,94,0,21.71,100.91,107.00,1105.00,null,null,null
2023-08-27T04:22:03Z,19.19,67.04,94,0,24.86,100.90,107.00,1105.00,null,null,null
2023-08-27T04:23:03Z,19.20,67.04,94,0,39.38,100.91,107.00,1105.00,null,null,null
2023-08-27T04:24:03Z,19.19,67.09,94,0,25.26,100.90,107.00,1105.00,null,null,null
2023-08-27T04:25:03Z,19.18,67.06,94,0,22.83,100.91,107.00,1105.00,0,0,0
2023-08-27T04:26:03Z,19.18,67.01,94,0,36.77,100.91,105.00,1090.00,null,null,null
2023-08-27T04:27:03Z,19.16,67.04,94,0,29.04,100.91,105.00,1090.00,null,null,null
2023-08-27T04:28:03Z,19.18,67.06,94,0,22.66,100.91,107.00,1105.00,null,null,null
2023-08-27T04:29:03Z,19.18,67.03,94,0,21.26,100.91,105.00,1090.00,null,null,null
2023-08-27T04:30:03Z,19.18,66.99,94,0,28.01,100.91,105.00,1090.00,0,0,0
2023-08-27T04:31:03Z,19.18,67.01,94,0,22.05,100.91,105.00,1090.00,null,null,null
2023-08-27T04:32:03Z,19.19,67.03,94,0,22.55,100.90,103.00,1077.00,null,null,null
2023-08-27T04:33:03Z,19.16,66.99,94,0,22.94,100.91,103.00,1077.00,null,null,null
2023-08-27T04:34:03Z,19.18,66.98,94,0,26.26,100.91,103.00,1077.00,null,null,null
2023-08-27T04:35:03Z,19.16,67.00,94,0,19.98,100.91,101.00,1065.00,0,0,0
2023-08-27T04:36:03Z,19.16,66.97,94,0,22.18,100.91,101.00,1065.00,null,null,null
2023-08-27T04:37:03Z,19.16,66.98,94,0,23.49,100.92,99.00,1053.00,null,null,null
2023-08-27T04:38:03Z,19.18,66.92,94,0,28.22,100.92,101.00,1065.00,null,null,null
2023-08-27T04:39:03Z,19.16,66.94,94,0,35.61,100.92,99.00,1053.00,null,null,null
2023-08-27T04:40:03Z,19.15,66.95,94,0,24.35,100.92,99.00,1053.00,0,0,0
2023-08-27T04:41:03Z,19.15,67.00,94,0,32.39,100.92,99.00,1053.00,null,null,null
2023-08-27T04:42:03Z,19.15,66.92,94,0,22.12,100.92,97.00,1041.00,null,null,null
2023-08-27T04:43:03Z,19.16,66.89,94,0,24.54,100.92,97.00,1041.00,null,null,null
2023-08-27T04:44:03Z,19.13,66.88,94,0,23.15,100.92,93.00,1017.00,null,null,null
2023-08-27T04:45:03Z,19.12,66.92,94,0,22.31,100.92,92.00,1007.00,0,0,0
2023-08-27T04:46:03Z,19.11,66.90,94,0,20.29,100.92,92.00,1007.00,null,null,null
2023-08-27T04:47:03Z,19.11,66.89,94,0,27.45,100.93,90.00,992.00,null,null,null
2023-08-27T04:48:03Z,19.12,66.86,94,0,20.85,100.93,90.00,992.00,null,null,null
2023-08-27T04:49:03Z,19.09,66.86,94,0,22.43,100.93,88.00,981.00,null,null,null
2023-08-27T04:50:03Z,19.08,66.93,94,0,24.35,100.93,86.00,970.00,0,0,0
2023-08-27T04:51:03Z,19.09,66.87,94,0,20.67,100.93,88.00,981.00,null,null,null
2023-08-27T04:52:03Z,19.09,66.89,94,0,23.77,100.93,86.00,970.00,null,null,null
2023-08-27T04:53:03Z,19.09,66.83,94,0,22.89,100.93,85.00,959.00,null,null,null
2023-08-27T04:54:03Z,19.06,66.84,94,0,23.94,100.93,85.00,959.00,null,null,null
2023-08-27T04:55:03Z,19.06,66.90,94,0,28.20,100.93,83.00,945.00,0,0,0
2023-08-27T04:56:03Z,19.06,66.85,94,0,41.38,100.94,85.00,959.00,null,null,null
2023-08-27T04:57:03Z,19.05,66.84,94,0,27.36,100.94,83.00,945.00,null,null,null
2023-08-27T04:58:03Z,19.08,66.88,94,0,35.52,100.93,81.00,933.00,null,null,null
2023-08-27T04:59:03Z,19.05,66.90,94,0,26.11,100.93,79.00,923.00,null,null,null
2023-08-27T05:00:03Z,19.05,66.87,94,0,28.81,100.93,81.00,933.00,0,0,0
2023-08-27T05:01:03Z,19.01,66.87,94,0,31.18,100.93,81.00,933.00,null,null,null
2023-08-27T05:02:03Z,19.05,66.87,94,0,35.10,100.93,83.00,945.00,null,null,null
2023-08-27T05:03:03Z,19.03,66.91,94,0,28.47,100.94,81.00,933.00,null,null,null
2023-08-27T05:04:03Z,19.02,66.84,94,0,25.70,100.94,79.00,923.00,null,null,null
2023-08-27T05:05:03Z,18.99,66.88,94,0,31.11,100.94,79.00,923.00,0,0,0
2023-08-27T05:06:03Z,19.02,66.90,94,0,28.67,100.94,76.00,902.00,null,null,null
2023-08-27T05:07:03Z,19.02,66.94,94,0,39.48,100.93,77.00,907.00,null,null,null
2023-08-27T05:08:03Z,19.02,66.93,94,0,28.34,100.93,77.00,907.00,null,null,null
2023-08-27T05:09:03Z,19.01,66.93,94,0,27.62,100.94,77.00,907.00,null,null,null
2023-08-27T05:10:03Z,18.98,66.91,94,0,32.62,100.93,77.00,907.00,0,0,0
2023-08-27T05:11:03Z,19.01,66.90,94,0,22.99,100.94,76.00,902.00,null,null,null
2023-08-27T05:12:03Z,18.99,66.90,94,0,30.76,100.94,76.00,902.00,null,null,null
2023-08-27T05:13:03Z,18.98,66.84,94,0,27.30,100.93,76.00,902.00,null,null,null
2023-08-27T05:14:03Z,18.99,66.86,94,0,30.22,100.94,76.00,902.00,null,null,null
2023-08-27T05:15:03Z,18.98,66.91,94,0,28.27,100.94,74.00,891.00,0,0,0
2023-08-27T05:16:03Z,19.01,66.92,94,0,28.76,100.94,76.00,902.00,null,null,null
2023-08-27T05:17:03Z,18.98,66.86,94,0,37.26,100.94,74.00,891.00,null,null,null
2023-08-27T05:18:03Z,18.98,66.85,94,0,34.02,100.94,74.00,891.00,null,null,null
2023-08-27T05:19:03Z,18.98,66.84,94,0,26.80,100.94,74.00,891.00,null,null,null
2023-08-27T05:20:03Z,18.97,66.84,94,0,34.08,100.93,73.00,882.00,0,0,0
2023-08-27T05:21:03Z,18.97,66.89,94,0,37.16,100.94,73.00,882.00,null,null,null
2023-08-27T05:22:03Z,18.95,66.87,94,0,31.69,100.94,71.00,868.00,null,null,null
2023-08-27T05:23:03Z,18.97,66.81,94,0,25.00,100.93,73.00,882.00,null,null,null
2023-08-27T05:24:03Z,18.95,66.87,94,0,31.36,100.94,73.00,882.00,null,null,null
2023-08-27T05:25:03Z,18.91,66.90,94,0,25.16,100.94,71.00,868.00,0,0,0
2023-08-27T05:26:03Z,18.92,66.93,94,0,27.22,100.94,73.00,882.00,null,null,null
2023-08-27T05:27:03Z,18.94,66.93,94,0,24.19,100.94,73.00,882.00,null,null,null
2023-08-27T05:28:03Z,18.91,66.86,94,0,28.01,100.94,73.00,882.00,null,null,null
2023-08-27T05:29:03Z,18.95,66.92,94,0,28.47,100.94,73.00,882.00,null,null,null
2023-08-27T05:30:03Z,18.95,66.95,93,0,31.04,100.94,74.00,891.00,0,0,0
2023-08-27T05:31:03Z,18.94,66.95,94,0,35.28,100.94,73.00,882.00,null,null,null
2023-08-27T05:32:03Z,18.92,66.89,93,0,36.97,100.94,73.00,882.00,null,null,null
2023-08-27T05:33:03Z,18.92,66.83,94,0,26.91,100.95,71.00,868.00,null,null,null
2023-08-27T05:34:03Z,18.91,66.92,94,0,37.38,100.95,73.00,882.00,null,null,null
2023-08-27T05:35:03Z,18.92,66.87,94,0,28.17,100.95,74.00,891.00,0,0,0
2023-08-27T05:36:03Z,18.91,66.87,93,0,28.06,100.95,71.00,868.00,null,null,null
2023-08-27T05:37:03Z,18.91,66.87,93,0,31.08,100.95,71.00,868.00,null,null,null
2023-08-27T05:38:03Z,18.90,66.91,93,0,25.00,100.95,73.00,882.00,null,null,null
2023-08-27T05:39:03Z,18.90,66.83,94,0,30.76,100.95,71.00,868.00,null,null,null
2023-08-27T05:40:03Z,18.90,66.89,94,0,32.33,100.95,71.00,868.00,0,0,0
2023-08-27T05:41:03Z,18.90,66.88,93,0,25.70,100.95,71.00,868.00,null,null,null
2023-08-27T05:42:03Z,18.88,66.89,93,0,24.83,100.96,71.00,868.00,null,null,null
2023-08-27T05:43:03Z,18.91,66.91,93,0,30.18,100.96,71.00,868.00,null,null,null
2023-08-27T05:44:03Z,18.91,66.89,93,0,23.10,100.95,73.00,882.00,null,null,null
2023-08-27T05:45:03Z,18.88,66.83,93,0,24.15,100.95,71.00,868.00,0,0,0
2023-08-27T05:46:03Z,18.88,66.88,93,0,34.39,100.96,69.00,855.00,null,null,null
2023-08-27T05:47:03Z,18.91,66.90,94,0,23.15,100.95,71.00,868.00,null,null,null
2023-08-27T05:48:03Z,18.87,66.89,93,0,26.87,100.95,71.00,868.00,null,null,null
2023-08-27T05:49:03Z,18.87,66.85,93,0,26.76,100.95,71.00,868.00,null,null,null
2023-08-27T05:50:03Z,18.87,66.88,93,0,24.11,100.95,69.00,855.00,0,0,0
2023-08-27T05:51:03Z,18.88,66.89,93,0,29.62,100.95,51.00,737.00,null,null,null
2023-08-27T05:52:03Z,18.87,66.91,93,0,26.41,100.95,48.00,717.00,null,null,null
2023-08-27T05:53:03Z,18.91,66.87,93,0,30.68,100.95,48.00,717.00,null,null,null
2023-08-27T05:54:03Z,18.85,66.86,93,0,32.45,100.95,48.00,717.00,null,null,null
2023-08-27T05:55:03Z,18.85,66.91,93,0,25.70,100.95,48.00,717.00,0,0,0
2023-08-27T05:56:03Z,18.87,66.85,93,0,22.94,100.95,48.00,717.00,null,null,null
2023-08-27T05:57:03Z,18.85,66.88,93,0,27.26,100.95,48.00,717.00,null,null,null
2023-08-27T05:58:03Z,18.85,66.89,93,0,26.50,100.96,48.00,717.00,null,null,null
2023-08-27T05:59:03Z,18.87,66.91,93,0,26.87,100.96,47.00,710.00,null,null,null
2023-08-27T06:00:03Z,18.87,66.92,93,0,33.50,100.96,47.00,710.00,0,0,0
2023-08-27T06:01:03Z,18.85,66.92,93,0,23.81,100.96,48.00,717.00,null,null,null
2023-08-27T06:02:03Z,18.87,66.87,93,0,29.99,100.96,48.00,717.00,null,null,null
2023-08-27T06:03:03Z,18.87,66.91,93,0,37.85,100.96,48.00,717.00,null,null,null
2023-08-27T06:04:03Z,18.84,66.95,93,0,25.03,100.96,48.00,717.00,null,null,null
2023-08-27T06:05:03Z,18.84,66.99,93,0,28.95,100.96,48.00,717.00,0,0,0
2023-08-27T06:06:03Z,18.84,66.96,93,0,25.76,100.96,50.00,730.00,null,null,null
2023-08-27T06:07:03Z,18.85,66.95,93,0,26.46,100.96,50.00,730.00,null,null,null
2023-08-27T06:08:03Z,18.87,66.94,93,0,30.44,100.96,50.00,730.00,null,null,null
2023-08-27T06:09:03Z,18.84,66.92,93,0,22.61,100.96,50.00,730.00,null,null,null
2023-08-27T06:10:03Z,18.87,66.98,93,0,27.20,100.95,50.00,730.00,0,0,0
2023-08-27T06:11:03Z,18.87,66.97,93,0,23.25,100.95,51.00,737.00,null,null,null
2023-08-27T06:12:03Z,18.87,66.92,93,0,28.11,100.96,50.00,730.00,null,null,null
2023-08-27T06:13:03Z,18.85,66.91,93,0,23.94,100.96,50.00,730.00,null,null,null
2023-08-27T06:14:03Z,18.85,66.98,93,0,28.11,100.96,50.00,730.00,null,null,null
2023-08-27T06:15:03Z,18.82,66.92,93,0,24.15,100.96,50.00,730.00,0,0,0
2023-08-27T06:16:03Z,18.85,66.92,93,0,31.57,100.96,48.00,717.00,null,null,null
2023-08-27T06:17:03Z,18.87,66.92,93,0,24.46,100.96,50.00,730.00,null,null,null
2023-08-27T06:18:03Z,18.84,66.90,93,0,26.16,100.96,48.00,717.00,null,null,null
2023-08-27T06:19:03Z,18.84,66.84,93,0,25.13,100.95,48.00,717.00,null,null,null
2023-08-27T06:20:03Z,18.82,66.93,93,0,23.94,100.95,47.00,710.00,0,0,0
2023-08-27T06:21:03Z,18.85,66.91,93,0,23.77,100.95,47.00,710.00,null,null,null
2023-08-27T06:22:03Z,18.82,66.91,93,0,27.30,100.95,47.00,710.00,null,null,null
2023-08-27T06:23:03Z,18.81,66.89,93,0,24.50,100.95,47.00,710.00,null,null,null
2023-08-27T06:24:03Z,18.84,66.89,93,0,31.99,100.95,48.00,717.00,null,null,null
2023-08-27T06:25:03Z,18.82,66.91,93,0,30.78,100.95,47.00,710.00,0,0,0
2023-08-27T06:26:03Z,18.84,66.99,93,0,24.31,100.95,46.00,706.00,null,null,null
2023-08-27T06:27:03Z,18.82,66.92,93,0,27.18,100.95,48.00,717.00,null,null,null
2023-08-27T06:28:03Z,18.82,66.86,93,0,22.49,100.95,47.00,710.00,null,null,null
2023-08-27T06:29:03Z,18.84,66.91,93,0,30.50,100.95,47.00,710.00,null,null,null
2023-08-27T06:30:03Z,18.80,66.95,93,0,24.39,100.95,47.00,710.00,0,0,0
2023-08-27T06:31:03Z,18.81,67.01,93,0,26.43,100.95,46.00,706.00,null,null,null
2023-08-27T06:32:03Z,18.81,66.98,93,0,46.52,100.95,47.00,710.00,null,null,null
2023-08-27T06:33:03Z,18.81,66.94,93,0,30.41,100.94,48.00,717.00,null,null,null
2023-08-27T06:34:03Z,18.82,66.96,93,0,26.11,100.94,47.00,710.00,null,null,null
2023-08-27T06:35:03Z,18.81,66.99,93,0,24.68,100.94,48.00,717.00,0,0,0
2023-08-27T06:36:03Z,18.84,66.95,93,0,33.98,100.94,48.00,717.00,null,null,null
2023-08-27T06:37:03Z,18.81,66.98,93,0,27.80,100.94,48.00,717.00,null,null,null
2023-08-27T06:38:03Z,18.81,66.98,93,0,26.29,100.94,48.00,717.00,null,null,null
2023-08-27T06:39:03Z,18.81,66.99,93,0,27.80,100.94,48.00,717.00,null,null,null
2023-08-27T06:40:03Z,18.81,66.99,93,0,25.47,100.94,48.00,717.00,0,0,0
2023-08-27T06:41:03Z,18.82,66.95,93,0,24.11,100.95,48.00,717.00,null,null,null
2023-08-27T06:42:03Z,18.81,66.97,93,0,25.03,100.95,47.00,710.00,null,null,null
2023-08-27T06:43:03Z,18.84,66.94,93,0,25.70,100.95,47.00,710.00,null,null,null
2023-08-27T06:44:03Z,18.80,66.97,93,0,28.44,100.95,47.00,710.00,null,null,null
2023-08-27T06:45:03Z,18.80,67.01,93,0,26.26,100.95,47.00,710.00,0,0,0
2023-08-27T06:46:03Z,18.80,66.99,93,0,29.46,100.95,48.00,717.00,null,null,null
2023-08-27T06:47:03Z,18.82,66.93,93,0,23.63,100.95,47.00,710.00,null,null,null
2023-08-27T06:48:03Z,18.80,66.97,93,0,24.19,100.95,47.00,710.00,null,null,null
2023-08-27T06:49:03Z,18.80,66.87,93,0,27.80,100.95,46.00,706.00,null,null,null
2023-08-27T06:50:03Z,18.78,66.91,93,0,30.15,100.95,45.00,699.00,0,0,0
2023-08-27T06:51:03Z,18.78,66.89,93,0,24.11,100.95,43.00,686.00,null,null,null
2023-08-27T06:52:03Z,18.78,66.86,93,0,30.46,100.96,42.00,682.00,null,null,null
2023-08-27T06:53:03Z,18.77,66.88,93,0,27.78,100.96,42.00,682.00,null,null,null
2023-08-27T06:54:03Z,18.75,66.89,93,0,24.89,100.97,41.00,674.00,null,null,null
2023-08-27T06:55:03Z,18.77,66.83,93,0,21.26,100.96,40.00,668.00,0,0,0
2023-08-27T06:56:03Z,18.75,66.89,93,0,28.19,100.97,40.00,668.00,null,null,null
2023-08-27T06:57:03Z,18.74,66.82,93,0,26.06,100.97,40.00,668.00,null,null,null
2023-08-27T06:58:03Z,18.74,66.86,93,0,31.92,100.97,43.00,688.00,null,null,null
2023-08-27T06:59:03Z,18.72,66.83,93,0,23.90,100.97,43.00,688.00,null,null,null
2023-08-27T07:00:03Z,18.68,66.91,93,0,22.66,100.97,42.00,679.00,0,0,0
2023-08-27T07:01:03Z,18.74,66.91,93,0,28.01,100.98,42.00,679.00,null,null,null
2023-08-27T07:02:03Z,18.74,66.94,93,0,28.52,100.98,43.00,688.00,null,null,null
2023-08-27T07:03:03Z,18.70,66.91,93,0,27.04,100.98,43.00,688.00,null,null,null
2023-08-27T07:04:03Z,18.71,66.95,93,0,23.81,100.99,45.00,697.00,null,null,null
2023-08-27T07:05:03Z,18.72,66.93,93,0,33.03,100.98,45.00,697.00,0,0,0
2023-08-27T07:06:03Z,18.72,66.94,93,0,25.29,100.98,43.00,688.00,null,null,null
2023-08-27T07:07:03Z,18.70,66.87,93,0,30.59,100.99,45.00,697.00,null,null,null
2023-08-27T07:08:03Z,18.72,66.87,93,0,34.41,100.99,45.00,697.00,null,null,null
2023-08-27T07:09:03Z,18.71,66.98,93,0,25.70,100.99,43.00,688.00,null,null,null
2023-08-27T07:10:03Z,18.70,66.91,93,0,25.59,100.98,45.00,697.00,0,0,0
2023-08-27T07:11:03Z,18.70,66.91,93,0,31.90,100.98,42.00,679.00,null,null,null
2023-08-27T07:12:03Z,18.70,66.92,93,0,24.58,100.99,43.00,688.00,null,null,null
2023-08-27T07:13:03Z,18.70,66.91,93,0,24.31,100.99,42.00,679.00,null,null,null
2023-08-27T07:14:03Z,18.67,66.91,93,0,29.54,100.99,43.00,688.00,null,null,null
2023-08-27T07:15:03Z,18.67,66.96,93,0,27.38,100.98,42.00,679.00,0,0,0
2023-08-27T07:16:03Z,18.68,66.96,93,0,25.73,100.99,42.00,679.00,null,null,null
2023-08-27T07:17:03Z,18.67,66.93,93,0,25.09,100.99,42.00,679.00,null,null,null
2023-08-27T07:18:03Z,18.65,66.90,93,0,26.53,100.99,43.00,688.00,null,null,null
2023-08-27T07:19:03Z,18.67,66.86,93,0,28.25,100.99,42.00,679.00,null,null,null
2023-08-27T07:20:03Z,18.67,66.93,93,0,28.61,100.99,42.00,679.00,0,0,0
2023-08-27T07:21:03Z,18.67,66.91,93,0,24.15,100.99,42.00,679.00,null,null,null
2023-08-27T07:22:03Z,18.70,66.84,93,0,29.55,100.99,41.00,674.00,null,null,null
2023-08-27T07:23:03Z,18.68,66.88,93,0,28.11,100.99,41.00,674.00,null,null,null
2023-08-27T07:24:03Z,18.67,66.91,93,0,25.95,100.99,40.00,666.00,null,null,null
2023-08-27T07:25:03Z,18.67,66.93,93,0,28.52,100.98,41.00,674.00,0,0,0
2023-08-27T07:26:03Z,18.64,66.88,93,0,32.90,100.98,41.00,674.00,null,null,null
2023-08-27T07:27:03Z,18.67,66.86,93,0,24.79,100.98,41.00,674.00,null,null,null
2023-08-27T07:28:03Z,18.65,66.86,93,0,28.12,100.98,40.00,666.00,null,null,null
2023-08-27T07:29:03Z,18.64,66.84,93,0,23.81,100.98,39.00,659.00,null,null,null
2023-08-27T07:30:03Z,18.63,66.87,93,0,27.34,100.98,39.00,659.00,0,0,0
2023-08-27T07:31:03Z,18.67,66.86,93,0,32.76,100.97,38.00,650.00,null,null,null
2023-08-27T07:32:03Z,18.65,66.89,93,0,25.29,100.97,38.00,650.00,null,null,null
2023-08-27T07:33:03Z,18.64,66.85,93,0,38.17,100.97,38.00,650.00,null,null,null
2023-08-27T07:34:03Z,18.63,66.86,93,0,24.79,100.97,37.00,645.00,null,null,null
2023-08-27T07:35:03Z,18.63,66.89,93,0,25.41,100.97,37.00,645.00,0,0,0
2023-08-27T07:36:03Z,18.64,66.86,93,0,21.10,100.98,36.00,641.00,null,null,null
2023-08-27T07:37:03Z,18.64,66.87,93,0,24.61,100.98,36.00,641.00,null,null,null
2023-08-27T07:38:03Z,18.64,66.86,93,0,23.68,100.98,35.00,634.00,null,null,null
2023-08-27T07:39:03Z,18.61,66.88,93,0,24.72,100.98,35.00,634.00,null,null,null
2023-08-27T07:40:03Z,18.61,66.95,93,0,31.70,100.98,36.00,641.00,0,0,0
2023-08-27T07:41:03Z,18.61,66.95,93,0,26.03,100.98,35.00,634.00,null,null,null
2023-08-27T07:42:03Z,18.63,66.95,93,0,27.30,100.98,36.00,641.00,null,null,null
2023-08-27T07:43:03Z,18.61,67.02,93,0,30.69,100.99,36.00,641.00,null,null,null
2023-08-27T07:44:03Z,18.63,66.97,93,0,25.62,100.98,37.00,645.00,null,null,null
2023-08-27T07:45:03Z,18.61,67.03,93,0,36.98,100.98,37.00,645.00,0,0,0
2023-08-27T07:46:03Z,18.64,67.04,93,0,23.30,100.98,36.00,641.00,null,null,null
2023-08-27T07:47:03Z,18.61,67.04,93,0,25.79,100.98,38.00,650.00,null,null,null
2023-08-27T07:48:03Z,18.63,67.03,93,0,30.70,100.98,38.00,650.00,null,null,null
2023-08-27T07:49:03Z,18.63,67.00,93,0,31.12,100.97,37.00,645.00,null,null,null
2023-08-27T07:50:03Z,18.61,67.04,93,0,26.43,100.97,37.00,645.00,0,0,0
2023-08-27T07:51:03Z,18.64,67.08,93,0,27.16,100.97,37.00,645.00,null,null,null
2023-08-27T07:52:03Z,18.64,67.04,93,0,31.36,100.97,38.00,650.00,null,null,null
2023-08-27T07:53:03Z,18.63,67.04,93,0,23.72,100.97,39.00,659.00,null,null,null
2023-08-27T07:54:03Z,18.63,67.05,93,0,24.15,100.98,39.00,659.00,null,null,null
2023-08-27T07:55:03Z,18.64,67.10,93,0,20.48,100.98,41.00,674.00,0,0,0
2023-08-27T07:56:03Z,18.64,67.09,93,0,30.41,100.98,40.00,666.00,null,null,null
2023-08-27T07:57:03Z,18.64,67.09,93,0,24.68,100.98,41.00,674.00,null,null,null
2023-08-27T07:58:03Z,18.67,67.13,93,0,28.73,100.97,42.00,679.00,null,null,null
2023-08-27T07:59:03Z,18.65,67.19,93,0,26.60,100.97,42.00,679.00,null,null,null
2023-08-27T08:00:03Z,18.65,67.23,93,0,25.82,100.97,45.00,697.00,0,0,0
2023-08-27T08:01:03Z,18.68,67.16,93,0,25.00,100.97,45.00,700.00,null,null,null
2023-08-27T08:02:03Z,18.70,67.20,93,0,28.20,100.97,46.00,706.00,null,null,null
2023-08-27T08:03:03Z,18.71,67.21,93,0,31.10,100.97,47.00,714.00,null,null,null
2023-08-27T08:04:03Z,18.67,67.23,93,0,28.70,100.97,50.00,733.00,null,null,null
2023-08-27T08:05:03Z,18.70,67.28,93,0,22.37,100.98,53.00,748.00,0,0,0
2023-08-27T08:06:03Z,18.72,67.26,93,0,30.32,100.97,54.00,759.00,null,null,null
2023-08-27T08:07:03Z,18.72,67.26,93,0,27.94,100.98,54.00,759.00,null,null,null
2023-08-27T08:08:03Z,18.75,67.26,93,0,24.58,100.97,56.00,768.00,null,null,null
2023-08-27T08:09:03Z,18.72,67.24,93,0,30.42,100.97,52.00,746.00,null,null,null
2023-08-27T08:10:03Z,18.71,67.25,93,0,24.89,100.98,57.00,778.00,0,0,0
2023-08-27T08:11:03Z,18.74,67.24,93,0,26.71,100.98,56.00,772.00,null,null,null
2023-08-27T08:12:03Z,18.72,67.20,93,0,24.58,100.98,56.00,774.00,null,null,null
2023-08-27T08:13:03Z,18.74,67.22,93,0,32.78,100.99,56.00,774.00,null,null,null
2023-08-27T08:14:03Z,18.74,67.27,93,0,28.91,100.98,55.00,765.00,null,null,null
2023-08-27T08:15:03Z,18.74,67.22,93,0,29.44,100.99,52.00,746.00,0,0,0
2023-08-27T08:16:03Z,18.75,67.22,93,0,36.85,100.99,53.00,752.00,null,null,null
2023-08-27T08:17:03Z,18.75,67.20,93,0,37.14,100.99,47.00,710.00,null,null,null
2023-08-27T08:18:03Z,18.77,67.15,93,0,28.63,100.99,46.00,706.00,null,null,null
2023-08-27T08:19:03Z,18.77,67.21,93,0,30.57,100.99,45.00,699.00,null,null,null
2023-08-27T08:20:03Z,18.74,67.24,93,0,29.68,100.99,45.00,699.00,0,0,0
2023-08-27T08:21:03Z,18.75,67.23,93,0,30.16,100.99,49.00,726.00,null,null,null
2023-08-27T08:22:03Z,18.77,67.24,93,0,24.50,100.99,45.00,699.00,null,null,null
2023-08-27T08:23:03Z,18.77,67.19,93,0,27.38,101.00,45.00,699.00,null,null,null
2023-08-27T08:24:03Z,18.78,67.21,93,0,27.42,100.99,45.00,699.00,null,null,null
2023-08-27T08:25:03Z,18.78,67.23,93,0,29.98,101.00,42.00,682.00,0,0,0
2023-08-27T08:26:03Z,18.81,67.20,92,0,21.99,101.00,42.00,682.00,null,null,null
2023-08-27T08:27:03Z,18.81,67.18,93,0,32.03,101.00,42.00,682.00,null,null,null
2023-08-27T08:28:03Z,18.78,67.17,93,0,31.16,100.99,41.00,674.00,null,null,null
2023-08-27T08:29:03Z,18.80,67.13,93,0,22.78,101.00,41.00,674.00,null,null,null
2023-08-27T08:30:03Z,18.78,67.17,93,0,25.22,101.00,41.00,674.00,0,0,0
2023-08-27T08:31:03Z,18.81,67.16,92,0,31.64,100.99,40.00,668.00,null,null,null
2023-08-27T08:32:03Z,18.82,67.19,93,0,34.30,101.00,41.00,674.00,null,null,null
2023-08-27T08:33:03Z,18.81,67.19,92,0,26.11,101.00,41.00,674.00,null,null,null
2023-08-27T08:34:03Z,18.82,67.22,92,0,38.38,100.99,41.00,674.00,null,null,null
2023-08-27T08:35:03Z,18.81,67.20,92,0,33.48,100.99,40.00,668.00,0,0,0
2023-08-27T08:36:03Z,18.80,67.17,92,0,23.05,100.99,40.00,668.00,null,null,null
2023-08-27T08:37:03Z,18.82,67.18,92,0,23.49,101.00,40.00,668.00,null,null,null
2023-08-27T08:38:03Z,18.81,67.14,92,0,26.95,100.99,39.00,659.00,null,null,null
2023-08-27T08:39:03Z,18.82,67.17,92,0,28.09,100.99,39.00,659.00,null,null,null
2023-08-27T08:40:03Z,18.84,67.17,92,0,25.73,100.99,39.00,659.00,0,0,0
2023-08-27T08:41:03Z,18.82,67.16,92,0,30.57,100.99,39.00,659.00,null,null,null
2023-08-27T08:42:03Z,18.81,67.20,92,0,43.59,100.99,39.00,659.00,null,null,null
2023-08-27T08:43:03Z,18.84,67.23,92,0,38.41,100.98,40.00,668.00,null,null,null
2023-08-27T08:44:03Z,18.82,67.24,92,0,27.44,100.98,40.00,668.00,null,null,null
2023-08-27T08:45:03Z,18.84,67.27,92,0,37.54,100.99,40.00,668.00,0,0,0
2023-08-27T08:46:03Z,18.87,67.30,92,0,26.97,100.98,40.00,668.00,null,null,null
2023-08-27T08:47:03Z,18.85,67.31,92,0,22.99,100.98,40.00,668.00,null,null,null
2023-08-27T08:48:03Z,18.88,67.30,92,0,27.92,100.99,41.00,675.00,null,null,null
2023-08-27T08:49:03Z,18.88,67.35,92,0,40.46,100.99,42.00,679.00,null,null,null
2023-08-27T08:50:03Z,18.87,67.36,92,0,25.09,100.99,42.00,679.00,0,0,0
2023-08-27T08:51:03Z,18.88,67.33,92,0,31.07,100.99,44.00,692.00,null,null,null
2023-08-27T08:52:03Z,18.88,67.38,92,0,26.78,100.99,44.00,692.00,null,null,null
2023-08-27T08:53:03Z,18.91,67.42,92,0,24.03,100.99,44.00,692.00,null,null,null
2023-08-27T08:54:03Z,18.90,67.39,92,0,26.73,100.98,42.00,679.00,null,null,null
2023-08-27T08:55:03Z,18.90,67.47,92,0,28.07,100.99,44.00,692.00,0,0,0
2023-08-27T08:56:03Z,18.91,67.34,92,0,31.51,100.98,42.00,679.00,null,null,null
2023-08-27T08:57:03Z,18.91,67.36,92,0,29.17,100.98,42.00,679.00,null,null,null
2023-08-27T08:58:03Z,18.91,67.33,92,0,26.67,100.98,42.00,679.00,null,null,null
2023-08-27T08:59:03Z,18.92,67.33,92,0,46.82,100.98,42.00,679.00,null,null,null
2023-08-27T09:00:03Z,18.91,67.32,92,0,25.82,100.99,41.00,675.00,0,0,0
2023-08-27T09:01:03Z,18.94,67.31,92,0,29.03,100.99,41.00,675.00,null,null,null
2023-08-27T09:02:03Z,18.94,67.27,92,0,27.80,100.99,42.00,679.00,null,null,null
2023-08-27T09:03:03Z,18.94,67.26,92,0,23.20,100.99,42.00,679.00,null,null,null
2023-08-27T09:04:03Z,18.91,67.31,92,0,29.00,100.98,42.00,679.00,null,null,null
2023-08-27T09:05:03Z,18.94,67.31,92,0,23.98,100.99,44.00,692.00,0,0,0
2023-08-27T09:06:03Z,18.94,67.22,92,0,23.90,100.99,42.00,679.00,null,null,null
2023-08-27T09:07:03Z,18.97,67.19,92,0,24.19,100.98,42.00,682.00,null,null,null
2023-08-27T09:08:03Z,18.97,67.18,92,0,32.90,100.99,41.00,674.00,null,null,null
2023-08-27T09:09:03Z,18.95,67.21,92,0,25.56,100.99,41.00,674.00,null,null,null
2023-08-27T09:10:03Z,18.94,67.18,92,0,26.14,100.98,41.00,674.00,0,0,0
2023-08-27T09:11:03Z,18.95,67.15,92,0,25.65,100.98,39.00,659.00,null,null,null
2023-08-27T09:12:03Z,18.97,67.15,92,0,28.09,100.98,39.00,659.00,null,null,null
2023-08-27T09:13:03Z,18.97,67.10,92,0,26.53,100.99,40.00,668.00,null,null,null
2023-08-27T09:14:03Z,18.98,67.13,92,0,24.43,100.98,39.00,659.00,null,null,null
2023-08-27T09:15:03Z,18.95,67.11,92,0,37.90,100.98,39.00,659.00,0,0,0
2023-08-27T09:16:03Z,18.98,67.07,92,0,25.95,100.98,40.00,668.00,null,null,null
2023-08-27T09:17:03Z,19.01,67.07,92,0,29.18,100.99,39.00,659.00,null,null,null
2023-08-27T09:18:03Z,18.98,68.08,92,0,28.48,100.98,38.00,652.00,null,null,null
2023-08-27T09:19:03Z,18.98,67.63,92,0,28.34,100.98,38.00,653.00,null,null,null
2023-08-27T09:20:03Z,18.98,67.44,92,0,33.80,100.99,42.00,679.00,0,0,0
2023-08-27T09:21:03Z,19.03,67.42,92,0,29.89,100.98,44.00,692.00,null,null,null
2023-08-27T09:22:03Z,19.02,67.42,92,0,26.97,100.98,44.00,692.00,null,null,null
2023-08-27T09:23:03Z,19.03,67.37,92,0,40.08,100.98,45.00,700.00,null,null,null
2023-08-27T09:24:03Z,19.03,67.38,92,0,35.43,100.98,45.00,700.00,null,null,null
2023-08-27T09:25:03Z,19.05,67.35,92,0,50.80,100.98,46.00,704.00,0,0,0
2023-08-27T09:26:03Z,19.08,67.37,92,0,25.38,100.98,47.00,712.00,null,null,null
2023-08-27T09:27:03Z,19.08,67.36,92,0,37.72,100.98,47.00,712.00,null,null,null
2023-08-27T09:28:03Z,19.11,67.36,92,0,37.94,100.98,48.00,719.00,null,null,null
2023-08-27T09:29:03Z,19.11,67.60,92,0,44.99,100.98,53.00,754.00,null,null,null
2023-08-27T09:30:03Z,19.09,67.66,92,0,39.31,100.98,58.00,783.00,0,0,0
2023-08-27T09:31:03Z,19.11,67.74,92,0,31.20,100.98,63.00,817.00,null,null,null
2023-08-27T09:32:03Z,19.12,67.60,92,0,32.26,100.98,71.00,870.00,null,null,null
