TIME,TEMP,HUM,BATT,LIGHT,NOISE_A,PRESS,CCS811_VOCS,CCS811_ECO2,PM_1,PM_25,PM_10
ISO 8601,C,%,%,Lux,dBA,kPa,ppb,ppm,ug/m3,ug/m3,ug/m3
Time,Temperature,Humidity,Battery,Light,Noise dBA,Barometric pressure,VOC Gas CCS811,eCO2 Gas CCS811,PM 1.0,PM 2.5,PM 10.0
,55,56,10,14,53,58,113,112,89,87,88
2023-09-10T00:00:04Z,25.60,69.29,100,0,55.50,101.63,157.00,1436.00,0,0,0
2023-09-10T00:01:04Z,25.63,69.21,100,0,51.72,101.63,156.00,1425.00,null,null,null
2023-09-10T00:02:04Z,25.62,69.24,100,0,52.69,101.63,157.00,1436.00,null,null,null
2023-09-10T00:03:04Z,25.60,69.27,100,0,54.51,101.62,157.00,1436.00,null,null,null
2023-09-10T00:04:04Z,25.57,69.32,100,0,47.52,101.63,156.00,1425.00,null,null,null
2023-09-10T00:05:04Z,25.60,69.41,100,0,54.12,101.63,158.00,1441.00,0,0,0
2023-09-10T00:06:04Z,25.60,69.33,100,0,50.38,101.63,158.00,1441.00,null,null,null
2023-09-10T00:07:04Z,25.60,69.35,100,0,51.82,101.63,158.00,1441.00,null,null,null
2023-09-10T00:08:04Z,25.56,69.45,100,0,53.72,101.63,158.00,1441.00,null,null,null
2023-09-10T00:09:04Z,25.57,69.51,100,0,49.20,101.62,158.00,1441.00,null,null,null
2023-09-10T00:10:04Z,25.57,69.56,100,0,51.95,101.62,158.00,1441.00,0,0,0
2023-09-10T00:11:04Z,25.56,69.49,100,0,49.80,101.62,158.00,1441.00,null,null,null
2023-09-10T00:12:04Z,25.56,69.49,100,0,49.94,101.62,163.00,1470.00,null,null,null
2023-09-10T00:13:04Z,25.54,69.46,100,0,51.48,101.62,163.00,1470.00,null,null,null
2023-09-10T00:14:04Z,25.53,69.59,100,0,52.00,101.62,158.00,1441.00,null,null,null
2023-09-10T00:15:04Z,25.54,69.58,100,0,50.47,101.62,163.00,1470.00,0,0,0
2023-09-10T00:16:04Z,25.53,69.76,100,0,52.31,101.61,163.00,1470.00,null,null,null
2023-09-10T00:17:04Z,25.51,69.58,100,0,53.79,101.62,161.00,1458.00,null,null,null
2023-09-10T00:18:04Z,25.50,69.72,100,0,48.04,101.61,163.00,1470.00,null,null,null
2023-09-10T00:19:04Z,25.51,69.89,100,0,53.37,101.61,163.00,1470.00,null,null,null
2023-09-10T00:20:04Z,25.49,69.91,100,0,49.75,101.61,161.00,1458.00,0,0,0
2023-09-10T00:21:04Z,25.47,69.82,100,0,51.03,101.61,161.00,1458.00,null,null,null
2023-09-10T00:22:04Z,25.49,69.84,100,0,52.67,101.61,161.00,1458.00,null,null,null
2023-09-10T00:23:04Z,25.47,69.77,100,0,49.34,101.61,164.00,1478.00,null,null,null
2023-09-10T00:24:04Z,25.49,69.82,100,0,52.55,101.61,164.00,1478.00,null,null,null
2023-09-10T00:25:04Z,25.49,69.90,100,0,54.85,101.61,164.00,1478.00,0,0,0
2023-09-10T00:26:04Z,25.47,69.99,100,0,53.36,101.61,164.00,1478.00,null,null,null
2023-09-10T00:27:04Z,25.47,70.04,100,0,51.07,101.60,164.00,1478.00,null,null,null
2023-09-10T00:28:04Z,25.45,69.97,100,0,52.05,101.60,164.00,1478.00,null,null,null
2023-09-10T00:29:04Z,25.46,70.04,100,0,55.14,101.60,166.00,1495.00,null,null,null
2023-09-10T00:30:04Z,25.45,70.05,100,0,50.43,101.60,166.00,1495.00,0,0,0
2023-09-10T00:31:04Z,25.45,69.98,100,0,55.20,101.61,171.00,1499.00,null,null,null
2023-09-10T00:32:04Z,25.47,70.07,100,0,53.77,101.61,171.00,1499.00,null,null,null
2023-09-10T00:33:04Z,25.45,70.00,100,0,51.02,101.60,171.00,1499.00,null,null,null
2023-09-10T00:34:04Z,25.42,70.11,100,0,52.26,101.60,174.00,1503.00,null,null,null
2023-09-10T00:35:04Z,25.42,70.15,100,0,50.31,101.60,174.00,1503.00,0,0,0
2023-09-10T00:36:04Z,25.42,70.13,100,0,53.01,101.60,174.00,1503.00,null,null,null
2023-09-10T00:37:04Z,25.42,70.12,100,0,50.74,101.60,177.00,1508.00,null,null,null
2023-09-10T00:38:04Z,25.40,70.22,100,0,52.28,101.60,177.00,1508.00,null,null,null
2023-09-10T00:39:04Z,25.39,70.34,100,0,51.44,101.60,177.00,1508.00,null,null,null
2023-09-10T00:40:04Z,25.38,70.21,100,0,52.42,101.60,175.00,1505.00,0,0,0
2023-09-10T00:41:04Z,25.39,70.31,100,0,48.40,101.60,177.00,1508.00,null,null,null
2023-09-10T00:42:04Z,25.38,70.23,100,0,54.92,101.60,178.00,1511.00,null,null,null
2023-09-10T00:43:04Z,25.35,70.34,100,0,53.08,101.60,181.00,1514.00,null,null,null
2023-09-10T00:44:04Z,25.36,70.23,100,0,53.38,101.60,178.00,1511.00,null,null,null
2023-09-10T00:45:04Z,25.36,70.23,100,0,54.32,101.60,181.00,1514.00,0,0,0
2023-09-10T00:46:04Z,25.38,70.26,100,0,52.65,101.60,181.00,1514.00,null,null,null
2023-09-10T00:47:04Z,25.36,70.32,100,0,51.13,101.60,183.00,1517.00,null,null,null
2023-09-10T00:48:04Z,25.33,70.29,100,0,52.03,101.60,183.00,1517.00,null,null,null
2023-09-10T00:49:04Z,25.35,70.41,100,0,48.10,101.60,186.00,1521.00,null,null,null
2023-09-10T00:50:04Z,25.33,70.42,100,0,53.07,101.60,186.00,1521.00,0,0,0
2023-09-10T00:51:04Z,25.35,70.30,100,0,51.67,101.60,186.00,1521.00,null,null,null
2023-09-10T00:52:04Z,25.32,70.36,100,0,53.63,101.60,186.00,1521.00,null,null,null
2023-09-10T00:53:04Z,25.30,70.44,100,0,52.14,101.60,186.00,1521.00,null,null,null
2023-09-10T00:54:04Z,25.30,70.53,100,0,53.30,101.60,190.00,1527.00,null,null,null
2023-09-10T00:55:04Z,25.29,70.44,100,0,53.14,101.60,190.00,1527.00,0,0,0
2023-09-10T00:56:04Z,25.30,70.56,100,0,52.19,101.60,190.00,1527.00,null,null,null
2023-09-10T00:57:04Z,25.30,70.40,100,0,49.95,101.60,190.00,1527.00,null,null,null
2023-09-10T00:58:04Z,25.32,70.55,100,0,54.00,101.60,190.00,1527.00,null,null,null
2023-09-10T00:59:04Z,25.29,70.56,100,0,50.98,101.60,190.00,1527.00,null,null,null
2023-09-10T01:00:04Z,25.29,70.55,100,0,56.73,101.60,193.00,1531.00,0,0,0
2023-09-10T01:01:04Z,25.29,70.62,100,0,55.07,101.60,190.00,1527.00,null,null,null
2023-09-10T01:02:04Z,25.29,70.72,100,0,50.61,101.60,190.00,1527.00,null,null,null
2023-09-10T01:03:04Z,25.28,70.74,100,0,48.57,101.60,190.00,1527.00,null,null,null
2023-09-10T01:04:04Z,25.26,70.53,100,0,49.51,101.60,190.00,1527.00,null,null,null
2023-09-10T01:05:04Z,25.29,70.65,100,0,50.64,101.60,190.00,1527.00,0,0,0
2023-09-10T01:06:04Z,25.25,70.70,100,0,55.09,101.60,190.00,1527.00,null,null,null
2023-09-10T01:07:04Z,25.26,70.70,100,0,51.53,101.59,193.00,1531.00,null,null,null
2023-09-10T01:08:04Z,25.25,70.69,100,0,50.51,101.60,193.00,1531.00,null,null,null
2023-09-10T01:09:04Z,25.23,70.72,100,0,53.90,101.59,193.00,1531.00,null,null,null
2023-09-10T01:10:04Z,25.25,70.77,100,0,50.92,101.60,207.00,1550.00,0,0,0
2023-09-10T01:11:04Z,25.22,70.81,100,0,52.99,101.60,187.00,1524.00,null,null,null
2023-09-10T01:12:04Z,25.22,70.71,100,0,52.57,101.59,204.00,1547.00,null,null,null
2023-09-10T01:13:04Z,25.23,70.71,100,0,54.48,101.59,207.00,1550.00,null,null,null
2023-09-10T01:14:04Z,25.22,70.75,100,0,53.91,101.59,207.00,1550.00,null,null,null
2023-09-10T01:15:04Z,25.19,70.90,100,0,54.99,101.59,204.00,1547.00,0,0,0
2023-09-10T01:16:04Z,25.21,70.81,100,0,52.81,101.60,204.00,1547.00,null,null,null
2023-09-10T01:17:04Z,25.21,70.97,100,0,50.99,101.59,204.00,1547.00,null,null,null
2023-09-10T01:18:04Z,25.19,71.02,100,0,56.17,101.59,204.00,1547.00,null,null,null
2023-09-10T01:19:04Z,25.19,70.93,100,0,49.52,101.59,204.00,1547.00,null,null,null
2023-09-10T01:20:04Z,25.18,71.01,100,0,51.35,101.60,204.00,1547.00,0,0,0
2023-09-10T01:21:04Z,25.17,71.19,100,0,52.74,101.60,204.00,1547.00,null,null,null
2023-09-10T01:22:04Z,25.18,70.87,100,0,50.81,101.60,204.00,1547.00,null,null,null
2023-09-10T01:23:04Z,25.15,71.01,100,0,52.56,101.60,204.00,1547.00,null,null,null
2023-09-10T01:24:04Z,25.17,70.97,100,0,49.42,101.60,204.00,1547.00,null,null,null
2023-09-10T01:25:04Z,25.14,71.24,100,0,51.43,101.59,204.00,1547.00,0,0,0
2023-09-10T01:26:04Z,25.17,71.21,100,0,52.31,101.60,201.00,1543.00,null,null,null
2023-09-10T01:27:04Z,25.15,71.28,100,0,54.32,101.60,204.00,1547.00,null,null,null
2023-09-10T01:28:04Z,25.14,71.26,100,0,56.46,101.60,198.00,1538.00,null,null,null
2023-09-10T01:29:04Z,25.09,71.17,100,0,47.74,101.60,198.00,1538.00,null,null,null
2023-09-10T01:30:04Z,25.09,71.31,100,0,50.89,101.60,201.00,1543.00,0,0,0
2023-09-10T01:31:04Z,25.09,71.28,100,0,52.86,101.60,198.00,1538.00,null,null,null
2023-09-10T01:32:04Z,25.11,71.20,100,0,53.77,101.60,198.00,1538.00,null,null,null
2023-09-10T01:33:04Z,25.08,71.31,100,0,46.84,101.60,201.00,1543.00,null,null,null
2023-09-10T01:34:04Z,25.07,71.34,100,0,48.66,101.60,198.00,1538.00,null,null,null
2023-09-10T01:35:04Z,25.03,71.30,100,0,50.60,101.60,198.00,1538.00,0,0,0
2023-09-10T01:36:04Z,25.07,71.28,100,0,52.12,101.60,198.00,1538.00,null,null,null
2023-09-10T01:37:04Z,25.08,71.42,100,0,52.32,101.59,198.00,1538.00,null,null,null
2023-09-10T01:38:04Z,25.03,71.35,100,0,52.54,101.60,193.00,1532.00,null,null,null
2023-09-10T01:39:04Z,25.07,71.28,100,0,50.33,101.59,193.00,1532.00,null,null,null
2023-09-10T01:40:04Z,25.02,71.29,100,0,52.24,101.60,193.00,1532.00,0,0,0
2023-09-10T01:41:04Z,25.03,71.47,100,0,51.66,101.60,193.00,1532.00,null,null,null
2023-09-10T01:42:04Z,25.03,71.42,100,0,52.79,101.60,193.00,1532.00,null,null,null
2023-09-10T01:43:04Z,25.02,71.52,100,0,55.09,101.59,193.00,1532.00,null,null,null
2023-09-10T01:44:04Z,25.01,71.48,100,0,52.76,101.60,193.00,1532.00,null,null,null
2023-09-10T01:45:04Z,24.99,71.54,100,0,50.81,101.60,193.00,1532.00,0,0,0
2023-09-10T01:46:04Z,25.01,71.44,100,0,49.63,101.59,193.00,1532.00,null,null,null
2023-09-10T01:47:04Z,25.02,71.50,100,0,49.26,101.60,193.00,1532.00,null,null,null
2023-09-10T01:48:04Z,24.99,71.64,100,0,54.53,101.60,190.00,1527.00,null,null,null
2023-09-10T01:49:04Z,24.98,71.61,100,0,52.28,101.59,193.00,1532.00,null,null,null
2023-09-10T01:50:04Z,24.96,71.63,100,0,48.21,101.59,190.00,1527.00,0,0,0
2023-09-10T01:51:04Z,24.96,71.64,100,0,53.87,101.59,190.00,1527.00,null,null,null
2023-09-10T01:52:04Z,24.96,71.64,100,0,49.49,101.59,190.00,1527.00,null,null,null
2023-09-10T01:53:04Z,24.94,71.71,100,0,51.27,101.59,190.00,1527.00,null,null,null
2023-09-10T01:54:04Z,24.95,71.73,100,0,53.44,101.59,190.00,1527.00,null,null,null
2023-09-10T01:55:04Z,24.92,71.66,100,0,51.26,101.59,190.00,1527.00,0,0,0
2023-09-10T01:56:04Z,24.92,71.63,100,0,48.92,101.59,186.00,1522.00,null,null,null
2023-09-10T01:57:04Z,24.92,71.74,100,0,52.90,101.59,186.00,1522.00,null,null,null
2023-09-10T01:58:04Z,24.92,71.68,100,0,53.80,101.58,186.00,1522.00,null,null,null
2023-09-10T01:59:04Z,24.90,71.78,100,0,49.64,101.58,186.00,1522.00,null,null,null
2023-09-10T02:00:04Z,24.90,71.84,100,0,49.93,101.58,196.00,1536.00,0,0,0
2023-09-10T02:01:04Z,24.90,71.91,100,0,48.21,101.58,199.00,1540.00,null,null,null
2023-09-10T02:02:04Z,24.90,71.84,100,0,54.26,101.58,204.00,1547.00,null,null,null
2023-09-10T02:03:04Z,24.87,72.04,100,0,52.10,101.58,204.00,1547.00,null,null,null
2023-09-10T02:04:04Z,24.88,71.96,100,0,54.90,101.59,204.00,1547.00,null,null,null
2023-09-10T02:05:04Z,24.88,71.90,100,0,54.15,101.59,204.00,1547.00,0,0,0
2023-09-10T02:06:04Z,24.88,71.89,100,0,53.60,101.59,204.00,1547.00,null,null,null
2023-09-10T02:07:04Z,24.85,71.97,100,0,49.00,101.59,199.00,1540.00,null,null,null
2023-09-10T02:08:04Z,24.87,72.08,100,0,56.11,101.59,199.00,1540.00,null,null,null
2023-09-10T02:09:04Z,24.85,72.00,100,0,50.73,101.60,199.00,1540.00,null,null,null
2023-09-10T02:10:04Z,24.85,71.86,100,0,50.91,101.60,196.00,1536.00,0,0,0
2023-09-10T02:11:04Z,24.85,71.93,100,0,51.89,101.60,199.00,1540.00,null,null,null
2023-09-10T02:12:04Z,24.84,71.99,100,0,55.52,101.59,207.00,1551.00,null,null,null
2023-09-10T02:13:04Z,24.82,72.07,100,0,52.76,101.59,212.00,1557.00,null,null,null
2023-09-10T02:14:04Z,24.82,72.12,100,0,50.57,101.59,221.00,1569.00,null,null,null
2023-09-10T02:15:04Z,24.78,72.20,100,0,50.93,101.60,239.00,1594.00,0,0,0
2023-09-10T02:16:04Z,24.84,72.06,100,0,50.08,101.60,245.00,1599.00,null,null,null
2023-09-10T02:17:04Z,24.82,71.99,100,0,52.90,101.60,249.00,1606.00,null,null,null
2023-09-10T02:18:04Z,24.84,72.18,100,0,52.59,101.60,249.00,1606.00,null,null,null
2023-09-10T02:19:04Z,24.80,72.08,100,0,51.49,101.60,249.00,1606.00,null,null,null
2023-09-10T02:20:04Z,24.78,72.12,100,0,51.14,101.60,249.00,1606.00,0,0,0
2023-09-10T02:21:04Z,24.82,72.08,100,0,49.98,101.60,245.00,1599.00,null,null,null
2023-09-10T02:22:04Z,24.80,72.27,100,0,49.42,101.59,245.00,1599.00,null,null,null
2023-09-10T02:23:04Z,24.80,72.05,100,0,49.09,101.60,236.00,1591.00,null,null,null
2023-09-10T02:24:04Z,24.80,72.20,100,0,50.66,101.60,235.00,1588.00,null,null,null
2023-09-10T02:25:04Z,24.77,72.13,100,0,56.56,101.60,235.00,1588.00,0,0,0
2023-09-10T02:26:04Z,24.75,72.18,100,0,48.93,101.60,226.00,1575.00,null,null,null
2023-09-10T02:27:04Z,24.77,72.10,100,0,52.08,101.60,226.00,1575.00,null,null,null
2023-09-10T02:28:04Z,24.77,72.16,100,0,53.84,101.60,221.00,1569.00,null,null,null
2023-09-10T02:29:04Z,24.74,72.21,100,0,55.83,101.60,221.00,1569.00,null,null,null
2023-09-10T02:30:04Z,24.75,72.18,100,0,49.39,101.60,242.00,1597.00,0,0,0
2023-09-10T02:31:04Z,24.77,72.29,100,0,51.83,101.60,221.00,1569.00,null,null,null
2023-09-10T02:32:04Z,24.74,72.24,100,0,53.96,101.60,221.00,1569.00,null,null,null
2023-09-10T02:33:04Z,24.74,72.22,100,0,54.45,101.60,219.00,1566.00,null,null,null
2023-09-10T02:34:04Z,24.75,72.15,100,0,50.48,101.60,242.00,1597.00,null,null,null
2023-09-10T02:35:04Z,24.77,72.26,100,0,52.66,101.60,221.00,1569.00,0,0,0
2023-09-10T02:36:04Z,24.75,72.34,100,0,48.70,101.60,216.00,1562.00,null,null,null
2023-09-10T02:37:04Z,24.75,72.19,100,0,46.34,101.59,216.00,1562.00,null,null,null
2023-09-10T02:38:04Z,24.75,72.26,100,0,50.16,101.59,218.00,1564.00,null,null,null
2023-09-10T02:39:04Z,24.72,72.34,100,0,54.69,101.59,216.00,1562.00,null,null,null
2023-09-10T02:40:04Z,24.71,72.41,100,0,52.54,101.58,236.00,1591.00,0,0,0
2023-09-10T02:41:04Z,24.74,72.35,100,0,52.32,101.58,232.00,1585.00,null,null,null
2023-09-10T02:42:04Z,24.71,72.26,100,0,50.10,101.59,232.00,1585.00,null,null,null
2023-09-10T02:43:04Z,24.72,72.27,100,0,54.81,101.58,232.00,1585.00,null,null,null
2023-09-10T02:44:04Z,24.71,72.37,100,0,49.02,101.58,230.00,1582.00,null,null,null
2023-09-10T02:45:04Z,24.68,72.37,100,0,49.55,101.58,232.00,1585.00,0,0,0
2023-09-10T02:46:04Z,24.72,72.31,100,0,53.26,101.58,230.00,1582.00,null,null,null
2023-09-10T02:47:04Z,24.71,72.37,100,0,52.73,101.58,230.00,1582.00,null,null,null
2023-09-10T02:48:04Z,24.68,72.43,100,0,51.29,101.58,230.00,1582.00,null,null,null
2023-09-10T02:49:04Z,24.68,72.52,100,0,52.57,101.57,225.00,1573.00,null,null,null
2023-09-10T02:50:04Z,24.68,72.40,100,0,50.88,101.57,225.00,1573.00,0,0,0
2023-09-10T02:51:04Z,24.67,72.34,100,0,55.07,101.57,225.00,1573.00,null,null,null
2023-09-10T02:52:04Z,24.68,72.51,100,0,49.97,101.57,225.00,1573.00,null,null,null
2023-09-10T02:53:04Z,24.67,72.34,100,0,54.32,101.57,225.00,1573.00,null,null,null
2023-09-10T02:54:04Z,24.66,72.57,100,0,53.25,101.57,225.00,1573.00,null,null,null
2023-09-10T02:55:04Z,24.64,72.60,100,0,54.63,101.57,225.00,1573.00,0,0,0
2023-09-10T02:56:04Z,24.66,72.67,100,0,55.56,101.56,225.00,1573.00,null,null,null
2023-09-10T02:57:04Z,24.63,72.54,100,0,54.30,101.56,225.00,1573.00,null,null,null
2023-09-10T02:58:04Z,24.64,72.60,100,0,51.77,101.55,225.00,1573.00,null,null,null
2023-09-10T02:59:04Z,24.61,72.65,100,0,49.73,101.55,225.00,1573.00,null,null,null
