TIME,TEMP,HUM,BATT,LIGHT,NOISE_A,PRESS,CCS811_VOCS,CCS811_ECO2,PM_1,PM_25,PM_10
ISO 8601,C,%,%,Lux,dBA,kPa,ppb,ppm,ug/m3,ug/m3,ug/m3
Time,Temperature,Humidity,Battery,Light,Noise dBA,Barometric pressure,VOC Gas CCS811,eCO2 Gas CCS811,PM 1.0,PM 2.5,PM 10.0
,55,56,10,14,53,58,113,112,89,87,88
2023-08-16T03:00:03Z,22.21,68.47,-1,0,33.45,101.94,null,null,0,0,0
2023-08-16T03:01:03Z,22.53,67.60,98,0,27.77,101.95,null,null,null,null,null
2023-08-16T03:02:03Z,22.55,67.28,98,0,23.49,101.94,null,null,null,null,null
2023-08-16T03:03:03Z,22.53,67.18,98,0,23.90,101.94,null,null,null,null,null
2023-08-16T03:04:03Z,22.53,67.18,98,0,21.99,101.94,null,null,null,null,null
2023-08-16T03:05:03Z,22.55,67.10,98,0,22.61,101.95,5.00,433.00,0,0,0
2023-08-16T03:06:03Z,22.54,67.15,98,0,21.18,101.95,6.00,444.00,null,null,null
2023-08-16T03:07:03Z,22.55,67.09,98,0,22.66,101.95,12.00,480.00,null,null,null
2023-08-16T03:08:03Z,22.54,67.09,98,0,35.66,101.95,16.00,508.00,null,null,null
2023-08-16T03:09:03Z,22.54,67.30,98,0,24.86,101.95,21.00,543.00,null,null,null
2023-08-16T03:10:03Z,22.54,66.96,98,0,42.98,101.95,27.00,581.00,0,0,0
2023-08-16T03:11:03Z,22.51,67.09,98,0,20.93,101.95,30.00,602.00,null,null,null
2023-08-16T03:12:03Z,22.51,67.17,98,0,22.83,101.95,32.00,611.00,null,null,null
2023-08-16T03:13:03Z,22.50,67.19,98,0,23.68,101.95,33.00,617.00,null,null,null
2023-08-16T03:14:03Z,22.50,67.29,98,0,21.49,101.95,34.00,624.00,null,null,null
2023-08-16T03:15:03Z,22.51,67.28,98,0,24.89,101.95,32.00,612.00,0,0,0
2023-08-16T03:16:03Z,22.50,67.36,98,0,24.86,101.95,30.00,603.00,null,null,null
2023-08-16T03:17:03Z,22.54,67.36,98,0,24.89,101.95,30.00,597.00,null,null,null
2023-08-16T03:18:03Z,22.53,67.37,98,0,41.35,101.95,30.00,597.00,null,null,null
2023-08-16T03:19:03Z,22.51,67.44,98,0,24.23,101.95,30.00,597.00,null,null,null
2023-08-16T03:20:03Z,22.51,67.42,98,0,23.35,101.95,29.00,591.00,0,0,0
2023-08-16T03:21:03Z,22.54,67.43,98,0,22.12,101.96,29.00,591.00,null,null,null
2023-08-16T03:22:03Z,22.53,67.46,98,0,22.43,101.96,28.00,588.00,null,null,null
2023-08-16T03:23:03Z,22.53,67.45,98,0,22.37,101.96,28.00,588.00,null,null,null
2023-08-16T03:24:03Z,22.55,67.45,98,0,23.05,101.96,27.00,580.00,null,null,null
2023-08-16T03:25:03Z,22.57,67.43,98,0,21.71,101.96,27.00,580.00,0,0,0
2023-08-16T03:26:03Z,22.55,67.47,98,0,23.94,101.96,27.00,580.00,null,null,null
2023-08-16T03:27:03Z,22.58,67.47,98,0,23.86,101.97,27.00,580.00,null,null,null
2023-08-16T03:28:03Z,22.57,67.47,98,0,22.31,101.96,27.00,580.00,null,null,null
2023-08-16T03:29:03Z,22.58,67.45,98,0,22.99,101.96,26.00,574.00,null,null,null
2023-08-16T03:30:03Z,22.59,67.44,98,0,19.98,101.96,26.00,574.00,0,0,0
2023-08-16T03:31:03Z,22.57,67.46,98,0,23.68,101.96,27.00,580.00,null,null,null
2023-08-16T03:32:03Z,22.55,67.43,98,0,22.12,101.96,26.00,574.00,null,null,null
2023-08-16T03:33:03Z,22.55,67.51,98,0,22.31,101.97,26.00,574.00,null,null,null
2023-08-16T03:34:03Z,22.54,67.53,98,0,23.20,101.96,25.00,570.00,null,null,null
2023-08-16T03:35:03Z,22.53,67.60,98,0,22.89,101.96,25.00,570.00,0,0,0
2023-08-16T03:36:03Z,22.51,67.61,98,0,24.58,101.96,25.00,570.00,null,null,null
2023-08-16T03:37:03Z,22.50,67.67,98,0,20.67,101.96,25.00,570.00,null,null,null
2023-08-16T03:38:03Z,22.48,67.70,98,0,30.55,101.96,25.00,566.00,null,null,null
2023-08-16T03:39:03Z,22.43,67.74,98,0,24.03,101.96,25.00,566.00,null,null,null
2023-08-16T03:40:03Z,22.44,67.78,98,0,23.45,101.96,25.00,566.00,0,0,0
2023-08-16T03:41:03Z,22.44,67.83,98,0,24.07,101.96,24.00,560.00,null,null,null
2023-08-16T03:42:03Z,22.45,67.83,98,0,23.86,101.96,24.00,560.00,null,null,null
2023-08-16T03:43:03Z,22.41,67.83,98,0,22.31,101.96,24.00,560.00,null,null,null
2023-08-16T03:44:03Z,22.38,67.88,98,0,21.26,101.97,24.00,560.00,null,null,null
2023-08-16T03:45:03Z,22.38,67.96,98,0,22.83,101.97,24.00,560.00,0,0,0
2023-08-16T03:46:03Z,22.37,67.97,98,0,24.23,101.97,24.00,560.00,null,null,null
2023-08-16T03:47:03Z,22.37,67.98,98,0,25.38,101.96,24.00,560.00,null,null,null
2023-08-16T03:48:03Z,22.34,67.98,98,0,23.49,101.96,23.00,552.00,null,null,null
2023-08-16T03:49:03Z,22.34,68.01,98,0,20.48,101.97,23.00,552.00,null,null,null
2023-08-16T03:50:03Z,22.31,68.05,98,0,22.83,101.96,23.00,552.00,0,0,0
2023-08-16T03:51:03Z,22.34,68.04,98,0,23.59,101.96,23.00,552.00,null,null,null
2023-08-16T03:52:03Z,22.31,68.09,98,0,22.72,101.96,23.00,552.00,null,null,null
2023-08-16T03:53:03Z,22.31,68.05,98,0,24.27,101.97,23.00,552.00,null,null,null
2023-08-16T03:54:03Z,22.30,68.14,98,0,22.89,101.97,23.00,551.00,null,null,null
2023-08-16T03:55:03Z,22.28,68.10,98,0,23.35,101.97,21.00,543.00,0,0,0
2023-08-16T03:56:03Z,22.28,68.17,98,0,21.56,101.97,21.00,543.00,null,null,null
2023-08-16T03:57:03Z,22.27,68.16,98,0,22.12,101.97,21.00,543.00,null,null,null
2023-08-16T03:58:03Z,22.28,68.10,98,0,25.73,101.97,21.00,543.00,null,null,null
2023-08-16T03:59:03Z,22.26,68.19,98,0,25.59,101.97,21.00,543.00,null,null,null
2023-08-16T04:00:03Z,22.27,68.18,98,0,23.81,101.97,23.00,551.00,0,0,0
2023-08-16T04:01:03Z,22.24,68.25,98,0,24.76,101.97,21.00,543.00,null,null,null
2023-08-16T04:02:03Z,22.26,68.18,98,0,21.41,101.96,29.00,596.00,null,null,null
2023-08-16T04:03:03Z,22.26,68.22,98,0,32.05,101.97,21.00,543.00,null,null,null
2023-08-16T04:04:03Z,22.23,68.25,98,0,24.61,101.97,21.00,543.00,null,null,null
2023-08-16T04:05:03Z,22.22,68.23,98,0,24.76,101.97,28.00,588.00,0,0,0
2023-08-16T04:06:03Z,22.24,68.23,98,0,22.72,101.97,29.00,592.00,null,null,null
2023-08-16T04:07:03Z,22.23,68.19,98,0,24.31,101.97,30.00,600.00,null,null,null
2023-08-16T04:08:03Z,22.22,68.23,98,0,24.35,101.97,29.00,592.00,null,null,null
2023-08-16T04:09:03Z,22.22,68.27,98,0,22.66,101.97,28.00,586.00,null,null,null
2023-08-16T04:10:03Z,22.20,68.26,98,0,21.41,101.97,28.00,588.00,0,0,0
2023-08-16T04:11:03Z,22.20,68.25,98,0,22.37,101.97,27.00,580.00,null,null,null
2023-08-16T04:12:03Z,22.23,68.27,98,0,23.59,101.97,28.00,588.00,null,null,null
2023-08-16T04:13:03Z,22.20,68.28,98,0,22.55,101.97,28.00,588.00,null,null,null
2023-08-16T04:14:03Z,22.17,68.29,98,0,24.65,101.97,27.00,580.00,null,null,null
2023-08-16T04:15:03Z,22.20,68.29,98,0,22.99,101.97,28.00,588.00,0,0,0
2023-08-16T04:16:03Z,22.16,68.30,98,0,23.72,101.97,28.00,588.00,null,null,null
2023-08-16T04:17:03Z,22.19,68.29,98,0,23.90,101.97,28.00,588.00,null,null,null
2023-08-16T04:18:03Z,22.20,68.28,98,0,23.54,101.97,28.00,588.00,null,null,null
2023-08-16T04:19:03Z,22.17,68.27,98,0,23.81,101.97,28.00,588.00,null,null,null
2023-08-16T04:20:03Z,22.17,68.31,98,0,23.15,101.97,28.00,588.00,0,0,0
2023-08-16T04:21:03Z,22.17,68.34,98,0,23.94,101.97,28.00,588.00,null,null,null
2023-08-16T04:22:03Z,22.17,68.28,98,0,22.24,101.97,28.00,588.00,null,null,null
2023-08-16T04:23:03Z,22.17,68.33,98,0,22.99,101.97,28.00,588.00,null,null,null
2023-08-16T04:24:03Z,22.16,68.30,98,0,22.18,101.98,27.00,580.00,null,null,null
2023-08-16T04:25:03Z,22.16,68.33,98,0,21.85,101.97,27.00,580.00,0,0,0
2023-08-16T04:26:03Z,22.13,68.34,98,0,22.78,101.97,28.00,588.00,null,null,null
2023-08-16T04:27:03Z,22.14,68.30,98,0,21.85,101.97,28.00,588.00,null,null,null
2023-08-16T04:28:03Z,22.16,68.31,98,0,23.40,101.97,27.00,580.00,null,null,null
2023-08-16T04:29:03Z,22.14,68.29,98,0,23.59,101.97,28.00,588.00,null,null,null
2023-08-16T04:30:03Z,22.14,68.31,98,0,22.31,101.97,27.00,580.00,0,0,0
2023-08-16T04:31:03Z,22.14,68.34,98,0,22.43,101.97,28.00,588.00,null,null,null
2023-08-16T04:32:03Z,22.14,68.31,98,0,22.83,101.97,27.00,580.00,null,null,null
2023-08-16T04:33:03Z,22.14,68.30,98,0,24.27,101.97,27.00,580.00,null,null,null
2023-08-16T04:34:03Z,22.13,68.31,98,0,21.41,101.98,27.00,580.00,null,null,null
2023-08-16T04:35:03Z,22.13,68.31,98,0,20.29,101.98,27.00,580.00,0,0,0
2023-08-16T04:36:03Z,22.12,68.30,97,0,21.99,101.98,27.00,580.00,null,null,null
2023-08-16T04:37:03Z,22.13,68.24,98,0,24.27,101.98,27.00,580.00,null,null,null
2023-08-16T04:38:03Z,22.10,68.26,98,0,24.65,101.98,27.00,580.00,null,null,null
2023-08-16T04:39:03Z,22.12,68.25,98,0,24.39,101.98,26.00,575.00,null,null,null
2023-08-16T04:40:03Z,22.10,68.28,98,0,22.72,101.98,27.00,580.00,0,0,0
2023-08-16T04:41:03Z,22.12,68.31,97,0,27.24,101.98,27.00,580.00,null,null,null
2023-08-16T04:42:03Z,22.12,68.30,98,0,25.26,101.98,26.00,575.00,null,null,null
2023-08-16T04:43:03Z,22.10,68.27,98,0,21.99,101.98,27.00,580.00,null,null,null
2023-08-16T04:44:03Z,22.10,68.22,98,0,23.05,101.98,26.00,575.00,null,null,null
2023-08-16T04:45:03Z,22.10,68.30,98,0,24.39,101.98,27.00,580.00,0,0,0
2023-08-16T04:46:03Z,22.12,68.30,98,0,22.66,101.98,26.00,575.00,null,null,null
2023-08-16T04:47:03Z,22.10,68.27,97,0,24.72,101.98,27.00,580.00,null,null,null
2023-08-16T04:48:03Z,22.12,68.26,97,0,21.18,101.98,26.00,575.00,null,null,null
2023-08-16T04:49:03Z,22.12,68.29,97,0,20.39,101.98,26.00,575.00,null,null,null
2023-08-16T04:50:03Z,22.09,68.27,97,0,23.35,101.98,26.00,575.00,0,0,0
2023-08-16T04:51:03Z,22.10,68.27,97,0,23.59,101.98,26.00,575.00,null,null,null
2023-08-16T04:52:03Z,22.07,68.21,97,0,23.15,101.98,26.00,575.00,null,null,null
2023-08-16T04:53:03Z,22.10,68.24,97,0,22.99,101.98,26.00,574.00,null,null,null
2023-08-16T04:54:03Z,22.07,68.23,97,0,26.24,101.98,26.00,574.00,null,null,null
2023-08-16T04:55:03Z,22.09,68.24,97,0,23.20,101.99,26.00,574.00,0,0,0
2023-08-16T04:56:03Z,22.06,68.27,97,0,23.20,101.99,27.00,580.00,null,null,null
2023-08-16T04:57:03Z,22.09,68.18,97,0,24.65,101.99,26.00,575.00,null,null,null
2023-08-16T04:58:03Z,22.09,68.17,97,0,23.90,101.99,27.00,580.00,null,null,null
2023-08-16T04:59:03Z,22.07,68.22,97,0,23.63,101.99,26.00,574.00,null,null,null
2023-08-16T05:00:03Z,22.04,68.20,97,0,24.23,101.99,26.00,574.00,0,0,0
2023-08-16T05:01:03Z,22.06,68.25,97,0,23.63,101.99,25.00,566.00,null,null,null
2023-08-16T05:02:03Z,22.06,68.21,97,0,21.26,102.00,25.00,569.00,null,null,null
2023-08-16T05:03:03Z,22.04,68.21,97,0,23.10,101.99,26.00,574.00,null,null,null
2023-08-16T05:04:03Z,22.06,68.25,97,0,24.03,101.99,26.00,574.00,null,null,null
2023-08-16T05:05:03Z,22.04,68.19,97,0,21.18,101.99,25.00,569.00,0,0,0
2023-08-16T05:06:03Z,22.06,68.21,97,0,21.34,102.00,25.00,566.00,null,null,null
2023-08-16T05:07:03Z,22.06,68.21,97,0,22.83,102.00,26.00,574.00,null,null,null
2023-08-16T05:08:03Z,22.06,68.22,97,0,22.99,102.00,25.00,566.00,null,null,null
2023-08-16T05:09:03Z,22.06,68.21,97,0,24.15,102.00,26.00,574.00,null,null,null
2023-08-16T05:10:03Z,22.04,68.21,97,0,23.25,102.00,25.00,566.00,0,0,0
2023-08-16T05:11:03Z,22.06,68.22,97,0,23.98,102.01,26.00,574.00,null,null,null
2023-08-16T05:12:03Z,22.04,68.21,97,0,23.49,102.01,26.00,574.00,null,null,null
2023-08-16T05:13:03Z,22.03,68.20,97,0,24.07,102.01,25.00,566.00,null,null,null
2023-08-16T05:14:03Z,22.04,68.20,97,0,20.76,102.01,25.00,566.00,null,null,null
2023-08-16T05:15:03Z,22.02,68.15,97,0,21.99,102.01,25.00,566.00,0,0,0
2023-08-16T05:16:03Z,22.03,68.21,97,0,22.78,102.01,26.00,574.00,null,null,null
2023-08-16T05:17:03Z,22.02,68.14,97,0,22.83,102.01,25.00,566.00,null,null,null
2023-08-16T05:18:03Z,22.03,68.17,97,0,23.15,102.02,25.00,566.00,null,null,null
2023-08-16T05:19:03Z,22.00,68.15,97,0,21.85,102.01,25.00,566.00,null,null,null
2023-08-16T05:20:03Z,22.02,68.16,97,0,23.77,102.01,25.00,566.00,0,0,0
2023-08-16T05:21:03Z,22.02,68.18,97,0,24.03,102.02,25.00,566.00,null,null,null
2023-08-16T05:22:03Z,22.04,68.03,97,0,21.85,102.01,25.00,566.00,null,null,null
2023-08-16T05:23:03Z,22.03,67.39,97,0,23.68,102.02,23.00,553.00,null,null,null
2023-08-16T05:24:03Z,22.00,67.27,97,0,24.39,102.01,20.00,536.00,null,null,null
2023-08-16T05:25:03Z,21.99,67.26,97,0,24.23,102.02,18.00,524.00,0,0,0
2023-08-16T05:26:03Z,22.00,67.21,97,0,21.92,102.02,18.00,519.00,null,null,null
2023-08-16T05:27:03Z,21.97,67.12,97,0,25.47,102.02,17.00,514.00,null,null,null
2023-08-16T05:28:03Z,21.99,67.06,97,0,23.05,102.02,14.00,498.00,null,null,null
2023-08-16T05:29:03Z,21.96,66.97,97,0,24.68,102.02,14.00,498.00,null,null,null
2023-08-16T05:30:03Z,21.95,67.02,97,0,25.22,102.03,13.00,488.00,0,0,0
2023-08-16T05:31:03Z,21.95,67.04,97,0,24.83,102.02,13.00,488.00,null,null,null
2023-08-16T05:32:03Z,21.93,67.04,97,0,23.77,102.03,11.00,478.00,null,null,null
2023-08-16T05:33:03Z,21.93,66.95,97,0,21.26,102.03,11.00,473.00,null,null,null
2023-08-16T05:34:03Z,21.89,66.93,97,0,23.30,102.03,9.00,465.00,null,null,null
2023-08-16T05:35:03Z,21.86,66.95,97,0,23.25,102.03,9.00,462.00,0,0,0
2023-08-16T05:36:03Z,21.86,66.95,97,0,24.96,102.03,9.00,465.00,null,null,null
2023-08-16T05:37:03Z,21.85,66.98,97,0,21.64,102.03,8.00,456.00,null,null,null
2023-08-16T05:38:03Z,21.87,66.93,97,0,23.90,102.03,7.00,452.00,null,null,null
2023-08-16T05:39:03Z,21.82,67.02,97,0,23.63,102.03,7.00,452.00,null,null,null
2023-08-16T05:40:03Z,21.80,67.00,97,0,23.90,102.03,7.00,447.00,0,0,0
2023-08-16T05:41:03Z,21.82,67.02,97,0,21.10,102.03,7.00,452.00,null,null,null
2023-08-16T05:42:03Z,21.76,67.02,97,0,24.27,102.03,6.00,445.00,null,null,null
2023-08-16T05:43:03Z,21.79,67.03,97,0,24.43,102.03,6.00,445.00,null,null,null
2023-08-16T05:44:03Z,21.78,66.94,97,0,23.59,102.03,6.00,441.00,null,null,null
2023-08-16T05:45:03Z,21.76,66.94,97,0,23.10,102.03,6.00,441.00,0,0,0
2023-08-16T05:46:03Z,21.73,67.05,97,0,24.27,102.03,5.00,435.00,null,null,null
2023-08-16T05:47:03Z,21.75,66.98,97,0,23.35,102.04,11.00,473.00,null,null,null
2023-08-16T05:48:03Z,21.75,66.98,97,0,22.72,102.04,4.00,428.00,null,null,null
2023-08-16T05:49:03Z,21.69,66.95,97,0,25.90,102.04,4.00,428.00,null,null,null
2023-08-16T05:50:03Z,21.71,66.99,97,0,23.10,102.04,3.00,425.00,0,0,0
2023-08-16T05:51:03Z,21.69,67.01,97,0,23.72,102.04,8.00,457.00,null,null,null
2023-08-16T05:52:03Z,21.71,66.95,97,0,26.60,102.04,9.00,465.00,null,null,null
2023-08-16T05:53:03Z,21.68,66.90,97,0,24.50,102.04,9.00,462.00,null,null,null
2023-08-16T05:54:03Z,21.66,66.86,97,0,21.92,102.04,8.00,457.00,null,null,null
2023-08-16T05:55:03Z,21.66,66.95,97,0,21.92,102.04,7.00,452.00,0,0,0
2023-08-16T05:56:03Z,21.65,67.01,97,0,22.89,102.04,7.00,452.00,null,null,null
2023-08-16T05:57:03Z,21.65,67.00,97,0,24.86,102.04,7.00,452.00,null,null,null
2023-08-16T05:58:03Z,21.66,66.98,97,0,23.05,102.04,7.00,447.00,null,null,null
2023-08-16T05:59:03Z,21.61,67.00,97,0,21.56,102.04,6.00,444.00,null,null,null
2023-08-16T06:00:03Z,21.61,67.00,97,0,22.94,102.04,6.00,444.00,0,0,0
2023-08-16T06:01:03Z,21.64,67.09,97,0,28.47,102.04,6.00,444.00,null,null,null
2023-08-16T06:02:03Z,21.61,67.13,97,0,26.24,102.04,7.00,447.00,null,null,null
2023-08-16T06:03:03Z,21.57,66.99,97,0,24.31,102.04,6.00,444.00,null,null,null
2023-08-16T06:04:03Z,21.61,67.03,97,0,25.47,102.04,5.00,439.00,null,null,null
2023-08-16T06:05:03Z,21.59,67.02,97,0,25.90,102.04,5.00,439.00,0,0,0
2023-08-16T06:06:03Z,21.58,67.08,97,0,23.59,102.04,6.00,444.00,null,null,null
2023-08-16T06:07:03Z,21.58,67.08,97,0,24.76,102.04,5.00,439.00,null,null,null
2023-08-16T06:08:03Z,21.57,67.06,97,0,24.58,102.04,5.00,439.00,null,null,null
2023-08-16T06:09:03Z,21.54,67.05,97,0,22.83,102.04,5.00,439.00,null,null,null
2023-08-16T06:10:03Z,21.55,67.03,97,0,23.90,102.04,5.00,434.00,0,0,0
2023-08-16T06:11:03Z,21.55,67.05,97,0,24.27,102.04,5.00,439.00,null,null,null
2023-08-16T06:12:03Z,21.55,67.07,97,0,25.50,102.05,5.00,434.00,null,null,null
2023-08-16T06:13:03Z,21.55,67.09,97,0,21.56,102.04,5.00,434.00,null,null,null
2023-08-16T06:14:03Z,21.51,67.03,97,0,23.86,102.04,4.00,427.00,null,null,null
2023-08-16T06:15:03Z,21.52,67.05,97,0,23.98,102.05,3.00,425.00,0,0,0
2023-08-16T06:16:03Z,21.51,67.08,97,0,24.46,102.05,4.00,427.00,null,null,null
2023-08-16T06:17:03Z,21.51,67.06,97,0,24.96,102.05,4.00,427.00,null,null,null
2023-08-16T06:18:03Z,21.51,67.05,97,0,25.41,102.05,3.00,425.00,null,null,null
2023-08-16T06:19:03Z,21.49,67.06,97,0,23.20,102.05,3.00,421.00,null,null,null
2023-08-16T06:20:03Z,21.48,67.06,97,0,24.23,102.05,3.00,421.00,0,0,0
2023-08-16T06:21:03Z,21.48,67.24,97,0,24.39,102.05,3.00,425.00,null,null,null
2023-08-16T06:22:03Z,21.49,67.14,97,0,25.73,102.05,3.00,425.00,null,null,null
2023-08-16T06:23:03Z,21.46,67.20,97,0,20.93,102.05,3.00,421.00,null,null,null
2023-08-16T06:24:03Z,21.48,67.23,97,0,24.61,102.05,3.00,425.00,null,null,null
2023-08-16T06:25:03Z,21.46,67.22,97,0,24.07,102.05,3.00,425.00,0,0,0
2023-08-16T06:26:03Z,21.48,67.25,97,0,21.02,102.06,4.00,427.00,null,null,null
2023-08-16T06:27:03Z,21.46,67.23,97,0,24.23,102.05,3.00,424.00,null,null,null
2023-08-16T06:28:03Z,21.46,67.11,97,0,24.54,102.05,3.00,425.00,null,null,null
2023-08-16T06:29:03Z,21.48,66.98,97,0,25.22,102.06,3.00,421.00,null,null,null
2023-08-16T06:30:03Z,21.44,67.01,97,0,23.15,102.07,1.00,408.00,0,0,0
2023-08-16T06:31:03Z,21.45,67.04,97,0,22.83,102.06,1.00,413.00,null,null,null
2023-08-16T06:32:03Z,21.45,67.04,97,0,22.31,102.06,1.00,408.00,null,null,null
2023-08-16T06:33:03Z,21.44,67.00,97,0,25.98,102.06,0.00,405.00,null,null,null
2023-08-16T06:34:03Z,21.44,67.01,97,0,25.38,102.06,0.00,405.00,null,null,null
2023-08-16T06:35:03Z,21.41,67.01,97,0,25.26,102.06,0.00,400.00,0,0,0
2023-08-16T06:36:03Z,21.42,67.05,97,0,23.68,102.06,0.00,400.00,null,null,null
2023-08-16T06:37:03Z,21.44,67.05,97,0,24.76,102.06,0.00,400.00,null,null,null
2023-08-16T06:38:03Z,21.41,66.95,97,0,24.23,102.06,0.00,400.00,null,null,null
2023-08-16T06:39:03Z,21.39,67.00,97,0,26.26,102.06,0.00,400.00,null,null,null
2023-08-16T06:40:03Z,21.39,67.02,97,0,23.54,102.06,0.00,400.00,0,0,0
2023-08-16T06:41:03Z,21.39,67.09,97,0,27.66,102.06,0.00,400.00,null,null,null
2023-08-16T06:42:03Z,21.38,67.06,97,0,24.31,102.05,0.00,405.00,null,null,null
2023-08-16T06:43:03Z,21.37,67.06,97,0,25.06,102.06,0.00,405.00,null,null,null
2023-08-16T06:44:03Z,21.35,67.05,97,0,23.94,102.06,0.00,405.00,null,null,null
2023-08-16T06:45:03Z,21.35,67.02,97,0,24.11,102.06,0.00,400.00,0,0,0
2023-08-16T06:46:03Z,21.37,67.38,97,0,23.98,102.06,0.00,400.00,null,null,null
2023-08-16T06:47:03Z,21.34,67.42,97,0,23.25,102.06,2.00,414.00,null,null,null
2023-08-16T06:48:03Z,21.37,67.42,97,0,24.11,102.06,3.00,421.00,null,null,null
2023-08-16T06:49:03Z,21.35,67.49,97,0,24.11,102.06,4.00,428.00,null,null,null
2023-08-16T06:50:03Z,21.37,67.44,97,0,21.85,102.06,5.00,435.00,0,0,0
2023-08-16T06:51:03Z,21.35,67.49,97,0,23.86,102.06,5.00,435.00,null,null,null
2023-08-16T06:52:03Z,21.37,67.54,97,0,25.76,102.06,6.00,444.00,null,null,null
2023-08-16T06:53:03Z,21.37,67.49,97,0,23.59,102.07,7.00,448.00,null,null,null
2023-08-16T06:54:03Z,21.38,67.48,97,0,23.40,102.06,7.00,448.00,null,null,null
2023-08-16T06:55:03Z,21.39,67.53,97,0,26.19,102.07,7.00,448.00,0,0,0
2023-08-16T06:56:03Z,21.38,67.54,97,0,24.15,102.06,7.00,451.00,null,null,null
2023-08-16T06:57:03Z,21.39,67.55,97,0,26.29,102.06,8.00,456.00,null,null,null
2023-08-16T06:58:03Z,21.38,67.52,97,0,33.18,102.06,9.00,461.00,null,null,null
2023-08-16T06:59:03Z,21.39,67.57,97,1,24.61,102.06,9.00,461.00,null,null,null
2023-08-16T07:00:03Z,21.39,67.51,97,0,30.85,102.06,9.00,465.00,0,0,0
2023-08-16T07:01:03Z,21.41,67.41,97,0,29.62,102.06,12.00,482.00,null,null,null
2023-08-16T07:02:03Z,21.41,67.33,97,0,62.08,102.06,12.00,482.00,null,null,null
2023-08-16T07:03:03Z,21.39,67.81,97,1,24.50,102.07,12.00,482.00,null,null,null
2023-08-16T07:04:03Z,21.41,67.49,97,1,31.63,102.06,13.00,486.00,null,null,null
2023-08-16T07:05:03Z,21.38,67.43,97,1,23.59,102.06,14.00,492.00,0,0,0
2023-08-16T07:06:03Z,21.39,67.40,97,1,34.22,102.07,12.00,482.00,null,null,null
2023-08-16T07:07:03Z,21.41,67.55,97,0,26.91,102.06,13.00,487.00,null,null,null
2023-08-16T07:08:03Z,21.42,67.60,97,0,27.08,102.07,14.00,492.00,null,null,null
