TIME,TEMP,HUM,BATT,LIGHT,NOISE_A,PRESS,CCS811_VOCS,CCS811_ECO2,PM_1,PM_25,PM_10
ISO 8601,C,%,%,Lux,dBA,kPa,ppb,ppm,ug/m3,ug/m3,ug/m3
Time,Temperature,Humidity,Battery,Light,Noise dBA,Barometric pressure,VOC Gas CCS811,eCO2 Gas CCS811,PM 1.0,PM 2.5,PM 10.0
,55,56,10,14,53,58,113,112,89,87,88
2023-08-16T00:00:37Z,22.27,67.72,99,0,22.99,101.92,0.00,405.00,null,null,null
2023-08-16T00:01:37Z,22.24,67.73,99,0,24.46,101.92,2.00,414.00,null,null,null
2023-08-16T00:02:37Z,22.25,67.76,99,0,22.24,101.92,6.00,442.00,0,0,0
2023-08-16T00:03:37Z,22.28,67.75,99,0,25.03,101.92,1.00,409.00,null,null,null
2023-08-16T00:04:37Z,22.25,67.74,99,0,22.43,101.92,0.00,405.00,null,null,null
2023-08-16T00:05:37Z,22.27,67.74,99,0,21.49,101.92,2.00,414.00,null,null,null
2023-08-16T00:06:37Z,22.27,67.76,99,0,22.78,101.92,2.00,414.00,null,null,null
2023-08-16T00:07:37Z,22.24,67.75,99,0,23.45,101.92,1.00,409.00,0,0,0
2023-08-16T00:08:37Z,22.27,67.69,99,0,23.90,101.92,3.00,422.00,null,null,null
2023-08-16T00:09:37Z,22.27,67.76,99,0,21.41,101.92,2.00,414.00,null,null,null
2023-08-16T00:10:37Z,22.27,67.73,99,0,23.94,101.92,1.00,409.00,null,null,null
2023-08-16T00:11:37Z,22.25,67.71,99,0,24.15,101.92,1.00,409.00,null,null,null
2023-08-16T00:12:37Z,22.25,67.76,99,0,21.92,101.92,2.00,414.00,0,0,0
2023-08-16T00:13:37Z,22.27,67.73,99,0,22.99,101.92,0.00,405.00,null,null,null
2023-08-16T00:14:37Z,22.28,67.70,99,0,22.61,101.92,1.00,409.00,null,null,null
2023-08-16T00:15:37Z,22.28,67.74,99,0,24.11,101.92,1.00,409.00,null,null,null
2023-08-16T00:16:37Z,22.27,67.71,99,0,22.99,101.92,1.00,409.00,null,null,null
2023-08-16T00:17:37Z,22.27,67.74,99,0,19.88,101.92,1.00,409.00,0,0,0
2023-08-16T00:18:37Z,22.28,67.70,99,0,23.05,101.92,1.00,409.00,null,null,null
2023-08-16T00:19:37Z,22.27,67.69,99,0,22.37,101.91,1.00,409.00,null,null,null
2023-08-16T00:20:37Z,22.27,67.69,99,0,24.43,101.91,1.00,409.00,null,null,null
2023-08-16T00:21:37Z,22.28,67.75,99,0,23.77,101.92,1.00,409.00,null,null,null
2023-08-16T00:22:37Z,22.27,67.73,99,0,24.96,101.92,0.00,405.00,0,0,0
2023-08-16T00:23:37Z,22.27,67.74,99,0,25.76,101.91,1.00,409.00,null,null,null
2023-08-16T00:24:37Z,22.27,67.68,99,0,20.58,101.91,1.00,409.00,null,null,null
2023-08-16T00:25:37Z,22.28,67.71,99,0,20.93,101.91,1.00,409.00,null,null,null
2023-08-16T00:26:37Z,22.24,67.72,99,0,22.72,101.91,1.00,409.00,null,null,null
2023-08-16T00:27:37Z,22.27,67.72,99,0,21.99,101.91,5.00,433.00,0,0,0
2023-08-16T00:28:37Z,22.27,67.68,99,0,21.10,101.91,1.00,409.00,null,null,null
2023-08-16T00:29:37Z,22.25,67.70,99,0,21.78,101.91,1.00,409.00,null,null,null
2023-08-16T00:30:37Z,22.27,67.75,99,0,21.02,101.91,1.00,409.00,null,null,null
2023-08-16T00:31:37Z,22.25,67.71,99,0,22.78,101.91,0.00,405.00,null,null,null
2023-08-16T00:32:37Z,22.25,67.71,99,0,21.49,101.91,1.00,409.00,0,0,0
2023-08-16T00:33:37Z,22.28,67.73,99,0,24.27,101.91,0.00,405.00,null,null,null
2023-08-16T00:34:37Z,22.24,67.72,99,0,23.35,101.91,0.00,405.00,null,null,null
2023-08-16T00:35:37Z,22.27,67.73,99,0,26.64,101.91,3.00,426.00,null,null,null
2023-08-16T00:36:37Z,22.25,67.70,99,0,25.29,101.91,3.00,426.00,null,null,null
2023-08-16T00:37:37Z,22.25,67.74,99,0,22.89,101.91,1.00,409.00,0,0,0
2023-08-16T00:38:37Z,22.25,67.66,99,0,23.20,101.90,1.00,409.00,null,null,null
2023-08-16T00:39:37Z,22.24,67.71,99,0,20.85,101.91,0.00,405.00,null,null,null
2023-08-16T00:40:37Z,22.27,67.70,99,0,20.39,101.90,3.00,426.00,null,null,null
2023-08-16T00:41:37Z,22.25,67.69,99,0,22.18,101.91,2.00,414.00,null,null,null
2023-08-16T00:42:37Z,22.23,67.70,99,0,23.77,101.90,1.00,409.00,0,0,0
2023-08-16T00:43:37Z,22.25,67.69,99,0,23.05,101.90,3.00,426.00,null,null,null
2023-08-16T00:44:37Z,22.27,67.67,99,0,21.99,101.90,0.00,405.00,null,null,null
2023-08-16T00:45:37Z,22.24,67.69,99,0,21.85,101.90,1.00,409.00,null,null,null
2023-08-16T00:46:37Z,22.27,67.70,99,0,21.78,101.90,3.00,426.00,null,null,null
2023-08-16T00:47:37Z,22.25,67.71,99,0,23.25,101.90,2.00,414.00,0,0,0
2023-08-16T00:48:37Z,22.25,67.74,99,0,22.89,101.90,0.00,405.00,null,null,null
2023-08-16T00:49:37Z,22.25,67.70,99,0,21.85,101.90,0.00,405.00,null,null,null
2023-08-16T00:50:37Z,22.27,67.69,99,0,22.49,101.90,1.00,409.00,null,null,null
2023-08-16T00:51:37Z,22.24,67.65,99,0,21.41,101.90,0.00,405.00,null,null,null
2023-08-16T00:52:37Z,22.25,67.72,99,0,20.48,101.90,3.00,426.00,0,0,0
2023-08-16T00:53:37Z,22.27,67.70,99,0,22.83,101.90,1.00,409.00,null,null,null
2023-08-16T00:54:37Z,22.27,67.72,99,0,23.98,101.90,0.00,405.00,null,null,null
2023-08-16T00:55:37Z,22.28,67.69,99,0,23.35,101.90,0.00,405.00,null,null,null
2023-08-16T00:56:37Z,22.25,67.69,99,0,24.27,101.90,1.00,409.00,null,null,null
2023-08-16T00:57:37Z,22.25,67.70,99,0,22.05,101.90,0.00,405.00,0,0,0
2023-08-16T00:58:37Z,22.25,67.67,99,0,23.15,101.90,0.00,405.00,null,null,null
2023-08-16T00:59:37Z,22.25,67.67,99,0,23.72,101.90,0.00,405.00,null,null,null
2023-08-16T01:00:37Z,22.28,67.65,99,0,23.30,101.90,0.00,405.00,null,null,null
2023-08-16T01:01:37Z,22.24,67.68,99,0,22.31,101.90,1.00,409.00,null,null,null
2023-08-16T01:02:37Z,22.21,67.70,99,0,23.20,101.90,3.00,426.00,0,0,0
2023-08-16T01:03:37Z,22.27,67.69,99,0,22.78,101.90,5.00,433.00,null,null,null
2023-08-16T01:04:37Z,22.27,67.66,99,0,21.99,101.90,1.00,409.00,null,null,null
2023-08-16T01:05:37Z,22.25,67.67,99,0,21.64,101.90,1.00,409.00,null,null,null
2023-08-16T01:06:37Z,22.25,67.69,99,0,22.37,101.90,0.00,405.00,null,null,null
2023-08-16T01:07:37Z,22.25,67.69,99,0,20.85,101.90,1.00,409.00,0,0,0
2023-08-16T01:08:37Z,22.24,67.65,99,0,23.05,101.90,0.00,405.00,null,null,null
2023-08-16T01:09:37Z,22.24,67.68,99,0,24.83,101.90,3.00,426.00,null,null,null
2023-08-16T01:10:37Z,22.23,67.68,99,0,22.05,101.90,5.00,433.00,null,null,null
2023-08-16T01:11:37Z,22.25,67.66,99,0,21.56,101.90,5.00,433.00,null,null,null
2023-08-16T01:12:37Z,22.25,67.67,99,0,24.68,101.90,1.00,409.00,0,0,0
2023-08-16T01:13:37Z,22.25,67.63,99,0,21.49,101.90,0.00,405.00,null,null,null
2023-08-16T01:14:37Z,22.25,67.69,99,0,22.55,101.90,0.00,405.00,null,null,null
2023-08-16T01:15:37Z,22.25,67.63,99,0,21.26,101.90,0.00,405.00,null,null,null
2023-08-16T01:16:37Z,22.25,67.64,99,0,22.37,101.90,1.00,409.00,null,null,null
2023-08-16T01:17:37Z,22.24,67.67,99,0,22.89,101.90,0.00,405.00,0,0,0
2023-08-16T01:18:37Z,22.25,67.64,99,0,23.90,101.90,3.00,422.00,null,null,null
2023-08-16T01:19:37Z,22.27,67.63,99,0,26.06,101.91,0.00,405.00,null,null,null
2023-08-16T01:20:37Z,22.25,67.64,99,0,22.43,101.91,0.00,405.00,null,null,null
2023-08-16T01:21:37Z,22.28,67.65,99,0,23.77,101.90,1.00,409.00,null,null,null
2023-08-16T01:22:37Z,22.25,67.68,99,0,22.31,101.91,0.00,405.00,0,0,0
2023-08-16T01:23:37Z,22.25,67.63,99,0,22.83,101.91,0.00,405.00,null,null,null
2023-08-16T01:24:37Z,22.27,67.64,99,0,21.56,101.91,0.00,405.00,null,null,null
2023-08-16T01:25:37Z,22.24,67.65,99,0,21.10,101.91,0.00,405.00,null,null,null
2023-08-16T01:26:37Z,22.25,67.66,99,0,23.54,101.91,3.00,426.00,null,null,null
2023-08-16T01:27:37Z,22.24,67.68,99,0,23.35,101.92,0.00,405.00,0,0,0
2023-08-16T01:28:37Z,22.28,67.64,99,0,23.98,101.91,3.00,422.00,null,null,null
2023-08-16T01:29:37Z,22.24,67.67,99,0,22.55,101.92,0.00,405.00,null,null,null
2023-08-16T01:30:37Z,22.24,67.65,99,0,22.12,101.92,3.00,426.00,null,null,null
2023-08-16T01:31:37Z,22.24,67.62,99,0,24.27,101.92,5.00,433.00,null,null,null
2023-08-16T01:32:37Z,22.23,67.62,99,0,21.02,101.92,5.00,433.00,0,0,0
2023-08-16T01:33:37Z,22.25,67.62,99,0,24.19,101.92,3.00,422.00,null,null,null
2023-08-16T01:34:37Z,22.25,67.65,99,0,22.49,101.92,0.00,405.00,null,null,null
2023-08-16T01:35:37Z,22.25,67.62,99,0,26.57,101.92,0.00,405.00,null,null,null
2023-08-16T01:36:37Z,22.24,67.64,99,0,23.86,101.91,0.00,405.00,null,null,null
2023-08-16T01:37:37Z,22.24,67.68,99,0,23.63,101.92,0.00,405.00,0,0,0
2023-08-16T01:38:37Z,22.23,67.60,99,0,23.15,101.92,3.00,426.00,null,null,null
2023-08-16T01:39:37Z,22.27,67.60,99,0,23.81,101.91,3.00,426.00,null,null,null
2023-08-16T01:40:37Z,22.27,67.58,99,0,22.49,101.92,0.00,405.00,null,null,null
2023-08-16T01:41:37Z,22.27,67.61,99,0,23.63,101.92,0.00,405.00,null,null,null
2023-08-16T01:42:37Z,22.23,67.66,99,0,24.19,101.92,0.00,405.00,0,0,0
2023-08-16T01:43:37Z,22.25,67.62,99,0,23.20,101.92,3.00,422.00,null,null,null
2023-08-16T01:44:37Z,22.25,67.58,99,0,22.05,101.92,0.00,400.00,null,null,null
2023-08-16T01:45:37Z,22.25,67.62,99,0,23.25,101.92,0.00,400.00,null,null,null
2023-08-16T01:46:37Z,22.27,67.63,99,0,22.24,101.92,1.00,408.00,null,null,null
2023-08-16T01:47:37Z,22.25,67.65,99,0,23.30,101.92,1.00,408.00,0,0,0
2023-08-16T01:48:37Z,22.25,67.62,99,0,23.35,101.92,0.00,400.00,null,null,null
2023-08-16T01:49:37Z,22.25,67.62,99,0,19.54,101.92,0.00,405.00,null,null,null
2023-08-16T01:50:37Z,22.23,67.61,99,0,21.85,101.92,0.00,405.00,null,null,null
2023-08-16T01:51:37Z,22.24,67.61,99,0,24.15,101.93,4.00,432.00,null,null,null
2023-08-16T01:52:37Z,22.27,67.65,99,0,25.90,101.92,5.00,436.00,0,0,0
2023-08-16T01:53:37Z,22.28,67.63,99,0,23.35,101.93,0.00,405.00,null,null,null
2023-08-16T01:54:37Z,22.25,67.60,99,0,23.86,101.92,0.00,405.00,null,null,null
2023-08-16T01:55:37Z,22.24,67.62,99,0,24.50,101.92,0.00,405.00,null,null,null
2023-08-16T01:56:37Z,22.25,67.62,99,0,22.66,101.93,4.00,432.00,null,null,null
2023-08-16T01:57:37Z,22.24,67.62,99,0,26.34,101.93,1.00,413.00,0,0,0
2023-08-16T01:58:37Z,22.25,67.63,99,0,22.94,101.92,4.00,432.00,null,null,null
2023-08-16T01:59:37Z,22.25,67.59,99,0,22.72,101.92,0.00,405.00,null,null,null
2023-08-16T02:00:37Z,22.23,67.63,99,0,23.72,101.93,1.00,413.00,null,null,null
2023-08-16T02:01:37Z,22.23,67.62,99,0,23.68,101.92,4.00,432.00,null,null,null
2023-08-16T02:02:37Z,22.23,67.62,99,0,23.54,101.93,5.00,436.00,0,0,0
2023-08-16T02:03:37Z,22.24,67.59,99,0,23.20,101.93,4.00,432.00,null,null,null
2023-08-16T02:04:37Z,22.24,67.58,99,0,23.10,101.93,4.00,432.00,null,null,null
2023-08-16T02:05:37Z,22.24,67.60,99,0,23.98,101.92,5.00,436.00,null,null,null
2023-08-16T02:06:37Z,22.24,67.60,99,0,21.26,101.92,5.00,436.00,null,null,null
2023-08-16T02:07:37Z,22.23,67.64,99,0,21.99,101.93,5.00,436.00,0,0,0
2023-08-16T02:08:37Z,22.24,67.62,99,0,23.40,101.93,4.00,432.00,null,null,null
2023-08-16T02:09:37Z,22.25,67.58,99,0,23.15,101.93,5.00,436.00,null,null,null
2023-08-16T02:10:37Z,22.25,67.56,99,0,24.58,101.93,1.00,413.00,null,null,null
2023-08-16T02:11:37Z,22.23,67.61,99,0,21.41,101.93,1.00,413.00,null,null,null
2023-08-16T02:12:37Z,22.23,67.61,99,0,22.24,101.93,4.00,432.00,0,0,0
2023-08-16T02:13:37Z,22.24,67.60,99,0,22.24,101.93,4.00,432.00,null,null,null
2023-08-16T02:14:37Z,22.24,67.63,99,0,24.76,101.93,4.00,432.00,null,null,null
2023-08-16T02:15:37Z,22.25,67.59,99,0,20.85,101.93,5.00,436.00,null,null,null
2023-08-16T02:16:37Z,22.21,67.58,99,0,23.54,101.93,1.00,413.00,null,null,null
2023-08-16T02:17:37Z,22.23,67.60,99,0,22.24,101.93,5.00,436.00,0,0,0
2023-08-16T02:18:37Z,22.23,67.55,99,0,21.26,101.92,3.00,424.00,null,null,null
2023-08-16T02:19:37Z,22.24,67.59,99,0,22.72,101.92,5.00,436.00,null,null,null
2023-08-16T02:20:37Z,22.24,67.58,99,0,21.99,101.92,4.00,432.00,null,null,null
2023-08-16T02:21:37Z,22.27,67.58,99,0,23.49,101.93,4.00,432.00,null,null,null
2023-08-16T02:22:37Z,22.21,67.60,99,0,22.55,101.93,1.00,413.00,0,0,0
2023-08-16T02:23:37Z,22.24,67.59,99,0,21.64,101.93,4.00,432.00,null,null,null
2023-08-16T02:24:37Z,22.23,67.53,99,0,22.72,101.93,4.00,432.00,null,null,null
2023-08-16T02:25:37Z,22.24,67.57,99,0,22.61,101.93,5.00,436.00,null,null,null
2023-08-16T02:26:37Z,22.25,67.58,99,0,23.77,101.93,4.00,432.00,null,null,null
2023-08-16T02:27:37Z,22.21,67.59,99,0,22.18,101.93,1.00,413.00,0,0,0
2023-08-16T02:28:37Z,22.21,67.57,99,0,23.59,101.93,3.00,424.00,null,null,null
2023-08-16T02:29:37Z,22.21,67.58,99,0,22.78,101.93,4.00,432.00,null,null,null
2023-08-16T02:30:37Z,22.24,67.59,99,0,24.61,101.93,4.00,432.00,null,null,null
2023-08-16T02:31:37Z,22.23,67.58,99,0,22.37,101.93,4.00,432.00,null,null,null
2023-08-16T02:32:37Z,22.23,67.58,99,0,21.71,101.92,4.00,432.00,0,0,0
2023-08-16T02:33:37Z,22.21,67.57,99,0,23.94,101.93,3.00,424.00,null,null,null
2023-08-16T02:34:37Z,22.24,67.54,99,0,26.55,101.93,4.00,432.00,null,null,null
2023-08-16T02:35:37Z,22.21,67.55,99,0,25.67,101.93,4.00,432.00,null,null,null
2023-08-16T02:36:37Z,22.23,67.58,99,0,23.81,101.93,5.00,436.00,null,null,null
2023-08-16T02:37:37Z,22.23,67.59,99,0,22.05,101.93,5.00,436.00,0,0,0
2023-08-16T02:38:37Z,22.23,67.58,99,0,21.64,101.93,4.00,432.00,null,null,null
2023-08-16T02:39:37Z,22.23,67.57,99,0,23.59,101.93,4.00,432.00,null,null,null
2023-08-16T02:40:37Z,22.23,67.55,99,0,33.39,101.93,4.00,432.00,null,null,null
2023-08-16T02:41:37Z,22.21,67.57,99,0,23.30,101.93,4.00,432.00,null,null,null
2023-08-16T02:42:37Z,22.20,67.55,99,0,22.49,101.94,4.00,432.00,0,0,0
2023-08-16T02:43:37Z,22.21,67.57,99,0,22.94,101.93,4.00,432.00,null,null,null
2023-08-16T02:44:37Z,22.23,67.55,99,0,27.16,101.93,4.00,432.00,null,null,null
2023-08-16T02:45:37Z,22.21,67.54,99,0,21.64,101.94,4.00,432.00,null,null,null
2023-08-16T02:46:37Z,22.21,67.53,99,0,23.35,101.94,4.00,432.00,null,null,null
2023-08-16T02:47:37Z,22.23,67.58,99,0,30.59,101.94,4.00,432.00,0,0,0
2023-08-16T02:48:37Z,22.23,67.58,99,0,27.28,101.93,4.00,432.00,null,null,null
2023-08-16T02:49:37Z,22.23,67.54,99,0,22.55,101.93,4.00,432.00,null,null,null
2023-08-16T02:50:37Z,22.23,67.57,99,0,22.24,101.93,4.00,432.00,null,null,null
2023-08-16T02:51:37Z,22.23,67.57,99,0,22.05,101.93,5.00,436.00,null,null,null
2023-08-16T02:52:37Z,22.20,67.60,99,0,22.66,101.94,5.00,436.00,0,0,0
2023-08-16T02:53:37Z,22.24,67.54,99,0,21.85,101.94,4.00,432.00,null,null,null
2023-08-16T02:54:37Z,22.21,67.56,99,0,21.26,101.94,4.00,432.00,null,null,null
2023-08-16T02:55:37Z,22.24,67.59,99,0,22.66,101.94,5.00,436.00,null,null,null
2023-08-16T02:56:37Z,22.23,67.58,99,0,23.94,101.94,4.00,432.00,null,null,null
2023-08-16T02:57:37Z,22.23,67.59,99,0,21.49,101.94,5.00,436.00,0,0,0
2023-08-16T02:58:37Z,22.25,67.57,99,0,33.08,101.94,4.00,432.00,null,null,null
2023-08-16T02:59:37Z,22.21,67.56,99,0,22.05,101.94,0.00,405.00,null,null,null
