TIME,TEMP,HUM,BATT,LIGHT,NOISE_A,PRESS,CCS811_VOCS,CCS811_ECO2,PM_1,PM_25,PM_10
ISO 8601,C,%,%,Lux,dBA,kPa,ppb,ppm,ug/m3,ug/m3,ug/m3
Time,Temperature,Humidity,Battery,Light,Noise dBA,Barometric pressure,VOC Gas CCS811,eCO2 Gas CCS811,PM 1.0,PM 2.5,PM 10.0
,55,56,10,14,53,58,113,112,89,87,88
2023-08-23T00:00:21Z,21.69,65.28,99,0,22.31,102.05,19.00,526.00,null,null,null
2023-08-23T00:01:21Z,21.66,65.30,99,0,25.65,102.05,18.00,519.00,null,null,null
2023-08-23T00:02:21Z,21.67,65.33,99,0,22.66,102.05,18.00,519.00,null,null,null
2023-08-23T00:03:21Z,21.67,65.33,100,0,22.78,102.05,18.00,519.00,0,0,0
2023-08-23T00:04:21Z,21.69,65.37,99,0,25.53,102.05,15.00,503.00,null,null,null
2023-08-23T00:05:21Z,21.66,65.34,100,0,22.83,102.06,18.00,519.00,null,null,null
2023-08-23T00:06:21Z,21.67,65.34,99,0,22.66,102.06,18.00,519.00,null,null,null
2023-08-23T00:07:21Z,21.66,65.38,99,0,31.90,102.06,17.00,517.00,null,null,null
2023-08-23T00:08:21Z,21.66,65.38,100,0,32.41,102.06,17.00,517.00,0,0,0
2023-08-23T00:09:21Z,21.66,65.42,99,0,22.43,102.06,18.00,519.00,null,null,null
2023-08-23T00:10:21Z,21.67,65.38,99,0,21.49,102.06,17.00,517.00,null,null,null
2023-08-23T00:11:21Z,21.66,65.40,100,0,25.19,102.07,15.00,503.00,null,null,null
2023-08-23T00:12:21Z,21.65,65.43,100,0,21.41,102.07,17.00,517.00,null,null,null
2023-08-23T00:13:21Z,21.66,65.45,99,0,23.90,102.07,15.00,503.00,0,0,0
2023-08-23T00:14:21Z,21.66,65.47,100,0,25.00,102.07,17.00,517.00,null,null,null
2023-08-23T00:15:21Z,21.65,65.47,99,0,22.31,102.08,17.00,517.00,null,null,null
2023-08-23T00:16:21Z,21.63,65.45,99,0,21.18,102.08,17.00,517.00,null,null,null
2023-08-23T00:17:21Z,21.65,65.49,99,0,41.15,102.08,15.00,503.00,null,null,null
2023-08-23T00:18:21Z,21.65,65.48,100,0,23.35,102.08,15.00,503.00,0,0,0
2023-08-23T00:19:21Z,21.66,65.49,100,0,26.14,102.08,17.00,517.00,null,null,null
2023-08-23T00:20:21Z,21.63,65.51,99,0,25.95,102.08,17.00,517.00,null,null,null
2023-08-23T00:21:21Z,21.63,65.53,99,0,23.98,102.08,17.00,517.00,null,null,null
2023-08-23T00:22:21Z,21.62,65.55,99,0,23.63,102.07,15.00,503.00,null,null,null
2023-08-23T00:23:21Z,21.62,65.59,99,0,27.64,102.07,15.00,503.00,0,0,0
2023-08-23T00:24:21Z,21.60,65.57,100,0,30.13,102.07,17.00,517.00,null,null,null
2023-08-23T00:25:21Z,21.63,65.56,100,0,24.23,102.07,17.00,517.00,null,null,null
2023-08-23T00:26:21Z,21.62,65.57,100,0,23.20,102.07,15.00,503.00,null,null,null
2023-08-23T00:27:21Z,21.62,65.54,99,0,28.34,102.07,15.00,503.00,null,null,null
2023-08-23T00:28:21Z,21.63,65.57,100,0,21.71,102.07,15.00,503.00,0,0,0
2023-08-23T00:29:21Z,21.63,65.57,99,0,25.90,102.07,15.00,503.00,null,null,null
2023-08-23T00:30:21Z,21.62,65.57,99,0,25.84,102.07,14.00,498.00,null,null,null
2023-08-23T00:31:21Z,21.59,65.57,100,0,22.49,102.07,14.00,496.00,null,null,null
2023-08-23T00:32:21Z,21.57,65.59,99,0,22.05,102.07,13.00,491.00,null,null,null
2023-08-23T00:33:21Z,21.57,65.58,99,0,28.12,102.07,13.00,486.00,0,0,0
2023-08-23T00:34:21Z,21.59,65.57,100,0,29.61,102.07,13.00,486.00,null,null,null
2023-08-23T00:35:21Z,21.56,65.56,100,0,30.01,102.07,12.00,480.00,null,null,null
2023-08-23T00:36:21Z,21.59,65.58,99,0,41.13,102.07,12.00,480.00,null,null,null
2023-08-23T00:37:21Z,21.56,65.59,100,0,25.03,102.07,11.00,476.00,null,null,null
2023-08-23T00:38:21Z,21.56,65.64,100,0,23.94,102.07,11.00,476.00,0,0,0
2023-08-23T00:39:21Z,21.56,65.66,99,0,37.31,102.07,13.00,486.00,null,null,null
2023-08-23T00:40:21Z,21.59,65.66,100,0,36.71,102.07,11.00,476.00,null,null,null
2023-08-23T00:41:21Z,21.56,65.64,99,0,28.58,102.08,12.00,480.00,null,null,null
2023-08-23T00:42:21Z,21.55,65.70,100,0,28.51,102.08,12.00,480.00,null,null,null
2023-08-23T00:43:21Z,21.57,65.69,100,0,29.50,102.08,11.00,476.00,0,0,0
2023-08-23T00:44:21Z,21.55,65.69,99,0,31.50,102.08,11.00,476.00,null,null,null
2023-08-23T00:45:21Z,21.57,65.69,100,0,25.98,102.09,13.00,491.00,null,null,null
2023-08-23T00:46:21Z,21.56,65.72,100,0,20.39,102.09,13.00,486.00,null,null,null
2023-08-23T00:47:21Z,21.53,65.76,99,0,36.02,102.09,13.00,486.00,null,null,null
2023-08-23T00:48:21Z,21.56,65.77,100,0,34.08,102.09,12.00,482.00,0,0,0
2023-08-23T00:49:21Z,21.55,65.78,99,0,24.54,102.09,12.00,482.00,null,null,null
2023-08-23T00:50:21Z,21.55,65.80,100,0,25.44,102.09,14.00,492.00,null,null,null
2023-08-23T00:51:21Z,21.55,65.78,100,0,28.89,102.10,14.00,495.00,null,null,null
2023-08-23T00:52:21Z,21.53,65.79,100,0,32.08,102.10,14.00,492.00,null,null,null
2023-08-23T00:53:21Z,21.50,65.82,100,0,22.43,102.10,13.00,486.00,0,0,0
2023-08-23T00:54:21Z,21.53,65.79,99,0,35.12,102.10,12.00,482.00,null,null,null
2023-08-23T00:55:21Z,21.55,65.84,100,0,26.08,102.10,14.00,492.00,null,null,null
2023-08-23T00:56:21Z,21.53,65.85,100,0,21.41,102.10,14.00,492.00,null,null,null
2023-08-23T00:57:21Z,21.52,65.86,99,0,31.95,102.09,14.00,492.00,null,null,null
2023-08-23T00:58:21Z,21.53,65.89,100,0,25.59,102.09,14.00,495.00,0,0,0
2023-08-23T00:59:21Z,21.53,65.86,99,0,31.96,102.09,15.00,500.00,null,null,null
2023-08-23T01:00:21Z,21.49,65.86,100,0,33.28,102.09,16.00,508.00,null,null,null
2023-08-23T01:01:21Z,21.50,65.84,100,0,21.49,102.09,16.00,508.00,null,null,null
2023-08-23T01:02:21Z,21.52,65.88,100,0,24.15,102.08,16.00,508.00,null,null,null
2023-08-23T01:03:21Z,21.49,65.94,100,0,29.33,102.08,15.00,500.00,0,0,0
2023-08-23T01:04:21Z,21.50,65.92,100,0,22.99,102.08,16.00,508.00,null,null,null
2023-08-23T01:05:21Z,21.49,65.90,99,0,25.53,102.09,16.00,508.00,null,null,null
2023-08-23T01:06:21Z,21.50,65.90,100,0,22.49,102.08,15.00,500.00,null,null,null
2023-08-23T01:07:21Z,21.48,65.95,100,0,24.31,102.08,15.00,500.00,null,null,null
2023-08-23T01:08:21Z,21.49,65.95,99,0,27.59,102.09,14.00,495.00,0,0,0
2023-08-23T01:09:21Z,21.48,65.95,100,0,27.82,102.08,15.00,500.00,null,null,null
2023-08-23T01:10:21Z,21.48,65.92,100,0,22.18,102.08,15.00,500.00,null,null,null
2023-08-23T01:11:21Z,21.46,65.98,99,0,31.96,102.08,14.00,495.00,null,null,null
2023-08-23T01:12:21Z,21.49,66.02,100,0,25.67,102.07,14.00,495.00,null,null,null
2023-08-23T01:13:21Z,21.48,65.99,100,0,23.49,102.07,14.00,492.00,0,0,0
2023-08-23T01:14:21Z,21.49,65.98,100,0,23.68,102.07,15.00,500.00,null,null,null
2023-08-23T01:15:21Z,21.48,66.01,99,0,30.26,102.08,15.00,500.00,null,null,null
2023-08-23T01:16:21Z,21.49,66.01,99,0,24.39,102.08,15.00,500.00,null,null,null
2023-08-23T01:17:21Z,21.48,66.02,100,0,30.85,102.08,15.00,500.00,null,null,null
2023-08-23T01:18:21Z,21.46,66.04,99,0,22.24,102.07,15.00,500.00,0,0,0
2023-08-23T01:19:21Z,21.46,66.04,100,0,24.11,102.07,16.00,508.00,null,null,null
2023-08-23T01:20:21Z,21.48,66.04,99,0,24.54,102.07,16.00,508.00,null,null,null
2023-08-23T01:21:21Z,21.45,66.03,99,0,27.96,102.07,16.00,508.00,null,null,null
2023-08-23T01:22:21Z,21.49,66.06,100,0,26.21,102.07,16.00,508.00,null,null,null
2023-08-23T01:23:21Z,21.46,66.07,99,0,32.75,102.07,16.00,508.00,0,0,0
2023-08-23T01:24:21Z,21.49,66.10,99,0,25.65,102.07,17.00,515.00,null,null,null
2023-08-23T01:25:21Z,21.45,66.05,100,0,34.80,102.07,17.00,515.00,null,null,null
2023-08-23T01:26:21Z,21.46,66.08,99,0,34.27,102.07,17.00,515.00,null,null,null
2023-08-23T01:27:21Z,21.48,66.10,100,0,22.66,102.06,17.00,515.00,null,null,null
2023-08-23T01:28:21Z,21.43,66.10,100,0,24.43,102.06,16.00,508.00,0,0,0
2023-08-23T01:29:21Z,21.46,66.08,99,0,21.56,102.06,17.00,515.00,null,null,null
2023-08-23T01:30:21Z,21.45,66.13,99,0,27.02,102.06,17.00,515.00,null,null,null
2023-08-23T01:31:21Z,21.45,66.12,99,0,21.78,102.06,17.00,515.00,null,null,null
2023-08-23T01:32:21Z,21.46,66.13,100,0,27.24,102.05,18.00,520.00,null,null,null
2023-08-23T01:33:21Z,21.45,66.15,100,0,24.54,102.06,19.00,526.00,0,0,0
2023-08-23T01:34:21Z,21.45,66.12,100,0,22.05,102.06,19.00,526.00,null,null,null
2023-08-23T01:35:21Z,21.45,66.14,100,0,20.93,102.06,19.00,526.00,null,null,null
2023-08-23T01:36:21Z,21.46,66.17,99,0,22.99,102.05,19.00,526.00,null,null,null
2023-08-23T01:37:21Z,21.42,66.17,100,0,30.47,102.05,19.00,526.00,null,null,null
2023-08-23T01:38:21Z,21.42,66.20,99,0,29.92,102.05,19.00,526.00,0,0,0
2023-08-23T01:39:21Z,21.45,66.21,100,0,30.47,102.05,18.00,520.00,null,null,null
2023-08-23T01:40:21Z,21.45,66.17,99,0,25.90,102.05,19.00,531.00,null,null,null
2023-08-23T01:41:21Z,21.45,66.18,99,0,21.92,102.05,19.00,526.00,null,null,null
2023-08-23T01:42:21Z,21.42,66.16,100,0,32.35,102.05,19.00,526.00,null,null,null
2023-08-23T01:43:21Z,21.43,66.19,100,0,23.72,102.04,19.00,526.00,0,0,0
2023-08-23T01:44:21Z,21.45,66.20,100,0,24.46,102.04,18.00,520.00,null,null,null
2023-08-23T01:45:21Z,21.41,66.25,99,0,21.02,102.05,19.00,526.00,null,null,null
2023-08-23T01:46:21Z,21.42,66.21,100,0,22.99,102.05,18.00,519.00,null,null,null
2023-08-23T01:47:21Z,21.42,66.22,100,0,24.79,102.04,18.00,520.00,null,null,null
2023-08-23T01:48:21Z,21.42,66.24,100,0,25.82,102.04,17.00,515.00,0,0,0
2023-08-23T01:49:21Z,21.43,66.22,99,0,25.92,102.05,17.00,515.00,null,null,null
2023-08-23T01:50:21Z,21.42,66.22,100,0,21.34,102.05,18.00,520.00,null,null,null
2023-08-23T01:51:21Z,21.43,66.25,99,0,21.26,102.05,18.00,520.00,null,null,null
2023-08-23T01:52:21Z,21.41,66.26,100,0,23.10,102.05,17.00,515.00,null,null,null
2023-08-23T01:53:21Z,21.43,66.31,100,0,21.56,102.05,15.00,505.00,0,0,0
2023-08-23T01:54:21Z,21.41,66.28,99,0,22.94,102.05,17.00,515.00,null,null,null
2023-08-23T01:55:21Z,21.41,66.30,99,0,23.20,102.06,17.00,515.00,null,null,null
2023-08-23T01:56:21Z,21.42,66.30,99,0,33.78,102.06,15.00,505.00,null,null,null
2023-08-23T01:57:21Z,21.41,66.28,100,0,22.78,102.05,15.00,505.00,null,null,null
2023-08-23T01:58:21Z,21.38,66.33,99,0,19.30,102.05,15.00,505.00,0,0,0
2023-08-23T01:59:21Z,21.41,66.33,100,0,22.05,102.04,15.00,505.00,null,null,null
2023-08-23T02:00:21Z,21.38,66.33,99,0,21.64,102.04,15.00,505.00,null,null,null
2023-08-23T02:01:21Z,21.39,66.37,99,0,23.40,102.04,15.00,505.00,null,null,null
2023-08-23T02:02:21Z,21.39,66.32,100,0,23.20,102.04,15.00,505.00,null,null,null
2023-08-23T02:03:21Z,21.36,66.38,100,0,20.93,102.04,17.00,515.00,0,0,0
2023-08-23T02:04:21Z,21.38,66.35,99,0,21.71,102.04,18.00,519.00,null,null,null
2023-08-23T02:05:21Z,21.39,66.33,99,0,21.10,102.04,18.00,519.00,null,null,null
2023-08-23T02:06:21Z,21.38,66.37,100,0,22.89,102.05,17.00,515.00,null,null,null
2023-08-23T02:07:21Z,21.38,66.37,99,0,21.64,102.05,17.00,515.00,null,null,null
2023-08-23T02:08:21Z,21.35,66.39,100,0,23.25,102.04,17.00,515.00,0,0,0
2023-08-23T02:09:21Z,21.36,66.38,100,0,23.40,102.05,18.00,519.00,null,null,null
2023-08-23T02:10:21Z,21.36,66.39,100,0,21.34,102.04,18.00,519.00,null,null,null
2023-08-23T02:11:21Z,21.34,66.38,99,0,22.83,102.04,17.00,515.00,null,null,null
2023-08-23T02:12:21Z,21.38,66.42,99,0,21.99,102.05,17.00,515.00,null,null,null
2023-08-23T02:13:21Z,21.35,66.39,100,0,20.93,102.04,15.00,505.00,0,0,0
2023-08-23T02:14:21Z,21.34,66.41,99,0,22.05,102.04,17.00,515.00,null,null,null
2023-08-23T02:15:21Z,21.35,66.40,100,0,22.83,102.04,15.00,505.00,null,null,null
2023-08-23T02:16:21Z,21.34,66.39,99,0,21.64,102.04,15.00,502.00,null,null,null
2023-08-23T02:17:21Z,21.34,66.40,100,0,21.18,102.04,14.00,495.00,null,null,null
2023-08-23T02:18:21Z,21.34,66.39,100,0,22.24,102.04,13.00,488.00,0,0,0
2023-08-23T02:19:21Z,21.32,66.36,100,0,24.35,102.04,14.00,495.00,null,null,null
2023-08-23T02:20:21Z,21.32,66.36,100,0,22.31,102.04,13.00,488.00,null,null,null
2023-08-23T02:21:21Z,21.31,66.37,99,0,21.56,102.03,13.00,488.00,null,null,null
2023-08-23T02:22:21Z,21.31,66.43,100,0,22.43,102.03,13.00,486.00,null,null,null
2023-08-23T02:23:21Z,21.31,66.39,100,0,21.71,102.04,13.00,486.00,0,0,0
2023-08-23T02:24:21Z,21.29,66.41,99,0,21.64,102.04,13.00,486.00,null,null,null
2023-08-23T02:25:21Z,21.28,66.35,99,0,21.64,102.04,12.00,481.00,null,null,null
2023-08-23T02:26:21Z,21.28,66.37,100,0,21.92,102.04,11.00,477.00,null,null,null
2023-08-23T02:27:21Z,21.31,66.41,100,0,22.72,102.04,11.00,477.00,null,null,null
2023-08-23T02:28:21Z,21.29,66.42,99,0,22.31,102.04,11.00,477.00,0,0,0
2023-08-23T02:29:21Z,21.28,66.42,99,0,23.25,102.04,13.00,486.00,null,null,null
2023-08-23T02:30:21Z,21.28,66.44,99,0,27.94,102.05,13.00,486.00,null,null,null
2023-08-23T02:31:21Z,21.28,66.50,99,0,21.92,102.05,11.00,477.00,null,null,null
2023-08-23T02:32:21Z,21.28,66.47,99,0,24.46,102.05,13.00,486.00,null,null,null
2023-08-23T02:33:21Z,21.24,66.46,100,0,23.72,102.05,13.00,486.00,0,0,0
2023-08-23T02:34:21Z,21.27,66.43,99,0,22.72,102.04,15.00,501.00,null,null,null
2023-08-23T02:35:21Z,21.25,66.41,100,0,21.18,102.04,13.00,488.00,null,null,null
2023-08-23T02:36:21Z,21.25,66.48,99,0,23.25,102.04,13.00,486.00,null,null,null
2023-08-23T02:37:21Z,21.27,66.50,100,0,22.05,102.04,13.00,488.00,null,null,null
2023-08-23T02:38:21Z,21.24,66.51,100,0,22.12,102.04,13.00,486.00,0,0,0
2023-08-23T02:39:21Z,21.21,66.52,99,0,22.61,102.04,15.00,501.00,null,null,null
2023-08-23T02:40:21Z,21.24,66.48,99,0,20.85,102.05,17.00,515.00,null,null,null
2023-08-23T02:41:21Z,21.25,66.52,100,0,null,102.04,16.00,506.00,null,null,null
2023-08-23T02:42:21Z,21.22,66.50,99,0,21.64,102.04,12.00,481.00,null,null,null
2023-08-23T02:43:21Z,21.21,66.53,100,0,23.81,102.03,14.00,497.00,0,0,0
2023-08-23T02:44:21Z,21.22,66.56,100,0,27.84,102.04,14.00,497.00,null,null,null
2023-08-23T02:45:21Z,21.22,66.54,100,0,22.66,102.04,16.00,506.00,null,null,null
2023-08-23T02:46:21Z,21.22,66.55,99,0,23.25,102.04,15.00,501.00,null,null,null
2023-08-23T02:47:21Z,21.21,66.56,99,0,21.78,102.04,15.00,501.00,null,null,null
2023-08-23T02:48:21Z,21.21,66.57,100,0,22.12,102.04,15.00,501.00,0,0,0
2023-08-23T02:49:21Z,21.19,66.58,100,0,22.37,102.04,15.00,501.00,null,null,null
2023-08-23T02:50:21Z,21.19,66.58,100,0,22.18,102.04,16.00,506.00,null,null,null
2023-08-23T02:51:21Z,21.21,66.60,100,0,21.49,102.04,15.00,501.00,null,null,null
2023-08-23T02:52:21Z,21.19,66.61,100,0,23.10,102.04,14.00,497.00,null,null,null
2023-08-23T02:53:21Z,21.18,66.60,100,0,19.17,102.04,15.00,501.00,0,0,0
2023-08-23T02:54:21Z,21.16,66.62,99,0,23.54,102.04,15.00,501.00,null,null,null
2023-08-23T02:55:21Z,21.16,66.61,99,0,21.92,102.05,16.00,506.00,null,null,null
2023-08-23T02:56:21Z,21.19,66.60,99,0,20.19,102.05,16.00,506.00,null,null,null
2023-08-23T02:57:21Z,21.18,66.66,99,0,21.78,102.06,16.00,506.00,null,null,null
2023-08-23T02:58:21Z,21.16,66.67,100,0,23.54,102.06,15.00,501.00,0,0,0
2023-08-23T02:59:21Z,21.16,66.63,100,0,23.68,102.06,17.00,515.00,null,null,null
