TIME,TEMP,HUM,BATT,LIGHT,NOISE_A,PRESS,CCS811_VOCS,CCS811_ECO2,PM_1,PM_25,PM_10
ISO 8601,C,%,%,Lux,dBA,kPa,ppb,ppm,ug/m3,ug/m3,ug/m3
Time,Temperature,Humidity,Battery,Light,Noise dBA,Barometric pressure,VOC Gas CCS811,eCO2 Gas CCS811,PM 1.0,PM 2.5,PM 10.0
,55,56,10,14,53,58,113,112,89,87,88
2023-09-03T00:00:13Z,21.29,72.14,99,0,26.69,102.60,0.00,406.00,null,null,null
2023-09-03T00:01:13Z,21.27,72.10,99,0,20.67,102.60,0.00,406.00,null,null,null
2023-09-03T00:02:13Z,21.25,72.12,99,0,24.65,102.60,0.00,406.00,0,0,0
2023-09-03T00:03:13Z,21.27,72.15,99,0,30.94,102.59,0.00,406.00,null,null,null
2023-09-03T00:04:13Z,21.25,72.14,99,0,24.35,102.59,0.00,406.00,null,null,null
2023-09-03T00:05:13Z,21.28,72.13,99,0,25.38,102.59,1.00,413.00,null,null,null
2023-09-03T00:06:13Z,21.25,72.14,99,0,21.18,102.59,2.00,415.00,null,null,null
2023-09-03T00:07:13Z,21.24,72.16,99,0,25.59,102.59,2.00,415.00,0,0,0
2023-09-03T00:08:13Z,21.24,72.15,99,0,21.71,102.59,6.00,443.00,null,null,null
2023-09-03T00:09:13Z,21.25,72.10,99,0,24.31,102.59,5.00,438.00,null,null,null
2023-09-03T00:10:13Z,21.25,72.14,99,0,23.30,102.59,3.00,420.00,null,null,null
2023-09-03T00:11:13Z,21.22,72.16,99,0,23.45,102.59,3.00,420.00,null,null,null
2023-09-03T00:12:13Z,21.22,72.11,99,0,21.85,102.59,5.00,438.00,0,0,0
2023-09-03T00:13:13Z,21.22,72.14,99,0,23.25,102.59,5.00,438.00,null,null,null
2023-09-03T00:14:13Z,21.22,72.10,99,0,24.86,102.59,5.00,438.00,null,null,null
2023-09-03T00:15:13Z,21.22,72.11,99,0,25.59,102.58,5.00,438.00,null,null,null
2023-09-03T00:16:13Z,21.21,72.19,99,0,23.86,102.58,5.00,434.00,null,null,null
2023-09-03T00:17:13Z,21.18,72.15,99,0,26.06,102.58,5.00,438.00,0,0,0
2023-09-03T00:18:13Z,21.22,72.14,99,0,25.76,102.58,5.00,434.00,null,null,null
2023-09-03T00:19:13Z,21.22,72.09,99,0,22.66,102.58,3.00,426.00,null,null,null
2023-09-03T00:20:13Z,21.21,72.13,99,0,23.81,102.58,5.00,434.00,null,null,null
2023-09-03T00:21:13Z,21.19,72.16,99,0,21.41,102.58,3.00,426.00,null,null,null
2023-09-03T00:22:13Z,21.18,72.20,99,0,21.92,102.58,3.00,426.00,0,0,0
2023-09-03T00:23:13Z,21.19,72.14,99,0,23.20,102.58,3.00,426.00,null,null,null
2023-09-03T00:24:13Z,21.18,72.12,99,0,28.92,102.59,3.00,426.00,null,null,null
2023-09-03T00:25:13Z,21.16,72.14,99,0,23.72,102.59,3.00,423.00,null,null,null
2023-09-03T00:26:13Z,21.16,72.18,99,0,22.31,102.59,3.00,423.00,null,null,null
2023-09-03T00:27:13Z,21.16,72.15,99,0,24.35,102.59,3.00,423.00,0,0,0
2023-09-03T00:28:13Z,21.15,72.18,99,0,23.68,102.59,3.00,423.00,null,null,null
2023-09-03T00:29:13Z,21.16,72.14,99,0,24.46,102.59,2.00,418.00,null,null,null
2023-09-03T00:30:13Z,21.19,72.17,99,0,24.43,102.59,2.00,416.00,null,null,null
2023-09-03T00:31:13Z,21.15,72.17,99,0,24.76,102.58,2.00,418.00,null,null,null
2023-09-03T00:32:13Z,21.16,72.19,99,0,25.95,102.58,1.00,409.00,0,0,0
2023-09-03T00:33:13Z,21.15,72.17,99,0,25.76,102.58,1.00,409.00,null,null,null
2023-09-03T00:34:13Z,21.16,72.18,99,0,25.26,102.58,1.00,409.00,null,null,null
2023-09-03T00:35:13Z,21.14,72.17,99,0,27.97,102.58,1.00,409.00,null,null,null
2023-09-03T00:36:13Z,21.16,72.15,99,0,25.03,102.57,1.00,409.00,null,null,null
2023-09-03T00:37:13Z,21.12,72.17,99,0,23.10,102.57,2.00,416.00,0,0,0
2023-09-03T00:38:13Z,21.11,72.19,99,0,31.31,102.58,1.00,409.00,null,null,null
2023-09-03T00:39:13Z,21.12,72.16,99,0,25.16,102.58,1.00,409.00,null,null,null
2023-09-03T00:40:13Z,21.11,72.17,99,0,22.18,102.57,1.00,409.00,null,null,null
2023-09-03T00:41:13Z,21.14,72.15,99,0,25.06,102.58,1.00,409.00,null,null,null
2023-09-03T00:42:13Z,21.12,72.18,99,0,23.98,102.58,1.00,409.00,0,0,0
2023-09-03T00:43:13Z,21.09,72.19,99,0,24.27,102.58,1.00,409.00,null,null,null
2023-09-03T00:44:13Z,21.14,72.16,99,0,22.49,102.58,1.00,409.00,null,null,null
2023-09-03T00:45:13Z,21.09,72.16,99,0,20.67,102.58,2.00,416.00,null,null,null
2023-09-03T00:46:13Z,21.11,72.19,99,0,23.98,102.58,1.00,409.00,null,null,null
2023-09-03T00:47:13Z,21.09,72.19,99,0,21.64,102.59,2.00,416.00,0,0,0
2023-09-03T00:48:13Z,21.11,72.17,99,0,25.03,102.58,1.00,409.00,null,null,null
2023-09-03T00:49:13Z,21.11,72.18,99,0,23.20,102.58,2.00,418.00,null,null,null
2023-09-03T00:50:13Z,21.07,72.19,99,0,22.61,102.58,3.00,423.00,null,null,null
2023-09-03T00:51:13Z,21.07,72.19,99,0,23.45,102.58,3.00,423.00,null,null,null
2023-09-03T00:52:13Z,21.04,72.19,99,0,22.49,102.57,3.00,426.00,0,0,0
2023-09-03T00:53:13Z,21.07,72.18,99,0,21.41,102.58,5.00,434.00,null,null,null
2023-09-03T00:54:13Z,21.09,72.20,99,0,28.06,102.57,5.00,434.00,null,null,null
2023-09-03T00:55:13Z,21.08,72.16,99,0,22.12,102.57,5.00,434.00,null,null,null
2023-09-03T00:56:13Z,21.05,72.16,99,0,27.97,102.58,5.00,438.00,null,null,null
2023-09-03T00:57:13Z,21.04,72.21,99,0,23.25,102.58,5.00,434.00,0,0,0
2023-09-03T00:58:13Z,21.05,72.22,99,0,25.16,102.58,5.00,434.00,null,null,null
2023-09-03T00:59:13Z,21.07,72.20,99,0,26.21,102.58,5.00,434.00,null,null,null
2023-09-03T01:00:13Z,21.07,72.21,99,0,24.54,102.58,3.00,426.00,null,null,null
2023-09-03T01:01:13Z,21.05,72.20,99,0,22.43,102.59,3.00,426.00,null,null,null
2023-09-03T01:02:13Z,21.04,72.22,99,0,22.05,102.59,3.00,423.00,0,0,0
2023-09-03T01:03:13Z,21.02,72.22,99,0,25.41,102.59,3.00,423.00,null,null,null
2023-09-03T01:04:13Z,21.04,72.20,99,0,22.89,102.59,3.00,423.00,null,null,null
2023-09-03T01:05:13Z,21.04,72.20,99,0,21.34,102.59,3.00,423.00,null,null,null
2023-09-03T01:06:13Z,21.02,72.20,99,0,27.89,102.59,2.00,418.00,null,null,null
2023-09-03T01:07:13Z,21.01,72.19,99,0,26.06,102.59,2.00,416.00,0,0,0
2023-09-03T01:08:13Z,21.01,72.21,99,0,23.86,102.59,2.00,418.00,null,null,null
2023-09-03T01:09:13Z,21.00,72.23,99,0,26.00,102.59,2.00,418.00,null,null,null
2023-09-03T01:10:13Z,21.00,72.21,99,0,21.34,102.59,2.00,416.00,null,null,null
2023-09-03T01:11:13Z,20.98,72.22,99,0,23.90,102.60,2.00,416.00,null,null,null
2023-09-03T01:12:13Z,20.97,72.20,99,0,21.92,102.59,1.00,409.00,0,0,0
2023-09-03T01:13:13Z,21.01,72.21,99,0,22.55,102.59,1.00,409.00,null,null,null
2023-09-03T01:14:13Z,21.00,72.20,99,0,20.93,102.59,1.00,409.00,null,null,null
2023-09-03T01:15:13Z,21.00,72.23,99,0,21.41,102.59,1.00,407.00,null,null,null
2023-09-03T01:16:13Z,20.97,72.22,99,0,22.83,102.59,1.00,407.00,null,null,null
2023-09-03T01:17:13Z,20.97,72.23,99,0,24.68,102.59,0.00,402.00,0,0,0
2023-09-03T01:18:13Z,20.97,72.21,99,0,23.98,102.59,0.00,402.00,null,null,null
2023-09-03T01:19:13Z,20.97,72.18,99,0,21.85,102.59,0.00,402.00,null,null,null
2023-09-03T01:20:13Z,20.97,72.23,99,0,22.89,102.59,0.00,400.00,null,null,null
2023-09-03T01:21:13Z,20.97,72.23,99,0,22.49,102.60,0.00,405.00,null,null,null
2023-09-03T01:22:13Z,20.94,72.19,99,0,28.57,102.60,0.00,400.00,0,0,0
2023-09-03T01:23:13Z,20.95,72.21,99,0,25.00,102.59,0.00,400.00,null,null,null
2023-09-03T01:24:13Z,20.97,72.22,99,0,20.76,102.60,0.00,405.00,null,null,null
2023-09-03T01:25:13Z,20.92,72.22,99,0,22.94,102.59,0.00,400.00,null,null,null
2023-09-03T01:26:13Z,20.92,72.20,99,0,24.72,102.60,0.00,400.00,null,null,null
2023-09-03T01:27:13Z,20.91,72.21,99,0,27.90,102.60,0.00,400.00,0,0,0
2023-09-03T01:28:13Z,20.94,72.25,99,0,27.36,102.60,0.00,400.00,null,null,null
2023-09-03T01:29:13Z,20.92,72.20,99,0,35.69,102.60,0.00,400.00,null,null,null
2023-09-03T01:30:13Z,20.90,72.25,99,0,23.45,102.61,1.00,408.00,null,null,null
2023-09-03T01:31:13Z,20.91,72.26,99,0,25.41,102.61,0.00,400.00,null,null,null
2023-09-03T01:32:13Z,20.91,72.21,99,0,23.45,102.61,0.00,400.00,0,0,0
2023-09-03T01:33:13Z,20.90,72.28,99,0,24.83,102.61,0.00,400.00,null,null,null
2023-09-03T01:34:13Z,20.87,72.21,99,0,23.15,102.60,0.00,400.00,null,null,null
2023-09-03T01:35:13Z,20.90,72.22,99,0,22.55,102.61,0.00,403.00,null,null,null
2023-09-03T01:36:13Z,20.90,72.25,99,0,29.18,102.61,0.00,403.00,null,null,null
2023-09-03T01:37:13Z,20.86,72.25,99,0,21.41,102.61,0.00,400.00,0,0,0
2023-09-03T01:38:13Z,20.87,72.26,99,0,26.19,102.61,0.00,400.00,null,null,null
2023-09-03T01:39:13Z,20.88,72.23,99,0,25.87,102.61,1.00,408.00,null,null,null
2023-09-03T01:40:13Z,20.90,72.22,99,0,22.43,102.62,1.00,411.00,null,null,null
2023-09-03T01:41:13Z,20.86,72.29,99,0,25.19,102.61,1.00,411.00,null,null,null
2023-09-03T01:42:13Z,20.86,72.30,99,0,22.05,102.62,0.00,405.00,0,0,0
2023-09-03T01:43:13Z,20.87,72.24,99,0,22.94,102.62,0.00,405.00,null,null,null
2023-09-03T01:44:13Z,20.86,72.25,99,0,25.76,102.62,1.00,408.00,null,null,null
2023-09-03T01:45:13Z,20.84,72.23,99,0,25.98,102.61,1.00,408.00,null,null,null
2023-09-03T01:46:13Z,20.86,72.27,99,0,22.66,102.61,1.00,411.00,null,null,null
2023-09-03T01:47:13Z,20.84,72.28,99,0,22.94,102.61,1.00,408.00,0,0,0
2023-09-03T01:48:13Z,20.84,72.28,99,0,24.61,102.61,0.00,405.00,null,null,null
2023-09-03T01:49:13Z,20.83,72.29,99,0,23.86,102.61,1.00,408.00,null,null,null
2023-09-03T01:50:13Z,20.83,72.26,99,0,23.45,102.61,0.00,405.00,null,null,null
2023-09-03T01:51:13Z,20.80,72.26,99,0,19.17,102.61,0.00,405.00,null,null,null
2023-09-03T01:52:13Z,20.81,72.27,99,0,25.65,102.61,0.00,405.00,0,0,0
2023-09-03T01:53:13Z,20.83,72.27,99,0,29.15,102.61,0.00,405.00,null,null,null
2023-09-03T01:54:13Z,20.84,72.26,99,0,24.96,102.61,0.00,405.00,null,null,null
2023-09-03T01:55:13Z,20.81,72.26,99,0,24.23,102.61,0.00,405.00,null,null,null
2023-09-03T01:56:13Z,20.80,72.28,99,0,22.31,102.61,0.00,405.00,null,null,null
2023-09-03T01:57:13Z,20.79,72.30,99,0,23.98,102.61,0.00,400.00,0,0,0
2023-09-03T01:58:13Z,20.79,72.27,99,0,22.18,102.61,0.00,405.00,null,null,null
2023-09-03T01:59:13Z,20.80,72.27,99,0,27.71,102.61,0.00,405.00,null,null,null
2023-09-03T02:00:13Z,20.79,72.26,99,0,24.11,102.61,0.00,405.00,null,null,null
2023-09-03T02:01:13Z,20.79,72.30,99,0,22.05,102.62,0.00,405.00,null,null,null
2023-09-03T02:02:13Z,20.77,72.28,99,0,27.18,102.62,0.00,405.00,0,0,0
2023-09-03T02:03:13Z,20.77,72.28,99,0,23.98,102.62,0.00,405.00,null,null,null
2023-09-03T02:04:13Z,20.79,72.24,99,0,21.10,102.62,0.00,405.00,null,null,null
2023-09-03T02:05:13Z,20.76,72.28,99,0,21.49,102.63,1.00,408.00,null,null,null
2023-09-03T02:06:13Z,20.74,72.24,99,0,24.68,102.62,0.00,400.00,null,null,null
2023-09-03T02:07:13Z,20.74,72.32,99,0,21.49,102.62,7.00,446.00,0,0,0
2023-09-03T02:08:13Z,20.74,72.26,99,0,22.99,102.62,6.00,443.00,null,null,null
2023-09-03T02:09:13Z,20.74,72.27,99,0,23.30,102.63,7.00,446.00,null,null,null
2023-09-03T02:10:13Z,20.73,72.30,99,0,20.93,102.62,6.00,443.00,null,null,null
2023-09-03T02:11:13Z,20.71,72.30,99,0,24.89,102.62,7.00,446.00,null,null,null
2023-09-03T02:12:13Z,20.71,72.31,99,0,22.89,102.63,6.00,443.00,0,0,0
2023-09-03T02:13:13Z,20.74,72.28,99,0,21.64,102.63,5.00,438.00,null,null,null
2023-09-03T02:14:13Z,20.73,72.29,99,0,22.61,102.63,5.00,438.00,null,null,null
2023-09-03T02:15:13Z,20.73,72.32,99,0,27.99,102.63,5.00,438.00,null,null,null
2023-09-03T02:16:13Z,20.67,72.31,99,0,24.07,102.63,5.00,438.00,null,null,null
2023-09-03T02:17:13Z,20.65,72.27,99,0,27.82,102.63,5.00,438.00,0,0,0
2023-09-03T02:18:13Z,20.70,72.33,99,0,20.09,102.63,5.00,438.00,null,null,null
2023-09-03T02:19:13Z,20.69,72.27,99,0,22.49,102.63,5.00,438.00,null,null,null
2023-09-03T02:20:13Z,20.69,72.29,99,0,23.15,102.63,5.00,438.00,null,null,null
2023-09-03T02:21:13Z,20.65,72.29,99,0,22.37,102.63,5.00,438.00,null,null,null
2023-09-03T02:22:13Z,20.65,72.32,99,0,23.05,102.63,6.00,443.00,0,0,0
2023-09-03T02:23:13Z,20.67,72.31,99,0,29.28,102.63,5.00,433.00,null,null,null
2023-09-03T02:24:13Z,20.67,72.30,99,0,21.78,102.63,5.00,438.00,null,null,null
2023-09-03T02:25:13Z,20.65,72.29,99,0,22.83,102.63,5.00,433.00,null,null,null
2023-09-03T02:26:13Z,20.61,72.35,99,0,21.78,102.63,5.00,433.00,null,null,null
2023-09-03T02:27:13Z,20.61,72.29,99,0,23.05,102.64,5.00,433.00,0,0,0
2023-09-03T02:28:13Z,20.63,72.34,99,0,23.35,102.64,4.00,428.00,null,null,null
2023-09-03T02:29:13Z,20.65,72.29,99,0,21.18,102.64,5.00,433.00,null,null,null
2023-09-03T02:30:13Z,20.63,72.32,99,0,25.47,102.64,4.00,428.00,null,null,null
2023-09-03T02:31:13Z,20.60,72.31,99,0,24.39,102.64,4.00,428.00,null,null,null
2023-09-03T02:32:13Z,20.61,72.35,99,0,24.79,102.63,4.00,428.00,0,0,0
2023-09-03T02:33:13Z,20.59,72.30,99,0,22.61,102.64,4.00,428.00,null,null,null
2023-09-03T02:34:13Z,20.59,72.30,99,0,22.66,102.64,4.00,428.00,null,null,null
2023-09-03T02:35:13Z,20.61,72.34,99,0,24.93,102.64,4.00,428.00,null,null,null
2023-09-03T02:36:13Z,20.57,72.34,99,0,24.86,102.64,3.00,424.00,null,null,null
2023-09-03T02:37:13Z,20.60,72.32,99,0,25.16,102.64,4.00,428.00,0,0,0
2023-09-03T02:38:13Z,20.60,72.32,99,0,20.39,102.65,3.00,424.00,null,null,null
2023-09-03T02:39:13Z,20.59,72.36,99,0,26.38,102.65,4.00,428.00,null,null,null
2023-09-03T02:40:13Z,20.57,72.29,99,0,24.54,102.65,3.00,424.00,null,null,null
2023-09-03T02:41:13Z,20.57,72.34,99,0,22.24,102.65,4.00,428.00,null,null,null
2023-09-03T02:42:13Z,20.56,72.37,99,0,22.49,102.65,3.00,424.00,0,0,0
2023-09-03T02:43:13Z,20.56,72.35,99,0,20.93,102.65,3.00,424.00,null,null,null
2023-09-03T02:44:13Z,20.56,72.31,99,0,23.72,102.65,3.00,421.00,null,null,null
2023-09-03T02:45:13Z,20.54,72.31,99,0,20.29,102.65,3.00,421.00,null,null,null
2023-09-03T02:46:13Z,20.53,72.34,99,0,22.83,102.65,3.00,421.00,null,null,null
2023-09-03T02:47:13Z,20.53,72.33,99,0,22.72,102.65,3.00,421.00,0,0,0
2023-09-03T02:48:13Z,20.53,72.33,99,0,23.40,102.65,3.00,421.00,null,null,null
2023-09-03T02:49:13Z,20.53,72.35,99,0,24.50,102.65,3.00,421.00,null,null,null
2023-09-03T02:50:13Z,20.53,72.34,99,0,20.39,102.65,3.00,421.00,null,null,null
2023-09-03T02:51:13Z,20.54,72.30,99,0,23.77,102.65,3.00,421.00,null,null,null
2023-09-03T02:52:13Z,20.54,72.35,99,0,22.99,102.65,3.00,421.00,0,0,0
2023-09-03T02:53:13Z,20.50,72.34,99,0,24.65,102.65,3.00,421.00,null,null,null
2023-09-03T02:54:13Z,20.52,72.35,99,0,23.05,102.65,3.00,421.00,null,null,null
2023-09-03T02:55:13Z,20.50,72.34,99,0,21.34,102.65,3.00,424.00,null,null,null
2023-09-03T02:56:13Z,20.50,72.33,99,0,20.93,102.65,4.00,428.00,null,null,null
2023-09-03T02:57:13Z,20.49,72.33,99,0,23.68,102.65,3.00,424.00,0,0,0
2023-09-03T02:58:13Z,20.50,72.36,99,0,29.41,102.66,4.00,428.00,null,null,null
2023-09-03T02:59:13Z,20.47,72.33,99,0,22.24,102.66,3.00,424.00,null,null,null
