TIME,TEMP,HUM,BATT,LIGHT,NOISE_A,PRESS,CCS811_VOCS,CCS811_ECO2,PM_1,PM_25,PM_10
ISO 8601,C,%,%,Lux,dBA,kPa,ppb,ppm,ug/m3,ug/m3,ug/m3
Time,Temperature,Humidity,Battery,Light,Noise dBA,Barometric pressure,VOC Gas CCS811,eCO2 Gas CCS811,PM 1.0,PM 2.5,PM 10.0
,55,56,10,14,53,58,113,112,89,87,88
2023-09-11T00:00:03Z,24.59,69.87,100,0,22.72,101.36,15.00,503.00,0,0,0
2023-09-11T00:01:03Z,24.59,69.91,100,0,22.37,101.36,15.00,503.00,null,null,null
2023-09-11T00:02:03Z,24.59,69.95,100,0,22.43,101.36,15.00,503.00,null,null,null
2023-09-11T00:03:03Z,24.57,69.93,100,0,24.76,101.36,14.00,498.00,null,null,null
2023-09-11T00:04:03Z,24.56,70.04,100,0,21.18,101.36,14.00,498.00,null,null,null
2023-09-11T00:05:03Z,24.57,70.04,100,0,25.44,101.36,14.00,498.00,0,0,0
2023-09-11T00:06:03Z,24.56,70.10,100,0,23.63,101.36,14.00,493.00,null,null,null
2023-09-11T00:07:03Z,24.53,70.15,100,0,21.10,101.36,14.00,493.00,null,null,null
2023-09-11T00:08:03Z,24.56,70.13,100,0,22.49,101.36,14.00,498.00,null,null,null
2023-09-11T00:09:03Z,24.54,70.14,100,0,22.55,101.36,14.00,498.00,null,null,null
2023-09-11T00:10:03Z,24.53,70.19,100,0,22.78,101.36,15.00,503.00,0,0,0
2023-09-11T00:11:03Z,24.53,70.23,100,0,22.43,101.36,15.00,503.00,null,null,null
2023-09-11T00:12:03Z,24.51,70.24,100,0,21.64,101.36,16.00,508.00,null,null,null
2023-09-11T00:13:03Z,24.51,70.25,100,0,24.07,101.36,18.00,519.00,null,null,null
2023-09-11T00:14:03Z,24.53,70.25,100,0,22.12,101.36,17.00,515.00,null,null,null
2023-09-11T00:15:03Z,24.50,70.32,100,0,22.83,101.36,17.00,515.00,0,0,0
2023-09-11T00:16:03Z,24.50,70.39,100,0,22.94,101.36,17.00,515.00,null,null,null
2023-09-11T00:17:03Z,24.48,70.35,100,0,22.61,101.36,15.00,503.00,null,null,null
2023-09-11T00:18:03Z,24.48,70.41,100,0,23.49,101.36,15.00,503.00,null,null,null
2023-09-11T00:19:03Z,24.44,70.37,100,0,23.35,101.35,15.00,503.00,null,null,null
2023-09-11T00:20:03Z,24.47,70.44,100,0,24.58,101.36,15.00,503.00,0,0,0
2023-09-11T00:21:03Z,24.45,70.49,100,0,31.46,101.36,15.00,500.00,null,null,null
2023-09-11T00:22:03Z,24.45,70.49,100,0,24.23,101.36,15.00,503.00,null,null,null
2023-09-11T00:23:03Z,24.45,70.47,100,0,25.47,101.35,15.00,503.00,null,null,null
2023-09-11T00:24:03Z,24.44,70.49,100,0,23.81,101.35,15.00,503.00,null,null,null
2023-09-11T00:25:03Z,24.43,70.58,100,0,22.94,101.35,15.00,503.00,0,0,0
2023-09-11T00:26:03Z,24.43,70.57,100,0,39.27,101.35,15.00,503.00,null,null,null
2023-09-11T00:27:03Z,24.43,70.56,100,0,28.61,101.34,17.00,515.00,null,null,null
2023-09-11T00:28:03Z,24.41,70.61,100,0,22.66,101.34,17.00,515.00,null,null,null
2023-09-11T00:29:03Z,24.40,70.56,100,0,23.30,101.34,18.00,519.00,null,null,null
2023-09-11T00:30:03Z,24.40,70.60,100,0,24.31,101.34,19.00,526.00,0,0,0
2023-09-11T00:31:03Z,24.40,70.62,100,0,23.59,101.34,19.00,526.00,null,null,null
2023-09-11T00:32:03Z,24.43,70.61,100,0,21.34,101.34,19.00,526.00,null,null,null
2023-09-11T00:33:03Z,24.40,70.65,100,0,23.98,101.34,19.00,526.00,null,null,null
2023-09-11T00:34:03Z,24.39,70.62,100,0,24.03,101.34,19.00,526.00,null,null,null
2023-09-11T00:35:03Z,24.37,70.67,100,0,23.98,101.34,18.00,519.00,0,0,0
2023-09-11T00:36:03Z,24.37,70.69,100,0,22.55,101.34,17.00,515.00,null,null,null
2023-09-11T00:37:03Z,24.34,70.74,100,0,23.72,101.34,15.00,503.00,null,null,null
2023-09-11T00:38:03Z,24.34,70.75,100,0,21.10,101.33,15.00,503.00,null,null,null
2023-09-11T00:39:03Z,24.36,70.76,100,0,22.94,101.34,15.00,500.00,null,null,null
2023-09-11T00:40:03Z,24.33,70.77,100,0,25.56,101.34,15.00,500.00,0,0,0
2023-09-11T00:41:03Z,24.34,70.75,100,0,22.49,101.33,13.00,491.00,null,null,null
2023-09-11T00:42:03Z,24.34,70.74,100,0,23.05,101.34,13.00,491.00,null,null,null
2023-09-11T00:43:03Z,24.29,70.78,100,0,22.89,101.34,14.00,495.00,null,null,null
2023-09-11T00:44:03Z,24.30,70.74,100,0,22.83,101.33,14.00,496.00,null,null,null
2023-09-11T00:45:03Z,24.29,70.86,100,0,22.61,101.33,15.00,500.00,0,0,0
2023-09-11T00:46:03Z,24.32,70.78,100,0,26.91,101.33,15.00,500.00,null,null,null
2023-09-11T00:47:03Z,24.30,70.77,100,0,28.51,101.33,14.00,496.00,null,null,null
2023-09-11T00:48:03Z,24.30,70.79,100,0,24.15,101.33,15.00,500.00,null,null,null
2023-09-11T00:49:03Z,24.29,70.83,100,0,21.99,101.33,15.00,500.00,null,null,null
2023-09-11T00:50:03Z,24.27,70.83,100,0,21.34,101.32,15.00,500.00,0,0,0
2023-09-11T00:51:03Z,24.27,70.85,100,0,23.68,101.33,14.00,496.00,null,null,null
2023-09-11T00:52:03Z,24.29,70.85,100,0,24.43,101.33,15.00,500.00,null,null,null
2023-09-11T00:53:03Z,24.29,70.87,100,0,23.90,101.33,15.00,500.00,null,null,null
2023-09-11T00:54:03Z,24.24,70.96,100,0,24.83,101.32,15.00,500.00,null,null,null
2023-09-11T00:55:03Z,24.24,70.92,100,0,22.31,101.32,14.00,495.00,0,0,0
2023-09-11T00:56:03Z,24.24,70.94,100,0,21.99,101.32,14.00,492.00,null,null,null
2023-09-11T00:57:03Z,24.26,70.94,100,0,24.54,101.33,14.00,495.00,null,null,null
2023-09-11T00:58:03Z,24.26,70.97,100,0,22.24,101.32,15.00,500.00,null,null,null
2023-09-11T00:59:03Z,24.24,70.98,100,0,23.40,101.32,15.00,500.00,null,null,null
2023-09-11T01:00:03Z,24.24,70.98,100,0,94.02,101.32,15.00,500.00,0,0,0
2023-09-11T01:01:03Z,24.54,71.17,99,8,31.92,101.32,15.00,505.00,null,null,null
2023-09-11T01:02:03Z,24.60,70.81,99,7,24.76,101.32,16.00,506.00,null,null,null
2023-09-11T01:03:03Z,24.60,70.75,99,7,23.63,101.32,16.00,506.00,null,null,null
2023-09-11T01:04:03Z,24.60,70.82,99,7,24.65,101.32,15.00,500.00,null,null,null
2023-09-11T01:05:03Z,24.64,70.58,99,7,37.98,101.32,16.00,506.00,0,0,0
2023-09-11T01:06:03Z,24.66,70.49,99,7,40.32,101.32,20.00,534.00,null,null,null
2023-09-11T01:07:03Z,24.70,70.50,99,0,28.31,101.32,19.00,526.00,null,null,null
2023-09-11T01:08:03Z,24.70,70.35,99,0,39.18,101.32,18.00,519.00,null,null,null
2023-09-11T01:09:03Z,24.74,70.21,99,0,21.99,101.32,17.00,515.00,null,null,null
2023-09-11T01:10:03Z,24.75,70.34,99,0,23.10,101.32,18.00,519.00,0,0,0
2023-09-11T01:11:03Z,24.74,70.34,99,0,30.30,101.32,9.00,464.00,null,null,null
2023-09-11T01:12:03Z,24.75,70.18,99,0,24.89,101.32,14.00,495.00,null,null,null
2023-09-11T01:13:03Z,24.77,70.17,99,0,24.23,101.32,8.00,459.00,null,null,null
2023-09-11T01:14:03Z,24.80,70.11,99,0,28.17,101.32,8.00,456.00,null,null,null
2023-09-11T01:15:03Z,24.78,70.12,99,0,22.43,101.32,8.00,454.00,0,0,0
2023-09-11T01:16:03Z,24.80,70.07,99,0,23.35,101.32,8.00,454.00,null,null,null
2023-09-11T01:17:03Z,24.80,70.02,99,0,23.15,101.32,8.00,454.00,null,null,null
2023-09-11T01:18:03Z,24.78,70.05,99,0,22.55,101.32,8.00,454.00,null,null,null
2023-09-11T01:19:03Z,24.83,70.05,99,0,29.73,101.32,8.00,454.00,null,null,null
2023-09-11T01:20:03Z,24.80,70.02,99,0,22.94,101.32,6.00,445.00,0,0,0
2023-09-11T01:21:03Z,24.80,69.96,99,0,24.11,101.32,6.00,445.00,null,null,null
2023-09-11T01:22:03Z,24.81,69.82,99,0,29.26,101.32,6.00,445.00,null,null,null
2023-09-11T01:23:03Z,24.84,69.82,99,0,29.49,101.32,8.00,454.00,null,null,null
2023-09-11T01:24:03Z,24.83,69.65,99,0,22.78,101.32,9.00,463.00,null,null,null
2023-09-11T01:25:03Z,24.81,69.79,99,0,23.49,101.32,11.00,475.00,0,0,0
2023-09-11T01:26:03Z,24.84,69.84,99,0,27.02,101.32,9.00,463.00,null,null,null
2023-09-11T01:27:03Z,24.87,69.74,99,0,24.58,101.32,11.00,475.00,null,null,null
2023-09-11T01:28:03Z,24.87,69.79,99,0,22.72,101.32,11.00,475.00,null,null,null
2023-09-11T01:29:03Z,24.84,69.75,99,0,24.86,101.33,9.00,463.00,null,null,null
2023-09-11T01:30:03Z,24.87,69.69,99,0,23.30,101.32,9.00,463.00,0,0,0
2023-09-11T01:31:03Z,24.86,69.80,99,0,21.34,101.33,11.00,475.00,null,null,null
2023-09-11T01:32:03Z,24.81,69.83,99,0,23.72,101.33,10.00,470.00,null,null,null
2023-09-11T01:33:03Z,24.81,69.87,99,0,23.49,101.33,9.00,463.00,null,null,null
2023-09-11T01:34:03Z,24.81,69.84,99,0,26.43,101.32,8.00,459.00,null,null,null
2023-09-11T01:35:03Z,24.77,69.90,99,0,25.53,101.33,8.00,459.00,0,0,0
2023-09-11T01:36:03Z,24.74,69.95,99,0,28.87,101.33,8.00,459.00,null,null,null
2023-09-11T01:37:03Z,24.75,69.99,99,0,29.25,101.33,14.00,493.00,null,null,null
2023-09-11T01:38:03Z,24.73,70.02,99,0,27.47,101.33,9.00,463.00,null,null,null
2023-09-11T01:39:03Z,24.69,70.15,99,0,23.68,101.33,14.00,493.00,null,null,null
2023-09-11T01:40:03Z,24.69,70.18,99,0,29.54,101.33,13.00,491.00,0,0,0
2023-09-11T01:41:03Z,24.66,70.26,99,0,27.75,101.34,13.00,487.00,null,null,null
2023-09-11T01:42:03Z,24.64,70.25,99,0,33.08,101.33,11.00,475.00,null,null,null
2023-09-11T01:43:03Z,24.64,70.29,99,0,27.97,101.33,11.00,475.00,null,null,null
2023-09-11T01:44:03Z,24.60,70.39,99,0,31.48,101.33,10.00,466.00,null,null,null
2023-09-11T01:45:03Z,24.57,70.44,99,0,30.59,101.33,10.00,466.00,0,0,0
2023-09-11T01:46:03Z,24.59,70.50,99,0,30.66,101.33,9.00,462.00,null,null,null
2023-09-11T01:47:03Z,24.56,70.44,99,0,30.38,101.33,9.00,462.00,null,null,null
2023-09-11T01:48:03Z,24.54,70.54,99,0,28.92,101.32,9.00,462.00,null,null,null
2023-09-11T01:49:03Z,24.54,70.58,99,0,32.12,101.32,9.00,462.00,null,null,null
2023-09-11T01:50:03Z,24.53,70.66,99,0,29.00,101.32,8.00,457.00,0,0,0
2023-09-11T01:51:03Z,24.50,70.62,99,0,31.53,101.32,8.00,455.00,null,null,null
2023-09-11T01:52:03Z,24.46,70.75,99,0,25.84,101.33,8.00,455.00,null,null,null
2023-09-11T01:53:03Z,24.46,70.79,99,0,34.26,101.32,6.00,443.00,null,null,null
2023-09-11T01:54:03Z,24.45,70.82,99,0,29.01,101.32,6.00,443.00,null,null,null
2023-09-11T01:55:03Z,24.42,70.79,99,0,29.36,101.32,7.00,446.00,0,0,0
2023-09-11T01:56:03Z,24.43,70.94,99,0,23.10,101.32,6.00,443.00,null,null,null
2023-09-11T01:57:03Z,24.42,70.82,99,0,29.56,101.32,6.00,443.00,null,null,null
2023-09-11T01:58:03Z,24.40,70.80,99,0,22.83,101.32,6.00,443.00,null,null,null
2023-09-11T01:59:03Z,24.38,70.86,99,0,21.34,101.32,7.00,451.00,null,null,null
2023-09-11T02:00:03Z,24.39,70.82,99,0,24.96,101.32,7.00,451.00,0,0,0
2023-09-11T02:01:03Z,24.38,70.95,99,0,26.57,101.32,7.00,451.00,null,null,null
2023-09-11T02:02:03Z,24.39,70.88,99,0,29.36,101.31,8.00,454.00,null,null,null
2023-09-11T02:03:03Z,24.35,70.90,99,0,29.12,101.32,8.00,454.00,null,null,null
2023-09-11T02:04:03Z,24.36,70.98,99,0,24.15,101.32,8.00,459.00,null,null,null
2023-09-11T02:05:03Z,24.35,71.07,99,0,27.78,101.31,8.00,459.00,0,0,0
2023-09-11T02:06:03Z,24.36,71.16,99,0,24.23,101.31,8.00,454.00,null,null,null
2023-09-11T02:07:03Z,24.33,70.94,99,0,24.03,101.31,8.00,454.00,null,null,null
2023-09-11T02:08:03Z,24.32,71.10,99,0,26.73,101.31,8.00,459.00,null,null,null
2023-09-11T02:09:03Z,24.29,71.19,99,0,23.54,101.31,10.00,470.00,null,null,null
2023-09-11T02:10:03Z,24.31,71.23,99,0,22.18,101.31,9.00,463.00,0,0,0
2023-09-11T02:11:03Z,24.26,71.16,99,0,26.48,101.31,8.00,454.00,null,null,null
2023-09-11T02:12:03Z,24.29,71.10,99,0,27.80,101.31,8.00,459.00,null,null,null
2023-09-11T02:13:03Z,24.26,71.17,99,0,23.59,101.31,9.00,463.00,null,null,null
2023-09-11T02:14:03Z,24.26,71.34,99,0,22.49,101.32,9.00,463.00,null,null,null
2023-09-11T02:15:03Z,24.25,71.14,99,0,22.78,101.32,8.00,459.00,0,0,0
2023-09-11T02:16:03Z,24.26,71.18,99,0,27.77,101.32,9.00,463.00,null,null,null
2023-09-11T02:17:03Z,24.26,71.19,99,0,25.59,101.32,10.00,470.00,null,null,null
2023-09-11T02:18:03Z,24.25,71.31,99,0,23.94,101.32,12.00,482.00,null,null,null
2023-09-11T02:19:03Z,24.23,71.34,99,0,28.19,101.32,11.00,477.00,null,null,null
2023-09-11T02:20:03Z,24.22,71.16,99,0,25.26,101.31,10.00,470.00,0,0,0
2023-09-11T02:21:03Z,24.23,71.29,99,0,29.65,101.31,11.00,476.00,null,null,null
2023-09-11T02:22:03Z,24.23,71.26,99,0,26.57,101.32,12.00,481.00,null,null,null
2023-09-11T02:23:03Z,24.22,71.34,99,0,26.93,101.31,12.00,481.00,null,null,null
2023-09-11T02:24:03Z,24.20,71.31,99,0,36.37,101.31,13.00,486.00,null,null,null
2023-09-11T02:25:03Z,24.22,71.47,99,0,27.20,101.31,13.00,488.00,0,0,0
2023-09-11T02:26:03Z,24.20,71.25,99,0,30.64,101.31,13.00,486.00,null,null,null
2023-09-11T02:27:03Z,24.19,71.35,99,0,21.92,101.31,14.00,495.00,null,null,null
2023-09-11T02:28:03Z,24.18,71.47,99,0,33.34,101.31,14.00,495.00,null,null,null
2023-09-11T02:29:03Z,24.20,71.37,99,0,23.05,101.31,14.00,495.00,null,null,null
2023-09-11T02:30:03Z,24.18,71.34,99,0,23.40,101.31,15.00,500.00,0,0,0
2023-09-11T02:31:03Z,24.18,71.32,99,0,42.54,101.31,17.00,514.00,null,null,null
2023-09-11T02:32:03Z,24.20,71.41,99,0,21.56,101.31,18.00,523.00,null,null,null
2023-09-11T02:33:03Z,24.19,71.42,99,0,28.42,101.31,18.00,519.00,null,null,null
2023-09-11T02:34:03Z,24.16,71.33,99,0,24.76,101.31,18.00,519.00,null,null,null
2023-09-11T02:35:03Z,24.19,71.47,99,0,27.44,101.31,18.00,523.00,0,0,0
2023-09-11T02:36:03Z,24.18,71.68,99,0,31.90,101.31,18.00,523.00,null,null,null
2023-09-11T02:37:03Z,24.18,71.57,99,0,22.94,101.31,18.00,519.00,null,null,null
2023-09-11T02:38:03Z,24.16,71.59,99,0,22.55,101.31,15.00,505.00,null,null,null
2023-09-11T02:39:03Z,24.14,71.64,99,0,22.12,101.31,15.00,500.00,null,null,null
2023-09-11T02:40:03Z,24.15,71.53,99,0,21.34,101.31,14.00,495.00,0,0,0
2023-09-11T02:41:03Z,24.15,71.58,99,0,23.54,101.31,14.00,495.00,null,null,null
2023-09-11T02:42:03Z,24.14,71.59,99,0,32.94,101.31,15.00,500.00,null,null,null
2023-09-11T02:43:03Z,24.14,71.58,99,0,24.07,101.31,15.00,500.00,null,null,null
2023-09-11T02:44:03Z,24.14,71.62,99,0,25.16,101.31,17.00,514.00,null,null,null
2023-09-11T02:45:03Z,24.12,71.80,99,0,26.11,101.30,15.00,505.00,0,0,0
2023-09-11T02:46:03Z,24.11,71.72,99,0,30.25,101.30,14.00,497.00,null,null,null
2023-09-11T02:47:03Z,24.11,71.55,99,0,23.77,101.30,14.00,495.00,null,null,null
2023-09-11T02:48:03Z,24.11,71.95,99,0,34.72,101.30,14.00,495.00,null,null,null
2023-09-11T02:49:03Z,24.09,72.02,99,0,23.25,101.30,12.00,483.00,null,null,null
2023-09-11T02:50:03Z,24.09,71.96,99,0,23.98,101.30,11.00,475.00,0,0,0
2023-09-11T02:51:03Z,24.09,71.92,99,0,25.62,101.30,9.00,465.00,null,null,null
2023-09-11T02:52:03Z,24.05,72.09,99,0,26.48,101.30,9.00,462.00,null,null,null
2023-09-11T02:53:03Z,24.05,72.02,99,0,24.46,101.30,9.00,462.00,null,null,null
2023-09-11T02:54:03Z,24.05,71.82,99,0,23.25,101.30,9.00,462.00,null,null,null
2023-09-11T02:55:03Z,24.04,71.84,99,0,20.48,101.30,8.00,457.00,0,0,0
2023-09-11T02:56:03Z,24.05,71.89,99,0,23.35,101.30,9.00,462.00,null,null,null
2023-09-11T02:57:03Z,24.04,71.86,99,0,24.35,101.30,9.00,465.00,null,null,null
2023-09-11T02:58:03Z,24.05,71.79,99,0,24.07,101.31,11.00,475.00,null,null,null
2023-09-11T02:59:03Z,24.02,71.72,99,0,22.31,101.31,12.00,483.00,null,null,null
2023-09-11T03:00:03Z,24.04,71.77,99,0,25.79,101.30,13.00,488.00,0,0,0
2023-09-11T03:01:03Z,24.05,71.77,99,0,32.41,101.31,14.00,497.00,null,null,null
2023-09-11T03:02:03Z,24.04,71.82,99,0,31.34,101.31,14.00,492.00,null,null,null
2023-09-11T03:03:03Z,24.05,71.90,99,0,30.85,101.31,13.00,486.00,null,null,null
2023-09-11T03:04:03Z,24.04,71.88,99,0,22.89,101.31,14.00,492.00,null,null,null
2023-09-11T03:05:03Z,24.02,71.87,99,0,39.86,101.31,14.00,492.00,0,0,0
2023-09-11T03:06:03Z,24.04,71.86,99,0,22.89,101.31,14.00,497.00,null,null,null
2023-09-11T03:07:03Z,24.04,71.85,99,0,37.22,101.31,15.00,502.00,null,null,null
2023-09-11T03:08:03Z,24.04,71.92,99,0,22.12,101.31,15.00,502.00,null,null,null
2023-09-11T03:09:03Z,24.05,71.89,99,0,22.83,101.31,14.00,497.00,null,null,null
2023-09-11T03:10:03Z,24.04,71.98,99,0,23.54,101.31,14.00,492.00,0,0,0
2023-09-11T03:11:03Z,24.02,71.93,99,0,35.16,101.31,14.00,492.00,null,null,null
2023-09-11T03:12:03Z,24.02,71.82,99,0,22.43,101.31,14.00,492.00,null,null,null
2023-09-11T03:13:03Z,24.02,71.89,99,0,28.23,101.31,15.00,502.00,null,null,null
2023-09-11T03:14:03Z,23.99,72.03,99,0,27.49,101.31,15.00,502.00,null,null,null
2023-09-11T03:15:03Z,24.02,71.92,99,0,25.76,101.31,16.00,506.00,0,0,0
2023-09-11T03:16:03Z,24.01,71.89,99,0,22.99,101.31,16.00,506.00,null,null,null
2023-09-11T03:17:03Z,24.02,71.97,99,0,23.54,101.30,16.00,506.00,null,null,null
2023-09-11T03:18:03Z,24.02,71.83,99,0,23.45,101.30,16.00,506.00,null,null,null
2023-09-11T03:19:03Z,24.01,71.71,99,0,23.25,101.30,17.00,517.00,null,null,null
2023-09-11T03:20:03Z,24.04,71.77,99,0,24.68,101.30,19.00,526.00,0,0,0
2023-09-11T03:21:03Z,24.02,71.73,99,0,23.25,101.30,20.00,534.00,null,null,null
2023-09-11T03:22:03Z,24.02,71.76,99,0,29.93,101.29,23.00,553.00,null,null,null
2023-09-11T03:23:03Z,24.02,72.09,99,0,28.47,101.29,24.00,561.00,null,null,null
2023-09-11T03:24:03Z,24.02,71.97,99,0,20.67,101.29,23.00,556.00,null,null,null
2023-09-11T03:25:03Z,24.01,71.98,98,0,21.71,101.29,22.00,546.00,0,0,0
2023-09-11T03:26:03Z,24.01,71.88,98,0,20.48,101.29,20.00,534.00,null,null,null
2023-09-11T03:27:03Z,24.02,71.81,98,0,25.50,101.29,21.00,539.00,null,null,null
2023-09-11T03:28:03Z,24.02,71.75,99,0,24.43,101.30,21.00,539.00,null,null,null
2023-09-11T03:29:03Z,24.02,71.72,99,0,24.03,101.29,23.00,551.00,null,null,null
2023-09-11T03:30:03Z,24.01,71.87,98,0,24.79,101.29,24.00,561.00,0,0,0
2023-09-11T03:31:03Z,24.02,71.92,98,0,26.34,101.30,20.00,534.00,null,null,null
2023-09-11T03:32:03Z,24.02,71.78,99,0,22.37,101.29,19.00,529.00,null,null,null
2023-09-11T03:33:03Z,23.99,71.96,98,0,22.83,101.29,18.00,519.00,null,null,null
2023-09-11T03:34:03Z,23.99,71.93,98,0,24.79,101.29,17.00,517.00,null,null,null
2023-09-11T03:35:03Z,23.97,71.90,99,0,20.48,101.29,14.00,497.00,0,0,0
2023-09-11T03:36:03Z,23.98,71.88,98,0,24.11,101.29,13.00,486.00,null,null,null
2023-09-11T03:37:03Z,23.98,71.91,98,0,21.56,101.29,12.00,483.00,null,null,null
2023-09-11T03:38:03Z,23.97,71.93,98,0,21.71,101.29,9.00,465.00,null,null,null
2023-09-11T03:39:03Z,23.94,71.95,98,0,26.16,101.29,9.00,462.00,null,null,null
2023-09-11T03:40:03Z,23.94,71.90,98,0,23.90,101.29,8.00,457.00,0,0,0
2023-09-11T03:41:03Z,23.92,71.85,98,0,27.10,101.29,8.00,457.00,null,null,null
2023-09-11T03:42:03Z,23.94,71.86,98,0,24.31,101.28,8.00,457.00,null,null,null
2023-09-11T03:43:03Z,23.94,72.00,98,0,22.24,101.29,8.00,454.00,null,null,null
2023-09-11T03:44:03Z,23.91,72.05,98,0,23.94,101.28,7.00,447.00,null,null,null
2023-09-11T03:45:03Z,23.91,72.08,98,0,25.06,101.28,6.00,444.00,0,0,0
2023-09-11T03:46:03Z,23.92,71.92,98,0,25.19,101.28,5.00,439.00,null,null,null
2023-09-11T03:47:03Z,23.91,71.90,98,0,23.81,101.28,6.00,444.00,null,null,null
2023-09-11T03:48:03Z,23.89,71.89,98,0,25.06,101.28,6.00,444.00,null,null,null
2023-09-11T03:49:03Z,23.91,71.98,98,0,25.62,101.29,7.00,447.00,null,null,null
2023-09-11T03:50:03Z,23.91,71.92,98,0,23.30,101.29,8.00,454.00,0,0,0
2023-09-11T03:51:03Z,23.91,72.00,98,0,26.55,101.29,8.00,454.00,null,null,null
2023-09-11T03:52:03Z,23.89,71.98,98,0,22.94,101.28,7.00,447.00,null,null,null
2023-09-11T03:53:03Z,23.88,71.94,98,0,23.94,101.28,8.00,454.00,null,null,null
2023-09-11T03:54:03Z,23.88,72.00,98,0,24.89,101.28,8.00,454.00,null,null,null
2023-09-11T03:55:03Z,23.87,71.97,98,0,25.65,101.28,8.00,457.00,0,0,0
2023-09-11T03:56:03Z,23.89,71.92,98,0,25.32,101.28,8.00,457.00,null,null,null
2023-09-11T03:57:03Z,23.88,71.85,98,0,23.15,101.28,9.00,462.00,null,null,null
2023-09-11T03:58:03Z,23.89,71.77,98,0,24.68,101.28,9.00,465.00,null,null,null
2023-09-11T03:59:03Z,23.88,71.75,98,0,23.90,101.28,11.00,478.00,null,null,null
2023-09-11T04:00:03Z,23.88,71.74,98,0,36.70,101.28,13.00,486.00,0,0,0
2023-09-11T04:01:03Z,23.88,71.68,98,0,25.47,101.28,15.00,500.00,null,null,null
2023-09-11T04:02:03Z,23.89,71.62,98,0,42.51,101.28,18.00,519.00,null,null,null
2023-09-11T04:03:03Z,23.89,71.62,98,0,23.54,101.28,20.00,537.00,null,null,null
2023-09-11T04:04:03Z,23.88,71.62,98,0,26.08,101.28,24.00,561.00,null,null,null
2023-09-11T04:05:03Z,23.87,71.78,98,0,24.68,101.28,24.00,561.00,0,0,0
2023-09-11T04:06:03Z,23.92,71.85,98,0,23.20,101.28,22.00,546.00,null,null,null
2023-09-11T04:07:03Z,23.88,71.83,98,0,30.75,101.28,21.00,539.00,null,null,null
2023-09-11T04:08:03Z,23.87,71.97,98,0,25.59,101.28,20.00,534.00,null,null,null
2023-09-11T04:09:03Z,23.88,71.81,98,0,37.53,101.28,18.00,523.00,null,null,null
2023-09-11T04:10:03Z,23.88,71.81,98,0,28.20,101.27,18.00,519.00,0,0,0
2023-09-11T04:11:03Z,23.89,71.78,98,0,21.78,101.27,17.00,517.00,null,null,null
2023-09-11T04:12:03Z,23.87,71.75,98,0,29.94,101.27,16.00,506.00,null,null,null
2023-09-11T04:13:03Z,23.85,71.67,98,0,25.98,101.27,15.00,502.00,null,null,null
2023-09-11T04:14:03Z,23.85,71.62,98,0,24.46,101.27,15.00,500.00,null,null,null
2023-09-11T04:15:03Z,23.84,71.63,98,0,21.85,101.27,14.00,495.00,0,0,0
2023-09-11T04:16:03Z,23.87,71.61,98,0,21.02,101.28,14.00,495.00,null,null,null
2023-09-11T04:17:03Z,23.85,71.56,98,0,21.99,101.27,15.00,500.00,null,null,null
2023-09-11T04:18:03Z,23.85,71.53,98,0,23.35,101.28,15.00,505.00,null,null,null
2023-09-11T04:19:03Z,23.84,71.48,98,0,24.03,101.28,17.00,514.00,null,null,null
2023-09-11T04:20:03Z,23.84,71.53,98,0,22.43,101.29,18.00,523.00,0,0,0
2023-09-11T04:21:03Z,23.84,71.52,98,0,23.45,101.28,18.00,523.00,null,null,null
2023-09-11T04:22:03Z,23.87,71.55,98,0,24.50,101.28,18.00,523.00,null,null,null
2023-09-11T04:23:03Z,23.85,71.61,98,0,28.63,101.29,18.00,523.00,null,null,null
2023-09-11T04:24:03Z,23.84,71.60,98,0,29.57,101.29,18.00,519.00,null,null,null
2023-09-11T04:25:03Z,23.84,71.55,98,0,24.83,101.29,18.00,519.00,0,0,0
2023-09-11T04:26:03Z,23.83,71.49,98,0,22.72,101.29,17.00,514.00,null,null,null
2023-09-11T04:27:03Z,23.83,71.48,98,0,24.65,101.29,18.00,519.00,null,null,null
2023-09-11T04:28:03Z,23.87,71.50,98,0,27.69,101.29,18.00,519.00,null,null,null
2023-09-11T04:29:03Z,23.81,71.49,98,0,23.35,101.29,18.00,519.00,null,null,null
2023-09-11T04:30:03Z,23.81,71.41,98,0,22.89,101.29,17.00,514.00,0,0,0
2023-09-11T04:31:03Z,23.85,71.49,98,0,23.72,101.29,18.00,523.00,null,null,null
2023-09-11T04:32:03Z,23.83,71.44,98,0,49.94,101.29,18.00,523.00,null,null,null
2023-09-11T04:33:03Z,23.83,71.45,98,0,22.55,101.29,18.00,523.00,null,null,null
2023-09-11T04:34:03Z,23.80,71.48,98,0,23.45,101.29,19.00,526.00,null,null,null
2023-09-11T04:35:03Z,23.81,71.45,98,0,22.61,101.29,18.00,519.00,0,0,0
2023-09-11T04:36:03Z,23.83,71.47,98,0,19.77,101.29,17.00,514.00,null,null,null
2023-09-11T04:37:03Z,23.80,71.38,98,0,21.49,101.28,17.00,514.00,null,null,null
2023-09-11T04:38:03Z,23.83,71.35,98,0,23.72,101.29,18.00,519.00,null,null,null
2023-09-11T04:39:03Z,23.81,71.36,98,0,23.35,101.29,18.00,523.00,null,null,null
2023-09-11T04:40:03Z,23.83,71.40,98,0,22.89,101.29,18.00,523.00,0,0,0
2023-09-11T04:41:03Z,23.81,71.36,98,0,23.68,101.29,17.00,514.00,null,null,null
2023-09-11T04:42:03Z,23.81,71.33,98,0,20.19,101.28,15.00,505.00,null,null,null
2023-09-11T04:43:03Z,23.80,71.36,98,0,23.68,101.29,17.00,514.00,null,null,null
2023-09-11T04:44:03Z,23.81,71.32,98,0,22.61,101.29,17.00,514.00,null,null,null
2023-09-11T04:45:03Z,23.78,71.41,98,0,26.24,101.30,18.00,523.00,0,0,0
2023-09-11T04:46:03Z,23.81,71.44,98,0,22.99,101.30,18.00,523.00,null,null,null
2023-09-11T04:47:03Z,23.81,71.45,98,0,25.16,101.30,18.00,519.00,null,null,null
2023-09-11T04:48:03Z,23.81,71.41,98,0,31.51,101.30,19.00,526.00,null,null,null
2023-09-11T04:49:03Z,23.81,71.39,98,0,24.07,101.30,19.00,526.00,null,null,null
2023-09-11T04:50:03Z,23.81,71.41,98,0,26.43,101.30,18.00,523.00,0,0,0
2023-09-11T04:51:03Z,23.80,71.38,98,0,23.15,101.30,17.00,514.00,null,null,null
2023-09-11T04:52:03Z,23.78,71.30,98,0,26.29,101.30,15.00,505.00,null,null,null
2023-09-11T04:53:03Z,23.78,71.32,98,0,23.59,101.30,15.00,505.00,null,null,null
2023-09-11T04:54:03Z,23.77,71.31,98,0,33.23,101.30,15.00,500.00,null,null,null
2023-09-11T04:55:03Z,23.77,71.34,98,0,26.43,101.30,15.00,500.00,0,0,0
2023-09-11T04:56:03Z,23.77,71.31,98,0,33.53,101.30,14.00,495.00,null,null,null
2023-09-11T04:57:03Z,23.78,71.26,98,0,24.07,101.30,14.00,495.00,null,null,null
2023-09-11T04:58:03Z,23.78,71.26,98,0,29.91,101.30,14.00,495.00,null,null,null
2023-09-11T04:59:03Z,23.77,71.20,98,0,38.21,101.30,15.00,500.00,null,null,null
2023-09-11T05:00:03Z,23.76,71.18,98,0,29.62,101.30,19.00,529.00,0,0,0
2023-09-11T05:01:03Z,23.78,71.17,98,0,31.35,101.30,21.00,543.00,null,null,null
2023-09-11T05:02:03Z,23.80,71.06,98,0,30.93,101.30,24.00,561.00,null,null,null
2023-09-11T05:03:03Z,23.77,71.07,98,0,25.47,101.30,28.00,588.00,null,null,null
2023-09-11T05:04:03Z,23.78,71.13,98,0,36.32,101.30,30.00,597.00,null,null,null
2023-09-11T05:05:03Z,23.80,71.12,98,0,30.14,101.30,26.00,577.00,0,0,0
2023-09-11T05:06:03Z,23.78,71.17,98,0,38.12,101.30,24.00,561.00,null,null,null
2023-09-11T05:07:03Z,23.80,71.12,98,0,32.51,101.30,22.00,548.00,null,null,null
2023-09-11T05:08:03Z,23.78,71.10,98,0,32.91,101.30,21.00,543.00,null,null,null
2023-09-11T05:09:03Z,23.77,71.10,98,0,30.49,101.31,20.00,537.00,null,null,null
2023-09-11T05:10:03Z,23.76,71.10,98,0,31.74,101.31,19.00,531.00,0,0,0
2023-09-11T05:11:03Z,23.76,71.13,98,0,36.04,101.30,19.00,531.00,null,null,null
2023-09-11T05:12:03Z,23.76,71.08,98,0,26.46,101.31,22.00,548.00,null,null,null
2023-09-11T05:13:03Z,23.76,71.08,98,0,36.25,101.30,24.00,561.00,null,null,null
2023-09-11T05:14:03Z,23.78,71.14,98,0,31.11,101.30,24.00,561.00,null,null,null
2023-09-11T05:15:03Z,23.73,71.19,98,0,27.64,101.30,23.00,555.00,0,0,0
2023-09-11T05:16:03Z,23.76,71.21,98,0,36.69,101.31,29.00,591.00,null,null,null
2023-09-11T05:17:03Z,23.76,71.22,98,0,29.72,101.31,19.00,531.00,null,null,null
2023-09-11T05:18:03Z,23.76,71.18,98,0,36.17,101.31,19.00,531.00,null,null,null
2023-09-11T05:19:03Z,23.76,71.19,98,0,27.68,101.31,19.00,529.00,null,null,null
2023-09-11T05:20:03Z,23.73,71.22,98,0,38.81,101.30,19.00,529.00,0,0,0
2023-09-11T05:21:03Z,23.76,71.17,98,0,30.17,101.31,29.00,591.00,null,null,null
2023-09-11T05:22:03Z,23.76,71.16,98,0,33.40,101.30,25.00,567.00,null,null,null
2023-09-11T05:23:03Z,23.76,71.19,98,0,31.38,101.31,25.00,570.00,null,null,null
2023-09-11T05:24:03Z,23.71,71.25,98,0,26.50,101.31,25.00,567.00,null,null,null
2023-09-11T05:25:03Z,23.73,71.28,98,0,34.26,101.31,30.00,602.00,0,0,0
2023-09-11T05:26:03Z,23.76,71.25,98,0,30.91,101.31,28.00,589.00,null,null,null
2023-09-11T05:27:03Z,23.73,71.31,98,0,33.43,101.31,22.00,549.00,null,null,null
2023-09-11T05:28:03Z,23.74,71.34,98,0,26.64,101.32,28.00,589.00,null,null,null
2023-09-11T05:29:03Z,23.73,71.36,98,0,29.61,101.32,28.00,589.00,null,null,null
2023-09-11T05:30:03Z,23.73,71.39,98,0,28.68,101.32,28.00,584.00,0,0,0
2023-09-11T05:31:03Z,23.71,71.39,98,0,31.40,101.32,28.00,584.00,null,null,null
2023-09-11T05:32:03Z,23.71,71.47,98,0,25.19,101.32,25.00,570.00,null,null,null
2023-09-11T05:33:03Z,23.70,71.45,98,0,30.33,101.31,26.00,577.00,null,null,null
2023-09-11T05:34:03Z,23.73,71.50,98,0,36.26,101.32,28.00,584.00,null,null,null
2023-09-11T05:35:03Z,23.68,71.53,98,0,24.83,101.32,26.00,577.00,0,0,0
2023-09-11T05:36:03Z,23.67,71.51,98,0,23.25,101.31,25.00,567.00,null,null,null
2023-09-11T05:37:03Z,23.70,71.41,98,0,24.50,101.32,26.00,577.00,null,null,null
2023-09-11T05:38:03Z,23.71,71.57,98,0,24.61,101.31,32.00,611.00,null,null,null
2023-09-11T05:39:03Z,23.71,71.79,98,0,27.78,101.32,39.00,656.00,null,null,null
2023-09-11T05:40:03Z,23.70,72.30,98,0,30.47,101.32,49.00,726.00,0,0,0
2023-09-11T05:41:03Z,23.71,72.09,98,0,29.64,101.32,47.00,715.00,null,null,null
2023-09-11T05:42:03Z,23.68,72.10,98,0,42.76,101.31,46.00,704.00,null,null,null
2023-09-11T05:43:03Z,23.65,72.01,98,0,29.64,101.31,42.00,682.00,null,null,null
2023-09-11T05:44:03Z,23.64,72.04,98,0,29.28,101.32,41.00,674.00,null,null,null
2023-09-11T05:45:03Z,23.61,71.98,98,0,26.00,101.31,38.00,652.00,0,0,0
2023-09-11T05:46:03Z,23.63,72.03,98,0,25.92,101.32,33.00,617.00,null,null,null
2023-09-11T05:47:03Z,23.60,71.98,98,0,34.38,101.31,30.00,599.00,null,null,null
2023-09-11T05:48:03Z,23.58,72.11,98,0,25.95,101.32,28.00,586.00,null,null,null
2023-09-11T05:49:03Z,23.57,72.04,98,0,27.69,101.32,25.00,567.00,null,null,null
2023-09-11T05:50:03Z,23.57,72.09,98,0,27.49,101.32,24.00,561.00,0,0,0
2023-09-11T05:51:03Z,23.56,72.05,98,0,32.39,101.32,22.00,549.00,null,null,null
2023-09-11T05:52:03Z,23.53,72.21,98,0,29.41,101.31,21.00,543.00,null,null,null
2023-09-11T05:53:03Z,23.57,72.10,98,0,27.20,101.32,20.00,537.00,null,null,null
2023-09-11T05:54:03Z,23.50,72.43,98,0,29.69,101.31,21.00,543.00,null,null,null
2023-09-11T05:55:03Z,23.51,72.27,98,0,36.60,101.31,21.00,539.00,0,0,0
2023-09-11T05:56:03Z,23.50,72.33,98,0,34.19,101.32,19.00,527.00,null,null,null
2023-09-11T05:57:03Z,23.47,72.29,98,0,28.61,101.32,18.00,524.00,null,null,null
2023-09-11T05:58:03Z,23.49,72.42,98,0,30.30,101.32,19.00,527.00,null,null,null
2023-09-11T05:59:03Z,23.47,72.47,98,0,24.58,101.32,18.00,524.00,null,null,null
2023-09-11T06:00:03Z,23.44,72.45,98,0,27.49,101.32,17.00,518.00,0,0,0
2023-09-11T06:01:03Z,23.41,72.58,98,0,47.91,101.32,17.00,518.00,null,null,null
2023-09-11T06:02:03Z,23.43,72.44,98,0,24.35,101.32,17.00,514.00,null,null,null
2023-09-11T06:03:03Z,23.39,72.55,98,0,36.91,101.32,17.00,514.00,null,null,null
2023-09-11T06:04:03Z,23.39,72.61,98,0,39.73,101.32,17.00,514.00,null,null,null
2023-09-11T06:05:03Z,23.39,72.70,98,0,59.66,101.32,15.00,502.00,0,0,0
2023-09-11T06:06:03Z,23.37,72.73,98,0,36.27,101.32,14.00,498.00,null,null,null
2023-09-11T06:07:03Z,23.37,72.66,98,0,41.28,101.32,14.00,498.00,null,null,null
2023-09-11T06:08:03Z,23.34,72.78,98,0,40.71,101.33,13.00,488.00,null,null,null
2023-09-11T06:09:03Z,23.33,72.69,98,0,36.83,101.33,11.00,478.00,null,null,null
2023-09-11T06:10:03Z,23.32,72.75,98,0,43.05,101.33,12.00,482.00,0,0,0
2023-09-11T06:11:03Z,23.32,72.75,98,0,35.08,101.33,11.00,475.00,null,null,null
2023-09-11T06:12:03Z,23.29,72.92,98,0,46.48,101.34,11.00,475.00,null,null,null
2023-09-11T06:13:03Z,23.28,72.77,98,0,33.74,101.34,10.00,466.00,null,null,null
2023-09-11T06:14:03Z,23.28,72.74,98,0,51.13,101.34,10.00,466.00,null,null,null
2023-09-11T06:15:03Z,23.28,72.81,98,0,32.99,101.34,10.00,470.00,0,0,0
2023-09-11T06:16:03Z,23.26,72.88,98,0,38.98,101.34,9.00,464.00,null,null,null
2023-09-11T06:17:03Z,23.25,72.88,98,0,26.16,101.34,9.00,464.00,null,null,null
2023-09-11T06:18:03Z,23.23,72.84,98,0,29.28,101.34,9.00,461.00,null,null,null
2023-09-11T06:19:03Z,23.25,72.68,98,0,27.99,101.33,17.00,518.00,null,null,null
2023-09-11T06:20:03Z,23.22,72.54,98,0,28.91,101.33,14.00,498.00,0,0,0
2023-09-11T06:21:03Z,23.23,72.47,98,0,31.38,101.34,25.00,569.00,null,null,null
2023-09-11T06:22:03Z,23.25,72.58,98,0,28.31,101.33,28.00,586.00,null,null,null
2023-09-11T06:23:03Z,23.23,72.56,98,0,22.94,101.34,23.00,555.00,null,null,null
2023-09-11T06:24:03Z,23.22,72.48,98,0,42.13,101.34,32.00,612.00,null,null,null
2023-09-11T06:25:03Z,23.25,72.50,98,0,28.15,101.34,34.00,626.00,0,0,0
2023-09-11T06:26:03Z,23.25,72.51,98,0,32.59,101.34,28.00,589.00,null,null,null
2023-09-11T06:27:03Z,23.25,72.42,98,0,28.57,101.34,30.00,600.00,null,null,null
2023-09-11T06:28:03Z,23.23,72.46,98,0,28.07,101.34,30.00,600.00,null,null,null
2023-09-11T06:29:03Z,23.22,72.42,98,0,26.06,101.34,39.00,656.00,null,null,null
2023-09-11T06:30:03Z,23.23,72.48,98,0,32.67,101.34,41.00,675.00,0,0,0
2023-09-11T06:31:03Z,23.23,72.48,98,0,36.10,101.34,39.00,656.00,null,null,null
2023-09-11T06:32:03Z,23.22,72.50,98,0,26.64,101.34,41.00,675.00,null,null,null
2023-09-11T06:33:03Z,23.22,72.44,98,0,25.47,101.34,43.00,688.00,null,null,null
2023-09-11T06:34:03Z,23.19,72.47,98,0,27.34,101.34,44.00,694.00,null,null,null
2023-09-11T06:35:03Z,23.20,72.41,98,0,67.27,101.34,47.00,712.00,0,0,0
2023-09-11T06:36:03Z,23.20,72.53,98,0,32.67,101.34,47.00,712.00,null,null,null
2023-09-11T06:37:03Z,23.22,72.60,98,0,25.19,101.34,52.00,746.00,null,null,null
2023-09-11T06:38:03Z,23.22,72.52,98,0,24.39,101.34,54.00,761.00,null,null,null
2023-09-11T06:39:03Z,23.20,72.56,98,0,40.15,101.33,56.00,772.00,null,null,null
2023-09-11T06:40:03Z,23.20,72.65,98,0,39.22,101.33,57.00,780.00,0,0,0
2023-09-11T06:41:03Z,23.22,72.62,98,0,30.05,101.33,56.00,772.00,null,null,null
2023-09-11T06:42:03Z,23.19,72.63,98,0,26.26,101.33,57.00,780.00,null,null,null
2023-09-11T06:43:03Z,23.19,72.57,98,0,47.02,101.33,57.00,780.00,null,null,null
2023-09-11T06:44:03Z,23.19,72.49,98,0,31.48,101.33,54.00,761.00,null,null,null
2023-09-11T06:45:03Z,23.19,72.48,98,0,48.78,101.34,54.00,761.00,0,0,0
2023-09-11T06:46:03Z,23.18,72.48,98,0,50.58,101.33,53.00,754.00,null,null,null
2023-09-11T06:47:03Z,23.20,72.31,98,0,56.95,101.34,53.00,754.00,null,null,null
2023-09-11T06:48:03Z,23.19,72.42,98,0,57.90,101.34,53.00,754.00,null,null,null
2023-09-11T06:49:03Z,23.18,72.48,98,0,52.32,101.34,52.00,746.00,null,null,null
2023-09-11T06:50:03Z,23.18,72.45,98,0,43.34,101.34,53.00,754.00,0,0,0
2023-09-11T06:51:03Z,23.19,72.51,98,0,45.28,101.34,51.00,737.00,null,null,null
2023-09-11T06:52:03Z,23.16,72.50,98,0,27.47,101.34,52.00,746.00,null,null,null
2023-09-11T06:53:03Z,23.14,72.47,98,0,34.43,101.34,52.00,746.00,null,null,null
2023-09-11T06:54:03Z,23.13,72.49,98,0,29.12,101.35,52.00,746.00,null,null,null
2023-09-11T06:55:03Z,23.13,72.50,98,0,34.65,101.34,52.00,746.00,0,0,0
2023-09-11T06:56:03Z,23.14,72.50,98,0,29.77,101.34,52.00,746.00,null,null,null
2023-09-11T06:57:03Z,23.14,72.51,98,0,48.55,101.34,53.00,754.00,null,null,null
2023-09-11T06:58:03Z,23.14,72.57,98,0,29.71,101.34,53.00,754.00,null,null,null
2023-09-11T06:59:03Z,23.14,72.64,98,0,29.65,101.34,53.00,754.00,null,null,null
2023-09-11T07:00:03Z,23.14,72.57,98,0,29.53,101.35,53.00,754.00,0,0,0
2023-09-11T07:01:03Z,23.12,72.48,98,0,47.26,101.35,52.00,746.00,null,null,null
2023-09-11T07:02:03Z,23.13,72.50,98,0,55.36,101.35,52.00,746.00,null,null,null
2023-09-11T07:03:03Z,23.14,72.50,98,0,35.59,101.35,52.00,746.00,null,null,null
2023-09-11T07:04:03Z,23.12,72.56,98,0,37.78,101.35,52.00,746.00,null,null,null
2023-09-11T07:05:03Z,23.13,72.52,98,0,55.12,101.35,52.00,746.00,0,0,0
2023-09-11T07:06:03Z,23.12,72.54,98,0,50.67,101.36,52.00,746.00,null,null,null
2023-09-11T07:07:03Z,23.12,72.54,98,0,45.52,101.36,52.00,746.00,null,null,null
2023-09-11T07:08:03Z,23.12,72.54,98,0,42.88,101.36,52.00,746.00,null,null,null
2023-09-11T07:09:03Z,23.10,72.59,98,0,42.63,101.36,52.00,746.00,null,null,null
2023-09-11T07:10:03Z,23.10,72.55,98,0,42.98,101.36,52.00,746.00,0,0,0
2023-09-11T07:11:03Z,23.10,72.54,98,0,52.64,101.36,53.00,754.00,null,null,null
2023-09-11T07:12:03Z,23.10,72.47,98,0,44.29,101.36,52.00,746.00,null,null,null
2023-09-11T07:13:03Z,23.09,72.46,98,0,52.26,101.36,52.00,746.00,null,null,null
2023-09-11T07:14:03Z,23.09,72.52,98,0,37.68,101.36,52.00,746.00,null,null,null
2023-09-11T07:15:03Z,23.09,72.51,98,0,45.45,101.37,51.00,737.00,0,0,0
2023-09-11T07:16:03Z,23.13,72.43,98,0,50.21,101.37,51.00,737.00,null,null,null
2023-09-11T07:17:03Z,23.08,72.50,98,0,43.34,101.37,50.00,730.00,null,null,null
2023-09-11T07:18:03Z,23.10,72.46,98,0,23.98,101.37,51.00,737.00,null,null,null
2023-09-11T07:19:03Z,23.10,72.46,98,0,29.50,101.37,50.00,730.00,null,null,null
2023-09-11T07:20:03Z,23.08,72.31,98,0,28.28,101.37,48.00,717.00,0,0,0
2023-09-11T07:21:03Z,23.06,72.25,98,0,36.83,101.37,47.00,712.00,null,null,null
2023-09-11T07:22:03Z,23.09,72.10,98,0,31.12,101.37,47.00,712.00,null,null,null
2023-09-11T07:23:03Z,23.06,72.00,98,0,25.38,101.37,47.00,710.00,null,null,null
2023-09-11T07:24:03Z,23.06,71.82,98,0,55.46,101.37,44.00,694.00,null,null,null
2023-09-11T07:25:03Z,23.03,71.69,98,0,53.83,101.37,43.00,686.00,0,0,0
2023-09-11T07:26:03Z,23.06,71.68,98,0,54.73,101.37,43.00,686.00,null,null,null
2023-09-11T07:27:03Z,23.05,71.60,98,0,40.56,101.37,41.00,674.00,null,null,null
2023-09-11T07:28:03Z,23.05,71.60,98,0,44.22,101.37,40.00,666.00,null,null,null
2023-09-11T07:29:03Z,23.03,71.59,98,0,40.61,101.37,39.00,660.00,null,null,null
2023-09-11T07:30:03Z,23.02,71.65,98,0,46.42,101.37,39.00,660.00,0,0,0
2023-09-11T07:31:03Z,23.05,71.65,97,0,54.60,101.37,37.00,649.00,null,null,null
2023-09-11T07:32:03Z,23.05,71.59,97,0,44.15,101.37,37.00,649.00,null,null,null
2023-09-11T07:33:03Z,23.02,71.64,98,0,60.36,101.37,37.00,649.00,null,null,null
2023-09-11T07:34:03Z,23.02,71.67,97,0,40.77,101.37,37.00,649.00,null,null,null
2023-09-11T07:35:03Z,23.01,71.67,98,0,42.37,101.37,37.00,649.00,0,0,0
2023-09-11T07:36:03Z,23.02,71.68,98,0,31.13,101.37,37.00,649.00,null,null,null
2023-09-11T07:37:03Z,23.02,71.74,98,0,36.53,101.37,37.00,649.00,null,null,null
2023-09-11T07:38:03Z,23.01,71.70,98,0,39.90,101.37,37.00,649.00,null,null,null
2023-09-11T07:39:03Z,22.98,71.67,97,0,27.06,101.37,38.00,653.00,null,null,null
2023-09-11T07:40:03Z,23.01,71.68,98,0,53.44,101.37,39.00,660.00,0,0,0
2023-09-11T07:41:03Z,22.98,71.64,97,0,41.51,101.37,38.00,653.00,null,null,null
2023-09-11T07:42:03Z,23.02,71.55,97,0,30.91,101.38,38.00,653.00,null,null,null
2023-09-11T07:43:03Z,22.98,71.57,98,0,50.22,101.37,38.00,653.00,null,null,null
2023-09-11T07:44:03Z,22.98,71.45,98,0,35.06,101.38,38.00,653.00,null,null,null
2023-09-11T07:45:03Z,22.98,71.48,97,0,67.15,101.38,39.00,660.00,0,0,0
2023-09-11T07:46:03Z,22.96,71.50,97,0,34.42,101.38,37.00,649.00,null,null,null
2023-09-11T07:47:03Z,22.98,71.47,97,0,54.45,101.38,37.00,649.00,null,null,null
2023-09-11T07:48:03Z,22.96,71.45,97,0,44.06,101.38,37.00,649.00,null,null,null
2023-09-11T07:49:03Z,22.96,71.52,97,0,37.81,101.38,37.00,649.00,null,null,null
2023-09-11T07:50:03Z,22.96,71.57,97,0,40.78,101.39,37.00,649.00,0,0,0
2023-09-11T07:51:03Z,22.98,71.56,97,0,42.09,101.39,36.00,640.00,null,null,null
2023-09-11T07:52:03Z,22.98,71.54,97,0,50.43,101.39,37.00,649.00,null,null,null
2023-09-11T07:53:03Z,22.92,71.54,97,0,46.91,101.39,37.00,649.00,null,null,null
2023-09-11T07:54:03Z,22.95,71.55,97,0,51.50,101.39,37.00,649.00,null,null,null
2023-09-11T07:55:03Z,22.93,71.54,97,0,31.45,101.39,38.00,653.00,0,0,0
2023-09-11T07:56:03Z,22.95,71.55,97,0,45.34,101.39,37.00,649.00,null,null,null
2023-09-11T07:57:03Z,22.93,71.55,97,0,49.82,101.39,38.00,653.00,null,null,null
2023-09-11T07:58:03Z,22.95,71.56,97,0,52.20,101.40,38.00,653.00,null,null,null
2023-09-11T07:59:03Z,22.95,71.57,97,0,34.09,101.39,38.00,653.00,null,null,null
2023-09-11T08:00:03Z,22.95,71.51,97,0,51.81,101.40,39.00,660.00,0,0,0
2023-09-11T08:01:03Z,22.95,71.45,97,0,35.59,101.40,39.00,660.00,null,null,null
2023-09-11T08:02:03Z,22.96,71.45,97,0,62.51,101.39,40.00,666.00,null,null,null
2023-09-11T08:03:03Z,22.92,71.43,97,0,57.98,101.40,39.00,660.00,null,null,null
2023-09-11T08:04:03Z,22.93,71.46,97,0,33.31,101.40,39.00,660.00,null,null,null
2023-09-11T08:05:03Z,22.93,71.46,97,0,39.65,101.40,38.00,653.00,0,0,0
2023-09-11T08:06:03Z,22.92,71.41,97,0,29.58,101.40,37.00,649.00,null,null,null
2023-09-11T08:07:03Z,22.95,71.36,97,0,43.51,101.40,37.00,649.00,null,null,null
2023-09-11T08:08:03Z,22.92,71.38,97,0,48.07,101.40,36.00,640.00,null,null,null
2023-09-11T08:09:03Z,22.92,71.40,97,0,34.94,101.40,35.00,634.00,null,null,null
2023-09-11T08:10:03Z,22.92,71.38,97,0,41.76,101.40,35.00,634.00,0,0,0
2023-09-11T08:11:03Z,22.92,71.43,97,0,36.21,101.40,35.00,634.00,null,null,null
2023-09-11T08:12:03Z,22.91,71.40,97,0,56.08,101.40,35.00,634.00,null,null,null
2023-09-11T08:13:03Z,22.89,71.44,97,0,45.05,101.40,34.00,627.00,null,null,null
2023-09-11T08:14:03Z,22.89,71.49,97,0,25.90,101.40,35.00,634.00,null,null,null
2023-09-11T08:15:03Z,22.89,71.52,97,0,54.71,101.39,36.00,640.00,0,0,0
2023-09-11T08:16:03Z,22.89,71.50,97,0,29.73,101.39,35.00,634.00,null,null,null
2023-09-11T08:17:03Z,22.89,71.55,97,0,39.73,101.39,35.00,634.00,null,null,null
2023-09-11T08:18:03Z,22.88,71.63,97,0,23.98,101.39,35.00,634.00,null,null,null
2023-09-11T08:19:03Z,22.86,71.70,97,0,24.35,101.40,35.00,634.00,null,null,null
2023-09-11T08:20:03Z,22.88,71.74,97,0,30.48,101.39,35.00,634.00,0,0,0
2023-09-11T08:21:03Z,22.86,71.76,97,0,24.15,101.39,35.00,634.00,null,null,null
2023-09-11T08:22:03Z,22.88,71.80,97,0,27.12,101.39,35.00,631.00,null,null,null
2023-09-11T08:23:03Z,22.91,71.85,97,0,27.60,101.39,35.00,631.00,null,null,null
2023-09-11T08:24:03Z,22.89,71.94,97,0,26.93,101.40,37.00,645.00,null,null,null
2023-09-11T08:25:03Z,22.86,72.04,97,0,29.90,101.40,37.00,645.00,0,0,0
2023-09-11T08:26:03Z,22.88,72.01,97,0,28.39,101.40,37.00,645.00,null,null,null
2023-09-11T08:27:03Z,22.86,72.00,97,0,30.88,101.40,38.00,650.00,null,null,null
2023-09-11T08:28:03Z,22.86,72.02,97,0,37.97,101.40,39.00,657.00,null,null,null
2023-09-11T08:29:03Z,22.85,72.06,97,0,39.37,101.40,39.00,657.00,null,null,null
2023-09-11T08:30:03Z,22.86,72.08,97,0,52.01,101.40,41.00,671.00,0,0,0
2023-09-11T08:31:03Z,22.88,72.19,97,0,26.36,101.40,49.00,728.00,null,null,null
2023-09-11T08:32:03Z,22.89,72.28,97,0,36.05,101.40,49.00,728.00,null,null,null
2023-09-11T08:33:03Z,22.86,72.28,97,0,25.79,101.40,50.00,730.00,null,null,null
2023-09-11T08:34:03Z,22.86,72.34,97,0,28.45,101.40,50.00,730.00,null,null,null
2023-09-11T08:35:03Z,22.86,72.34,97,0,36.07,101.40,50.00,730.00,0,0,0
2023-09-11T08:36:03Z,22.86,72.30,97,0,28.39,101.39,47.00,712.00,null,null,null
2023-09-11T08:37:03Z,22.88,72.32,97,0,26.14,101.39,48.00,717.00,null,null,null
2023-09-11T08:38:03Z,22.88,72.33,97,0,28.63,101.40,46.00,704.00,null,null,null
2023-09-11T08:39:03Z,22.88,72.40,97,0,28.37,101.40,46.00,704.00,null,null,null
2023-09-11T08:40:03Z,22.88,72.36,97,0,24.31,101.40,47.00,712.00,0,0,0
2023-09-11T08:41:03Z,22.88,72.40,97,0,26.99,101.40,46.00,704.00,null,null,null
2023-09-11T08:42:03Z,22.88,72.44,97,0,30.95,101.40,46.00,704.00,null,null,null
2023-09-11T08:43:03Z,22.88,72.33,97,0,26.21,101.41,46.00,704.00,null,null,null
2023-09-11T08:44:03Z,22.85,72.46,97,0,34.79,101.40,46.00,704.00,null,null,null
2023-09-11T08:45:03Z,22.88,72.26,97,0,28.85,101.40,44.00,694.00,0,0,0
2023-09-11T08:46:03Z,22.86,72.25,97,0,24.11,101.40,41.00,675.00,null,null,null
2023-09-11T08:47:03Z,22.85,72.21,97,0,22.61,101.40,41.00,675.00,null,null,null
2023-09-11T08:48:03Z,22.86,72.23,97,0,24.76,101.40,42.00,682.00,null,null,null
2023-09-11T08:49:03Z,22.83,72.24,97,0,31.45,101.40,39.00,660.00,null,null,null
2023-09-11T08:50:03Z,22.85,72.25,97,0,34.26,101.40,42.00,682.00,0,0,0
2023-09-11T08:51:03Z,22.85,72.36,97,0,32.82,101.40,40.00,665.00,null,null,null
2023-09-11T08:52:03Z,22.88,72.34,97,0,38.97,101.40,43.00,688.00,null,null,null
2023-09-11T08:53:03Z,22.86,72.43,97,0,29.73,101.40,43.00,688.00,null,null,null
2023-09-11T08:54:03Z,22.83,72.31,97,0,32.21,101.40,43.00,688.00,null,null,null
2023-09-11T08:55:03Z,22.86,72.28,97,0,26.26,101.40,44.00,694.00,0,0,0
2023-09-11T08:56:03Z,22.86,72.26,97,0,30.57,101.40,44.00,694.00,null,null,null
2023-09-11T08:57:03Z,22.85,72.06,97,0,30.84,101.40,44.00,694.00,null,null,null
2023-09-11T08:58:03Z,22.85,72.00,97,0,26.78,101.40,45.00,700.00,null,null,null
2023-09-11T08:59:03Z,22.85,71.85,97,0,31.09,101.40,43.00,686.00,null,null,null
2023-09-11T09:00:03Z,22.83,71.66,97,0,30.58,101.40,42.00,682.00,0,0,0
2023-09-11T09:01:03Z,22.82,71.55,97,0,26.97,101.40,39.00,660.00,null,null,null
2023-09-11T09:02:03Z,22.82,71.41,97,0,31.19,101.40,37.00,649.00,null,null,null
2023-09-11T09:03:03Z,22.82,71.23,97,0,28.78,101.40,36.00,640.00,null,null,null
2023-09-11T09:04:03Z,22.81,71.10,97,0,31.25,101.40,36.00,641.00,null,null,null
2023-09-11T09:05:03Z,22.79,70.96,97,2,23.81,101.40,34.00,627.00,0,0,0
2023-09-11T09:06:03Z,22.81,70.83,97,1,27.16,101.40,33.00,620.00,null,null,null
2023-09-11T09:07:03Z,22.81,70.85,97,1,27.20,101.40,31.00,607.00,null,null,null
2023-09-11T09:08:03Z,22.79,70.78,97,1,32.54,101.40,32.00,614.00,null,null,null
2023-09-11T09:09:03Z,22.78,70.71,97,1,24.23,101.40,31.00,607.00,null,null,null
2023-09-11T09:10:03Z,22.79,70.46,97,2,29.88,101.40,31.00,605.00,0,0,0
2023-09-11T09:11:03Z,22.77,70.47,97,1,36.06,101.40,29.00,592.00,null,null,null
2023-09-11T09:12:03Z,22.82,70.66,97,1,26.34,101.40,28.00,589.00,null,null,null
2023-09-11T09:13:03Z,22.78,70.28,97,2,32.48,101.40,29.00,592.00,null,null,null
2023-09-11T09:14:03Z,22.75,70.28,97,2,38.62,101.40,28.00,589.00,null,null,null
2023-09-11T09:15:03Z,22.77,70.15,97,1,35.33,101.40,27.00,581.00,0,0,0
2023-09-11T09:16:03Z,22.78,70.08,97,2,29.93,101.40,27.00,581.00,null,null,null
2023-09-11T09:17:03Z,22.78,70.05,97,2,30.12,101.40,25.00,569.00,null,null,null
2023-09-11T09:18:03Z,22.77,70.01,97,2,33.53,101.40,24.00,564.00,null,null,null
2023-09-11T09:19:03Z,22.77,69.96,97,3,50.83,101.40,23.00,556.00,null,null,null
2023-09-11T09:20:03Z,22.75,69.97,97,2,41.50,101.40,22.00,549.00,0,0,0
2023-09-11T09:21:03Z,22.78,70.00,97,2,26.41,101.40,22.00,545.00,null,null,null
2023-09-11T09:22:03Z,22.78,70.12,97,2,31.18,101.40,22.00,545.00,null,null,null
2023-09-11T09:23:03Z,22.77,70.28,97,2,33.26,101.40,22.00,549.00,null,null,null
2023-09-11T09:24:03Z,22.79,70.21,97,2,27.62,101.40,23.00,556.00,null,null,null
2023-09-11T09:25:03Z,22.78,70.31,97,4,31.09,101.40,26.00,574.00,0,0,0
2023-09-11T09:26:03Z,22.78,70.27,97,2,27.87,101.40,28.00,589.00,null,null,null
2023-09-11T09:27:03Z,22.81,70.18,97,2,32.24,101.40,28.00,589.00,null,null,null
2023-09-11T09:28:03Z,22.82,70.06,97,3,32.22,101.40,30.00,603.00,null,null,null
2023-09-11T09:29:03Z,22.82,70.04,97,3,29.68,101.40,32.00,612.00,null,null,null
2023-09-11T09:30:03Z,22.81,70.08,97,2,25.53,101.40,32.00,612.00,0,0,0
2023-09-11T09:31:03Z,22.82,70.00,97,2,30.91,101.40,33.00,618.00,null,null,null
2023-09-11T09:32:03Z,22.83,69.97,97,4,32.64,101.40,34.00,624.00,null,null,null
2023-09-11T09:33:03Z,22.86,69.93,97,4,32.28,101.40,35.00,631.00,null,null,null
2023-09-11T09:34:03Z,22.86,69.94,97,2,29.49,101.40,34.00,624.00,null,null,null
2023-09-11T09:35:03Z,22.86,69.99,97,3,29.84,101.40,33.00,618.00,0,0,0
2023-09-11T09:36:03Z,22.88,69.95,97,3,41.61,101.40,34.00,624.00,null,null,null
2023-09-11T09:37:03Z,22.92,69.87,97,2,31.24,101.40,34.00,624.00,null,null,null
2023-09-11T09:38:03Z,22.89,69.88,97,3,34.00,101.40,34.00,624.00,null,null,null
2023-09-11T09:39:03Z,22.91,69.92,97,5,28.30,101.40,35.00,631.00,null,null,null
2023-09-11T09:40:03Z,22.89,69.93,97,5,50.59,101.40,36.00,638.00,0,0,0
2023-09-11T09:41:03Z,22.93,69.86,97,3,33.40,101.40,35.00,634.00,null,null,null
2023-09-11T09:42:03Z,22.93,69.91,97,5,56.47,101.40,36.00,638.00,null,null,null
2023-09-11T09:43:03Z,22.96,69.84,97,1,30.37,101.40,37.00,645.00,null,null,null
2023-09-11T09:44:03Z,22.96,69.84,97,2,43.28,101.40,37.00,645.00,null,null,null
2023-09-11T09:45:03Z,22.96,69.82,97,4,31.39,101.40,37.00,645.00,0,0,0
2023-09-11T09:46:03Z,22.98,69.86,97,4,33.43,101.40,36.00,638.00,null,null,null
2023-09-11T09:47:03Z,22.98,69.75,97,4,39.98,101.40,38.00,652.00,null,null,null
2023-09-11T09:48:03Z,22.98,69.83,97,3,31.58,101.40,37.00,645.00,null,null,null
2023-09-11T09:49:03Z,23.02,69.71,97,2,31.01,101.39,38.00,652.00,null,null,null
2023-09-11T09:50:03Z,23.01,69.75,97,5,33.07,101.39,38.00,650.00,0,0,0
2023-09-11T09:51:03Z,23.01,69.57,97,4,45.81,101.40,36.00,638.00,null,null,null
2023-09-11T09:52:03Z,23.02,69.69,97,5,45.94,101.39,37.00,643.00,null,null,null
2023-09-11T09:53:03Z,23.02,69.62,97,4,41.49,101.39,38.00,650.00,null,null,null
2023-09-11T09:54:03Z,23.03,69.64,97,3,39.94,101.40,38.00,650.00,null,null,null
2023-09-11T09:55:03Z,23.06,69.67,97,3,26.06,101.39,39.00,657.00,0,0,0
2023-09-11T09:56:03Z,23.05,69.56,97,5,33.47,101.40,39.00,657.00,null,null,null
2023-09-11T09:57:03Z,23.06,69.64,97,5,39.23,101.40,39.00,657.00,null,null,null
2023-09-11T09:58:03Z,23.06,69.46,97,3,41.46,101.40,39.00,657.00,null,null,null
2023-09-11T09:59:03Z,23.05,69.51,97,3,26.14,101.40,39.00,657.00,null,null,null
2023-09-11T10:00:03Z,23.06,69.46,97,2,30.77,101.40,38.00,650.00,0,0,0
2023-09-11T10:01:03Z,23.08,69.51,97,3,24.35,101.40,39.00,657.00,null,null,null
2023-09-11T10:02:03Z,23.09,69.47,97,3,33.81,101.41,39.00,657.00,null,null,null
2023-09-11T10:03:03Z,23.09,69.28,97,3,35.67,101.40,38.00,650.00,null,null,null
2023-09-11T10:04:03Z,23.10,69.35,97,2,40.65,101.40,38.00,650.00,null,null,null
2023-09-11T10:05:03Z,23.09,69.42,97,2,37.29,101.41,37.00,643.00,0,0,0
2023-09-11T10:06:03Z,23.12,69.35,96,2,35.61,101.40,37.00,643.00,null,null,null
2023-09-11T10:07:03Z,23.14,69.28,97,3,34.98,101.40,37.00,643.00,null,null,null
2023-09-11T10:08:03Z,23.13,69.33,97,3,40.40,101.40,39.00,657.00,null,null,null
2023-09-11T10:09:03Z,23.12,69.25,97,3,38.19,101.40,38.00,650.00,null,null,null
2023-09-11T10:10:03Z,23.13,69.25,97,4,41.62,101.40,38.00,650.00,0,0,0
2023-09-11T10:11:03Z,23.14,69.12,97,2,43.40,101.40,38.00,650.00,null,null,null
2023-09-11T10:12:03Z,23.14,69.28,96,3,37.53,101.40,39.00,656.00,null,null,null
2023-09-11T10:13:03Z,23.14,69.24,97,3,38.07,101.40,39.00,657.00,null,null,null
2023-09-11T10:14:03Z,23.14,69.19,96,2,29.37,101.39,40.00,665.00,null,null,null
2023-09-11T10:15:03Z,23.16,69.20,96,3,45.21,101.40,40.00,665.00,0,0,0
2023-09-11T10:16:03Z,23.16,69.20,96,3,43.76,101.40,40.00,665.00,null,null,null
2023-09-11T10:17:03Z,23.22,69.21,96,3,36.98,101.40,40.00,665.00,null,null,null
2023-09-11T10:18:03Z,23.19,69.20,96,3,37.15,101.40,41.00,671.00,null,null,null
2023-09-11T10:19:03Z,23.19,69.24,96,3,25.90,101.40,42.00,679.00,null,null,null
2023-09-11T10:20:03Z,23.18,69.19,96,0,28.37,101.40,42.00,679.00,0,0,0
2023-09-11T10:21:03Z,23.20,69.10,96,3,27.22,101.39,43.00,686.00,null,null,null
2023-09-11T10:22:03Z,23.23,69.09,96,3,27.73,101.39,42.00,679.00,null,null,null
2023-09-11T10:23:03Z,23.23,69.14,96,3,32.03,101.39,41.00,671.00,null,null,null
2023-09-11T10:24:03Z,23.20,69.03,96,3,34.89,101.39,40.00,665.00,null,null,null
2023-09-11T10:25:03Z,23.22,69.16,96,3,25.95,101.38,41.00,671.00,0,0,0
2023-09-11T10:26:03Z,23.22,69.20,96,3,33.35,101.38,42.00,679.00,null,null,null
2023-09-11T10:27:03Z,23.26,69.13,96,2,34.02,101.38,43.00,686.00,null,null,null
2023-09-11T10:28:03Z,23.22,69.15,96,2,29.37,101.38,36.00,638.00,null,null,null
2023-09-11T10:29:03Z,23.25,69.13,96,3,25.44,101.38,46.00,706.00,null,null,null
2023-09-11T10:30:03Z,23.22,69.05,96,3,36.07,101.38,36.00,641.00,0,0,0
2023-09-11T10:31:03Z,23.26,68.94,96,2,26.60,101.38,44.00,694.00,null,null,null
2023-09-11T10:32:03Z,23.29,68.90,96,2,24.76,101.38,35.00,631.00,null,null,null
2023-09-11T10:33:03Z,23.26,68.91,96,2,25.32,101.38,34.00,626.00,null,null,null
2023-09-11T10:34:03Z,23.28,68.80,96,2,30.47,101.38,34.00,626.00,null,null,null
2023-09-11T10:35:03Z,23.26,68.88,96,3,38.79,101.37,33.00,617.00,0,0,0
2023-09-11T10:36:03Z,23.29,68.83,96,2,27.75,101.38,32.00,612.00,null,null,null
2023-09-11T10:37:03Z,23.30,68.79,96,2,24.61,101.37,32.00,612.00,null,null,null
2023-09-11T10:38:03Z,23.32,68.76,96,2,29.44,101.37,32.00,612.00,null,null,null
2023-09-11T10:39:03Z,23.29,68.65,96,3,36.33,101.36,32.00,612.00,null,null,null
2023-09-11T10:40:03Z,23.29,68.64,96,2,30.12,101.36,32.00,612.00,0,0,0
2023-09-11T10:41:03Z,23.32,68.67,96,2,35.80,101.36,33.00,617.00,null,null,null
2023-09-11T10:42:03Z,23.36,68.68,96,2,28.64,101.36,32.00,611.00,null,null,null
2023-09-11T10:43:03Z,23.30,68.74,96,2,30.53,101.36,33.00,617.00,null,null,null
2023-09-11T10:44:03Z,23.33,68.70,96,2,38.56,101.36,33.00,623.00,null,null,null
2023-09-11T10:45:03Z,23.32,68.62,96,2,35.10,101.35,33.00,623.00,0,0,0
2023-09-11T10:46:03Z,23.33,68.59,96,2,31.25,101.36,32.00,611.00,null,null,null
2023-09-11T10:47:03Z,23.34,68.59,96,2,31.56,101.35,32.00,611.00,null,null,null
2023-09-11T10:48:03Z,23.36,68.60,96,2,34.22,101.35,32.00,611.00,null,null,null
2023-09-11T10:49:03Z,23.36,68.59,96,2,34.88,101.35,33.00,617.00,null,null,null
2023-09-11T10:50:03Z,23.36,68.60,96,2,27.92,101.36,33.00,617.00,0,0,0
2023-09-11T10:51:03Z,23.37,68.60,96,2,25.59,101.36,32.00,611.00,null,null,null
2023-09-11T10:52:03Z,23.37,68.51,96,3,30.49,101.36,33.00,617.00,null,null,null
2023-09-11T10:53:03Z,23.39,68.64,96,3,34.76,101.35,32.00,611.00,null,null,null
2023-09-11T10:54:03Z,23.34,68.61,96,2,26.36,101.35,32.00,611.00,null,null,null
2023-09-11T10:55:03Z,23.39,68.64,96,2,38.53,101.36,32.00,611.00,0,0,0
2023-09-11T10:56:03Z,23.40,68.70,96,3,26.73,101.35,30.00,602.00,null,null,null
2023-09-11T10:57:03Z,23.40,68.59,96,2,35.84,101.35,33.00,617.00,null,null,null
2023-09-11T10:58:03Z,23.39,68.47,96,2,35.35,101.36,35.00,631.00,null,null,null
2023-09-11T10:59:03Z,23.40,68.44,96,2,38.34,101.35,33.00,623.00,null,null,null
2023-09-11T11:00:03Z,23.39,68.49,96,2,38.97,101.35,33.00,623.00,0,0,0
2023-09-11T11:01:03Z,23.43,68.60,96,3,48.48,101.35,32.00,611.00,null,null,null
2023-09-11T11:02:03Z,23.41,68.55,96,2,36.11,101.35,33.00,617.00,null,null,null
2023-09-11T11:03:03Z,23.43,68.58,96,4,33.44,101.35,35.00,631.00,null,null,null
2023-09-11T11:04:03Z,23.43,68.55,96,2,33.04,101.35,37.00,643.00,null,null,null
2023-09-11T11:05:03Z,23.43,68.49,96,2,38.78,101.35,38.00,653.00,0,0,0
2023-09-11T11:06:03Z,23.43,68.47,96,3,27.62,101.35,40.00,666.00,null,null,null
2023-09-11T11:07:03Z,23.44,68.53,96,2,31.52,101.35,40.00,666.00,null,null,null
2023-09-11T11:08:03Z,23.46,68.51,96,3,30.71,101.35,42.00,678.00,null,null,null
2023-09-11T11:09:03Z,23.47,68.50,96,2,34.86,101.35,42.00,678.00,null,null,null
2023-09-11T11:10:03Z,23.43,68.34,96,2,44.72,101.35,43.00,683.00,0,0,0
2023-09-11T11:11:03Z,23.50,68.28,96,2,32.04,101.35,41.00,671.00,null,null,null
2023-09-11T11:12:03Z,23.46,68.19,96,2,30.22,101.35,38.00,653.00,null,null,null
2023-09-11T11:13:03Z,23.47,68.01,96,2,21.92,101.35,37.00,649.00,null,null,null
2023-09-11T11:14:03Z,23.50,68.12,96,2,29.46,101.34,36.00,641.00,null,null,null
2023-09-11T11:15:03Z,23.49,68.14,96,2,32.26,101.35,36.00,641.00,0,0,0
2023-09-11T11:16:03Z,23.50,67.93,96,2,37.79,101.35,36.00,637.00,null,null,null
2023-09-11T11:17:03Z,23.51,67.86,96,2,37.47,101.34,34.00,627.00,null,null,null
2023-09-11T11:18:03Z,23.53,67.86,96,2,32.34,101.35,33.00,623.00,null,null,null
2023-09-11T11:19:03Z,23.50,68.01,96,2,49.35,101.34,32.00,615.00,null,null,null
2023-09-11T11:20:03Z,23.49,67.90,96,2,26.87,101.34,32.00,615.00,0,0,0
2023-09-11T11:21:03Z,23.50,67.85,96,0,35.92,101.35,32.00,615.00,null,null,null
2023-09-11T11:22:03Z,23.53,67.87,96,2,34.68,101.35,32.00,615.00,null,null,null
2023-09-11T11:23:03Z,23.54,67.93,96,2,29.56,101.35,33.00,623.00,null,null,null
2023-09-11T11:24:03Z,23.53,68.00,96,2,27.06,101.34,33.00,623.00,null,null,null
2023-09-11T11:25:03Z,23.54,68.13,96,1,38.62,101.34,36.00,637.00,0,0,0
2023-09-11T11:26:03Z,23.56,68.23,96,2,29.99,101.34,36.00,641.00,null,null,null
2023-09-11T11:27:03Z,23.56,68.05,96,0,26.21,101.35,39.00,659.00,null,null,null
2023-09-11T11:28:03Z,23.57,68.09,96,1,36.15,101.34,41.00,675.00,null,null,null
2023-09-11T11:29:03Z,23.57,68.01,96,1,24.23,101.34,41.00,672.00,null,null,null
2023-09-11T11:30:03Z,23.57,67.94,96,0,31.20,101.34,38.00,652.00,0,0,0
2023-09-11T11:31:03Z,23.58,67.90,96,0,32.35,101.35,36.00,641.00,null,null,null
2023-09-11T11:32:03Z,23.60,67.88,96,0,30.85,101.35,36.00,637.00,null,null,null
2023-09-11T11:33:03Z,23.60,67.78,96,0,33.62,101.34,36.00,641.00,null,null,null
2023-09-11T11:34:03Z,23.58,67.87,96,1,35.75,101.34,37.00,649.00,null,null,null
2023-09-11T11:35:03Z,23.60,67.81,96,1,31.31,101.35,38.00,652.00,0,0,0
2023-09-11T11:36:03Z,23.61,67.83,96,2,37.01,101.35,37.00,649.00,null,null,null
2023-09-11T11:37:03Z,23.64,67.72,96,2,35.39,101.35,37.00,649.00,null,null,null
2023-09-11T11:38:03Z,23.61,67.69,96,2,35.45,101.34,39.00,656.00,null,null,null
2023-09-11T11:39:03Z,23.61,67.79,96,2,32.06,101.35,39.00,659.00,null,null,null
2023-09-11T11:40:03Z,23.60,67.74,96,2,30.60,101.35,39.00,659.00,0,0,0
2023-09-11T11:41:03Z,23.64,67.81,96,1,37.51,101.34,43.00,683.00,null,null,null
2023-09-11T11:42:03Z,23.65,67.92,96,1,28.84,101.35,43.00,683.00,null,null,null
2023-09-11T11:43:03Z,23.67,68.02,96,1,31.73,101.35,46.00,708.00,null,null,null
2023-09-11T11:44:03Z,23.63,67.85,96,1,29.35,101.35,47.00,714.00,null,null,null
2023-09-11T11:45:03Z,23.63,67.99,96,2,29.73,101.35,47.00,714.00,0,0,0
2023-09-11T11:46:03Z,23.65,67.78,96,1,28.47,101.34,50.00,733.00,null,null,null
2023-09-11T11:47:03Z,23.65,67.66,96,0,44.46,101.35,47.00,714.00,null,null,null
2023-09-11T11:48:03Z,23.64,67.39,96,1,26.29,101.35,47.00,715.00,null,null,null
2023-09-11T11:49:03Z,23.68,67.20,96,1,38.79,101.34,43.00,683.00,null,null,null
2023-09-11T11:50:03Z,23.67,67.34,96,2,35.54,101.34,38.00,653.00,0,0,0
2023-09-11T11:51:03Z,23.70,67.20,96,2,31.90,101.34,32.00,615.00,null,null,null
2023-09-11T11:52:03Z,23.68,67.13,96,2,40.00,101.35,32.00,614.00,null,null,null
2023-09-11T11:53:03Z,23.68,67.00,96,2,37.97,101.34,30.00,600.00,null,null,null
2023-09-11T11:54:03Z,23.70,66.78,96,1,32.55,101.34,27.00,580.00,null,null,null
2023-09-11T11:55:03Z,23.70,66.89,96,2,34.62,101.34,25.00,566.00,0,0,0
2023-09-11T11:56:03Z,23.70,66.97,96,2,34.48,101.34,21.00,542.00,null,null,null
2023-09-11T11:57:03Z,23.70,66.94,96,2,36.74,101.34,20.00,534.00,null,null,null
2023-09-11T11:58:03Z,23.71,66.94,96,2,39.18,101.34,19.00,530.00,null,null,null
2023-09-11T11:59:03Z,23.74,66.67,96,1,27.16,101.34,18.00,524.00,null,null,null
2023-09-11T12:00:03Z,23.70,66.82,96,1,34.34,101.35,18.00,520.00,0,0,0
2023-09-11T12:01:03Z,23.74,66.93,96,2,39.33,101.34,15.00,501.00,null,null,null
2023-09-11T12:02:03Z,23.70,66.89,96,1,34.53,101.35,15.00,501.00,null,null,null
2023-09-11T12:03:03Z,23.73,67.20,96,2,27.06,101.34,15.00,501.00,null,null,null
2023-09-11T12:04:03Z,23.74,67.25,96,2,30.60,101.34,17.00,517.00,null,null,null
2023-09-11T12:05:03Z,23.76,67.14,96,1,29.81,101.35,18.00,519.00,0,0,0
2023-09-11T12:06:03Z,23.77,67.33,96,1,29.80,101.35,13.00,488.00,null,null,null
2023-09-11T12:07:03Z,23.73,67.18,96,1,27.89,101.35,14.00,492.00,null,null,null
2023-09-11T12:08:03Z,23.76,66.93,96,1,31.42,101.35,21.00,542.00,null,null,null
2023-09-11T12:09:03Z,23.76,66.86,96,2,34.33,101.35,13.00,488.00,null,null,null
2023-09-11T12:10:03Z,23.74,67.30,96,1,30.48,101.34,12.00,485.00,0,0,0
2023-09-11T12:11:03Z,23.76,67.34,96,1,26.08,101.34,19.00,530.00,null,null,null
2023-09-11T12:12:03Z,23.78,67.38,96,1,35.59,101.35,15.00,501.00,null,null,null
2023-09-11T12:13:03Z,23.78,67.32,96,2,41.85,101.34,18.00,520.00,null,null,null
2023-09-11T12:14:03Z,23.80,67.26,96,2,40.50,101.34,19.00,527.00,null,null,null
2023-09-11T12:15:03Z,23.77,66.51,96,2,33.11,101.34,18.00,520.00,0,0,0
2023-09-11T12:16:03Z,23.77,66.87,96,2,27.69,101.34,15.00,503.00,null,null,null
2023-09-11T12:17:03Z,23.78,66.80,96,1,53.15,101.34,14.00,496.00,null,null,null
2023-09-11T12:18:03Z,23.77,68.36,96,2,26.46,101.33,18.00,520.00,null,null,null
2023-09-11T12:19:03Z,23.77,67.84,96,2,28.66,101.34,19.00,526.00,null,null,null
2023-09-11T12:20:03Z,23.78,67.76,96,1,31.27,101.34,21.00,542.00,0,0,0
2023-09-11T12:21:03Z,23.81,67.39,96,1,27.75,101.34,20.00,536.00,null,null,null
2023-09-11T12:22:03Z,23.81,67.36,96,2,23.72,101.34,22.00,548.00,null,null,null
2023-09-11T12:23:03Z,23.80,67.41,96,2,30.29,101.34,21.00,542.00,null,null,null
2023-09-11T12:24:03Z,23.80,67.34,96,1,29.30,101.34,20.00,536.00,null,null,null
2023-09-11T12:25:03Z,23.84,67.13,96,1,30.76,101.34,21.00,542.00,0,0,0
2023-09-11T12:26:03Z,23.84,67.23,96,1,31.87,101.34,19.00,531.00,null,null,null
2023-09-11T12:27:03Z,23.84,66.78,96,1,30.71,101.34,19.00,526.00,null,null,null
2023-09-11T12:28:03Z,23.83,66.68,96,1,28.89,101.34,15.00,505.00,null,null,null
2023-09-11T12:29:03Z,23.84,66.88,96,1,31.85,101.34,15.00,503.00,null,null,null
2023-09-11T12:30:03Z,23.83,67.09,96,1,23.35,101.34,15.00,500.00,0,0,0
2023-09-11T12:31:03Z,23.84,67.20,96,2,26.71,101.34,15.00,500.00,null,null,null
2023-09-11T12:32:03Z,23.85,67.20,96,2,39.41,101.34,18.00,520.00,null,null,null
2023-09-11T12:33:03Z,23.84,67.23,96,1,31.72,101.34,19.00,526.00,null,null,null
2023-09-11T12:34:03Z,23.87,67.65,96,1,30.44,101.34,21.00,540.00,null,null,null
2023-09-11T12:35:03Z,23.87,68.39,96,1,28.01,101.34,24.00,564.00,0,0,0
2023-09-11T12:36:03Z,23.88,68.31,96,1,34.24,101.34,33.00,617.00,null,null,null
2023-09-11T12:37:03Z,23.89,68.52,96,2,40.98,101.33,39.00,657.00,null,null,null
2023-09-11T12:38:03Z,23.89,68.21,96,1,27.78,101.34,45.00,699.00,null,null,null
2023-09-11T12:39:03Z,23.87,67.71,96,2,33.59,101.34,44.00,694.00,null,null,null
2023-09-11T12:40:03Z,23.88,67.61,96,2,38.04,101.33,42.00,679.00,0,0,0
2023-09-11T12:41:03Z,23.89,67.36,96,2,null,101.34,36.00,641.00,null,null,null
2023-09-11T12:42:03Z,23.88,67.24,96,2,31.86,101.33,34.00,629.00,null,null,null
2023-09-11T12:43:03Z,23.91,67.27,96,2,32.12,101.34,35.00,634.00,null,null,null
2023-09-11T12:44:03Z,23.87,67.17,96,1,35.18,101.34,30.00,603.00,null,null,null
2023-09-11T12:45:03Z,23.88,67.08,96,1,34.19,101.34,30.00,602.00,0,0,0
2023-09-11T12:46:03Z,23.88,67.13,96,2,24.61,101.34,28.00,584.00,null,null,null
2023-09-11T12:47:03Z,23.88,66.73,96,1,31.06,101.34,25.00,570.00,null,null,null
2023-09-11T12:48:03Z,23.88,66.68,96,1,27.64,101.35,23.00,556.00,null,null,null
2023-09-11T12:49:03Z,23.87,66.57,96,1,38.71,101.34,21.00,539.00,null,null,null
2023-09-11T12:50:03Z,23.88,66.41,96,1,40.38,101.34,19.00,530.00,0,0,0
2023-09-11T12:51:03Z,23.89,66.49,96,2,24.43,101.34,17.00,518.00,null,null,null
2023-09-11T12:52:03Z,23.89,66.32,96,1,31.99,101.34,17.00,518.00,null,null,null
2023-09-11T12:53:03Z,23.88,66.41,96,2,29.25,101.34,17.00,514.00,null,null,null
2023-09-11T12:54:03Z,23.87,66.50,96,2,27.24,101.33,15.00,503.00,null,null,null
2023-09-11T12:55:03Z,23.87,66.40,96,2,30.37,101.33,15.00,500.00,0,0,0
2023-09-11T12:56:03Z,23.87,66.36,96,2,39.23,101.33,14.00,493.00,null,null,null
2023-09-11T12:57:03Z,23.87,66.17,96,2,29.16,101.33,14.00,493.00,null,null,null
2023-09-11T12:58:03Z,23.87,65.64,96,2,27.45,101.33,14.00,495.00,null,null,null
2023-09-11T12:59:03Z,23.88,65.74,96,2,38.80,101.33,13.00,491.00,null,null,null
2023-09-11T13:00:03Z,23.85,65.64,96,2,28.58,101.34,11.00,476.00,0,0,0
2023-09-11T13:01:03Z,23.87,66.07,96,2,42.85,101.33,8.00,455.00,null,null,null
2023-09-11T13:02:03Z,23.87,66.03,96,2,32.98,101.33,7.00,451.00,null,null,null
2023-09-11T13:03:03Z,23.87,66.14,96,1,24.68,101.33,7.00,451.00,null,null,null
2023-09-11T13:04:03Z,23.85,66.34,96,2,30.45,101.33,9.00,461.00,null,null,null
2023-09-11T13:05:03Z,23.88,66.42,96,2,26.03,101.33,9.00,464.00,0,0,0
2023-09-11T13:06:03Z,23.88,66.50,96,2,56.51,101.32,10.00,470.00,null,null,null
2023-09-11T13:07:03Z,23.87,66.33,96,2,46.16,101.33,12.00,481.00,null,null,null
2023-09-11T13:08:03Z,23.88,66.52,96,2,37.51,101.33,13.00,488.00,null,null,null
2023-09-11T13:09:03Z,23.89,66.71,96,2,44.18,101.33,15.00,500.00,null,null,null
2023-09-11T13:10:03Z,23.88,66.83,96,2,48.41,101.33,19.00,526.00,0,0,0
2023-09-11T13:11:03Z,23.85,66.64,96,2,50.42,101.33,20.00,534.00,null,null,null
2023-09-11T13:12:03Z,23.88,66.57,96,2,38.68,101.33,23.00,551.00,null,null,null
2023-09-11T13:13:03Z,23.89,66.52,96,1,29.81,101.33,23.00,556.00,null,null,null
2023-09-11T13:14:03Z,23.89,66.47,96,2,26.91,101.33,24.00,564.00,null,null,null
2023-09-11T13:15:03Z,23.88,66.45,96,1,55.23,101.33,24.00,564.00,0,0,0
2023-09-11T13:16:03Z,23.91,66.52,96,2,50.73,101.32,23.00,551.00,null,null,null
2023-09-11T13:17:03Z,23.92,66.45,96,1,44.50,101.33,23.00,556.00,null,null,null
2023-09-11T13:18:03Z,23.92,66.31,96,2,33.92,101.33,24.00,564.00,null,null,null
2023-09-11T13:19:03Z,23.89,66.00,96,1,35.65,101.32,23.00,556.00,null,null,null
2023-09-11T13:20:03Z,23.89,65.97,96,2,52.38,101.32,25.00,565.00,0,0,0
2023-09-11T13:21:03Z,23.94,65.98,96,1,23.63,101.32,23.00,556.00,null,null,null
2023-09-11T13:22:03Z,23.91,66.03,96,1,42.06,101.32,22.00,545.00,null,null,null
2023-09-11T13:23:03Z,23.95,66.13,96,2,33.20,101.32,21.00,542.00,null,null,null
2023-09-11T13:24:03Z,23.92,66.16,96,1,31.40,101.32,22.00,545.00,null,null,null
2023-09-11T13:25:03Z,23.94,66.30,96,1,24.50,101.32,22.00,545.00,0,0,0
2023-09-11T13:26:03Z,23.94,66.27,96,1,27.51,101.32,22.00,545.00,null,null,null
2023-09-11T13:27:03Z,23.94,66.33,96,1,55.24,101.32,23.00,551.00,null,null,null
2023-09-11T13:28:03Z,23.94,66.42,96,1,38.86,101.31,23.00,556.00,null,null,null
2023-09-11T13:29:03Z,23.97,66.35,96,1,26.82,101.31,24.00,564.00,null,null,null
2023-09-11T13:30:03Z,23.98,65.68,96,1,28.04,101.32,23.00,556.00,0,0,0
2023-09-11T13:31:03Z,23.95,65.72,96,1,23.77,101.31,22.00,546.00,null,null,null
2023-09-11T13:32:03Z,23.95,65.67,96,1,33.80,101.31,21.00,540.00,null,null,null
2023-09-11T13:33:03Z,23.94,65.61,96,1,23.72,101.31,19.00,529.00,null,null,null
2023-09-11T13:34:03Z,23.97,65.84,96,1,48.65,101.31,18.00,524.00,null,null,null
2023-09-11T13:35:03Z,23.95,65.96,96,1,37.12,101.31,18.00,519.00,0,0,0
2023-09-11T13:36:03Z,23.95,66.05,96,2,24.23,101.31,18.00,524.00,null,null,null
2023-09-11T13:37:03Z,23.98,65.96,96,1,36.03,101.31,20.00,536.00,null,null,null
2023-09-11T13:38:03Z,23.99,65.88,96,2,51.08,101.31,21.00,542.00,null,null,null
2023-09-11T13:39:03Z,23.97,65.84,96,2,24.54,101.31,21.00,542.00,null,null,null
2023-09-11T13:40:03Z,23.98,65.97,96,2,32.58,101.30,22.00,545.00,0,0,0
2023-09-11T13:41:03Z,23.98,65.87,96,2,35.43,101.31,22.00,545.00,null,null,null
2023-09-11T13:42:03Z,23.98,65.35,96,2,35.79,101.31,21.00,542.00,null,null,null
2023-09-11T13:43:03Z,23.98,65.23,96,2,26.41,101.30,20.00,536.00,null,null,null
2023-09-11T13:44:03Z,23.99,65.32,96,2,32.98,101.30,19.00,529.00,null,null,null
2023-09-11T13:45:03Z,23.99,65.28,96,2,39.43,101.30,17.00,514.00,0,0,0
2023-09-11T13:46:03Z,23.98,65.40,95,2,45.27,101.30,14.00,498.00,null,null,null
2023-09-11T13:47:03Z,23.99,65.75,95,2,37.02,101.29,17.00,514.00,null,null,null
2023-09-11T13:48:03Z,23.97,65.56,95,2,40.03,101.29,17.00,514.00,null,null,null
2023-09-11T13:49:03Z,23.98,65.41,95,2,46.90,101.29,17.00,514.00,null,null,null
2023-09-11T13:50:03Z,23.99,65.24,95,2,32.91,101.29,15.00,502.00,0,0,0
2023-09-11T13:51:03Z,23.98,65.25,96,2,26.46,101.29,14.00,497.00,null,null,null
2023-09-11T13:52:03Z,24.02,65.05,95,2,27.69,101.29,13.00,491.00,null,null,null
2023-09-11T13:53:03Z,24.01,65.36,95,2,26.38,101.29,13.00,491.00,null,null,null
2023-09-11T13:54:03Z,24.02,65.44,95,2,24.39,101.29,13.00,486.00,null,null,null
2023-09-11T13:55:03Z,24.01,65.66,95,2,36.12,101.29,14.00,493.00,0,0,0
2023-09-11T13:56:03Z,24.01,65.73,95,2,36.37,101.29,14.00,498.00,null,null,null
2023-09-11T13:57:03Z,24.02,65.84,95,3,24.58,101.28,17.00,514.00,null,null,null
2023-09-11T13:58:03Z,24.01,65.89,95,2,29.42,101.28,18.00,524.00,null,null,null
2023-09-11T13:59:03Z,24.02,65.83,95,2,30.05,101.27,19.00,531.00,null,null,null
2023-09-11T14:00:03Z,24.02,65.76,95,2,26.78,101.28,20.00,536.00,0,0,0
2023-09-11T14:01:03Z,24.04,65.76,95,2,34.15,101.28,20.00,536.00,null,null,null
2023-09-11T14:02:03Z,24.04,65.81,95,3,33.36,101.27,22.00,545.00,null,null,null
2023-09-11T14:03:03Z,24.04,65.70,95,2,23.35,101.27,25.00,565.00,null,null,null
2023-09-11T14:04:03Z,24.02,65.96,95,2,36.78,101.28,25.00,569.00,null,null,null
