TIME,TEMP,HUM,BATT,LIGHT,NOISE_A,PRESS,CCS811_VOCS,CCS811_ECO2,PM_1,PM_25,PM_10
ISO 8601,C,%,%,Lux,dBA,kPa,ppb,ppm,ug/m3,ug/m3,ug/m3
Time,Temperature,Humidity,Battery,Light,Noise dBA,Barometric pressure,VOC Gas CCS811,eCO2 Gas CCS811,PM 1.0,PM 2.5,PM 10.0
,55,56,10,14,53,58,113,112,89,87,88
2023-08-28T00:00:01Z,22.32,59.46,71,11,27.40,101.44,165.00,1487.00,0,0,0
2023-08-28T00:01:01Z,22.32,59.44,71,11,28.76,101.44,168.00,1495.00,null,null,null
2023-08-28T00:02:01Z,22.32,59.38,71,10,31.02,101.44,168.00,1495.00,null,null,null
2023-08-28T00:03:01Z,22.33,59.44,71,10,25.09,101.44,171.00,1499.00,null,null,null
2023-08-28T00:04:01Z,22.36,59.47,71,10,24.79,101.44,171.00,1499.00,null,null,null
2023-08-28T00:05:01Z,22.34,59.43,71,10,25.22,101.44,174.00,1503.00,0,0,0
2023-08-28T00:06:01Z,22.37,59.43,70,10,26.93,101.44,174.00,1503.00,null,null,null
2023-08-28T00:07:01Z,22.39,59.42,70,10,26.03,101.44,177.00,1507.00,null,null,null
2023-08-28T00:08:01Z,22.39,59.37,71,10,25.87,101.43,180.00,1513.00,null,null,null
2023-08-28T00:09:01Z,22.42,59.48,71,10,24.89,101.44,177.00,1507.00,null,null,null
2023-08-28T00:10:01Z,22.42,59.34,71,10,25.62,101.44,183.00,1517.00,0,0,0
2023-08-28T00:11:01Z,22.43,59.35,70,10,22.72,101.44,177.00,1507.00,null,null,null
2023-08-28T00:12:01Z,22.46,59.38,70,10,25.47,101.43,180.00,1513.00,null,null,null
2023-08-28T00:13:01Z,22.46,59.28,70,10,25.41,101.43,180.00,1513.00,null,null,null
2023-08-28T00:14:01Z,22.48,59.28,71,10,35.19,101.44,177.00,1507.00,null,null,null
2023-08-28T00:15:01Z,22.46,59.29,71,10,22.12,101.43,180.00,1513.00,0,0,0
2023-08-28T00:16:01Z,22.47,59.23,70,10,23.90,101.44,174.00,1503.00,null,null,null
2023-08-28T00:17:01Z,22.48,59.21,71,10,25.76,101.43,177.00,1507.00,null,null,null
2023-08-28T00:18:01Z,22.50,59.12,70,10,32.20,101.43,177.00,1507.00,null,null,null
2023-08-28T00:19:01Z,22.51,59.18,70,10,26.50,101.43,179.00,1512.00,null,null,null
2023-08-28T00:20:01Z,22.50,59.15,71,10,27.02,101.43,177.00,1507.00,0,0,0
2023-08-28T00:21:01Z,22.51,59.13,70,10,23.72,101.43,174.00,1503.00,null,null,null
2023-08-28T00:22:01Z,22.53,59.07,70,10,28.06,101.43,174.00,1503.00,null,null,null
2023-08-28T00:23:01Z,22.54,59.29,71,10,25.19,101.43,179.00,1512.00,null,null,null
2023-08-28T00:24:01Z,22.54,59.27,70,10,30.59,101.43,179.00,1512.00,null,null,null
2023-08-28T00:25:01Z,22.54,59.29,70,10,30.83,101.43,180.00,1513.00,0,0,0
2023-08-28T00:26:01Z,22.57,59.13,70,10,25.00,101.44,183.00,1517.00,null,null,null
2023-08-28T00:27:01Z,22.58,59.09,70,10,31.97,101.43,186.00,1521.00,null,null,null
2023-08-28T00:28:01Z,22.58,59.09,70,10,24.86,101.43,193.00,1532.00,null,null,null
2023-08-28T00:29:01Z,22.60,59.16,70,10,25.47,101.43,190.00,1527.00,null,null,null
2023-08-28T00:30:01Z,22.60,58.52,70,8,43.79,101.43,193.00,1532.00,0,0,0
2023-08-28T00:31:01Z,22.58,58.27,70,11,28.36,101.43,181.00,1515.00,null,null,null
2023-08-28T00:32:01Z,22.60,58.61,70,11,37.65,101.43,176.00,1506.00,null,null,null
2023-08-28T00:33:01Z,22.60,58.36,70,11,27.32,101.43,167.00,1499.00,null,null,null
2023-08-28T00:34:01Z,22.57,58.37,70,11,24.86,101.43,164.00,1482.00,null,null,null
2023-08-28T00:35:01Z,22.58,58.63,70,10,30.51,101.43,159.00,1445.00,0,0,0
2023-08-28T00:36:01Z,22.60,58.45,70,10,27.10,101.43,152.00,1404.00,null,null,null
2023-08-28T00:37:01Z,22.58,58.61,70,10,36.22,101.43,150.00,1385.00,null,null,null
2023-08-28T00:38:01Z,22.60,58.93,70,10,24.43,101.43,150.00,1385.00,null,null,null
2023-08-28T00:39:01Z,22.60,59.04,70,10,34.48,101.43,160.00,1453.00,null,null,null
2023-08-28T00:40:01Z,22.60,59.01,70,0,27.68,101.43,174.00,1503.00,0,0,0
2023-08-28T00:41:01Z,22.64,58.96,70,0,22.89,101.44,183.00,1517.00,null,null,null
2023-08-28T00:42:01Z,22.64,58.88,70,0,26.69,101.44,183.00,1517.00,null,null,null
2023-08-28T00:43:01Z,22.64,58.88,70,0,26.41,101.44,186.00,1521.00,null,null,null
2023-08-28T00:44:01Z,22.63,58.84,70,0,35.28,101.43,190.00,1527.00,null,null,null
2023-08-28T00:45:01Z,22.66,58.85,70,0,31.00,101.42,190.00,1527.00,0,0,0
2023-08-28T00:46:01Z,22.69,58.80,70,0,26.24,101.42,190.00,1527.00,null,null,null
2023-08-28T00:47:01Z,22.70,58.80,70,0,27.18,101.41,193.00,1532.00,null,null,null
2023-08-28T00:48:01Z,22.69,58.76,70,0,23.90,101.41,193.00,1532.00,null,null,null
2023-08-28T00:49:01Z,22.70,58.74,70,0,24.54,101.41,196.00,1536.00,null,null,null
2023-08-28T00:50:01Z,22.71,58.72,70,0,26.19,101.41,196.00,1535.00,0,0,0
2023-08-28T00:51:01Z,22.70,58.72,70,0,24.76,101.40,198.00,1539.00,null,null,null
2023-08-28T00:52:01Z,22.71,58.72,70,0,25.13,101.40,202.00,1543.00,null,null,null
2023-08-28T00:53:01Z,22.71,58.71,70,0,25.32,101.40,198.00,1539.00,null,null,null
2023-08-28T00:54:01Z,22.71,58.76,70,0,32.07,101.40,205.00,1547.00,null,null,null
2023-08-28T00:55:01Z,22.73,58.69,70,0,29.92,101.40,199.00,1540.00,0,0,0
2023-08-28T00:56:01Z,22.74,58.73,70,0,26.14,101.40,202.00,1543.00,null,null,null
2023-08-28T00:57:01Z,22.75,58.83,70,0,24.11,101.40,209.00,1553.00,null,null,null
2023-08-28T00:58:01Z,22.77,58.71,70,0,23.59,101.40,198.00,1538.00,null,null,null
2023-08-28T00:59:01Z,22.77,58.65,70,0,25.70,101.40,200.00,1542.00,null,null,null
2023-08-28T01:00:01Z,22.77,58.63,70,0,23.20,101.40,204.00,1546.00,0,0,0
2023-08-28T01:01:01Z,22.77,58.67,70,0,23.90,101.40,207.00,1550.00,null,null,null
2023-08-28T01:02:01Z,22.77,58.72,70,0,26.31,101.40,207.00,1550.00,null,null,null
2023-08-28T01:03:01Z,22.80,58.67,70,0,28.78,101.40,215.00,1560.00,null,null,null
2023-08-28T01:04:01Z,22.81,58.68,70,0,23.35,101.40,215.00,1560.00,null,null,null
2023-08-28T01:05:01Z,22.80,58.75,70,0,23.72,101.40,218.00,1564.00,0,0,0
2023-08-28T01:06:01Z,22.83,58.64,70,0,26.29,101.40,216.00,1562.00,null,null,null
2023-08-28T01:07:01Z,22.81,58.70,70,0,27.94,101.40,226.00,1576.00,null,null,null
2023-08-28T01:08:01Z,22.83,58.64,70,0,23.86,101.40,222.00,1571.00,null,null,null
2023-08-28T01:09:01Z,22.81,58.49,70,0,23.25,101.40,226.00,1576.00,null,null,null
2023-08-28T01:10:01Z,22.83,58.43,70,0,25.62,101.40,226.00,1576.00,0,0,0
2023-08-28T01:11:01Z,22.83,58.42,70,0,32.27,101.40,218.00,1564.00,null,null,null
2023-08-28T01:12:01Z,22.84,58.42,70,0,24.86,101.40,218.00,1564.00,null,null,null
2023-08-28T01:13:01Z,22.83,58.46,70,0,26.21,101.39,222.00,1571.00,null,null,null
2023-08-28T01:14:01Z,22.83,58.56,70,0,33.60,101.39,218.00,1564.00,null,null,null
2023-08-28T01:15:01Z,22.85,58.43,70,0,23.90,101.39,222.00,1571.00,0,0,0
2023-08-28T01:16:01Z,22.85,58.47,70,0,28.50,101.39,218.00,1564.00,null,null,null
2023-08-28T01:17:01Z,22.87,58.42,70,0,29.65,101.39,218.00,1564.00,null,null,null
2023-08-28T01:18:01Z,22.88,58.44,70,0,25.13,101.39,218.00,1564.00,null,null,null
2023-08-28T01:19:01Z,22.87,58.39,70,0,23.72,101.39,222.00,1571.00,null,null,null
2023-08-28T01:20:01Z,22.88,58.36,70,0,25.53,101.39,218.00,1564.00,0,0,0
2023-08-28T01:21:01Z,22.90,58.38,70,0,34.01,101.39,218.00,1564.00,null,null,null
2023-08-28T01:22:01Z,22.88,58.29,70,0,26.06,101.40,218.00,1564.00,null,null,null
2023-08-28T01:23:01Z,22.90,58.24,70,0,28.36,101.39,218.00,1564.00,null,null,null
2023-08-28T01:24:01Z,22.90,58.20,70,0,25.62,101.40,221.00,1569.00,null,null,null
2023-08-28T01:25:01Z,22.88,58.19,70,0,22.72,101.40,218.00,1564.00,0,0,0
2023-08-28T01:26:01Z,22.88,58.15,70,0,24.65,101.40,218.00,1564.00,null,null,null
2023-08-28T01:27:01Z,22.90,58.14,70,0,22.49,101.40,209.00,1555.00,null,null,null
2023-08-28T01:28:01Z,22.88,58.06,70,0,38.73,101.40,209.00,1555.00,null,null,null
2023-08-28T01:29:01Z,22.90,58.03,70,0,40.11,101.41,207.00,1550.00,null,null,null
2023-08-28T01:30:01Z,22.88,58.08,70,0,21.85,101.40,207.00,1550.00,0,0,0
2023-08-28T01:31:01Z,22.91,58.07,70,0,26.26,101.41,204.00,1546.00,null,null,null
2023-08-28T01:32:01Z,22.91,57.99,70,0,23.30,101.40,195.00,1534.00,null,null,null
2023-08-28T01:33:01Z,22.91,58.04,70,0,23.45,101.41,195.00,1534.00,null,null,null
2023-08-28T01:34:01Z,22.88,58.03,70,0,25.47,101.41,192.00,1530.00,null,null,null
2023-08-28T01:35:01Z,22.88,57.99,70,0,27.47,101.41,192.00,1530.00,0,0,0
2023-08-28T01:36:01Z,22.90,58.05,70,0,25.98,101.41,192.00,1530.00,null,null,null
2023-08-28T01:37:01Z,22.93,58.06,70,0,33.42,101.41,189.00,1526.00,null,null,null
2023-08-28T01:38:01Z,22.93,58.10,70,0,24.96,101.41,189.00,1526.00,null,null,null
2023-08-28T01:39:01Z,22.88,58.16,70,0,28.91,101.41,189.00,1526.00,null,null,null
2023-08-28T01:40:01Z,22.90,58.08,70,0,28.88,101.41,189.00,1526.00,0,0,0
2023-08-28T01:41:01Z,22.93,58.02,70,0,26.67,101.42,189.00,1526.00,null,null,null
2023-08-28T01:42:01Z,22.94,58.00,69,0,27.10,101.41,195.00,1534.00,null,null,null
2023-08-28T01:43:01Z,22.90,57.96,70,0,26.55,101.41,192.00,1530.00,null,null,null
2023-08-28T01:44:01Z,22.94,58.11,70,0,24.72,101.42,195.00,1534.00,null,null,null
2023-08-28T01:45:01Z,22.93,58.07,70,0,23.35,101.41,195.00,1534.00,0,0,0
2023-08-28T01:46:01Z,22.93,58.01,69,0,27.30,101.41,192.00,1530.00,null,null,null
2023-08-28T01:47:01Z,22.94,58.04,70,0,29.08,101.41,195.00,1534.00,null,null,null
2023-08-28T01:48:01Z,22.91,57.96,70,0,26.36,101.41,195.00,1534.00,null,null,null
2023-08-28T01:49:01Z,22.94,57.97,69,0,24.83,101.41,192.00,1530.00,null,null,null
2023-08-28T01:50:01Z,22.94,58.01,69,0,25.38,101.41,192.00,1530.00,0,0,0
2023-08-28T01:51:01Z,22.95,58.26,70,0,28.04,101.41,195.00,1534.00,null,null,null
2023-08-28T01:52:01Z,22.98,58.39,69,0,25.56,101.41,197.00,1537.00,null,null,null
2023-08-28T01:53:01Z,22.97,58.37,69,0,26.24,101.41,207.00,1550.00,null,null,null
2023-08-28T01:54:01Z,22.97,58.30,69,0,25.00,101.41,207.00,1550.00,null,null,null
2023-08-28T01:55:01Z,22.98,58.35,69,0,25.26,101.41,207.00,1550.00,0,0,0
2023-08-28T01:56:01Z,22.98,58.17,69,0,27.34,101.41,207.00,1550.00,null,null,null
2023-08-28T01:57:01Z,22.98,58.18,69,0,22.61,101.42,209.00,1555.00,null,null,null
2023-08-28T01:58:01Z,22.97,58.14,69,0,25.19,101.41,207.00,1550.00,null,null,null
2023-08-28T01:59:01Z,22.98,58.15,69,0,22.43,101.41,207.00,1550.00,null,null,null
2023-08-28T02:00:01Z,23.00,58.16,69,0,23.25,101.41,207.00,1550.00,0,0,0
2023-08-28T02:01:01Z,23.00,58.23,69,0,22.78,101.41,207.00,1550.00,null,null,null
2023-08-28T02:02:01Z,23.01,58.01,69,0,26.99,101.41,207.00,1550.00,null,null,null
2023-08-28T02:03:01Z,23.00,58.21,69,0,26.80,101.41,207.00,1550.00,null,null,null
2023-08-28T02:04:01Z,22.98,58.15,69,0,28.37,101.41,207.00,1550.00,null,null,null
2023-08-28T02:05:01Z,23.00,58.15,69,0,27.87,101.41,207.00,1550.00,0,0,0
2023-08-28T02:06:01Z,22.98,58.21,69,0,23.59,101.42,207.00,1550.00,null,null,null
2023-08-28T02:07:01Z,23.02,58.24,69,0,25.53,101.41,207.00,1550.00,null,null,null
2023-08-28T02:08:01Z,22.98,58.33,69,0,28.74,101.41,207.00,1550.00,null,null,null
2023-08-28T02:09:01Z,22.97,58.25,69,0,26.71,101.41,204.00,1546.00,null,null,null
2023-08-28T02:10:01Z,22.98,58.28,69,0,25.50,101.41,212.00,1557.00,0,0,0
2023-08-28T02:11:01Z,23.04,58.08,69,0,23.49,101.41,212.00,1557.00,null,null,null
2023-08-28T02:12:01Z,23.02,58.22,69,0,25.19,101.41,215.00,1560.00,null,null,null
2023-08-28T02:13:01Z,23.00,58.19,69,0,23.35,101.41,221.00,1569.00,null,null,null
2023-08-28T02:14:01Z,23.01,58.14,69,0,26.14,101.41,218.00,1564.00,null,null,null
2023-08-28T02:15:01Z,23.01,58.10,69,0,25.53,101.41,218.00,1564.00,0,0,0
2023-08-28T02:16:01Z,23.01,58.10,69,0,26.08,101.41,215.00,1560.00,null,null,null
2023-08-28T02:17:01Z,23.01,58.10,69,0,27.20,101.41,215.00,1560.00,null,null,null
2023-08-28T02:18:01Z,23.02,58.17,69,0,29.30,101.41,215.00,1560.00,null,null,null
2023-08-28T02:19:01Z,23.01,58.18,69,0,26.64,101.41,218.00,1564.00,null,null,null
2023-08-28T02:20:01Z,23.01,58.10,69,0,29.53,101.41,221.00,1569.00,0,0,0
2023-08-28T02:21:01Z,23.02,58.10,69,0,27.89,101.41,218.00,1564.00,null,null,null
2023-08-28T02:22:01Z,23.02,58.20,69,0,28.93,101.41,215.00,1560.00,null,null,null
2023-08-28T02:23:01Z,23.04,58.22,69,0,23.94,101.41,221.00,1569.00,null,null,null
2023-08-28T02:24:01Z,23.02,58.28,69,0,25.26,101.41,218.00,1564.00,null,null,null
2023-08-28T02:25:01Z,23.04,58.29,69,0,23.59,101.41,218.00,1564.00,0,0,0
2023-08-28T02:26:01Z,23.05,58.12,69,0,27.68,101.41,222.00,1571.00,null,null,null
2023-08-28T02:27:01Z,23.04,58.16,69,0,28.06,101.41,221.00,1569.00,null,null,null
2023-08-28T02:28:01Z,23.05,58.14,69,0,29.16,101.41,218.00,1564.00,null,null,null
2023-08-28T02:29:01Z,23.02,57.99,69,0,29.36,101.41,218.00,1564.00,null,null,null
2023-08-28T02:30:01Z,23.02,57.91,69,0,24.58,101.41,215.00,1560.00,0,0,0
2023-08-28T02:31:01Z,23.02,58.10,69,0,21.92,101.40,215.00,1560.00,null,null,null
2023-08-28T02:32:01Z,23.05,57.98,69,0,24.07,101.40,209.00,1555.00,null,null,null
2023-08-28T02:33:01Z,23.02,57.95,69,0,28.25,101.40,207.00,1550.00,null,null,null
2023-08-28T02:34:01Z,23.02,58.27,69,0,26.36,101.41,209.00,1555.00,null,null,null
2023-08-28T02:35:01Z,23.01,58.01,69,0,34.23,101.41,200.00,1542.00,0,0,0
2023-08-28T02:36:01Z,23.04,57.94,69,0,24.83,101.41,207.00,1550.00,null,null,null
2023-08-28T02:37:01Z,23.02,58.01,69,0,26.64,101.41,207.00,1550.00,null,null,null
2023-08-28T02:38:01Z,23.04,58.06,69,0,26.91,101.41,207.00,1550.00,null,null,null
2023-08-28T02:39:01Z,23.04,58.04,69,0,25.95,101.41,207.00,1550.00,null,null,null
2023-08-28T02:40:01Z,23.05,58.47,69,0,24.89,101.41,207.00,1550.00,0,0,0
2023-08-28T02:41:01Z,23.05,58.04,69,0,24.35,101.41,204.00,1546.00,null,null,null
2023-08-28T02:42:01Z,23.05,58.24,69,0,25.29,101.41,207.00,1550.00,null,null,null
2023-08-28T02:43:01Z,23.02,58.25,69,0,25.22,101.41,209.00,1555.00,null,null,null
2023-08-28T02:44:01Z,23.02,58.54,69,0,23.45,101.41,204.00,1546.00,null,null,null
2023-08-28T02:45:01Z,23.04,58.58,69,0,23.90,101.41,212.00,1557.00,0,0,0
2023-08-28T02:46:01Z,23.04,58.60,69,0,26.50,101.41,207.00,1550.00,null,null,null
2023-08-28T02:47:01Z,23.05,58.59,69,0,26.31,101.41,215.00,1560.00,null,null,null
2023-08-28T02:48:01Z,23.05,58.62,69,0,26.03,101.41,215.00,1560.00,null,null,null
2023-08-28T02:49:01Z,23.06,58.60,69,0,24.03,101.41,215.00,1560.00,null,null,null
2023-08-28T02:50:01Z,23.04,58.65,69,0,28.44,101.41,218.00,1564.00,0,0,0
2023-08-28T02:51:01Z,23.05,58.62,68,0,24.54,101.41,215.00,1560.00,null,null,null
2023-08-28T02:52:01Z,23.05,58.65,69,0,24.79,101.41,215.00,1560.00,null,null,null
2023-08-28T02:53:01Z,23.08,58.60,69,0,22.78,101.42,218.00,1564.00,null,null,null
2023-08-28T02:54:01Z,23.06,58.57,69,0,27.51,101.41,215.00,1560.00,null,null,null
2023-08-28T02:55:01Z,23.05,58.62,69,0,22.99,101.42,212.00,1557.00,0,0,0
2023-08-28T02:56:01Z,23.05,58.58,69,0,23.30,101.41,215.00,1560.00,null,null,null
2023-08-28T02:57:01Z,23.05,58.61,69,0,42.75,101.42,215.00,1560.00,null,null,null
2023-08-28T02:58:01Z,23.05,58.62,68,0,22.66,101.42,212.00,1557.00,null,null,null
2023-08-28T02:59:01Z,23.05,58.47,69,0,24.46,101.41,218.00,1564.00,null,null,null
