TIME,TEMP,HUM,BATT,LIGHT,NOISE_A,PRESS,CCS811_VOCS,CCS811_ECO2,PM_1,PM_25,PM_10
ISO 8601,C,%,%,Lux,dBA,kPa,ppb,ppm,ug/m3,ug/m3,ug/m3
Time,Temperature,Humidity,Battery,Light,Noise dBA,Barometric pressure,VOC Gas CCS811,eCO2 Gas CCS811,PM 1.0,PM 2.5,PM 10.0
,55,56,10,14,53,58,113,112,89,87,88
2023-08-14T00:00:53Z,23.63,58.02,98,15,24.61,101.41,39.00,656.00,0,0,0
2023-08-14T00:01:53Z,23.67,58.04,98,15,26.99,101.41,39.00,659.00,null,null,null
2023-08-14T00:02:53Z,23.65,58.00,98,15,28.28,101.41,39.00,659.00,null,null,null
2023-08-14T00:03:53Z,23.66,58.04,98,15,24.89,101.41,39.00,659.00,null,null,null
2023-08-14T00:04:53Z,23.65,58.02,98,15,25.16,101.41,39.00,659.00,null,null,null
2023-08-14T00:05:53Z,23.65,58.10,98,15,22.37,101.41,39.00,659.00,0,0,0
2023-08-14T00:06:53Z,23.63,58.11,98,15,24.07,101.40,39.00,656.00,null,null,null
2023-08-14T00:07:53Z,23.65,58.10,98,15,24.19,101.40,39.00,659.00,null,null,null
2023-08-14T00:08:53Z,23.63,58.11,98,15,28.11,101.40,39.00,659.00,null,null,null
2023-08-14T00:09:53Z,23.66,58.15,98,15,27.73,101.40,39.00,659.00,null,null,null
2023-08-14T00:10:53Z,23.60,58.20,98,15,24.65,101.40,39.00,656.00,0,0,0
2023-08-14T00:11:53Z,23.63,58.17,98,15,24.68,101.40,39.00,659.00,null,null,null
2023-08-14T00:12:53Z,23.65,58.26,98,15,25.13,101.40,39.00,659.00,null,null,null
2023-08-14T00:13:53Z,23.63,58.25,98,15,26.53,101.39,38.00,652.00,null,null,null
2023-08-14T00:14:53Z,23.65,58.25,98,15,25.26,101.39,38.00,652.00,null,null,null
2023-08-14T00:15:53Z,23.63,58.34,98,15,24.54,101.39,39.00,659.00,0,0,0
2023-08-14T00:16:53Z,23.62,58.36,98,15,26.60,101.39,39.00,659.00,null,null,null
2023-08-14T00:17:53Z,23.65,58.37,98,15,24.61,101.39,38.00,652.00,null,null,null
2023-08-14T00:18:53Z,23.62,58.43,98,15,26.41,101.39,39.00,659.00,null,null,null
2023-08-14T00:19:53Z,23.62,58.44,98,15,24.31,101.38,38.00,652.00,null,null,null
2023-08-14T00:20:53Z,23.62,58.50,98,15,28.27,101.38,39.00,659.00,0,0,0
2023-08-14T00:21:53Z,23.65,58.53,98,15,24.35,101.39,38.00,652.00,null,null,null
2023-08-14T00:22:53Z,23.62,58.52,98,15,26.11,101.38,38.00,652.00,null,null,null
2023-08-14T00:23:53Z,23.63,58.59,98,15,23.90,101.38,39.00,659.00,null,null,null
2023-08-14T00:24:53Z,23.63,58.65,98,15,23.10,101.38,39.00,659.00,null,null,null
2023-08-14T00:25:53Z,23.60,58.69,98,15,24.86,101.38,38.00,652.00,0,0,0
2023-08-14T00:26:53Z,23.63,58.69,98,15,28.96,101.38,39.00,659.00,null,null,null
2023-08-14T00:27:53Z,23.60,58.73,98,15,28.36,101.37,39.00,659.00,null,null,null
2023-08-14T00:28:53Z,23.63,58.79,98,15,25.95,101.38,41.00,672.00,null,null,null
2023-08-14T00:29:53Z,23.62,58.86,98,15,24.72,101.38,38.00,653.00,null,null,null
2023-08-14T00:30:53Z,23.62,58.93,98,15,32.75,101.38,37.00,646.00,0,0,0
2023-08-14T00:31:53Z,23.60,58.82,98,15,28.76,101.38,36.00,637.00,null,null,null
2023-08-14T00:32:53Z,23.66,58.85,98,15,26.03,101.38,37.00,646.00,null,null,null
2023-08-14T00:33:53Z,23.63,58.84,98,15,25.47,101.38,37.00,643.00,null,null,null
2023-08-14T00:34:53Z,23.62,58.89,98,15,25.19,101.38,37.00,646.00,null,null,null
2023-08-14T00:35:53Z,23.60,58.97,98,15,45.09,101.37,37.00,646.00,0,0,0
2023-08-14T00:36:53Z,23.63,58.93,98,11,39.47,101.38,37.00,643.00,null,null,null
2023-08-14T00:37:53Z,23.63,58.92,98,11,23.59,101.38,37.00,643.00,null,null,null
2023-08-14T00:38:53Z,23.60,58.96,98,11,24.39,101.38,37.00,646.00,null,null,null
2023-08-14T00:39:53Z,23.62,58.96,98,11,28.11,101.37,37.00,646.00,null,null,null
2023-08-14T00:40:53Z,23.59,59.00,98,11,28.77,101.37,37.00,646.00,0,0,0
2023-08-14T00:41:53Z,23.62,59.02,98,11,23.72,101.37,36.00,637.00,null,null,null
2023-08-14T00:42:53Z,23.62,59.01,98,11,25.62,101.37,37.00,643.00,null,null,null
2023-08-14T00:43:53Z,23.60,59.06,98,11,29.96,101.36,37.00,643.00,null,null,null
2023-08-14T00:44:53Z,23.60,59.06,98,11,25.79,101.36,37.00,646.00,null,null,null
2023-08-14T00:45:53Z,23.60,59.07,98,11,32.80,101.37,37.00,646.00,0,0,0
2023-08-14T00:46:53Z,23.60,59.01,98,11,34.38,101.37,37.00,646.00,null,null,null
2023-08-14T00:47:53Z,23.63,58.85,98,11,23.59,101.36,41.00,671.00,null,null,null
2023-08-14T00:48:53Z,23.63,58.84,98,12,22.66,101.36,47.00,710.00,null,null,null
2023-08-14T00:49:53Z,23.63,58.82,98,12,27.55,101.36,53.00,752.00,null,null,null
2023-08-14T00:50:53Z,23.65,58.79,98,12,26.06,101.36,60.00,800.00,0,0,0
2023-08-14T00:51:53Z,23.69,58.78,98,12,26.19,101.35,67.00,840.00,null,null,null
2023-08-14T00:52:53Z,23.67,58.72,98,12,27.18,101.35,71.00,868.00,null,null,null
2023-08-14T00:53:53Z,23.69,58.73,98,12,23.59,101.35,77.00,909.00,null,null,null
2023-08-14T00:54:53Z,23.70,58.73,98,12,24.50,101.35,81.00,933.00,null,null,null
2023-08-14T00:55:53Z,23.70,58.79,98,12,23.49,101.35,84.00,956.00,0,0,0
2023-08-14T00:56:53Z,23.70,58.78,98,12,23.59,101.34,90.00,992.00,null,null,null
2023-08-14T00:57:53Z,23.74,58.73,98,12,24.35,101.35,93.00,1017.00,null,null,null
2023-08-14T00:58:53Z,23.74,58.77,98,12,26.57,101.34,102.00,1074.00,null,null,null
2023-08-14T00:59:53Z,23.74,58.75,98,12,23.15,101.35,105.00,1090.00,null,null,null
2023-08-14T01:00:53Z,23.73,58.73,98,12,23.45,101.35,107.00,1105.00,0,0,0
2023-08-14T01:01:53Z,23.76,58.74,98,12,25.22,101.35,114.00,1153.00,null,null,null
2023-08-14T01:02:53Z,23.78,58.77,98,12,24.61,101.35,113.00,1147.00,null,null,null
2023-08-14T01:03:53Z,23.78,58.71,98,12,22.12,101.35,112.00,1137.00,null,null,null
2023-08-14T01:04:53Z,23.77,58.75,98,12,23.68,101.35,115.00,1159.00,null,null,null
2023-08-14T01:05:53Z,23.76,58.68,98,12,24.23,101.35,114.00,1150.00,0,0,0
2023-08-14T01:06:53Z,23.80,58.77,98,12,22.61,101.35,118.00,1178.00,null,null,null
2023-08-14T01:07:53Z,23.81,58.69,98,12,27.59,101.35,114.00,1150.00,null,null,null
2023-08-14T01:08:53Z,23.80,58.71,98,12,21.41,101.35,120.00,1191.00,null,null,null
2023-08-14T01:09:53Z,23.77,58.72,98,12,28.42,101.34,120.00,1191.00,null,null,null
2023-08-14T01:10:53Z,23.80,58.69,98,12,25.62,101.34,124.00,1220.00,0,0,0
2023-08-14T01:11:53Z,23.81,58.73,98,12,23.30,101.34,122.00,1204.00,null,null,null
2023-08-14T01:12:53Z,23.84,58.71,98,12,24.19,101.34,128.00,1245.00,null,null,null
2023-08-14T01:13:53Z,23.84,58.71,98,12,24.35,101.34,128.00,1245.00,null,null,null
2023-08-14T01:14:53Z,23.84,58.70,98,12,22.18,101.34,130.00,1259.00,null,null,null
2023-08-14T01:15:53Z,23.83,58.73,98,11,22.18,101.33,130.00,1259.00,0,0,0
2023-08-14T01:16:53Z,23.86,58.73,98,11,22.12,101.33,130.00,1259.00,null,null,null
2023-08-14T01:17:53Z,23.86,58.70,98,12,24.27,101.33,130.00,1259.00,null,null,null
2023-08-14T01:18:53Z,23.87,58.67,98,12,26.87,101.34,133.00,1274.00,null,null,null
2023-08-14T01:19:53Z,23.87,58.72,98,12,27.22,101.33,133.00,1274.00,null,null,null
2023-08-14T01:20:53Z,23.88,58.67,98,12,24.86,101.33,133.00,1274.00,0,0,0
2023-08-14T01:21:53Z,23.88,58.60,98,12,25.92,101.33,135.00,1291.00,null,null,null
2023-08-14T01:22:53Z,23.87,58.56,98,12,25.87,101.33,135.00,1291.00,null,null,null
2023-08-14T01:23:53Z,23.88,58.63,98,12,null,101.33,135.00,1291.00,null,null,null
2023-08-14T01:24:53Z,23.90,58.66,98,12,25.35,101.33,135.00,1291.00,null,null,null
2023-08-14T01:25:53Z,23.90,58.71,98,12,23.05,101.33,135.00,1291.00,0,0,0
2023-08-14T01:26:53Z,23.91,58.65,98,11,27.36,101.33,135.00,1291.00,null,null,null
2023-08-14T01:27:53Z,23.93,58.58,98,12,25.38,101.33,135.00,1291.00,null,null,null
2023-08-14T01:28:53Z,23.93,58.65,98,12,25.03,101.32,135.00,1291.00,null,null,null
2023-08-14T01:29:53Z,23.91,58.59,98,12,25.38,101.32,135.00,1291.00,null,null,null
2023-08-14T01:30:53Z,23.93,58.66,98,12,21.99,101.32,135.00,1291.00,0,0,0
2023-08-14T01:31:53Z,23.94,58.63,98,12,23.98,101.32,135.00,1291.00,null,null,null
2023-08-14T01:32:53Z,23.94,58.55,98,12,26.36,101.32,135.00,1291.00,null,null,null
2023-08-14T01:33:53Z,23.93,58.64,98,12,24.89,101.32,135.00,1291.00,null,null,null
2023-08-14T01:34:53Z,23.94,58.60,98,12,21.49,101.32,135.00,1291.00,null,null,null
2023-08-14T01:35:53Z,23.94,58.58,98,12,23.54,101.31,135.00,1291.00,0,0,0
2023-08-14T01:36:53Z,23.96,58.64,98,12,22.12,101.31,135.00,1291.00,null,null,null
2023-08-14T01:37:53Z,23.96,58.61,98,12,24.76,101.31,135.00,1291.00,null,null,null
2023-08-14T01:38:53Z,23.93,58.61,98,12,23.63,101.30,135.00,1291.00,null,null,null
2023-08-14T01:39:53Z,23.97,58.57,98,12,22.61,101.31,135.00,1291.00,null,null,null
2023-08-14T01:40:53Z,23.94,58.60,98,12,24.35,101.31,135.00,1291.00,0,0,0
2023-08-14T01:41:53Z,23.97,58.56,98,12,23.49,101.30,133.00,1274.00,null,null,null
2023-08-14T01:42:53Z,23.97,58.56,98,12,25.92,101.30,133.00,1274.00,null,null,null
2023-08-14T01:43:53Z,23.97,58.59,98,12,25.65,101.30,133.00,1274.00,null,null,null
2023-08-14T01:44:53Z,23.98,58.58,98,12,25.65,101.30,133.00,1274.00,null,null,null
2023-08-14T01:45:53Z,23.96,58.58,98,12,25.47,101.30,133.00,1274.00,0,0,0
2023-08-14T01:46:53Z,23.98,58.58,98,12,26.08,101.30,130.00,1259.00,null,null,null
2023-08-14T01:47:53Z,23.98,58.57,98,12,23.10,101.30,130.00,1259.00,null,null,null
2023-08-14T01:48:53Z,24.04,58.55,98,12,24.27,101.30,133.00,1274.00,null,null,null
2023-08-14T01:49:53Z,24.01,58.54,98,12,24.72,101.30,133.00,1274.00,null,null,null
2023-08-14T01:50:53Z,24.03,58.54,98,12,27.26,101.30,135.00,1291.00,0,0,0
2023-08-14T01:51:53Z,24.03,58.56,98,12,24.23,101.30,135.00,1291.00,null,null,null
2023-08-14T01:52:53Z,24.03,58.55,98,12,29.80,101.29,135.00,1291.00,null,null,null
2023-08-14T01:53:53Z,24.04,58.51,98,12,24.50,101.29,143.00,1341.00,null,null,null
2023-08-14T01:54:53Z,24.04,58.52,98,12,22.78,101.29,138.00,1307.00,null,null,null
2023-08-14T01:55:53Z,24.01,58.56,98,12,23.30,101.29,140.00,1324.00,0,0,0
2023-08-14T01:56:53Z,24.04,58.51,98,12,24.23,101.29,140.00,1324.00,null,null,null
2023-08-14T01:57:53Z,24.06,58.49,98,12,35.64,101.29,140.00,1324.00,null,null,null
2023-08-14T01:58:53Z,24.07,58.52,98,12,23.54,101.29,140.00,1324.00,null,null,null
2023-08-14T01:59:53Z,24.04,58.50,98,12,27.77,101.29,143.00,1341.00,null,null,null
2023-08-14T02:00:53Z,24.04,58.54,98,12,23.35,101.29,143.00,1341.00,0,0,0
2023-08-14T02:01:53Z,24.07,58.55,98,12,25.26,101.29,143.00,1341.00,null,null,null
2023-08-14T02:02:53Z,24.06,58.55,98,12,23.15,101.29,146.00,1364.00,null,null,null
2023-08-14T02:03:53Z,24.07,58.60,98,17,24.86,101.28,146.00,1364.00,null,null,null
2023-08-14T02:04:53Z,24.01,58.45,98,12,25.87,101.29,120.00,1191.00,null,null,null
2023-08-14T02:05:53Z,24.01,58.52,98,12,23.30,101.29,106.00,1102.00,0,0,0
2023-08-14T02:06:53Z,24.04,58.56,98,12,24.19,101.29,106.00,1102.00,null,null,null
2023-08-14T02:07:53Z,24.06,58.49,98,12,24.68,101.29,105.00,1090.00,null,null,null
2023-08-14T02:08:53Z,24.06,58.54,98,12,25.41,101.29,111.00,1134.00,null,null,null
2023-08-14T02:09:53Z,24.06,58.50,98,12,25.84,101.29,113.00,1147.00,null,null,null
2023-08-14T02:10:53Z,24.04,58.54,98,12,26.14,101.29,115.00,1159.00,0,0,0
2023-08-14T02:11:53Z,24.06,58.54,98,12,26.93,101.29,122.00,1204.00,null,null,null
2023-08-14T02:12:53Z,24.06,58.50,98,12,26.34,101.29,124.00,1220.00,null,null,null
2023-08-14T02:13:53Z,24.08,58.48,98,12,26.03,101.29,128.00,1245.00,null,null,null
2023-08-14T02:14:53Z,24.08,58.49,98,12,23.77,101.29,130.00,1259.00,null,null,null
2023-08-14T02:15:53Z,24.07,58.47,98,12,32.60,101.29,133.00,1274.00,0,0,0
2023-08-14T02:16:53Z,24.10,58.52,98,12,24.35,101.29,133.00,1274.00,null,null,null
2023-08-14T02:17:53Z,24.10,58.49,98,12,23.68,101.29,135.00,1291.00,null,null,null
2023-08-14T02:18:53Z,24.13,58.44,98,12,23.35,101.29,138.00,1307.00,null,null,null
2023-08-14T02:19:53Z,24.08,58.48,98,12,26.31,101.29,138.00,1307.00,null,null,null
2023-08-14T02:20:53Z,24.07,58.53,98,12,25.87,101.29,140.00,1324.00,0,0,0
2023-08-14T02:21:53Z,24.11,58.48,98,12,25.32,101.29,140.00,1324.00,null,null,null
2023-08-14T02:22:53Z,24.08,58.47,98,12,23.63,101.29,143.00,1341.00,null,null,null
2023-08-14T02:23:53Z,24.11,58.52,98,12,24.76,101.28,143.00,1341.00,null,null,null
2023-08-14T02:24:53Z,24.10,58.52,98,12,23.10,101.28,143.00,1341.00,null,null,null
2023-08-14T02:25:53Z,24.13,58.50,98,12,23.40,101.29,146.00,1364.00,0,0,0
2023-08-14T02:26:53Z,24.14,58.51,98,12,27.08,101.29,146.00,1364.00,null,null,null
2023-08-14T02:27:53Z,24.11,58.48,98,12,28.22,101.29,146.00,1364.00,null,null,null
2023-08-14T02:28:53Z,24.13,58.50,98,12,22.83,101.28,146.00,1364.00,null,null,null
2023-08-14T02:29:53Z,24.13,58.52,98,12,24.68,101.29,146.00,1364.00,null,null,null
2023-08-14T02:30:53Z,24.13,58.51,98,12,26.43,101.29,149.00,1380.00,0,0,0
2023-08-14T02:31:53Z,24.14,58.61,98,0,25.84,101.29,149.00,1380.00,null,null,null
2023-08-14T02:32:53Z,24.13,58.53,98,0,24.19,101.30,146.00,1364.00,null,null,null
2023-08-14T02:33:53Z,24.16,58.50,98,0,24.79,101.30,149.00,1380.00,null,null,null
2023-08-14T02:34:53Z,24.13,58.53,98,0,25.22,101.29,151.00,1397.00,null,null,null
2023-08-14T02:35:53Z,24.13,58.50,98,0,29.00,101.28,151.00,1397.00,0,0,0
2023-08-14T02:36:53Z,24.13,58.50,98,0,24.11,101.28,154.00,1416.00,null,null,null
2023-08-14T02:37:53Z,24.16,58.49,98,0,23.98,101.27,151.00,1397.00,null,null,null
2023-08-14T02:38:53Z,24.16,58.49,98,0,21.78,101.27,151.00,1397.00,null,null,null
2023-08-14T02:39:53Z,24.14,58.54,98,0,24.11,101.26,154.00,1416.00,null,null,null
2023-08-14T02:40:53Z,24.14,58.54,98,0,22.89,101.26,151.00,1397.00,0,0,0
2023-08-14T02:41:53Z,24.13,58.58,98,0,23.25,101.26,151.00,1397.00,null,null,null
2023-08-14T02:42:53Z,24.16,58.50,98,0,25.06,101.26,154.00,1416.00,null,null,null
2023-08-14T02:43:53Z,24.17,58.49,98,0,25.47,101.26,157.00,1436.00,null,null,null
2023-08-14T02:44:53Z,24.14,58.53,98,0,38.40,101.25,154.00,1416.00,null,null,null
2023-08-14T02:45:53Z,24.16,58.53,98,0,23.45,101.26,154.00,1416.00,0,0,0
2023-08-14T02:46:53Z,24.17,58.53,98,0,24.27,101.25,151.00,1397.00,null,null,null
2023-08-14T02:47:53Z,24.17,58.50,98,0,24.19,101.25,154.00,1416.00,null,null,null
2023-08-14T02:48:53Z,24.17,58.50,98,0,23.49,101.25,154.00,1416.00,null,null,null
2023-08-14T02:49:53Z,24.14,58.54,98,0,25.87,101.25,154.00,1416.00,null,null,null
2023-08-14T02:50:53Z,24.16,58.51,98,0,24.19,101.25,157.00,1436.00,0,0,0
2023-08-14T02:51:53Z,24.18,58.59,98,0,25.59,101.25,157.00,1436.00,null,null,null
2023-08-14T02:52:53Z,24.18,58.50,98,0,23.54,101.25,157.00,1436.00,null,null,null
2023-08-14T02:53:53Z,24.17,58.54,98,0,25.76,101.25,157.00,1436.00,null,null,null
2023-08-14T02:54:53Z,24.17,58.56,98,0,23.30,101.25,157.00,1436.00,null,null,null
2023-08-14T02:55:53Z,24.17,58.53,98,0,23.72,101.25,154.00,1416.00,0,0,0
2023-08-14T02:56:53Z,24.18,58.61,98,0,27.02,101.25,151.00,1397.00,null,null,null
2023-08-14T02:57:53Z,24.17,58.49,98,0,24.58,101.26,151.00,1397.00,null,null,null
2023-08-14T02:58:53Z,24.18,58.53,98,0,23.94,101.26,149.00,1380.00,null,null,null
2023-08-14T02:59:53Z,24.20,58.54,98,0,23.90,101.26,151.00,1397.00,null,null,null
