TIME,TEMP,HUM,BATT,LIGHT,NOISE_A,PRESS,CCS811_VOCS,CCS811_ECO2,PM_1,PM_25,PM_10
ISO 8601,C,%,%,Lux,dBA,kPa,ppb,ppm,ug/m3,ug/m3,ug/m3
Time,Temperature,Humidity,Battery,Light,Noise dBA,Barometric pressure,VOC Gas CCS811,eCO2 Gas CCS811,PM 1.0,PM 2.5,PM 10.0
,55,56,10,14,53,58,113,112,89,87,88
2023-08-29T00:00:02Z,22.75,55.77,51,8,24.72,101.52,266.00,1624.00,0,0,0
2023-08-29T00:01:02Z,22.73,55.73,51,8,24.68,101.52,254.00,1608.00,null,null,null
2023-08-29T00:02:02Z,22.74,55.80,51,8,24.61,101.52,269.00,1627.00,null,null,null
2023-08-29T00:03:02Z,22.75,55.84,51,8,25.29,101.52,266.00,1624.00,null,null,null
2023-08-29T00:04:02Z,22.74,55.80,51,8,27.89,101.52,254.00,1608.00,null,null,null
2023-08-29T00:05:02Z,22.73,55.80,51,8,25.41,101.52,266.00,1624.00,0,0,0
2023-08-29T00:06:02Z,22.75,55.81,51,8,24.50,101.52,266.00,1624.00,null,null,null
2023-08-29T00:07:02Z,22.77,55.79,51,8,23.05,101.52,246.00,1601.00,null,null,null
2023-08-29T00:08:02Z,22.74,55.83,51,8,22.18,101.52,254.00,1608.00,null,null,null
2023-08-29T00:09:02Z,22.75,55.83,51,8,30.02,101.52,260.00,1615.00,null,null,null
2023-08-29T00:10:02Z,22.74,55.83,51,8,27.71,101.51,260.00,1615.00,0,0,0
2023-08-29T00:11:02Z,22.75,55.81,51,8,26.29,101.51,246.00,1601.00,null,null,null
2023-08-29T00:12:02Z,22.78,55.76,51,8,26.46,101.52,254.00,1608.00,null,null,null
2023-08-29T00:13:02Z,22.75,55.80,51,8,27.66,101.51,254.00,1608.00,null,null,null
2023-08-29T00:14:02Z,22.75,55.79,51,8,26.36,101.51,254.00,1608.00,null,null,null
2023-08-29T00:15:02Z,22.78,55.80,51,8,24.54,101.52,254.00,1608.00,0,0,0
2023-08-29T00:16:02Z,22.77,55.79,51,8,22.72,101.51,246.00,1601.00,null,null,null
2023-08-29T00:17:02Z,22.75,55.83,51,8,25.56,101.51,254.00,1608.00,null,null,null
2023-08-29T00:18:02Z,22.78,55.85,51,8,26.08,101.51,246.00,1601.00,null,null,null
2023-08-29T00:19:02Z,22.77,55.79,51,8,26.06,101.51,246.00,1601.00,null,null,null
2023-08-29T00:20:02Z,22.77,55.80,51,8,27.77,101.51,246.00,1601.00,0,0,0
2023-08-29T00:21:02Z,22.80,55.83,51,8,25.50,101.52,246.00,1601.00,null,null,null
2023-08-29T00:22:02Z,22.77,55.81,51,8,28.15,101.51,246.00,1601.00,null,null,null
2023-08-29T00:23:02Z,22.78,55.83,51,8,32.66,101.51,246.00,1601.00,null,null,null
2023-08-29T00:24:02Z,22.80,55.80,51,8,24.68,101.51,246.00,1601.00,null,null,null
2023-08-29T00:25:02Z,22.78,55.78,51,8,28.42,101.51,242.00,1595.00,0,0,0
2023-08-29T00:26:02Z,22.78,55.82,51,8,28.17,101.51,242.00,1595.00,null,null,null
2023-08-29T00:27:02Z,22.81,55.82,51,8,27.51,101.51,242.00,1595.00,null,null,null
2023-08-29T00:28:02Z,22.77,55.82,51,8,26.11,101.51,242.00,1595.00,null,null,null
2023-08-29T00:29:02Z,22.78,55.85,51,8,23.90,101.51,238.00,1592.00,null,null,null
2023-08-29T00:30:02Z,22.77,55.84,51,8,23.49,101.50,238.00,1592.00,0,0,0
2023-08-29T00:31:02Z,22.78,55.80,51,8,22.61,101.51,242.00,1595.00,null,null,null
2023-08-29T00:32:02Z,22.80,55.76,51,8,25.26,101.50,254.00,1608.00,null,null,null
2023-08-29T00:33:02Z,22.78,55.81,51,8,25.47,101.50,258.00,1614.00,null,null,null
2023-08-29T00:34:02Z,22.77,55.81,51,8,null,101.50,263.00,1619.00,null,null,null
2023-08-29T00:35:02Z,22.80,55.78,51,8,28.17,101.51,263.00,1619.00,0,0,0
2023-08-29T00:36:02Z,22.80,55.84,51,8,29.58,101.50,263.00,1619.00,null,null,null
2023-08-29T00:37:02Z,22.78,55.78,51,8,22.49,101.50,268.00,1625.00,null,null,null
2023-08-29T00:38:02Z,22.80,55.83,51,8,26.64,101.50,273.00,1631.00,null,null,null
2023-08-29T00:39:02Z,22.78,55.86,51,8,25.13,101.50,273.00,1631.00,null,null,null
2023-08-29T00:40:02Z,22.78,55.83,51,8,27.14,101.50,273.00,1631.00,0,0,0
2023-08-29T00:41:02Z,22.80,55.77,51,8,29.31,101.49,268.00,1625.00,null,null,null
2023-08-29T00:42:02Z,22.80,55.80,51,8,27.45,101.50,273.00,1631.00,null,null,null
2023-08-29T00:43:02Z,22.80,55.86,51,8,24.76,101.49,273.00,1631.00,null,null,null
2023-08-29T00:44:02Z,22.78,55.86,51,8,25.16,101.49,273.00,1631.00,null,null,null
2023-08-29T00:45:02Z,22.80,55.79,51,8,26.82,101.49,268.00,1625.00,0,0,0
2023-08-29T00:46:02Z,22.77,55.85,51,8,24.19,101.49,268.00,1625.00,null,null,null
2023-08-29T00:47:02Z,22.78,55.80,51,8,29.48,101.49,268.00,1625.00,null,null,null
2023-08-29T00:48:02Z,22.80,55.82,51,8,22.99,101.49,268.00,1625.00,null,null,null
2023-08-29T00:49:02Z,22.78,55.80,51,8,23.35,101.49,273.00,1631.00,null,null,null
2023-08-29T00:50:02Z,22.78,55.84,51,8,21.49,101.49,268.00,1625.00,0,0,0
2023-08-29T00:51:02Z,22.81,55.82,51,8,22.43,101.49,263.00,1619.00,null,null,null
2023-08-29T00:52:02Z,22.78,55.81,51,8,28.15,101.49,263.00,1619.00,null,null,null
2023-08-29T00:53:02Z,22.80,55.83,51,8,25.35,101.49,263.00,1619.00,null,null,null
2023-08-29T00:54:02Z,22.80,55.84,51,8,26.91,101.49,263.00,1619.00,null,null,null
2023-08-29T00:55:02Z,22.78,55.83,51,8,24.54,101.49,263.00,1619.00,0,0,0
2023-08-29T00:56:02Z,22.80,55.91,51,8,25.41,101.49,258.00,1614.00,null,null,null
2023-08-29T00:57:02Z,22.81,55.87,51,8,27.80,101.49,263.00,1619.00,null,null,null
2023-08-29T00:58:02Z,22.80,55.85,51,8,23.90,101.49,258.00,1614.00,null,null,null
2023-08-29T00:59:02Z,22.80,55.87,51,8,26.76,101.49,258.00,1614.00,null,null,null
2023-08-29T01:00:02Z,22.80,55.84,51,8,26.11,101.49,254.00,1608.00,0,0,0
2023-08-29T01:01:02Z,22.80,55.88,51,8,28.09,101.49,254.00,1608.00,null,null,null
2023-08-29T01:02:02Z,22.78,55.85,51,8,27.06,101.49,254.00,1608.00,null,null,null
2023-08-29T01:03:02Z,22.81,55.84,51,8,26.21,101.49,254.00,1608.00,null,null,null
2023-08-29T01:04:02Z,22.80,55.82,51,8,34.04,101.49,254.00,1608.00,null,null,null
2023-08-29T01:05:02Z,22.83,55.84,51,8,26.67,101.49,246.00,1601.00,0,0,0
2023-08-29T01:06:02Z,22.78,55.84,51,8,22.24,101.50,246.00,1601.00,null,null,null
2023-08-29T01:07:02Z,22.83,55.85,51,8,26.24,101.49,246.00,1601.00,null,null,null
2023-08-29T01:08:02Z,22.84,55.82,51,8,24.35,101.49,242.00,1595.00,null,null,null
2023-08-29T01:09:02Z,22.80,55.86,51,8,26.82,101.49,242.00,1595.00,null,null,null
2023-08-29T01:10:02Z,22.81,55.90,51,8,27.55,101.49,238.00,1592.00,0,0,0
2023-08-29T01:11:02Z,22.83,55.86,51,8,22.83,101.49,238.00,1592.00,null,null,null
2023-08-29T01:12:02Z,22.81,55.85,51,8,23.72,101.49,238.00,1592.00,null,null,null
2023-08-29T01:13:02Z,22.80,55.91,51,8,29.03,101.49,238.00,1592.00,null,null,null
2023-08-29T01:14:02Z,22.81,55.89,51,8,23.68,101.49,238.00,1592.00,null,null,null
2023-08-29T01:15:02Z,22.80,55.91,51,8,22.18,101.49,238.00,1592.00,0,0,0
2023-08-29T01:16:02Z,22.81,55.89,51,8,24.43,101.49,238.00,1592.00,null,null,null
2023-08-29T01:17:02Z,22.84,55.86,51,8,22.72,101.49,238.00,1592.00,null,null,null
2023-08-29T01:18:02Z,22.80,55.81,51,8,26.48,101.49,232.00,1585.00,null,null,null
2023-08-29T01:19:02Z,22.81,55.94,51,8,23.68,101.49,232.00,1585.00,null,null,null
2023-08-29T01:20:02Z,22.83,55.90,51,8,21.41,101.49,232.00,1585.00,0,0,0
2023-08-29T01:21:02Z,22.81,55.87,51,8,26.36,101.49,228.00,1579.00,null,null,null
2023-08-29T01:22:02Z,22.81,55.82,51,8,24.54,101.49,228.00,1579.00,null,null,null
2023-08-29T01:23:02Z,22.85,55.88,51,8,22.94,101.49,223.00,1572.00,null,null,null
2023-08-29T01:24:02Z,22.80,55.93,51,0,25.84,101.50,223.00,1572.00,null,null,null
2023-08-29T01:25:02Z,22.80,55.90,51,0,29.96,101.49,223.00,1572.00,0,0,0
2023-08-29T01:26:02Z,22.84,55.94,51,0,29.76,101.49,214.00,1560.00,null,null,null
2023-08-29T01:27:02Z,22.80,55.93,51,0,28.31,101.48,228.00,1579.00,null,null,null
2023-08-29T01:28:02Z,22.83,55.91,51,0,30.50,101.48,223.00,1572.00,null,null,null
2023-08-29T01:29:02Z,22.83,55.91,51,0,26.64,101.47,223.00,1572.00,null,null,null
2023-08-29T01:30:02Z,22.81,55.94,51,0,26.11,101.47,223.00,1572.00,0,0,0
2023-08-29T01:31:02Z,22.83,55.91,51,0,25.79,101.46,218.00,1564.00,null,null,null
2023-08-29T01:32:02Z,22.83,55.93,51,0,25.59,101.45,218.00,1564.00,null,null,null
2023-08-29T01:33:02Z,22.83,55.90,51,0,25.50,101.45,218.00,1564.00,null,null,null
2023-08-29T01:34:02Z,22.84,55.93,51,0,22.24,101.45,214.00,1560.00,null,null,null
2023-08-29T01:35:02Z,22.81,55.96,51,0,27.10,101.45,214.00,1560.00,0,0,0
2023-08-29T01:36:02Z,22.84,55.94,51,0,27.99,101.45,214.00,1560.00,null,null,null
2023-08-29T01:37:02Z,22.83,55.86,51,0,25.35,101.45,214.00,1560.00,null,null,null
2023-08-29T01:38:02Z,22.83,55.93,50,0,26.24,101.45,214.00,1560.00,null,null,null
2023-08-29T01:39:02Z,22.84,55.91,51,0,25.90,101.45,214.00,1560.00,null,null,null
2023-08-29T01:40:02Z,22.85,55.94,51,0,25.73,101.45,210.00,1556.00,0,0,0
2023-08-29T01:41:02Z,22.84,55.93,51,0,25.41,101.44,210.00,1556.00,null,null,null
2023-08-29T01:42:02Z,22.84,55.91,51,0,23.05,101.44,210.00,1556.00,null,null,null
2023-08-29T01:43:02Z,22.83,55.97,51,0,28.23,101.44,210.00,1556.00,null,null,null
2023-08-29T01:44:02Z,22.83,56.00,51,0,28.67,101.44,206.00,1548.00,null,null,null
2023-08-29T01:45:02Z,22.84,55.96,51,0,26.69,101.44,206.00,1548.00,0,0,0
2023-08-29T01:46:02Z,22.84,55.91,51,0,27.89,101.43,206.00,1548.00,null,null,null
2023-08-29T01:47:02Z,22.83,55.93,50,0,23.49,101.43,206.00,1548.00,null,null,null
2023-08-29T01:48:02Z,22.84,55.89,51,0,24.11,101.43,206.00,1548.00,null,null,null
2023-08-29T01:49:02Z,22.84,55.91,51,0,25.65,101.44,206.00,1548.00,null,null,null
2023-08-29T01:50:02Z,22.84,55.91,51,0,26.06,101.43,206.00,1548.00,0,0,0
2023-08-29T01:51:02Z,22.84,55.93,50,0,26.00,101.43,201.00,1543.00,null,null,null
2023-08-29T01:52:02Z,22.84,55.93,50,0,28.39,101.43,201.00,1543.00,null,null,null
2023-08-29T01:53:02Z,22.85,55.93,51,0,25.06,101.44,201.00,1543.00,null,null,null
2023-08-29T01:54:02Z,22.83,55.93,51,0,23.54,101.44,201.00,1543.00,null,null,null
2023-08-29T01:55:02Z,22.84,55.94,51,0,23.20,101.44,197.00,1537.00,0,0,0
2023-08-29T01:56:02Z,22.85,55.95,51,0,27.94,101.44,197.00,1537.00,null,null,null
2023-08-29T01:57:02Z,22.85,55.91,51,0,28.66,101.44,197.00,1537.00,null,null,null
2023-08-29T01:58:02Z,22.83,55.84,51,0,21.71,101.44,193.00,1532.00,null,null,null
2023-08-29T01:59:02Z,22.84,55.92,51,0,25.50,101.44,197.00,1537.00,null,null,null
2023-08-29T02:00:02Z,22.83,55.94,51,0,22.61,101.44,193.00,1532.00,0,0,0
2023-08-29T02:01:02Z,22.84,55.94,50,0,20.67,101.44,193.00,1532.00,null,null,null
2023-08-29T02:02:02Z,22.85,55.90,50,0,26.84,101.44,189.00,1526.00,null,null,null
2023-08-29T02:03:02Z,22.85,55.94,51,0,29.91,101.44,189.00,1526.00,null,null,null
2023-08-29T02:04:02Z,22.87,55.95,51,0,24.39,101.45,186.00,1522.00,null,null,null
2023-08-29T02:05:02Z,22.84,55.94,50,0,27.08,101.44,193.00,1532.00,0,0,0
2023-08-29T02:06:02Z,22.85,55.92,50,0,25.84,101.44,189.00,1526.00,null,null,null
2023-08-29T02:07:02Z,22.87,55.93,50,0,26.93,101.44,193.00,1532.00,null,null,null
2023-08-29T02:08:02Z,22.84,55.91,50,0,26.93,101.44,189.00,1526.00,null,null,null
2023-08-29T02:09:02Z,22.85,55.94,50,0,26.38,101.44,189.00,1526.00,null,null,null
2023-08-29T02:10:02Z,22.85,55.94,51,0,24.83,101.44,189.00,1526.00,0,0,0
2023-08-29T02:11:02Z,22.84,55.97,50,0,24.23,101.44,186.00,1522.00,null,null,null
2023-08-29T02:12:02Z,22.85,55.94,51,0,23.59,101.45,189.00,1526.00,null,null,null
2023-08-29T02:13:02Z,22.84,55.96,50,0,26.82,101.44,189.00,1526.00,null,null,null
2023-08-29T02:14:02Z,22.85,55.95,51,0,23.72,101.44,186.00,1522.00,null,null,null
2023-08-29T02:15:02Z,22.83,56.00,51,0,22.72,101.44,186.00,1522.00,0,0,0
2023-08-29T02:16:02Z,22.85,55.96,50,0,29.35,101.44,186.00,1522.00,null,null,null
2023-08-29T02:17:02Z,22.87,55.88,51,0,25.56,101.44,186.00,1522.00,null,null,null
2023-08-29T02:18:02Z,22.85,55.95,51,0,23.30,101.44,182.00,1516.00,null,null,null
2023-08-29T02:19:02Z,22.84,55.96,50,0,30.62,101.44,186.00,1522.00,null,null,null
2023-08-29T02:20:02Z,22.83,55.93,50,0,26.55,101.44,182.00,1516.00,0,0,0
2023-08-29T02:21:02Z,22.85,55.95,50,0,25.09,101.44,182.00,1516.00,null,null,null
2023-08-29T02:22:02Z,22.85,55.94,50,0,28.14,101.44,182.00,1516.00,null,null,null
2023-08-29T02:23:02Z,22.87,56.00,51,0,25.03,101.44,182.00,1516.00,null,null,null
2023-08-29T02:24:02Z,22.85,55.99,51,0,24.58,101.44,178.00,1509.00,null,null,null
2023-08-29T02:25:02Z,22.85,55.96,51,0,26.34,101.44,178.00,1509.00,0,0,0
2023-08-29T02:26:02Z,22.85,55.95,50,0,24.07,101.44,178.00,1509.00,null,null,null
2023-08-29T02:27:02Z,22.85,55.94,50,0,26.19,101.44,178.00,1509.00,null,null,null
2023-08-29T02:28:02Z,22.87,55.94,51,0,31.86,101.44,178.00,1509.00,null,null,null
2023-08-29T02:29:02Z,22.84,56.01,50,0,23.49,101.44,178.00,1509.00,null,null,null
2023-08-29T02:30:02Z,22.84,55.95,50,0,26.29,101.44,178.00,1509.00,0,0,0
2023-08-29T02:31:02Z,22.84,55.98,50,0,27.16,101.43,178.00,1509.00,null,null,null
2023-08-29T02:32:02Z,22.85,55.93,50,0,27.51,101.44,178.00,1509.00,null,null,null
2023-08-29T02:33:02Z,22.85,55.98,50,0,24.19,101.44,175.00,1505.00,null,null,null
2023-08-29T02:34:02Z,22.85,55.95,50,0,26.67,101.43,175.00,1505.00,null,null,null
2023-08-29T02:35:02Z,22.84,55.93,50,0,35.83,101.44,175.00,1505.00,0,0,0
2023-08-29T02:36:02Z,22.84,55.99,50,0,23.86,101.43,175.00,1505.00,null,null,null
2023-08-29T02:37:02Z,22.84,55.93,50,0,26.41,101.43,175.00,1505.00,null,null,null
2023-08-29T02:38:02Z,22.84,55.98,50,0,25.67,101.43,175.00,1505.00,null,null,null
2023-08-29T02:39:02Z,22.83,55.94,50,0,24.35,101.43,171.00,1499.00,null,null,null
2023-08-29T02:40:02Z,22.85,55.92,50,0,23.59,101.44,171.00,1499.00,0,0,0
2023-08-29T02:41:02Z,22.83,55.93,50,0,28.73,101.43,171.00,1499.00,null,null,null
2023-08-29T02:42:02Z,22.85,55.93,50,0,24.23,101.44,167.00,1499.00,null,null,null
2023-08-29T02:43:02Z,22.84,55.94,50,0,23.59,101.44,171.00,1499.00,null,null,null
2023-08-29T02:44:02Z,22.85,55.98,50,0,28.39,101.44,171.00,1499.00,null,null,null
2023-08-29T02:45:02Z,22.84,56.00,50,0,29.28,101.44,171.00,1499.00,0,0,0
2023-08-29T02:46:02Z,22.84,55.98,50,0,24.93,101.43,167.00,1499.00,null,null,null
2023-08-29T02:47:02Z,22.85,55.95,50,0,26.19,101.44,167.00,1499.00,null,null,null
2023-08-29T02:48:02Z,22.85,55.92,50,0,23.77,101.44,167.00,1499.00,null,null,null
2023-08-29T02:49:02Z,22.84,55.99,50,0,27.99,101.43,167.00,1499.00,null,null,null
2023-08-29T02:50:02Z,22.84,55.96,50,0,26.62,101.44,167.00,1499.00,0,0,0
2023-08-29T02:51:02Z,22.85,55.99,50,0,23.49,101.44,164.00,1482.00,null,null,null
2023-08-29T02:52:02Z,22.87,55.99,50,0,24.54,101.44,164.00,1482.00,null,null,null
2023-08-29T02:53:02Z,22.84,55.95,50,0,34.27,101.44,164.00,1482.00,null,null,null
2023-08-29T02:54:02Z,22.84,56.00,50,0,25.09,101.44,164.00,1482.00,null,null,null
2023-08-29T02:55:02Z,22.84,55.98,50,0,24.54,101.44,164.00,1482.00,0,0,0
2023-08-29T02:56:02Z,22.83,56.01,50,0,25.87,101.44,164.00,1482.00,null,null,null
2023-08-29T02:57:02Z,22.84,55.97,50,0,26.57,101.44,161.00,1458.00,null,null,null
2023-08-29T02:58:02Z,22.83,55.94,50,0,28.39,101.43,161.00,1458.00,null,null,null
2023-08-29T02:59:02Z,22.85,56.01,50,0,22.49,101.43,161.00,1458.00,null,null,null
2023-08-29T03:00:02Z,22.84,56.00,50,0,26.67,101.43,161.00,1458.00,0,0,0
2023-08-29T03:01:02Z,22.85,55.96,50,0,27.26,101.42,161.00,1458.00,null,null,null
2023-08-29T03:02:02Z,22.84,55.95,50,0,25.62,101.43,161.00,1458.00,null,null,null
2023-08-29T03:03:02Z,22.84,55.94,50,0,29.13,101.43,161.00,1458.00,null,null,null
2023-08-29T03:04:02Z,22.84,55.99,50,0,26.64,101.42,161.00,1458.00,null,null,null
2023-08-29T03:05:02Z,22.84,56.04,50,0,28.76,101.42,157.00,1436.00,0,0,0
2023-08-29T03:06:02Z,22.83,55.99,50,0,26.89,101.42,157.00,1436.00,null,null,null
2023-08-29T03:07:02Z,22.84,55.95,50,0,24.86,101.43,157.00,1436.00,null,null,null
2023-08-29T03:08:02Z,22.83,56.00,50,0,33.45,101.43,157.00,1436.00,null,null,null
2023-08-29T03:09:02Z,22.84,56.02,50,0,24.31,101.43,157.00,1436.00,null,null,null
2023-08-29T03:10:02Z,22.84,56.01,50,0,29.92,101.44,157.00,1436.00,0,0,0
2023-08-29T03:11:02Z,22.84,55.94,50,0,23.90,101.44,157.00,1436.00,null,null,null
2023-08-29T03:12:02Z,22.84,55.98,50,0,23.77,101.44,157.00,1436.00,null,null,null
2023-08-29T03:13:02Z,22.85,55.95,50,0,26.36,101.44,154.00,1413.00,null,null,null
2023-08-29T03:14:02Z,22.83,56.01,50,0,24.58,101.44,157.00,1436.00,null,null,null
2023-08-29T03:15:02Z,22.83,56.04,50,0,25.79,101.43,154.00,1413.00,0,0,0
2023-08-29T03:16:02Z,22.84,56.00,50,0,22.49,101.44,154.00,1413.00,null,null,null
2023-08-29T03:17:02Z,22.85,56.04,50,0,27.16,101.44,154.00,1413.00,null,null,null
2023-08-29T03:18:02Z,22.85,56.01,50,0,26.82,101.43,151.00,1397.00,null,null,null
2023-08-29T03:19:02Z,22.81,56.03,50,0,29.48,101.43,151.00,1397.00,null,null,null
2023-08-29T03:20:02Z,22.84,56.01,50,0,29.18,101.43,151.00,1397.00,0,0,0
2023-08-29T03:21:02Z,22.83,55.98,50,0,25.95,101.43,151.00,1397.00,null,null,null
2023-08-29T03:22:02Z,22.85,56.01,50,0,27.28,101.43,154.00,1413.00,null,null,null
2023-08-29T03:23:02Z,22.84,56.05,50,0,21.26,101.43,151.00,1397.00,null,null,null
2023-08-29T03:24:02Z,22.84,56.05,50,0,25.00,101.43,151.00,1397.00,null,null,null
2023-08-29T03:25:02Z,22.83,56.03,50,0,27.16,101.43,151.00,1397.00,0,0,0
2023-08-29T03:26:02Z,22.84,56.01,50,0,22.99,101.43,151.00,1397.00,null,null,null
2023-08-29T03:27:02Z,22.84,56.04,50,0,26.50,101.43,151.00,1397.00,null,null,null
2023-08-29T03:28:02Z,22.83,56.08,50,0,23.72,101.43,151.00,1397.00,null,null,null
2023-08-29T03:29:02Z,22.84,55.99,50,0,24.58,101.43,151.00,1397.00,null,null,null
2023-08-29T03:30:02Z,22.84,56.06,50,0,24.79,101.43,148.00,1376.00,0,0,0
2023-08-29T03:31:02Z,22.87,56.06,50,0,23.54,101.43,148.00,1376.00,null,null,null
2023-08-29T03:32:02Z,22.84,56.05,50,0,30.41,101.43,148.00,1376.00,null,null,null
2023-08-29T03:33:02Z,22.84,56.08,50,0,26.03,101.42,148.00,1376.00,null,null,null
2023-08-29T03:34:02Z,22.83,56.00,50,0,24.83,101.43,148.00,1376.00,null,null,null
2023-08-29T03:35:02Z,22.81,56.03,50,0,27.28,101.42,148.00,1376.00,0,0,0
2023-08-29T03:36:02Z,22.84,56.05,50,0,24.15,101.42,148.00,1376.00,null,null,null
2023-08-29T03:37:02Z,22.85,56.08,50,0,26.71,101.42,148.00,1376.00,null,null,null
2023-08-29T03:38:02Z,22.85,56.10,50,0,28.60,101.42,148.00,1376.00,null,null,null
2023-08-29T03:39:02Z,22.83,56.10,50,0,26.29,101.42,148.00,1376.00,null,null,null
2023-08-29T03:40:02Z,22.83,56.08,50,0,27.38,101.41,148.00,1376.00,0,0,0
2023-08-29T03:41:02Z,22.85,56.05,50,0,24.31,101.41,148.00,1376.00,null,null,null
2023-08-29T03:42:02Z,22.84,56.09,50,0,29.03,101.41,148.00,1376.00,null,null,null
2023-08-29T03:43:02Z,22.85,56.06,50,0,26.84,101.41,148.00,1376.00,null,null,null
2023-08-29T03:44:02Z,22.83,56.09,50,0,25.32,101.40,148.00,1376.00,null,null,null
2023-08-29T03:45:02Z,22.81,56.12,50,0,37.96,101.41,148.00,1376.00,0,0,0
2023-08-29T03:46:02Z,22.85,56.09,50,0,24.31,101.40,148.00,1376.00,null,null,null
2023-08-29T03:47:02Z,22.84,56.08,50,0,37.23,101.40,148.00,1376.00,null,null,null
2023-08-29T03:48:02Z,22.84,56.11,50,0,25.19,101.40,148.00,1376.00,null,null,null
2023-08-29T03:49:02Z,22.83,56.10,50,0,23.63,101.40,148.00,1376.00,null,null,null
2023-08-29T03:50:02Z,22.83,56.10,50,0,23.72,101.39,148.00,1376.00,0,0,0
2023-08-29T03:51:02Z,22.85,56.11,50,0,27.20,101.40,145.00,1356.00,null,null,null
2023-08-29T03:52:02Z,22.85,56.06,50,0,26.60,101.40,148.00,1376.00,null,null,null
2023-08-29T03:53:02Z,22.84,56.09,50,0,24.83,101.40,145.00,1356.00,null,null,null
2023-08-29T03:54:02Z,22.83,56.10,50,0,23.49,101.39,145.00,1356.00,null,null,null
2023-08-29T03:55:02Z,22.83,56.10,50,0,42.25,101.40,145.00,1356.00,0,0,0
2023-08-29T03:56:02Z,22.84,56.13,50,0,26.55,101.39,142.00,1334.00,null,null,null
2023-08-29T03:57:02Z,22.85,56.11,50,0,27.78,101.39,142.00,1334.00,null,null,null
2023-08-29T03:58:02Z,22.84,56.12,50,0,23.05,101.39,148.00,1376.00,null,null,null
2023-08-29T03:59:02Z,22.85,56.11,50,0,28.04,101.39,145.00,1356.00,null,null,null
2023-08-29T04:00:02Z,22.81,56.15,50,0,35.11,101.40,145.00,1356.00,0,0,0
2023-08-29T04:01:02Z,22.84,56.15,50,0,28.17,101.40,145.00,1356.00,null,null,null
2023-08-29T04:02:02Z,22.85,56.14,50,0,24.68,101.39,145.00,1356.00,null,null,null
2023-08-29T04:03:02Z,22.84,56.17,50,0,26.38,101.40,145.00,1356.00,null,null,null
2023-08-29T04:04:02Z,22.84,56.16,50,0,23.86,101.40,145.00,1356.00,null,null,null
2023-08-29T04:05:02Z,22.83,56.12,50,0,24.39,101.40,145.00,1356.00,0,0,0
2023-08-29T04:06:02Z,22.84,56.14,50,0,24.58,101.40,142.00,1334.00,null,null,null
2023-08-29T04:07:02Z,22.85,56.15,50,0,23.59,101.40,145.00,1356.00,null,null,null
2023-08-29T04:08:02Z,22.84,56.15,50,0,23.77,101.40,145.00,1356.00,null,null,null
2023-08-29T04:09:02Z,22.85,56.13,50,0,25.29,101.40,145.00,1356.00,null,null,null
2023-08-29T04:10:02Z,22.84,56.16,50,0,22.66,101.40,142.00,1334.00,0,0,0
2023-08-29T04:11:02Z,22.81,56.16,50,0,42.66,101.40,142.00,1334.00,null,null,null
2023-08-29T04:12:02Z,22.85,56.16,50,0,24.03,101.40,142.00,1334.00,null,null,null
2023-08-29T04:13:02Z,22.84,56.17,50,0,23.45,101.40,142.00,1334.00,null,null,null
2023-08-29T04:14:02Z,22.84,56.14,49,0,24.72,101.40,142.00,1334.00,null,null,null
2023-08-29T04:15:02Z,22.81,56.21,50,0,30.93,101.40,142.00,1334.00,0,0,0
2023-08-29T04:16:02Z,22.83,56.15,50,0,27.49,101.40,142.00,1334.00,null,null,null
2023-08-29T04:17:02Z,22.85,56.16,50,0,41.45,101.40,142.00,1334.00,null,null,null
2023-08-29T04:18:02Z,22.84,56.15,50,0,25.65,101.40,142.00,1334.00,null,null,null
2023-08-29T04:19:02Z,22.84,56.20,50,0,27.12,101.40,142.00,1334.00,null,null,null
2023-08-29T04:20:02Z,22.84,56.17,50,0,29.53,101.39,142.00,1334.00,0,0,0
2023-08-29T04:21:02Z,22.85,56.19,50,0,24.23,101.40,142.00,1334.00,null,null,null
2023-08-29T04:22:02Z,22.85,56.21,50,0,24.83,101.40,142.00,1334.00,null,null,null
2023-08-29T04:23:02Z,22.83,56.26,50,0,26.95,101.40,142.00,1334.00,null,null,null
2023-08-29T04:24:02Z,22.85,56.22,50,0,33.20,101.40,139.00,1313.00,null,null,null
2023-08-29T04:25:02Z,22.84,56.22,50,0,28.14,101.40,142.00,1334.00,0,0,0
2023-08-29T04:26:02Z,22.84,56.23,50,0,30.91,101.41,142.00,1334.00,null,null,null
2023-08-29T04:27:02Z,22.84,56.16,49,0,29.67,101.40,142.00,1334.00,null,null,null
2023-08-29T04:28:02Z,22.85,56.22,50,0,30.51,101.40,142.00,1334.00,null,null,null
2023-08-29T04:29:02Z,22.83,56.21,49,0,34.02,101.40,142.00,1334.00,null,null,null
2023-08-29T04:30:02Z,22.81,56.26,49,0,26.57,101.41,142.00,1334.00,0,0,0
2023-08-29T04:31:02Z,22.85,56.27,50,0,26.95,101.40,139.00,1313.00,null,null,null
2023-08-29T04:32:02Z,22.84,56.21,50,0,26.53,101.40,139.00,1313.00,null,null,null
2023-08-29T04:33:02Z,22.83,56.21,49,0,27.32,101.41,139.00,1313.00,null,null,null
2023-08-29T04:34:02Z,22.84,56.25,49,0,29.56,101.40,142.00,1334.00,null,null,null
2023-08-29T04:35:02Z,22.83,56.25,50,0,23.35,101.40,142.00,1334.00,0,0,0
2023-08-29T04:36:02Z,22.85,56.20,49,0,36.74,101.40,136.00,1295.00,null,null,null
2023-08-29T04:37:02Z,22.84,56.24,50,0,33.47,101.40,142.00,1334.00,null,null,null
2023-08-29T04:38:02Z,22.83,56.22,49,0,23.59,101.39,142.00,1334.00,null,null,null
2023-08-29T04:39:02Z,22.84,56.31,49,0,21.99,101.39,142.00,1334.00,null,null,null
2023-08-29T04:40:02Z,22.81,56.25,49,0,40.20,101.40,139.00,1313.00,0,0,0
2023-08-29T04:41:02Z,22.85,56.27,49,0,24.15,101.39,136.00,1295.00,null,null,null
2023-08-29T04:42:02Z,22.83,56.27,50,0,27.71,101.39,128.00,1242.00,null,null,null
2023-08-29T04:43:02Z,22.84,56.28,50,0,24.43,101.39,117.00,1174.00,null,null,null
2023-08-29T04:44:02Z,22.83,56.25,50,0,26.03,101.39,117.00,1174.00,null,null,null
2023-08-29T04:45:02Z,22.83,56.26,50,0,24.72,101.39,117.00,1168.00,0,0,0
2023-08-29T04:46:02Z,22.85,56.27,49,0,24.76,101.40,117.00,1174.00,null,null,null
2023-08-29T04:47:02Z,22.81,56.28,49,0,25.65,101.40,117.00,1174.00,null,null,null
2023-08-29T04:48:02Z,22.84,56.31,49,0,22.78,101.39,117.00,1174.00,null,null,null
2023-08-29T04:49:02Z,22.83,56.27,49,0,26.87,101.39,117.00,1168.00,null,null,null
2023-08-29T04:50:02Z,22.84,56.31,49,0,27.47,101.39,117.00,1168.00,0,0,0
2023-08-29T04:51:02Z,22.83,56.31,49,0,32.39,101.40,117.00,1168.00,null,null,null
2023-08-29T04:52:02Z,22.84,56.27,49,0,25.06,101.40,117.00,1174.00,null,null,null
2023-08-29T04:53:02Z,22.84,56.32,49,0,26.29,101.40,117.00,1168.00,null,null,null
2023-08-29T04:54:02Z,22.84,56.28,49,0,30.65,101.40,117.00,1168.00,null,null,null
2023-08-29T04:55:02Z,22.84,56.31,49,0,35.85,101.40,117.00,1168.00,0,0,0
2023-08-29T04:56:02Z,22.83,56.31,49,0,27.45,101.40,117.00,1168.00,null,null,null
2023-08-29T04:57:02Z,22.81,56.31,49,0,29.61,101.40,117.00,1168.00,null,null,null
2023-08-29T04:58:02Z,22.83,56.33,49,0,27.02,101.40,117.00,1168.00,null,null,null
2023-08-29T04:59:02Z,22.84,56.33,49,0,28.27,101.40,117.00,1168.00,null,null,null
2023-08-29T05:00:02Z,22.83,56.38,49,0,38.82,101.40,117.00,1168.00,0,0,0
2023-08-29T05:01:02Z,22.84,56.37,49,0,26.36,101.41,113.00,1147.00,null,null,null
2023-08-29T05:02:02Z,22.84,56.32,49,0,34.89,101.41,117.00,1168.00,null,null,null
2023-08-29T05:03:02Z,22.85,56.33,49,0,30.28,101.41,113.00,1147.00,null,null,null
2023-08-29T05:04:02Z,22.83,56.34,49,0,31.50,101.41,117.00,1168.00,null,null,null
2023-08-29T05:05:02Z,22.83,56.38,49,0,29.93,101.41,113.00,1147.00,0,0,0
2023-08-29T05:06:02Z,22.84,56.37,49,0,27.24,101.41,117.00,1168.00,null,null,null
2023-08-29T05:07:02Z,22.84,56.36,49,0,33.36,101.41,117.00,1168.00,null,null,null
2023-08-29T05:08:02Z,22.84,56.38,49,0,25.62,101.42,113.00,1147.00,null,null,null
2023-08-29T05:09:02Z,22.83,56.40,49,0,27.99,101.42,117.00,1174.00,null,null,null
2023-08-29T05:10:02Z,22.83,56.41,49,0,null,101.42,113.00,1147.00,0,0,0
2023-08-29T05:11:02Z,22.83,56.43,49,0,31.45,101.42,113.00,1147.00,null,null,null
2023-08-29T05:12:02Z,22.83,56.47,49,0,32.15,101.42,113.00,1147.00,null,null,null
2023-08-29T05:13:02Z,22.83,56.51,49,0,29.00,101.42,117.00,1174.00,null,null,null
2023-08-29T05:14:02Z,22.85,56.49,49,0,28.77,101.43,121.00,1198.00,null,null,null
2023-08-29T05:15:02Z,22.80,56.50,49,0,30.50,101.43,121.00,1198.00,0,0,0
2023-08-29T05:16:02Z,22.84,56.47,49,0,29.08,101.43,120.00,1188.00,null,null,null
2023-08-29T05:17:02Z,22.83,56.47,49,0,40.04,101.43,120.00,1188.00,null,null,null
2023-08-29T05:18:02Z,22.84,56.47,49,0,29.31,101.43,120.00,1188.00,null,null,null
2023-08-29T05:19:02Z,22.84,56.50,49,0,30.84,101.43,121.00,1198.00,null,null,null
2023-08-29T05:20:02Z,22.84,56.52,49,0,28.77,101.43,124.00,1215.00,0,0,0
2023-08-29T05:21:02Z,22.84,56.48,49,0,26.82,101.43,121.00,1198.00,null,null,null
2023-08-29T05:22:02Z,22.84,56.49,49,0,32.06,101.43,121.00,1198.00,null,null,null
2023-08-29T05:23:02Z,22.84,56.49,49,0,26.76,101.43,120.00,1188.00,null,null,null
2023-08-29T05:24:02Z,22.84,56.50,49,0,27.40,101.43,120.00,1188.00,null,null,null
2023-08-29T05:25:02Z,22.83,56.54,49,0,27.42,101.43,120.00,1188.00,0,0,0
2023-08-29T05:26:02Z,22.84,56.52,49,0,35.31,101.43,120.00,1188.00,null,null,null
2023-08-29T05:27:02Z,22.84,56.51,49,0,29.48,101.44,121.00,1198.00,null,null,null
2023-08-29T05:28:02Z,22.83,56.57,49,0,34.34,101.43,124.00,1215.00,null,null,null
2023-08-29T05:29:02Z,22.83,56.53,49,0,41.43,101.44,120.00,1188.00,null,null,null
2023-08-29T05:30:02Z,22.84,56.59,49,0,31.03,101.44,121.00,1198.00,0,0,0
2023-08-29T05:31:02Z,22.83,56.58,49,0,40.85,101.44,124.00,1215.00,null,null,null
2023-08-29T05:32:02Z,22.84,56.55,49,0,26.87,101.44,121.00,1198.00,null,null,null
2023-08-29T05:33:02Z,22.83,56.58,49,0,25.92,101.44,124.00,1215.00,null,null,null
2023-08-29T05:34:02Z,22.84,56.57,49,0,34.13,101.44,121.00,1198.00,null,null,null
2023-08-29T05:35:02Z,22.83,56.59,49,0,34.16,101.44,124.00,1215.00,0,0,0
2023-08-29T05:36:02Z,22.84,56.64,49,0,42.96,101.44,121.00,1198.00,null,null,null
2023-08-29T05:37:02Z,22.87,56.62,49,0,33.19,101.44,124.00,1215.00,null,null,null
2023-08-29T05:38:02Z,22.83,56.67,49,0,33.91,101.44,124.00,1215.00,null,null,null
2023-08-29T05:39:02Z,22.84,56.64,49,0,29.08,101.44,126.00,1231.00,null,null,null
2023-08-29T05:40:02Z,22.83,56.62,49,0,26.73,101.45,126.00,1231.00,0,0,0
2023-08-29T05:41:02Z,22.85,56.64,48,0,41.50,101.45,124.00,1215.00,null,null,null
2023-08-29T05:42:02Z,22.83,56.63,48,0,36.64,101.45,124.00,1215.00,null,null,null
2023-08-29T05:43:02Z,22.84,56.61,49,0,38.75,101.45,126.00,1231.00,null,null,null
2023-08-29T05:44:02Z,22.84,56.56,49,0,32.41,101.45,124.00,1215.00,null,null,null
2023-08-29T05:45:02Z,22.83,56.60,49,0,34.11,101.45,124.00,1215.00,0,0,0
2023-08-29T05:46:02Z,22.84,56.59,49,0,28.57,101.45,126.00,1231.00,null,null,null
2023-08-29T05:47:02Z,22.84,56.62,49,0,31.20,101.45,124.00,1215.00,null,null,null
2023-08-29T05:48:02Z,22.85,56.62,49,0,32.78,101.45,121.00,1198.00,null,null,null
2023-08-29T05:49:02Z,22.81,56.62,49,0,28.70,101.45,121.00,1198.00,null,null,null
2023-08-29T05:50:02Z,22.81,56.67,48,0,40.16,101.45,121.00,1198.00,0,0,0
2023-08-29T05:51:02Z,22.83,56.65,49,0,28.81,101.45,126.00,1231.00,null,null,null
2023-08-29T05:52:02Z,22.84,56.62,49,0,45.24,101.45,124.00,1215.00,null,null,null
2023-08-29T05:53:02Z,22.85,56.63,48,0,30.18,101.45,126.00,1231.00,null,null,null
2023-08-29T05:54:02Z,22.83,56.68,49,0,38.36,101.46,126.00,1231.00,null,null,null
2023-08-29T05:55:02Z,22.85,56.63,49,0,34.65,101.46,124.00,1215.00,0,0,0
2023-08-29T05:56:02Z,22.81,56.68,48,0,27.18,101.46,120.00,1188.00,null,null,null
2023-08-29T05:57:02Z,22.83,56.62,49,0,50.69,101.45,121.00,1198.00,null,null,null
2023-08-29T05:58:02Z,22.83,56.72,48,0,38.19,101.45,124.00,1215.00,null,null,null
2023-08-29T05:59:02Z,22.84,56.62,48,0,34.20,101.45,124.00,1215.00,null,null,null
2023-08-29T06:00:02Z,22.83,56.63,49,0,36.47,101.45,126.00,1231.00,0,0,0
2023-08-29T06:01:02Z,22.83,56.70,48,0,29.81,101.44,124.00,1215.00,null,null,null
2023-08-29T06:02:02Z,22.84,56.64,48,0,35.37,101.44,121.00,1198.00,null,null,null
2023-08-29T06:03:02Z,22.84,56.67,49,0,29.61,101.44,121.00,1198.00,null,null,null
2023-08-29T06:04:02Z,22.83,56.68,48,0,41.54,101.44,121.00,1198.00,null,null,null
2023-08-29T06:05:02Z,22.81,56.68,48,0,30.70,101.44,124.00,1215.00,0,0,0
2023-08-29T06:06:02Z,22.84,56.68,48,0,30.48,101.44,124.00,1215.00,null,null,null
2023-08-29T06:07:02Z,22.83,56.70,48,0,32.36,101.44,126.00,1231.00,null,null,null
2023-08-29T06:08:02Z,22.80,56.66,48,0,47.16,101.44,126.00,1231.00,null,null,null
2023-08-29T06:09:02Z,22.81,56.74,49,0,33.42,101.44,128.00,1242.00,null,null,null
2023-08-29T06:10:02Z,22.83,56.75,48,0,30.94,101.44,130.00,1255.00,0,0,0
2023-08-29T06:11:02Z,22.83,56.79,48,0,29.79,101.44,139.00,1313.00,null,null,null
2023-08-29T06:12:02Z,22.83,56.84,48,0,30.21,101.44,143.00,1345.00,null,null,null
2023-08-29T06:13:02Z,22.83,56.83,49,0,30.61,101.44,147.00,1367.00,null,null,null
2023-08-29T06:14:02Z,22.80,56.80,49,0,31.52,101.44,151.00,1393.00,null,null,null
2023-08-29T06:15:02Z,22.80,56.82,48,0,25.59,101.44,152.00,1400.00,0,0,0
2023-08-29T06:16:02Z,22.84,56.81,49,0,26.03,101.44,152.00,1400.00,null,null,null
2023-08-29T06:17:02Z,22.84,56.76,48,0,33.32,101.44,154.00,1416.00,null,null,null
2023-08-29T06:18:02Z,22.81,56.78,48,0,29.00,101.44,152.00,1400.00,null,null,null
2023-08-29T06:19:02Z,22.83,56.79,48,0,33.97,101.44,152.00,1400.00,null,null,null
2023-08-29T06:20:02Z,22.81,56.79,48,0,39.09,101.44,152.00,1400.00,0,0,0
2023-08-29T06:21:02Z,22.81,56.79,48,0,34.77,101.44,151.00,1393.00,null,null,null
2023-08-29T06:22:02Z,22.83,56.82,49,0,30.44,101.44,151.00,1393.00,null,null,null
2023-08-29T06:23:02Z,22.83,56.77,48,0,29.74,101.44,151.00,1393.00,null,null,null
2023-08-29T06:24:02Z,22.81,56.84,48,0,27.82,101.44,147.00,1367.00,null,null,null
2023-08-29T06:25:02Z,22.81,56.84,49,0,28.40,101.45,147.00,1367.00,0,0,0
2023-08-29T06:26:02Z,22.80,56.85,48,0,28.27,101.45,145.00,1352.00,null,null,null
2023-08-29T06:27:02Z,22.83,56.80,48,0,33.80,101.45,143.00,1345.00,null,null,null
2023-08-29T06:28:02Z,22.80,56.79,48,0,39.00,101.45,143.00,1345.00,null,null,null
2023-08-29T06:29:02Z,22.80,56.82,48,0,29.57,101.45,151.00,1393.00,null,null,null
2023-08-29T06:30:02Z,22.77,56.86,48,0,29.15,101.45,145.00,1352.00,0,0,0
2023-08-29T06:31:02Z,22.80,56.80,48,0,38.15,101.45,141.00,1330.00,null,null,null
2023-08-29T06:32:02Z,22.80,56.80,48,0,26.16,101.45,143.00,1345.00,null,null,null
2023-08-29T06:33:02Z,22.80,56.84,48,0,23.35,101.45,143.00,1345.00,null,null,null
2023-08-29T06:34:02Z,22.78,56.83,48,0,28.20,101.45,143.00,1345.00,null,null,null
2023-08-29T06:35:02Z,22.81,56.82,48,0,31.18,101.45,143.00,1345.00,0,0,0
2023-08-29T06:36:02Z,22.83,56.87,48,0,25.47,101.45,141.00,1330.00,null,null,null
2023-08-29T06:37:02Z,22.83,56.82,48,0,33.88,101.45,141.00,1330.00,null,null,null
2023-08-29T06:38:02Z,22.81,56.86,48,0,33.64,101.45,141.00,1330.00,null,null,null
2023-08-29T06:39:02Z,22.80,56.85,48,0,35.02,101.45,141.00,1330.00,null,null,null
2023-08-29T06:40:02Z,22.78,56.82,48,0,26.91,101.45,141.00,1330.00,0,0,0
2023-08-29T06:41:02Z,22.80,56.82,48,0,29.72,101.45,141.00,1330.00,null,null,null
2023-08-29T06:42:02Z,22.81,56.85,48,0,26.46,101.45,141.00,1330.00,null,null,null
2023-08-29T06:43:02Z,22.81,56.78,48,0,27.28,101.45,141.00,1330.00,null,null,null
2023-08-29T06:44:02Z,22.78,56.84,48,0,35.72,101.45,141.00,1330.00,null,null,null
2023-08-29T06:45:02Z,22.80,56.85,48,0,29.96,101.45,139.00,1313.00,0,0,0
2023-08-29T06:46:02Z,22.80,56.88,48,0,31.04,101.45,139.00,1313.00,null,null,null
2023-08-29T06:47:02Z,22.81,56.82,48,0,28.07,101.45,139.00,1313.00,null,null,null
2023-08-29T06:48:02Z,22.80,56.88,48,0,27.45,101.45,139.00,1313.00,null,null,null
2023-08-29T06:49:02Z,22.80,56.84,48,0,29.61,101.45,137.00,1302.00,null,null,null
2023-08-29T06:50:02Z,22.80,56.90,48,0,30.77,101.45,137.00,1302.00,0,0,0
2023-08-29T06:51:02Z,22.78,56.87,48,0,26.71,101.45,137.00,1302.00,null,null,null
2023-08-29T06:52:02Z,22.81,56.88,48,0,30.39,101.45,137.00,1302.00,null,null,null
2023-08-29T06:53:02Z,22.77,56.88,48,0,39.63,101.45,137.00,1302.00,null,null,null
2023-08-29T06:54:02Z,22.78,56.88,48,0,29.09,101.44,137.00,1302.00,null,null,null
2023-08-29T06:55:02Z,22.78,56.92,48,0,31.00,101.44,135.00,1288.00,0,0,0
2023-08-29T06:56:02Z,22.81,56.91,48,0,29.13,101.44,137.00,1302.00,null,null,null
2023-08-29T06:57:02Z,22.80,56.87,48,0,28.84,101.44,135.00,1288.00,null,null,null
2023-08-29T06:58:02Z,22.80,56.91,48,0,30.65,101.44,137.00,1302.00,null,null,null
2023-08-29T06:59:02Z,22.80,56.91,48,0,29.09,101.44,135.00,1288.00,null,null,null
2023-08-29T07:00:02Z,22.81,56.90,48,0,28.61,101.44,135.00,1288.00,0,0,0
2023-08-29T07:01:02Z,22.81,56.96,48,0,30.14,101.43,135.00,1288.00,null,null,null
2023-08-29T07:02:02Z,22.77,56.91,48,0,26.24,101.43,133.00,1274.00,null,null,null
2023-08-29T07:03:02Z,22.80,56.97,48,0,36.31,101.43,133.00,1274.00,null,null,null
2023-08-29T07:04:02Z,22.81,56.99,48,0,30.84,101.44,133.00,1274.00,null,null,null
2023-08-29T07:05:02Z,22.77,56.96,48,0,34.35,101.43,133.00,1274.00,0,0,0
2023-08-29T07:06:02Z,22.78,56.96,48,0,26.34,101.43,133.00,1274.00,null,null,null
2023-08-29T07:07:02Z,22.80,56.97,48,0,28.74,101.43,133.00,1274.00,null,null,null
2023-08-29T07:08:02Z,22.77,56.96,48,0,38.92,101.43,133.00,1274.00,null,null,null
2023-08-29T07:09:02Z,22.77,56.98,48,0,27.26,101.43,133.00,1274.00,null,null,null
2023-08-29T07:10:02Z,22.78,57.02,48,0,27.57,101.43,133.00,1274.00,0,0,0
2023-08-29T07:11:02Z,22.78,56.93,48,0,28.48,101.43,128.00,1245.00,null,null,null
2023-08-29T07:12:02Z,22.78,56.93,48,0,31.15,101.44,131.00,1262.00,null,null,null
2023-08-29T07:13:02Z,22.78,56.98,48,0,29.03,101.44,131.00,1262.00,null,null,null
2023-08-29T07:14:02Z,22.78,56.99,48,0,32.30,101.44,131.00,1262.00,null,null,null
2023-08-29T07:15:02Z,22.78,57.02,48,0,29.32,101.43,128.00,1245.00,0,0,0
2023-08-29T07:16:02Z,22.77,57.01,48,0,33.34,101.44,128.00,1245.00,null,null,null
2023-08-29T07:17:02Z,22.78,56.97,48,0,31.13,101.44,128.00,1245.00,null,null,null
2023-08-29T07:18:02Z,22.78,57.00,48,0,33.48,101.44,128.00,1245.00,null,null,null
2023-08-29T07:19:02Z,22.77,57.00,48,0,30.82,101.44,128.00,1245.00,null,null,null
2023-08-29T07:20:02Z,22.75,57.03,48,0,29.97,101.44,126.00,1231.00,0,0,0
2023-08-29T07:21:02Z,22.75,57.01,48,0,27.34,101.44,126.00,1231.00,null,null,null
2023-08-29T07:22:02Z,22.78,57.04,48,0,29.54,101.44,126.00,1231.00,null,null,null
2023-08-29T07:23:02Z,22.78,57.00,48,0,28.80,101.43,126.00,1231.00,null,null,null
2023-08-29T07:24:02Z,22.80,57.03,48,0,32.51,101.43,126.00,1231.00,null,null,null
2023-08-29T07:25:02Z,22.77,57.02,48,0,39.01,101.43,126.00,1231.00,0,0,0
2023-08-29T07:26:02Z,22.77,57.04,48,0,40.17,101.43,124.00,1220.00,null,null,null
2023-08-29T07:27:02Z,22.80,57.03,48,0,46.19,101.42,124.00,1220.00,null,null,null
2023-08-29T07:28:02Z,22.78,57.01,48,0,28.48,101.43,124.00,1220.00,null,null,null
2023-08-29T07:29:02Z,22.78,57.06,48,0,39.32,101.43,124.00,1220.00,null,null,null
2023-08-29T07:30:02Z,22.77,57.09,48,0,24.93,101.42,124.00,1220.00,0,0,0
2023-08-29T07:31:02Z,22.77,57.09,48,0,26.55,101.42,124.00,1220.00,null,null,null
2023-08-29T07:32:02Z,22.78,57.03,48,0,36.21,101.42,122.00,1204.00,null,null,null
2023-08-29T07:33:02Z,22.77,57.09,48,0,27.49,101.42,122.00,1204.00,null,null,null
2023-08-29T07:34:02Z,22.75,57.07,48,0,25.03,101.42,122.00,1204.00,null,null,null
2023-08-29T07:35:02Z,22.78,57.10,48,0,43.31,101.43,122.00,1204.00,0,0,0
2023-08-29T07:36:02Z,22.75,57.09,48,0,27.77,101.42,122.00,1204.00,null,null,null
2023-08-29T07:37:02Z,22.77,57.09,48,0,39.78,101.42,124.00,1220.00,null,null,null
2023-08-29T07:38:02Z,22.77,57.09,48,0,40.07,101.42,122.00,1204.00,null,null,null
2023-08-29T07:39:02Z,22.77,57.11,48,0,29.43,101.43,122.00,1204.00,null,null,null
2023-08-29T07:40:02Z,22.77,57.14,48,0,28.50,101.43,122.00,1204.00,0,0,0
2023-08-29T07:41:02Z,22.74,57.15,47,0,31.01,101.42,120.00,1188.00,null,null,null
2023-08-29T07:42:02Z,22.78,57.13,48,0,25.56,101.42,128.00,1242.00,null,null,null
2023-08-29T07:43:02Z,22.75,57.12,48,0,36.32,101.42,128.00,1242.00,null,null,null
2023-08-29T07:44:02Z,22.78,57.15,48,0,38.04,101.41,126.00,1231.00,null,null,null
2023-08-29T07:45:02Z,22.74,57.16,47,0,32.28,101.41,122.00,1204.00,0,0,0
2023-08-29T07:46:02Z,22.75,57.15,47,0,29.95,101.41,128.00,1242.00,null,null,null
2023-08-29T07:47:02Z,22.80,57.15,48,0,32.47,101.41,124.00,1220.00,null,null,null
2023-08-29T07:48:02Z,22.78,57.16,48,0,25.50,101.41,122.00,1204.00,null,null,null
2023-08-29T07:49:02Z,22.75,57.16,48,0,32.50,101.41,122.00,1204.00,null,null,null
2023-08-29T07:50:02Z,22.75,57.19,48,0,33.76,101.40,122.00,1204.00,0,0,0
2023-08-29T07:51:02Z,22.78,57.19,48,0,32.75,101.41,120.00,1188.00,null,null,null
2023-08-29T07:52:02Z,22.75,57.17,48,0,33.63,101.41,122.00,1204.00,null,null,null
2023-08-29T07:53:02Z,22.74,57.23,48,0,24.89,101.40,122.00,1204.00,null,null,null
2023-08-29T07:54:02Z,22.78,57.17,48,0,32.24,101.41,128.00,1242.00,null,null,null
2023-08-29T07:55:02Z,22.77,57.20,48,0,34.01,101.40,122.00,1204.00,0,0,0
2023-08-29T07:56:02Z,22.78,57.17,47,0,26.46,101.40,122.00,1204.00,null,null,null
2023-08-29T07:57:02Z,22.78,57.19,47,0,38.34,101.40,122.00,1204.00,null,null,null
2023-08-29T07:58:02Z,22.77,57.21,47,0,30.47,101.41,122.00,1204.00,null,null,null
2023-08-29T07:59:02Z,22.77,57.20,48,0,29.36,101.41,120.00,1188.00,null,null,null
2023-08-29T08:00:02Z,22.75,57.23,48,0,33.89,101.41,122.00,1204.00,0,0,0
2023-08-29T08:01:02Z,22.77,57.17,48,0,30.91,101.40,120.00,1188.00,null,null,null
2023-08-29T08:02:02Z,22.78,57.23,47,0,26.57,101.40,120.00,1188.00,null,null,null
2023-08-29T08:03:02Z,22.77,57.19,48,0,28.81,101.40,120.00,1188.00,null,null,null
2023-08-29T08:04:02Z,22.75,57.15,47,0,43.05,101.41,120.00,1188.00,null,null,null
2023-08-29T08:05:02Z,22.77,57.19,48,0,31.20,101.41,120.00,1188.00,0,0,0
2023-08-29T08:06:02Z,22.80,57.19,47,0,26.84,101.41,118.00,1178.00,null,null,null
2023-08-29T08:07:02Z,22.78,57.21,47,0,28.93,101.41,118.00,1178.00,null,null,null
2023-08-29T08:08:02Z,22.77,57.19,47,0,31.11,101.41,118.00,1178.00,null,null,null
2023-08-29T08:09:02Z,22.78,57.23,47,0,71.02,101.41,118.00,1178.00,null,null,null
2023-08-29T08:10:02Z,22.75,57.25,48,0,30.51,101.41,118.00,1178.00,0,0,0
2023-08-29T08:11:02Z,22.75,57.24,47,0,30.60,101.41,116.00,1163.00,null,null,null
2023-08-29T08:12:02Z,22.77,57.28,48,0,30.15,101.40,120.00,1188.00,null,null,null
2023-08-29T08:13:02Z,22.78,57.26,47,0,37.22,101.41,117.00,1174.00,null,null,null
2023-08-29T08:14:02Z,22.78,57.28,47,0,29.68,101.41,117.00,1174.00,null,null,null
2023-08-29T08:15:02Z,22.75,57.30,47,0,28.81,101.41,117.00,1174.00,0,0,0
2023-08-29T08:16:02Z,22.74,57.24,47,0,41.90,101.41,117.00,1174.00,null,null,null
2023-08-29T08:17:02Z,22.75,57.26,47,0,28.74,101.40,127.00,1235.00,null,null,null
2023-08-29T08:18:02Z,22.77,57.23,48,0,25.44,101.41,117.00,1174.00,null,null,null
2023-08-29T08:19:02Z,22.77,57.21,48,0,29.49,101.41,122.00,1204.00,null,null,null
2023-08-29T08:20:02Z,22.74,57.26,47,0,30.21,101.41,122.00,1204.00,0,0,0
2023-08-29T08:21:02Z,22.75,57.24,47,0,31.63,101.41,122.00,1204.00,null,null,null
2023-08-29T08:22:02Z,22.75,57.21,47,0,36.65,101.41,124.00,1220.00,null,null,null
2023-08-29T08:23:02Z,22.75,57.22,47,0,28.71,101.41,120.00,1188.00,null,null,null
2023-08-29T08:24:02Z,22.75,57.25,47,0,27.92,101.41,120.00,1188.00,null,null,null
2023-08-29T08:25:02Z,22.75,57.19,48,0,41.16,101.40,117.00,1174.00,0,0,0
2023-08-29T08:26:02Z,22.77,57.19,47,0,33.04,101.40,124.00,1220.00,null,null,null
2023-08-29T08:27:02Z,22.77,57.21,47,0,32.82,101.40,120.00,1188.00,null,null,null
2023-08-29T08:28:02Z,22.77,57.25,47,0,33.22,101.40,120.00,1188.00,null,null,null
2023-08-29T08:29:02Z,22.75,57.25,47,0,35.73,101.41,117.00,1174.00,null,null,null
2023-08-29T08:30:02Z,22.77,57.24,47,0,30.34,101.40,117.00,1174.00,0,0,0
2023-08-29T08:31:02Z,22.78,57.28,47,0,33.06,101.41,120.00,1188.00,null,null,null
2023-08-29T08:32:02Z,22.77,57.23,47,0,30.07,101.40,117.00,1174.00,null,null,null
2023-08-29T08:33:02Z,22.77,57.22,47,0,27.18,101.40,120.00,1188.00,null,null,null
2023-08-29T08:34:02Z,22.78,57.24,47,0,28.76,101.40,120.00,1188.00,null,null,null
2023-08-29T08:35:02Z,22.78,57.24,47,0,29.97,101.40,120.00,1188.00,0,0,0
2023-08-29T08:36:02Z,22.78,57.24,47,0,30.37,101.40,122.00,1204.00,null,null,null
2023-08-29T08:37:02Z,22.77,57.26,47,0,26.80,101.39,122.00,1204.00,null,null,null
2023-08-29T08:38:02Z,22.78,57.25,47,0,36.24,101.39,120.00,1191.00,null,null,null
2023-08-29T08:39:02Z,22.80,57.21,48,0,32.43,101.39,120.00,1191.00,null,null,null
2023-08-29T08:40:02Z,22.74,57.28,47,0,27.36,101.40,122.00,1204.00,0,0,0
2023-08-29T08:41:02Z,22.78,57.24,47,0,28.15,101.40,129.00,1248.00,null,null,null
2023-08-29T08:42:02Z,22.77,57.26,47,0,28.23,101.39,124.00,1220.00,null,null,null
2023-08-29T08:43:02Z,22.77,57.31,47,0,26.38,101.39,122.00,1204.00,null,null,null
2023-08-29T08:44:02Z,22.75,57.20,47,0,32.05,101.39,122.00,1204.00,null,null,null
2023-08-29T08:45:02Z,22.77,57.25,47,0,36.40,101.38,126.00,1231.00,0,0,0
2023-08-29T08:46:02Z,22.78,57.25,47,0,32.85,101.38,124.00,1215.00,null,null,null
2023-08-29T08:47:02Z,22.77,57.25,47,0,29.63,101.39,124.00,1215.00,null,null,null
2023-08-29T08:48:02Z,22.78,57.30,47,0,35.86,101.38,124.00,1215.00,null,null,null
2023-08-29T08:49:02Z,22.75,57.29,47,0,37.00,101.38,126.00,1231.00,null,null,null
2023-08-29T08:50:02Z,22.75,57.30,47,0,28.98,101.37,126.00,1231.00,0,0,0
2023-08-29T08:51:02Z,22.80,57.31,47,0,42.22,101.37,129.00,1248.00,null,null,null
2023-08-29T08:52:02Z,22.78,57.29,47,0,31.16,101.37,129.00,1248.00,null,null,null
2023-08-29T08:53:02Z,22.75,57.28,47,0,27.87,101.37,133.00,1274.00,null,null,null
2023-08-29T08:54:02Z,22.77,57.29,47,0,27.34,101.37,141.00,1330.00,null,null,null
2023-08-29T08:55:02Z,22.75,57.32,47,0,30.05,101.37,150.00,1385.00,0,0,0
2023-08-29T08:56:02Z,22.75,57.37,47,0,24.46,101.37,158.00,1441.00,null,null,null
2023-08-29T08:57:02Z,22.78,57.30,47,0,27.24,101.37,169.00,1496.00,null,null,null
2023-08-29T08:58:02Z,22.78,57.34,47,0,33.89,101.36,178.00,1511.00,null,null,null
2023-08-29T08:59:02Z,22.77,57.30,47,0,29.11,101.37,178.00,1511.00,null,null,null
2023-08-29T09:00:02Z,22.77,57.33,47,0,39.75,101.36,191.00,1529.00,0,0,0
2023-08-29T09:01:02Z,22.77,57.34,47,0,39.01,101.36,191.00,1529.00,null,null,null
2023-08-29T09:02:02Z,22.77,57.34,47,0,40.60,101.36,207.00,1550.00,null,null,null
2023-08-29T09:03:02Z,22.81,57.33,47,0,43.99,101.36,214.00,1560.00,null,null,null
2023-08-29T09:04:02Z,22.81,57.32,47,0,34.67,101.36,214.00,1560.00,null,null,null
2023-08-29T09:05:02Z,22.77,57.35,47,0,26.97,101.36,217.00,1563.00,0,0,0
2023-08-29T09:06:02Z,22.75,57.38,47,0,43.99,101.36,217.00,1563.00,null,null,null
2023-08-29T09:07:02Z,22.80,57.35,47,0,37.69,101.36,222.00,1571.00,null,null,null
2023-08-29T09:08:02Z,22.77,57.38,47,0,31.89,101.36,222.00,1571.00,null,null,null
2023-08-29T09:09:02Z,22.77,57.37,47,0,40.84,101.37,219.00,1566.00,null,null,null
2023-08-29T09:10:02Z,22.78,57.37,47,0,27.75,101.36,222.00,1571.00,0,0,0
2023-08-29T09:11:02Z,22.78,57.40,47,0,28.80,101.37,230.00,1582.00,null,null,null
2023-08-29T09:12:02Z,22.80,57.35,46,0,31.51,101.36,233.00,1586.00,null,null,null
2023-08-29T09:13:02Z,22.78,57.34,47,0,40.97,101.36,241.00,1594.00,null,null,null
2023-08-29T09:14:02Z,22.75,57.38,47,0,33.37,101.37,241.00,1594.00,null,null,null
2023-08-29T09:15:02Z,22.75,57.40,47,0,36.14,101.36,241.00,1594.00,0,0,0
2023-08-29T09:16:02Z,22.81,57.45,47,0,37.75,101.36,247.00,1602.00,null,null,null
2023-08-29T09:17:02Z,22.83,57.40,47,0,29.82,101.35,247.00,1602.00,null,null,null
2023-08-29T09:18:02Z,22.80,57.34,47,0,34.81,101.35,243.00,1598.00,null,null,null
2023-08-29T09:19:02Z,22.80,57.37,47,0,31.49,101.36,243.00,1598.00,null,null,null
2023-08-29T09:20:02Z,22.77,57.33,46,0,40.24,101.36,247.00,1602.00,0,0,0
2023-08-29T09:21:02Z,22.80,57.41,46,0,29.42,101.36,260.00,1615.00,null,null,null
2023-08-29T09:22:02Z,22.81,57.50,47,0,33.96,101.35,260.00,1615.00,null,null,null
2023-08-29T09:23:02Z,22.81,57.38,46,0,29.93,101.35,256.00,1611.00,null,null,null
2023-08-29T09:24:02Z,22.77,57.34,46,0,34.50,101.35,252.00,1607.00,null,null,null
2023-08-29T09:25:02Z,22.78,57.34,46,0,32.77,101.35,252.00,1607.00,0,0,0
2023-08-29T09:26:02Z,22.80,57.36,46,1,29.07,101.35,247.00,1602.00,null,null,null
2023-08-29T09:27:02Z,22.80,57.30,47,1,28.70,101.35,243.00,1598.00,null,null,null
2023-08-29T09:28:02Z,22.80,57.34,47,0,33.61,101.35,247.00,1602.00,null,null,null
2023-08-29T09:29:02Z,22.78,57.39,47,1,36.89,101.35,243.00,1598.00,null,null,null
2023-08-29T09:30:02Z,22.77,57.37,47,0,37.70,101.35,243.00,1598.00,0,0,0
2023-08-29T09:31:02Z,22.78,57.38,47,0,50.26,101.36,243.00,1598.00,null,null,null
2023-08-29T09:32:02Z,22.78,57.36,47,0,43.37,101.36,247.00,1602.00,null,null,null
2023-08-29T09:33:02Z,22.78,57.38,46,0,35.97,101.36,243.00,1598.00,null,null,null
2023-08-29T09:34:02Z,22.80,57.40,46,0,35.60,101.35,243.00,1598.00,null,null,null
2023-08-29T09:35:02Z,22.78,57.38,47,0,33.60,101.36,241.00,1594.00,0,0,0
2023-08-29T09:36:02Z,22.75,57.31,46,0,31.18,101.36,241.00,1594.00,null,null,null
2023-08-29T09:37:02Z,22.78,57.22,47,0,42.04,101.35,241.00,1594.00,null,null,null
2023-08-29T09:38:02Z,22.78,57.14,46,0,27.49,101.35,233.00,1586.00,null,null,null
2023-08-29T09:39:02Z,22.77,57.11,46,0,32.69,101.35,226.00,1575.00,null,null,null
2023-08-29T09:40:02Z,22.80,57.19,47,0,29.20,101.34,220.00,1567.00,0,0,0
2023-08-29T09:41:02Z,22.80,57.22,47,0,30.87,101.34,217.00,1563.00,null,null,null
2023-08-29T09:42:02Z,22.80,57.15,46,0,32.01,101.34,217.00,1563.00,null,null,null
2023-08-29T09:43:02Z,22.80,57.17,47,0,31.04,101.34,217.00,1563.00,null,null,null
2023-08-29T09:44:02Z,22.80,57.13,47,0,26.73,101.34,217.00,1563.00,null,null,null
2023-08-29T09:45:02Z,22.80,57.13,47,0,31.26,101.34,209.00,1555.00,0,0,0
2023-08-29T09:46:02Z,22.77,56.93,46,0,32.13,101.35,202.00,1543.00,null,null,null
2023-08-29T09:47:02Z,22.78,56.86,46,0,26.84,101.34,198.00,1539.00,null,null,null
2023-08-29T09:48:02Z,22.77,56.67,46,0,52.92,101.34,196.00,1535.00,null,null,null
2023-08-29T09:49:02Z,22.77,56.77,46,0,29.70,101.33,192.00,1530.00,null,null,null
2023-08-29T09:50:02Z,22.75,56.82,46,0,38.92,101.34,184.00,1519.00,0,0,0
2023-08-29T09:51:02Z,22.75,56.82,46,0,29.51,101.34,184.00,1519.00,null,null,null
2023-08-29T09:52:02Z,22.77,56.79,47,0,44.95,101.34,181.00,1515.00,null,null,null
2023-08-29T09:53:02Z,22.77,56.83,46,0,30.78,101.34,178.00,1511.00,null,null,null
2023-08-29T09:54:02Z,22.75,56.72,47,1,31.97,101.33,176.00,1506.00,null,null,null
2023-08-29T09:55:02Z,22.77,56.77,46,0,33.60,101.33,175.00,1505.00,0,0,0
2023-08-29T09:56:02Z,22.78,56.71,46,0,33.39,101.33,172.00,1500.00,null,null,null
2023-08-29T09:57:02Z,22.75,56.74,46,1,26.69,101.33,170.00,1497.00,null,null,null
2023-08-29T09:58:02Z,22.77,56.67,47,0,48.28,101.33,167.00,1499.00,null,null,null
2023-08-29T09:59:02Z,22.75,56.58,46,0,26.46,101.33,164.00,1482.00,null,null,null
2023-08-29T10:00:02Z,22.75,56.22,46,0,26.67,101.33,159.00,1445.00,0,0,0
2023-08-29T10:01:02Z,22.74,56.09,46,0,39.56,101.34,157.00,1432.00,null,null,null
2023-08-29T10:02:02Z,22.73,55.79,46,0,39.99,101.33,165.00,1487.00,null,null,null
2023-08-29T10:03:02Z,22.73,55.68,46,0,39.79,101.33,161.00,1458.00,null,null,null
2023-08-29T10:04:02Z,22.71,55.56,46,2,26.84,101.33,157.00,1432.00,null,null,null
2023-08-29T10:05:02Z,22.71,55.83,46,1,32.72,101.33,157.00,1432.00,0,0,0
2023-08-29T10:06:02Z,22.74,55.85,46,0,31.16,101.34,153.00,1408.00,null,null,null
2023-08-29T10:07:02Z,22.74,55.84,46,0,29.49,101.33,153.00,1408.00,null,null,null
2023-08-29T10:08:02Z,22.75,55.79,46,0,26.08,101.33,150.00,1389.00,null,null,null
2023-08-29T10:09:02Z,22.73,55.94,46,0,26.76,101.33,139.00,1316.00,null,null,null
2023-08-29T10:10:02Z,22.74,55.82,46,0,35.97,101.33,148.00,1372.00,0,0,0
2023-08-29T10:11:02Z,22.71,55.63,46,1,24.27,101.33,140.00,1324.00,null,null,null
2023-08-29T10:12:02Z,22.73,55.63,46,1,26.71,101.33,140.00,1324.00,null,null,null
2023-08-29T10:13:02Z,22.71,55.56,46,0,36.00,101.33,140.00,1324.00,null,null,null
2023-08-29T10:14:02Z,22.69,55.44,46,0,29.28,101.33,140.00,1324.00,null,null,null
2023-08-29T10:15:02Z,22.71,55.27,46,0,30.14,101.33,138.00,1310.00,0,0,0
2023-08-29T10:16:02Z,22.71,55.33,46,1,28.17,101.33,133.00,1274.00,null,null,null
2023-08-29T10:17:02Z,22.70,55.33,46,1,28.95,101.33,133.00,1274.00,null,null,null
2023-08-29T10:18:02Z,22.71,55.28,46,1,34.02,101.33,130.00,1259.00,null,null,null
2023-08-29T10:19:02Z,22.71,55.23,46,1,42.56,101.33,130.00,1259.00,null,null,null
2023-08-29T10:20:02Z,22.69,55.25,46,1,31.73,101.33,130.00,1259.00,0,0,0
2023-08-29T10:21:02Z,22.71,55.43,46,0,29.58,101.32,127.00,1235.00,null,null,null
2023-08-29T10:22:02Z,22.73,55.22,46,1,29.35,101.32,128.00,1245.00,null,null,null
2023-08-29T10:23:02Z,22.71,55.12,46,1,27.10,101.32,130.00,1259.00,null,null,null
2023-08-29T10:24:02Z,22.71,54.75,46,1,30.65,101.32,129.00,1248.00,null,null,null
2023-08-29T10:25:02Z,22.70,54.98,46,1,27.36,101.32,127.00,1235.00,0,0,0
2023-08-29T10:26:02Z,22.70,54.91,46,1,26.67,101.32,124.00,1220.00,null,null,null
2023-08-29T10:27:02Z,22.71,55.05,46,1,30.98,101.32,122.00,1207.00,null,null,null
2023-08-29T10:28:02Z,22.69,55.01,46,0,28.14,101.31,122.00,1207.00,null,null,null
2023-08-29T10:29:02Z,22.71,54.93,46,1,26.64,101.32,121.00,1195.00,null,null,null
2023-08-29T10:30:02Z,22.69,54.98,46,0,27.06,101.31,117.00,1168.00,0,0,0
2023-08-29T10:31:02Z,22.69,54.80,46,0,26.62,101.31,115.00,1159.00,null,null,null
2023-08-29T10:32:02Z,22.71,54.45,46,1,33.70,101.31,110.00,1128.00,null,null,null
2023-08-29T10:33:02Z,22.69,54.43,46,0,27.84,101.31,109.00,1122.00,null,null,null
2023-08-29T10:34:02Z,22.66,54.11,46,0,40.66,101.31,106.00,1099.00,null,null,null
2023-08-29T10:35:02Z,22.67,54.15,46,0,36.74,101.30,104.00,1086.00,0,0,0
2023-08-29T10:36:02Z,22.66,54.07,46,0,30.98,101.31,102.00,1071.00,null,null,null
2023-08-29T10:37:02Z,22.69,54.27,46,0,28.11,101.30,100.00,1060.00,null,null,null
2023-08-29T10:38:02Z,22.66,54.23,46,1,30.32,101.30,96.00,1035.00,null,null,null
2023-08-29T10:39:02Z,22.64,54.10,46,1,45.93,101.30,97.00,1038.00,null,null,null
2023-08-29T10:40:02Z,22.64,54.03,46,1,30.38,101.30,93.00,1012.00,0,0,0
2023-08-29T10:41:02Z,22.66,54.02,46,0,31.05,101.30,90.00,997.00,null,null,null
2023-08-29T10:42:02Z,22.66,53.88,46,1,27.49,101.30,90.00,997.00,null,null,null
2023-08-29T10:43:02Z,22.67,53.94,46,1,29.79,101.30,88.00,983.00,null,null,null
2023-08-29T10:44:02Z,22.63,54.05,46,1,39.46,101.30,88.00,983.00,null,null,null
2023-08-29T10:45:02Z,22.63,53.86,46,0,32.24,101.29,87.00,972.00,0,0,0
2023-08-29T10:46:02Z,22.64,53.85,46,0,37.94,101.30,85.00,964.00,null,null,null
2023-08-29T10:47:02Z,22.66,53.96,46,0,33.95,101.30,83.00,951.00,null,null,null
2023-08-29T10:48:02Z,22.64,53.91,46,0,29.04,101.30,82.00,942.00,null,null,null
2023-08-29T10:49:02Z,22.63,53.73,46,0,34.71,101.30,81.00,933.00,null,null,null
2023-08-29T10:50:02Z,22.63,53.86,46,0,30.79,101.30,81.00,933.00,0,0,0
2023-08-29T10:51:02Z,22.64,53.96,46,0,31.38,101.30,81.00,933.00,null,null,null
2023-08-29T10:52:02Z,22.63,54.27,46,0,31.78,101.29,81.00,933.00,null,null,null
2023-08-29T10:53:02Z,22.63,54.05,46,0,39.87,101.29,83.00,951.00,null,null,null
2023-08-29T10:54:02Z,22.64,54.05,46,0,26.80,101.30,83.00,951.00,null,null,null
2023-08-29T10:55:02Z,22.66,54.08,46,0,36.18,101.29,83.00,951.00,0,0,0
2023-08-29T10:56:02Z,22.64,54.30,46,0,23.45,101.29,82.00,942.00,null,null,null
2023-08-29T10:57:02Z,22.64,54.16,46,0,43.33,101.29,84.00,954.00,null,null,null
2023-08-29T10:58:02Z,22.63,54.31,46,0,30.36,101.29,87.00,972.00,null,null,null
2023-08-29T10:59:02Z,22.64,54.20,46,0,27.69,101.29,85.00,961.00,null,null,null
2023-08-29T11:00:02Z,22.64,54.31,46,0,27.08,101.29,87.00,972.00,0,0,0
2023-08-29T11:01:02Z,22.67,54.27,46,0,37.72,101.29,84.00,954.00,null,null,null
2023-08-29T11:02:02Z,22.67,54.25,46,0,30.81,101.29,85.00,961.00,null,null,null
2023-08-29T11:03:02Z,22.66,54.04,46,0,25.06,101.28,84.00,954.00,null,null,null
2023-08-29T11:04:02Z,22.66,54.08,46,0,31.36,101.28,83.00,951.00,null,null,null
2023-08-29T11:05:02Z,22.61,54.01,46,0,26.87,101.28,82.00,942.00,0,0,0
2023-08-29T11:06:02Z,22.63,53.76,46,0,27.02,101.28,81.00,933.00,null,null,null
2023-08-29T11:07:02Z,22.63,53.97,46,0,26.99,101.27,78.00,913.00,null,null,null
2023-08-29T11:08:02Z,22.66,54.36,46,0,29.48,101.27,78.00,913.00,null,null,null
2023-08-29T11:09:02Z,22.64,54.11,46,0,29.26,101.28,79.00,923.00,null,null,null
2023-08-29T11:10:02Z,22.66,54.26,46,0,30.79,101.27,81.00,933.00,0,0,0
2023-08-29T11:11:02Z,22.66,54.46,46,0,32.36,101.26,80.00,930.00,null,null,null
2023-08-29T11:12:02Z,22.67,54.81,46,0,42.90,101.28,85.00,961.00,null,null,null
2023-08-29T11:13:02Z,22.64,51.82,46,5,31.86,101.26,79.00,920.00,null,null,null
2023-08-29T11:14:02Z,22.63,51.56,46,5,33.37,101.26,75.00,897.00,null,null,null
2023-08-29T11:15:02Z,22.60,51.88,46,5,30.10,101.26,65.00,827.00,0,0,0
2023-08-29T11:16:02Z,22.55,51.81,46,5,36.37,101.26,54.00,761.00,null,null,null
2023-08-29T11:17:02Z,22.55,52.11,46,3,29.82,101.26,48.00,719.00,null,null,null
2023-08-29T11:18:02Z,22.50,51.99,46,3,41.73,101.26,46.00,702.00,null,null,null
2023-08-29T11:19:02Z,22.51,52.11,46,5,44.66,101.26,41.00,672.00,null,null,null
2023-08-29T11:20:02Z,22.47,52.65,46,0,26.64,101.27,41.00,672.00,0,0,0
2023-08-29T11:21:02Z,22.47,52.20,46,0,27.24,101.27,36.00,637.00,null,null,null
2023-08-29T11:22:02Z,22.48,51.75,46,0,46.45,101.27,36.00,637.00,null,null,null
2023-08-29T11:23:02Z,22.46,51.84,46,0,27.30,101.27,34.00,626.00,null,null,null
2023-08-29T11:24:02Z,22.48,51.45,46,0,42.01,101.26,30.00,599.00,null,null,null
2023-08-29T11:25:02Z,22.48,51.25,46,0,46.65,101.27,30.00,600.00,0,0,0
2023-08-29T11:26:02Z,22.48,51.33,46,0,30.24,101.26,26.00,577.00,null,null,null
2023-08-29T11:27:02Z,22.47,51.10,46,0,23.45,101.26,25.00,566.00,null,null,null
2023-08-29T11:28:02Z,22.47,51.61,46,0,29.86,101.26,28.00,586.00,null,null,null
2023-08-29T11:29:02Z,22.48,51.34,46,0,33.43,101.26,28.00,586.00,null,null,null
2023-08-29T11:30:02Z,22.47,51.37,46,0,30.41,101.26,26.00,577.00,0,0,0
2023-08-29T11:31:02Z,22.46,51.29,46,0,36.25,101.25,25.00,566.00,null,null,null
2023-08-29T11:32:02Z,22.44,50.96,46,0,24.54,101.25,24.00,561.00,null,null,null
2023-08-29T11:33:02Z,22.44,50.70,46,0,30.68,101.25,23.00,555.00,null,null,null
2023-08-29T11:34:02Z,22.46,51.26,46,0,34.75,101.25,22.00,548.00,null,null,null
2023-08-29T11:35:02Z,22.43,51.53,46,0,28.95,101.24,19.00,529.00,0,0,0
2023-08-29T11:36:02Z,22.43,51.26,46,0,34.98,101.25,18.00,524.00,null,null,null
2023-08-29T11:37:02Z,22.44,51.55,46,0,33.87,101.25,21.00,539.00,null,null,null
2023-08-29T11:38:02Z,22.43,51.04,46,0,47.33,101.26,21.00,539.00,null,null,null
2023-08-29T11:39:02Z,22.44,51.41,46,0,29.79,101.25,19.00,526.00,null,null,null
2023-08-29T11:40:02Z,22.42,51.15,46,0,30.74,101.26,17.00,515.00,0,0,0
2023-08-29T11:41:02Z,22.42,51.28,46,0,34.38,101.25,16.00,506.00,null,null,null
2023-08-29T11:42:02Z,22.44,51.59,46,0,29.30,101.25,16.00,506.00,null,null,null
2023-08-29T11:43:02Z,22.42,51.29,46,0,28.93,101.25,17.00,518.00,null,null,null
2023-08-29T11:44:02Z,22.42,50.95,46,0,34.80,101.25,17.00,515.00,null,null,null
2023-08-29T11:45:02Z,22.42,51.26,46,0,34.85,101.25,15.00,502.00,0,0,0
2023-08-29T11:46:02Z,22.42,51.58,46,0,26.34,101.25,14.00,492.00,null,null,null
2023-08-29T11:47:02Z,22.43,51.65,46,0,35.39,101.25,14.00,496.00,null,null,null
2023-08-29T11:48:02Z,22.44,52.01,46,0,28.33,101.25,17.00,515.00,null,null,null
2023-08-29T11:49:02Z,22.40,51.98,46,0,30.82,101.24,17.00,518.00,null,null,null
2023-08-29T11:50:02Z,22.43,52.25,46,0,31.07,101.24,21.00,542.00,0,0,0
2023-08-29T11:51:02Z,22.44,52.19,46,0,42.25,101.25,22.00,548.00,null,null,null
2023-08-29T11:52:02Z,22.44,51.53,46,0,34.22,101.25,21.00,542.00,null,null,null
2023-08-29T11:53:02Z,22.42,50.98,46,0,32.39,101.25,20.00,534.00,null,null,null
2023-08-29T11:54:02Z,22.40,50.63,46,0,33.73,101.25,17.00,518.00,null,null,null
2023-08-29T11:55:02Z,22.42,50.65,46,0,35.58,101.24,13.00,491.00,0,0,0
2023-08-29T11:56:02Z,22.42,50.56,46,0,24.76,101.24,11.00,477.00,null,null,null
2023-08-29T11:57:02Z,22.39,50.72,46,0,26.97,101.25,10.00,470.00,null,null,null
2023-08-29T11:58:02Z,22.40,50.60,46,0,33.71,101.24,9.00,462.00,null,null,null
2023-08-29T11:59:02Z,22.39,50.84,46,0,27.38,101.24,9.00,462.00,null,null,null
2023-08-29T12:00:02Z,22.40,50.91,46,0,30.25,101.24,9.00,463.00,0,0,0
2023-08-29T12:01:02Z,22.40,51.34,46,0,41.94,101.23,11.00,476.00,null,null,null
2023-08-29T12:02:02Z,22.42,51.77,46,0,29.83,101.23,15.00,500.00,null,null,null
2023-08-29T12:03:02Z,22.40,51.62,46,0,30.85,101.23,16.00,508.00,null,null,null
2023-08-29T12:04:02Z,22.42,51.91,46,0,26.14,101.24,20.00,534.00,null,null,null
2023-08-29T12:05:02Z,22.39,51.27,46,0,38.77,101.24,18.00,523.00,0,0,0
2023-08-29T12:06:02Z,22.39,51.36,46,0,36.70,101.24,18.00,523.00,null,null,null
2023-08-29T12:07:02Z,22.42,50.94,45,0,32.26,101.24,19.00,529.00,null,null,null
2023-08-29T12:08:02Z,22.40,50.69,45,0,27.45,101.24,15.00,502.00,null,null,null
2023-08-29T12:09:02Z,22.39,50.47,46,0,30.18,101.24,14.00,498.00,null,null,null
2023-08-29T12:10:02Z,22.39,50.47,46,0,30.94,101.23,12.00,481.00,0,0,0
2023-08-29T12:11:02Z,22.39,50.86,46,0,39.77,101.23,8.00,459.00,null,null,null
2023-08-29T12:12:02Z,22.37,50.76,46,0,33.32,101.23,9.00,460.00,null,null,null
2023-08-29T12:13:02Z,22.37,50.84,46,0,29.11,101.23,9.00,463.00,null,null,null
2023-08-29T12:14:02Z,22.39,50.82,46,0,28.02,101.22,9.00,460.00,null,null,null
2023-08-29T12:15:02Z,22.37,50.57,46,0,32.81,101.22,9.00,463.00,0,0,0
2023-08-29T12:16:02Z,22.37,50.66,46,0,28.67,101.23,7.00,450.00,null,null,null
2023-08-29T12:17:02Z,22.36,50.62,46,0,30.56,101.23,6.00,445.00,null,null,null
2023-08-29T12:18:02Z,22.36,50.50,46,0,27.06,101.22,5.00,435.00,null,null,null
2023-08-29T12:19:02Z,22.37,50.93,46,0,34.43,101.23,5.00,435.00,null,null,null
2023-08-29T12:20:02Z,22.36,51.21,46,0,26.43,101.23,6.00,441.00,0,0,0
2023-08-29T12:21:02Z,22.36,51.22,46,0,25.92,101.23,7.00,448.00,null,null,null
2023-08-29T12:22:02Z,22.39,51.21,46,0,32.94,101.23,9.00,460.00,null,null,null
2023-08-29T12:23:02Z,22.37,51.01,46,0,26.80,101.22,10.00,472.00,null,null,null
2023-08-29T12:24:02Z,22.36,51.10,46,0,29.40,101.23,10.00,472.00,null,null,null
2023-08-29T12:25:02Z,22.36,50.58,46,0,39.73,101.22,9.00,463.00,0,0,0
2023-08-29T12:26:02Z,22.36,50.70,46,0,37.19,101.22,9.00,462.00,null,null,null
2023-08-29T12:27:02Z,22.37,50.74,46,0,38.62,101.23,9.00,462.00,null,null,null
2023-08-29T12:28:02Z,22.34,50.66,45,0,34.97,101.22,7.00,450.00,null,null,null
2023-08-29T12:29:02Z,22.36,50.92,46,0,32.40,101.22,5.00,439.00,null,null,null
2023-08-29T12:30:02Z,22.36,51.24,46,0,27.34,101.21,6.00,445.00,0,0,0
2023-08-29T12:31:02Z,22.39,51.69,45,0,28.37,101.22,10.00,472.00,null,null,null
2023-08-29T12:32:02Z,22.37,51.61,46,0,37.47,101.22,12.00,481.00,null,null,null
2023-08-29T12:33:02Z,22.39,50.94,46,0,29.47,101.22,11.00,473.00,null,null,null
2023-08-29T12:34:02Z,22.36,50.80,46,0,41.10,101.22,11.00,476.00,null,null,null
2023-08-29T12:35:02Z,22.39,51.05,46,0,27.32,101.21,12.00,480.00,0,0,0
2023-08-29T12:36:02Z,22.39,51.17,46,0,28.23,101.21,12.00,485.00,null,null,null
2023-08-29T12:37:02Z,22.39,50.90,45,0,30.19,101.21,12.00,485.00,null,null,null
2023-08-29T12:38:02Z,22.37,51.31,46,0,31.99,101.21,14.00,493.00,null,null,null
2023-08-29T12:39:02Z,22.39,51.19,46,0,26.26,101.21,14.00,492.00,null,null,null
2023-08-29T12:40:02Z,22.39,51.23,46,0,27.10,101.21,14.00,498.00,0,0,0
2023-08-29T12:41:02Z,22.37,51.06,45,0,25.56,101.21,14.00,498.00,null,null,null
2023-08-29T12:42:02Z,22.40,50.99,46,0,31.09,101.21,14.00,498.00,null,null,null
2023-08-29T12:43:02Z,22.37,50.29,46,0,34.91,101.21,14.00,498.00,null,null,null
2023-08-29T12:44:02Z,22.39,50.68,45,0,30.07,101.21,13.00,487.00,null,null,null
2023-08-29T12:45:02Z,22.39,51.16,46,0,30.77,101.21,12.00,485.00,0,0,0
2023-08-29T12:46:02Z,22.39,50.75,45,0,35.01,101.21,13.00,487.00,null,null,null
2023-08-29T12:47:02Z,22.40,50.83,46,0,26.24,101.21,13.00,487.00,null,null,null
2023-08-29T12:48:02Z,22.39,50.92,45,0,30.19,101.21,13.00,487.00,null,null,null
2023-08-29T12:49:02Z,22.39,50.95,45,0,24.46,101.21,14.00,493.00,null,null,null
2023-08-29T12:50:02Z,22.37,50.59,46,0,32.51,101.21,14.00,493.00,0,0,0
2023-08-29T12:51:02Z,22.37,49.92,45,0,36.95,101.21,12.00,481.00,null,null,null
2023-08-29T12:52:02Z,22.39,49.86,45,0,38.17,101.21,9.00,463.00,null,null,null
2023-08-29T12:53:02Z,22.40,50.35,46,0,26.73,101.20,6.00,444.00,null,null,null
2023-08-29T12:54:02Z,22.39,50.18,46,0,29.47,101.20,5.00,435.00,null,null,null
2023-08-29T12:55:02Z,22.39,50.37,46,0,35.45,101.20,5.00,434.00,0,0,0
2023-08-29T12:56:02Z,22.39,50.08,45,0,27.75,101.20,3.00,424.00,null,null,null
2023-08-29T12:57:02Z,22.39,50.07,46,0,32.58,101.20,3.00,423.00,null,null,null
2023-08-29T12:58:02Z,22.37,49.96,45,0,27.78,101.20,6.00,444.00,null,null,null
2023-08-29T12:59:02Z,22.36,50.13,45,0,33.15,101.20,3.00,424.00,null,null,null
2023-08-29T13:00:02Z,22.36,50.34,46,0,27.02,101.20,3.00,424.00,0,0,0
2023-08-29T13:01:02Z,22.37,50.28,46,0,29.37,101.19,4.00,427.00,null,null,null
2023-08-29T13:02:02Z,22.39,50.23,45,0,27.92,101.20,4.00,427.00,null,null,null
2023-08-29T13:03:02Z,22.37,50.08,45,0,36.58,101.20,5.00,434.00,null,null,null
2023-08-29T13:04:02Z,22.37,50.53,45,0,25.53,101.19,6.00,441.00,null,null,null
2023-08-29T13:05:02Z,22.39,50.46,45,0,30.10,101.20,8.00,457.00,0,0,0
2023-08-29T13:06:02Z,22.40,50.67,45,0,29.62,101.19,8.00,457.00,null,null,null
2023-08-29T13:07:02Z,22.40,50.73,45,0,30.38,101.19,10.00,472.00,null,null,null
2023-08-29T13:08:02Z,22.39,50.93,45,0,33.04,101.19,14.00,493.00,null,null,null
2023-08-29T13:09:02Z,22.40,50.92,45,0,33.51,101.19,17.00,514.00,null,null,null
2023-08-29T13:10:02Z,22.37,51.28,45,0,44.80,101.19,19.00,526.00,0,0,0
2023-08-29T13:11:02Z,22.40,51.17,45,0,31.42,101.19,20.00,536.00,null,null,null
2023-08-29T13:12:02Z,22.40,51.26,45,0,27.78,101.20,23.00,555.00,null,null,null
2023-08-29T13:13:02Z,22.40,51.12,45,0,36.21,101.19,25.00,567.00,null,null,null
2023-08-29T13:14:02Z,22.40,51.51,45,0,27.96,101.18,28.00,588.00,null,null,null
2023-08-29T13:15:02Z,22.42,51.43,45,0,29.99,101.19,29.00,594.00,0,0,0
2023-08-29T13:16:02Z,22.43,51.55,45,0,30.28,101.18,30.00,600.00,null,null,null
2023-08-29T13:17:02Z,22.42,51.58,45,0,30.32,101.19,33.00,618.00,null,null,null
2023-08-29T13:18:02Z,22.43,51.69,45,0,29.05,101.18,36.00,637.00,null,null,null
2023-08-29T13:19:02Z,22.42,51.89,45,0,30.63,101.19,36.00,637.00,null,null,null
2023-08-29T13:20:02Z,22.44,51.77,45,0,40.40,101.18,37.00,646.00,0,0,0
2023-08-29T13:21:02Z,22.44,51.67,45,0,31.01,101.19,38.00,650.00,null,null,null
2023-08-29T13:22:02Z,22.46,51.69,45,0,27.60,101.19,42.00,678.00,null,null,null
2023-08-29T13:23:02Z,22.47,51.73,45,0,36.38,101.18,43.00,686.00,null,null,null
2023-08-29T13:24:02Z,22.46,51.76,45,0,34.55,101.18,44.00,694.00,null,null,null
2023-08-29T13:25:02Z,22.42,51.67,45,0,29.37,101.18,43.00,686.00,0,0,0
2023-08-29T13:26:02Z,22.47,51.86,45,0,35.85,101.19,44.00,694.00,null,null,null
2023-08-29T13:27:02Z,22.48,52.15,45,0,24.15,101.18,47.00,712.00,null,null,null
2023-08-29T13:28:02Z,22.48,51.93,45,0,33.54,101.18,48.00,719.00,null,null,null
2023-08-29T13:29:02Z,22.47,52.01,45,0,30.92,101.18,50.00,733.00,null,null,null
2023-08-29T13:30:02Z,22.48,51.92,45,0,38.14,101.18,52.00,742.00,0,0,0
2023-08-29T13:31:02Z,22.46,52.05,45,0,36.29,101.17,52.00,742.00,null,null,null
2023-08-29T13:32:02Z,22.48,51.96,45,0,26.95,101.18,53.00,749.00,null,null,null
2023-08-29T13:33:02Z,22.53,52.08,45,0,32.87,101.18,54.00,759.00,null,null,null
2023-08-29T13:34:02Z,22.51,51.95,45,0,28.85,101.18,55.00,765.00,null,null,null
2023-08-29T13:35:02Z,22.51,51.89,45,0,40.54,101.17,55.00,765.00,0,0,0
2023-08-29T13:36:02Z,22.50,51.90,45,5,34.79,101.16,56.00,772.00,null,null,null
2023-08-29T13:37:02Z,22.50,49.94,45,2,37.16,101.17,50.00,733.00,null,null,null
2023-08-29T13:38:02Z,22.51,50.38,45,2,27.42,101.17,44.00,692.00,null,null,null
2023-08-29T13:39:02Z,22.48,50.36,45,3,28.96,101.17,40.00,668.00,null,null,null
2023-08-29T13:40:02Z,22.48,50.31,45,2,31.67,101.17,40.00,665.00,0,0,0
2023-08-29T13:41:02Z,22.51,50.47,45,2,24.39,101.18,38.00,652.00,null,null,null
2023-08-29T13:42:02Z,22.51,50.56,45,2,32.57,101.18,38.00,652.00,null,null,null
2023-08-29T13:43:02Z,22.48,50.85,45,0,27.26,101.18,40.00,665.00,null,null,null
2023-08-29T13:44:02Z,22.48,50.76,45,2,31.15,101.19,39.00,656.00,null,null,null
2023-08-29T13:45:02Z,22.48,51.21,45,2,29.36,101.19,39.00,659.00,0,0,0
2023-08-29T13:46:02Z,22.50,50.88,45,2,32.08,101.19,35.00,631.00,null,null,null
2023-08-29T13:47:02Z,22.50,51.01,45,2,31.79,101.20,29.00,596.00,null,null,null
2023-08-29T13:48:02Z,22.48,50.78,45,2,30.24,101.20,25.00,569.00,null,null,null
2023-08-29T13:49:02Z,22.47,50.60,45,2,26.87,101.19,21.00,543.00,null,null,null
2023-08-29T13:50:02Z,22.46,50.31,45,3,33.15,101.20,19.00,531.00,0,0,0
2023-08-29T13:51:02Z,22.48,50.56,45,2,33.59,101.19,17.00,514.00,null,null,null
2023-08-29T13:52:02Z,22.44,50.50,45,2,40.01,101.19,15.00,501.00,null,null,null
2023-08-29T13:53:02Z,22.46,50.58,45,2,36.39,101.19,13.00,487.00,null,null,null
2023-08-29T13:54:02Z,22.44,50.67,45,2,37.41,101.19,12.00,480.00,null,null,null
2023-08-29T13:55:02Z,22.43,50.73,45,2,35.26,101.19,10.00,472.00,0,0,0
2023-08-29T13:56:02Z,22.42,50.47,45,0,33.80,101.19,10.00,472.00,null,null,null
2023-08-29T13:57:02Z,22.44,50.15,44,0,31.12,101.18,10.00,466.00,null,null,null
2023-08-29T13:58:02Z,22.44,50.14,44,0,29.51,101.18,6.00,441.00,null,null,null
2023-08-29T13:59:02Z,22.44,50.39,45,0,32.70,101.18,4.00,427.00,null,null,null
2023-08-29T14:00:02Z,22.42,50.49,45,0,29.23,101.18,3.00,420.00,0,0,0
2023-08-29T14:01:02Z,22.40,50.31,45,0,31.23,101.18,1.00,410.00,null,null,null
2023-08-29T14:02:02Z,22.40,50.34,45,0,35.74,101.18,0.00,406.00,null,null,null
2023-08-29T14:03:02Z,22.42,50.18,45,0,32.15,101.18,0.00,400.00,null,null,null
2023-08-29T14:04:02Z,22.39,50.13,45,0,30.17,101.18,0.00,400.00,null,null,null
2023-08-29T14:05:02Z,22.40,50.09,45,0,34.58,101.18,0.00,400.00,0,0,0
2023-08-29T14:06:02Z,22.42,50.19,45,0,44.04,101.18,0.00,400.00,null,null,null
2023-08-29T14:07:02Z,22.39,50.13,44,0,30.21,101.18,0.00,405.00,null,null,null
2023-08-29T14:08:02Z,22.36,50.05,45,0,35.04,101.18,0.00,400.00,null,null,null
2023-08-29T14:09:02Z,22.36,50.00,45,0,28.55,101.17,0.00,400.00,null,null,null
2023-08-29T14:10:02Z,22.36,49.92,45,0,33.31,101.18,0.00,400.00,0,0,0
2023-08-29T14:11:02Z,22.36,50.00,44,0,30.39,101.18,0.00,400.00,null,null,null
2023-08-29T14:12:02Z,22.34,49.81,44,3,30.71,101.18,0.00,400.00,null,null,null
2023-08-29T14:13:02Z,22.36,49.90,44,0,31.67,101.18,0.00,400.00,null,null,null
2023-08-29T14:14:02Z,22.33,50.02,44,0,36.74,101.18,0.00,400.00,null,null,null
2023-08-29T14:15:02Z,22.32,49.95,45,2,55.66,101.18,0.00,400.00,0,0,0
2023-08-29T14:16:02Z,22.34,50.14,44,0,28.51,101.18,0.00,400.00,null,null,null
2023-08-29T14:17:02Z,22.33,50.14,45,0,31.83,101.18,0.00,406.00,null,null,null
2023-08-29T14:18:02Z,22.34,50.00,45,0,40.87,101.18,0.00,406.00,null,null,null
2023-08-29T14:19:02Z,22.33,50.19,45,0,33.79,101.18,0.00,403.00,null,null,null
2023-08-29T14:20:02Z,22.34,50.15,45,0,28.85,101.18,0.00,403.00,0,0,0
2023-08-29T14:21:02Z,22.32,50.09,44,0,30.07,101.18,0.00,400.00,null,null,null
2023-08-29T14:22:02Z,22.34,50.10,44,0,31.45,101.18,0.00,400.00,null,null,null
2023-08-29T14:23:02Z,22.33,50.30,45,0,30.32,101.18,0.00,400.00,null,null,null
2023-08-29T14:24:02Z,22.34,50.27,45,0,32.30,101.18,0.00,406.00,null,null,null
2023-08-29T14:25:02Z,22.32,50.29,45,0,38.42,101.18,1.00,413.00,0,0,0
2023-08-29T14:26:02Z,22.34,50.35,44,0,36.61,101.18,0.00,406.00,null,null,null
2023-08-29T14:27:02Z,22.33,50.36,44,0,32.77,101.18,0.00,406.00,null,null,null
2023-08-29T14:28:02Z,22.34,50.23,45,0,32.14,101.18,0.00,403.00,null,null,null
2023-08-29T14:29:02Z,22.30,50.21,44,0,28.30,101.18,0.00,405.00,null,null,null
2023-08-29T14:30:02Z,22.33,50.32,45,0,38.96,101.17,1.00,408.00,0,0,0
2023-08-29T14:31:02Z,22.32,50.31,44,0,30.30,101.17,0.00,400.00,null,null,null
2023-08-29T14:32:02Z,22.32,50.36,44,0,38.29,101.18,0.00,406.00,null,null,null
2023-08-29T14:33:02Z,22.30,50.31,45,0,32.38,101.17,0.00,406.00,null,null,null
2023-08-29T14:34:02Z,22.30,50.18,44,0,50.13,101.18,0.00,406.00,null,null,null
2023-08-29T14:35:02Z,22.29,49.99,45,0,31.96,101.17,0.00,400.00,0,0,0
2023-08-29T14:36:02Z,22.29,50.08,44,0,39.16,101.17,0.00,400.00,null,null,null
2023-08-29T14:37:02Z,22.29,49.97,44,0,26.69,101.17,0.00,400.00,null,null,null
2023-08-29T14:38:02Z,22.30,50.19,44,0,33.04,101.18,0.00,400.00,null,null,null
2023-08-29T14:39:02Z,22.26,50.45,45,0,33.47,101.17,1.00,408.00,null,null,null
2023-08-29T14:40:02Z,22.30,50.34,45,0,27.10,101.17,1.00,410.00,0,0,0
2023-08-29T14:41:02Z,22.29,50.11,45,0,31.19,101.17,1.00,410.00,null,null,null
2023-08-29T14:42:02Z,22.29,49.90,44,0,31.08,101.16,1.00,410.00,null,null,null
2023-08-29T14:43:02Z,22.26,49.82,44,0,29.40,101.16,0.00,405.00,null,null,null
2023-08-29T14:44:02Z,22.26,49.88,44,0,30.62,101.16,0.00,400.00,null,null,null
2023-08-29T14:45:02Z,22.26,49.98,44,0,32.21,101.16,0.00,400.00,0,0,0
2023-08-29T14:46:02Z,22.27,50.01,44,0,36.88,101.16,0.00,400.00,null,null,null
2023-08-29T14:47:02Z,22.26,50.12,44,0,32.67,101.16,0.00,400.00,null,null,null
2023-08-29T14:48:02Z,22.26,49.97,44,0,25.73,101.16,0.00,400.00,null,null,null
2023-08-29T14:49:02Z,22.24,50.07,44,0,30.07,101.16,0.00,400.00,null,null,null
2023-08-29T14:50:02Z,22.24,50.01,45,0,35.23,101.16,5.00,436.00,0,0,0
2023-08-29T14:51:02Z,22.26,50.09,44,0,41.26,101.15,4.00,432.00,null,null,null
2023-08-29T14:52:02Z,22.24,50.09,44,0,39.23,101.15,0.00,400.00,null,null,null
2023-08-29T14:53:02Z,22.24,50.15,45,0,33.42,101.15,6.00,442.00,null,null,null
2023-08-29T14:54:02Z,22.22,50.36,44,0,32.06,101.16,7.00,450.00,null,null,null
2023-08-29T14:55:02Z,22.24,50.17,44,0,31.46,101.15,8.00,456.00,0,0,0
2023-08-29T14:56:02Z,22.24,50.28,44,0,31.43,101.15,8.00,459.00,null,null,null
2023-08-29T14:57:02Z,22.24,50.30,45,0,28.63,101.15,9.00,465.00,null,null,null
2023-08-29T14:58:02Z,22.26,50.29,44,0,43.03,101.15,12.00,482.00,null,null,null
2023-08-29T14:59:02Z,22.26,50.24,44,0,36.32,101.14,7.00,447.00,null,null,null
2023-08-29T15:00:02Z,22.24,50.26,44,0,30.58,101.15,7.00,452.00,0,0,0
2023-08-29T15:01:02Z,22.24,50.32,44,0,35.35,101.14,14.00,492.00,null,null,null
2023-08-29T15:02:02Z,22.26,50.27,44,0,32.37,101.14,15.00,500.00,null,null,null
2023-08-29T15:03:02Z,22.26,50.34,44,0,33.21,101.14,8.00,454.00,null,null,null
2023-08-29T15:04:02Z,22.24,50.41,44,0,26.60,101.14,9.00,463.00,null,null,null
2023-08-29T15:05:02Z,22.23,50.46,44,2,29.49,101.14,18.00,524.00,0,0,0
2023-08-29T15:06:02Z,22.27,50.60,44,0,30.47,101.13,19.00,527.00,null,null,null
2023-08-29T15:07:02Z,22.27,50.53,44,0,33.56,101.13,12.00,481.00,null,null,null
2023-08-29T15:08:02Z,22.27,50.16,44,0,33.48,101.14,11.00,478.00,null,null,null
2023-08-29T15:09:02Z,22.26,50.51,44,0,34.31,101.14,11.00,478.00,null,null,null
2023-08-29T15:10:02Z,22.24,50.14,44,0,29.05,101.13,13.00,486.00,0,0,0
2023-08-29T15:11:02Z,22.24,50.38,44,0,39.75,101.13,15.00,500.00,null,null,null
2023-08-29T15:12:02Z,22.24,50.32,44,0,33.51,101.13,14.00,495.00,null,null,null
2023-08-29T15:13:02Z,22.23,50.67,44,3,37.08,101.12,14.00,492.00,null,null,null
2023-08-29T15:14:02Z,22.22,50.76,44,0,36.23,101.13,15.00,505.00,null,null,null
2023-08-29T15:15:02Z,22.23,50.57,44,0,27.44,101.13,19.00,530.00,0,0,0
2023-08-29T15:16:02Z,22.26,50.57,44,0,32.12,101.12,18.00,524.00,null,null,null
2023-08-29T15:17:02Z,22.23,50.46,44,0,35.27,101.13,12.00,481.00,null,null,null
2023-08-29T15:18:02Z,22.24,50.45,44,0,34.55,101.12,18.00,519.00,null,null,null
2023-08-29T15:19:02Z,22.24,50.52,44,0,33.00,101.12,17.00,514.00,null,null,null
2023-08-29T15:20:02Z,22.23,50.57,44,0,26.87,101.12,15.00,505.00,0,0,0
2023-08-29T15:21:02Z,22.22,50.62,44,0,26.43,101.12,14.00,495.00,null,null,null
2023-08-29T15:22:02Z,22.24,50.69,44,0,31.09,101.12,14.00,492.00,null,null,null
2023-08-29T15:23:02Z,22.22,50.75,44,0,29.15,101.12,13.00,487.00,null,null,null
2023-08-29T15:24:02Z,22.22,50.77,44,0,41.18,101.12,10.00,472.00,null,null,null
2023-08-29T15:25:02Z,22.20,50.84,44,0,30.47,101.13,9.00,464.00,0,0,0
2023-08-29T15:26:02Z,22.23,50.94,44,0,34.33,101.12,8.00,459.00,null,null,null
2023-08-29T15:27:02Z,22.24,50.95,44,0,38.23,101.12,7.00,451.00,null,null,null
2023-08-29T15:28:02Z,22.22,50.98,44,2,32.70,101.12,7.00,448.00,null,null,null
2023-08-29T15:29:02Z,22.20,51.07,44,0,30.04,101.12,8.00,459.00,null,null,null
2023-08-29T15:30:02Z,22.18,51.20,44,0,30.29,101.12,10.00,472.00,0,0,0
2023-08-29T15:31:02Z,22.19,51.23,44,0,34.87,101.12,12.00,482.00,null,null,null
2023-08-29T15:32:02Z,22.22,51.24,44,0,34.43,101.12,11.00,477.00,null,null,null
2023-08-29T15:33:02Z,22.20,51.23,44,0,29.72,101.11,12.00,482.00,null,null,null
2023-08-29T15:34:02Z,22.20,51.33,43,0,34.55,101.11,14.00,495.00,null,null,null
2023-08-29T15:35:02Z,22.23,51.51,44,0,33.71,101.12,14.00,497.00,0,0,0
2023-08-29T15:36:02Z,22.23,51.34,43,0,26.69,101.11,16.00,506.00,null,null,null
2023-08-29T15:37:02Z,22.22,51.40,44,0,32.44,101.11,14.00,493.00,null,null,null
2023-08-29T15:38:02Z,22.20,51.34,43,0,32.39,101.12,12.00,482.00,null,null,null
2023-08-29T15:39:02Z,22.20,51.45,44,0,33.79,101.11,8.00,459.00,null,null,null
2023-08-29T15:40:02Z,22.19,51.53,44,0,34.07,101.11,7.00,452.00,0,0,0
2023-08-29T15:41:02Z,22.16,51.49,43,0,35.02,101.11,5.00,434.00,null,null,null
2023-08-29T15:42:02Z,22.20,51.61,44,0,28.58,101.11,3.00,424.00,null,null,null
2023-08-29T15:43:02Z,22.18,51.71,44,0,29.89,101.11,1.00,409.00,null,null,null
2023-08-29T15:44:02Z,22.18,51.80,44,0,25.95,101.11,0.00,405.00,null,null,null
2023-08-29T15:45:02Z,22.16,51.83,43,0,32.94,101.11,0.00,405.00,0,0,0
2023-08-29T15:46:02Z,22.16,51.80,43,0,27.47,101.11,0.00,405.00,null,null,null
2023-08-29T15:47:02Z,22.13,51.90,44,0,29.11,101.11,1.00,413.00,null,null,null
2023-08-29T15:48:02Z,22.15,51.87,44,0,34.04,101.11,1.00,413.00,null,null,null
2023-08-29T15:49:02Z,22.15,51.97,44,0,32.94,101.10,0.00,400.00,null,null,null
2023-08-29T15:50:02Z,22.13,52.00,44,0,41.56,101.11,0.00,400.00,0,0,0
2023-08-29T15:51:02Z,22.15,52.04,43,0,39.59,101.10,0.00,400.00,null,null,null
2023-08-29T15:52:02Z,22.15,52.05,44,0,29.98,101.10,1.00,410.00,null,null,null
2023-08-29T15:53:02Z,22.15,52.10,44,0,29.96,101.10,1.00,410.00,null,null,null
2023-08-29T15:54:02Z,22.15,52.10,44,0,33.08,101.10,1.00,410.00,null,null,null
2023-08-29T15:55:02Z,22.16,52.16,44,2,32.58,101.10,2.00,418.00,0,0,0
2023-08-29T15:56:02Z,22.15,52.21,44,0,33.13,101.10,3.00,425.00,null,null,null
2023-08-29T15:57:02Z,22.15,52.14,43,0,35.33,101.10,4.00,432.00,null,null,null
2023-08-29T15:58:02Z,22.16,52.23,44,0,28.09,101.10,3.00,425.00,null,null,null
2023-08-29T15:59:02Z,22.13,52.30,44,0,32.39,101.10,4.00,432.00,null,null,null
2023-08-29T16:00:02Z,22.13,52.26,43,0,31.95,101.10,3.00,425.00,0,0,0
2023-08-29T16:01:02Z,22.15,52.14,43,0,37.21,101.09,5.00,435.00,null,null,null
2023-08-29T16:02:02Z,22.19,52.22,44,0,38.14,101.10,6.00,441.00,null,null,null
2023-08-29T16:03:02Z,22.15,52.18,44,0,29.94,101.10,7.00,446.00,null,null,null
2023-08-29T16:04:02Z,22.18,52.22,43,0,30.20,101.10,6.00,444.00,null,null,null
2023-08-29T16:05:02Z,22.15,52.24,44,0,35.16,101.09,6.00,444.00,0,0,0
2023-08-29T16:06:02Z,22.13,52.23,43,0,36.25,101.09,6.00,441.00,null,null,null
2023-08-29T16:07:02Z,22.16,52.32,44,0,33.51,101.09,6.00,444.00,null,null,null
2023-08-29T16:08:02Z,22.16,52.29,44,0,33.67,101.09,6.00,442.00,null,null,null
2023-08-29T16:09:02Z,22.13,52.30,44,0,43.36,101.09,6.00,442.00,null,null,null
2023-08-29T16:10:02Z,22.16,52.23,43,0,42.63,101.09,7.00,448.00,0,0,0
2023-08-29T16:11:02Z,22.13,52.26,43,3,29.53,101.09,8.00,454.00,null,null,null
2023-08-29T16:12:02Z,22.13,52.31,43,0,33.14,101.09,7.00,451.00,null,null,null
2023-08-29T16:13:02Z,22.16,52.35,43,0,34.71,101.09,9.00,460.00,null,null,null
2023-08-29T16:14:02Z,22.12,52.35,43,0,34.80,101.09,9.00,460.00,null,null,null
2023-08-29T16:15:02Z,22.12,52.39,44,0,32.03,101.08,10.00,472.00,0,0,0
2023-08-29T16:16:02Z,22.16,52.43,43,0,30.78,101.09,11.00,476.00,null,null,null
2023-08-29T16:17:02Z,22.15,52.41,44,0,38.58,101.09,11.00,476.00,null,null,null
2023-08-29T16:18:02Z,22.16,52.33,43,0,33.86,101.09,9.00,464.00,null,null,null
2023-08-29T16:19:02Z,22.12,52.35,43,0,42.54,101.09,8.00,455.00,null,null,null
2023-08-29T16:20:02Z,22.15,52.42,44,0,30.23,101.09,9.00,460.00,0,0,0
2023-08-29T16:21:02Z,22.12,52.43,43,0,39.70,101.09,9.00,460.00,null,null,null
2023-08-29T16:22:02Z,22.13,52.43,43,0,34.92,101.09,11.00,476.00,null,null,null
2023-08-29T16:23:02Z,22.13,52.29,44,0,44.37,101.09,10.00,472.00,null,null,null
2023-08-29T16:24:02Z,22.13,52.37,44,0,29.49,101.10,8.00,455.00,null,null,null
2023-08-29T16:25:02Z,22.09,52.40,43,0,26.50,101.09,9.00,460.00,0,0,0
2023-08-29T16:26:02Z,22.09,52.33,43,0,29.61,101.09,7.00,451.00,null,null,null
2023-08-29T16:27:02Z,22.09,52.33,43,0,29.38,101.08,8.00,455.00,null,null,null
2023-08-29T16:28:02Z,22.12,52.33,43,0,30.36,101.08,8.00,455.00,null,null,null
2023-08-29T16:29:02Z,22.15,52.43,43,0,28.51,101.09,8.00,455.00,null,null,null
2023-08-29T16:30:02Z,22.10,52.48,43,0,32.52,101.09,9.00,464.00,0,0,0
2023-08-29T16:31:02Z,22.12,52.48,43,0,50.20,101.09,9.00,464.00,null,null,null
2023-08-29T16:32:02Z,22.12,52.48,43,0,31.77,101.09,11.00,478.00,null,null,null
2023-08-29T16:33:02Z,22.12,52.52,44,0,32.08,101.08,14.00,493.00,null,null,null
2023-08-29T16:34:02Z,22.15,52.46,44,0,29.31,101.09,14.00,498.00,null,null,null
2023-08-29T16:35:02Z,22.10,52.57,43,0,30.97,101.08,13.00,488.00,0,0,0
2023-08-29T16:36:02Z,22.10,52.67,43,0,29.53,101.08,12.00,483.00,null,null,null
2023-08-29T16:37:02Z,22.10,52.68,43,0,36.04,101.08,12.00,483.00,null,null,null
2023-08-29T16:38:02Z,22.10,52.70,43,0,26.99,101.08,11.00,478.00,null,null,null
2023-08-29T16:39:02Z,22.09,52.76,43,0,29.91,101.08,12.00,483.00,null,null,null
2023-08-29T16:40:02Z,22.09,52.83,43,0,29.49,101.08,11.00,473.00,0,0,0
2023-08-29T16:41:02Z,22.10,52.90,43,0,33.59,101.08,9.00,460.00,null,null,null
2023-08-29T16:42:02Z,22.10,52.93,43,0,38.59,101.08,7.00,450.00,null,null,null
2023-08-29T16:43:02Z,22.08,52.97,43,0,33.54,101.09,7.00,450.00,null,null,null
2023-08-29T16:44:02Z,22.08,53.02,43,0,35.71,101.09,8.00,455.00,null,null,null
2023-08-29T16:45:02Z,22.09,53.12,43,0,27.22,101.08,7.00,450.00,0,0,0
2023-08-29T16:46:02Z,22.09,53.12,43,0,27.97,101.08,7.00,446.00,null,null,null
2023-08-29T16:47:02Z,22.06,53.18,43,0,24.39,101.09,7.00,446.00,null,null,null
2023-08-29T16:48:02Z,22.08,53.23,43,0,40.93,101.08,5.00,436.00,null,null,null
2023-08-29T16:49:02Z,22.06,53.23,43,0,33.57,101.08,4.00,428.00,null,null,null
2023-08-29T16:50:02Z,22.06,53.27,43,0,31.84,101.09,2.00,416.00,0,0,0
2023-08-29T16:51:02Z,22.06,53.36,43,0,31.62,101.09,0.00,405.00,null,null,null
2023-08-29T16:52:02Z,22.04,53.38,43,0,33.33,101.09,0.00,400.00,null,null,null
2023-08-29T16:53:02Z,22.03,53.40,43,0,29.62,101.09,0.00,400.00,null,null,null
2023-08-29T16:54:02Z,22.02,53.52,43,0,31.28,101.09,0.00,400.00,null,null,null
2023-08-29T16:55:02Z,22.02,53.51,43,0,36.04,101.08,0.00,400.00,0,0,0
2023-08-29T16:56:02Z,22.03,53.48,43,0,30.64,101.09,0.00,403.00,null,null,null
2023-08-29T16:57:02Z,21.97,53.52,43,0,29.67,101.09,0.00,403.00,null,null,null
2023-08-29T16:58:02Z,22.00,53.62,43,0,33.47,101.08,0.00,403.00,null,null,null
2023-08-29T16:59:02Z,21.97,53.70,43,0,31.57,101.08,0.00,400.00,null,null,null
2023-08-29T17:00:02Z,22.00,53.67,43,6,34.60,101.09,0.00,400.00,0,0,0
2023-08-29T17:01:02Z,22.00,53.74,43,13,27.12,101.08,0.00,400.00,null,null,null
2023-08-29T17:02:02Z,21.99,53.63,43,12,33.83,101.09,1.00,413.00,null,null,null
2023-08-29T17:03:02Z,22.02,53.80,43,12,29.70,101.08,6.00,442.00,null,null,null
2023-08-29T17:04:02Z,22.02,53.85,43,12,30.78,101.09,5.00,436.00,null,null,null
2023-08-29T17:05:02Z,22.00,53.91,43,12,29.44,101.09,5.00,436.00,0,0,0
2023-08-29T17:06:02Z,22.02,53.88,43,12,33.85,101.08,5.00,433.00,null,null,null
2023-08-29T17:07:02Z,22.00,53.94,43,12,32.14,101.08,6.00,444.00,null,null,null
2023-08-29T17:08:02Z,22.00,53.94,43,12,37.70,101.08,6.00,444.00,null,null,null
2023-08-29T17:09:02Z,21.99,54.12,43,12,27.55,101.08,6.00,444.00,null,null,null
2023-08-29T17:10:02Z,22.00,54.12,43,12,28.95,101.08,6.00,444.00,0,0,0
2023-08-29T17:11:02Z,22.02,54.11,43,12,29.11,101.08,6.00,444.00,null,null,null
2023-08-29T17:12:02Z,22.02,54.09,43,12,39.18,101.08,6.00,444.00,null,null,null
2023-08-29T17:13:02Z,22.02,54.17,43,11,28.37,101.08,8.00,457.00,null,null,null
2023-08-29T17:14:02Z,22.00,54.27,43,11,28.66,101.08,9.00,461.00,null,null,null
2023-08-29T17:15:02Z,22.00,54.28,43,11,37.10,101.08,8.00,456.00,0,0,0
2023-08-29T17:16:02Z,22.00,54.32,43,11,32.22,101.08,7.00,452.00,null,null,null
2023-08-29T17:17:02Z,21.99,54.30,43,11,42.80,101.08,8.00,456.00,null,null,null
2023-08-29T17:18:02Z,21.96,54.37,43,11,28.58,101.08,8.00,459.00,null,null,null
2023-08-29T17:19:02Z,21.99,54.34,43,11,34.66,101.08,10.00,470.00,null,null,null
2023-08-29T17:20:02Z,21.97,54.52,43,11,34.56,101.08,10.00,470.00,0,0,0
2023-08-29T17:21:02Z,22.00,54.46,43,11,35.81,101.07,9.00,465.00,null,null,null
2023-08-29T17:22:02Z,21.96,54.45,43,11,33.30,101.07,10.00,470.00,null,null,null
2023-08-29T17:23:02Z,21.97,54.48,43,11,34.95,101.07,12.00,485.00,null,null,null
2023-08-29T17:24:02Z,21.97,54.45,43,11,28.63,101.08,13.00,491.00,null,null,null
2023-08-29T17:25:02Z,21.97,54.55,43,11,32.12,101.08,14.00,495.00,0,0,0
2023-08-29T17:26:02Z,21.99,54.56,43,11,35.36,101.08,14.00,497.00,null,null,null
2023-08-29T17:27:02Z,22.00,54.74,43,11,27.69,101.08,14.00,495.00,null,null,null
2023-08-29T17:28:02Z,21.97,54.80,43,11,33.58,101.08,11.00,475.00,null,null,null
2023-08-29T17:29:02Z,21.99,54.78,43,11,32.92,101.08,10.00,466.00,null,null,null
2023-08-29T17:30:02Z,21.95,54.91,43,11,40.51,101.08,7.00,451.00,0,0,0
2023-08-29T17:31:02Z,21.95,55.01,43,11,26.24,101.08,6.00,443.00,null,null,null
2023-08-29T17:32:02Z,21.93,55.09,43,11,42.29,101.07,3.00,425.00,null,null,null
2023-08-29T17:33:02Z,21.93,55.00,43,11,32.01,101.07,3.00,425.00,null,null,null
2023-08-29T17:34:02Z,21.92,54.96,43,11,28.77,101.07,5.00,434.00,null,null,null
2023-08-29T17:35:02Z,21.91,55.08,43,11,31.37,101.07,5.00,434.00,0,0,0
2023-08-29T17:36:02Z,21.93,54.95,43,11,28.30,101.07,3.00,425.00,null,null,null
2023-08-29T17:37:02Z,21.95,54.89,43,11,41.38,101.07,3.00,425.00,null,null,null
2023-08-29T17:38:02Z,21.92,54.96,43,11,27.99,101.07,4.00,427.00,null,null,null
2023-08-29T17:39:02Z,21.92,55.00,43,11,34.38,101.07,5.00,439.00,null,null,null
2023-08-29T17:40:02Z,21.91,55.02,43,11,38.38,101.07,6.00,443.00,0,0,0
2023-08-29T17:41:02Z,21.93,54.99,43,11,37.95,101.07,5.00,439.00,null,null,null
2023-08-29T17:42:02Z,21.93,55.00,43,13,26.93,101.07,7.00,447.00,null,null,null
2023-08-29T17:43:02Z,21.91,55.10,43,13,49.86,101.07,7.00,447.00,null,null,null
2023-08-29T17:44:02Z,21.93,54.97,43,13,46.26,101.07,6.00,443.00,null,null,null
2023-08-29T17:45:02Z,21.93,55.06,43,13,34.99,101.06,7.00,447.00,0,0,0
2023-08-29T17:46:02Z,21.93,55.16,43,13,29.44,101.06,7.00,451.00,null,null,null
2023-08-29T17:47:02Z,21.95,55.05,43,6,28.74,101.06,7.00,447.00,null,null,null
