TIME,TEMP,HUM,BATT,LIGHT,NOISE_A,PRESS,CCS811_VOCS,CCS811_ECO2,PM_1,PM_25,PM_10
ISO 8601,C,%,%,Lux,dBA,kPa,ppb,ppm,ug/m3,ug/m3,ug/m3
Time,Temperature,Humidity,Battery,Light,Noise dBA,Barometric pressure,VOC Gas CCS811,eCO2 Gas CCS811,PM 1.0,PM 2.5,PM 10.0
,55,56,10,14,53,58,113,112,89,87,88
2023-08-21T00:00:03Z,24.38,63.85,99,0,21.71,102.46,53.00,749.00,0,0,0
2023-08-21T00:01:03Z,24.38,63.56,99,0,30.36,102.46,53.00,749.00,null,null,null
2023-08-21T00:02:03Z,24.37,63.61,99,0,26.31,102.46,54.00,757.00,null,null,null
2023-08-21T00:03:03Z,24.37,63.69,99,0,30.40,102.46,54.00,757.00,null,null,null
2023-08-21T00:04:03Z,24.37,63.57,99,0,23.35,102.46,53.00,748.00,null,null,null
2023-08-21T00:05:03Z,24.34,63.47,99,0,30.05,102.46,48.00,719.00,0,0,0
2023-08-21T00:06:03Z,24.35,63.52,99,0,28.60,102.47,45.00,700.00,null,null,null
2023-08-21T00:07:03Z,24.31,63.41,99,0,25.67,102.46,41.00,674.00,null,null,null
2023-08-21T00:08:03Z,24.28,63.36,99,0,29.37,102.46,41.00,674.00,null,null,null
2023-08-21T00:09:03Z,24.29,63.46,99,0,24.61,102.46,37.00,649.00,null,null,null
2023-08-21T00:10:03Z,24.27,63.60,99,0,26.62,102.46,41.00,674.00,0,0,0
2023-08-21T00:11:03Z,24.28,63.47,99,0,42.71,102.47,39.00,656.00,null,null,null
2023-08-21T00:12:03Z,24.27,63.68,99,0,38.27,102.46,40.00,666.00,null,null,null
2023-08-21T00:13:03Z,24.25,63.52,99,0,23.10,102.46,39.00,656.00,null,null,null
2023-08-21T00:14:03Z,24.24,63.59,99,0,25.38,102.46,37.00,649.00,null,null,null
2023-08-21T00:15:03Z,24.21,63.54,99,0,30.78,102.46,45.00,700.00,0,0,0
2023-08-21T00:16:03Z,24.23,63.44,99,0,26.31,102.46,43.00,683.00,null,null,null
2023-08-21T00:17:03Z,24.23,63.45,99,0,26.95,102.46,45.00,700.00,null,null,null
2023-08-21T00:18:03Z,24.21,63.53,99,0,45.61,102.46,45.00,700.00,null,null,null
2023-08-21T00:19:03Z,24.20,63.49,99,0,40.13,102.46,41.00,675.00,null,null,null
2023-08-21T00:20:03Z,24.18,63.51,99,0,27.64,102.46,40.00,668.00,0,0,0
2023-08-21T00:21:03Z,24.18,63.49,99,0,26.89,102.46,43.00,683.00,null,null,null
2023-08-21T00:22:03Z,24.20,63.66,99,0,30.18,102.46,43.00,683.00,null,null,null
2023-08-21T00:23:03Z,24.17,63.53,99,0,26.11,102.46,43.00,688.00,null,null,null
2023-08-21T00:24:03Z,24.21,63.54,99,0,22.49,102.45,46.00,708.00,null,null,null
2023-08-21T00:25:03Z,24.21,63.59,99,0,27.14,102.45,47.00,715.00,0,0,0
2023-08-21T00:26:03Z,24.23,63.52,99,0,26.55,102.46,46.00,708.00,null,null,null
2023-08-21T00:27:03Z,24.20,63.61,99,0,27.28,102.46,45.00,700.00,null,null,null
2023-08-21T00:28:03Z,24.18,63.68,99,0,24.39,102.46,45.00,700.00,null,null,null
2023-08-21T00:29:03Z,24.16,63.68,99,0,25.56,102.46,41.00,675.00,null,null,null
2023-08-21T00:30:03Z,24.14,63.68,99,0,27.44,102.46,41.00,675.00,0,0,0
2023-08-21T00:31:03Z,24.13,63.69,99,0,26.84,102.45,40.00,668.00,null,null,null
2023-08-21T00:32:03Z,24.13,63.67,99,0,34.59,102.46,39.00,656.00,null,null,null
2023-08-21T00:33:03Z,24.11,63.56,99,0,25.03,102.45,36.00,641.00,null,null,null
2023-08-21T00:34:03Z,24.10,63.75,99,0,30.91,102.46,37.00,649.00,null,null,null
2023-08-21T00:35:03Z,24.07,63.70,99,0,24.68,102.45,38.00,650.00,0,0,0
2023-08-21T00:36:03Z,24.13,63.68,99,0,26.14,102.45,39.00,656.00,null,null,null
2023-08-21T00:37:03Z,24.11,63.77,99,0,29.26,102.45,39.00,656.00,null,null,null
2023-08-21T00:38:03Z,24.10,63.77,99,0,32.26,102.45,39.00,660.00,null,null,null
2023-08-21T00:39:03Z,24.10,63.88,99,0,31.62,102.45,37.00,643.00,null,null,null
2023-08-21T00:40:03Z,24.06,64.07,99,0,26.53,102.44,36.00,637.00,0,0,0
2023-08-21T00:41:03Z,24.07,63.84,99,0,35.39,102.45,34.00,629.00,null,null,null
2023-08-21T00:42:03Z,24.07,63.94,99,0,24.93,102.45,37.00,643.00,null,null,null
2023-08-21T00:43:03Z,24.08,63.98,99,0,28.23,102.46,38.00,650.00,null,null,null
2023-08-21T00:44:03Z,24.04,63.91,99,0,24.65,102.45,38.00,650.00,null,null,null
2023-08-21T00:45:03Z,24.06,63.95,99,0,26.73,102.45,36.00,637.00,0,0,0
2023-08-21T00:46:03Z,24.04,63.97,99,0,27.18,102.45,36.00,637.00,null,null,null
2023-08-21T00:47:03Z,24.01,63.98,99,0,29.49,102.45,33.00,623.00,null,null,null
2023-08-21T00:48:03Z,24.01,63.89,99,0,25.19,102.45,33.00,623.00,null,null,null
2023-08-21T00:49:03Z,23.96,63.88,99,0,25.44,102.45,34.00,629.00,null,null,null
2023-08-21T00:50:03Z,24.00,64.15,99,11,24.79,102.45,36.00,637.00,0,0,0
2023-08-21T00:51:03Z,23.98,64.21,99,10,40.68,102.45,37.00,643.00,null,null,null
2023-08-21T00:52:03Z,23.98,64.23,99,10,38.17,102.45,37.00,643.00,null,null,null
2023-08-21T00:53:03Z,24.00,67.46,99,10,37.77,102.45,41.00,671.00,null,null,null
2023-08-21T00:54:03Z,24.03,65.80,99,10,40.02,102.46,39.00,657.00,null,null,null
2023-08-21T00:55:03Z,24.00,66.84,99,10,27.84,102.46,42.00,678.00,0,0,0
2023-08-21T00:56:03Z,24.03,69.79,99,10,35.81,102.45,40.00,665.00,null,null,null
2023-08-21T00:57:03Z,24.07,70.12,99,8,29.13,102.46,37.00,645.00,null,null,null
2023-08-21T00:58:03Z,24.04,66.70,99,8,28.98,102.46,39.00,659.00,null,null,null
2023-08-21T00:59:03Z,24.07,66.81,99,7,30.88,102.46,47.00,712.00,null,null,null
2023-08-21T01:00:03Z,24.06,65.85,99,7,37.17,102.46,47.00,715.00,0,0,0
2023-08-21T01:01:03Z,24.10,66.10,99,6,28.23,102.46,48.00,719.00,null,null,null
2023-08-21T01:02:03Z,24.11,66.04,99,6,29.98,102.46,55.00,763.00,null,null,null
2023-08-21T01:03:03Z,24.11,65.69,99,6,28.28,102.46,56.00,772.00,null,null,null
2023-08-21T01:04:03Z,24.11,65.40,99,6,26.36,102.46,58.00,787.00,null,null,null
2023-08-21T01:05:03Z,24.13,66.10,99,6,47.18,102.46,60.00,798.00,0,0,0
2023-08-21T01:06:03Z,24.16,65.86,99,7,25.92,102.46,62.00,810.00,null,null,null
2023-08-21T01:07:03Z,24.18,65.76,99,7,25.59,102.46,65.00,830.00,null,null,null
2023-08-21T01:08:03Z,24.20,65.76,99,7,22.89,102.46,67.00,840.00,null,null,null
2023-08-21T01:09:03Z,24.18,65.71,99,7,24.11,102.46,71.00,868.00,null,null,null
2023-08-21T01:10:03Z,24.21,65.62,99,7,24.46,102.46,77.00,907.00,0,0,0
2023-08-21T01:11:03Z,24.21,65.53,99,7,26.60,102.46,80.00,930.00,null,null,null
2023-08-21T01:12:03Z,24.24,65.39,99,7,26.14,102.46,82.00,942.00,null,null,null
2023-08-21T01:13:03Z,24.25,65.31,99,7,25.65,102.46,87.00,972.00,null,null,null
2023-08-21T01:14:03Z,24.24,65.18,99,7,27.68,102.46,74.00,891.00,null,null,null
2023-08-21T01:15:03Z,24.25,65.11,99,7,23.15,102.46,92.00,1004.00,0,0,0
2023-08-21T01:16:03Z,24.29,65.06,99,7,24.54,102.46,83.00,951.00,null,null,null
2023-08-21T01:17:03Z,24.28,65.05,99,7,26.46,102.46,85.00,961.00,null,null,null
2023-08-21T01:18:03Z,24.31,64.95,99,7,24.39,102.46,85.00,961.00,null,null,null
2023-08-21T01:19:03Z,24.32,64.90,99,7,24.39,102.46,89.00,987.00,null,null,null
2023-08-21T01:20:03Z,24.31,64.88,99,7,25.98,102.47,91.00,1001.00,0,0,0
2023-08-21T01:21:03Z,24.35,64.81,99,0,25.73,102.47,93.00,1012.00,null,null,null
2023-08-21T01:22:03Z,24.35,64.69,99,0,23.72,102.47,95.00,1029.00,null,null,null
2023-08-21T01:23:03Z,24.35,64.72,99,0,25.98,102.47,95.00,1029.00,null,null,null
2023-08-21T01:24:03Z,24.38,64.74,99,0,22.43,102.47,100.00,1060.00,null,null,null
2023-08-21T01:25:03Z,24.35,64.73,99,0,34.94,102.47,100.00,1060.00,0,0,0
2023-08-21T01:26:03Z,24.38,64.66,99,0,24.07,102.46,102.00,1074.00,null,null,null
2023-08-21T01:27:03Z,24.39,64.64,99,0,25.73,102.47,102.00,1074.00,null,null,null
2023-08-21T01:28:03Z,24.39,64.53,99,0,24.46,102.47,102.00,1074.00,null,null,null
2023-08-21T01:29:03Z,24.38,64.50,99,0,25.13,102.46,106.00,1102.00,null,null,null
2023-08-21T01:30:03Z,24.39,64.42,99,0,25.00,102.47,106.00,1102.00,0,0,0
2023-08-21T01:31:03Z,24.42,64.43,99,0,28.61,102.46,109.00,1122.00,null,null,null
2023-08-21T01:32:03Z,24.47,64.37,99,0,27.71,102.46,106.00,1102.00,null,null,null
2023-08-21T01:33:03Z,24.45,64.45,99,0,30.34,102.47,109.00,1122.00,null,null,null
2023-08-21T01:34:03Z,24.45,64.49,99,0,27.20,102.47,111.00,1134.00,null,null,null
2023-08-21T01:35:03Z,24.45,64.27,99,0,30.90,102.47,111.00,1134.00,0,0,0
2023-08-21T01:36:03Z,24.47,64.25,99,0,25.53,102.46,109.00,1122.00,null,null,null
2023-08-21T01:37:03Z,24.48,63.96,99,0,25.90,102.47,114.00,1153.00,null,null,null
2023-08-21T01:38:03Z,24.48,64.17,99,0,27.22,102.46,115.00,1159.00,null,null,null
2023-08-21T01:39:03Z,24.49,64.02,99,0,25.70,102.46,110.00,1128.00,null,null,null
2023-08-21T01:40:03Z,24.47,63.82,99,0,25.73,102.47,115.00,1159.00,0,0,0
2023-08-21T01:41:03Z,24.51,63.87,99,0,28.04,102.46,112.00,1140.00,null,null,null
2023-08-21T01:42:03Z,24.52,63.85,99,0,26.97,102.46,115.00,1159.00,null,null,null
2023-08-21T01:43:03Z,24.52,63.92,99,0,24.19,102.46,112.00,1140.00,null,null,null
2023-08-21T01:44:03Z,24.52,63.81,99,0,32.62,102.46,112.00,1140.00,null,null,null
2023-08-21T01:45:03Z,24.52,63.92,99,0,32.91,102.45,112.00,1140.00,0,0,0
2023-08-21T01:46:03Z,24.54,63.84,99,0,29.53,102.46,112.00,1140.00,null,null,null
2023-08-21T01:47:03Z,24.57,63.91,99,0,33.51,102.46,115.00,1159.00,null,null,null
2023-08-21T01:48:03Z,24.54,63.72,99,0,33.17,102.46,112.00,1140.00,null,null,null
2023-08-21T01:49:03Z,24.57,63.71,99,0,31.07,102.46,114.00,1150.00,null,null,null
2023-08-21T01:50:03Z,24.55,63.86,99,0,30.61,102.46,117.00,1171.00,0,0,0
2023-08-21T01:51:03Z,24.58,63.57,99,0,30.66,102.46,115.00,1159.00,null,null,null
2023-08-21T01:52:03Z,24.58,63.61,99,0,28.12,102.46,117.00,1171.00,null,null,null
2023-08-21T01:53:03Z,24.59,63.51,99,0,26.95,102.46,119.00,1184.00,null,null,null
2023-08-21T01:54:03Z,24.59,63.49,99,0,28.22,102.45,117.00,1171.00,null,null,null
2023-08-21T01:55:03Z,24.57,63.53,99,0,29.87,102.45,119.00,1184.00,0,0,0
2023-08-21T01:56:03Z,24.59,63.42,99,0,30.21,102.45,117.00,1171.00,null,null,null
2023-08-21T01:57:03Z,24.62,63.35,99,0,28.06,102.45,119.00,1184.00,null,null,null
2023-08-21T01:58:03Z,24.61,63.41,99,0,28.77,102.45,117.00,1171.00,null,null,null
2023-08-21T01:59:03Z,24.65,63.46,99,0,28.70,102.45,119.00,1184.00,null,null,null
2023-08-21T02:00:03Z,24.59,63.41,99,0,33.24,102.45,117.00,1171.00,0,0,0
2023-08-21T02:01:03Z,24.65,63.35,99,0,28.91,102.45,121.00,1198.00,null,null,null
2023-08-21T02:02:03Z,24.64,63.27,99,0,32.79,102.45,121.00,1198.00,null,null,null
2023-08-21T02:03:03Z,24.64,63.54,99,0,24.46,102.46,121.00,1198.00,null,null,null
2023-08-21T02:04:03Z,24.65,63.31,99,0,27.92,102.45,121.00,1198.00,null,null,null
2023-08-21T02:05:03Z,24.65,63.33,99,0,29.63,102.45,121.00,1198.00,0,0,0
2023-08-21T02:06:03Z,24.68,63.22,99,0,26.29,102.45,125.00,1224.00,null,null,null
2023-08-21T02:07:03Z,24.68,63.25,99,0,36.04,102.46,127.00,1238.00,null,null,null
2023-08-21T02:08:03Z,24.65,63.18,99,0,28.73,102.46,121.00,1198.00,null,null,null
2023-08-21T02:09:03Z,24.67,63.25,99,0,29.90,102.46,123.00,1212.00,null,null,null
2023-08-21T02:10:03Z,24.68,63.14,99,0,26.73,102.47,125.00,1224.00,0,0,0
2023-08-21T02:11:03Z,24.69,63.14,99,0,27.57,102.46,123.00,1212.00,null,null,null
2023-08-21T02:12:03Z,24.72,63.13,99,0,29.56,102.46,127.00,1238.00,null,null,null
2023-08-21T02:13:03Z,24.69,63.18,99,0,28.06,102.47,127.00,1238.00,null,null,null
2023-08-21T02:14:03Z,24.71,63.10,99,0,27.30,102.47,129.00,1252.00,null,null,null
2023-08-21T02:15:03Z,24.69,63.13,99,0,34.65,102.47,127.00,1238.00,0,0,0
2023-08-21T02:16:03Z,24.71,63.10,99,0,30.41,102.47,129.00,1252.00,null,null,null
2023-08-21T02:17:03Z,24.71,63.07,99,0,26.29,102.47,129.00,1252.00,null,null,null
2023-08-21T02:18:03Z,24.71,63.04,99,0,27.42,102.47,129.00,1252.00,null,null,null
2023-08-21T02:19:03Z,24.71,63.04,99,0,23.94,102.47,129.00,1252.00,null,null,null
2023-08-21T02:20:03Z,24.72,63.18,99,0,30.70,102.47,129.00,1252.00,0,0,0
2023-08-21T02:21:03Z,24.71,63.28,99,0,29.87,102.47,129.00,1252.00,null,null,null
2023-08-21T02:22:03Z,24.74,63.08,99,0,25.73,102.46,134.00,1285.00,null,null,null
2023-08-21T02:23:03Z,24.74,63.02,99,0,24.65,102.47,132.00,1270.00,null,null,null
2023-08-21T02:24:03Z,24.71,62.98,99,0,28.22,102.47,134.00,1285.00,null,null,null
2023-08-21T02:25:03Z,24.71,62.94,99,0,31.74,102.47,132.00,1270.00,0,0,0
2023-08-21T02:26:03Z,24.74,63.35,99,0,34.59,102.47,132.00,1270.00,null,null,null
2023-08-21T02:27:03Z,24.74,62.99,99,0,28.44,102.47,132.00,1270.00,null,null,null
2023-08-21T02:28:03Z,24.75,62.96,99,0,33.61,102.47,134.00,1285.00,null,null,null
2023-08-21T02:29:03Z,24.75,63.19,99,0,30.04,102.47,121.00,1195.00,null,null,null
2023-08-21T02:30:03Z,24.74,62.98,99,0,29.86,102.47,118.00,1181.00,0,0,0
2023-08-21T02:31:03Z,24.75,62.97,99,0,25.29,102.46,134.00,1285.00,null,null,null
2023-08-21T02:32:03Z,24.76,62.93,99,0,25.19,102.46,121.00,1195.00,null,null,null
2023-08-21T02:33:03Z,24.78,62.80,99,0,25.09,102.46,118.00,1181.00,null,null,null
2023-08-21T02:34:03Z,24.75,62.81,99,0,27.02,102.46,121.00,1195.00,null,null,null
2023-08-21T02:35:03Z,24.76,62.86,99,0,22.24,102.46,118.00,1181.00,0,0,0
2023-08-21T02:36:03Z,24.76,62.81,99,0,23.98,102.47,118.00,1181.00,null,null,null
2023-08-21T02:37:03Z,24.75,62.80,99,0,25.41,102.47,116.00,1163.00,null,null,null
2023-08-21T02:38:03Z,24.79,62.83,99,0,24.27,102.47,116.00,1163.00,null,null,null
2023-08-21T02:39:03Z,24.76,62.84,99,0,27.78,102.47,116.00,1163.00,null,null,null
2023-08-21T02:40:03Z,24.78,62.75,99,0,23.10,102.47,116.00,1163.00,0,0,0
2023-08-21T02:41:03Z,24.78,62.73,99,0,26.38,102.47,116.00,1163.00,null,null,null
2023-08-21T02:42:03Z,24.78,62.65,99,0,25.90,102.47,118.00,1178.00,null,null,null
2023-08-21T02:43:03Z,24.80,62.62,99,0,23.77,102.47,118.00,1178.00,null,null,null
2023-08-21T02:44:03Z,24.79,63.00,99,0,26.78,102.47,118.00,1178.00,null,null,null
2023-08-21T02:45:03Z,24.79,62.98,99,0,25.38,102.47,116.00,1163.00,0,0,0
2023-08-21T02:46:03Z,24.80,63.10,99,0,23.25,102.47,121.00,1195.00,null,null,null
2023-08-21T02:47:03Z,24.80,63.15,99,0,30.07,102.47,121.00,1195.00,null,null,null
2023-08-21T02:48:03Z,24.79,62.67,99,0,24.61,102.47,124.00,1215.00,null,null,null
2023-08-21T02:49:03Z,24.79,62.62,99,0,27.14,102.47,122.00,1207.00,null,null,null
2023-08-21T02:50:03Z,24.79,62.66,99,0,27.10,102.47,121.00,1195.00,0,0,0
2023-08-21T02:51:03Z,24.79,62.72,99,0,36.00,102.47,121.00,1195.00,null,null,null
2023-08-21T02:52:03Z,24.80,62.59,99,0,24.39,102.47,118.00,1178.00,null,null,null
2023-08-21T02:53:03Z,24.80,62.58,99,0,26.19,102.47,118.00,1178.00,null,null,null
2023-08-21T02:54:03Z,24.80,62.59,99,0,27.28,102.47,118.00,1178.00,null,null,null
2023-08-21T02:55:03Z,24.80,62.59,99,0,30.98,102.48,118.00,1178.00,0,0,0
2023-08-21T02:56:03Z,24.82,62.51,99,0,23.63,102.47,118.00,1178.00,null,null,null
2023-08-21T02:57:03Z,24.82,62.49,99,0,27.80,102.48,118.00,1178.00,null,null,null
2023-08-21T02:58:03Z,24.82,62.50,99,0,25.47,102.48,116.00,1163.00,null,null,null
2023-08-21T02:59:03Z,24.83,62.47,99,0,28.22,102.49,116.00,1163.00,null,null,null
