TIME,TEMP,HUM,BATT,LIGHT,NOISE_A,PRESS,CCS811_VOCS,CCS811_ECO2,PM_1,PM_25,PM_10
ISO 8601,C,%,%,Lux,dBA,kPa,ppb,ppm,ug/m3,ug/m3,ug/m3
Time,Temperature,Humidity,Battery,Light,Noise dBA,Barometric pressure,VOC Gas CCS811,eCO2 Gas CCS811,PM 1.0,PM 2.5,PM 10.0
,55,56,10,14,53,58,113,112,89,87,88
2023-09-16T00:00:03Z,25.69,58.02,99,0,26.60,101.31,37.00,643.00,0,0,0
2023-09-16T00:01:03Z,25.70,57.99,99,0,27.92,101.31,33.00,623.00,null,null,null
2023-09-16T00:02:03Z,25.70,57.97,99,0,28.96,101.31,37.00,643.00,null,null,null
2023-09-16T00:03:03Z,25.70,57.98,99,0,26.38,101.32,37.00,643.00,null,null,null
2023-09-16T00:04:03Z,25.70,57.98,99,0,27.40,101.32,35.00,633.00,null,null,null
2023-09-16T00:05:03Z,25.69,58.00,99,0,27.06,101.32,37.00,643.00,0,0,0
2023-09-16T00:06:03Z,25.69,57.93,99,0,27.08,101.32,34.00,629.00,null,null,null
2023-09-16T00:07:03Z,25.70,57.93,99,0,27.62,101.32,35.00,633.00,null,null,null
2023-09-16T00:08:03Z,25.70,57.97,99,0,26.38,101.32,37.00,643.00,null,null,null
2023-09-16T00:09:03Z,25.69,58.00,99,0,25.65,101.31,35.00,633.00,null,null,null
2023-09-16T00:10:03Z,25.70,57.99,99,0,26.48,101.32,38.00,650.00,0,0,0
2023-09-16T00:11:03Z,25.69,57.98,99,0,29.12,101.32,34.00,629.00,null,null,null
2023-09-16T00:12:03Z,25.68,57.92,99,0,26.31,101.31,37.00,643.00,null,null,null
2023-09-16T00:13:03Z,25.72,57.97,99,0,26.91,101.31,37.00,643.00,null,null,null
2023-09-16T00:14:03Z,25.70,58.00,99,0,26.26,101.31,37.00,643.00,null,null,null
2023-09-16T00:15:03Z,25.70,57.93,99,0,26.50,101.31,38.00,650.00,0,0,0
2023-09-16T00:16:03Z,25.70,57.98,99,0,26.69,101.31,35.00,633.00,null,null,null
2023-09-16T00:17:03Z,25.72,57.92,99,0,30.55,101.31,38.00,650.00,null,null,null
2023-09-16T00:18:03Z,25.70,57.98,99,0,29.35,101.31,35.00,633.00,null,null,null
2023-09-16T00:19:03Z,25.69,57.97,99,0,28.64,101.31,37.00,643.00,null,null,null
2023-09-16T00:20:03Z,25.69,57.96,99,0,29.58,101.31,35.00,633.00,0,0,0
2023-09-16T00:21:03Z,25.69,57.99,99,0,28.88,101.31,38.00,650.00,null,null,null
2023-09-16T00:22:03Z,25.72,57.93,99,0,26.89,101.31,35.00,633.00,null,null,null
2023-09-16T00:23:03Z,25.69,57.93,99,0,28.14,101.31,37.00,643.00,null,null,null
2023-09-16T00:24:03Z,25.68,57.93,99,0,25.87,101.31,37.00,643.00,null,null,null
2023-09-16T00:25:03Z,25.69,57.94,99,0,27.92,101.31,37.00,643.00,0,0,0
2023-09-16T00:26:03Z,25.70,57.92,99,0,25.98,101.30,38.00,650.00,null,null,null
2023-09-16T00:27:03Z,25.69,57.91,99,0,27.73,101.30,38.00,650.00,null,null,null
2023-09-16T00:28:03Z,25.68,57.93,99,0,27.28,101.30,38.00,650.00,null,null,null
2023-09-16T00:29:03Z,25.70,57.92,99,0,25.26,101.30,38.00,650.00,null,null,null
2023-09-16T00:30:03Z,25.65,57.94,99,0,27.34,101.30,38.00,650.00,0,0,0
2023-09-16T00:31:03Z,25.69,57.93,99,0,26.03,101.30,37.00,643.00,null,null,null
2023-09-16T00:32:03Z,25.72,57.88,99,0,26.41,101.30,39.00,657.00,null,null,null
2023-09-16T00:33:03Z,25.68,57.92,99,0,28.84,101.30,38.00,650.00,null,null,null
2023-09-16T00:34:03Z,25.70,57.88,99,0,28.51,101.30,38.00,650.00,null,null,null
2023-09-16T00:35:03Z,25.68,57.93,99,0,25.22,101.29,39.00,657.00,0,0,0
2023-09-16T00:36:03Z,25.69,57.87,99,0,27.60,101.30,38.00,650.00,null,null,null
2023-09-16T00:37:03Z,25.69,57.90,99,0,27.24,101.30,39.00,657.00,null,null,null
2023-09-16T00:38:03Z,25.66,57.91,99,0,29.22,101.30,39.00,657.00,null,null,null
2023-09-16T00:39:03Z,25.69,57.91,99,0,26.78,101.29,39.00,657.00,null,null,null
2023-09-16T00:40:03Z,25.68,57.89,99,0,29.00,101.29,39.00,657.00,0,0,0
2023-09-16T00:41:03Z,25.69,57.88,99,0,26.31,101.29,39.00,657.00,null,null,null
2023-09-16T00:42:03Z,25.68,57.88,99,0,32.21,101.30,39.00,657.00,null,null,null
2023-09-16T00:43:03Z,25.68,57.89,99,0,27.51,101.30,39.00,657.00,null,null,null
2023-09-16T00:44:03Z,25.68,57.91,99,0,25.67,101.30,39.00,657.00,null,null,null
2023-09-16T00:45:03Z,25.68,57.89,99,0,25.87,101.30,39.00,657.00,0,0,0
2023-09-16T00:46:03Z,25.68,57.89,99,0,26.21,101.30,40.00,668.00,null,null,null
2023-09-16T00:47:03Z,25.68,57.87,99,0,27.60,101.30,39.00,657.00,null,null,null
2023-09-16T00:48:03Z,25.68,57.85,99,0,28.14,101.30,40.00,668.00,null,null,null
2023-09-16T00:49:03Z,25.68,57.85,99,0,28.20,101.30,40.00,668.00,null,null,null
2023-09-16T00:50:03Z,25.66,57.92,99,0,26.38,101.30,40.00,668.00,0,0,0
2023-09-16T00:51:03Z,25.68,57.89,99,0,26.73,101.30,40.00,668.00,null,null,null
2023-09-16T00:52:03Z,25.68,57.86,99,0,27.04,101.29,40.00,668.00,null,null,null
2023-09-16T00:53:03Z,25.68,57.83,99,0,30.45,101.29,40.00,668.00,null,null,null
2023-09-16T00:54:03Z,25.63,57.85,99,0,29.69,101.29,40.00,668.00,null,null,null
2023-09-16T00:55:03Z,25.65,57.88,99,0,26.62,101.29,40.00,668.00,0,0,0
2023-09-16T00:56:03Z,25.66,57.86,99,0,27.75,101.29,40.00,668.00,null,null,null
2023-09-16T00:57:03Z,25.66,57.87,99,0,27.06,101.29,41.00,675.00,null,null,null
2023-09-16T00:58:03Z,25.68,57.88,99,0,30.02,101.29,40.00,668.00,null,null,null
2023-09-16T00:59:03Z,25.65,57.90,99,0,29.12,101.29,41.00,675.00,null,null,null
2023-09-16T01:00:03Z,25.66,57.87,99,0,29.42,101.29,41.00,675.00,0,0,0
2023-09-16T01:01:03Z,25.68,57.85,99,0,27.20,101.29,41.00,675.00,null,null,null
2023-09-16T01:02:03Z,25.68,57.82,99,0,27.94,101.29,41.00,675.00,null,null,null
2023-09-16T01:03:03Z,25.68,57.82,99,0,25.44,101.29,41.00,675.00,null,null,null
2023-09-16T01:04:03Z,25.66,57.85,99,0,28.83,101.29,41.00,675.00,null,null,null
2023-09-16T01:05:03Z,25.65,57.86,99,0,27.71,101.29,41.00,675.00,0,0,0
2023-09-16T01:06:03Z,25.65,57.86,99,0,27.24,101.29,41.00,675.00,null,null,null
2023-09-16T01:07:03Z,25.66,57.84,99,0,27.60,101.29,41.00,675.00,null,null,null
2023-09-16T01:08:03Z,25.66,57.85,99,0,29.41,101.29,41.00,675.00,null,null,null
2023-09-16T01:09:03Z,25.65,57.87,99,0,30.62,101.29,41.00,675.00,null,null,null
2023-09-16T01:10:03Z,25.65,57.83,99,0,28.88,101.29,41.00,675.00,0,0,0
2023-09-16T01:11:03Z,25.68,57.83,99,0,27.90,101.29,41.00,675.00,null,null,null
2023-09-16T01:12:03Z,25.68,57.81,99,0,29.76,101.29,43.00,683.00,null,null,null
2023-09-16T01:13:03Z,25.66,57.81,99,0,28.19,101.30,43.00,683.00,null,null,null
2023-09-16T01:14:03Z,25.66,57.77,99,0,27.69,101.29,43.00,683.00,null,null,null
2023-09-16T01:15:03Z,25.65,57.82,99,0,26.48,101.29,43.00,683.00,0,0,0
2023-09-16T01:16:03Z,25.65,57.80,99,0,28.30,101.30,43.00,683.00,null,null,null
2023-09-16T01:17:03Z,25.68,57.84,99,0,27.84,101.29,43.00,683.00,null,null,null
2023-09-16T01:18:03Z,25.65,57.79,99,0,26.97,101.29,43.00,683.00,null,null,null
2023-09-16T01:19:03Z,25.63,57.86,99,0,29.42,101.29,43.00,683.00,null,null,null
2023-09-16T01:20:03Z,25.63,57.81,99,0,28.17,101.29,43.00,683.00,0,0,0
2023-09-16T01:21:03Z,25.68,57.81,99,0,28.17,101.29,43.00,683.00,null,null,null
2023-09-16T01:22:03Z,25.66,57.79,99,0,29.36,101.29,44.00,690.00,null,null,null
2023-09-16T01:23:03Z,25.66,57.81,99,0,25.92,101.29,44.00,690.00,null,null,null
2023-09-16T01:24:03Z,25.63,57.82,99,0,26.82,101.29,43.00,683.00,null,null,null
2023-09-16T01:25:03Z,25.65,57.80,99,0,27.62,101.29,44.00,690.00,0,0,0
2023-09-16T01:26:03Z,25.66,57.77,99,0,28.28,101.29,43.00,683.00,null,null,null
2023-09-16T01:27:03Z,25.66,57.84,99,0,27.89,101.29,44.00,690.00,null,null,null
2023-09-16T01:28:03Z,25.65,57.79,99,0,28.07,101.29,45.00,700.00,null,null,null
2023-09-16T01:29:03Z,25.63,57.81,99,0,28.92,101.29,44.00,690.00,null,null,null
2023-09-16T01:30:03Z,25.63,57.80,99,0,28.33,101.29,44.00,690.00,0,0,0
2023-09-16T01:31:03Z,25.63,57.77,99,0,29.44,101.28,43.00,683.00,null,null,null
2023-09-16T01:32:03Z,25.63,57.77,99,0,26.78,101.28,44.00,690.00,null,null,null
2023-09-16T01:33:03Z,25.63,57.79,99,0,25.92,101.28,44.00,690.00,null,null,null
2023-09-16T01:34:03Z,25.63,57.77,99,0,25.98,101.28,44.00,690.00,null,null,null
2023-09-16T01:35:03Z,25.62,57.85,99,0,26.69,101.28,44.00,690.00,0,0,0
2023-09-16T01:36:03Z,25.63,57.81,99,0,25.22,101.27,43.00,683.00,null,null,null
2023-09-16T01:37:03Z,25.62,57.75,99,0,28.68,101.27,45.00,700.00,null,null,null
2023-09-16T01:38:03Z,25.63,57.77,99,0,26.87,101.27,44.00,690.00,null,null,null
2023-09-16T01:39:03Z,25.63,57.80,99,0,26.14,101.27,45.00,700.00,null,null,null
2023-09-16T01:40:03Z,25.63,57.81,99,0,29.37,101.27,42.00,678.00,0,0,0
2023-09-16T01:41:03Z,25.65,57.82,99,0,27.38,101.28,39.00,660.00,null,null,null
2023-09-16T01:42:03Z,25.63,57.77,99,0,31.16,101.27,42.00,678.00,null,null,null
2023-09-16T01:43:03Z,25.66,57.80,99,0,28.64,101.28,42.00,678.00,null,null,null
2023-09-16T01:44:03Z,25.63,57.83,99,0,28.52,101.27,41.00,674.00,null,null,null
2023-09-16T01:45:03Z,25.60,57.80,99,0,25.90,101.27,41.00,674.00,0,0,0
2023-09-16T01:46:03Z,25.62,57.81,99,0,29.96,101.27,42.00,678.00,null,null,null
2023-09-16T01:47:03Z,25.65,57.81,99,0,25.76,101.27,41.00,674.00,null,null,null
2023-09-16T01:48:03Z,25.62,57.77,99,0,25.47,101.27,42.00,678.00,null,null,null
2023-09-16T01:49:03Z,25.62,57.81,99,0,28.45,101.27,43.00,683.00,null,null,null
2023-09-16T01:50:03Z,25.63,57.85,99,0,27.12,101.27,43.00,683.00,0,0,0
2023-09-16T01:51:03Z,25.63,57.81,99,0,26.62,101.27,44.00,692.00,null,null,null
2023-09-16T01:52:03Z,25.63,57.78,99,0,25.79,101.27,43.00,683.00,null,null,null
2023-09-16T01:53:03Z,25.63,57.77,99,0,29.36,101.27,43.00,683.00,null,null,null
2023-09-16T01:54:03Z,25.63,57.81,99,0,26.84,101.27,43.00,683.00,null,null,null
2023-09-16T01:55:03Z,25.63,57.79,99,0,29.81,101.27,43.00,683.00,0,0,0
2023-09-16T01:56:03Z,25.63,57.79,99,0,29.30,101.27,42.00,678.00,null,null,null
2023-09-16T01:57:03Z,25.63,57.82,99,0,28.66,101.27,44.00,692.00,null,null,null
2023-09-16T01:58:03Z,25.65,57.86,99,0,29.50,101.27,44.00,692.00,null,null,null
2023-09-16T01:59:03Z,25.65,57.79,99,0,28.12,101.27,43.00,683.00,null,null,null
2023-09-16T02:00:03Z,25.62,57.81,99,0,27.40,101.27,44.00,692.00,0,0,0
2023-09-16T02:01:03Z,25.62,57.81,99,0,27.12,101.27,44.00,692.00,null,null,null
2023-09-16T02:02:03Z,25.66,57.80,99,0,30.29,101.27,44.00,692.00,null,null,null
2023-09-16T02:03:03Z,25.63,57.82,99,0,28.63,101.27,44.00,692.00,null,null,null
2023-09-16T02:04:03Z,25.63,57.83,99,0,29.38,101.27,44.00,692.00,null,null,null
2023-09-16T02:05:03Z,25.62,57.82,99,0,26.21,101.28,44.00,692.00,0,0,0
2023-09-16T02:06:03Z,25.65,57.82,99,0,25.95,101.28,44.00,692.00,null,null,null
2023-09-16T02:07:03Z,25.60,57.82,99,0,28.76,101.28,44.00,692.00,null,null,null
2023-09-16T02:08:03Z,25.63,57.81,99,0,30.23,101.28,44.00,692.00,null,null,null
2023-09-16T02:09:03Z,25.63,57.79,99,0,29.18,101.28,44.00,692.00,null,null,null
2023-09-16T02:10:03Z,25.63,57.80,99,0,27.45,101.28,44.00,692.00,0,0,0
2023-09-16T02:11:03Z,25.63,57.80,99,0,29.44,101.28,44.00,692.00,null,null,null
2023-09-16T02:12:03Z,25.62,57.81,99,0,27.02,101.28,44.00,692.00,null,null,null
2023-09-16T02:13:03Z,25.60,57.78,99,0,24.79,101.28,44.00,692.00,null,null,null
2023-09-16T02:14:03Z,25.62,57.79,99,0,24.86,101.28,44.00,692.00,null,null,null
2023-09-16T02:15:03Z,25.62,57.83,99,0,29.18,101.28,44.00,692.00,0,0,0
2023-09-16T02:16:03Z,25.62,57.77,99,0,28.51,101.28,45.00,700.00,null,null,null
2023-09-16T02:17:03Z,25.65,57.75,99,0,28.06,101.28,45.00,700.00,null,null,null
2023-09-16T02:18:03Z,25.63,57.74,99,0,26.87,101.28,44.00,692.00,null,null,null
2023-09-16T02:19:03Z,25.65,57.74,99,0,29.21,101.29,46.00,708.00,null,null,null
2023-09-16T02:20:03Z,25.62,57.77,99,0,27.42,101.29,45.00,700.00,0,0,0
2023-09-16T02:21:03Z,25.60,57.79,99,0,25.62,101.29,45.00,700.00,null,null,null
2023-09-16T02:22:03Z,25.63,57.76,99,0,31.53,101.29,45.00,700.00,null,null,null
2023-09-16T02:23:03Z,25.62,57.81,99,0,29.30,101.28,45.00,700.00,null,null,null
2023-09-16T02:24:03Z,25.60,57.77,99,0,27.34,101.29,45.00,700.00,null,null,null
2023-09-16T02:25:03Z,25.62,57.79,99,0,25.98,101.28,45.00,700.00,0,0,0
2023-09-16T02:26:03Z,25.57,57.83,99,0,29.49,101.28,44.00,692.00,null,null,null
2023-09-16T02:27:03Z,25.63,57.81,99,0,26.97,101.29,45.00,700.00,null,null,null
2023-09-16T02:28:03Z,25.62,57.83,99,0,29.81,101.29,44.00,692.00,null,null,null
2023-09-16T02:29:03Z,25.60,57.82,99,0,29.68,101.29,45.00,700.00,null,null,null
2023-09-16T02:30:03Z,25.59,57.78,99,0,27.22,101.29,45.00,700.00,0,0,0
2023-09-16T02:31:03Z,25.65,57.73,99,0,28.66,101.29,45.00,700.00,null,null,null
2023-09-16T02:32:03Z,25.63,57.75,99,0,29.76,101.29,46.00,708.00,null,null,null
2023-09-16T02:33:03Z,25.62,57.77,99,0,26.93,101.29,45.00,700.00,null,null,null
2023-09-16T02:34:03Z,25.59,57.76,99,0,28.11,101.29,45.00,700.00,null,null,null
2023-09-16T02:35:03Z,25.59,57.78,99,0,28.71,101.29,45.00,700.00,0,0,0
2023-09-16T02:36:03Z,25.59,57.73,99,0,28.57,101.29,45.00,700.00,null,null,null
2023-09-16T02:37:03Z,25.62,57.73,99,0,28.68,101.29,47.00,715.00,null,null,null
2023-09-16T02:38:03Z,25.62,57.73,99,0,27.24,101.29,46.00,708.00,null,null,null
2023-09-16T02:39:03Z,25.59,57.73,99,0,29.73,101.29,47.00,715.00,null,null,null
2023-09-16T02:40:03Z,25.60,57.77,99,0,27.34,101.28,46.00,708.00,0,0,0
2023-09-16T02:41:03Z,25.62,57.73,99,0,27.14,101.28,46.00,708.00,null,null,null
2023-09-16T02:42:03Z,25.63,57.73,99,0,30.06,101.28,47.00,715.00,null,null,null
2023-09-16T02:43:03Z,25.60,57.75,99,0,29.18,101.28,47.00,715.00,null,null,null
2023-09-16T02:44:03Z,25.60,57.70,99,0,27.87,101.28,46.00,708.00,null,null,null
2023-09-16T02:45:03Z,25.59,57.75,99,0,25.56,101.28,47.00,715.00,0,0,0
2023-09-16T02:46:03Z,25.59,57.76,99,0,28.91,101.28,46.00,708.00,null,null,null
2023-09-16T02:47:03Z,25.60,57.73,99,0,26.26,101.28,46.00,708.00,null,null,null
2023-09-16T02:48:03Z,25.59,57.73,99,0,27.26,101.28,47.00,715.00,null,null,null
2023-09-16T02:49:03Z,25.59,57.73,99,0,27.64,101.28,47.00,715.00,null,null,null
2023-09-16T02:50:03Z,25.60,57.78,99,0,25.62,101.28,47.00,715.00,0,0,0
2023-09-16T02:51:03Z,25.62,57.73,99,0,27.55,101.28,45.00,700.00,null,null,null
2023-09-16T02:52:03Z,25.60,57.68,99,0,30.63,101.28,47.00,715.00,null,null,null
2023-09-16T02:53:03Z,25.59,57.70,99,0,27.47,101.28,47.00,715.00,null,null,null
2023-09-16T02:54:03Z,25.59,57.70,99,0,27.89,101.27,47.00,715.00,null,null,null
2023-09-16T02:55:03Z,25.57,57.71,99,0,25.44,101.27,47.00,715.00,0,0,0
2023-09-16T02:56:03Z,25.60,57.73,99,0,28.23,101.27,45.00,700.00,null,null,null
2023-09-16T02:57:03Z,25.59,57.69,99,0,28.19,101.27,47.00,715.00,null,null,null
2023-09-16T02:58:03Z,25.60,57.71,99,0,27.94,101.27,46.00,708.00,null,null,null
2023-09-16T02:59:03Z,25.60,57.73,99,0,28.89,101.27,47.00,715.00,null,null,null
