TIME,TEMP,HUM,BATT,LIGHT,NOISE_A,PRESS,CCS811_VOCS,CCS811_ECO2,PM_1,PM_25,PM_10
ISO 8601,C,%,%,Lux,dBA,kPa,ppb,ppm,ug/m3,ug/m3,ug/m3
Time,Temperature,Humidity,Battery,Light,Noise dBA,Barometric pressure,VOC Gas CCS811,eCO2 Gas CCS811,PM 1.0,PM 2.5,PM 10.0
,55,56,10,14,53,58,113,112,89,87,88
2023-08-19T00:00:02Z,26.14,71.41,99,0,36.79,100.97,42.00,679.00,0,0,0
2023-08-19T00:01:02Z,26.14,71.36,99,0,28.31,100.98,42.00,679.00,null,null,null
2023-08-19T00:02:02Z,26.15,71.41,99,0,36.57,100.97,42.00,679.00,null,null,null
2023-08-19T00:03:02Z,26.14,71.42,99,0,29.17,100.97,43.00,688.00,null,null,null
2023-08-19T00:04:02Z,26.14,71.48,99,0,29.56,100.97,42.00,679.00,null,null,null
2023-08-19T00:05:02Z,26.14,71.40,99,0,32.38,100.97,42.00,679.00,0,0,0
2023-08-19T00:06:02Z,26.15,71.36,99,0,28.48,100.98,42.00,679.00,null,null,null
2023-08-19T00:07:02Z,26.14,71.43,99,0,26.95,100.98,42.00,679.00,null,null,null
2023-08-19T00:08:02Z,26.17,71.39,99,0,30.77,100.98,42.00,679.00,null,null,null
2023-08-19T00:09:02Z,26.18,71.45,99,0,31.36,100.99,42.00,679.00,null,null,null
2023-08-19T00:10:02Z,26.15,71.45,99,0,28.68,100.99,42.00,679.00,0,0,0
2023-08-19T00:11:02Z,26.17,71.51,99,0,27.69,101.00,42.00,679.00,null,null,null
2023-08-19T00:12:02Z,26.18,71.37,99,0,26.24,101.00,42.00,679.00,null,null,null
2023-08-19T00:13:02Z,26.17,71.57,99,0,31.59,101.00,43.00,688.00,null,null,null
2023-08-19T00:14:02Z,26.18,71.56,99,0,25.62,101.02,43.00,688.00,null,null,null
2023-08-19T00:15:02Z,26.18,71.48,99,0,27.80,101.02,43.00,688.00,0,0,0
2023-08-19T00:16:02Z,26.17,71.51,99,0,30.12,101.00,45.00,697.00,null,null,null
2023-08-19T00:17:02Z,26.21,71.43,99,0,27.82,101.01,45.00,697.00,null,null,null
2023-08-19T00:18:02Z,26.18,71.63,99,0,27.14,101.01,43.00,688.00,null,null,null
2023-08-19T00:19:02Z,26.20,71.59,99,0,27.75,101.02,45.00,697.00,null,null,null
2023-08-19T00:20:02Z,26.20,71.55,99,0,27.84,101.01,46.00,706.00,0,0,0
2023-08-19T00:21:02Z,26.17,71.75,99,0,27.20,101.01,46.00,706.00,null,null,null
2023-08-19T00:22:02Z,26.23,71.54,99,0,28.11,101.02,44.00,692.00,null,null,null
2023-08-19T00:23:02Z,26.18,71.53,99,0,29.41,101.02,45.00,697.00,null,null,null
2023-08-19T00:24:02Z,26.21,71.67,99,0,26.14,101.01,46.00,706.00,null,null,null
2023-08-19T00:25:02Z,26.17,71.62,99,0,26.21,101.00,46.00,706.00,0,0,0
2023-08-19T00:26:02Z,26.21,71.65,99,0,28.31,101.01,46.00,706.00,null,null,null
2023-08-19T00:27:02Z,26.21,71.49,99,0,31.35,101.00,46.00,706.00,null,null,null
2023-08-19T00:28:02Z,26.24,71.58,99,0,27.10,101.00,46.00,706.00,null,null,null
2023-08-19T00:29:02Z,26.23,71.58,99,0,26.34,101.00,46.00,706.00,null,null,null
2023-08-19T00:30:02Z,26.20,71.68,99,0,28.04,101.00,46.00,706.00,0,0,0
2023-08-19T00:31:02Z,26.21,71.63,99,0,26.60,100.99,46.00,706.00,null,null,null
2023-08-19T00:32:02Z,26.21,71.57,99,0,24.76,100.99,46.00,706.00,null,null,null
2023-08-19T00:33:02Z,26.23,71.67,99,0,32.80,100.98,46.00,706.00,null,null,null
2023-08-19T00:34:02Z,26.23,71.61,99,0,32.90,100.98,46.00,706.00,null,null,null
2023-08-19T00:35:02Z,26.21,71.77,99,0,25.44,100.98,46.00,706.00,0,0,0
2023-08-19T00:36:02Z,26.23,71.73,99,0,39.30,100.98,47.00,710.00,null,null,null
2023-08-19T00:37:02Z,26.24,71.66,99,0,26.73,100.98,46.00,706.00,null,null,null
2023-08-19T00:38:02Z,26.24,71.60,99,0,28.64,100.98,47.00,714.00,null,null,null
2023-08-19T00:39:02Z,26.24,71.63,99,0,32.40,100.98,46.00,706.00,null,null,null
2023-08-19T00:40:02Z,26.24,71.61,99,0,26.97,100.97,46.00,706.00,0,0,0
2023-08-19T00:41:02Z,26.24,71.63,99,0,33.60,100.97,45.00,697.00,null,null,null
2023-08-19T00:42:02Z,26.25,71.67,99,0,29.21,100.97,46.00,706.00,null,null,null
2023-08-19T00:43:02Z,26.25,71.76,99,0,28.25,100.97,39.00,659.00,null,null,null
2023-08-19T00:44:02Z,26.27,71.66,99,0,26.50,100.96,39.00,656.00,null,null,null
2023-08-19T00:45:02Z,26.25,71.84,99,0,28.47,100.96,39.00,659.00,0,0,0
2023-08-19T00:46:02Z,26.25,71.76,99,0,27.84,100.95,37.00,649.00,null,null,null
2023-08-19T00:47:02Z,26.28,71.87,99,0,26.62,100.96,39.00,656.00,null,null,null
2023-08-19T00:48:02Z,26.25,71.84,99,0,27.53,100.95,39.00,656.00,null,null,null
2023-08-19T00:49:02Z,26.25,71.84,99,0,26.48,100.96,39.00,656.00,null,null,null
2023-08-19T00:50:02Z,26.24,71.89,99,0,31.16,100.95,39.00,656.00,0,0,0
2023-08-19T00:51:02Z,26.27,71.89,99,0,29.79,100.95,46.00,702.00,null,null,null
2023-08-19T00:52:02Z,26.25,71.70,99,0,28.33,100.95,37.00,649.00,null,null,null
2023-08-19T00:53:02Z,26.27,71.81,99,0,29.11,100.96,40.00,668.00,null,null,null
2023-08-19T00:54:02Z,26.27,71.92,99,0,39.78,100.96,39.00,656.00,null,null,null
2023-08-19T00:55:02Z,26.25,71.91,99,0,28.54,100.96,40.00,665.00,0,0,0
2023-08-19T00:56:02Z,26.27,71.87,99,0,33.72,100.97,39.00,656.00,null,null,null
2023-08-19T00:57:02Z,26.27,71.99,99,0,30.04,100.97,40.00,665.00,null,null,null
2023-08-19T00:58:02Z,26.30,71.82,99,0,28.89,100.97,40.00,665.00,null,null,null
2023-08-19T00:59:02Z,26.28,71.89,99,0,26.53,100.97,40.00,665.00,null,null,null
2023-08-19T01:00:02Z,26.27,71.93,99,0,28.44,100.97,39.00,656.00,0,0,0
2023-08-19T01:01:02Z,26.30,72.06,99,0,27.47,100.97,40.00,665.00,null,null,null
2023-08-19T01:02:02Z,26.28,72.08,99,0,25.92,100.97,40.00,665.00,null,null,null
2023-08-19T01:03:02Z,26.30,71.98,99,0,27.59,100.97,40.00,665.00,null,null,null
2023-08-19T01:04:02Z,26.28,71.91,99,0,25.84,100.97,40.00,665.00,null,null,null
2023-08-19T01:05:02Z,26.30,71.79,99,0,28.87,100.98,40.00,665.00,0,0,0
2023-08-19T01:06:02Z,26.30,71.96,99,0,29.53,100.98,40.00,665.00,null,null,null
2023-08-19T01:07:02Z,26.30,71.88,99,0,25.98,100.98,40.00,665.00,null,null,null
2023-08-19T01:08:02Z,26.30,71.87,99,0,27.38,100.98,40.00,665.00,null,null,null
2023-08-19T01:09:02Z,26.31,71.89,99,0,27.14,100.97,40.00,665.00,null,null,null
2023-08-19T01:10:02Z,26.28,71.96,99,0,28.14,100.98,42.00,678.00,0,0,0
2023-08-19T01:11:02Z,26.30,71.93,99,0,26.46,100.97,43.00,686.00,null,null,null
2023-08-19T01:12:02Z,26.32,71.86,99,0,27.53,100.96,42.00,678.00,null,null,null
2023-08-19T01:13:02Z,26.32,71.97,99,0,26.00,100.97,42.00,678.00,null,null,null
2023-08-19T01:14:02Z,26.30,71.98,99,0,32.65,100.97,43.00,686.00,null,null,null
2023-08-19T01:15:02Z,26.30,72.03,99,0,30.25,100.96,43.00,686.00,0,0,0
2023-08-19T01:16:02Z,26.31,71.92,99,0,26.55,100.96,42.00,678.00,null,null,null
2023-08-19T01:17:02Z,26.30,72.08,99,0,26.57,100.96,42.00,678.00,null,null,null
2023-08-19T01:18:02Z,26.32,71.97,99,0,26.48,100.96,43.00,686.00,null,null,null
2023-08-19T01:19:02Z,26.30,72.05,99,0,32.36,100.97,43.00,686.00,null,null,null
2023-08-19T01:20:02Z,26.30,71.99,99,0,27.04,100.97,43.00,686.00,0,0,0
2023-08-19T01:21:02Z,26.30,72.06,99,0,27.30,100.98,43.00,686.00,null,null,null
2023-08-19T01:22:02Z,26.30,72.08,99,0,26.82,100.98,43.00,686.00,null,null,null
2023-08-19T01:23:02Z,26.30,72.11,99,0,29.82,100.98,44.00,694.00,null,null,null
2023-08-19T01:24:02Z,26.31,72.05,99,0,28.89,100.98,43.00,686.00,null,null,null
2023-08-19T01:25:02Z,26.31,72.26,99,0,24.79,100.98,43.00,686.00,0,0,0
2023-08-19T01:26:02Z,26.32,72.34,99,0,26.48,100.99,42.00,679.00,null,null,null
2023-08-19T01:27:02Z,26.32,72.39,99,0,27.26,100.99,43.00,688.00,null,null,null
2023-08-19T01:28:02Z,26.32,72.23,99,0,31.18,100.98,43.00,688.00,null,null,null
2023-08-19T01:29:02Z,26.31,72.16,99,0,27.60,100.97,44.00,694.00,null,null,null
2023-08-19T01:30:02Z,26.34,72.40,99,0,27.53,100.98,44.00,694.00,0,0,0
2023-08-19T01:31:02Z,26.34,72.26,99,0,29.44,100.98,43.00,688.00,null,null,null
2023-08-19T01:32:02Z,26.34,72.24,99,0,27.92,100.99,43.00,688.00,null,null,null
2023-08-19T01:33:02Z,26.34,72.36,99,0,25.84,100.99,44.00,694.00,null,null,null
2023-08-19T01:34:02Z,26.34,72.23,99,0,28.39,100.99,43.00,688.00,null,null,null
2023-08-19T01:35:02Z,26.34,71.99,99,0,28.40,100.99,44.00,694.00,0,0,0
2023-08-19T01:36:02Z,26.35,72.19,99,0,29.01,101.00,44.00,694.00,null,null,null
2023-08-19T01:37:02Z,26.35,72.21,99,0,28.06,101.00,44.00,694.00,null,null,null
2023-08-19T01:38:02Z,26.35,71.97,99,0,31.97,101.00,43.00,686.00,null,null,null
2023-08-19T01:39:02Z,26.35,72.00,99,0,29.31,100.99,44.00,694.00,null,null,null
2023-08-19T01:40:02Z,26.37,72.08,99,0,25.13,100.98,43.00,686.00,0,0,0
2023-08-19T01:41:02Z,26.37,71.95,99,0,29.73,100.98,44.00,694.00,null,null,null
2023-08-19T01:42:02Z,26.37,71.93,99,0,28.98,100.98,43.00,686.00,null,null,null
2023-08-19T01:43:02Z,26.35,72.07,99,0,29.44,100.98,43.00,686.00,null,null,null
2023-08-19T01:44:02Z,26.35,71.91,99,0,28.37,100.98,43.00,686.00,null,null,null
2023-08-19T01:45:02Z,26.35,71.90,99,0,30.78,100.98,44.00,694.00,0,0,0
2023-08-19T01:46:02Z,26.37,72.05,99,0,30.85,100.98,43.00,686.00,null,null,null
2023-08-19T01:47:02Z,26.35,71.96,99,0,30.36,100.99,44.00,694.00,null,null,null
2023-08-19T01:48:02Z,26.37,72.02,99,0,26.80,100.98,43.00,686.00,null,null,null
2023-08-19T01:49:02Z,26.34,71.88,99,0,29.47,100.98,44.00,694.00,null,null,null
2023-08-19T01:50:02Z,26.35,71.87,99,0,26.62,100.98,43.00,686.00,0,0,0
2023-08-19T01:51:02Z,26.37,71.95,99,0,36.73,100.98,44.00,694.00,null,null,null
2023-08-19T01:52:02Z,26.37,71.90,99,0,31.20,100.98,42.00,678.00,null,null,null
2023-08-19T01:53:02Z,26.38,71.92,99,0,28.64,100.98,42.00,678.00,null,null,null
2023-08-19T01:54:02Z,26.37,71.92,99,0,32.29,100.98,42.00,678.00,null,null,null
2023-08-19T01:55:02Z,26.34,71.91,99,0,27.97,100.99,42.00,678.00,0,0,0
2023-08-19T01:56:02Z,26.38,71.95,99,0,26.31,100.98,42.00,678.00,null,null,null
2023-08-19T01:57:02Z,26.37,72.02,99,0,29.07,100.98,42.00,678.00,null,null,null
2023-08-19T01:58:02Z,26.38,71.93,99,0,27.59,100.98,43.00,686.00,null,null,null
2023-08-19T01:59:02Z,26.38,71.92,99,0,29.17,100.98,44.00,694.00,null,null,null
2023-08-19T02:00:02Z,26.38,71.78,99,0,34.47,100.98,44.00,694.00,0,0,0
2023-08-19T02:01:02Z,26.37,71.71,99,0,31.07,100.98,43.00,686.00,null,null,null
2023-08-19T02:02:02Z,26.41,71.78,99,0,32.85,100.98,46.00,706.00,null,null,null
2023-08-19T02:03:02Z,26.37,71.96,99,0,26.87,100.98,46.00,702.00,null,null,null
2023-08-19T02:04:02Z,26.40,71.82,99,0,31.45,100.98,44.00,694.00,null,null,null
2023-08-19T02:05:02Z,26.37,71.94,99,0,27.87,100.98,44.00,694.00,0,0,0
2023-08-19T02:06:02Z,26.38,71.75,99,0,28.39,100.98,44.00,694.00,null,null,null
2023-08-19T02:07:02Z,26.40,71.61,99,0,26.91,100.98,46.00,702.00,null,null,null
2023-08-19T02:08:02Z,26.40,71.80,99,0,31.40,100.98,45.00,699.00,null,null,null
2023-08-19T02:09:02Z,26.37,71.66,99,0,28.60,100.98,44.00,694.00,null,null,null
2023-08-19T02:10:02Z,26.37,71.74,99,0,27.47,100.98,45.00,699.00,0,0,0
2023-08-19T02:11:02Z,26.40,71.59,99,0,30.69,100.99,44.00,690.00,null,null,null
2023-08-19T02:12:02Z,26.40,71.61,99,0,29.40,100.98,42.00,682.00,null,null,null
2023-08-19T02:13:02Z,26.40,71.77,99,0,28.02,100.99,40.00,668.00,null,null,null
2023-08-19T02:14:02Z,26.37,71.63,99,0,28.57,100.99,40.00,665.00,null,null,null
2023-08-19T02:15:02Z,26.37,71.68,99,0,25.67,100.98,40.00,668.00,0,0,0
2023-08-19T02:16:02Z,26.41,71.68,99,0,28.63,100.98,40.00,668.00,null,null,null
2023-08-19T02:17:02Z,26.40,71.71,99,0,30.18,100.98,40.00,668.00,null,null,null
2023-08-19T02:18:02Z,26.38,71.70,99,0,28.30,100.98,41.00,674.00,null,null,null
2023-08-19T02:19:02Z,26.38,71.64,99,0,35.67,100.99,40.00,668.00,null,null,null
2023-08-19T02:20:02Z,26.38,71.59,99,0,30.25,100.98,40.00,668.00,0,0,0
2023-08-19T02:21:02Z,26.38,71.83,99,0,26.19,100.98,40.00,668.00,null,null,null
2023-08-19T02:22:02Z,26.40,71.78,99,0,29.80,100.98,41.00,671.00,null,null,null
2023-08-19T02:23:02Z,26.38,71.77,99,0,28.30,100.99,41.00,671.00,null,null,null
2023-08-19T02:24:02Z,26.38,72.16,99,0,29.21,100.98,40.00,665.00,null,null,null
2023-08-19T02:25:02Z,26.38,71.82,99,0,27.62,100.98,40.00,665.00,0,0,0
2023-08-19T02:26:02Z,26.38,71.78,99,0,28.91,100.98,40.00,665.00,null,null,null
2023-08-19T02:27:02Z,26.40,71.77,99,0,29.43,100.98,40.00,665.00,null,null,null
2023-08-19T02:28:02Z,26.40,71.85,99,0,27.94,100.98,40.00,665.00,null,null,null
2023-08-19T02:29:02Z,26.40,71.88,99,0,27.66,100.98,40.00,665.00,null,null,null
2023-08-19T02:30:02Z,26.37,71.88,99,0,28.04,100.98,40.00,665.00,0,0,0
2023-08-19T02:31:02Z,26.38,71.97,99,0,27.24,100.99,39.00,656.00,null,null,null
2023-08-19T02:32:02Z,26.40,72.10,99,0,26.76,100.98,40.00,665.00,null,null,null
2023-08-19T02:33:02Z,26.40,72.00,99,0,29.05,100.99,40.00,665.00,null,null,null
2023-08-19T02:34:02Z,26.37,72.02,99,0,29.33,100.98,40.00,665.00,null,null,null
2023-08-19T02:35:02Z,26.40,71.99,99,0,28.55,100.98,39.00,656.00,0,0,0
2023-08-19T02:36:02Z,26.37,71.99,99,0,29.15,100.98,39.00,656.00,null,null,null
2023-08-19T02:37:02Z,26.38,72.02,99,0,29.44,100.98,39.00,656.00,null,null,null
2023-08-19T02:38:02Z,26.38,71.99,99,0,28.67,100.98,38.00,652.00,null,null,null
2023-08-19T02:39:02Z,26.38,72.03,99,0,28.20,100.98,39.00,656.00,null,null,null
2023-08-19T02:40:02Z,26.37,71.87,99,0,28.98,100.98,38.00,652.00,0,0,0
2023-08-19T02:41:02Z,26.38,71.90,99,0,26.62,100.98,38.00,652.00,null,null,null
2023-08-19T02:42:02Z,26.41,72.00,99,0,26.99,100.99,38.00,652.00,null,null,null
2023-08-19T02:43:02Z,26.37,71.90,99,0,29.37,100.99,38.00,652.00,null,null,null
2023-08-19T02:44:02Z,26.38,71.85,99,0,25.62,100.99,37.00,645.00,null,null,null
2023-08-19T02:45:02Z,26.37,71.87,99,0,29.00,100.99,37.00,645.00,0,0,0
2023-08-19T02:46:02Z,26.40,71.89,99,0,28.96,100.99,37.00,645.00,null,null,null
2023-08-19T02:47:02Z,26.38,71.73,99,0,29.18,100.99,36.00,638.00,null,null,null
2023-08-19T02:48:02Z,26.38,71.86,99,0,27.08,100.98,36.00,641.00,null,null,null
2023-08-19T02:49:02Z,26.38,71.86,99,0,24.79,100.99,36.00,638.00,null,null,null
2023-08-19T02:50:02Z,26.38,71.84,99,0,27.49,100.98,36.00,638.00,0,0,0
2023-08-19T02:51:02Z,26.40,71.85,99,0,27.96,100.98,36.00,638.00,null,null,null
2023-08-19T02:52:02Z,26.40,71.88,99,0,26.50,100.99,36.00,638.00,null,null,null
2023-08-19T02:53:02Z,26.38,71.95,99,0,28.06,100.99,36.00,638.00,null,null,null
2023-08-19T02:54:02Z,26.38,71.99,99,0,28.04,100.99,36.00,638.00,null,null,null
2023-08-19T02:55:02Z,26.37,72.00,99,0,28.20,100.99,36.00,638.00,0,0,0
2023-08-19T02:56:02Z,26.38,72.12,99,0,28.01,100.99,36.00,638.00,null,null,null
2023-08-19T02:57:02Z,26.38,71.89,99,0,24.19,100.99,36.00,638.00,null,null,null
2023-08-19T02:58:02Z,26.40,71.79,99,0,30.26,100.99,36.00,638.00,null,null,null
2023-08-19T02:59:02Z,26.38,71.88,99,0,28.85,100.99,36.00,638.00,null,null,null
