TIME,TEMP,HUM,BATT,LIGHT,NOISE_A,PRESS,CCS811_VOCS,CCS811_ECO2,PM_1,PM_25,PM_10
ISO 8601,C,%,%,Lux,dBA,kPa,ppb,ppm,ug/m3,ug/m3,ug/m3
Time,Temperature,Humidity,Battery,Light,Noise dBA,Barometric pressure,VOC Gas CCS811,eCO2 Gas CCS811,PM 1.0,PM 2.5,PM 10.0
,55,56,10,14,53,58,113,112,89,87,88
2023-09-09T00:00:02Z,27.21,63.49,99,0,27.28,101.68,87.00,977.00,0,0,0
2023-09-09T00:01:02Z,27.21,63.51,99,0,28.06,101.68,87.00,977.00,null,null,null
2023-09-09T00:02:02Z,27.21,63.44,99,0,28.37,101.68,87.00,977.00,null,null,null
2023-09-09T00:03:02Z,27.23,63.49,99,0,26.38,101.68,87.00,977.00,null,null,null
2023-09-09T00:04:02Z,27.21,63.49,99,0,28.12,101.68,87.00,977.00,null,null,null
2023-09-09T00:05:02Z,27.21,63.53,99,0,24.96,101.68,87.00,977.00,0,0,0
2023-09-09T00:06:02Z,27.20,63.51,99,0,28.31,101.69,87.00,977.00,null,null,null
2023-09-09T00:07:02Z,27.23,63.50,99,0,26.21,101.68,90.00,997.00,null,null,null
2023-09-09T00:08:02Z,27.20,63.68,99,0,26.41,101.68,89.00,990.00,null,null,null
2023-09-09T00:09:02Z,27.21,63.57,99,0,26.57,101.68,89.00,990.00,null,null,null
2023-09-09T00:10:02Z,27.21,63.63,99,0,28.19,101.68,89.00,990.00,0,0,0
2023-09-09T00:11:02Z,27.21,63.54,99,0,26.03,101.68,89.00,990.00,null,null,null
2023-09-09T00:12:02Z,27.21,63.50,99,0,25.65,101.68,89.00,990.00,null,null,null
2023-09-09T00:13:02Z,27.21,63.55,99,0,26.87,101.68,89.00,990.00,null,null,null
2023-09-09T00:14:02Z,27.23,63.54,99,0,25.87,101.68,89.00,990.00,null,null,null
2023-09-09T00:15:02Z,27.20,63.54,99,0,26.55,101.67,89.00,990.00,0,0,0
2023-09-09T00:16:02Z,27.21,63.61,99,0,27.68,101.68,87.00,977.00,null,null,null
2023-09-09T00:17:02Z,27.21,63.49,99,0,25.87,101.67,90.00,997.00,null,null,null
2023-09-09T00:18:02Z,27.23,63.51,99,0,28.06,101.67,90.00,997.00,null,null,null
2023-09-09T00:19:02Z,27.21,63.52,99,0,26.55,101.67,93.00,1012.00,null,null,null
2023-09-09T00:20:02Z,27.19,63.56,99,0,29.00,101.67,90.00,997.00,0,0,0
2023-09-09T00:21:02Z,27.23,63.69,99,0,26.93,101.67,87.00,977.00,null,null,null
2023-09-09T00:22:02Z,27.19,63.50,99,0,28.61,101.67,90.00,997.00,null,null,null
2023-09-09T00:23:02Z,27.23,63.55,99,0,25.87,101.67,94.00,1019.00,null,null,null
2023-09-09T00:24:02Z,27.23,63.50,99,0,27.57,101.67,90.00,997.00,null,null,null
2023-09-09T00:25:02Z,27.20,63.52,99,0,25.67,101.66,93.00,1012.00,0,0,0
2023-09-09T00:26:02Z,27.20,63.57,99,0,25.19,101.67,90.00,997.00,null,null,null
2023-09-09T00:27:02Z,27.21,63.52,99,0,28.42,101.67,93.00,1012.00,null,null,null
2023-09-09T00:28:02Z,27.21,63.57,99,0,26.00,101.67,93.00,1012.00,null,null,null
2023-09-09T00:29:02Z,27.21,63.54,99,0,29.40,101.67,93.00,1012.00,null,null,null
2023-09-09T00:30:02Z,27.20,63.53,99,0,25.44,101.67,90.00,997.00,0,0,0
2023-09-09T00:31:02Z,27.21,63.54,99,0,26.26,101.67,90.00,997.00,null,null,null
2023-09-09T00:32:02Z,27.23,63.56,99,0,26.24,101.67,89.00,990.00,null,null,null
2023-09-09T00:33:02Z,27.21,63.58,99,0,27.20,101.67,89.00,990.00,null,null,null
2023-09-09T00:34:02Z,27.20,63.66,99,0,27.10,101.66,90.00,997.00,null,null,null
2023-09-09T00:35:02Z,27.19,63.58,99,0,26.38,101.66,93.00,1012.00,0,0,0
2023-09-09T00:36:02Z,27.21,63.51,99,0,26.19,101.67,93.00,1012.00,null,null,null
2023-09-09T00:37:02Z,27.21,63.46,99,0,27.55,101.66,93.00,1012.00,null,null,null
2023-09-09T00:38:02Z,27.20,63.53,99,0,24.83,101.66,93.00,1012.00,null,null,null
2023-09-09T00:39:02Z,27.19,63.54,99,0,26.11,101.66,90.00,997.00,null,null,null
2023-09-09T00:40:02Z,27.19,63.60,99,0,28.19,101.66,90.00,997.00,0,0,0
2023-09-09T00:41:02Z,27.20,63.54,99,0,26.03,101.66,89.00,990.00,null,null,null
2023-09-09T00:42:02Z,27.26,63.55,99,0,27.85,101.66,90.00,997.00,null,null,null
2023-09-09T00:43:02Z,27.21,63.56,99,0,28.14,101.66,79.00,920.00,null,null,null
2023-09-09T00:44:02Z,27.20,63.54,99,0,25.90,101.66,90.00,997.00,null,null,null
2023-09-09T00:45:02Z,27.20,63.57,99,0,29.03,101.66,89.00,990.00,0,0,0
2023-09-09T00:46:02Z,27.20,63.57,99,0,26.71,101.66,89.00,990.00,null,null,null
2023-09-09T00:47:02Z,27.21,63.56,99,0,26.69,101.67,89.00,990.00,null,null,null
2023-09-09T00:48:02Z,27.21,63.64,99,0,26.84,101.66,87.00,977.00,null,null,null
2023-09-09T00:49:02Z,27.20,63.61,99,0,25.53,101.66,89.00,990.00,null,null,null
2023-09-09T00:50:02Z,27.19,63.60,99,0,27.92,101.66,89.00,990.00,0,0,0
2023-09-09T00:51:02Z,27.20,63.65,99,0,26.62,101.66,87.00,977.00,null,null,null
2023-09-09T00:52:02Z,27.19,63.64,99,0,25.19,101.66,90.00,997.00,null,null,null
2023-09-09T00:53:02Z,27.23,63.80,99,0,25.84,101.66,89.00,990.00,null,null,null
2023-09-09T00:54:02Z,27.21,63.66,99,0,25.29,101.66,88.00,981.00,null,null,null
2023-09-09T00:55:02Z,27.19,63.67,99,0,26.67,101.66,90.00,997.00,0,0,0
2023-09-09T00:56:02Z,27.19,63.63,99,0,28.40,101.66,90.00,997.00,null,null,null
2023-09-09T00:57:02Z,27.21,63.68,99,0,26.19,101.66,89.00,990.00,null,null,null
2023-09-09T00:58:02Z,27.19,63.63,99,0,28.01,101.66,89.00,990.00,null,null,null
2023-09-09T00:59:02Z,27.23,63.72,99,0,28.73,101.65,89.00,990.00,null,null,null
2023-09-09T01:00:02Z,27.20,63.72,99,0,26.95,101.65,89.00,990.00,0,0,0
2023-09-09T01:01:02Z,27.19,63.69,99,0,26.24,101.65,89.00,990.00,null,null,null
2023-09-09T01:02:02Z,27.20,63.69,99,0,25.26,101.65,89.00,990.00,null,null,null
2023-09-09T01:03:02Z,27.23,63.63,99,0,25.92,101.65,89.00,990.00,null,null,null
2023-09-09T01:04:02Z,27.19,63.70,99,0,24.68,101.65,89.00,990.00,null,null,null
2023-09-09T01:05:02Z,27.19,63.67,99,0,27.97,101.65,89.00,990.00,0,0,0
2023-09-09T01:06:02Z,27.21,63.65,99,0,27.18,101.65,89.00,990.00,null,null,null
2023-09-09T01:07:02Z,27.20,63.69,99,0,26.34,101.65,89.00,990.00,null,null,null
2023-09-09T01:08:02Z,27.20,63.71,99,0,28.17,101.65,90.00,997.00,null,null,null
2023-09-09T01:09:02Z,27.20,63.71,99,0,27.30,101.65,93.00,1012.00,null,null,null
2023-09-09T01:10:02Z,27.19,63.70,99,0,25.50,101.65,93.00,1012.00,0,0,0
2023-09-09T01:11:02Z,27.20,63.77,99,0,26.93,101.65,93.00,1012.00,null,null,null
2023-09-09T01:12:02Z,27.20,63.68,99,0,27.77,101.65,89.00,990.00,null,null,null
2023-09-09T01:13:02Z,27.20,63.63,99,0,28.54,101.65,90.00,997.00,null,null,null
2023-09-09T01:14:02Z,27.19,63.77,99,0,27.77,101.65,90.00,997.00,null,null,null
2023-09-09T01:15:02Z,27.20,63.87,99,0,27.12,101.65,92.00,1004.00,0,0,0
2023-09-09T01:16:02Z,27.21,63.73,99,0,28.99,101.65,92.00,1004.00,null,null,null
2023-09-09T01:17:02Z,27.19,63.68,99,0,28.89,101.65,93.00,1012.00,null,null,null
2023-09-09T01:18:02Z,27.21,63.69,99,0,28.66,101.65,93.00,1012.00,null,null,null
2023-09-09T01:19:02Z,27.20,63.72,99,0,26.21,101.65,93.00,1012.00,null,null,null
2023-09-09T01:20:02Z,27.19,63.68,99,0,27.36,101.65,93.00,1012.00,0,0,0
2023-09-09T01:21:02Z,27.21,63.71,99,0,26.78,101.65,90.00,997.00,null,null,null
2023-09-09T01:22:02Z,27.21,63.70,99,0,26.89,101.65,93.00,1012.00,null,null,null
2023-09-09T01:23:02Z,27.19,63.72,99,0,25.50,101.65,93.00,1012.00,null,null,null
2023-09-09T01:24:02Z,27.21,63.74,99,0,25.95,101.65,93.00,1012.00,null,null,null
2023-09-09T01:25:02Z,27.17,63.81,99,0,25.76,101.65,94.00,1019.00,0,0,0
2023-09-09T01:26:02Z,27.20,63.77,99,0,25.73,101.64,92.00,1004.00,null,null,null
2023-09-09T01:27:02Z,27.23,63.68,99,0,26.53,101.65,93.00,1012.00,null,null,null
2023-09-09T01:28:02Z,27.20,63.71,99,0,25.98,101.64,93.00,1012.00,null,null,null
2023-09-09T01:29:02Z,27.19,63.80,99,0,27.68,101.65,94.00,1019.00,null,null,null
2023-09-09T01:30:02Z,27.20,63.74,99,0,26.29,101.65,93.00,1012.00,0,0,0
2023-09-09T01:31:02Z,27.20,63.75,99,0,28.98,101.65,93.00,1012.00,null,null,null
2023-09-09T01:32:02Z,27.21,63.71,99,0,27.71,101.65,93.00,1012.00,null,null,null
2023-09-09T01:33:02Z,27.21,63.70,99,0,26.16,101.65,94.00,1019.00,null,null,null
2023-09-09T01:34:02Z,27.20,63.74,99,0,24.96,101.65,94.00,1019.00,null,null,null
2023-09-09T01:35:02Z,27.21,63.71,99,0,28.52,101.65,94.00,1019.00,0,0,0
2023-09-09T01:36:02Z,27.23,63.72,99,0,29.83,101.65,93.00,1012.00,null,null,null
2023-09-09T01:37:02Z,27.20,63.70,99,0,30.11,101.65,93.00,1012.00,null,null,null
2023-09-09T01:38:02Z,27.20,63.68,99,0,26.41,101.65,93.00,1012.00,null,null,null
2023-09-09T01:39:02Z,27.19,63.71,99,0,25.98,101.65,93.00,1012.00,null,null,null
2023-09-09T01:40:02Z,27.17,63.75,99,0,26.14,101.64,93.00,1012.00,0,0,0
2023-09-09T01:41:02Z,27.20,63.71,99,0,25.59,101.64,92.00,1004.00,null,null,null
2023-09-09T01:42:02Z,27.23,63.79,99,0,27.20,101.64,94.00,1019.00,null,null,null
2023-09-09T01:43:02Z,27.20,63.71,99,0,25.82,101.64,95.00,1029.00,null,null,null
2023-09-09T01:44:02Z,27.19,63.73,99,0,26.29,101.64,94.00,1019.00,null,null,null
2023-09-09T01:45:02Z,27.20,63.72,99,0,26.16,101.63,97.00,1038.00,0,0,0
2023-09-09T01:46:02Z,27.19,63.74,99,0,27.92,101.64,94.00,1019.00,null,null,null
2023-09-09T01:47:02Z,27.19,63.73,99,0,28.93,101.63,97.00,1038.00,null,null,null
2023-09-09T01:48:02Z,27.20,63.69,99,0,27.08,101.64,94.00,1019.00,null,null,null
2023-09-09T01:49:02Z,27.20,63.72,99,0,25.92,101.64,15.00,503.00,null,null,null
2023-09-09T01:50:02Z,27.19,63.72,99,0,25.50,101.64,12.00,482.00,0,0,0
2023-09-09T01:51:02Z,27.20,63.67,99,0,25.47,101.64,12.00,482.00,null,null,null
2023-09-09T01:52:02Z,27.17,63.67,99,0,26.08,101.64,12.00,482.00,null,null,null
2023-09-09T01:53:02Z,27.17,63.78,99,0,27.28,101.64,12.00,482.00,null,null,null
2023-09-09T01:54:02Z,27.17,63.70,99,0,26.53,101.64,12.00,481.00,null,null,null
2023-09-09T01:55:02Z,27.17,63.73,99,0,27.77,101.64,12.00,485.00,0,0,0
2023-09-09T01:56:02Z,27.20,63.70,99,0,27.55,101.64,12.00,485.00,null,null,null
2023-09-09T01:57:02Z,27.19,63.71,99,0,25.98,101.64,12.00,482.00,null,null,null
2023-09-09T01:58:02Z,27.20,63.71,99,0,28.07,101.64,12.00,482.00,null,null,null
2023-09-09T01:59:02Z,27.17,63.73,99,0,28.76,101.64,12.00,482.00,null,null,null
2023-09-09T02:00:02Z,27.19,63.68,99,0,28.30,101.64,12.00,482.00,0,0,0
2023-09-09T02:01:02Z,27.20,63.68,99,0,28.67,101.64,12.00,485.00,null,null,null
2023-09-09T02:02:02Z,27.19,63.67,99,0,25.92,101.64,12.00,482.00,null,null,null
2023-09-09T02:03:02Z,27.19,63.69,99,0,25.56,101.64,12.00,482.00,null,null,null
2023-09-09T02:04:02Z,27.16,63.69,99,0,26.48,101.64,12.00,482.00,null,null,null
2023-09-09T02:05:02Z,27.17,63.66,99,0,26.64,101.64,12.00,485.00,0,0,0
2023-09-09T02:06:02Z,27.21,63.67,99,0,25.79,101.64,13.00,491.00,null,null,null
2023-09-09T02:07:02Z,27.19,63.59,99,0,29.03,101.64,12.00,485.00,null,null,null
2023-09-09T02:08:02Z,27.16,63.60,99,0,26.53,101.64,12.00,485.00,null,null,null
2023-09-09T02:09:02Z,27.19,63.64,99,0,25.90,101.64,12.00,485.00,null,null,null
2023-09-09T02:10:02Z,27.19,63.61,99,0,27.59,101.64,12.00,485.00,0,0,0
2023-09-09T02:11:02Z,27.17,63.70,99,0,28.78,101.64,12.00,482.00,null,null,null
2023-09-09T02:12:02Z,27.20,63.62,99,0,27.34,101.64,12.00,485.00,null,null,null
2023-09-09T02:13:02Z,27.16,63.68,99,0,27.51,101.64,12.00,485.00,null,null,null
2023-09-09T02:14:02Z,27.17,63.62,99,0,26.34,101.64,12.00,485.00,null,null,null
2023-09-09T02:15:02Z,27.16,63.65,99,0,27.90,101.64,13.00,491.00,0,0,0
2023-09-09T02:16:02Z,27.20,63.59,99,0,27.60,101.65,13.00,491.00,null,null,null
2023-09-09T02:17:02Z,27.19,63.60,99,0,26.69,101.64,14.00,495.00,null,null,null
2023-09-09T02:18:02Z,27.19,63.59,99,0,25.95,101.64,15.00,500.00,null,null,null
2023-09-09T02:19:02Z,27.19,63.60,99,0,26.31,101.64,16.00,506.00,null,null,null
2023-09-09T02:20:02Z,27.17,63.56,99,0,26.82,101.64,16.00,506.00,0,0,0
2023-09-09T02:21:02Z,27.16,63.79,99,0,26.08,101.64,17.00,515.00,null,null,null
2023-09-09T02:22:02Z,27.19,63.59,99,0,26.87,101.64,18.00,523.00,null,null,null
2023-09-09T02:23:02Z,27.19,63.56,99,0,26.97,101.64,19.00,527.00,null,null,null
2023-09-09T02:24:02Z,27.20,63.57,99,0,27.73,101.64,19.00,531.00,null,null,null
2023-09-09T02:25:02Z,27.16,63.68,99,0,27.84,101.64,19.00,531.00,0,0,0
2023-09-09T02:26:02Z,27.20,63.56,99,0,26.00,101.64,19.00,531.00,null,null,null
2023-09-09T02:27:02Z,27.19,63.54,99,0,26.43,101.64,20.00,537.00,null,null,null
2023-09-09T02:28:02Z,27.17,63.54,99,0,26.26,101.64,20.00,537.00,null,null,null
2023-09-09T02:29:02Z,27.17,63.56,99,0,28.54,101.64,21.00,540.00,null,null,null
2023-09-09T02:30:02Z,27.17,63.54,99,0,26.19,101.64,21.00,540.00,0,0,0
2023-09-09T02:31:02Z,27.19,63.54,99,0,28.06,101.64,21.00,540.00,null,null,null
2023-09-09T02:32:02Z,27.19,63.53,99,0,26.97,101.64,22.00,546.00,null,null,null
2023-09-09T02:33:02Z,27.19,63.51,99,0,28.95,101.64,23.00,552.00,null,null,null
2023-09-09T02:34:02Z,27.16,63.53,99,0,26.21,101.64,22.00,546.00,null,null,null
2023-09-09T02:35:02Z,27.16,63.56,99,0,24.86,101.64,23.00,552.00,0,0,0
2023-09-09T02:36:02Z,27.17,63.60,99,0,27.49,101.64,21.00,540.00,null,null,null
2023-09-09T02:37:02Z,27.19,63.54,99,0,26.16,101.64,23.00,556.00,null,null,null
2023-09-09T02:38:02Z,27.16,63.52,99,0,25.26,101.64,23.00,552.00,null,null,null
2023-09-09T02:39:02Z,27.19,63.56,99,0,25.00,101.64,23.00,556.00,null,null,null
2023-09-09T02:40:02Z,27.17,63.57,99,0,27.24,101.63,23.00,556.00,0,0,0
2023-09-09T02:41:02Z,27.17,63.58,99,0,26.69,101.63,22.00,546.00,null,null,null
2023-09-09T02:42:02Z,27.17,63.62,99,0,27.59,101.63,24.00,564.00,null,null,null
2023-09-09T02:43:02Z,27.19,63.59,99,0,29.65,101.63,23.00,556.00,null,null,null
2023-09-09T02:44:02Z,27.17,63.52,99,0,31.34,101.63,24.00,564.00,null,null,null
2023-09-09T02:45:02Z,27.14,63.51,99,0,26.78,101.63,23.00,552.00,0,0,0
2023-09-09T02:46:02Z,27.19,63.60,99,0,26.55,101.63,23.00,552.00,null,null,null
2023-09-09T02:47:02Z,27.16,63.55,99,0,26.34,101.63,23.00,556.00,null,null,null
2023-09-09T02:48:02Z,27.16,63.62,99,0,28.04,101.63,23.00,552.00,null,null,null
2023-09-09T02:49:02Z,27.16,63.56,99,0,27.64,101.63,24.00,564.00,null,null,null
2023-09-09T02:50:02Z,27.16,63.62,99,0,26.36,101.63,23.00,556.00,0,0,0
2023-09-09T02:51:02Z,27.17,63.60,99,0,25.84,101.63,24.00,564.00,null,null,null
2023-09-09T02:52:02Z,27.16,63.53,99,0,28.76,101.63,25.00,570.00,null,null,null
2023-09-09T02:53:02Z,27.16,63.57,99,0,25.73,101.63,24.00,564.00,null,null,null
2023-09-09T02:54:02Z,27.16,63.57,99,0,28.22,101.63,25.00,570.00,null,null,null
2023-09-09T02:55:02Z,27.14,63.62,99,0,26.55,101.63,24.00,564.00,0,0,0
2023-09-09T02:56:02Z,27.16,63.52,99,0,25.56,101.63,25.00,570.00,null,null,null
2023-09-09T02:57:02Z,27.16,63.60,99,0,26.34,101.63,23.00,556.00,null,null,null
2023-09-09T02:58:02Z,27.16,63.57,99,0,28.12,101.63,24.00,564.00,null,null,null
2023-09-09T02:59:02Z,27.14,63.57,99,0,26.31,101.63,24.00,564.00,null,null,null
