TIME,TEMP,HUM,BATT,LIGHT,NOISE_A,PRESS,CCS811_VOCS,CCS811_ECO2,PM_1,PM_25,PM_10
ISO 8601,C,%,%,Lux,dBA,kPa,ppb,ppm,ug/m3,ug/m3,ug/m3
Time,Temperature,Humidity,Battery,Light,Noise dBA,Barometric pressure,VOC Gas CCS811,eCO2 Gas CCS811,PM 1.0,PM 2.5,PM 10.0
,55,56,10,14,53,58,113,112,89,87,88
2023-09-02T00:00:03Z,24.78,67.79,99,0,30.61,101.66,145.00,1352.00,0,0,0
2023-09-02T00:01:03Z,24.78,67.75,99,0,27.80,101.66,140.00,1321.00,null,null,null
2023-09-02T00:02:03Z,24.81,67.71,99,0,31.38,101.66,142.00,1338.00,null,null,null
2023-09-02T00:03:03Z,24.80,67.81,99,0,28.31,101.66,148.00,1372.00,null,null,null
2023-09-02T00:04:03Z,24.82,67.80,99,0,28.07,101.66,145.00,1356.00,null,null,null
2023-09-02T00:05:03Z,24.81,67.93,99,0,26.76,101.67,145.00,1356.00,0,0,0
2023-09-02T00:06:03Z,24.82,67.94,99,0,30.02,101.67,142.00,1338.00,null,null,null
2023-09-02T00:07:03Z,24.81,67.89,99,0,31.12,101.67,149.00,1380.00,null,null,null
2023-09-02T00:08:03Z,24.82,67.97,99,0,28.37,101.67,149.00,1380.00,null,null,null
2023-09-02T00:09:03Z,24.81,67.91,99,0,28.12,101.67,149.00,1380.00,null,null,null
2023-09-02T00:10:03Z,24.82,67.94,99,0,28.11,101.67,149.00,1380.00,0,0,0
2023-09-02T00:11:03Z,24.85,67.95,99,0,27.82,101.67,149.00,1380.00,null,null,null
2023-09-02T00:12:03Z,24.85,67.86,99,0,26.97,101.67,149.00,1380.00,null,null,null
2023-09-02T00:13:03Z,24.84,67.91,99,0,27.59,101.67,149.00,1380.00,null,null,null
2023-09-02T00:14:03Z,24.84,67.81,99,0,29.58,101.66,151.00,1397.00,null,null,null
2023-09-02T00:15:03Z,24.81,67.91,99,0,30.19,101.67,151.00,1397.00,0,0,0
2023-09-02T00:16:03Z,24.84,67.79,99,0,27.97,101.67,151.00,1397.00,null,null,null
2023-09-02T00:17:03Z,24.84,67.89,99,0,27.22,101.67,151.00,1397.00,null,null,null
2023-09-02T00:18:03Z,24.84,67.77,99,0,27.02,101.67,151.00,1397.00,null,null,null
2023-09-02T00:19:03Z,24.84,67.75,99,0,27.64,101.67,151.00,1397.00,null,null,null
2023-09-02T00:20:03Z,24.85,67.83,99,0,29.33,101.67,151.00,1397.00,0,0,0
2023-09-02T00:21:03Z,24.85,67.79,99,0,27.77,101.68,151.00,1397.00,null,null,null
2023-09-02T00:22:03Z,24.88,67.80,99,0,29.17,101.67,151.00,1397.00,null,null,null
2023-09-02T00:23:03Z,24.88,67.73,99,0,26.21,101.68,151.00,1397.00,null,null,null
2023-09-02T00:24:03Z,24.84,67.81,99,0,27.28,101.68,154.00,1413.00,null,null,null
2023-09-02T00:25:03Z,24.85,67.82,99,0,33.99,101.68,151.00,1397.00,0,0,0
2023-09-02T00:26:03Z,24.88,67.78,99,0,29.21,101.68,154.00,1413.00,null,null,null
2023-09-02T00:27:03Z,24.88,67.77,99,0,27.45,101.68,154.00,1413.00,null,null,null
2023-09-02T00:28:03Z,24.87,67.80,99,0,26.43,101.69,154.00,1413.00,null,null,null
2023-09-02T00:29:03Z,24.87,67.79,99,0,29.49,101.68,154.00,1413.00,null,null,null
2023-09-02T00:30:03Z,24.85,67.79,99,0,29.28,101.69,157.00,1432.00,0,0,0
2023-09-02T00:31:03Z,24.87,67.77,99,0,30.49,101.69,157.00,1432.00,null,null,null
2023-09-02T00:32:03Z,24.88,67.75,99,0,29.40,101.69,157.00,1432.00,null,null,null
2023-09-02T00:33:03Z,24.87,67.73,99,0,28.96,101.69,157.00,1432.00,null,null,null
2023-09-02T00:34:03Z,24.88,67.79,99,0,29.57,101.69,163.00,1474.00,null,null,null
2023-09-02T00:35:03Z,24.87,67.74,99,0,28.20,101.69,161.00,1458.00,0,0,0
2023-09-02T00:36:03Z,24.88,67.76,99,0,28.95,101.69,163.00,1474.00,null,null,null
2023-09-02T00:37:03Z,24.88,67.80,99,0,29.99,101.68,161.00,1458.00,null,null,null
2023-09-02T00:38:03Z,24.88,67.82,99,0,29.81,101.69,163.00,1474.00,null,null,null
2023-09-02T00:39:03Z,24.87,67.87,99,0,28.51,101.69,161.00,1458.00,null,null,null
2023-09-02T00:40:03Z,24.87,67.85,99,0,28.44,101.69,163.00,1474.00,0,0,0
2023-09-02T00:41:03Z,24.90,67.90,99,0,28.40,101.69,163.00,1474.00,null,null,null
2023-09-02T00:42:03Z,24.88,67.81,99,0,29.48,101.69,163.00,1474.00,null,null,null
2023-09-02T00:43:03Z,24.88,67.85,99,0,28.14,101.69,163.00,1474.00,null,null,null
2023-09-02T00:44:03Z,24.87,67.95,99,0,29.08,101.69,166.00,1491.00,null,null,null
2023-09-02T00:45:03Z,24.88,68.00,99,0,27.47,101.69,166.00,1491.00,0,0,0
2023-09-02T00:46:03Z,24.88,68.06,99,0,28.14,101.69,166.00,1491.00,null,null,null
2023-09-02T00:47:03Z,24.90,67.93,99,0,29.01,101.69,166.00,1491.00,null,null,null
2023-09-02T00:48:03Z,24.87,68.10,99,0,26.97,101.69,170.00,1498.00,null,null,null
2023-09-02T00:49:03Z,24.91,68.07,99,0,26.97,101.68,170.00,1498.00,null,null,null
2023-09-02T00:50:03Z,24.91,68.09,99,0,28.81,101.69,173.00,1502.00,0,0,0
2023-09-02T00:51:03Z,24.90,68.13,99,0,29.72,101.68,177.00,1507.00,null,null,null
2023-09-02T00:52:03Z,24.91,68.08,99,0,30.08,101.68,173.00,1502.00,null,null,null
2023-09-02T00:53:03Z,24.90,68.02,99,0,31.14,101.68,181.00,1514.00,null,null,null
2023-09-02T00:54:03Z,24.91,68.01,99,0,29.65,101.68,181.00,1514.00,null,null,null
2023-09-02T00:55:03Z,24.91,68.00,99,0,26.73,101.68,181.00,1514.00,0,0,0
2023-09-02T00:56:03Z,24.94,68.07,99,0,30.04,101.68,184.00,1518.00,null,null,null
2023-09-02T00:57:03Z,24.94,68.09,99,0,27.44,101.68,184.00,1518.00,null,null,null
2023-09-02T00:58:03Z,24.91,68.01,99,0,30.73,101.68,187.00,1523.00,null,null,null
2023-09-02T00:59:03Z,24.92,68.03,99,0,31.99,101.67,187.00,1523.00,null,null,null
2023-09-02T01:00:03Z,24.91,68.11,99,0,35.70,101.68,187.00,1523.00,0,0,0
2023-09-02T01:01:03Z,24.92,68.11,99,0,29.41,101.67,191.00,1528.00,null,null,null
2023-09-02T01:02:03Z,24.94,68.10,99,0,28.78,101.67,191.00,1528.00,null,null,null
2023-09-02T01:03:03Z,24.94,68.16,99,0,26.78,101.67,193.00,1532.00,null,null,null
2023-09-02T01:04:03Z,24.92,68.21,99,0,30.23,101.67,193.00,1532.00,null,null,null
2023-09-02T01:05:03Z,24.92,68.17,99,0,29.81,101.67,198.00,1538.00,0,0,0
2023-09-02T01:06:03Z,24.95,68.16,99,0,31.99,101.66,272.00,1629.00,null,null,null
2023-09-02T01:07:03Z,24.94,68.18,99,0,31.24,101.66,298.00,1660.00,null,null,null
2023-09-02T01:08:03Z,24.94,68.30,99,0,28.67,101.66,326.00,1687.00,null,null,null
2023-09-02T01:09:03Z,24.92,68.31,99,0,28.07,101.66,349.00,1710.00,null,null,null
2023-09-02T01:10:03Z,24.94,68.28,99,0,27.16,101.67,369.00,1731.00,0,0,0
2023-09-02T01:11:03Z,24.95,68.34,99,0,29.01,101.67,385.00,1744.00,null,null,null
2023-09-02T01:12:03Z,24.95,68.39,99,0,25.38,101.66,399.00,1756.00,null,null,null
2023-09-02T01:13:03Z,24.94,68.29,99,0,27.97,101.66,413.00,1769.00,null,null,null
2023-09-02T01:14:03Z,24.94,68.28,99,0,28.52,101.67,422.00,1775.00,null,null,null
2023-09-02T01:15:03Z,24.98,68.31,99,0,27.06,101.66,429.00,1782.00,0,0,0
2023-09-02T01:16:03Z,24.96,68.55,99,0,28.76,101.66,439.00,1790.00,null,null,null
2023-09-02T01:17:03Z,24.99,68.28,99,0,27.04,101.66,446.00,1798.00,null,null,null
2023-09-02T01:18:03Z,24.96,68.40,99,0,27.75,101.66,456.00,1805.00,null,null,null
2023-09-02T01:19:03Z,24.96,68.41,99,0,27.08,101.67,456.00,1805.00,null,null,null
2023-09-02T01:20:03Z,24.98,68.52,99,0,27.51,101.67,465.00,1813.00,0,0,0
2023-09-02T01:21:03Z,24.98,68.35,99,0,27.57,101.66,465.00,1813.00,null,null,null
2023-09-02T01:22:03Z,24.98,68.29,99,0,30.30,101.67,474.00,1819.00,null,null,null
2023-09-02T01:23:03Z,24.98,68.36,99,0,27.99,101.67,474.00,1819.00,null,null,null
2023-09-02T01:24:03Z,24.98,68.33,99,0,33.30,101.67,474.00,1819.00,null,null,null
2023-09-02T01:25:03Z,24.96,68.33,99,0,28.39,101.67,474.00,1819.00,0,0,0
2023-09-02T01:26:03Z,24.99,68.39,99,0,27.64,101.67,474.00,1819.00,null,null,null
2023-09-02T01:27:03Z,24.96,68.41,99,0,30.47,101.67,481.00,1825.00,null,null,null
2023-09-02T01:28:03Z,24.99,68.55,99,0,30.27,101.67,481.00,1825.00,null,null,null
2023-09-02T01:29:03Z,24.99,68.36,99,0,28.54,101.67,481.00,1825.00,null,null,null
2023-09-02T01:30:03Z,25.01,68.54,99,0,28.07,101.67,493.00,1833.00,0,0,0
2023-09-02T01:31:03Z,25.02,68.52,99,0,29.51,101.67,493.00,1833.00,null,null,null
2023-09-02T01:32:03Z,25.02,68.48,99,0,28.42,101.66,657.00,1946.00,null,null,null
2023-09-02T01:33:03Z,25.02,68.51,99,0,27.57,101.66,725.00,1988.00,null,null,null
2023-09-02T01:34:03Z,25.02,68.49,99,0,29.36,101.67,773.00,2015.00,null,null,null
2023-09-02T01:35:03Z,25.02,68.43,99,0,30.85,101.67,803.00,2031.00,0,0,0
2023-09-02T01:36:03Z,25.02,68.50,99,0,28.64,101.67,825.00,2050.00,null,null,null
2023-09-02T01:37:03Z,25.02,68.45,99,0,28.80,101.67,857.00,2068.00,null,null,null
2023-09-02T01:38:03Z,25.05,68.36,99,0,30.86,101.67,875.00,2076.00,null,null,null
2023-09-02T01:39:03Z,25.07,68.41,99,0,26.87,101.68,891.00,2086.00,null,null,null
2023-09-02T01:40:03Z,25.01,68.41,99,0,31.18,101.68,911.00,2094.00,0,0,0
2023-09-02T01:41:03Z,25.07,68.41,99,0,30.84,101.69,891.00,2086.00,null,null,null
2023-09-02T01:42:03Z,25.05,68.26,99,0,32.58,101.69,911.00,2094.00,null,null,null
2023-09-02T01:43:03Z,25.05,68.32,99,0,27.18,101.69,891.00,2086.00,null,null,null
2023-09-02T01:44:03Z,25.05,68.30,99,0,27.49,101.69,911.00,2094.00,null,null,null
2023-09-02T01:45:03Z,25.03,68.35,99,0,27.44,101.69,911.00,2094.00,0,0,0
2023-09-02T01:46:03Z,25.03,68.20,99,0,29.81,101.69,891.00,2086.00,null,null,null
2023-09-02T01:47:03Z,25.08,68.45,99,0,27.32,101.69,920.00,2098.00,null,null,null
2023-09-02T01:48:03Z,25.10,68.36,99,0,29.37,101.69,911.00,2094.00,null,null,null
2023-09-02T01:49:03Z,25.07,68.41,99,0,28.83,101.69,911.00,2094.00,null,null,null
2023-09-02T01:50:03Z,25.08,68.45,99,0,30.60,101.69,911.00,2094.00,0,0,0
2023-09-02T01:51:03Z,25.07,68.26,99,0,30.56,101.70,911.00,2094.00,null,null,null
2023-09-02T01:52:03Z,25.08,68.19,99,0,28.54,101.70,891.00,2086.00,null,null,null
2023-09-02T01:53:03Z,25.08,68.16,99,0,30.43,101.69,901.00,2090.00,null,null,null
2023-09-02T01:54:03Z,25.08,68.13,99,0,28.81,101.70,883.00,2082.00,null,null,null
2023-09-02T01:55:03Z,25.10,68.07,99,0,28.68,101.69,865.00,2070.00,0,0,0
2023-09-02T01:56:03Z,25.10,68.11,99,0,29.04,101.69,846.00,2062.00,null,null,null
2023-09-02T01:57:03Z,25.10,68.09,99,0,30.11,101.69,846.00,2062.00,null,null,null
2023-09-02T01:58:03Z,25.07,68.03,99,0,27.89,101.69,833.00,2054.00,null,null,null
2023-09-02T01:59:03Z,25.08,68.01,99,0,27.89,101.70,810.00,2035.00,null,null,null
2023-09-02T02:00:03Z,25.08,68.18,99,0,28.57,101.70,810.00,2035.00,0,0,0
2023-09-02T02:01:03Z,25.08,68.21,99,0,29.37,101.70,810.00,2035.00,null,null,null
2023-09-02T02:02:03Z,25.10,68.15,99,0,28.83,101.70,901.00,2090.00,null,null,null
2023-09-02T02:03:03Z,25.11,68.20,99,0,27.59,101.70,1161.00,2208.00,null,null,null
2023-09-02T02:04:03Z,25.07,68.23,99,0,27.68,101.71,1229.00,2244.00,null,null,null
2023-09-02T02:05:03Z,25.08,68.27,99,0,27.04,101.70,1252.00,2253.00,0,0,0
2023-09-02T02:06:03Z,25.11,68.19,99,0,27.08,101.70,1220.00,2238.00,null,null,null
2023-09-02T02:07:03Z,25.11,68.23,99,0,28.36,101.70,1229.00,2244.00,null,null,null
2023-09-02T02:08:03Z,25.08,68.24,99,0,31.14,101.70,1252.00,2253.00,null,null,null
2023-09-02T02:09:03Z,25.10,68.19,99,0,30.15,101.71,1229.00,2244.00,null,null,null
2023-09-02T02:10:03Z,25.08,68.13,99,0,29.37,101.71,1229.00,2244.00,0,0,0
2023-09-02T02:11:03Z,25.10,68.18,99,0,27.66,101.71,1229.00,2244.00,null,null,null
2023-09-02T02:12:03Z,25.08,68.21,99,0,32.55,101.70,1207.00,2232.00,null,null,null
2023-09-02T02:13:03Z,25.08,68.04,99,0,29.12,101.71,1184.00,2218.00,null,null,null
2023-09-02T02:14:03Z,25.08,68.16,99,0,29.40,101.71,1184.00,2218.00,null,null,null
2023-09-02T02:15:03Z,25.08,68.12,99,0,27.20,101.71,1161.00,2208.00,0,0,0
2023-09-02T02:16:03Z,25.10,68.18,99,0,30.24,101.72,1161.00,2208.00,null,null,null
2023-09-02T02:17:03Z,25.10,68.12,99,0,29.49,101.72,1138.00,2197.00,null,null,null
2023-09-02T02:18:03Z,25.08,68.07,99,0,30.49,101.72,1115.00,2189.00,null,null,null
2023-09-02T02:19:03Z,25.10,68.07,99,0,26.60,101.72,1088.00,2178.00,null,null,null
2023-09-02T02:20:03Z,25.05,67.99,99,0,30.78,101.72,1088.00,2178.00,0,0,0
2023-09-02T02:21:03Z,25.07,68.11,99,0,28.34,101.72,1067.00,2166.00,null,null,null
2023-09-02T02:22:03Z,25.08,68.08,99,0,25.22,101.72,1048.00,2158.00,null,null,null
2023-09-02T02:23:03Z,25.08,68.03,99,0,26.43,101.73,1048.00,2158.00,null,null,null
2023-09-02T02:24:03Z,25.07,68.10,99,0,29.23,101.73,1027.00,2150.00,null,null,null
2023-09-02T02:25:03Z,25.07,68.12,99,0,26.76,101.73,1005.00,2138.00,0,0,0
2023-09-02T02:26:03Z,25.08,68.04,99,0,27.06,101.73,687.00,1965.00,null,null,null
2023-09-02T02:27:03Z,25.08,68.06,99,0,30.22,101.73,543.00,1870.00,null,null,null
2023-09-02T02:28:03Z,25.08,68.03,99,0,31.82,101.73,531.00,1861.00,null,null,null
2023-09-02T02:29:03Z,25.08,68.05,99,0,28.80,101.73,518.00,1852.00,null,null,null
2023-09-02T02:30:03Z,25.10,68.07,99,0,28.80,101.73,511.00,1847.00,0,0,0
2023-09-02T02:31:03Z,25.07,67.98,99,0,25.67,101.73,505.00,1843.00,null,null,null
2023-09-02T02:32:03Z,25.07,68.09,99,0,27.92,101.73,498.00,1837.00,null,null,null
2023-09-02T02:33:03Z,25.08,68.04,99,0,26.95,101.74,490.00,1832.00,null,null,null
2023-09-02T02:34:03Z,25.07,68.02,99,0,28.95,101.74,483.00,1827.00,null,null,null
2023-09-02T02:35:03Z,25.07,68.09,99,0,28.39,101.74,479.00,1823.00,0,0,0
2023-09-02T02:36:03Z,25.07,68.10,99,0,30.13,101.74,467.00,1814.00,null,null,null
2023-09-02T02:37:03Z,25.05,68.07,99,0,27.47,101.74,458.00,1808.00,null,null,null
2023-09-02T02:38:03Z,25.08,68.19,99,0,29.27,101.74,446.00,1798.00,null,null,null
2023-09-02T02:39:03Z,25.05,68.19,99,0,26.84,101.74,446.00,1798.00,null,null,null
2023-09-02T02:40:03Z,25.07,68.26,99,0,26.03,101.74,441.00,1792.00,0,0,0
2023-09-02T02:41:03Z,25.05,68.27,99,0,26.34,101.74,439.00,1790.00,null,null,null
2023-09-02T02:42:03Z,25.08,68.12,99,0,26.99,101.74,434.00,1785.00,null,null,null
2023-09-02T02:43:03Z,25.05,68.20,99,0,25.98,101.74,427.00,1779.00,null,null,null
2023-09-02T02:44:03Z,25.03,68.15,99,0,25.19,101.74,418.00,1774.00,null,null,null
2023-09-02T02:45:03Z,25.03,68.20,99,0,27.78,101.74,413.00,1769.00,0,0,0
2023-09-02T02:46:03Z,25.08,68.12,99,0,26.99,101.74,409.00,1765.00,null,null,null
2023-09-02T02:47:03Z,25.05,68.11,99,0,27.80,101.74,398.00,1757.00,null,null,null
2023-09-02T02:48:03Z,25.05,68.07,99,0,29.05,101.74,392.00,1752.00,null,null,null
2023-09-02T02:49:03Z,25.03,68.04,99,0,26.87,101.74,387.00,1747.00,null,null,null
2023-09-02T02:50:03Z,25.03,68.07,99,0,27.12,101.74,385.00,1744.00,0,0,0
2023-09-02T02:51:03Z,25.03,68.02,99,0,26.36,101.74,382.00,1742.00,null,null,null
2023-09-02T02:52:03Z,25.05,68.04,99,0,27.69,101.74,376.00,1739.00,null,null,null
2023-09-02T02:53:03Z,25.07,68.10,99,0,25.73,101.74,367.00,1730.00,null,null,null
2023-09-02T02:54:03Z,25.03,68.07,99,0,28.73,101.73,363.00,1725.00,null,null,null
2023-09-02T02:55:03Z,25.02,68.12,99,0,27.06,101.73,355.00,1717.00,0,0,0
2023-09-02T02:56:03Z,25.03,68.04,99,0,26.36,101.73,347.00,1708.00,null,null,null
2023-09-02T02:57:03Z,25.07,68.02,99,0,26.29,101.73,347.00,1708.00,null,null,null
2023-09-02T02:58:03Z,25.03,68.08,99,0,28.42,101.73,341.00,1703.00,null,null,null
2023-09-02T02:59:03Z,25.03,68.08,99,0,29.26,101.73,333.00,1695.00,null,null,null
