TIME,TEMP,HUM,BATT,LIGHT,NOISE_A,PRESS,CCS811_VOCS,CCS811_ECO2,PM_1,PM_25,PM_10
ISO 8601,C,%,%,Lux,dBA,kPa,ppb,ppm,ug/m3,ug/m3,ug/m3
Time,Temperature,Humidity,Battery,Light,Noise dBA,Barometric pressure,VOC Gas CCS811,eCO2 Gas CCS811,PM 1.0,PM 2.5,PM 10.0
,55,56,10,14,53,58,113,112,89,87,88
2023-08-12T00:00:04Z,24.37,64.86,98,0,28.84,101.66,335.00,1696.00,null,null,null
2023-08-12T00:01:04Z,24.41,64.86,98,0,28.37,101.66,335.00,1696.00,0,0,0
2023-08-12T00:02:04Z,24.40,64.82,98,0,27.85,101.66,344.00,1704.00,null,null,null
2023-08-12T00:03:04Z,24.41,64.77,98,0,24.54,101.67,344.00,1704.00,null,null,null
2023-08-12T00:04:04Z,24.43,64.77,98,0,28.30,101.67,344.00,1704.00,null,null,null
2023-08-12T00:05:04Z,24.43,64.82,98,0,30.94,101.66,344.00,1704.00,null,null,null
2023-08-12T00:06:04Z,24.43,64.82,98,0,31.16,101.66,344.00,1704.00,0,0,0
2023-08-12T00:07:04Z,24.47,64.73,98,0,29.17,101.66,344.00,1704.00,null,null,null
2023-08-12T00:08:04Z,24.45,64.69,98,0,30.98,101.66,348.00,1709.00,null,null,null
2023-08-12T00:09:04Z,24.47,64.64,98,0,30.13,101.65,340.00,1701.00,null,null,null
2023-08-12T00:10:04Z,24.45,64.64,98,0,29.28,101.66,355.00,1717.00,null,null,null
2023-08-12T00:11:04Z,24.48,64.66,98,0,28.44,101.66,355.00,1717.00,0,0,0
2023-08-12T00:12:04Z,24.47,64.65,98,0,30.17,101.67,355.00,1717.00,null,null,null
2023-08-12T00:13:04Z,24.50,64.56,98,0,31.16,101.67,355.00,1717.00,null,null,null
2023-08-12T00:14:04Z,24.50,64.62,98,0,28.17,101.67,355.00,1717.00,null,null,null
2023-08-12T00:15:04Z,24.48,64.58,98,0,26.64,101.66,355.00,1717.00,null,null,null
2023-08-12T00:16:04Z,24.48,64.64,98,0,29.55,101.66,355.00,1717.00,0,0,0
2023-08-12T00:17:04Z,24.53,64.57,98,0,28.98,101.66,355.00,1717.00,null,null,null
2023-08-12T00:18:04Z,24.56,64.44,98,0,30.55,101.65,348.00,1709.00,null,null,null
2023-08-12T00:19:04Z,24.53,64.48,98,0,33.45,101.65,348.00,1709.00,null,null,null
2023-08-12T00:20:04Z,24.57,64.50,98,0,28.55,101.65,340.00,1701.00,null,null,null
2023-08-12T00:21:04Z,24.54,64.46,98,0,27.85,101.65,348.00,1709.00,0,0,0
2023-08-12T00:22:04Z,24.57,64.49,98,0,29.25,101.65,348.00,1709.00,null,null,null
2023-08-12T00:23:04Z,24.57,64.45,98,0,31.57,101.65,340.00,1701.00,null,null,null
2023-08-12T00:24:04Z,24.56,64.48,98,0,27.57,101.65,348.00,1709.00,null,null,null
2023-08-12T00:25:04Z,24.57,64.47,98,0,32.85,101.65,348.00,1709.00,null,null,null
2023-08-12T00:26:04Z,24.57,64.43,98,0,27.20,101.65,340.00,1701.00,0,0,0
2023-08-12T00:27:04Z,24.59,64.47,98,0,30.51,101.65,340.00,1701.00,null,null,null
2023-08-12T00:28:04Z,24.59,64.52,98,0,28.48,101.65,340.00,1701.00,null,null,null
2023-08-12T00:29:04Z,24.59,64.46,98,0,28.28,101.64,340.00,1701.00,null,null,null
2023-08-12T00:30:04Z,24.59,64.45,98,0,36.53,101.64,348.00,1709.00,null,null,null
2023-08-12T00:31:04Z,24.59,64.57,98,0,26.48,101.65,340.00,1701.00,0,0,0
2023-08-12T00:32:04Z,24.59,64.42,98,0,27.02,101.65,334.00,1695.00,null,null,null
2023-08-12T00:33:04Z,24.61,64.41,98,0,29.17,101.64,340.00,1701.00,null,null,null
2023-08-12T00:34:04Z,24.61,64.48,98,0,26.53,101.64,348.00,1709.00,null,null,null
2023-08-12T00:35:04Z,24.63,64.39,98,0,27.53,101.64,348.00,1709.00,null,null,null
2023-08-12T00:36:04Z,24.63,64.42,98,0,27.80,101.64,334.00,1695.00,0,0,0
2023-08-12T00:37:04Z,24.64,64.38,98,0,27.73,101.64,334.00,1695.00,null,null,null
2023-08-12T00:38:04Z,24.63,64.43,98,0,25.62,101.64,334.00,1695.00,null,null,null
2023-08-12T00:39:04Z,24.66,64.40,98,0,26.55,101.64,334.00,1695.00,null,null,null
2023-08-12T00:40:04Z,24.64,64.37,98,0,30.10,101.64,334.00,1695.00,null,null,null
2023-08-12T00:41:04Z,24.66,64.40,98,0,28.42,101.63,340.00,1701.00,0,0,0
2023-08-12T00:42:04Z,24.66,64.34,98,0,27.30,101.64,348.00,1709.00,null,null,null
2023-08-12T00:43:04Z,24.66,64.47,98,0,28.51,101.64,348.00,1709.00,null,null,null
2023-08-12T00:44:04Z,24.66,64.42,98,0,29.21,101.64,340.00,1701.00,null,null,null
2023-08-12T00:45:04Z,24.70,64.31,98,0,30.30,101.64,348.00,1709.00,null,null,null
2023-08-12T00:46:04Z,24.67,64.54,98,0,29.21,101.64,340.00,1701.00,0,0,0
2023-08-12T00:47:04Z,24.68,64.49,98,0,26.03,101.64,340.00,1701.00,null,null,null
2023-08-12T00:48:04Z,24.70,64.37,98,0,28.12,101.64,340.00,1701.00,null,null,null
2023-08-12T00:49:04Z,24.71,64.44,98,0,27.08,101.64,334.00,1695.00,null,null,null
2023-08-12T00:50:04Z,24.68,64.41,98,0,28.83,101.64,340.00,1701.00,null,null,null
2023-08-12T00:51:04Z,24.71,64.36,98,0,27.14,101.64,348.00,1709.00,0,0,0
2023-08-12T00:52:04Z,24.71,64.43,98,0,27.82,101.64,340.00,1701.00,null,null,null
2023-08-12T00:53:04Z,24.74,64.43,98,0,26.60,101.64,334.00,1695.00,null,null,null
2023-08-12T00:54:04Z,24.72,64.40,98,0,26.11,101.64,334.00,1695.00,null,null,null
2023-08-12T00:55:04Z,24.71,64.53,98,0,26.08,101.64,334.00,1695.00,null,null,null
2023-08-12T00:56:04Z,24.74,64.54,98,0,26.62,101.64,334.00,1695.00,0,0,0
2023-08-12T00:57:04Z,24.74,64.39,98,0,27.73,101.64,326.00,1687.00,null,null,null
2023-08-12T00:58:04Z,24.72,64.41,98,0,25.70,101.65,340.00,1701.00,null,null,null
2023-08-12T00:59:04Z,24.74,64.35,98,0,28.42,101.64,334.00,1695.00,null,null,null
2023-08-12T01:00:04Z,24.77,64.36,98,0,27.45,101.64,334.00,1695.00,null,null,null
2023-08-12T01:01:04Z,24.74,64.35,98,0,29.08,101.64,326.00,1687.00,0,0,0
2023-08-12T01:02:04Z,24.77,64.39,98,0,29.17,101.63,334.00,1695.00,null,null,null
2023-08-12T01:03:04Z,24.80,64.36,98,0,27.99,101.63,320.00,1681.00,null,null,null
2023-08-12T01:04:04Z,24.80,64.45,98,0,26.95,101.63,320.00,1681.00,null,null,null
2023-08-12T01:05:04Z,24.75,64.42,98,0,26.19,101.63,312.00,1673.00,null,null,null
2023-08-12T01:06:04Z,24.80,64.47,98,0,30.13,101.63,312.00,1673.00,0,0,0
2023-08-12T01:07:04Z,24.80,64.37,98,0,31.35,101.63,312.00,1673.00,null,null,null
2023-08-12T01:08:04Z,24.78,64.35,98,0,27.73,101.63,312.00,1673.00,null,null,null
2023-08-12T01:09:04Z,24.80,64.48,98,0,29.62,101.63,312.00,1673.00,null,null,null
2023-08-12T01:10:04Z,24.81,64.61,98,0,28.36,101.63,312.00,1673.00,null,null,null
2023-08-12T01:11:04Z,24.80,64.55,98,0,29.41,101.63,312.00,1673.00,0,0,0
2023-08-12T01:12:04Z,24.81,64.57,98,0,27.84,101.63,306.00,1668.00,null,null,null
2023-08-12T01:13:04Z,24.82,64.49,98,0,34.90,101.63,306.00,1668.00,null,null,null
2023-08-12T01:14:04Z,24.80,64.41,98,0,30.01,101.63,312.00,1673.00,null,null,null
2023-08-12T01:15:04Z,24.81,64.54,98,0,32.97,101.63,312.00,1673.00,null,null,null
2023-08-12T01:16:04Z,24.81,64.57,98,0,29.88,101.62,312.00,1673.00,0,0,0
2023-08-12T01:17:04Z,24.85,64.50,98,0,29.51,101.62,306.00,1668.00,null,null,null
2023-08-12T01:18:04Z,24.85,64.46,98,0,28.36,101.62,306.00,1668.00,null,null,null
2023-08-12T01:19:04Z,24.85,64.46,98,0,30.45,101.61,306.00,1668.00,null,null,null
2023-08-12T01:20:04Z,24.82,64.48,98,0,28.68,101.61,306.00,1668.00,null,null,null
2023-08-12T01:21:04Z,24.85,64.47,98,0,28.58,101.62,306.00,1668.00,0,0,0
2023-08-12T01:22:04Z,24.87,64.43,98,0,29.32,101.61,306.00,1668.00,null,null,null
2023-08-12T01:23:04Z,24.87,64.39,98,0,30.21,101.61,306.00,1668.00,null,null,null
2023-08-12T01:24:04Z,24.87,64.37,98,0,32.24,101.62,306.00,1668.00,null,null,null
2023-08-12T01:25:04Z,24.87,64.41,98,0,28.50,101.62,306.00,1668.00,null,null,null
2023-08-12T01:26:04Z,24.85,64.41,98,0,28.14,101.63,306.00,1668.00,0,0,0
2023-08-12T01:27:04Z,24.88,64.41,98,0,29.97,101.62,306.00,1668.00,null,null,null
2023-08-12T01:28:04Z,24.88,64.49,98,0,27.89,101.62,306.00,1668.00,null,null,null
2023-08-12T01:29:04Z,24.90,64.43,98,0,30.47,101.62,306.00,1668.00,null,null,null
2023-08-12T01:30:04Z,24.88,64.50,98,0,29.36,101.62,306.00,1668.00,null,null,null
2023-08-12T01:31:04Z,24.88,64.46,98,0,26.06,101.62,306.00,1668.00,0,0,0
2023-08-12T01:32:04Z,24.90,64.44,98,0,30.70,101.61,306.00,1668.00,null,null,null
2023-08-12T01:33:04Z,24.91,64.35,98,0,24.39,101.61,306.00,1668.00,null,null,null
2023-08-12T01:34:04Z,24.91,64.40,98,0,27.26,101.61,306.00,1668.00,null,null,null
2023-08-12T01:35:04Z,24.90,64.37,98,0,25.98,101.61,306.00,1668.00,null,null,null
2023-08-12T01:36:04Z,24.91,64.39,98,0,30.02,101.61,306.00,1668.00,0,0,0
2023-08-12T01:37:04Z,24.91,64.39,98,0,27.12,101.62,306.00,1668.00,null,null,null
2023-08-12T01:38:04Z,24.90,64.42,98,0,28.31,101.62,306.00,1668.00,null,null,null
2023-08-12T01:39:04Z,24.92,64.40,98,0,25.26,101.62,306.00,1668.00,null,null,null
2023-08-12T01:40:04Z,24.91,64.26,98,0,28.60,101.62,306.00,1668.00,null,null,null
2023-08-12T01:41:04Z,24.90,64.27,98,0,25.65,101.62,306.00,1668.00,0,0,0
2023-08-12T01:42:04Z,24.92,64.30,98,0,28.51,101.61,306.00,1668.00,null,null,null
2023-08-12T01:43:04Z,24.94,64.26,98,0,26.87,101.60,306.00,1668.00,null,null,null
2023-08-12T01:44:04Z,24.94,64.25,98,0,26.84,101.61,299.00,1660.00,null,null,null
2023-08-12T01:45:04Z,24.92,64.29,98,0,26.82,101.61,306.00,1668.00,null,null,null
2023-08-12T01:46:04Z,24.92,64.24,98,0,28.02,101.60,306.00,1668.00,0,0,0
2023-08-12T01:47:04Z,24.96,64.38,98,0,28.74,101.59,308.00,1669.00,null,null,null
2023-08-12T01:48:04Z,24.96,64.18,98,0,28.01,101.59,306.00,1668.00,null,null,null
2023-08-12T01:49:04Z,24.95,64.23,98,0,25.76,101.60,308.00,1669.00,null,null,null
2023-08-12T01:50:04Z,24.98,64.22,98,0,26.08,101.60,308.00,1669.00,null,null,null
2023-08-12T01:51:04Z,24.96,64.40,98,0,27.89,101.60,301.00,1663.00,0,0,0
2023-08-12T01:52:04Z,24.98,64.35,98,0,29.30,101.60,299.00,1660.00,null,null,null
2023-08-12T01:53:04Z,24.98,64.29,98,0,33.67,101.60,299.00,1660.00,null,null,null
2023-08-12T01:54:04Z,24.96,64.25,98,0,28.02,101.60,306.00,1668.00,null,null,null
2023-08-12T01:55:04Z,24.96,64.28,98,0,29.41,101.60,306.00,1668.00,null,null,null
2023-08-12T01:56:04Z,24.99,64.36,98,0,27.55,101.60,306.00,1668.00,0,0,0
2023-08-12T01:57:04Z,24.99,64.39,98,0,28.37,101.60,312.00,1673.00,null,null,null
2023-08-12T01:58:04Z,24.99,64.24,98,0,27.18,101.60,306.00,1668.00,null,null,null
2023-08-12T01:59:04Z,24.98,64.29,98,0,25.53,101.60,314.00,1676.00,null,null,null
2023-08-12T02:00:04Z,24.96,64.28,98,0,28.54,101.60,306.00,1668.00,null,null,null
2023-08-12T02:01:04Z,24.99,64.28,98,0,26.84,101.60,299.00,1660.00,0,0,0
2023-08-12T02:02:04Z,25.01,64.44,98,0,28.48,101.60,299.00,1660.00,null,null,null
2023-08-12T02:03:04Z,25.02,64.33,98,0,29.32,101.60,299.00,1660.00,null,null,null
2023-08-12T02:04:04Z,24.99,64.39,98,0,28.93,101.60,306.00,1668.00,null,null,null
2023-08-12T02:05:04Z,25.01,64.31,98,0,28.74,101.59,306.00,1668.00,null,null,null
2023-08-12T02:06:04Z,25.02,64.25,98,0,28.50,101.59,306.00,1668.00,0,0,0
2023-08-12T02:07:04Z,25.03,64.33,98,0,29.74,101.59,299.00,1660.00,null,null,null
2023-08-12T02:08:04Z,25.03,64.25,98,0,27.64,101.60,299.00,1660.00,null,null,null
2023-08-12T02:09:04Z,25.01,64.24,98,0,27.26,101.60,306.00,1668.00,null,null,null
2023-08-12T02:10:04Z,25.02,64.30,98,0,26.71,101.59,308.00,1669.00,null,null,null
2023-08-12T02:11:04Z,25.01,64.32,98,0,28.73,101.60,306.00,1668.00,0,0,0
2023-08-12T02:12:04Z,25.02,64.18,98,0,28.07,101.59,306.00,1668.00,null,null,null
2023-08-12T02:13:04Z,25.03,64.24,98,0,27.89,101.59,308.00,1669.00,null,null,null
2023-08-12T02:14:04Z,25.03,64.22,98,0,27.84,101.59,308.00,1669.00,null,null,null
2023-08-12T02:15:04Z,25.05,64.24,98,0,29.49,101.59,308.00,1669.00,null,null,null
2023-08-12T02:16:04Z,25.05,64.30,98,0,30.25,101.59,308.00,1669.00,0,0,0
2023-08-12T02:17:04Z,25.07,64.18,98,0,27.22,101.59,306.00,1668.00,null,null,null
2023-08-12T02:18:04Z,25.05,64.27,98,0,29.03,101.58,308.00,1669.00,null,null,null
2023-08-12T02:19:04Z,25.05,64.23,98,0,28.14,101.58,306.00,1668.00,null,null,null
2023-08-12T02:20:04Z,25.05,64.21,98,0,29.42,101.58,308.00,1669.00,null,null,null
2023-08-12T02:21:04Z,25.05,64.26,98,0,28.85,101.59,301.00,1663.00,0,0,0
2023-08-12T02:22:04Z,25.07,64.19,98,0,30.56,101.58,299.00,1660.00,null,null,null
2023-08-12T02:23:04Z,25.10,64.12,98,0,26.24,101.58,308.00,1669.00,null,null,null
2023-08-12T02:24:04Z,25.07,64.21,98,0,27.51,101.58,308.00,1669.00,null,null,null
2023-08-12T02:25:04Z,25.10,64.21,98,0,26.14,101.58,308.00,1669.00,null,null,null
2023-08-12T02:26:04Z,25.08,64.17,98,0,25.56,101.58,301.00,1663.00,0,0,0
2023-08-12T02:27:04Z,25.10,64.19,98,0,26.69,101.58,308.00,1669.00,null,null,null
2023-08-12T02:28:04Z,25.10,64.11,98,0,28.48,101.58,308.00,1669.00,null,null,null
2023-08-12T02:29:04Z,25.08,64.11,98,0,25.79,101.57,301.00,1663.00,null,null,null
2023-08-12T02:30:04Z,25.11,64.11,98,0,28.84,101.57,308.00,1669.00,null,null,null
2023-08-12T02:31:04Z,25.10,64.19,98,0,28.96,101.57,308.00,1669.00,0,0,0
2023-08-12T02:32:04Z,25.12,64.19,98,0,27.57,101.57,308.00,1669.00,null,null,null
2023-08-12T02:33:04Z,25.11,64.10,98,0,25.59,101.57,301.00,1663.00,null,null,null
2023-08-12T02:34:04Z,25.11,64.07,98,0,27.71,101.57,301.00,1663.00,null,null,null
2023-08-12T02:35:04Z,25.12,64.16,98,0,25.73,101.57,301.00,1663.00,null,null,null
2023-08-12T02:36:04Z,25.11,64.22,98,0,27.02,101.57,308.00,1669.00,0,0,0
2023-08-12T02:37:04Z,25.11,64.25,98,0,27.96,101.57,301.00,1663.00,null,null,null
2023-08-12T02:38:04Z,25.12,64.18,98,0,27.26,101.57,306.00,1668.00,null,null,null
2023-08-12T02:39:04Z,25.12,64.16,98,0,26.48,101.57,308.00,1669.00,null,null,null
2023-08-12T02:40:04Z,25.14,64.18,98,0,27.55,101.57,308.00,1669.00,null,null,null
2023-08-12T02:41:04Z,25.12,64.16,98,0,27.30,101.57,308.00,1669.00,0,0,0
2023-08-12T02:42:04Z,25.15,64.23,98,0,27.18,101.57,308.00,1669.00,null,null,null
2023-08-12T02:43:04Z,25.17,64.20,98,0,25.76,101.57,308.00,1669.00,null,null,null
2023-08-12T02:44:04Z,25.14,64.16,98,0,26.24,101.57,308.00,1669.00,null,null,null
2023-08-12T02:45:04Z,25.14,64.08,98,0,28.57,101.57,308.00,1669.00,null,null,null
2023-08-12T02:46:04Z,25.15,64.13,98,0,35.79,101.57,301.00,1663.00,0,0,0
2023-08-12T02:47:04Z,25.17,64.17,98,0,26.69,101.57,308.00,1669.00,null,null,null
2023-08-12T02:48:04Z,25.15,64.14,98,0,25.47,101.58,301.00,1663.00,null,null,null
2023-08-12T02:49:04Z,25.17,64.13,98,0,26.60,101.58,308.00,1669.00,null,null,null
2023-08-12T02:50:04Z,25.17,64.14,98,0,25.76,101.58,308.00,1669.00,null,null,null
2023-08-12T02:51:04Z,25.15,64.29,98,0,25.19,101.59,308.00,1669.00,0,0,0
2023-08-12T02:52:04Z,25.18,64.20,98,0,27.08,101.59,299.00,1660.00,null,null,null
2023-08-12T02:53:04Z,25.15,64.28,98,0,26.48,101.59,308.00,1669.00,null,null,null
2023-08-12T02:54:04Z,25.18,64.16,98,0,27.24,101.59,306.00,1668.00,null,null,null
2023-08-12T02:55:04Z,25.17,64.21,98,0,27.89,101.60,308.00,1669.00,null,null,null
2023-08-12T02:56:04Z,25.15,64.23,98,0,25.50,101.60,308.00,1669.00,0,0,0
2023-08-12T02:57:04Z,25.17,64.20,98,0,26.71,101.60,301.00,1663.00,null,null,null
2023-08-12T02:58:04Z,25.21,64.17,98,0,24.83,101.60,308.00,1669.00,null,null,null
2023-08-12T02:59:04Z,25.18,64.24,98,0,24.46,101.60,308.00,1669.00,null,null,null
