TIME,TEMP,HUM,BATT,LIGHT,NOISE_A,PRESS,CCS811_VOCS,CCS811_ECO2,PM_1,PM_25,PM_10
ISO 8601,C,%,%,Lux,dBA,kPa,ppb,ppm,ug/m3,ug/m3,ug/m3
Time,Temperature,Humidity,Battery,Light,Noise dBA,Barometric pressure,VOC Gas CCS811,eCO2 Gas CCS811,PM 1.0,PM 2.5,PM 10.0
,55,56,10,14,53,58,113,112,89,87,88
2023-09-23T00:00:02Z,21.98,58.41,49,0,22.83,100.69,27.00,581.00,0,0,0
2023-09-23T00:01:02Z,22.01,58.35,48,0,29.79,100.70,27.00,581.00,null,null,null
2023-09-23T00:02:02Z,22.00,58.37,48,0,29.57,100.70,27.00,581.00,null,null,null
2023-09-23T00:03:02Z,22.00,58.29,48,0,28.55,100.70,25.00,570.00,null,null,null
2023-09-23T00:04:02Z,21.98,58.35,48,0,29.80,100.70,25.00,570.00,null,null,null
2023-09-23T00:05:02Z,21.98,58.36,49,0,28.27,100.70,26.00,575.00,0,0,0
2023-09-23T00:06:02Z,21.97,58.34,48,0,26.46,100.70,26.00,575.00,null,null,null
2023-09-23T00:07:02Z,21.97,58.37,48,0,31.02,100.70,26.00,575.00,null,null,null
2023-09-23T00:08:02Z,21.98,58.33,48,0,24.86,100.70,26.00,575.00,null,null,null
2023-09-23T00:09:02Z,21.95,58.33,49,0,28.09,100.70,26.00,575.00,null,null,null
2023-09-23T00:10:02Z,21.95,58.35,48,0,32.42,100.71,26.00,575.00,0,0,0
2023-09-23T00:11:02Z,21.94,58.32,48,0,34.16,100.71,26.00,575.00,null,null,null
2023-09-23T00:12:02Z,21.98,58.38,48,0,34.21,100.70,26.00,575.00,null,null,null
2023-09-23T00:13:02Z,21.97,58.30,48,0,33.36,100.71,25.00,570.00,null,null,null
2023-09-23T00:14:02Z,21.95,58.30,49,0,26.31,100.71,26.00,575.00,null,null,null
2023-09-23T00:15:02Z,21.91,58.35,48,0,28.40,100.71,25.00,570.00,0,0,0
2023-09-23T00:16:02Z,21.95,58.28,48,0,28.30,100.72,25.00,570.00,null,null,null
2023-09-23T00:17:02Z,21.97,58.38,48,0,30.29,100.71,26.00,575.00,null,null,null
2023-09-23T00:18:02Z,21.93,58.30,48,0,27.53,100.72,26.00,575.00,null,null,null
2023-09-23T00:19:02Z,21.94,58.33,48,0,29.72,100.72,25.00,570.00,null,null,null
2023-09-23T00:20:02Z,21.91,58.38,49,0,26.11,100.72,25.00,570.00,0,0,0
2023-09-23T00:21:02Z,21.95,58.32,48,0,23.86,100.72,25.00,570.00,null,null,null
2023-09-23T00:22:02Z,21.94,58.35,48,0,32.65,100.72,25.00,565.00,null,null,null
2023-09-23T00:23:02Z,21.93,58.24,48,0,27.16,100.72,25.00,565.00,null,null,null
2023-09-23T00:24:02Z,21.93,58.26,48,0,30.67,100.72,25.00,570.00,null,null,null
2023-09-23T00:25:02Z,21.91,58.33,49,0,25.35,100.72,25.00,570.00,0,0,0
2023-09-23T00:26:02Z,21.93,58.31,48,0,25.70,100.73,25.00,565.00,null,null,null
2023-09-23T00:27:02Z,21.91,58.32,48,0,31.20,100.73,25.00,565.00,null,null,null
2023-09-23T00:28:02Z,21.91,58.25,48,0,23.59,100.73,25.00,565.00,null,null,null
2023-09-23T00:29:02Z,21.91,58.27,48,0,25.84,100.73,25.00,565.00,null,null,null
2023-09-23T00:30:02Z,21.91,58.36,48,0,24.68,100.73,25.00,565.00,0,0,0
2023-09-23T00:31:02Z,21.90,58.27,48,0,26.53,100.73,25.00,565.00,null,null,null
2023-09-23T00:32:02Z,21.88,58.29,48,0,31.16,100.73,25.00,565.00,null,null,null
2023-09-23T00:33:02Z,21.90,58.26,48,0,30.14,100.73,25.00,565.00,null,null,null
2023-09-23T00:34:02Z,21.90,58.30,48,0,24.96,100.73,25.00,565.00,null,null,null
2023-09-23T00:35:02Z,21.88,58.27,49,0,26.06,100.73,25.00,565.00,0,0,0
2023-09-23T00:36:02Z,21.87,58.32,48,0,27.62,100.73,25.00,565.00,null,null,null
2023-09-23T00:37:02Z,21.88,58.30,48,0,32.49,100.73,25.00,565.00,null,null,null
2023-09-23T00:38:02Z,21.88,58.26,48,0,29.35,100.73,25.00,565.00,null,null,null
2023-09-23T00:39:02Z,21.87,58.27,48,0,26.55,100.73,23.00,555.00,null,null,null
2023-09-23T00:40:02Z,21.87,58.29,48,0,27.45,100.72,25.00,565.00,0,0,0
2023-09-23T00:41:02Z,21.87,58.29,48,0,26.84,100.73,25.00,570.00,null,null,null
2023-09-23T00:42:02Z,21.87,58.27,48,0,28.09,100.72,25.00,565.00,null,null,null
2023-09-23T00:43:02Z,21.86,58.23,48,0,25.50,100.72,23.00,555.00,null,null,null
2023-09-23T00:44:02Z,21.87,58.30,48,0,25.95,100.72,25.00,570.00,null,null,null
2023-09-23T00:45:02Z,21.87,58.31,48,0,23.10,100.73,25.00,565.00,0,0,0
2023-09-23T00:46:02Z,21.88,58.27,48,0,29.28,100.73,23.00,555.00,null,null,null
2023-09-23T00:47:02Z,21.84,58.29,48,0,30.93,100.73,25.00,565.00,null,null,null
2023-09-23T00:48:02Z,21.86,58.16,48,0,23.68,100.73,25.00,565.00,null,null,null
2023-09-23T00:49:02Z,21.81,58.26,48,0,26.26,100.73,24.00,564.00,null,null,null
2023-09-23T00:50:02Z,21.83,58.28,48,0,31.79,100.73,25.00,565.00,0,0,0
2023-09-23T00:51:02Z,21.83,58.32,48,0,26.89,100.73,23.00,555.00,null,null,null
2023-09-23T00:52:02Z,21.87,58.28,48,0,28.14,100.73,23.00,555.00,null,null,null
2023-09-23T00:53:02Z,21.83,58.19,48,0,25.84,100.74,25.00,565.00,null,null,null
2023-09-23T00:54:02Z,21.84,58.25,48,0,27.38,100.74,24.00,564.00,null,null,null
2023-09-23T00:55:02Z,21.81,58.27,48,0,22.61,100.74,23.00,555.00,0,0,0
2023-09-23T00:56:02Z,21.84,58.27,48,0,28.37,100.74,25.00,565.00,null,null,null
2023-09-23T00:57:02Z,21.83,58.25,48,0,37.77,100.74,23.00,555.00,null,null,null
2023-09-23T00:58:02Z,21.83,58.20,48,0,26.24,100.74,23.00,555.00,null,null,null
2023-09-23T00:59:02Z,21.80,58.28,47,0,26.95,100.74,24.00,564.00,null,null,null
2023-09-23T01:00:02Z,21.81,58.31,48,0,29.05,100.74,23.00,555.00,0,0,0
2023-09-23T01:01:02Z,21.80,58.24,48,0,27.24,100.74,23.00,555.00,null,null,null
2023-09-23T01:02:02Z,21.79,58.24,48,0,30.77,100.75,25.00,570.00,null,null,null
2023-09-23T01:03:02Z,21.81,58.20,48,0,27.57,100.75,24.00,564.00,null,null,null
2023-09-23T01:04:02Z,21.80,58.25,48,0,25.53,100.74,24.00,564.00,null,null,null
2023-09-23T01:05:02Z,21.77,58.27,48,0,24.93,100.74,23.00,555.00,0,0,0
2023-09-23T01:06:02Z,21.79,58.21,48,0,28.98,100.75,23.00,555.00,null,null,null
2023-09-23T01:07:02Z,21.80,58.22,48,0,29.41,100.75,24.00,564.00,null,null,null
2023-09-23T01:08:02Z,21.80,58.17,48,0,30.08,100.75,23.00,556.00,null,null,null
2023-09-23T01:09:02Z,21.79,58.23,48,0,24.46,100.75,24.00,564.00,null,null,null
2023-09-23T01:10:02Z,21.76,58.28,48,0,29.23,100.74,23.00,556.00,0,0,0
2023-09-23T01:11:02Z,21.79,58.26,48,0,24.11,100.75,23.00,555.00,null,null,null
2023-09-23T01:12:02Z,21.77,58.28,48,0,30.10,100.74,23.00,551.00,null,null,null
2023-09-23T01:13:02Z,21.77,58.20,48,0,22.18,100.75,23.00,551.00,null,null,null
2023-09-23T01:14:02Z,21.76,58.19,48,0,25.44,100.74,24.00,564.00,null,null,null
2023-09-23T01:15:02Z,21.74,58.26,48,0,25.90,100.74,23.00,556.00,0,0,0
2023-09-23T01:16:02Z,21.76,58.25,48,0,27.49,100.75,30.00,599.00,null,null,null
2023-09-23T01:17:02Z,21.76,58.23,48,0,26.67,100.75,23.00,551.00,null,null,null
2023-09-23T01:18:02Z,21.74,58.21,48,0,30.51,100.75,24.00,564.00,null,null,null
2023-09-23T01:19:02Z,21.73,58.23,48,0,25.90,100.75,31.00,605.00,null,null,null
2023-09-23T01:20:02Z,21.73,58.27,48,0,27.59,100.75,32.00,612.00,0,0,0
2023-09-23T01:21:02Z,21.76,58.22,48,0,28.33,100.75,29.00,592.00,null,null,null
2023-09-23T01:22:02Z,21.74,58.20,48,0,31.92,100.75,24.00,564.00,null,null,null
2023-09-23T01:23:02Z,21.73,58.18,48,0,30.18,100.75,31.00,605.00,null,null,null
2023-09-23T01:24:02Z,21.73,58.20,48,0,25.70,100.76,32.00,612.00,null,null,null
2023-09-23T01:25:02Z,21.72,58.25,48,0,32.06,100.75,31.00,605.00,0,0,0
2023-09-23T01:26:02Z,21.72,58.22,47,0,24.07,100.76,30.00,599.00,null,null,null
2023-09-23T01:27:02Z,21.72,58.22,48,0,30.47,100.77,31.00,605.00,null,null,null
2023-09-23T01:28:02Z,21.73,58.17,48,0,26.93,100.76,32.00,612.00,null,null,null
2023-09-23T01:29:02Z,21.72,58.22,48,0,29.87,100.77,31.00,605.00,null,null,null
2023-09-23T01:30:02Z,21.70,58.21,48,0,24.19,100.76,31.00,605.00,0,0,0
2023-09-23T01:31:02Z,21.72,58.19,47,0,30.35,100.76,30.00,599.00,null,null,null
2023-09-23T01:32:02Z,21.70,58.21,48,0,29.35,100.76,31.00,605.00,null,null,null
2023-09-23T01:33:02Z,21.69,58.19,48,0,34.83,100.75,32.00,612.00,null,null,null
2023-09-23T01:34:02Z,21.70,58.18,48,0,33.42,100.76,30.00,599.00,null,null,null
2023-09-23T01:35:02Z,21.69,58.21,47,0,25.65,100.75,31.00,605.00,0,0,0
2023-09-23T01:36:02Z,21.67,58.19,48,0,25.38,100.75,30.00,599.00,null,null,null
2023-09-23T01:37:02Z,21.69,58.21,48,0,26.34,100.75,31.00,605.00,null,null,null
2023-09-23T01:38:02Z,21.69,58.14,48,0,28.67,100.75,30.00,599.00,null,null,null
2023-09-23T01:39:02Z,21.67,58.18,48,0,26.50,100.75,30.00,599.00,null,null,null
2023-09-23T01:40:02Z,21.67,58.23,48,0,25.98,100.75,31.00,605.00,0,0,0
2023-09-23T01:41:02Z,21.67,58.17,47,0,30.59,100.75,30.00,599.00,null,null,null
2023-09-23T01:42:02Z,21.66,58.18,48,0,28.85,100.75,31.00,605.00,null,null,null
2023-09-23T01:43:02Z,21.69,58.15,48,0,30.44,100.75,30.00,599.00,null,null,null
2023-09-23T01:44:02Z,21.67,58.16,48,0,26.36,100.75,30.00,599.00,null,null,null
2023-09-23T01:45:02Z,21.66,58.20,47,0,28.14,100.75,30.00,599.00,0,0,0
2023-09-23T01:46:02Z,21.67,58.21,48,0,24.68,100.75,30.00,599.00,null,null,null
2023-09-23T01:47:02Z,21.66,58.21,48,0,31.74,100.75,31.00,605.00,null,null,null
2023-09-23T01:48:02Z,21.67,58.16,47,0,28.15,100.76,30.00,599.00,null,null,null
2023-09-23T01:49:02Z,21.63,58.18,47,0,25.98,100.76,30.00,599.00,null,null,null
2023-09-23T01:50:02Z,21.66,58.17,48,0,27.45,100.76,30.00,599.00,0,0,0
2023-09-23T01:51:02Z,21.66,58.15,47,0,26.11,100.76,30.00,599.00,null,null,null
2023-09-23T01:52:02Z,21.64,58.20,47,0,31.05,100.76,30.00,599.00,null,null,null
2023-09-23T01:53:02Z,21.64,58.09,47,0,26.19,100.76,31.00,605.00,null,null,null
2023-09-23T01:54:02Z,21.66,58.16,48,0,25.44,100.76,30.00,599.00,null,null,null
2023-09-23T01:55:02Z,21.62,58.20,47,0,27.24,100.76,30.00,599.00,0,0,0
2023-09-23T01:56:02Z,21.63,58.20,47,0,28.71,100.77,29.00,592.00,null,null,null
2023-09-23T01:57:02Z,21.64,58.19,47,0,28.54,100.77,31.00,605.00,null,null,null
2023-09-23T01:58:02Z,21.62,58.12,47,0,29.94,100.76,30.00,599.00,null,null,null
2023-09-23T01:59:02Z,21.60,58.14,47,0,23.30,100.77,30.00,599.00,null,null,null
2023-09-23T02:00:02Z,21.60,58.19,47,0,28.66,100.77,30.00,599.00,0,0,0
2023-09-23T02:01:02Z,21.62,58.16,47,0,30.32,100.77,29.00,592.00,null,null,null
2023-09-23T02:02:02Z,21.62,58.18,48,0,30.69,100.77,30.00,599.00,null,null,null
2023-09-23T02:03:02Z,21.62,58.12,47,0,27.71,100.77,30.00,599.00,null,null,null
2023-09-23T02:04:02Z,21.60,58.19,47,0,24.61,100.77,30.00,599.00,null,null,null
2023-09-23T02:05:02Z,21.60,58.16,48,0,30.12,100.78,30.00,599.00,0,0,0
2023-09-23T02:06:02Z,21.60,58.12,47,0,33.48,100.78,29.00,592.00,null,null,null
2023-09-23T02:07:02Z,21.60,58.12,47,0,31.25,100.78,30.00,599.00,null,null,null
2023-09-23T02:08:02Z,21.59,58.12,47,0,26.84,100.78,30.00,599.00,null,null,null
2023-09-23T02:09:02Z,21.57,58.18,47,0,33.33,100.78,30.00,599.00,null,null,null
2023-09-23T02:10:02Z,21.57,58.18,47,0,30.12,100.78,30.00,599.00,0,0,0
2023-09-23T02:11:02Z,21.59,58.17,47,0,26.50,100.78,29.00,592.00,null,null,null
2023-09-23T02:12:02Z,21.59,58.20,47,0,29.88,100.78,30.00,599.00,null,null,null
2023-09-23T02:13:02Z,21.57,58.09,47,0,25.22,100.79,30.00,599.00,null,null,null
2023-09-23T02:14:02Z,21.57,58.15,47,0,29.90,100.79,30.00,599.00,null,null,null
2023-09-23T02:15:02Z,21.57,58.20,47,0,27.10,100.79,30.00,599.00,0,0,0
2023-09-23T02:16:02Z,21.56,58.19,47,0,26.93,100.79,29.00,592.00,null,null,null
2023-09-23T02:17:02Z,21.57,58.12,47,0,29.56,100.80,29.00,592.00,null,null,null
2023-09-23T02:18:02Z,21.57,58.11,47,0,24.65,100.80,30.00,599.00,null,null,null
2023-09-23T02:19:02Z,21.55,58.14,47,0,30.21,100.81,30.00,599.00,null,null,null
2023-09-23T02:20:02Z,21.53,58.18,47,0,29.93,100.81,29.00,592.00,0,0,0
2023-09-23T02:21:02Z,21.55,58.18,47,0,28.31,100.81,28.00,586.00,null,null,null
2023-09-23T02:22:02Z,21.56,58.14,47,0,31.81,100.81,29.00,592.00,null,null,null
2023-09-23T02:23:02Z,21.55,58.12,47,0,28.71,100.81,28.00,586.00,null,null,null
2023-09-23T02:24:02Z,21.52,58.13,47,0,26.73,100.81,28.00,586.00,null,null,null
2023-09-23T02:25:02Z,21.53,58.16,47,0,30.04,100.81,27.00,578.00,0,0,0
2023-09-23T02:26:02Z,21.53,58.11,46,0,null,100.81,27.00,578.00,null,null,null
2023-09-23T02:27:02Z,21.52,58.11,47,0,30.20,100.81,28.00,586.00,null,null,null
2023-09-23T02:28:02Z,21.53,58.06,47,0,26.71,100.81,28.00,586.00,null,null,null
2023-09-23T02:29:02Z,21.50,58.13,47,0,28.91,100.82,28.00,586.00,null,null,null
2023-09-23T02:30:02Z,21.52,58.14,47,0,26.00,100.82,29.00,592.00,0,0,0
2023-09-23T02:31:02Z,21.52,58.11,47,0,25.41,100.82,28.00,586.00,null,null,null
2023-09-23T02:32:02Z,21.55,58.14,47,0,28.50,100.82,29.00,592.00,null,null,null
2023-09-23T02:33:02Z,21.50,58.09,47,0,30.18,100.83,28.00,586.00,null,null,null
2023-09-23T02:34:02Z,21.53,58.15,47,0,24.35,100.83,28.00,586.00,null,null,null
2023-09-23T02:35:02Z,21.50,58.13,47,0,26.73,100.83,28.00,586.00,0,0,0
2023-09-23T02:36:02Z,21.50,58.14,47,0,28.07,100.83,28.00,586.00,null,null,null
2023-09-23T02:37:02Z,21.52,58.15,47,0,29.72,100.84,28.00,586.00,null,null,null
2023-09-23T02:38:02Z,21.50,58.05,47,0,27.75,100.83,27.00,578.00,null,null,null
2023-09-23T02:39:02Z,21.47,58.10,47,0,25.16,100.83,28.00,586.00,null,null,null
2023-09-23T02:40:02Z,21.47,58.12,47,0,29.05,100.84,27.00,578.00,0,0,0
2023-09-23T02:41:02Z,21.52,58.10,47,0,27.77,100.84,28.00,586.00,null,null,null
2023-09-23T02:42:02Z,21.50,58.12,47,0,29.93,100.84,27.00,578.00,null,null,null
2023-09-23T02:43:02Z,21.49,58.04,47,0,24.86,100.84,28.00,586.00,null,null,null
2023-09-23T02:44:02Z,21.47,58.07,47,0,25.92,100.84,27.00,578.00,null,null,null
2023-09-23T02:45:02Z,21.47,58.11,46,0,27.24,100.84,28.00,586.00,0,0,0
2023-09-23T02:46:02Z,21.49,58.10,47,0,29.62,100.84,27.00,578.00,null,null,null
2023-09-23T02:47:02Z,21.47,58.07,47,0,29.33,100.84,29.00,592.00,null,null,null
2023-09-23T02:48:02Z,21.46,58.05,47,0,27.14,100.85,28.00,586.00,null,null,null
2023-09-23T02:49:02Z,21.45,58.07,47,0,24.31,100.85,29.00,592.00,null,null,null
2023-09-23T02:50:02Z,21.46,58.13,47,0,25.65,100.85,28.00,586.00,0,0,0
2023-09-23T02:51:02Z,21.46,58.09,47,0,28.17,100.85,28.00,584.00,null,null,null
2023-09-23T02:52:02Z,21.46,58.07,47,0,32.54,100.85,25.00,565.00,null,null,null
2023-09-23T02:53:02Z,21.46,58.05,47,0,28.93,100.86,25.00,565.00,null,null,null
2023-09-23T02:54:02Z,21.45,58.06,47,0,28.88,100.86,25.00,565.00,null,null,null
2023-09-23T02:55:02Z,21.43,58.10,46,0,28.57,100.86,25.00,565.00,0,0,0
2023-09-23T02:56:02Z,21.46,58.04,47,0,30.78,100.86,25.00,565.00,null,null,null
2023-09-23T02:57:02Z,21.46,58.10,47,0,30.28,100.86,25.00,565.00,null,null,null
2023-09-23T02:58:02Z,21.43,58.03,47,0,26.89,100.86,25.00,565.00,null,null,null
2023-09-23T02:59:02Z,21.45,58.05,46,0,26.11,100.86,25.00,565.00,null,null,null
