TIME,TEMP,HUM,BATT,LIGHT,NOISE_A,PRESS,CCS811_VOCS,CCS811_ECO2,PM_1,PM_25,PM_10
ISO 8601,C,%,%,Lux,dBA,kPa,ppb,ppm,ug/m3,ug/m3,ug/m3
Time,Temperature,Humidity,Battery,Light,Noise dBA,Barometric pressure,VOC Gas CCS811,eCO2 Gas CCS811,PM 1.0,PM 2.5,PM 10.0
,55,56,10,14,53,58,113,112,89,87,88
2023-08-21T00:00:04Z,24.69,64.57,99,0,42.23,102.29,33.00,623.00,1,1,1
2023-08-21T00:01:04Z,24.71,64.38,99,0,36.54,102.29,32.00,615.00,null,null,null
2023-08-21T00:02:04Z,24.69,64.54,99,0,40.56,102.29,32.00,615.00,null,null,null
2023-08-21T00:03:04Z,24.69,64.39,99,0,50.67,102.29,33.00,623.00,null,null,null
2023-08-21T00:04:04Z,24.68,64.65,99,0,37.45,102.29,33.00,623.00,null,null,null
2023-08-21T00:05:04Z,24.69,64.69,99,0,35.79,102.29,35.00,631.00,3,4,4
2023-08-21T00:06:04Z,24.69,64.77,99,0,47.17,102.30,37.00,643.00,null,null,null
2023-08-21T00:07:04Z,24.69,64.57,99,0,49.15,102.30,36.00,637.00,null,null,null
2023-08-21T00:08:04Z,24.68,64.69,99,0,42.63,102.30,37.00,643.00,null,null,null
2023-08-21T00:09:04Z,24.69,64.49,99,0,40.31,102.29,37.00,643.00,null,null,null
2023-08-21T00:10:04Z,24.68,64.79,99,0,39.20,102.29,36.00,637.00,2,2,2
2023-08-21T00:11:04Z,24.68,64.57,99,0,46.53,102.29,34.00,624.00,null,null,null
2023-08-21T00:12:04Z,24.71,64.53,99,0,44.09,102.30,36.00,637.00,null,null,null
2023-08-21T00:13:04Z,24.69,64.44,99,0,50.72,102.30,33.00,623.00,null,null,null
2023-08-21T00:14:04Z,24.69,64.44,99,0,37.49,102.29,35.00,631.00,null,null,null
2023-08-21T00:15:04Z,24.68,64.37,99,0,36.70,102.30,33.00,623.00,0,0,0
2023-08-21T00:16:04Z,24.71,64.33,99,0,45.33,102.29,31.00,607.00,null,null,null
2023-08-21T00:17:04Z,24.67,64.45,99,0,36.63,102.30,31.00,607.00,null,null,null
2023-08-21T00:18:04Z,24.69,64.77,99,0,37.37,102.29,31.00,607.00,null,null,null
2023-08-21T00:19:04Z,24.68,64.49,99,0,43.07,102.29,32.00,615.00,null,null,null
2023-08-21T00:20:04Z,24.69,64.59,99,0,42.29,102.29,32.00,615.00,4,7,7
2023-08-21T00:21:04Z,24.69,64.66,99,0,53.10,102.29,32.00,615.00,null,null,null
2023-08-21T00:22:04Z,24.71,64.83,99,0,35.54,102.28,32.00,615.00,null,null,null
2023-08-21T00:23:04Z,24.68,64.66,99,0,34.44,102.29,32.00,615.00,null,null,null
2023-08-21T00:24:04Z,24.68,64.79,99,0,28.78,102.29,33.00,623.00,null,null,null
2023-08-21T00:25:04Z,24.68,64.79,99,0,49.33,102.29,34.00,624.00,1,1,1
2023-08-21T00:26:04Z,24.68,64.68,99,0,42.82,102.29,32.00,615.00,null,null,null
2023-08-21T00:27:04Z,24.69,65.11,99,0,40.21,102.29,37.00,643.00,null,null,null
2023-08-21T00:28:04Z,24.68,64.75,99,0,40.30,102.29,37.00,643.00,null,null,null
2023-08-21T00:29:04Z,24.67,64.71,99,0,39.54,102.29,39.00,659.00,null,null,null
2023-08-21T00:30:04Z,24.67,65.01,99,0,39.94,102.29,40.00,668.00,0,0,0
2023-08-21T00:31:04Z,24.69,64.75,99,0,42.30,102.29,38.00,652.00,null,null,null
2023-08-21T00:32:04Z,24.69,64.71,99,0,40.58,102.28,38.00,652.00,null,null,null
2023-08-21T00:33:04Z,24.67,64.81,99,0,38.93,102.29,39.00,659.00,null,null,null
2023-08-21T00:34:04Z,24.65,65.21,99,0,43.73,102.28,40.00,668.00,null,null,null
2023-08-21T00:35:04Z,24.67,65.05,99,0,36.85,102.29,43.00,688.00,3,3,3
2023-08-21T00:36:04Z,24.68,65.06,99,0,46.66,102.28,43.00,688.00,null,null,null
2023-08-21T00:37:04Z,24.67,64.87,99,0,45.09,102.29,43.00,688.00,null,null,null
2023-08-21T00:38:04Z,24.65,65.07,99,0,43.71,102.29,43.00,688.00,null,null,null
2023-08-21T00:39:04Z,24.69,64.69,99,0,49.56,102.29,41.00,675.00,null,null,null
2023-08-21T00:40:04Z,24.65,64.53,99,0,43.77,102.29,41.00,675.00,1,1,1
2023-08-21T00:41:04Z,24.65,64.71,99,0,37.01,102.29,39.00,659.00,null,null,null
2023-08-21T00:42:04Z,24.68,64.47,99,0,36.75,102.29,39.00,659.00,null,null,null
2023-08-21T00:43:04Z,24.65,64.72,99,0,44.62,102.29,38.00,650.00,null,null,null
2023-08-21T00:44:04Z,24.67,64.69,99,0,45.24,102.29,39.00,659.00,null,null,null
2023-08-21T00:45:04Z,24.65,64.73,99,0,36.13,102.29,38.00,650.00,1,1,1
2023-08-21T00:46:04Z,24.67,64.87,99,0,34.79,102.29,40.00,668.00,null,null,null
2023-08-21T00:47:04Z,24.67,64.83,99,0,36.79,102.29,41.00,675.00,null,null,null
2023-08-21T00:48:04Z,24.67,64.78,99,0,30.60,102.29,45.00,697.00,null,null,null
2023-08-21T00:49:04Z,24.67,64.70,99,0,45.75,102.29,45.00,697.00,null,null,null
2023-08-21T00:50:04Z,24.64,65.14,99,0,37.53,102.29,49.00,726.00,2,2,2
2023-08-21T00:51:04Z,24.65,65.07,99,0,38.22,102.29,47.00,714.00,null,null,null
2023-08-21T00:52:04Z,24.64,64.82,99,0,50.99,102.29,47.00,714.00,null,null,null
2023-08-21T00:53:04Z,24.65,64.72,99,0,37.32,102.29,47.00,714.00,null,null,null
2023-08-21T00:54:04Z,24.64,64.82,99,0,35.10,102.29,47.00,712.00,null,null,null
2023-08-21T00:55:04Z,24.64,64.65,99,0,37.13,102.29,47.00,712.00,2,2,2
2023-08-21T00:56:04Z,24.62,65.10,99,0,43.65,102.29,47.00,714.00,null,null,null
2023-08-21T00:57:04Z,24.65,65.04,99,0,38.88,102.29,47.00,714.00,null,null,null
2023-08-21T00:58:04Z,24.65,64.82,99,0,45.22,102.29,47.00,714.00,null,null,null
2023-08-21T00:59:04Z,24.62,64.79,99,0,40.37,102.29,46.00,704.00,null,null,null
2023-08-21T01:00:04Z,24.64,64.89,99,0,49.15,102.29,46.00,704.00,5,5,5
2023-08-21T01:01:04Z,24.64,64.68,99,0,47.28,102.29,45.00,697.00,null,null,null
2023-08-21T01:02:04Z,24.64,64.69,99,0,34.22,102.29,43.00,683.00,null,null,null
2023-08-21T01:03:04Z,24.65,64.60,99,0,35.79,102.29,43.00,683.00,null,null,null
2023-08-21T01:04:04Z,24.62,64.58,99,0,34.54,102.29,41.00,675.00,null,null,null
2023-08-21T01:05:04Z,24.62,64.62,99,0,32.48,102.29,40.00,668.00,2,3,3
2023-08-21T01:06:04Z,24.62,64.59,99,0,31.58,102.29,40.00,668.00,null,null,null
2023-08-21T01:07:04Z,24.61,64.65,99,0,43.78,102.29,40.00,668.00,null,null,null
2023-08-21T01:08:04Z,24.61,64.58,99,0,44.52,102.29,43.00,683.00,null,null,null
2023-08-21T01:09:04Z,24.62,64.49,99,0,40.50,102.29,43.00,683.00,null,null,null
2023-08-21T01:10:04Z,24.59,64.44,99,0,35.90,102.29,43.00,683.00,4,5,5
2023-08-21T01:11:04Z,24.61,64.30,99,0,46.49,102.29,39.00,659.00,null,null,null
2023-08-21T01:12:04Z,24.61,64.61,99,0,34.19,102.29,40.00,668.00,null,null,null
2023-08-21T01:13:04Z,24.59,64.56,99,0,35.73,102.29,40.00,668.00,null,null,null
2023-08-21T01:14:04Z,24.61,64.44,99,0,43.69,102.29,41.00,675.00,null,null,null
2023-08-21T01:15:04Z,24.62,64.49,99,0,34.11,102.29,39.00,659.00,2,3,3
2023-08-21T01:16:04Z,24.59,64.51,99,0,47.90,102.29,38.00,650.00,null,null,null
2023-08-21T01:17:04Z,24.61,64.54,99,0,37.24,102.29,38.00,650.00,null,null,null
2023-08-21T01:18:04Z,24.58,64.58,99,0,47.32,102.29,38.00,650.00,null,null,null
2023-08-21T01:19:04Z,24.59,64.48,99,0,33.83,102.30,37.00,643.00,null,null,null
2023-08-21T01:20:04Z,24.58,64.62,99,0,51.06,102.30,36.00,637.00,2,2,17
2023-08-21T01:21:04Z,24.59,64.50,99,0,34.37,102.30,35.00,631.00,null,null,null
2023-08-21T01:22:04Z,24.57,64.72,99,0,44.14,102.30,35.00,631.00,null,null,null
2023-08-21T01:23:04Z,24.55,64.55,99,0,41.86,102.30,35.00,631.00,null,null,null
2023-08-21T01:24:04Z,24.58,64.65,99,0,46.48,102.30,33.00,623.00,null,null,null
2023-08-21T01:25:04Z,24.55,64.65,99,0,35.90,102.30,32.00,615.00,1,1,1
2023-08-21T01:26:04Z,24.57,64.55,99,0,45.27,102.30,31.00,607.00,null,null,null
2023-08-21T01:27:04Z,24.57,64.74,99,0,37.40,102.30,30.00,600.00,null,null,null
2023-08-21T01:28:04Z,24.55,64.44,99,0,36.18,102.30,29.00,592.00,null,null,null
2023-08-21T01:29:04Z,24.55,64.73,99,0,35.83,102.30,33.00,623.00,null,null,null
2023-08-21T01:30:04Z,24.55,64.56,99,0,36.59,102.30,35.00,631.00,2,2,2
2023-08-21T01:31:04Z,24.55,64.41,99,0,44.41,102.31,36.00,637.00,null,null,null
2023-08-21T01:32:04Z,24.57,64.47,99,0,36.52,102.30,37.00,643.00,null,null,null
2023-08-21T01:33:04Z,24.54,64.76,99,0,43.37,102.30,38.00,650.00,null,null,null
2023-08-21T01:34:04Z,24.54,64.70,99,0,47.73,102.31,37.00,643.00,null,null,null
2023-08-21T01:35:04Z,24.54,64.62,99,0,57.94,102.31,39.00,659.00,2,2,2
2023-08-21T01:36:04Z,24.51,64.52,99,0,35.63,102.31,38.00,650.00,null,null,null
2023-08-21T01:37:04Z,24.52,64.44,99,0,31.40,102.31,37.00,643.00,null,null,null
2023-08-21T01:38:04Z,24.55,64.73,99,0,30.20,102.30,37.00,643.00,null,null,null
2023-08-21T01:39:04Z,24.51,65.01,99,0,41.81,102.31,37.00,643.00,null,null,null
2023-08-21T01:40:04Z,24.52,65.17,99,0,39.94,102.31,38.00,652.00,1,1,1
2023-08-21T01:41:04Z,24.54,64.68,99,0,38.90,102.30,37.00,643.00,null,null,null
2023-08-21T01:42:04Z,24.52,65.16,99,0,40.32,102.30,38.00,650.00,null,null,null
2023-08-21T01:43:04Z,24.52,64.97,99,0,29.74,102.30,37.00,643.00,null,null,null
2023-08-21T01:44:04Z,24.52,64.60,99,0,40.05,102.30,37.00,643.00,null,null,null
2023-08-21T01:45:04Z,24.52,64.80,99,0,35.85,102.30,38.00,650.00,3,3,3
2023-08-21T01:46:04Z,24.51,65.13,99,0,33.05,102.30,34.00,629.00,null,null,null
2023-08-21T01:47:04Z,24.49,64.72,99,0,31.50,102.30,34.00,629.00,null,null,null
2023-08-21T01:48:04Z,24.52,64.59,99,0,41.24,102.30,33.00,623.00,null,null,null
2023-08-21T01:49:04Z,24.51,64.54,99,0,33.47,102.30,31.00,607.00,null,null,null
2023-08-21T01:50:04Z,24.48,64.48,99,0,32.83,102.30,30.00,600.00,2,2,2
2023-08-21T01:51:04Z,24.49,64.79,99,0,39.31,102.30,31.00,607.00,null,null,null
2023-08-21T01:52:04Z,24.48,64.59,99,0,57.83,102.30,29.00,594.00,null,null,null
2023-08-21T01:53:04Z,24.47,64.50,99,0,35.27,102.30,29.00,592.00,null,null,null
2023-08-21T01:54:04Z,24.48,64.44,99,0,46.33,102.30,28.00,586.00,null,null,null
2023-08-21T01:55:04Z,24.48,64.66,99,0,47.06,102.30,28.00,586.00,2,2,2
2023-08-21T01:56:04Z,24.47,64.75,99,0,32.43,102.31,27.00,578.00,null,null,null
2023-08-21T01:57:04Z,24.49,64.56,99,0,35.60,102.30,24.00,564.00,null,null,null
2023-08-21T01:58:04Z,24.45,64.43,99,0,37.28,102.30,25.00,565.00,null,null,null
2023-08-21T01:59:04Z,24.45,64.37,99,0,36.48,102.30,25.00,565.00,null,null,null
2023-08-21T02:00:04Z,24.47,64.30,99,0,37.20,102.30,23.00,552.00,2,2,2
2023-08-21T02:01:04Z,24.47,64.76,99,0,36.16,102.30,22.00,546.00,null,null,null
2023-08-21T02:02:04Z,24.45,64.47,99,0,34.72,102.31,21.00,540.00,null,null,null
2023-08-21T02:03:04Z,24.48,64.38,99,0,34.45,102.31,22.00,546.00,null,null,null
2023-08-21T02:04:04Z,24.44,64.40,99,0,34.36,102.31,21.00,543.00,null,null,null
2023-08-21T02:05:04Z,24.44,64.31,99,0,34.73,102.31,20.00,537.00,3,4,4
2023-08-21T02:06:04Z,24.45,64.27,99,0,35.61,102.31,19.00,531.00,null,null,null
2023-08-21T02:07:04Z,24.44,64.28,99,0,34.93,102.31,19.00,531.00,null,null,null
2023-08-21T02:08:04Z,24.42,64.28,99,0,34.71,102.31,19.00,526.00,null,null,null
2023-08-21T02:09:04Z,24.44,64.61,99,0,31.91,102.32,17.00,518.00,null,null,null
2023-08-21T02:10:04Z,24.42,64.34,99,0,43.94,102.31,17.00,518.00,3,3,3
2023-08-21T02:11:04Z,24.41,64.41,99,0,34.91,102.32,17.00,518.00,null,null,null
2023-08-21T02:12:04Z,24.41,64.40,99,0,34.08,102.32,17.00,514.00,null,null,null
2023-08-21T02:13:04Z,24.42,64.29,99,0,30.35,102.32,17.00,518.00,null,null,null
2023-08-21T02:14:04Z,24.39,64.24,99,0,38.73,102.32,17.00,514.00,null,null,null
2023-08-21T02:15:04Z,24.42,64.25,99,0,35.79,102.32,16.00,506.00,3,3,3
2023-08-21T02:16:04Z,24.39,64.29,99,0,38.44,102.32,14.00,492.00,null,null,null
2023-08-21T02:17:04Z,24.41,64.44,99,0,40.88,102.32,14.00,498.00,null,null,null
2023-08-21T02:18:04Z,24.44,64.49,99,0,43.08,102.32,15.00,503.00,null,null,null
2023-08-21T02:19:04Z,24.38,64.28,99,0,43.17,102.32,15.00,503.00,null,null,null
2023-08-21T02:20:04Z,24.35,64.27,99,0,35.81,102.32,15.00,503.00,2,2,2
2023-08-21T02:21:04Z,24.39,64.35,99,0,37.42,102.32,17.00,514.00,null,null,null
2023-08-21T02:22:04Z,24.39,64.58,99,0,36.05,102.32,14.00,498.00,null,null,null
2023-08-21T02:23:04Z,24.39,64.38,99,0,45.70,102.32,15.00,503.00,null,null,null
2023-08-21T02:24:04Z,24.38,64.39,99,0,38.10,102.32,17.00,514.00,null,null,null
2023-08-21T02:25:04Z,24.37,64.37,99,0,35.04,102.32,17.00,514.00,2,3,3
2023-08-21T02:26:04Z,24.34,64.34,99,0,35.59,102.31,15.00,503.00,null,null,null
2023-08-21T02:27:04Z,24.38,64.36,99,0,39.99,102.31,14.00,498.00,null,null,null
2023-08-21T02:28:04Z,24.38,64.36,99,0,37.05,102.32,14.00,498.00,null,null,null
2023-08-21T02:29:04Z,24.37,64.57,99,0,43.80,102.32,14.00,498.00,null,null,null
2023-08-21T02:30:04Z,24.35,64.96,99,0,44.14,102.32,15.00,503.00,0,0,0
2023-08-21T02:31:04Z,24.35,64.85,99,0,41.31,102.32,15.00,503.00,null,null,null
2023-08-21T02:32:04Z,24.37,64.61,99,0,37.27,102.32,18.00,519.00,null,null,null
2023-08-21T02:33:04Z,24.37,64.61,99,0,34.36,102.32,19.00,526.00,null,null,null
2023-08-21T02:34:04Z,24.35,64.65,99,0,46.27,102.32,19.00,526.00,null,null,null
2023-08-21T02:35:04Z,24.35,64.96,99,0,34.82,102.33,17.00,514.00,0,0,0
2023-08-21T02:36:04Z,24.32,64.56,99,0,44.02,102.32,15.00,503.00,null,null,null
2023-08-21T02:37:04Z,24.35,64.58,99,0,34.03,102.32,17.00,514.00,null,null,null
2023-08-21T02:38:04Z,24.34,64.66,99,0,35.02,102.32,17.00,518.00,null,null,null
2023-08-21T02:39:04Z,24.32,64.54,99,0,39.61,102.32,17.00,518.00,null,null,null
2023-08-21T02:40:04Z,24.32,64.58,99,0,35.65,102.32,17.00,514.00,2,2,2
2023-08-21T02:41:04Z,24.32,64.56,99,0,37.36,102.32,14.00,498.00,null,null,null
2023-08-21T02:42:04Z,24.35,64.56,99,0,35.23,102.32,15.00,503.00,null,null,null
2023-08-21T02:43:04Z,24.34,64.72,99,0,33.28,102.32,15.00,503.00,null,null,null
2023-08-21T02:44:04Z,24.34,64.62,99,0,33.63,102.32,15.00,503.00,null,null,null
2023-08-21T02:45:04Z,24.29,64.59,99,0,34.14,102.32,17.00,514.00,1,1,1
2023-08-21T02:46:04Z,24.29,64.63,99,0,30.44,102.32,15.00,503.00,null,null,null
2023-08-21T02:47:04Z,24.29,64.61,99,0,38.62,102.33,14.00,498.00,null,null,null
2023-08-21T02:48:04Z,24.32,64.76,99,0,31.82,102.32,14.00,498.00,null,null,null
2023-08-21T02:49:04Z,24.29,64.68,99,0,32.62,102.33,14.00,498.00,null,null,null
2023-08-21T02:50:04Z,24.31,64.76,99,0,36.36,102.33,15.00,503.00,2,2,2
2023-08-21T02:51:04Z,24.28,64.69,99,0,42.11,102.33,14.00,498.00,null,null,null
2023-08-21T02:52:04Z,24.29,64.58,99,0,36.25,102.33,15.00,503.00,null,null,null
2023-08-21T02:53:04Z,24.28,64.61,99,0,32.29,102.33,14.00,498.00,null,null,null
2023-08-21T02:54:04Z,24.29,64.73,99,0,46.89,102.33,14.00,498.00,null,null,null
2023-08-21T02:55:04Z,24.28,64.76,99,0,48.89,102.33,15.00,503.00,5,7,7
2023-08-21T02:56:04Z,24.29,64.80,99,0,50.51,102.32,14.00,493.00,null,null,null
2023-08-21T02:57:04Z,24.28,64.71,99,0,36.86,102.33,14.00,493.00,null,null,null
2023-08-21T02:58:04Z,24.27,64.64,99,0,40.23,102.33,14.00,498.00,null,null,null
2023-08-21T02:59:04Z,24.27,64.57,99,0,39.55,102.33,14.00,498.00,null,null,null
