TIME,TEMP,HUM,BATT,LIGHT,NOISE_A,PRESS,CCS811_VOCS,CCS811_ECO2,PM_1,PM_25,PM_10
ISO 8601,C,%,%,Lux,dBA,kPa,ppb,ppm,ug/m3,ug/m3,ug/m3
Time,Temperature,Humidity,Battery,Light,Noise dBA,Barometric pressure,VOC Gas CCS811,eCO2 Gas CCS811,PM 1.0,PM 2.5,PM 10.0
,55,56,10,14,53,58,113,112,89,87,88
2023-08-14T00:00:24Z,23.59,62.57,99,0,38.27,101.28,146.00,1364.00,null,null,null
2023-08-14T00:01:24Z,23.59,63.74,99,0,44.37,101.28,149.00,1380.00,null,null,null
2023-08-14T00:02:24Z,23.59,63.87,99,0,34.78,101.27,148.00,1376.00,1,2,2
2023-08-14T00:03:24Z,23.60,62.94,99,0,41.33,101.27,139.00,1316.00,null,null,null
2023-08-14T00:04:24Z,23.60,63.35,99,0,45.70,101.28,136.00,1299.00,null,null,null
2023-08-14T00:05:24Z,23.59,63.74,99,0,40.47,101.27,137.00,1302.00,null,null,null
2023-08-14T00:06:24Z,23.59,63.61,99,0,43.07,101.27,141.00,1330.00,null,null,null
2023-08-14T00:07:24Z,23.57,63.47,99,0,36.88,101.27,144.00,1349.00,0,1,1
2023-08-14T00:08:24Z,23.59,63.47,99,0,34.49,101.27,141.00,1330.00,null,null,null
2023-08-14T00:09:24Z,23.60,63.40,99,0,42.82,101.26,137.00,1302.00,null,null,null
2023-08-14T00:10:24Z,23.60,63.60,99,0,50.60,101.26,137.00,1302.00,null,null,null
2023-08-14T00:11:24Z,23.60,64.06,99,0,41.09,101.26,141.00,1330.00,null,null,null
2023-08-14T00:12:24Z,23.56,64.12,99,0,32.59,101.25,142.00,1338.00,0,1,1
2023-08-14T00:13:24Z,23.56,64.12,99,0,37.07,101.25,142.00,1338.00,null,null,null
2023-08-14T00:14:24Z,23.62,64.09,99,0,33.85,101.25,139.00,1316.00,null,null,null
2023-08-14T00:15:24Z,23.62,63.97,99,0,41.49,101.25,142.00,1338.00,null,null,null
2023-08-14T00:16:24Z,23.60,63.80,99,0,37.37,101.25,142.00,1338.00,null,null,null
2023-08-14T00:17:24Z,23.57,63.74,99,0,45.46,101.25,142.00,1338.00,1,1,1
2023-08-14T00:18:24Z,23.56,63.96,99,0,44.16,101.25,137.00,1302.00,null,null,null
2023-08-14T00:19:24Z,23.59,63.92,99,0,40.22,101.25,139.00,1316.00,null,null,null
2023-08-14T00:20:24Z,23.60,63.94,99,0,32.28,101.25,139.00,1316.00,null,null,null
2023-08-14T00:21:24Z,23.57,64.02,99,0,45.16,101.24,139.00,1316.00,null,null,null
2023-08-14T00:22:24Z,23.57,64.22,99,0,35.26,101.25,139.00,1316.00,0,0,0
2023-08-14T00:23:24Z,23.59,64.31,99,0,45.90,101.25,135.00,1291.00,null,null,null
2023-08-14T00:24:24Z,23.59,64.49,99,0,39.60,101.25,165.00,1487.00,null,null,null
2023-08-14T00:25:24Z,23.57,64.49,99,0,45.07,101.25,156.00,1425.00,null,null,null
2023-08-14T00:26:24Z,23.57,64.40,99,0,43.48,101.25,156.00,1425.00,null,null,null
2023-08-14T00:27:24Z,23.59,64.54,99,0,49.09,101.24,156.00,1425.00,1,1,1
2023-08-14T00:28:24Z,23.59,64.49,99,0,46.37,101.24,156.00,1425.00,null,null,null
2023-08-14T00:29:24Z,23.57,64.21,99,0,29.99,101.24,152.00,1404.00,null,null,null
2023-08-14T00:30:24Z,23.57,63.40,99,0,48.70,101.24,146.00,1364.00,null,null,null
2023-08-14T00:31:24Z,23.59,63.99,99,0,33.80,101.24,148.00,1376.00,null,null,null
2023-08-14T00:32:24Z,23.57,64.40,99,0,38.17,101.24,150.00,1385.00,3,4,4
2023-08-14T00:33:24Z,23.60,64.23,99,0,41.17,101.24,145.00,1356.00,null,null,null
2023-08-14T00:34:24Z,23.60,63.46,99,0,50.23,101.24,139.00,1316.00,null,null,null
2023-08-14T00:35:24Z,23.60,63.86,99,0,38.14,101.24,141.00,1330.00,null,null,null
2023-08-14T00:36:24Z,23.55,64.18,99,0,47.72,101.24,141.00,1330.00,null,null,null
2023-08-14T00:37:24Z,23.57,63.98,99,0,39.87,101.24,139.00,1316.00,0,0,0
2023-08-14T00:38:24Z,23.57,64.11,99,0,40.96,101.24,139.00,1316.00,null,null,null
2023-08-14T00:39:24Z,23.59,64.22,99,0,34.66,101.23,139.00,1316.00,null,null,null
2023-08-14T00:40:24Z,23.59,64.14,99,0,32.71,101.24,135.00,1291.00,null,null,null
2023-08-14T00:41:24Z,23.55,64.44,99,0,42.93,101.23,139.00,1316.00,null,null,null
2023-08-14T00:42:24Z,23.57,64.48,99,0,42.77,101.23,141.00,1330.00,0,0,0
2023-08-14T00:43:24Z,23.56,64.47,99,0,41.24,101.24,141.00,1330.00,null,null,null
2023-08-14T00:44:24Z,23.59,64.37,99,0,43.63,101.23,138.00,1310.00,null,null,null
2023-08-14T00:45:24Z,23.56,64.06,99,0,39.08,101.23,141.00,1330.00,null,null,null
2023-08-14T00:46:24Z,23.57,64.44,99,0,42.38,101.23,139.00,1316.00,null,null,null
2023-08-14T00:47:24Z,23.59,64.41,99,0,34.38,101.23,141.00,1330.00,1,1,1
2023-08-14T00:48:24Z,23.59,64.49,99,0,37.44,101.22,141.00,1330.00,null,null,null
2023-08-14T00:49:24Z,23.59,64.51,99,0,44.28,101.22,141.00,1330.00,null,null,null
2023-08-14T00:50:24Z,23.60,64.49,99,0,36.45,101.22,145.00,1356.00,null,null,null
2023-08-14T00:51:24Z,23.59,64.64,99,0,36.58,101.22,145.00,1356.00,null,null,null
2023-08-14T00:52:24Z,23.59,64.56,99,0,51.83,101.22,145.00,1356.00,0,0,0
2023-08-14T00:53:24Z,23.59,64.56,99,0,36.27,101.22,141.00,1330.00,null,null,null
2023-08-14T00:54:24Z,23.59,64.49,99,0,45.36,101.22,141.00,1330.00,null,null,null
2023-08-14T00:55:24Z,23.59,64.32,99,0,34.83,101.22,141.00,1330.00,null,null,null
2023-08-14T00:56:24Z,23.56,64.02,99,0,42.65,101.22,138.00,1310.00,null,null,null
2023-08-14T00:57:24Z,23.59,64.47,99,0,34.01,101.22,139.00,1316.00,0,0,0
2023-08-14T00:58:24Z,23.59,64.29,99,0,40.70,101.21,138.00,1310.00,null,null,null
2023-08-14T00:59:24Z,23.59,64.27,99,0,42.29,101.21,138.00,1310.00,null,null,null
2023-08-14T01:00:24Z,23.56,64.44,99,0,41.07,101.21,138.00,1310.00,null,null,null
2023-08-14T01:01:24Z,23.57,64.62,99,0,40.26,101.21,141.00,1330.00,null,null,null
2023-08-14T01:02:24Z,23.57,64.73,99,0,39.85,101.21,141.00,1330.00,0,0,0
2023-08-14T01:03:24Z,23.57,64.87,99,0,42.99,101.21,141.00,1330.00,null,null,null
2023-08-14T01:04:24Z,23.57,64.80,99,0,31.07,101.21,139.00,1313.00,null,null,null
2023-08-14T01:05:24Z,23.59,64.75,99,0,46.22,101.21,143.00,1341.00,null,null,null
2023-08-14T01:06:24Z,23.59,64.71,99,0,36.09,101.21,143.00,1341.00,null,null,null
2023-08-14T01:07:24Z,23.55,64.65,99,0,36.79,101.21,141.00,1330.00,0,0,0
2023-08-14T01:08:24Z,23.60,64.72,99,0,42.46,101.21,141.00,1330.00,null,null,null
2023-08-14T01:09:24Z,23.60,64.39,99,0,44.56,101.21,145.00,1356.00,null,null,null
2023-08-14T01:10:24Z,23.57,64.81,99,0,36.75,101.20,141.00,1330.00,null,null,null
2023-08-14T01:11:24Z,23.57,64.61,99,0,41.83,101.20,139.00,1313.00,null,null,null
2023-08-14T01:12:24Z,23.57,64.61,99,0,41.28,101.20,145.00,1356.00,1,2,2
2023-08-14T01:13:24Z,23.60,64.69,99,0,41.60,101.19,141.00,1330.00,null,null,null
2023-08-14T01:14:24Z,23.57,64.65,99,0,36.32,101.19,141.00,1330.00,null,null,null
2023-08-14T01:15:24Z,23.57,64.59,99,0,44.36,101.19,145.00,1356.00,null,null,null
2023-08-14T01:16:24Z,23.57,64.65,99,0,39.66,101.19,145.00,1356.00,null,null,null
2023-08-14T01:17:24Z,23.57,64.69,99,0,32.47,101.19,145.00,1356.00,1,1,1
2023-08-14T01:18:24Z,23.59,64.50,99,0,49.26,101.19,141.00,1330.00,null,null,null
2023-08-14T01:19:24Z,23.57,64.56,99,0,47.81,101.19,141.00,1330.00,null,null,null
2023-08-14T01:20:24Z,23.56,64.52,99,0,45.78,101.19,141.00,1330.00,null,null,null
2023-08-14T01:21:24Z,23.57,64.78,99,0,32.46,101.19,141.00,1330.00,null,null,null
2023-08-14T01:22:24Z,23.53,64.59,99,0,36.54,101.19,139.00,1313.00,1,1,1
2023-08-14T01:23:24Z,23.57,64.30,99,0,43.51,101.19,145.00,1356.00,null,null,null
2023-08-14T01:24:24Z,23.57,64.45,99,0,31.99,101.19,141.00,1330.00,null,null,null
2023-08-14T01:25:24Z,23.57,64.52,99,0,40.50,101.19,138.00,1310.00,null,null,null
2023-08-14T01:26:24Z,23.55,64.33,99,0,46.72,101.19,141.00,1330.00,null,null,null
2023-08-14T01:27:24Z,23.57,64.02,99,0,43.73,101.18,138.00,1310.00,0,0,0
2023-08-14T01:28:24Z,23.57,64.43,99,0,39.05,101.18,135.00,1291.00,null,null,null
2023-08-14T01:29:24Z,23.57,64.34,99,0,38.98,101.18,134.00,1285.00,null,null,null
2023-08-14T01:30:24Z,23.56,64.35,99,0,44.58,101.18,138.00,1310.00,null,null,null
2023-08-14T01:31:24Z,23.53,64.60,99,0,48.21,101.18,141.00,1330.00,null,null,null
2023-08-14T01:32:24Z,23.56,64.69,99,0,41.74,101.18,141.00,1330.00,0,0,0
2023-08-14T01:33:24Z,23.57,64.81,99,0,45.37,101.17,141.00,1330.00,null,null,null
2023-08-14T01:34:24Z,23.55,64.65,99,0,44.80,101.17,139.00,1313.00,null,null,null
2023-08-14T01:35:24Z,23.55,64.50,99,0,31.11,101.17,145.00,1356.00,null,null,null
2023-08-14T01:36:24Z,23.57,64.82,99,0,42.96,101.17,145.00,1356.00,null,null,null
2023-08-14T01:37:24Z,23.56,64.56,99,0,41.59,101.17,139.00,1313.00,1,1,1
2023-08-14T01:38:24Z,23.57,64.39,99,0,48.12,101.17,141.00,1330.00,null,null,null
2023-08-14T01:39:24Z,23.56,64.13,99,0,36.68,101.17,138.00,1310.00,null,null,null
2023-08-14T01:40:24Z,23.56,64.06,99,0,34.33,101.16,135.00,1291.00,null,null,null
2023-08-14T01:41:24Z,23.55,64.37,99,0,34.30,101.16,135.00,1291.00,null,null,null
2023-08-14T01:42:24Z,23.53,64.50,99,0,34.27,101.17,138.00,1310.00,0,0,0
2023-08-14T01:43:24Z,23.53,64.75,99,0,38.57,101.17,138.00,1310.00,null,null,null
2023-08-14T01:44:24Z,23.55,64.81,99,0,42.68,101.17,136.00,1295.00,null,null,null
2023-08-14T01:45:24Z,23.56,64.80,99,0,37.61,101.17,139.00,1313.00,null,null,null
2023-08-14T01:46:24Z,23.55,64.80,99,0,36.96,101.17,136.00,1295.00,null,null,null
2023-08-14T01:47:24Z,23.55,64.78,99,0,36.76,101.17,139.00,1313.00,0,0,0
2023-08-14T01:48:24Z,23.55,64.86,99,0,36.01,101.16,136.00,1295.00,null,null,null
2023-08-14T01:49:24Z,23.57,64.66,99,0,37.28,101.16,139.00,1313.00,null,null,null
2023-08-14T01:50:24Z,23.53,64.39,99,0,35.69,101.16,139.00,1313.00,null,null,null
2023-08-14T01:51:24Z,23.55,64.19,99,0,32.36,101.16,138.00,1310.00,null,null,null
2023-08-14T01:52:24Z,23.52,64.42,99,0,35.36,101.16,135.00,1291.00,0,0,0
2023-08-14T01:53:24Z,23.55,64.52,99,0,41.04,101.16,134.00,1285.00,null,null,null
2023-08-14T01:54:24Z,23.55,64.39,99,0,33.48,101.15,134.00,1285.00,null,null,null
2023-08-14T01:55:24Z,23.53,64.30,99,0,36.21,101.15,134.00,1285.00,null,null,null
2023-08-14T01:56:24Z,23.52,63.74,99,0,37.30,101.16,134.00,1285.00,null,null,null
2023-08-14T01:57:24Z,23.52,64.11,99,0,38.92,101.15,134.00,1285.00,3,3,3
2023-08-14T01:58:24Z,23.50,64.39,99,0,33.89,101.15,133.00,1274.00,null,null,null
2023-08-14T01:59:24Z,23.52,64.54,99,0,40.57,101.15,131.00,1266.00,null,null,null
2023-08-14T02:00:24Z,23.55,64.42,99,0,35.54,101.15,134.00,1285.00,null,null,null
2023-08-14T02:01:24Z,23.52,64.53,99,0,51.48,101.15,134.00,1285.00,null,null,null
2023-08-14T02:02:24Z,23.52,64.51,99,0,37.51,101.15,138.00,1310.00,2,2,2
2023-08-14T02:03:24Z,23.52,64.39,99,0,36.87,101.15,141.00,1330.00,null,null,null
2023-08-14T02:04:24Z,23.52,64.47,99,0,32.66,101.15,138.00,1310.00,null,null,null
2023-08-14T02:05:24Z,23.52,64.39,99,0,35.55,101.15,138.00,1310.00,null,null,null
2023-08-14T02:06:24Z,23.50,64.41,99,0,40.84,101.15,138.00,1310.00,null,null,null
2023-08-14T02:07:24Z,23.52,64.49,99,0,40.83,101.15,138.00,1310.00,1,1,1
2023-08-14T02:08:24Z,23.53,64.47,99,0,35.41,101.15,141.00,1330.00,null,null,null
2023-08-14T02:09:24Z,23.53,64.42,99,0,39.97,101.15,141.00,1330.00,null,null,null
2023-08-14T02:10:24Z,23.53,64.32,99,0,32.42,101.15,138.00,1310.00,null,null,null
2023-08-14T02:11:24Z,23.50,64.21,99,0,36.14,101.15,138.00,1310.00,null,null,null
2023-08-14T02:12:24Z,23.49,64.27,99,0,32.92,101.15,142.00,1338.00,1,1,1
2023-08-14T02:13:24Z,23.50,64.42,99,0,45.93,101.15,138.00,1310.00,null,null,null
2023-08-14T02:14:24Z,23.53,64.15,99,0,32.91,101.14,141.00,1330.00,null,null,null
2023-08-14T02:15:24Z,23.50,63.66,99,0,45.41,101.14,139.00,1316.00,null,null,null
2023-08-14T02:16:24Z,23.50,64.38,99,0,33.37,101.14,141.00,1330.00,null,null,null
2023-08-14T02:17:24Z,23.52,64.18,99,0,44.55,101.14,138.00,1310.00,0,0,0
2023-08-14T02:18:24Z,23.52,64.18,99,0,35.48,101.15,135.00,1291.00,null,null,null
2023-08-14T02:19:24Z,23.50,64.31,99,0,38.36,101.14,135.00,1291.00,null,null,null
2023-08-14T02:20:24Z,23.50,64.40,99,0,38.92,101.14,138.00,1310.00,null,null,null
2023-08-14T02:21:24Z,23.50,64.30,99,0,41.13,101.14,141.00,1330.00,null,null,null
2023-08-14T02:22:24Z,23.47,64.44,99,0,42.24,101.14,138.00,1310.00,0,0,0
2023-08-14T02:23:24Z,23.49,64.50,99,0,39.53,101.14,141.00,1330.00,null,null,null
2023-08-14T02:24:24Z,23.47,64.40,99,0,30.34,101.15,141.00,1330.00,null,null,null
2023-08-14T02:25:24Z,23.49,64.24,99,0,29.88,101.15,138.00,1310.00,null,null,null
2023-08-14T02:26:24Z,23.52,64.26,99,0,33.96,101.14,142.00,1338.00,null,null,null
2023-08-14T02:27:24Z,23.49,64.42,99,0,33.62,101.14,141.00,1330.00,0,0,0
2023-08-14T02:28:24Z,23.50,64.51,99,0,48.55,101.14,138.00,1310.00,null,null,null
2023-08-14T02:29:24Z,23.47,64.40,99,0,49.81,101.14,138.00,1310.00,null,null,null
2023-08-14T02:30:24Z,23.50,64.43,99,0,35.94,101.14,138.00,1310.00,null,null,null
2023-08-14T02:31:24Z,23.47,64.47,99,0,30.80,101.14,138.00,1310.00,null,null,null
2023-08-14T02:32:24Z,23.50,64.56,99,0,42.10,101.14,138.00,1310.00,0,6,6
2023-08-14T02:33:24Z,23.47,64.65,99,0,43.88,101.14,138.00,1310.00,null,null,null
2023-08-14T02:34:24Z,23.47,64.64,99,0,29.74,101.14,141.00,1330.00,null,null,null
2023-08-14T02:35:24Z,23.47,64.69,99,0,39.61,101.14,141.00,1330.00,null,null,null
2023-08-14T02:36:24Z,23.46,64.56,99,0,41.79,101.14,138.00,1310.00,null,null,null
2023-08-14T02:37:24Z,23.47,64.67,99,0,42.42,101.14,141.00,1330.00,0,0,0
2023-08-14T02:38:24Z,23.45,64.33,99,0,39.32,101.14,138.00,1310.00,null,null,null
2023-08-14T02:39:24Z,23.47,64.45,99,0,35.85,101.14,138.00,1310.00,null,null,null
2023-08-14T02:40:24Z,23.47,64.55,99,0,38.12,101.14,138.00,1310.00,null,null,null
2023-08-14T02:41:24Z,23.49,64.46,99,0,30.28,101.14,138.00,1310.00,null,null,null
2023-08-14T02:42:24Z,23.47,64.49,99,0,35.81,101.14,141.00,1330.00,1,1,1
2023-08-14T02:43:24Z,23.47,64.57,99,0,42.18,101.14,134.00,1285.00,null,null,null
2023-08-14T02:44:24Z,23.49,64.61,99,0,40.07,101.13,138.00,1310.00,null,null,null
2023-08-14T02:45:24Z,23.46,64.65,99,0,42.93,101.13,138.00,1310.00,null,null,null
2023-08-14T02:46:24Z,23.47,64.61,99,0,34.80,101.14,134.00,1285.00,null,null,null
2023-08-14T02:47:24Z,23.45,64.68,99,0,32.68,101.13,138.00,1310.00,0,0,0
2023-08-14T02:48:24Z,23.45,64.65,99,0,39.26,101.14,134.00,1285.00,null,null,null
2023-08-14T02:49:24Z,23.46,64.74,99,0,39.88,101.14,134.00,1285.00,null,null,null
2023-08-14T02:50:24Z,23.45,64.68,99,0,42.04,101.13,134.00,1285.00,null,null,null
2023-08-14T02:51:24Z,23.45,64.72,99,0,30.46,101.13,138.00,1310.00,null,null,null
2023-08-14T02:52:24Z,23.45,64.71,99,0,32.19,101.14,138.00,1310.00,0,0,0
2023-08-14T02:53:24Z,23.47,64.78,99,0,32.24,101.13,138.00,1310.00,null,null,null
2023-08-14T02:54:24Z,23.45,64.74,99,0,38.14,101.14,136.00,1295.00,null,null,null
2023-08-14T02:55:24Z,23.46,64.81,99,0,33.27,101.14,138.00,1310.00,null,null,null
2023-08-14T02:56:24Z,23.43,64.91,99,0,39.81,101.14,139.00,1313.00,null,null,null
2023-08-14T02:57:24Z,23.43,64.89,99,0,34.17,101.14,136.00,1295.00,0,0,0
2023-08-14T02:58:24Z,23.43,64.84,99,0,33.02,101.14,132.00,1270.00,null,null,null
2023-08-14T02:59:24Z,23.45,64.80,99,0,35.61,101.14,136.00,1295.00,null,null,null
