TIME,TEMP,HUM,BATT,LIGHT,NOISE_A,PRESS,CCS811_VOCS,CCS811_ECO2,PM_1,PM_25,PM_10
ISO 8601,C,%,%,Lux,dBA,kPa,ppb,ppm,ug/m3,ug/m3,ug/m3
Time,Temperature,Humidity,Battery,Light,Noise dBA,Barometric pressure,VOC Gas CCS811,eCO2 Gas CCS811,PM 1.0,PM 2.5,PM 10.0
,55,56,10,14,53,58,113,112,89,87,88
2023-09-18T00:00:04Z,24.17,60.69,69,0,33.06,100.19,15.00,502.00,6,9,9
2023-09-18T00:01:04Z,24.17,60.70,69,0,30.84,100.19,14.00,498.00,null,null,null
2023-09-18T00:02:04Z,24.16,60.65,69,0,30.18,100.19,16.00,508.00,null,null,null
2023-09-18T00:03:04Z,24.17,60.71,69,0,31.82,100.18,14.00,498.00,null,null,null
2023-09-18T00:04:04Z,24.17,60.70,69,0,31.44,100.17,15.00,502.00,null,null,null
2023-09-18T00:05:04Z,24.16,60.72,69,0,32.80,100.17,15.00,502.00,4,4,4
2023-09-18T00:06:04Z,24.14,60.72,69,0,43.18,100.17,14.00,498.00,null,null,null
2023-09-18T00:07:04Z,24.16,60.76,69,0,28.63,100.18,15.00,502.00,null,null,null
2023-09-18T00:08:04Z,24.16,60.73,69,0,31.73,100.18,14.00,497.00,null,null,null
2023-09-18T00:09:04Z,24.13,60.71,69,0,30.07,100.16,15.00,502.00,null,null,null
2023-09-18T00:10:04Z,24.16,60.75,69,0,31.72,100.16,15.00,502.00,6,13,13
2023-09-18T00:11:04Z,24.14,60.77,69,0,27.94,100.16,14.00,497.00,null,null,null
2023-09-18T00:12:04Z,24.14,60.78,69,0,31.96,100.15,14.00,497.00,null,null,null
2023-09-18T00:13:04Z,24.17,60.77,69,0,31.31,100.15,14.00,493.00,null,null,null
2023-09-18T00:14:04Z,24.14,60.77,69,0,32.00,100.15,14.00,497.00,null,null,null
2023-09-18T00:15:04Z,24.14,60.79,69,0,31.33,100.15,14.00,497.00,7,7,7
2023-09-18T00:16:04Z,24.14,60.80,69,0,29.04,100.14,14.00,497.00,null,null,null
2023-09-18T00:17:04Z,24.14,60.78,69,0,28.34,100.14,14.00,497.00,null,null,null
2023-09-18T00:18:04Z,24.14,60.81,69,0,27.16,100.13,14.00,497.00,null,null,null
2023-09-18T00:19:04Z,24.13,60.85,69,0,28.93,100.13,14.00,493.00,null,null,null
2023-09-18T00:20:04Z,24.11,60.87,69,0,31.74,100.13,14.00,497.00,4,5,5
2023-09-18T00:21:04Z,24.13,60.80,69,0,30.50,100.13,14.00,497.00,null,null,null
2023-09-18T00:22:04Z,24.11,60.80,69,0,31.46,100.12,14.00,493.00,null,null,null
2023-09-18T00:23:04Z,24.13,60.81,69,0,28.22,100.11,14.00,497.00,null,null,null
2023-09-18T00:24:04Z,24.11,60.84,69,0,26.91,100.11,14.00,497.00,null,null,null
2023-09-18T00:25:04Z,24.11,60.85,69,0,29.38,100.10,14.00,493.00,2,3,3
2023-09-18T00:26:04Z,24.13,60.86,68,0,30.07,100.10,14.00,497.00,null,null,null
2023-09-18T00:27:04Z,24.13,60.84,69,0,26.82,100.09,14.00,497.00,null,null,null
2023-09-18T00:28:04Z,24.11,60.86,69,0,28.20,100.08,14.00,497.00,null,null,null
2023-09-18T00:29:04Z,24.13,60.91,69,0,27.30,100.08,14.00,497.00,null,null,null
2023-09-18T00:30:04Z,24.10,60.91,69,0,28.23,100.08,14.00,497.00,4,6,6
2023-09-18T00:31:04Z,24.10,60.87,69,0,28.80,100.08,14.00,497.00,null,null,null
2023-09-18T00:32:04Z,24.13,60.85,69,0,29.51,100.08,14.00,493.00,null,null,null
2023-09-18T00:33:04Z,24.11,60.86,69,0,28.22,100.08,14.00,497.00,null,null,null
2023-09-18T00:34:04Z,24.11,60.86,69,0,31.16,100.08,14.00,493.00,null,null,null
2023-09-18T00:35:04Z,24.09,60.88,69,0,27.36,100.08,14.00,497.00,3,4,4
2023-09-18T00:36:04Z,24.11,60.88,68,0,29.03,100.08,14.00,497.00,null,null,null
2023-09-18T00:37:04Z,24.11,60.90,69,0,30.52,100.08,14.00,497.00,null,null,null
2023-09-18T00:38:04Z,24.10,60.91,69,0,30.13,100.08,14.00,497.00,null,null,null
2023-09-18T00:39:04Z,24.10,60.89,69,0,27.89,100.07,14.00,493.00,null,null,null
2023-09-18T00:40:04Z,24.09,60.92,69,0,26.36,100.07,14.00,493.00,6,6,6
2023-09-18T00:41:04Z,24.10,60.91,68,0,27.66,100.07,14.00,497.00,null,null,null
2023-09-18T00:42:04Z,24.10,60.90,68,0,26.03,100.07,14.00,497.00,null,null,null
2023-09-18T00:43:04Z,24.09,60.88,69,0,30.13,100.07,14.00,497.00,null,null,null
2023-09-18T00:44:04Z,24.07,60.93,68,0,30.24,100.06,14.00,497.00,null,null,null
2023-09-18T00:45:04Z,24.06,60.96,68,0,28.30,100.06,14.00,497.00,6,6,6
2023-09-18T00:46:04Z,24.10,60.94,68,0,29.49,100.06,14.00,493.00,null,null,null
2023-09-18T00:47:04Z,24.09,60.91,68,0,28.12,100.05,14.00,497.00,null,null,null
2023-09-18T00:48:04Z,24.09,60.91,68,0,27.97,100.05,14.00,497.00,null,null,null
2023-09-18T00:49:04Z,24.09,60.93,68,0,30.23,100.05,14.00,493.00,null,null,null
2023-09-18T00:50:04Z,24.07,60.98,68,0,28.11,100.04,14.00,497.00,4,4,4
2023-09-18T00:51:04Z,24.09,60.98,68,0,28.09,100.04,14.00,493.00,null,null,null
2023-09-18T00:52:04Z,24.07,60.98,68,0,28.47,100.04,14.00,497.00,null,null,null
2023-09-18T00:53:04Z,24.06,60.96,68,0,28.02,100.04,14.00,497.00,null,null,null
2023-09-18T00:54:04Z,24.10,60.96,68,0,31.17,100.04,14.00,497.00,null,null,null
2023-09-18T00:55:04Z,24.04,60.95,68,0,31.43,100.05,14.00,493.00,3,3,3
2023-09-18T00:56:04Z,24.07,61.01,68,0,27.38,100.05,14.00,497.00,null,null,null
2023-09-18T00:57:04Z,24.10,60.95,68,0,28.19,100.05,14.00,493.00,null,null,null
2023-09-18T00:58:04Z,24.06,61.01,68,0,26.16,100.04,14.00,493.00,null,null,null
2023-09-18T00:59:04Z,24.03,60.95,68,0,27.94,100.05,14.00,493.00,null,null,null
2023-09-18T01:00:04Z,24.04,60.97,68,0,27.04,100.05,13.00,487.00,4,7,7
2023-09-18T01:01:04Z,24.09,61.01,68,0,26.64,100.04,13.00,487.00,null,null,null
2023-09-18T01:02:04Z,24.06,60.96,68,0,27.12,100.04,13.00,487.00,null,null,null
2023-09-18T01:03:04Z,24.07,60.99,68,0,27.75,100.04,14.00,493.00,null,null,null
2023-09-18T01:04:04Z,24.02,61.00,68,0,31.04,100.04,14.00,493.00,null,null,null
2023-09-18T01:05:04Z,24.03,61.04,68,0,32.19,100.04,14.00,493.00,0,0,0
2023-09-18T01:06:04Z,24.04,61.02,68,0,29.76,100.04,13.00,487.00,null,null,null
2023-09-18T01:07:04Z,24.06,61.01,68,0,30.31,100.03,14.00,493.00,null,null,null
2023-09-18T01:08:04Z,24.04,61.04,68,0,29.11,100.03,14.00,497.00,null,null,null
2023-09-18T01:09:04Z,24.04,61.01,68,0,31.18,100.03,14.00,497.00,null,null,null
2023-09-18T01:10:04Z,24.06,61.03,68,0,25.65,100.03,14.00,493.00,6,6,6
2023-09-18T01:11:04Z,24.04,61.02,68,0,28.50,100.03,13.00,487.00,null,null,null
2023-09-18T01:12:04Z,24.06,61.04,68,0,31.38,100.03,14.00,493.00,null,null,null
2023-09-18T01:13:04Z,24.04,61.06,68,0,29.96,100.03,14.00,493.00,null,null,null
2023-09-18T01:14:04Z,24.02,61.06,68,0,29.04,100.03,14.00,493.00,null,null,null
2023-09-18T01:15:04Z,24.03,61.07,68,0,28.19,100.03,14.00,493.00,5,5,5
2023-09-18T01:16:04Z,24.04,61.09,68,0,29.36,100.02,13.00,487.00,null,null,null
2023-09-18T01:17:04Z,24.04,61.02,68,0,28.54,100.02,14.00,493.00,null,null,null
2023-09-18T01:18:04Z,24.02,61.10,68,0,26.95,100.02,14.00,497.00,null,null,null
2023-09-18T01:19:04Z,24.02,61.07,68,0,29.27,100.01,14.00,493.00,null,null,null
2023-09-18T01:20:04Z,24.03,61.09,68,0,27.12,100.01,14.00,493.00,3,4,4
2023-09-18T01:21:04Z,24.03,61.07,68,0,27.49,100.01,13.00,487.00,null,null,null
2023-09-18T01:22:04Z,24.04,61.07,68,0,27.10,100.01,14.00,493.00,null,null,null
2023-09-18T01:23:04Z,24.04,61.08,68,0,32.02,100.01,14.00,493.00,null,null,null
2023-09-18T01:24:04Z,24.03,61.09,68,0,28.22,100.00,14.00,493.00,null,null,null
2023-09-18T01:25:04Z,24.02,61.11,68,0,31.16,100.00,14.00,493.00,2,2,2
2023-09-18T01:26:04Z,24.02,61.09,68,0,28.36,99.99,12.00,482.00,null,null,null
2023-09-18T01:27:04Z,24.03,61.16,68,0,30.06,99.99,14.00,493.00,null,null,null
2023-09-18T01:28:04Z,24.02,61.08,68,0,29.41,99.99,13.00,487.00,null,null,null
2023-09-18T01:29:04Z,24.03,61.14,68,0,29.44,99.97,14.00,493.00,null,null,null
2023-09-18T01:30:04Z,24.00,61.13,68,0,31.38,99.96,14.00,493.00,2,2,2
2023-09-18T01:31:04Z,24.03,61.16,68,0,28.31,99.95,14.00,493.00,null,null,null
2023-09-18T01:32:04Z,24.00,61.10,68,0,30.90,99.94,14.00,493.00,null,null,null
2023-09-18T01:33:04Z,24.00,61.10,68,0,26.91,99.93,14.00,493.00,null,null,null
2023-09-18T01:34:04Z,23.99,61.14,68,0,29.64,99.94,14.00,493.00,null,null,null
2023-09-18T01:35:04Z,24.00,61.12,68,0,27.02,99.94,14.00,493.00,3,5,5
2023-09-18T01:36:04Z,24.02,61.17,68,0,29.92,99.94,14.00,493.00,null,null,null
2023-09-18T01:37:04Z,23.99,61.12,68,0,28.34,99.94,14.00,493.00,null,null,null
2023-09-18T01:38:04Z,24.00,61.12,68,0,26.03,99.93,14.00,493.00,null,null,null
2023-09-18T01:39:04Z,23.99,61.12,68,0,25.82,99.92,14.00,493.00,null,null,null
2023-09-18T01:40:04Z,23.99,61.17,68,0,29.26,99.92,14.00,493.00,8,8,8
2023-09-18T01:41:04Z,23.99,61.15,67,0,27.87,99.91,14.00,493.00,null,null,null
2023-09-18T01:42:04Z,23.97,61.16,67,0,27.84,99.91,14.00,493.00,null,null,null
2023-09-18T01:43:04Z,23.99,61.15,68,0,26.29,99.91,14.00,493.00,null,null,null
2023-09-18T01:44:04Z,24.00,61.19,68,0,27.94,99.90,14.00,493.00,null,null,null
2023-09-18T01:45:04Z,24.02,61.19,68,0,29.42,99.89,14.00,493.00,4,4,4
2023-09-18T01:46:04Z,23.97,61.17,67,0,28.50,99.89,14.00,493.00,null,null,null
2023-09-18T01:47:04Z,23.99,61.18,67,0,33.88,99.88,14.00,493.00,null,null,null
2023-09-18T01:48:04Z,23.99,61.19,68,0,29.30,99.88,14.00,493.00,null,null,null
2023-09-18T01:49:04Z,23.96,61.17,67,0,27.68,99.88,14.00,493.00,null,null,null
2023-09-18T01:50:04Z,23.96,61.19,67,0,28.20,99.87,14.00,493.00,4,4,4
2023-09-18T01:51:04Z,24.02,61.20,67,0,26.31,99.87,14.00,493.00,null,null,null
2023-09-18T01:52:04Z,23.99,61.19,67,0,28.73,99.87,14.00,493.00,null,null,null
2023-09-18T01:53:04Z,23.97,61.19,67,0,31.15,99.87,14.00,493.00,null,null,null
2023-09-18T01:54:04Z,23.96,61.20,68,0,25.50,99.86,14.00,493.00,null,null,null
2023-09-18T01:55:04Z,23.97,61.19,68,0,30.23,99.86,14.00,493.00,6,7,7
2023-09-18T01:56:04Z,23.96,61.20,68,0,29.00,99.85,13.00,487.00,null,null,null
2023-09-18T01:57:04Z,23.99,61.19,67,0,29.76,99.85,13.00,487.00,null,null,null
2023-09-18T01:58:04Z,23.99,61.21,67,0,30.01,99.85,13.00,487.00,null,null,null
2023-09-18T01:59:04Z,23.96,61.20,67,0,27.16,99.85,14.00,493.00,null,null,null
2023-09-18T02:00:04Z,23.99,61.25,67,0,28.92,99.84,13.00,487.00,5,5,5
2023-09-18T02:01:04Z,23.97,61.18,67,0,27.42,99.85,12.00,482.00,null,null,null
2023-09-18T02:02:04Z,23.97,61.19,67,0,29.87,99.85,13.00,487.00,null,null,null
2023-09-18T02:03:04Z,23.97,61.18,67,0,31.05,99.85,14.00,493.00,null,null,null
2023-09-18T02:04:04Z,23.96,61.20,68,0,29.82,99.86,13.00,487.00,null,null,null
2023-09-18T02:05:04Z,23.95,61.27,67,0,29.63,99.87,13.00,487.00,4,4,4
2023-09-18T02:06:04Z,23.95,61.21,67,0,30.13,99.88,12.00,482.00,null,null,null
2023-09-18T02:07:04Z,23.96,61.22,67,0,29.41,99.88,13.00,487.00,null,null,null
2023-09-18T02:08:04Z,23.95,61.22,67,0,33.26,99.88,13.00,487.00,null,null,null
2023-09-18T02:09:04Z,23.93,61.24,67,0,43.10,99.87,13.00,487.00,null,null,null
2023-09-18T02:10:04Z,23.93,61.26,67,0,29.13,99.87,13.00,487.00,2,2,2
2023-09-18T02:11:04Z,23.95,61.26,67,0,30.43,99.88,13.00,487.00,null,null,null
2023-09-18T02:12:04Z,23.96,61.28,67,0,29.37,99.87,12.00,482.00,null,null,null
2023-09-18T02:13:04Z,23.93,61.24,67,0,31.00,99.87,12.00,482.00,null,null,null
2023-09-18T02:14:04Z,23.96,61.26,67,0,28.20,99.86,13.00,487.00,null,null,null
2023-09-18T02:15:04Z,23.93,61.30,67,0,28.09,99.87,12.00,482.00,1,1,1
2023-09-18T02:16:04Z,23.92,61.28,67,0,30.72,99.86,12.00,482.00,null,null,null
2023-09-18T02:17:04Z,23.95,61.26,68,0,24.19,99.86,11.00,477.00,null,null,null
2023-09-18T02:18:04Z,23.95,61.29,67,0,27.64,99.85,11.00,477.00,null,null,null
2023-09-18T02:19:04Z,23.95,61.30,67,0,26.24,99.86,11.00,477.00,null,null,null
2023-09-18T02:20:04Z,23.95,61.32,67,0,31.83,99.86,11.00,477.00,4,4,4
2023-09-18T02:21:04Z,23.90,61.27,67,0,31.13,99.86,11.00,477.00,null,null,null
2023-09-18T02:22:04Z,23.95,61.26,67,0,30.04,99.86,12.00,482.00,null,null,null
2023-09-18T02:23:04Z,23.92,61.28,67,0,26.46,99.86,12.00,482.00,null,null,null
2023-09-18T02:24:04Z,23.92,61.28,67,0,28.63,99.87,12.00,482.00,null,null,null
2023-09-18T02:25:04Z,23.89,61.34,67,0,29.16,99.87,12.00,482.00,2,2,2
2023-09-18T02:26:04Z,23.92,61.28,67,0,28.19,99.87,11.00,477.00,null,null,null
2023-09-18T02:27:04Z,23.93,61.27,67,0,28.61,99.87,12.00,482.00,null,null,null
2023-09-18T02:28:04Z,23.96,61.30,67,0,27.96,99.86,12.00,482.00,null,null,null
2023-09-18T02:29:04Z,23.92,61.30,67,0,30.43,99.86,12.00,482.00,null,null,null
2023-09-18T02:30:04Z,23.92,61.28,67,0,30.59,99.86,11.00,477.00,1,1,1
2023-09-18T02:31:04Z,23.90,61.30,67,0,30.28,99.86,11.00,477.00,null,null,null
2023-09-18T02:32:04Z,23.90,61.28,67,0,27.18,99.86,12.00,482.00,null,null,null
2023-09-18T02:33:04Z,23.93,61.35,67,0,27.10,99.87,12.00,482.00,null,null,null
2023-09-18T02:34:04Z,23.92,61.35,67,0,29.56,99.86,11.00,477.00,null,null,null
2023-09-18T02:35:04Z,23.92,61.31,67,0,31.75,99.86,12.00,482.00,4,5,5
2023-09-18T02:36:04Z,23.89,61.35,67,0,29.27,99.86,11.00,477.00,null,null,null
2023-09-18T02:37:04Z,23.92,61.30,67,0,27.92,99.86,12.00,482.00,null,null,null
2023-09-18T02:38:04Z,23.92,61.31,67,0,30.35,99.85,11.00,477.00,null,null,null
2023-09-18T02:39:04Z,23.90,61.34,67,0,31.19,99.85,12.00,482.00,null,null,null
2023-09-18T02:40:04Z,23.89,61.33,67,0,28.70,99.86,12.00,482.00,4,4,4
2023-09-18T02:41:04Z,23.89,61.33,67,0,26.84,99.86,10.00,472.00,null,null,null
2023-09-18T02:42:04Z,23.87,61.35,67,0,32.08,99.86,12.00,482.00,null,null,null
2023-09-18T02:43:04Z,23.90,61.30,67,0,28.92,99.85,12.00,482.00,null,null,null
2023-09-18T02:44:04Z,23.90,61.36,67,0,29.96,99.85,11.00,477.00,null,null,null
2023-09-18T02:45:04Z,23.87,61.32,67,0,26.99,99.85,12.00,482.00,9,11,11
2023-09-18T02:46:04Z,23.92,61.33,67,0,27.96,99.85,12.00,482.00,null,null,null
2023-09-18T02:47:04Z,23.89,61.36,67,0,28.02,99.84,11.00,477.00,null,null,null
2023-09-18T02:48:04Z,23.90,61.36,67,0,28.39,99.84,11.00,477.00,null,null,null
2023-09-18T02:49:04Z,23.89,61.37,67,0,25.44,99.85,11.00,477.00,null,null,null
2023-09-18T02:50:04Z,23.89,61.36,67,0,30.75,99.84,11.00,477.00,3,4,4
2023-09-18T02:51:04Z,23.87,61.35,67,0,30.53,99.85,12.00,482.00,null,null,null
2023-09-18T02:52:04Z,23.89,61.34,67,0,29.70,99.84,11.00,477.00,null,null,null
2023-09-18T02:53:04Z,23.89,61.37,67,0,25.06,99.84,11.00,477.00,null,null,null
2023-09-18T02:54:04Z,23.89,61.35,67,0,24.19,99.84,11.00,477.00,null,null,null
2023-09-18T02:55:04Z,23.89,61.37,67,0,28.92,99.84,11.00,477.00,6,11,11
2023-09-18T02:56:04Z,23.89,61.36,67,0,28.04,99.84,10.00,472.00,null,null,null
2023-09-18T02:57:04Z,23.89,61.34,67,0,27.57,99.84,11.00,477.00,null,null,null
2023-09-18T02:58:04Z,23.89,61.32,67,0,30.12,99.84,11.00,477.00,null,null,null
2023-09-18T02:59:04Z,23.87,61.36,67,0,31.31,99.85,11.00,477.00,null,null,null
