TIME,TEMP,HUM,BATT,LIGHT,NOISE_A,PRESS,CCS811_VOCS,CCS811_ECO2,PM_1,PM_25,PM_10
ISO 8601,C,%,%,Lux,dBA,kPa,ppb,ppm,ug/m3,ug/m3,ug/m3
Time,Temperature,Humidity,Battery,Light,Noise dBA,Barometric pressure,VOC Gas CCS811,eCO2 Gas CCS811,PM 1.0,PM 2.5,PM 10.0
,55,56,10,14,53,58,113,112,89,87,88
2023-09-11T00:00:04Z,28.20,62.48,99,0,41.32,101.33,1276.00,2263.00,10,14,14
2023-09-11T00:01:04Z,28.19,62.63,99,0,43.59,101.33,1320.00,2283.00,null,null,null
2023-09-11T00:02:04Z,28.19,62.49,99,0,43.24,101.33,1348.00,2296.00,null,null,null
2023-09-11T00:03:04Z,28.17,62.42,99,0,39.36,101.33,1320.00,2283.00,null,null,null
2023-09-11T00:04:04Z,28.17,62.52,99,0,47.68,101.33,1348.00,2296.00,null,null,null
2023-09-11T00:05:04Z,28.17,62.54,99,0,41.38,101.33,1320.00,2283.00,7,19,19
2023-09-11T00:06:04Z,28.16,62.73,99,0,42.50,101.33,1276.00,2263.00,null,null,null
2023-09-11T00:07:04Z,28.13,63.02,99,0,43.34,101.33,1238.00,2247.00,null,null,null
2023-09-11T00:08:04Z,28.16,62.84,99,0,33.68,101.33,1224.00,2240.00,null,null,null
2023-09-11T00:09:04Z,28.17,62.84,99,0,37.20,101.33,1157.00,2206.00,null,null,null
2023-09-11T00:10:04Z,28.15,62.98,99,0,32.41,101.33,1138.00,2199.00,9,12,12
2023-09-11T00:11:04Z,28.15,62.94,99,0,44.70,101.33,1071.00,2170.00,null,null,null
2023-09-11T00:12:04Z,28.16,63.18,99,0,37.75,101.33,1071.00,2170.00,null,null,null
2023-09-11T00:13:04Z,28.12,63.11,99,0,36.36,101.33,1044.00,2156.00,null,null,null
2023-09-11T00:14:04Z,28.15,63.12,99,0,42.21,101.33,1023.00,2148.00,null,null,null
2023-09-11T00:15:04Z,28.13,63.25,99,0,45.02,101.33,981.00,2128.00,6,9,9
2023-09-11T00:16:04Z,28.13,63.07,99,0,30.66,101.33,946.00,2112.00,null,null,null
2023-09-11T00:17:04Z,28.15,62.99,99,0,39.91,101.33,957.00,2116.00,null,null,null
2023-09-11T00:18:04Z,28.13,62.91,99,0,46.35,101.33,925.00,2102.00,null,null,null
2023-09-11T00:19:04Z,28.15,62.96,99,0,36.69,101.32,925.00,2102.00,null,null,null
2023-09-11T00:20:04Z,28.12,62.90,99,0,37.85,101.32,925.00,2102.00,12,14,14
2023-09-11T00:21:04Z,28.12,62.96,99,0,38.65,101.32,890.00,2084.00,null,null,null
2023-09-11T00:22:04Z,28.13,63.14,99,0,38.71,101.32,890.00,2084.00,null,null,null
2023-09-11T00:23:04Z,28.15,63.39,99,0,37.50,101.32,870.00,2074.00,null,null,null
2023-09-11T00:24:04Z,28.12,63.35,99,0,45.19,101.32,859.00,2070.00,null,null,null
2023-09-11T00:25:04Z,28.12,63.20,99,0,46.56,101.32,878.00,2078.00,11,17,17
2023-09-11T00:26:04Z,28.10,63.39,99,0,45.63,101.31,857.00,2068.00,null,null,null
2023-09-11T00:27:04Z,28.12,63.12,99,0,37.90,101.31,833.00,2054.00,null,null,null
2023-09-11T00:28:04Z,28.10,63.12,99,0,48.59,101.31,857.00,2068.00,null,null,null
2023-09-11T00:29:04Z,28.10,63.29,99,0,48.37,101.31,1044.00,2156.00,null,null,null
2023-09-11T00:30:04Z,28.10,63.20,99,0,43.15,101.31,1080.00,2172.00,20,23,23
2023-09-11T00:31:04Z,28.09,63.21,99,0,36.60,101.31,1138.00,2199.00,null,null,null
2023-09-11T00:32:04Z,28.08,63.07,99,0,33.10,101.31,1157.00,2206.00,null,null,null
2023-09-11T00:33:04Z,28.10,63.08,99,0,50.15,101.31,1201.00,2226.00,null,null,null
2023-09-11T00:34:04Z,28.03,63.24,99,0,38.73,101.31,1385.00,2311.00,null,null,null
2023-09-11T00:35:04Z,28.06,63.11,99,0,40.36,101.31,1385.00,2311.00,9,18,18
2023-09-11T00:36:04Z,28.08,63.23,99,0,35.21,101.31,1452.00,2345.00,null,null,null
2023-09-11T00:37:04Z,28.08,63.31,99,0,44.46,101.31,1472.00,2355.00,null,null,null
2023-09-11T00:38:04Z,28.06,63.15,99,0,31.99,101.30,1462.00,2349.00,null,null,null
2023-09-11T00:39:04Z,28.06,63.32,99,0,33.74,101.31,1452.00,2345.00,null,null,null
2023-09-11T00:40:04Z,28.05,63.15,99,0,44.92,101.31,1462.00,2349.00,13,20,36
2023-09-11T00:41:04Z,28.08,63.02,99,0,42.27,101.31,1452.00,2345.00,null,null,null
2023-09-11T00:42:04Z,28.08,63.08,99,0,44.42,101.31,1409.00,2322.00,null,null,null
2023-09-11T00:43:04Z,28.05,63.25,99,0,37.91,101.31,1409.00,2322.00,null,null,null
2023-09-11T00:44:04Z,28.05,63.11,99,0,34.80,101.30,1347.00,2294.00,null,null,null
2023-09-11T00:45:04Z,28.03,63.16,99,0,40.43,101.31,1290.00,2270.00,13,17,17
2023-09-11T00:46:04Z,28.03,63.01,99,0,42.25,101.30,1262.00,2257.00,null,null,null
2023-09-11T00:47:04Z,28.03,63.19,99,0,40.55,101.30,1290.00,2270.00,null,null,null
2023-09-11T00:48:04Z,28.03,63.22,99,0,36.57,101.30,1290.00,2270.00,null,null,null
2023-09-11T00:49:04Z,28.02,63.15,99,0,36.78,101.30,1290.00,2270.00,null,null,null
2023-09-11T00:50:04Z,28.00,63.01,99,0,37.68,101.30,1262.00,2257.00,9,19,19
2023-09-11T00:51:04Z,28.03,62.98,99,0,41.13,101.30,1248.00,2251.00,null,null,null
2023-09-11T00:52:04Z,28.03,62.92,99,0,42.10,101.30,1201.00,2226.00,null,null,null
2023-09-11T00:53:04Z,28.00,62.92,99,0,34.73,101.30,1157.00,2206.00,null,null,null
2023-09-11T00:54:04Z,28.00,62.97,99,0,38.31,101.30,1157.00,2206.00,null,null,null
2023-09-11T00:55:04Z,27.99,62.99,99,0,32.73,101.30,1111.00,2187.00,10,13,13
2023-09-11T00:56:04Z,27.96,62.95,99,0,39.18,101.29,1093.00,2178.00,null,null,null
2023-09-11T00:57:04Z,27.98,63.41,99,0,36.72,101.30,1111.00,2187.00,null,null,null
2023-09-11T00:58:04Z,27.96,63.35,99,0,33.81,101.29,1080.00,2172.00,null,null,null
2023-09-11T00:59:04Z,27.98,63.16,99,0,60.35,101.29,1058.00,2164.00,null,null,null
2023-09-11T01:00:04Z,27.96,63.13,99,0,39.07,101.29,1023.00,2148.00,14,14,14
2023-09-11T01:01:04Z,27.96,63.14,99,0,37.19,101.29,1023.00,2148.00,null,null,null
2023-09-11T01:02:04Z,27.95,63.31,99,0,40.61,101.29,998.00,2136.00,null,null,null
2023-09-11T01:03:04Z,27.95,63.30,99,0,31.20,101.29,931.00,2104.00,null,null,null
2023-09-11T01:04:04Z,27.93,63.22,99,0,40.12,101.29,931.00,2104.00,null,null,null
2023-09-11T01:05:04Z,27.93,63.25,99,0,51.25,101.29,903.00,2092.00,12,16,32
2023-09-11T01:06:04Z,27.92,63.40,99,0,45.10,101.29,859.00,2070.00,null,null,null
2023-09-11T01:07:04Z,27.95,63.49,99,0,38.92,101.29,878.00,2078.00,null,null,null
2023-09-11T01:08:04Z,27.92,63.41,99,0,48.03,101.29,833.00,2054.00,null,null,null
2023-09-11T01:09:04Z,27.92,63.38,99,0,38.16,101.29,810.00,2035.00,null,null,null
2023-09-11T01:10:04Z,27.89,63.35,99,0,45.53,101.29,833.00,2054.00,15,25,25
2023-09-11T01:11:04Z,27.89,63.62,99,0,44.15,101.29,859.00,2070.00,null,null,null
2023-09-11T01:12:04Z,27.89,63.55,99,0,34.15,101.29,891.00,2086.00,null,null,null
2023-09-11T01:13:04Z,27.89,63.49,99,0,43.10,101.29,891.00,2086.00,null,null,null
2023-09-11T01:14:04Z,27.85,63.56,99,0,36.08,101.29,891.00,2086.00,null,null,null
2023-09-11T01:15:04Z,27.84,63.79,99,0,37.32,101.29,913.00,2096.00,15,31,43
2023-09-11T01:16:04Z,27.84,63.62,99,0,35.05,101.29,870.00,2074.00,null,null,null
2023-09-11T01:17:04Z,27.82,63.67,99,0,33.04,101.29,891.00,2086.00,null,null,null
2023-09-11T01:18:04Z,27.84,63.64,99,0,33.29,101.29,878.00,2078.00,null,null,null
2023-09-11T01:19:04Z,27.82,63.63,99,0,39.12,101.29,891.00,2086.00,null,null,null
2023-09-11T01:20:04Z,27.82,63.65,99,0,46.26,101.29,878.00,2078.00,11,17,17
2023-09-11T01:21:04Z,27.82,63.55,99,0,35.44,101.29,846.00,2062.00,null,null,null
2023-09-11T01:22:04Z,27.82,63.49,99,0,33.17,101.28,846.00,2062.00,null,null,null
2023-09-11T01:23:04Z,27.79,63.42,99,0,38.20,101.28,810.00,2035.00,null,null,null
2023-09-11T01:24:04Z,27.79,63.64,99,0,39.01,101.28,810.00,2035.00,null,null,null
2023-09-11T01:25:04Z,27.79,63.64,99,0,32.36,101.29,784.00,2020.00,9,16,16
2023-09-11T01:26:04Z,27.78,63.64,99,0,31.84,101.29,784.00,2020.00,null,null,null
2023-09-11T01:27:04Z,27.78,63.71,99,0,45.25,101.28,767.00,2012.00,null,null,null
2023-09-11T01:28:04Z,27.79,63.80,99,0,41.00,101.29,753.00,2003.00,null,null,null
2023-09-11T01:29:04Z,27.78,63.70,99,0,34.54,101.29,730.00,1991.00,null,null,null
2023-09-11T01:30:04Z,27.76,63.66,99,0,41.16,101.29,725.00,1988.00,14,19,19
2023-09-11T01:31:04Z,27.75,63.83,99,0,42.09,101.29,725.00,1988.00,null,null,null
2023-09-11T01:32:04Z,27.75,63.73,99,0,32.78,101.29,705.00,1976.00,null,null,null
2023-09-11T01:33:04Z,27.75,63.91,99,0,40.74,101.30,711.00,1980.00,null,null,null
2023-09-11T01:34:04Z,27.73,64.34,99,0,33.98,101.30,718.00,1983.00,null,null,null
2023-09-11T01:35:04Z,27.72,63.97,99,0,37.56,101.30,787.00,2022.00,14,19,19
2023-09-11T01:36:04Z,27.73,64.02,99,0,34.00,101.30,791.00,2024.00,null,null,null
2023-09-11T01:37:04Z,27.72,63.89,99,0,34.01,101.30,791.00,2024.00,null,null,null
2023-09-11T01:38:04Z,27.75,63.91,99,0,34.26,101.30,825.00,2050.00,null,null,null
2023-09-11T01:39:04Z,27.73,63.80,99,0,38.27,101.31,746.00,1999.00,null,null,null
2023-09-11T01:40:04Z,27.72,63.68,99,0,33.05,101.31,872.00,2076.00,12,14,14
2023-09-11T01:41:04Z,27.71,63.69,99,0,41.95,101.31,917.00,2098.00,null,null,null
2023-09-11T01:42:04Z,27.69,63.66,99,0,33.02,101.31,917.00,2098.00,null,null,null
2023-09-11T01:43:04Z,27.71,63.66,99,0,35.71,101.31,951.00,2116.00,null,null,null
2023-09-11T01:44:04Z,27.71,63.57,99,0,45.84,101.30,966.00,2120.00,null,null,null
2023-09-11T01:45:04Z,27.68,63.62,99,0,43.45,101.30,966.00,2120.00,8,12,12
2023-09-11T01:46:04Z,27.68,63.67,99,0,43.41,101.30,951.00,2116.00,null,null,null
2023-09-11T01:47:04Z,27.69,63.80,99,0,34.17,101.30,1027.00,2150.00,null,null,null
2023-09-11T01:48:04Z,27.68,63.74,99,0,39.58,101.30,1102.00,2184.00,null,null,null
2023-09-11T01:49:04Z,27.68,63.86,99,0,36.53,101.30,1134.00,2195.00,null,null,null
2023-09-11T01:50:04Z,27.66,63.85,99,0,39.96,101.30,1174.00,2214.00,16,19,19
2023-09-11T01:51:04Z,27.66,63.82,99,0,40.36,101.30,1174.00,2214.00,null,null,null
2023-09-11T01:52:04Z,27.66,64.01,99,0,39.75,101.30,1201.00,2226.00,null,null,null
2023-09-11T01:53:04Z,27.65,64.07,99,0,41.87,101.30,1215.00,2238.00,null,null,null
2023-09-11T01:54:04Z,27.64,64.15,99,0,44.90,101.30,1243.00,2251.00,null,null,null
2023-09-11T01:55:04Z,27.65,63.93,99,0,33.78,101.30,1243.00,2251.00,8,19,34
2023-09-11T01:56:04Z,27.65,64.08,99,0,33.04,101.30,1258.00,2255.00,null,null,null
2023-09-11T01:57:04Z,27.65,64.01,99,0,33.25,101.31,1258.00,2255.00,null,null,null
2023-09-11T01:58:04Z,27.62,63.91,99,0,36.37,101.30,1243.00,2251.00,null,null,null
2023-09-11T01:59:04Z,27.64,64.04,99,0,32.73,101.30,1243.00,2251.00,null,null,null
2023-09-11T02:00:04Z,27.64,63.91,99,0,45.16,101.30,1215.00,2238.00,12,16,16
2023-09-11T02:01:04Z,27.61,63.89,99,0,38.64,101.30,1201.00,2226.00,null,null,null
2023-09-11T02:02:04Z,27.64,63.86,99,0,41.22,101.30,1152.00,2207.00,null,null,null
2023-09-11T02:03:04Z,27.61,63.89,99,0,41.68,101.30,1138.00,2197.00,null,null,null
2023-09-11T02:04:04Z,27.61,63.93,99,0,34.23,101.30,1124.00,2191.00,null,null,null
2023-09-11T02:05:04Z,27.61,63.86,99,0,47.00,101.30,1084.00,2174.00,14,19,19
2023-09-11T02:06:04Z,27.61,63.80,99,0,37.94,101.30,1057.00,2162.00,null,null,null
2023-09-11T02:07:04Z,27.59,63.83,99,0,33.04,101.29,1018.00,2144.00,null,null,null
2023-09-11T02:08:04Z,27.59,63.86,99,0,33.99,101.29,1018.00,2144.00,null,null,null
2023-09-11T02:09:04Z,27.58,63.82,99,0,37.98,101.29,981.00,2128.00,null,null,null
2023-09-11T02:10:04Z,27.59,63.86,99,0,37.22,101.30,981.00,2128.00,7,15,15
2023-09-11T02:11:04Z,27.58,63.95,99,0,33.05,101.30,943.00,2110.00,null,null,null
2023-09-11T02:12:04Z,27.58,63.80,99,0,39.92,101.30,922.00,2100.00,null,null,null
2023-09-11T02:13:04Z,27.58,63.87,99,0,37.25,101.30,922.00,2100.00,null,null,null
2023-09-11T02:14:04Z,27.55,63.84,99,0,36.60,101.30,922.00,2100.00,null,null,null
2023-09-11T02:15:04Z,27.57,63.89,99,0,35.73,101.30,909.00,2092.00,15,29,29
2023-09-11T02:16:04Z,27.55,63.90,99,0,33.93,101.30,909.00,2092.00,null,null,null
2023-09-11T02:17:04Z,27.55,63.72,99,0,32.55,101.30,909.00,2092.00,null,null,null
2023-09-11T02:18:04Z,27.54,63.77,99,0,35.85,101.30,903.00,2092.00,null,null,null
2023-09-11T02:19:04Z,27.54,63.74,99,0,35.39,101.30,857.00,2068.00,null,null,null
2023-09-11T02:20:04Z,27.52,63.83,99,0,38.93,101.30,850.00,2066.00,10,14,14
2023-09-11T02:21:04Z,27.49,63.74,99,0,45.60,101.30,843.00,2060.00,null,null,null
2023-09-11T02:22:04Z,27.52,63.76,99,0,59.94,101.30,833.00,2054.00,null,null,null
2023-09-11T02:23:04Z,27.51,63.90,99,0,36.18,101.30,809.00,2034.00,null,null,null
2023-09-11T02:24:04Z,27.48,63.78,99,0,35.81,101.30,779.00,2018.00,null,null,null
2023-09-11T02:25:04Z,27.49,63.84,99,0,35.98,101.30,765.00,2010.00,2,11,11
2023-09-11T02:26:04Z,27.49,63.86,99,0,48.89,101.30,765.00,2010.00,null,null,null
2023-09-11T02:27:04Z,27.49,63.91,99,0,41.55,101.30,779.00,2018.00,null,null,null
2023-09-11T02:28:04Z,27.48,63.90,99,0,34.83,101.30,779.00,2018.00,null,null,null
2023-09-11T02:29:04Z,27.47,64.06,99,0,41.79,101.30,791.00,2024.00,null,null,null
2023-09-11T02:30:04Z,27.48,64.06,99,0,48.44,101.30,779.00,2018.00,13,25,36
2023-09-11T02:31:04Z,27.45,64.17,99,0,44.99,101.30,779.00,2018.00,null,null,null
2023-09-11T02:32:04Z,27.49,64.08,99,0,37.59,101.30,779.00,2018.00,null,null,null
2023-09-11T02:33:04Z,27.48,64.16,99,0,32.47,101.30,779.00,2018.00,null,null,null
2023-09-11T02:34:04Z,27.48,64.04,99,0,37.93,101.30,765.00,2010.00,null,null,null
2023-09-11T02:35:04Z,27.45,64.07,99,0,34.76,101.30,765.00,2010.00,9,15,15
2023-09-11T02:36:04Z,27.48,64.03,99,0,39.82,101.30,857.00,2068.00,null,null,null
2023-09-11T02:37:04Z,27.45,64.05,99,0,38.70,101.30,909.00,2092.00,null,null,null
2023-09-11T02:38:04Z,27.47,63.76,99,0,40.91,101.30,922.00,2100.00,null,null,null
2023-09-11T02:39:04Z,27.45,63.91,99,0,39.03,101.30,943.00,2110.00,null,null,null
2023-09-11T02:40:04Z,27.45,63.97,99,0,41.25,101.30,957.00,2116.00,11,17,17
2023-09-11T02:41:04Z,27.44,63.91,99,0,34.47,101.30,999.00,2138.00,null,null,null
2023-09-11T02:42:04Z,27.45,64.01,99,0,42.22,101.30,999.00,2138.00,null,null,null
2023-09-11T02:43:04Z,27.42,64.05,99,0,35.05,101.30,1018.00,2144.00,null,null,null
2023-09-11T02:44:04Z,27.45,64.14,99,0,37.21,101.30,999.00,2138.00,null,null,null
2023-09-11T02:45:04Z,27.41,64.34,99,0,40.36,101.30,1018.00,2144.00,4,7,7
2023-09-11T02:46:04Z,27.44,64.18,99,0,37.43,101.29,1036.00,2154.00,null,null,null
2023-09-11T02:47:04Z,27.39,64.19,99,0,42.62,101.29,1036.00,2154.00,null,null,null
2023-09-11T02:48:04Z,27.41,64.28,99,0,37.01,101.29,1138.00,2197.00,null,null,null
2023-09-11T02:49:04Z,27.42,64.30,99,0,47.69,101.29,1211.00,2234.00,null,null,null
2023-09-11T02:50:04Z,27.42,64.18,99,0,42.41,101.29,1277.00,2265.00,9,14,14
2023-09-11T02:51:04Z,27.44,64.15,99,0,33.70,101.29,1258.00,2255.00,null,null,null
2023-09-11T02:52:04Z,27.42,64.20,99,0,33.71,101.29,1286.00,2268.00,null,null,null
2023-09-11T02:53:04Z,27.41,64.05,99,0,38.03,101.29,1286.00,2268.00,null,null,null
2023-09-11T02:54:04Z,27.41,64.07,99,0,43.63,101.29,1258.00,2255.00,null,null,null
2023-09-11T02:55:04Z,27.41,64.35,99,0,35.94,101.28,1243.00,2251.00,12,14,14
2023-09-11T02:56:04Z,27.38,64.17,99,0,40.44,101.29,1192.00,2224.00,null,null,null
2023-09-11T02:57:04Z,27.39,64.16,99,0,33.51,101.29,1215.00,2238.00,null,null,null
2023-09-11T02:58:04Z,27.39,64.24,99,0,31.54,101.29,1201.00,2226.00,null,null,null
2023-09-11T02:59:04Z,27.38,64.16,99,0,33.50,101.29,1152.00,2207.00,null,null,null
