TIME,TEMP,HUM,BATT,LIGHT,NOISE_A,PRESS,CCS811_VOCS,CCS811_ECO2,PM_1,PM_25,PM_10
ISO 8601,C,%,%,Lux,dBA,kPa,ppb,ppm,ug/m3,ug/m3,ug/m3
Time,Temperature,Humidity,Battery,Light,Noise dBA,Barometric pressure,VOC Gas CCS811,eCO2 Gas CCS811,PM 1.0,PM 2.5,PM 10.0
,55,56,10,14,53,58,113,112,89,87,88
2023-08-28T00:00:04Z,22.47,62.50,99,0,45.63,101.28,324.00,1686.00,0,0,0
2023-08-28T00:01:04Z,22.48,62.54,99,0,39.59,101.28,319.00,1680.00,null,null,null
2023-08-28T00:02:04Z,22.48,62.59,99,0,43.76,101.28,313.00,1674.00,null,null,null
2023-08-28T00:03:04Z,22.46,62.56,99,0,49.03,101.29,304.00,1665.00,null,null,null
2023-08-28T00:04:04Z,22.44,62.52,99,0,46.26,101.29,298.00,1660.00,null,null,null
2023-08-28T00:05:04Z,22.43,62.55,99,0,48.17,101.28,298.00,1660.00,2,3,18
2023-08-28T00:06:04Z,22.47,62.56,99,0,45.69,101.28,337.00,1699.00,null,null,null
2023-08-28T00:07:04Z,22.47,62.54,99,0,49.59,101.28,366.00,1729.00,null,null,null
2023-08-28T00:08:04Z,22.47,62.53,99,0,45.92,101.28,381.00,1741.00,null,null,null
2023-08-28T00:09:04Z,22.47,62.62,99,0,37.14,101.28,390.00,1749.00,null,null,null
2023-08-28T00:10:04Z,22.46,62.62,99,0,46.03,101.28,396.00,1756.00,0,0,0
2023-08-28T00:11:04Z,22.47,62.63,99,0,40.28,101.28,396.00,1756.00,null,null,null
2023-08-28T00:12:04Z,22.44,62.60,99,0,46.40,101.28,407.00,1764.00,null,null,null
2023-08-28T00:13:04Z,22.43,62.59,99,0,35.69,101.28,396.00,1756.00,null,null,null
2023-08-28T00:14:04Z,22.43,62.61,99,0,40.29,101.28,396.00,1756.00,null,null,null
2023-08-28T00:15:04Z,22.41,62.62,99,0,36.07,101.28,390.00,1749.00,0,2,2
2023-08-28T00:16:04Z,22.44,62.61,99,0,37.10,101.28,381.00,1741.00,null,null,null
2023-08-28T00:17:04Z,22.44,62.64,99,0,44.92,101.28,381.00,1741.00,null,null,null
2023-08-28T00:18:04Z,22.43,62.58,99,0,46.07,101.28,366.00,1729.00,null,null,null
2023-08-28T00:19:04Z,22.41,62.62,99,0,43.65,101.28,359.00,1721.00,null,null,null
2023-08-28T00:20:04Z,22.41,62.65,99,0,49.41,101.27,351.00,1712.00,1,1,1
2023-08-28T00:21:04Z,22.43,62.67,99,0,44.70,101.28,337.00,1699.00,null,null,null
2023-08-28T00:22:04Z,22.43,62.67,99,0,32.53,101.27,332.00,1694.00,null,null,null
2023-08-28T00:23:04Z,22.40,62.67,99,0,34.75,101.28,324.00,1686.00,null,null,null
2023-08-28T00:24:04Z,22.41,62.77,99,0,49.33,101.28,319.00,1680.00,null,null,null
2023-08-28T00:25:04Z,22.39,62.82,99,0,45.10,101.28,308.00,1669.00,1,1,1
2023-08-28T00:26:04Z,22.41,62.85,99,0,39.88,101.28,300.00,1661.00,null,null,null
2023-08-28T00:27:04Z,22.39,62.84,99,0,45.58,101.27,289.00,1650.00,null,null,null
2023-08-28T00:28:04Z,22.39,62.93,99,0,41.90,101.27,282.00,1641.00,null,null,null
2023-08-28T00:29:04Z,22.40,63.02,99,0,46.91,101.28,278.00,1636.00,null,null,null
2023-08-28T00:30:04Z,22.39,62.99,99,0,38.36,101.27,273.00,1631.00,1,1,1
2023-08-28T00:31:04Z,22.39,63.03,99,0,36.57,101.28,266.00,1624.00,null,null,null
2023-08-28T00:32:04Z,22.37,63.01,99,0,40.27,101.28,262.00,1618.00,null,null,null
2023-08-28T00:33:04Z,22.37,63.20,99,0,38.60,101.27,255.00,1611.00,null,null,null
2023-08-28T00:34:04Z,22.39,63.23,99,0,44.94,101.27,255.00,1611.00,null,null,null
2023-08-28T00:35:04Z,22.40,63.22,99,0,37.71,101.27,249.00,1606.00,1,1,1
2023-08-28T00:36:04Z,22.37,63.28,99,0,39.90,101.28,246.00,1601.00,null,null,null
2023-08-28T00:37:04Z,22.37,63.24,99,0,42.71,101.27,236.00,1591.00,null,null,null
2023-08-28T00:38:04Z,22.37,63.23,99,0,38.09,101.28,236.00,1590.00,null,null,null
2023-08-28T00:39:04Z,22.39,63.27,99,0,52.30,101.27,231.00,1583.00,null,null,null
2023-08-28T00:40:04Z,22.36,63.24,99,0,52.55,101.27,222.00,1571.00,3,4,4
2023-08-28T00:41:04Z,22.36,63.24,99,0,42.08,101.27,226.00,1575.00,null,null,null
2023-08-28T00:42:04Z,22.39,63.18,99,0,46.69,101.27,222.00,1571.00,null,null,null
2023-08-28T00:43:04Z,22.36,63.21,99,0,40.33,101.27,218.00,1564.00,null,null,null
2023-08-28T00:44:04Z,22.37,63.29,99,0,43.26,101.27,212.00,1559.00,null,null,null
2023-08-28T00:45:04Z,22.35,63.26,99,0,41.32,101.27,209.00,1555.00,1,1,1
2023-08-28T00:46:04Z,22.35,63.27,99,0,48.13,101.27,207.00,1550.00,null,null,null
2023-08-28T00:47:04Z,22.35,63.24,99,0,43.97,101.27,203.00,1544.00,null,null,null
2023-08-28T00:48:04Z,22.35,63.21,99,0,43.48,101.27,206.00,1548.00,null,null,null
2023-08-28T00:49:04Z,22.33,63.15,99,0,45.63,101.27,200.00,1542.00,null,null,null
2023-08-28T00:50:04Z,22.35,63.20,99,0,38.07,101.27,197.00,1537.00,1,1,1
2023-08-28T00:51:04Z,22.35,63.14,99,0,40.78,101.27,197.00,1537.00,null,null,null
2023-08-28T00:52:04Z,22.37,63.10,99,0,46.45,101.27,193.00,1532.00,null,null,null
2023-08-28T00:53:04Z,22.33,63.08,99,0,47.49,101.27,193.00,1532.00,null,null,null
2023-08-28T00:54:04Z,22.36,63.12,99,0,39.66,101.27,188.00,1525.00,null,null,null
2023-08-28T00:55:04Z,22.35,63.09,99,0,44.57,101.27,185.00,1520.00,3,4,4
2023-08-28T00:56:04Z,22.35,63.08,99,0,40.03,101.28,185.00,1520.00,null,null,null
2023-08-28T00:57:04Z,22.35,63.11,99,0,50.94,101.27,182.00,1516.00,null,null,null
2023-08-28T00:58:04Z,22.35,63.10,99,0,40.14,101.27,182.00,1516.00,null,null,null
2023-08-28T00:59:04Z,22.33,63.06,99,0,48.29,101.27,177.00,1508.00,null,null,null
2023-08-28T01:00:04Z,22.33,63.06,99,0,35.45,101.28,177.00,1508.00,4,4,4
2023-08-28T01:01:04Z,22.33,63.10,99,0,38.61,101.28,174.00,1503.00,null,null,null
2023-08-28T01:02:04Z,22.33,63.03,99,0,46.87,101.28,174.00,1503.00,null,null,null
2023-08-28T01:03:04Z,22.36,63.09,99,0,37.75,101.28,174.00,1503.00,null,null,null
2023-08-28T01:04:04Z,22.33,63.07,99,0,39.10,101.28,171.00,1499.00,null,null,null
2023-08-28T01:05:04Z,22.31,63.07,99,0,43.71,101.28,168.00,1494.00,1,2,2
2023-08-28T01:06:04Z,22.35,63.03,99,0,45.01,101.28,168.00,1494.00,null,null,null
2023-08-28T01:07:04Z,22.35,63.02,99,0,42.25,101.27,166.00,1491.00,null,null,null
2023-08-28T01:08:04Z,22.33,63.08,99,0,43.56,101.27,166.00,1491.00,null,null,null
2023-08-28T01:09:04Z,22.31,63.15,99,0,45.52,101.27,166.00,1491.00,null,null,null
2023-08-28T01:10:04Z,22.31,63.09,99,0,47.75,101.27,168.00,1494.00,1,1,1
2023-08-28T01:11:04Z,22.33,63.09,99,0,46.37,101.27,162.00,1465.00,null,null,null
2023-08-28T01:12:04Z,22.35,63.08,99,0,46.30,101.27,162.00,1465.00,null,null,null
2023-08-28T01:13:04Z,22.33,63.06,99,0,45.21,101.27,162.00,1465.00,null,null,null
2023-08-28T01:14:04Z,22.31,63.08,99,0,34.43,101.26,162.00,1465.00,null,null,null
2023-08-28T01:15:04Z,22.31,63.10,99,0,41.72,101.27,159.00,1445.00,2,2,2
2023-08-28T01:16:04Z,22.31,63.03,99,0,49.31,101.27,159.00,1445.00,null,null,null
2023-08-28T01:17:04Z,22.33,63.08,99,0,48.66,101.27,159.00,1445.00,null,null,null
2023-08-28T01:18:04Z,22.31,63.04,99,0,49.92,101.27,168.00,1494.00,null,null,null
2023-08-28T01:19:04Z,22.31,63.10,99,0,46.07,101.27,174.00,1503.00,null,null,null
2023-08-28T01:20:04Z,22.30,63.06,99,0,35.87,101.27,185.00,1520.00,1,1,1
2023-08-28T01:21:04Z,22.30,63.11,99,0,37.36,101.27,188.00,1525.00,null,null,null
2023-08-28T01:22:04Z,22.33,63.07,99,0,39.49,101.27,197.00,1537.00,null,null,null
2023-08-28T01:23:04Z,22.28,63.07,99,0,45.86,101.26,197.00,1537.00,null,null,null
2023-08-28T01:24:04Z,22.30,63.11,99,0,43.21,101.27,200.00,1542.00,null,null,null
2023-08-28T01:25:04Z,22.28,63.07,99,0,46.11,101.27,206.00,1548.00,1,1,1
2023-08-28T01:26:04Z,22.30,63.10,99,0,39.43,101.27,200.00,1542.00,null,null,null
2023-08-28T01:27:04Z,22.28,63.11,99,0,40.06,101.27,206.00,1548.00,null,null,null
2023-08-28T01:28:04Z,22.28,63.13,99,0,47.30,101.27,206.00,1548.00,null,null,null
2023-08-28T01:29:04Z,22.28,63.17,99,0,46.17,101.27,206.00,1548.00,null,null,null
2023-08-28T01:30:04Z,22.30,63.16,99,0,39.58,101.27,206.00,1548.00,0,0,0
2023-08-28T01:31:04Z,22.31,63.16,99,0,46.20,101.28,200.00,1542.00,null,null,null
2023-08-28T01:32:04Z,22.31,63.14,99,0,47.53,101.28,200.00,1542.00,null,null,null
2023-08-28T01:33:04Z,22.27,63.16,99,0,37.34,101.28,200.00,1542.00,null,null,null
2023-08-28T01:34:04Z,22.26,63.19,99,0,39.25,101.28,197.00,1537.00,null,null,null
2023-08-28T01:35:04Z,22.31,63.15,99,0,44.04,101.28,197.00,1537.00,2,2,2
2023-08-28T01:36:04Z,22.26,63.16,99,0,39.17,101.27,193.00,1532.00,null,null,null
2023-08-28T01:37:04Z,22.30,63.18,99,0,37.17,101.28,188.00,1525.00,null,null,null
2023-08-28T01:38:04Z,22.28,63.19,99,0,42.25,101.28,188.00,1525.00,null,null,null
2023-08-28T01:39:04Z,22.27,63.27,99,0,36.08,101.27,188.00,1525.00,null,null,null
2023-08-28T01:40:04Z,22.27,63.25,99,0,38.31,101.28,182.00,1516.00,1,1,1
2023-08-28T01:41:04Z,22.27,63.29,99,0,42.47,101.28,182.00,1516.00,null,null,null
2023-08-28T01:42:04Z,22.30,63.29,99,0,37.08,101.27,179.00,1512.00,null,null,null
2023-08-28T01:43:04Z,22.28,63.35,99,0,37.36,101.28,179.00,1512.00,null,null,null
2023-08-28T01:44:04Z,22.27,63.34,99,0,43.35,101.27,174.00,1504.00,null,null,null
2023-08-28T01:45:04Z,22.26,63.29,99,0,43.77,101.27,174.00,1504.00,0,0,0
2023-08-28T01:46:04Z,22.28,63.28,99,0,46.52,101.27,174.00,1504.00,null,null,null
2023-08-28T01:47:04Z,22.27,63.24,99,0,43.27,101.27,171.00,1499.00,null,null,null
2023-08-28T01:48:04Z,22.28,63.22,99,0,40.46,101.28,174.00,1503.00,null,null,null
2023-08-28T01:49:04Z,22.27,63.19,99,0,41.28,101.27,171.00,1499.00,null,null,null
2023-08-28T01:50:04Z,22.28,63.29,99,0,44.46,101.27,168.00,1494.00,1,2,2
2023-08-28T01:51:04Z,22.27,63.30,99,0,39.43,101.27,165.00,1487.00,null,null,null
2023-08-28T01:52:04Z,22.26,63.35,99,0,48.41,101.27,165.00,1487.00,null,null,null
2023-08-28T01:53:04Z,22.26,63.33,99,0,44.86,101.27,163.00,1474.00,null,null,null
2023-08-28T01:54:04Z,22.24,63.33,99,0,46.40,101.27,163.00,1474.00,null,null,null
2023-08-28T01:55:04Z,22.26,63.35,99,0,44.30,101.27,179.00,1512.00,0,0,0
2023-08-28T01:56:04Z,22.26,63.35,99,0,39.70,101.28,156.00,1429.00,null,null,null
2023-08-28T01:57:04Z,22.30,63.35,99,0,36.77,101.27,156.00,1429.00,null,null,null
2023-08-28T01:58:04Z,22.26,63.33,99,0,50.45,101.27,156.00,1429.00,null,null,null
2023-08-28T01:59:04Z,22.27,63.33,99,0,46.23,101.27,156.00,1429.00,null,null,null
2023-08-28T02:00:04Z,22.24,63.37,99,0,34.47,101.27,152.00,1404.00,0,0,0
2023-08-28T02:01:04Z,22.24,63.34,99,0,44.25,101.27,172.00,1501.00,null,null,null
2023-08-28T02:02:04Z,22.26,63.36,99,0,37.29,101.27,172.00,1501.00,null,null,null
2023-08-28T02:03:04Z,22.26,63.33,99,0,50.31,101.27,152.00,1404.00,null,null,null
2023-08-28T02:04:04Z,22.24,63.28,99,0,36.39,101.27,150.00,1389.00,null,null,null
2023-08-28T02:05:04Z,22.26,63.34,99,0,40.79,101.27,170.00,1497.00,0,0,0
2023-08-28T02:06:04Z,22.27,63.29,99,0,41.46,101.27,150.00,1389.00,null,null,null
2023-08-28T02:07:04Z,22.26,63.27,99,0,38.18,101.27,150.00,1389.00,null,null,null
2023-08-28T02:08:04Z,22.24,63.31,99,0,41.06,101.27,146.00,1364.00,null,null,null
2023-08-28T02:09:04Z,22.26,63.37,99,0,44.27,101.27,166.00,1491.00,null,null,null
2023-08-28T02:10:04Z,22.23,63.45,99,0,45.89,101.27,146.00,1364.00,0,0,0
2023-08-28T02:11:04Z,22.26,63.38,99,0,46.66,101.27,166.00,1491.00,null,null,null
2023-08-28T02:12:04Z,22.23,63.46,99,0,44.62,101.27,166.00,1491.00,null,null,null
2023-08-28T02:13:04Z,22.26,63.40,99,0,37.02,101.27,152.00,1404.00,null,null,null
2023-08-28T02:14:04Z,22.23,63.41,99,0,51.41,101.27,146.00,1364.00,null,null,null
2023-08-28T02:15:04Z,22.24,63.37,99,0,35.50,101.27,166.00,1491.00,0,0,0
2023-08-28T02:16:04Z,22.23,63.49,99,0,38.42,101.27,166.00,1491.00,null,null,null
2023-08-28T02:17:04Z,22.21,63.49,99,0,39.82,101.27,166.00,1491.00,null,null,null
2023-08-28T02:18:04Z,22.24,63.50,99,0,40.52,101.27,166.00,1491.00,null,null,null
2023-08-28T02:19:04Z,22.21,63.49,99,0,38.63,101.26,166.00,1491.00,null,null,null
2023-08-28T02:20:04Z,22.21,63.48,99,0,42.65,101.26,166.00,1491.00,1,1,1
2023-08-28T02:21:04Z,22.21,63.48,99,0,39.75,101.26,163.00,1470.00,null,null,null
2023-08-28T02:22:04Z,22.21,63.52,99,0,47.05,101.27,166.00,1491.00,null,null,null
2023-08-28T02:23:04Z,22.21,63.53,99,0,50.84,101.27,166.00,1491.00,null,null,null
2023-08-28T02:24:04Z,22.20,63.52,99,0,36.17,101.26,186.00,1521.00,null,null,null
2023-08-28T02:25:04Z,22.19,63.49,99,0,39.03,101.26,234.00,1587.00,1,1,1
2023-08-28T02:26:04Z,22.21,63.51,99,0,38.05,101.27,275.00,1632.00,null,null,null
2023-08-28T02:27:04Z,22.19,63.59,99,0,44.68,101.27,322.00,1683.00,null,null,null
2023-08-28T02:28:04Z,22.21,63.56,99,0,37.11,101.27,357.00,1720.00,null,null,null
2023-08-28T02:29:04Z,22.17,63.56,99,0,51.52,101.26,387.00,1747.00,null,null,null
2023-08-28T02:30:04Z,22.19,63.56,99,0,41.97,101.27,410.00,1766.00,1,1,1
2023-08-28T02:31:04Z,22.17,63.55,99,0,43.88,101.26,427.00,1779.00,null,null,null
2023-08-28T02:32:04Z,22.19,63.55,99,0,34.67,101.27,438.00,1789.00,null,null,null
2023-08-28T02:33:04Z,22.20,63.46,99,0,41.10,101.26,438.00,1789.00,null,null,null
2023-08-28T02:34:04Z,22.17,63.46,99,0,55.15,101.26,438.00,1789.00,null,null,null
2023-08-28T02:35:04Z,22.17,63.42,99,0,44.37,101.26,438.00,1789.00,0,0,0
2023-08-28T02:36:04Z,22.17,63.40,99,0,40.81,101.26,427.00,1779.00,null,null,null
2023-08-28T02:37:04Z,22.16,63.43,99,0,37.85,101.27,420.00,1775.00,null,null,null
2023-08-28T02:38:04Z,22.17,63.41,99,0,34.78,101.26,420.00,1775.00,null,null,null
2023-08-28T02:39:04Z,22.17,63.42,99,0,51.33,101.27,410.00,1766.00,null,null,null
2023-08-28T02:40:04Z,22.16,63.47,99,0,41.44,101.27,403.00,1760.00,2,3,3
2023-08-28T02:41:04Z,22.16,63.49,99,0,45.78,101.27,395.00,1754.00,null,null,null
2023-08-28T02:42:04Z,22.16,63.50,99,0,42.25,101.26,377.00,1738.00,null,null,null
2023-08-28T02:43:04Z,22.14,63.48,99,0,35.34,101.27,371.00,1734.00,null,null,null
2023-08-28T02:44:04Z,22.14,63.46,99,0,44.24,101.27,364.00,1726.00,null,null,null
2023-08-28T02:45:04Z,22.14,63.44,99,0,39.22,101.27,349.00,1710.00,1,1,1
2023-08-28T02:46:04Z,22.16,63.49,99,0,47.30,101.27,344.00,1704.00,null,null,null
2023-08-28T02:47:04Z,22.12,63.43,99,0,44.69,101.27,337.00,1699.00,null,null,null
2023-08-28T02:48:04Z,22.13,63.42,99,0,43.73,101.27,322.00,1683.00,null,null,null
2023-08-28T02:49:04Z,22.13,63.41,99,0,36.11,101.27,316.00,1677.00,null,null,null
2023-08-28T02:50:04Z,22.16,63.46,99,0,48.32,101.27,308.00,1669.00,1,1,1
2023-08-28T02:51:04Z,22.12,63.41,99,0,38.48,101.27,299.00,1660.00,null,null,null
2023-08-28T02:52:04Z,22.13,63.54,99,0,39.10,101.27,299.00,1660.00,null,null,null
2023-08-28T02:53:04Z,22.10,63.59,99,0,44.04,101.27,287.00,1647.00,null,null,null
2023-08-28T02:54:04Z,22.10,63.65,99,0,45.41,101.27,280.00,1638.00,null,null,null
2023-08-28T02:55:04Z,22.09,63.67,99,0,41.28,101.27,275.00,1632.00,0,0,0
2023-08-28T02:56:04Z,22.07,63.72,99,0,35.69,101.27,271.00,1628.00,null,null,null
2023-08-28T02:57:04Z,22.09,63.68,99,0,40.16,101.26,265.00,1621.00,null,null,null
2023-08-28T02:58:04Z,22.09,63.70,99,0,38.11,101.27,260.00,1615.00,null,null,null
2023-08-28T02:59:04Z,22.05,63.73,99,0,35.28,101.27,255.00,1611.00,null,null,null
