TIME,TEMP,HUM,BATT,LIGHT,NOISE_A,PRESS,CCS811_VOCS,CCS811_ECO2,PM_1,PM_25,PM_10
ISO 8601,C,%,%,Lux,dBA,kPa,ppb,ppm,ug/m3,ug/m3,ug/m3
Time,Temperature,Humidity,Battery,Light,Noise dBA,Barometric pressure,VOC Gas CCS811,eCO2 Gas CCS811,PM 1.0,PM 2.5,PM 10.0
,55,56,10,14,53,58,113,112,89,87,88
2023-09-12T00:00:04Z,26.17,62.78,100,0,47.54,101.20,46.00,708.00,3,4,4
2023-09-12T00:01:04Z,26.15,62.70,100,0,47.97,101.21,46.00,708.00,null,null,null
2023-09-12T00:02:04Z,26.17,62.69,100,0,35.01,101.20,49.00,728.00,null,null,null
2023-09-12T00:03:04Z,26.17,62.70,100,0,31.59,101.20,47.00,712.00,null,null,null
2023-09-12T00:04:04Z,26.17,62.70,100,0,29.33,101.20,47.00,712.00,null,null,null
2023-09-12T00:05:04Z,26.13,62.63,100,0,28.73,101.20,47.00,712.00,5,5,5
2023-09-12T00:06:04Z,26.19,62.68,100,0,41.85,101.20,47.00,715.00,null,null,null
2023-09-12T00:07:04Z,26.17,62.66,100,0,25.76,101.20,49.00,728.00,null,null,null
2023-09-12T00:08:04Z,26.17,62.56,100,0,49.50,101.20,49.00,728.00,null,null,null
2023-09-12T00:09:04Z,26.19,62.60,100,0,35.68,101.20,47.00,715.00,null,null,null
2023-09-12T00:10:04Z,26.15,62.55,100,0,27.57,101.20,47.00,715.00,3,3,3
2023-09-12T00:11:04Z,26.15,62.63,100,0,28.33,101.20,47.00,712.00,null,null,null
2023-09-12T00:12:04Z,26.15,62.57,100,0,27.26,101.20,47.00,712.00,null,null,null
2023-09-12T00:13:04Z,26.18,62.66,100,0,24.54,101.20,47.00,715.00,null,null,null
2023-09-12T00:14:04Z,26.19,62.65,100,0,28.84,101.20,49.00,728.00,null,null,null
2023-09-12T00:15:04Z,26.18,62.62,100,0,28.93,101.20,49.00,728.00,3,6,6
2023-09-12T00:16:04Z,26.19,62.59,100,0,28.34,101.20,47.00,715.00,null,null,null
2023-09-12T00:17:04Z,26.17,62.62,100,0,39.28,101.20,49.00,728.00,null,null,null
2023-09-12T00:18:04Z,26.17,62.58,100,0,27.89,101.20,49.00,728.00,null,null,null
2023-09-12T00:19:04Z,26.17,62.59,100,0,32.29,101.20,51.00,735.00,null,null,null
2023-09-12T00:20:04Z,26.17,62.61,100,0,26.16,101.20,51.00,735.00,3,6,6
2023-09-12T00:21:04Z,26.18,62.59,100,0,30.34,101.20,51.00,735.00,null,null,null
2023-09-12T00:22:04Z,26.17,62.63,100,0,34.69,101.20,51.00,735.00,null,null,null
2023-09-12T00:23:04Z,26.17,62.60,100,0,25.90,101.19,51.00,735.00,null,null,null
2023-09-12T00:24:04Z,26.17,62.60,100,0,24.35,101.20,51.00,735.00,null,null,null
2023-09-12T00:25:04Z,26.18,62.59,100,0,57.21,101.20,51.00,735.00,2,2,2
2023-09-12T00:26:04Z,26.18,62.55,100,0,53.59,101.20,49.00,728.00,null,null,null
2023-09-12T00:27:04Z,26.17,62.58,100,0,27.45,101.20,49.00,728.00,null,null,null
2023-09-12T00:28:04Z,26.17,62.60,100,0,44.13,101.20,49.00,728.00,null,null,null
2023-09-12T00:29:04Z,26.19,62.59,100,0,23.25,101.20,49.00,728.00,null,null,null
2023-09-12T00:30:04Z,26.17,62.62,100,0,24.83,101.20,47.00,715.00,4,4,4
2023-09-12T00:31:04Z,26.13,62.67,100,0,24.19,101.20,49.00,728.00,null,null,null
2023-09-12T00:32:04Z,26.17,62.63,100,0,38.28,101.19,49.00,728.00,null,null,null
2023-09-12T00:33:04Z,26.15,62.63,100,0,33.17,101.20,49.00,728.00,null,null,null
2023-09-12T00:34:04Z,26.18,62.65,100,0,58.72,101.20,47.00,715.00,null,null,null
2023-09-12T00:35:04Z,26.13,62.63,100,0,33.72,101.20,47.00,715.00,6,7,7
2023-09-12T00:36:04Z,26.15,62.64,100,0,25.19,101.20,47.00,712.00,null,null,null
2023-09-12T00:37:04Z,26.13,62.60,100,0,37.10,101.20,47.00,712.00,null,null,null
2023-09-12T00:38:04Z,26.18,62.63,100,0,25.29,101.20,47.00,712.00,null,null,null
2023-09-12T00:39:04Z,26.17,62.69,100,0,51.69,101.20,47.00,712.00,null,null,null
2023-09-12T00:40:04Z,26.12,62.66,100,0,46.62,101.20,47.00,712.00,3,4,4
2023-09-12T00:41:04Z,26.17,62.63,100,0,53.79,101.20,45.00,699.00,null,null,null
2023-09-12T00:42:04Z,26.13,62.68,100,0,23.68,101.20,46.00,706.00,null,null,null
2023-09-12T00:43:04Z,26.13,62.66,100,0,30.66,101.20,47.00,712.00,null,null,null
2023-09-12T00:44:04Z,26.15,62.70,100,0,24.65,101.20,47.00,712.00,null,null,null
2023-09-12T00:45:04Z,26.15,62.73,100,0,23.59,101.20,47.00,712.00,4,4,4
2023-09-12T00:46:04Z,26.13,62.80,100,0,23.20,101.20,47.00,712.00,null,null,null
2023-09-12T00:47:04Z,26.17,62.78,100,0,24.27,101.20,47.00,715.00,null,null,null
2023-09-12T00:48:04Z,26.12,62.74,100,0,25.32,101.20,51.00,735.00,null,null,null
2023-09-12T00:49:04Z,26.12,62.75,100,0,22.78,101.20,52.00,744.00,null,null,null
2023-09-12T00:50:04Z,26.13,62.79,100,0,26.80,101.20,52.00,742.00,3,6,6
2023-09-12T00:51:04Z,26.13,62.79,100,0,32.10,101.20,51.00,735.00,null,null,null
2023-09-12T00:52:04Z,26.13,62.81,100,0,26.00,101.20,51.00,735.00,null,null,null
2023-09-12T00:53:04Z,26.13,62.80,100,0,31.86,101.20,52.00,742.00,null,null,null
2023-09-12T00:54:04Z,26.15,62.74,100,0,29.78,101.20,52.00,742.00,null,null,null
2023-09-12T00:55:04Z,26.13,62.79,100,0,26.82,101.19,52.00,744.00,10,10,21
2023-09-12T00:56:04Z,26.12,62.80,100,0,35.67,101.20,51.00,735.00,null,null,null
2023-09-12T00:57:04Z,26.12,62.79,100,0,45.79,101.19,51.00,735.00,null,null,null
2023-09-12T00:58:04Z,26.13,62.81,100,0,38.17,101.19,51.00,735.00,null,null,null
2023-09-12T00:59:04Z,26.12,62.85,100,0,25.06,101.19,52.00,742.00,null,null,null
2023-09-12T01:00:04Z,26.12,62.84,100,0,25.47,101.18,53.00,748.00,2,2,2
2023-09-12T01:01:04Z,26.12,62.83,100,0,30.07,101.18,53.00,748.00,null,null,null
2023-09-12T01:02:04Z,26.11,62.81,100,0,26.60,101.18,53.00,748.00,null,null,null
2023-09-12T01:03:04Z,26.12,62.84,100,0,24.03,101.19,52.00,742.00,null,null,null
2023-09-12T01:04:04Z,26.12,62.82,100,0,43.12,101.18,53.00,748.00,null,null,null
2023-09-12T01:05:04Z,26.11,62.82,100,0,45.84,101.18,53.00,748.00,4,4,4
2023-09-12T01:06:04Z,26.11,62.86,100,0,29.96,101.18,54.00,759.00,null,null,null
2023-09-12T01:07:04Z,26.12,62.89,100,0,34.97,101.18,53.00,748.00,null,null,null
2023-09-12T01:08:04Z,26.12,62.86,100,0,34.85,101.18,53.00,748.00,null,null,null
2023-09-12T01:09:04Z,26.11,62.87,100,0,40.55,101.18,53.00,748.00,null,null,null
2023-09-12T01:10:04Z,26.09,62.90,100,0,25.16,101.18,54.00,759.00,2,2,2
2023-09-12T01:11:04Z,26.11,62.84,100,0,49.28,101.18,52.00,742.00,null,null,null
2023-09-12T01:12:04Z,26.11,62.80,100,0,49.50,101.18,53.00,748.00,null,null,null
2023-09-12T01:13:04Z,26.11,62.77,100,0,34.36,101.18,53.00,748.00,null,null,null
2023-09-12T01:14:04Z,26.11,62.81,100,0,43.99,101.18,53.00,748.00,null,null,null
2023-09-12T01:15:04Z,26.11,62.84,100,0,29.09,101.18,53.00,748.00,5,11,11
2023-09-12T01:16:04Z,26.11,62.85,100,0,46.89,101.17,52.00,742.00,null,null,null
2023-09-12T01:17:04Z,26.11,62.84,100,0,55.38,101.18,54.00,759.00,null,null,null
2023-09-12T01:18:04Z,26.09,62.81,100,0,34.17,101.18,54.00,759.00,null,null,null
2023-09-12T01:19:04Z,26.08,62.80,100,0,50.60,101.18,54.00,759.00,null,null,null
2023-09-12T01:20:04Z,26.09,62.83,100,0,38.27,101.18,54.00,759.00,3,3,3
2023-09-12T01:21:04Z,26.09,62.87,100,0,37.93,101.18,53.00,748.00,null,null,null
2023-09-12T01:22:04Z,26.08,62.90,100,0,49.73,101.17,54.00,759.00,null,null,null
2023-09-12T01:23:04Z,26.06,62.90,100,0,25.38,101.18,55.00,765.00,null,null,null
2023-09-12T01:24:04Z,26.08,62.93,100,0,24.43,101.17,55.00,765.00,null,null,null
2023-09-12T01:25:04Z,26.09,62.91,99,0,25.79,101.17,55.00,765.00,2,4,4
2023-09-12T01:26:04Z,26.06,62.97,100,0,45.92,101.18,55.00,765.00,null,null,null
2023-09-12T01:27:04Z,26.08,62.90,100,0,25.00,101.18,55.00,765.00,null,null,null
2023-09-12T01:28:04Z,26.08,62.77,100,0,34.27,101.17,55.00,765.00,null,null,null
2023-09-12T01:29:04Z,26.09,62.80,100,0,24.03,101.17,54.00,759.00,null,null,null
2023-09-12T01:30:04Z,26.08,62.83,100,0,33.38,101.17,53.00,748.00,5,5,5
2023-09-12T01:31:04Z,26.08,62.81,100,0,44.17,101.17,53.00,748.00,null,null,null
2023-09-12T01:32:04Z,26.06,62.83,100,0,35.36,101.17,52.00,742.00,null,null,null
2023-09-12T01:33:04Z,26.06,62.88,100,0,53.50,101.17,53.00,748.00,null,null,null
2023-09-12T01:34:04Z,26.06,62.90,100,0,36.24,101.17,54.00,759.00,null,null,null
2023-09-12T01:35:04Z,26.08,62.92,100,0,26.62,101.17,54.00,759.00,4,4,4
2023-09-12T01:36:04Z,26.06,62.90,100,0,51.51,101.17,54.00,759.00,null,null,null
2023-09-12T01:37:04Z,26.05,62.89,100,0,34.65,101.17,54.00,759.00,null,null,null
2023-09-12T01:38:04Z,26.08,62.85,100,0,28.07,101.18,53.00,748.00,null,null,null
2023-09-12T01:39:04Z,26.05,62.89,100,0,31.41,101.17,54.00,759.00,null,null,null
2023-09-12T01:40:04Z,26.04,62.91,100,0,44.12,101.17,54.00,759.00,2,3,3
2023-09-12T01:41:04Z,26.05,62.88,100,0,45.66,101.18,53.00,748.00,null,null,null
2023-09-12T01:42:04Z,26.05,62.88,100,0,41.29,101.17,55.00,765.00,null,null,null
2023-09-12T01:43:04Z,26.05,62.89,100,0,29.50,101.17,54.00,759.00,null,null,null
2023-09-12T01:44:04Z,26.05,62.94,100,0,37.79,101.17,55.00,765.00,null,null,null
2023-09-12T01:45:04Z,26.05,62.89,100,0,24.35,101.17,56.00,770.00,5,5,5
2023-09-12T01:46:04Z,26.04,62.91,100,0,23.86,101.17,54.00,759.00,null,null,null
2023-09-12T01:47:04Z,26.04,62.85,100,0,34.58,101.17,56.00,770.00,null,null,null
2023-09-12T01:48:04Z,26.08,62.85,100,0,30.69,101.17,55.00,765.00,null,null,null
2023-09-12T01:49:04Z,26.02,62.87,100,0,40.17,101.17,55.00,765.00,null,null,null
2023-09-12T01:50:04Z,26.02,62.89,100,0,30.01,101.17,55.00,765.00,5,6,6
2023-09-12T01:51:04Z,26.04,62.87,100,0,49.79,101.17,55.00,765.00,null,null,null
2023-09-12T01:52:04Z,26.02,62.83,100,0,43.88,101.17,55.00,765.00,null,null,null
2023-09-12T01:53:04Z,26.04,62.85,100,0,55.41,101.17,55.00,765.00,null,null,null
2023-09-12T01:54:04Z,26.01,62.89,100,0,25.44,101.17,56.00,770.00,null,null,null
2023-09-12T01:55:04Z,26.02,62.88,100,0,28.01,101.17,56.00,770.00,4,6,6
2023-09-12T01:56:04Z,26.00,62.85,100,0,48.70,101.17,57.00,778.00,null,null,null
2023-09-12T01:57:04Z,26.00,62.83,100,0,31.78,101.17,56.00,770.00,null,null,null
2023-09-12T01:58:04Z,26.01,62.74,100,0,46.19,101.18,56.00,770.00,null,null,null
2023-09-12T01:59:04Z,26.02,62.74,100,0,41.38,101.17,57.00,778.00,null,null,null
2023-09-12T02:00:04Z,26.00,62.76,100,0,49.04,101.17,57.00,778.00,2,2,2
2023-09-12T02:01:04Z,26.00,62.73,100,0,55.47,101.18,56.00,770.00,null,null,null
2023-09-12T02:02:04Z,26.01,62.69,100,0,53.49,101.17,57.00,778.00,null,null,null
2023-09-12T02:03:04Z,26.02,62.64,100,0,50.40,101.17,58.00,787.00,null,null,null
2023-09-12T02:04:04Z,26.00,62.57,100,0,34.29,101.18,57.00,778.00,null,null,null
2023-09-12T02:05:04Z,26.01,62.57,100,0,44.70,101.18,57.00,778.00,4,4,30
2023-09-12T02:06:04Z,26.01,62.46,100,0,37.23,101.18,56.00,774.00,null,null,null
2023-09-12T02:07:04Z,25.98,62.42,100,0,40.28,101.18,56.00,774.00,null,null,null
2023-09-12T02:08:04Z,26.00,62.46,100,0,27.16,101.18,56.00,768.00,null,null,null
2023-09-12T02:09:04Z,26.00,62.53,100,0,46.31,101.18,54.00,757.00,null,null,null
2023-09-12T02:10:04Z,25.98,62.50,100,0,42.05,101.18,53.00,749.00,5,6,6
2023-09-12T02:11:04Z,25.97,62.54,100,0,34.47,101.18,53.00,749.00,null,null,null
2023-09-12T02:12:04Z,25.98,62.54,100,0,35.46,101.18,52.00,744.00,null,null,null
2023-09-12T02:13:04Z,25.97,62.54,100,0,29.56,101.18,54.00,757.00,null,null,null
2023-09-12T02:14:04Z,25.97,62.61,100,0,32.52,101.18,53.00,749.00,null,null,null
2023-09-12T02:15:04Z,25.97,62.60,100,0,26.14,101.17,53.00,749.00,3,3,3
2023-09-12T02:16:04Z,25.95,62.65,100,0,41.54,101.18,52.00,744.00,null,null,null
2023-09-12T02:17:04Z,25.97,62.60,100,0,48.60,101.17,53.00,749.00,null,null,null
2023-09-12T02:18:04Z,25.97,62.62,100,0,26.89,101.18,53.00,749.00,null,null,null
2023-09-12T02:19:04Z,25.92,62.64,100,0,26.34,101.17,52.00,744.00,null,null,null
2023-09-12T02:20:04Z,25.95,62.68,100,0,33.57,101.18,51.00,735.00,4,4,4
2023-09-12T02:21:04Z,25.94,62.76,100,0,22.66,101.18,51.00,735.00,null,null,null
2023-09-12T02:22:04Z,25.94,62.74,100,0,24.93,101.17,49.00,728.00,null,null,null
2023-09-12T02:23:04Z,25.94,62.77,100,0,26.73,101.18,52.00,744.00,null,null,null
2023-09-12T02:24:04Z,25.92,62.81,100,0,24.83,101.17,51.00,735.00,null,null,null
2023-09-12T02:25:04Z,25.91,62.83,100,0,24.89,101.17,51.00,735.00,3,5,5
2023-09-12T02:26:04Z,25.88,62.84,100,0,24.76,101.18,51.00,735.00,null,null,null
2023-09-12T02:27:04Z,25.90,62.86,100,0,25.22,101.18,51.00,735.00,null,null,null
2023-09-12T02:28:04Z,25.92,62.84,100,0,24.27,101.18,51.00,735.00,null,null,null
2023-09-12T02:29:04Z,25.92,62.87,100,0,22.05,101.18,51.00,735.00,null,null,null
2023-09-12T02:30:04Z,25.90,62.88,100,0,25.53,101.18,51.00,735.00,4,4,4
2023-09-12T02:31:04Z,25.90,62.83,100,0,24.03,101.18,51.00,735.00,null,null,null
2023-09-12T02:32:04Z,25.88,62.90,100,0,23.77,101.18,51.00,735.00,null,null,null
2023-09-12T02:33:04Z,25.90,62.93,100,0,25.44,101.18,52.00,742.00,null,null,null
2023-09-12T02:34:04Z,25.91,62.98,100,0,23.05,101.18,52.00,742.00,null,null,null
2023-09-12T02:35:04Z,25.87,62.93,100,0,25.19,101.18,52.00,742.00,3,5,5
2023-09-12T02:36:04Z,25.88,62.97,100,0,24.11,101.18,52.00,742.00,null,null,null
2023-09-12T02:37:04Z,25.90,63.00,100,0,25.56,101.18,52.00,742.00,null,null,null
2023-09-12T02:38:04Z,25.87,62.94,100,0,26.00,101.18,52.00,742.00,null,null,null
2023-09-12T02:39:04Z,25.88,62.98,100,0,46.73,101.18,52.00,742.00,null,null,null
2023-09-12T02:40:04Z,25.87,62.97,100,0,24.89,101.18,52.00,742.00,3,3,3
2023-09-12T02:41:04Z,25.88,63.01,100,0,24.43,101.18,51.00,735.00,null,null,null
2023-09-12T02:42:04Z,25.87,62.99,100,0,26.21,101.18,49.00,728.00,null,null,null
2023-09-12T02:43:04Z,25.87,62.98,100,0,24.03,101.18,49.00,728.00,null,null,null
2023-09-12T02:44:04Z,25.87,62.98,100,0,26.31,101.18,51.00,735.00,null,null,null
2023-09-12T02:45:04Z,25.85,63.00,100,0,23.59,101.18,49.00,728.00,7,7,7
2023-09-12T02:46:04Z,25.85,63.07,100,0,23.63,101.18,46.00,708.00,null,null,null
2023-09-12T02:47:04Z,25.85,63.06,100,0,38.62,101.18,47.00,715.00,null,null,null
2023-09-12T02:48:04Z,25.84,63.02,100,0,23.30,101.18,47.00,715.00,null,null,null
2023-09-12T02:49:04Z,25.81,63.14,100,0,40.28,101.18,46.00,708.00,null,null,null
2023-09-12T02:50:04Z,25.81,63.20,100,0,23.90,101.18,46.00,704.00,5,6,6
2023-09-12T02:51:04Z,25.82,63.16,100,0,34.27,101.18,45.00,699.00,null,null,null
2023-09-12T02:52:04Z,25.81,63.24,100,0,25.67,101.18,46.00,704.00,null,null,null
2023-09-12T02:53:04Z,25.81,63.20,100,0,24.46,101.18,46.00,704.00,null,null,null
2023-09-12T02:54:04Z,25.80,63.31,100,0,24.96,101.18,46.00,704.00,null,null,null
2023-09-12T02:55:04Z,25.78,63.30,100,0,24.86,101.18,45.00,697.00,2,2,2
2023-09-12T02:56:04Z,25.81,63.39,100,0,24.72,101.18,45.00,697.00,null,null,null
2023-09-12T02:57:04Z,25.78,63.37,99,0,26.29,101.17,44.00,690.00,null,null,null
2023-09-12T02:58:04Z,25.77,63.37,100,0,25.59,101.18,45.00,697.00,null,null,null
2023-09-12T02:59:04Z,25.76,63.39,100,0,23.10,101.18,44.00,690.00,null,null,null
2023-09-12T03:00:04Z,25.77,63.40,100,0,22.61,101.17,44.00,690.00,3,3,3
2023-09-12T03:01:04Z,25.76,63.45,100,0,22.24,101.18,44.00,690.00,null,null,null
2023-09-12T03:02:04Z,25.74,63.47,100,0,22.94,101.18,44.00,690.00,null,null,null
2023-09-12T03:03:04Z,25.74,63.50,100,0,23.94,101.18,53.00,752.00,null,null,null
2023-09-12T03:04:04Z,25.74,63.55,100,0,25.41,101.17,54.00,759.00,null,null,null
2023-09-12T03:05:04Z,25.74,63.49,100,0,24.15,101.17,53.00,752.00,3,7,7
2023-09-12T03:06:04Z,25.73,63.59,100,0,22.99,101.17,53.00,752.00,null,null,null
2023-09-12T03:07:04Z,25.73,63.54,100,0,30.12,101.18,53.00,752.00,null,null,null
2023-09-12T03:08:04Z,25.73,63.59,100,0,24.93,101.17,53.00,752.00,null,null,null
2023-09-12T03:09:04Z,25.74,63.63,100,0,24.39,101.18,53.00,752.00,null,null,null
2023-09-12T03:10:04Z,25.69,63.67,100,0,23.30,101.18,54.00,759.00,2,2,2
2023-09-12T03:11:04Z,25.73,63.67,100,0,25.32,101.18,54.00,759.00,null,null,null
2023-09-12T03:12:04Z,25.70,63.73,100,0,24.39,101.18,55.00,763.00,null,null,null
2023-09-12T03:13:04Z,25.69,63.69,100,0,34.82,101.18,55.00,763.00,null,null,null
2023-09-12T03:14:04Z,25.73,63.71,100,0,24.54,101.17,54.00,759.00,null,null,null
2023-09-12T03:15:04Z,25.66,63.71,100,0,24.86,101.18,56.00,772.00,5,9,9
2023-09-12T03:16:04Z,25.69,63.75,100,0,23.98,101.18,55.00,763.00,null,null,null
2023-09-12T03:17:04Z,25.67,63.70,100,0,23.63,101.17,55.00,765.00,null,null,null
2023-09-12T03:18:04Z,25.70,63.66,100,0,25.09,101.17,55.00,763.00,null,null,null
2023-09-12T03:19:04Z,25.67,63.74,100,0,25.79,101.17,55.00,763.00,null,null,null
2023-09-12T03:20:04Z,25.67,63.74,100,0,25.44,101.17,56.00,772.00,2,7,7
2023-09-12T03:21:04Z,25.67,63.74,100,0,23.59,101.17,54.00,759.00,null,null,null
2023-09-12T03:22:04Z,25.67,63.77,100,0,24.11,101.17,56.00,772.00,null,null,null
2023-09-12T03:23:04Z,25.66,63.82,100,0,22.12,101.17,54.00,757.00,null,null,null
2023-09-12T03:24:04Z,25.69,63.83,100,0,24.15,101.17,54.00,757.00,null,null,null
2023-09-12T03:25:04Z,25.67,63.85,100,0,24.72,101.17,54.00,757.00,3,3,3
2023-09-12T03:26:04Z,25.64,63.85,100,0,40.21,101.17,54.00,757.00,null,null,null
2023-09-12T03:27:04Z,25.64,63.78,100,0,26.48,101.17,54.00,757.00,null,null,null
2023-09-12T03:28:04Z,25.64,63.89,100,0,38.32,101.17,54.00,757.00,null,null,null
2023-09-12T03:29:04Z,25.66,63.89,100,0,21.92,101.17,54.00,757.00,null,null,null
2023-09-12T03:30:04Z,25.62,63.86,100,0,44.08,101.17,56.00,774.00,6,6,6
2023-09-12T03:31:04Z,25.62,63.86,100,0,30.57,101.17,56.00,774.00,null,null,null
2023-09-12T03:32:04Z,25.66,63.80,100,0,25.44,101.17,56.00,774.00,null,null,null
2023-09-12T03:33:04Z,25.63,63.81,100,0,25.44,101.17,55.00,765.00,null,null,null
2023-09-12T03:34:04Z,25.60,63.91,100,0,25.06,101.17,56.00,774.00,null,null,null
2023-09-12T03:35:04Z,25.62,63.86,100,0,26.06,101.17,58.00,783.00,6,6,6
2023-09-12T03:36:04Z,25.62,63.89,100,0,24.89,101.17,58.00,783.00,null,null,null
2023-09-12T03:37:04Z,25.62,63.87,100,0,23.49,101.17,58.00,783.00,null,null,null
2023-09-12T03:38:04Z,25.58,63.94,100,0,23.40,101.17,58.00,783.00,null,null,null
2023-09-12T03:39:04Z,25.60,63.95,100,0,26.97,101.16,58.00,783.00,null,null,null
2023-09-12T03:40:04Z,25.60,63.95,100,0,24.35,101.16,58.00,783.00,4,9,9
2023-09-12T03:41:04Z,25.57,63.94,100,0,24.19,101.16,58.00,783.00,null,null,null
2023-09-12T03:42:04Z,25.58,64.00,100,0,24.19,101.16,58.00,783.00,null,null,null
2023-09-12T03:43:04Z,25.60,64.02,100,0,27.28,101.16,59.00,791.00,null,null,null
2023-09-12T03:44:04Z,25.58,64.01,100,0,25.50,101.16,59.00,791.00,null,null,null
2023-09-12T03:45:04Z,25.58,64.00,100,0,24.68,101.16,60.00,798.00,3,3,3
2023-09-12T03:46:04Z,25.57,64.00,100,0,26.60,101.16,59.00,791.00,null,null,null
2023-09-12T03:47:04Z,25.57,64.01,100,0,25.29,101.16,59.00,791.00,null,null,null
2023-09-12T03:48:04Z,25.55,64.00,100,0,21.71,101.16,60.00,798.00,null,null,null
2023-09-12T03:49:04Z,25.55,64.01,100,0,24.65,101.16,60.00,798.00,null,null,null
2023-09-12T03:50:04Z,25.55,63.98,100,0,24.68,101.16,59.00,791.00,4,10,10
2023-09-12T03:51:04Z,25.55,63.97,100,0,25.09,101.16,58.00,783.00,null,null,null
2023-09-12T03:52:04Z,25.55,64.03,100,0,22.66,101.16,59.00,791.00,null,null,null
2023-09-12T03:53:04Z,25.54,63.96,100,0,23.05,101.16,58.00,783.00,null,null,null
2023-09-12T03:54:04Z,25.55,64.06,100,0,25.76,101.16,58.00,783.00,null,null,null
2023-09-12T03:55:04Z,25.54,64.05,100,0,23.40,101.15,59.00,791.00,3,4,4
2023-09-12T03:56:04Z,25.53,64.10,100,0,24.54,101.16,59.00,791.00,null,null,null
2023-09-12T03:57:04Z,25.54,64.03,100,0,22.61,101.15,59.00,791.00,null,null,null
2023-09-12T03:58:04Z,25.53,64.02,100,0,25.47,101.16,59.00,791.00,null,null,null
2023-09-12T03:59:04Z,25.50,64.04,100,0,28.91,101.16,56.00,774.00,null,null,null
2023-09-12T04:00:04Z,25.51,63.99,100,0,38.22,101.15,56.00,774.00,5,5,5
2023-09-12T04:01:04Z,25.49,64.01,100,0,23.45,101.16,55.00,765.00,null,null,null
2023-09-12T04:02:04Z,25.50,64.05,100,0,23.10,101.16,55.00,765.00,null,null,null
2023-09-12T04:03:04Z,25.47,64.06,100,0,44.09,101.15,55.00,765.00,null,null,null
2023-09-12T04:04:04Z,25.49,64.07,100,0,25.44,101.16,56.00,774.00,null,null,null
2023-09-12T04:05:04Z,25.49,64.11,100,0,34.04,101.16,56.00,774.00,6,6,6
2023-09-12T04:06:04Z,25.44,64.15,100,0,26.11,101.16,55.00,765.00,null,null,null
2023-09-12T04:07:04Z,25.50,64.14,100,0,33.13,101.15,56.00,774.00,null,null,null
2023-09-12T04:08:04Z,25.46,64.13,100,0,38.80,101.15,56.00,774.00,null,null,null
2023-09-12T04:09:04Z,25.47,64.16,100,0,29.86,101.15,56.00,774.00,null,null,null
2023-09-12T04:10:04Z,25.46,64.12,100,0,50.50,101.15,56.00,774.00,6,6,6
2023-09-12T04:11:04Z,25.47,64.24,100,0,31.74,101.15,56.00,774.00,null,null,null
2023-09-12T04:12:04Z,25.43,64.07,100,0,24.61,101.15,54.00,757.00,null,null,null
2023-09-12T04:13:04Z,25.44,64.13,100,0,29.33,101.15,54.00,757.00,null,null,null
2023-09-12T04:14:04Z,25.44,64.12,100,0,30.35,101.15,54.00,757.00,null,null,null
2023-09-12T04:15:04Z,25.42,64.13,100,0,23.25,101.15,54.00,757.00,3,5,5
2023-09-12T04:16:04Z,25.40,64.22,100,0,24.43,101.15,54.00,757.00,null,null,null
2023-09-12T04:17:04Z,25.43,64.20,100,0,49.58,101.15,56.00,774.00,null,null,null
2023-09-12T04:18:04Z,25.40,64.22,100,0,24.96,101.15,55.00,765.00,null,null,null
2023-09-12T04:19:04Z,25.40,64.12,100,0,24.65,101.14,54.00,757.00,null,null,null
2023-09-12T04:20:04Z,25.40,64.10,100,0,24.61,101.14,54.00,757.00,3,4,4
2023-09-12T04:21:04Z,25.40,64.28,100,0,21.56,101.14,53.00,752.00,null,null,null
2023-09-12T04:22:04Z,25.39,64.16,100,0,33.80,101.14,53.00,752.00,null,null,null
2023-09-12T04:23:04Z,25.37,64.17,100,0,23.54,101.14,54.00,757.00,null,null,null
2023-09-12T04:24:04Z,25.39,64.20,100,0,24.27,101.14,54.00,757.00,null,null,null
2023-09-12T04:25:04Z,25.36,64.19,100,0,22.99,101.14,54.00,757.00,3,4,4
2023-09-12T04:26:04Z,25.36,64.23,100,0,22.49,101.14,53.00,752.00,null,null,null
2023-09-12T04:27:04Z,25.36,64.26,100,0,27.36,101.14,53.00,752.00,null,null,null
2023-09-12T04:28:04Z,25.36,64.30,100,0,23.05,101.14,53.00,748.00,null,null,null
2023-09-12T04:29:04Z,25.36,64.29,100,0,24.54,101.14,53.00,752.00,null,null,null
2023-09-12T04:30:04Z,25.34,64.31,100,0,22.12,101.14,54.00,761.00,3,3,3
2023-09-12T04:31:04Z,25.33,64.30,100,0,23.63,101.14,54.00,761.00,null,null,null
2023-09-12T04:32:04Z,25.34,64.33,100,0,39.80,101.14,56.00,770.00,null,null,null
2023-09-12T04:33:04Z,25.34,64.33,100,0,25.62,101.14,58.00,785.00,null,null,null
2023-09-12T04:34:04Z,25.34,64.43,100,0,20.48,101.14,58.00,785.00,null,null,null
2023-09-12T04:35:04Z,25.32,64.46,100,0,24.50,101.14,58.00,785.00,4,6,6
2023-09-12T04:36:04Z,25.32,64.39,100,0,30.23,101.14,59.00,793.00,null,null,null
2023-09-12T04:37:04Z,25.33,64.33,100,0,26.03,101.14,59.00,793.00,null,null,null
2023-09-12T04:38:04Z,25.32,64.31,100,0,27.78,101.14,58.00,785.00,null,null,null
2023-09-12T04:39:04Z,25.32,64.31,100,0,22.05,101.14,59.00,793.00,null,null,null
2023-09-12T04:40:04Z,25.30,64.33,100,0,35.62,101.13,59.00,793.00,3,4,4
2023-09-12T04:41:04Z,25.32,64.39,100,0,27.06,101.13,61.00,804.00,null,null,null
2023-09-12T04:42:04Z,25.33,64.34,100,0,24.23,101.13,59.00,793.00,null,null,null
2023-09-12T04:43:04Z,25.30,64.36,100,0,23.98,101.13,59.00,793.00,null,null,null
2023-09-12T04:44:04Z,25.30,64.42,100,0,30.10,101.13,59.00,793.00,null,null,null
2023-09-12T04:45:04Z,25.30,64.34,100,0,44.98,101.13,59.00,793.00,6,6,6
2023-09-12T04:46:04Z,25.30,64.33,100,0,26.08,101.14,59.00,793.00,null,null,null
2023-09-12T04:47:04Z,25.32,64.28,100,0,27.04,101.13,63.00,815.00,null,null,null
2023-09-12T04:48:04Z,25.30,64.27,100,0,23.40,101.13,63.00,815.00,null,null,null
2023-09-12T04:49:04Z,25.30,64.31,100,0,23.86,101.13,63.00,815.00,null,null,null
2023-09-12T04:50:04Z,25.27,64.36,100,0,22.61,101.13,64.00,825.00,2,2,2
2023-09-12T04:51:04Z,25.30,64.36,100,0,27.59,101.13,62.00,810.00,null,null,null
2023-09-12T04:52:04Z,25.30,64.27,100,0,44.00,101.13,64.00,825.00,null,null,null
2023-09-12T04:53:04Z,25.33,64.27,100,0,26.16,101.13,63.00,815.00,null,null,null
2023-09-12T04:54:04Z,25.29,64.34,100,0,44.19,101.14,64.00,825.00,null,null,null
2023-09-12T04:55:04Z,25.30,64.35,100,0,35.01,101.13,63.00,815.00,4,6,6
2023-09-12T04:56:04Z,25.27,64.32,100,0,30.10,101.14,63.00,815.00,null,null,null
2023-09-12T04:57:04Z,25.29,64.29,100,0,40.42,101.14,63.00,815.00,null,null,null
2023-09-12T04:58:04Z,25.27,64.31,100,0,37.04,101.14,63.00,815.00,null,null,null
2023-09-12T04:59:04Z,25.27,64.28,100,0,35.91,101.13,63.00,815.00,null,null,null
2023-09-12T05:00:04Z,25.27,64.31,100,0,40.52,101.14,63.00,815.00,4,7,7
2023-09-12T05:01:04Z,25.26,64.34,100,0,31.02,101.14,62.00,810.00,null,null,null
2023-09-12T05:02:04Z,25.26,64.29,100,0,34.14,101.14,62.00,810.00,null,null,null
2023-09-12T05:03:04Z,25.27,64.32,100,0,28.89,101.14,63.00,815.00,null,null,null
2023-09-12T05:04:04Z,25.26,64.31,100,0,38.43,101.14,63.00,815.00,null,null,null
2023-09-12T05:05:04Z,25.25,64.25,100,0,29.91,101.14,63.00,815.00,2,2,2
2023-09-12T05:06:04Z,25.25,64.29,100,0,37.53,101.14,63.00,815.00,null,null,null
2023-09-12T05:07:04Z,25.26,64.29,100,0,36.34,101.14,63.00,815.00,null,null,null
2023-09-12T05:08:04Z,25.26,64.37,100,0,32.58,101.14,64.00,825.00,null,null,null
2023-09-12T05:09:04Z,25.25,64.38,100,0,26.53,101.14,64.00,825.00,null,null,null
2023-09-12T05:10:04Z,25.25,64.30,100,0,23.90,101.14,63.00,815.00,3,5,5
2023-09-12T05:11:04Z,25.25,64.34,100,0,36.95,101.14,64.00,825.00,null,null,null
2023-09-12T05:12:04Z,25.25,64.29,100,0,27.06,101.14,63.00,815.00,null,null,null
2023-09-12T05:13:04Z,25.25,64.31,100,0,25.47,101.14,63.00,815.00,null,null,null
2023-09-12T05:14:04Z,25.23,64.33,100,0,27.51,101.14,63.00,815.00,null,null,null
2023-09-12T05:15:04Z,25.25,64.34,100,0,37.00,101.14,62.00,810.00,3,6,6
2023-09-12T05:16:04Z,25.23,64.33,100,0,27.90,101.14,62.00,810.00,null,null,null
2023-09-12T05:17:04Z,25.25,64.32,100,0,42.37,101.14,73.00,885.00,null,null,null
2023-09-12T05:18:04Z,25.23,64.28,100,0,34.52,101.14,63.00,815.00,null,null,null
2023-09-12T05:19:04Z,25.22,64.28,100,0,32.79,101.14,73.00,885.00,null,null,null
2023-09-12T05:20:04Z,25.22,64.28,100,0,26.95,101.14,73.00,880.00,4,4,4
2023-09-12T05:21:04Z,25.22,64.25,100,0,25.35,101.14,71.00,872.00,null,null,null
2023-09-12T05:22:04Z,25.22,64.25,100,0,33.83,101.14,73.00,880.00,null,null,null
2023-09-12T05:23:04Z,25.22,64.20,100,0,34.41,101.14,71.00,872.00,null,null,null
2023-09-12T05:24:04Z,25.22,64.29,100,0,26.95,101.14,70.00,865.00,null,null,null
2023-09-12T05:25:04Z,25.23,64.35,100,0,35.53,101.14,69.00,857.00,3,3,3
2023-09-12T05:26:04Z,25.19,64.32,100,0,27.02,101.14,69.00,857.00,null,null,null
2023-09-12T05:27:04Z,25.21,64.29,100,0,48.57,101.14,69.00,857.00,null,null,null
2023-09-12T05:28:04Z,25.21,64.31,100,0,29.20,101.15,69.00,857.00,null,null,null
2023-09-12T05:29:04Z,25.19,64.33,100,0,33.86,101.15,69.00,857.00,null,null,null
2023-09-12T05:30:04Z,25.15,64.29,100,0,31.35,101.14,68.00,851.00,1,2,2
2023-09-12T05:31:04Z,25.16,64.33,100,0,28.60,101.14,68.00,851.00,null,null,null
2023-09-12T05:32:04Z,25.18,64.32,100,0,51.76,101.14,68.00,851.00,null,null,null
2023-09-12T05:33:04Z,25.18,64.33,100,0,24.76,101.14,68.00,851.00,null,null,null
2023-09-12T05:34:04Z,25.16,64.38,100,0,40.77,101.14,69.00,857.00,null,null,null
2023-09-12T05:35:04Z,25.15,64.39,100,0,45.56,101.14,69.00,857.00,3,3,3
2023-09-12T05:36:04Z,25.16,64.37,100,0,35.06,101.15,69.00,857.00,null,null,null
2023-09-12T05:37:04Z,25.13,64.40,100,0,29.32,101.15,69.00,857.00,null,null,null
2023-09-12T05:38:04Z,25.15,64.43,100,0,28.11,101.15,69.00,857.00,null,null,null
2023-09-12T05:39:04Z,25.13,64.41,100,0,49.84,101.14,71.00,872.00,null,null,null
2023-09-12T05:40:04Z,25.13,64.44,100,0,35.97,101.15,71.00,872.00,2,2,2
2023-09-12T05:41:04Z,25.13,64.46,100,0,34.04,101.15,73.00,880.00,null,null,null
2023-09-12T05:42:04Z,25.15,64.47,100,0,37.93,101.15,71.00,872.00,null,null,null
2023-09-12T05:43:04Z,25.13,64.50,100,0,34.10,101.14,71.00,872.00,null,null,null
2023-09-12T05:44:04Z,25.12,64.46,100,0,30.54,101.15,71.00,872.00,null,null,null
2023-09-12T05:45:04Z,25.13,64.52,100,0,35.93,101.15,73.00,880.00,3,7,7
2023-09-12T05:46:04Z,25.12,64.51,100,0,38.08,101.15,73.00,880.00,null,null,null
2023-09-12T05:47:04Z,25.12,64.54,100,0,32.66,101.15,73.00,885.00,null,null,null
2023-09-12T05:48:04Z,25.16,64.46,100,0,34.01,101.15,73.00,885.00,null,null,null
2023-09-12T05:49:04Z,25.12,64.42,100,0,34.66,101.15,73.00,885.00,null,null,null
2023-09-12T05:50:04Z,25.11,64.45,100,0,50.67,101.15,73.00,885.00,8,8,8
2023-09-12T05:51:04Z,25.11,64.50,100,0,34.50,101.15,73.00,880.00,null,null,null
2023-09-12T05:52:04Z,25.08,64.52,100,0,40.94,101.16,75.00,895.00,null,null,null
2023-09-12T05:53:04Z,25.11,64.57,100,0,35.27,101.16,75.00,895.00,null,null,null
2023-09-12T05:54:04Z,25.08,64.54,100,0,28.89,101.16,75.00,895.00,null,null,null
2023-09-12T05:55:04Z,25.11,64.56,100,0,28.44,101.17,75.00,895.00,2,4,4
2023-09-12T05:56:04Z,25.06,64.54,100,0,31.01,101.17,75.00,895.00,null,null,null
2023-09-12T05:57:04Z,25.08,64.57,100,0,37.51,101.17,73.00,885.00,null,null,null
2023-09-12T05:58:04Z,25.06,64.56,100,0,50.78,101.17,73.00,885.00,null,null,null
2023-09-12T05:59:04Z,25.03,64.56,100,0,28.99,101.17,73.00,885.00,null,null,null
2023-09-12T06:00:04Z,25.05,64.56,100,0,29.94,101.17,73.00,880.00,4,5,5
2023-09-12T06:01:04Z,25.05,64.61,100,0,27.90,101.18,73.00,885.00,null,null,null
2023-09-12T06:02:04Z,25.03,64.66,100,0,31.07,101.18,73.00,885.00,null,null,null
2023-09-12T06:03:04Z,25.03,64.65,100,0,36.56,101.18,73.00,885.00,null,null,null
2023-09-12T06:04:04Z,25.03,64.69,99,0,35.04,101.18,73.00,885.00,null,null,null
2023-09-12T06:05:04Z,25.02,64.73,99,0,26.69,101.18,73.00,885.00,1,3,3
2023-09-12T06:06:04Z,25.02,64.76,100,0,39.11,101.18,75.00,895.00,null,null,null
2023-09-12T06:07:04Z,25.02,64.83,100,0,28.33,101.18,73.00,885.00,null,null,null
2023-09-12T06:08:04Z,25.03,64.79,100,0,30.72,101.19,74.00,891.00,null,null,null
2023-09-12T06:09:04Z,25.02,64.84,100,0,30.91,101.19,74.00,891.00,null,null,null
2023-09-12T06:10:04Z,25.02,64.80,100,0,36.23,101.19,74.00,891.00,3,6,6
2023-09-12T06:11:04Z,25.02,64.81,100,0,33.02,101.19,74.00,891.00,null,null,null
2023-09-12T06:12:04Z,24.99,64.84,100,0,34.72,101.19,73.00,885.00,null,null,null
2023-09-12T06:13:04Z,25.00,64.85,100,0,37.03,101.19,73.00,885.00,null,null,null
2023-09-12T06:14:04Z,24.99,64.86,100,0,31.46,101.20,73.00,885.00,null,null,null
2023-09-12T06:15:04Z,25.00,64.86,100,0,43.39,101.20,74.00,891.00,2,3,3
2023-09-12T06:16:04Z,24.99,64.86,100,0,26.34,101.20,73.00,885.00,null,null,null
2023-09-12T06:17:04Z,24.98,64.86,100,0,42.40,101.20,73.00,885.00,null,null,null
2023-09-12T06:18:04Z,24.99,64.96,100,0,37.24,101.20,73.00,885.00,null,null,null
2023-09-12T06:19:04Z,25.00,64.89,100,0,28.51,101.21,78.00,913.00,null,null,null
2023-09-12T06:20:04Z,24.98,64.90,100,0,34.83,101.20,84.00,954.00,4,4,4
2023-09-12T06:21:04Z,24.99,64.95,100,0,36.40,101.21,84.00,954.00,null,null,null
2023-09-12T06:22:04Z,24.96,64.95,100,0,25.53,101.21,86.00,970.00,null,null,null
2023-09-12T06:23:04Z,24.96,64.91,100,0,29.86,101.21,86.00,970.00,null,null,null
2023-09-12T06:24:04Z,24.98,64.94,100,0,36.48,101.21,88.00,981.00,null,null,null
2023-09-12T06:25:04Z,24.96,64.93,100,0,26.48,101.21,88.00,981.00,6,6,6
2023-09-12T06:26:04Z,24.96,64.99,100,0,43.21,101.21,88.00,981.00,null,null,null
2023-09-12T06:27:04Z,24.98,65.01,100,0,37.27,101.21,86.00,970.00,null,null,null
2023-09-12T06:28:04Z,24.98,65.02,100,0,41.43,101.21,88.00,981.00,null,null,null
2023-09-12T06:29:04Z,24.95,65.10,100,0,34.72,101.21,90.00,992.00,null,null,null
2023-09-12T06:30:04Z,24.92,65.09,100,0,27.89,101.21,90.00,992.00,3,3,3
2023-09-12T06:31:04Z,24.96,65.18,100,0,33.48,101.21,90.00,992.00,null,null,null
2023-09-12T06:32:04Z,24.94,65.07,100,0,39.30,101.22,88.00,981.00,null,null,null
2023-09-12T06:33:04Z,24.95,65.06,100,0,34.87,101.21,88.00,981.00,null,null,null
2023-09-12T06:34:04Z,24.94,65.03,100,0,40.50,101.21,86.00,970.00,null,null,null
2023-09-12T06:35:04Z,24.95,65.06,100,0,30.96,101.21,85.00,964.00,6,6,6
2023-09-12T06:36:04Z,24.94,65.01,100,0,34.78,101.22,85.00,964.00,null,null,null
2023-09-12T06:37:04Z,24.94,64.97,100,0,25.90,101.22,84.00,954.00,null,null,null
2023-09-12T06:38:04Z,24.95,64.99,100,0,29.09,101.22,83.00,945.00,null,null,null
2023-09-12T06:39:04Z,24.94,64.96,100,0,61.24,101.22,83.00,945.00,null,null,null
2023-09-12T06:40:04Z,24.94,65.05,100,0,30.58,101.22,84.00,954.00,3,3,3
2023-09-12T06:41:04Z,24.91,65.07,100,0,29.61,101.22,83.00,945.00,null,null,null
2023-09-12T06:42:04Z,24.92,65.03,100,0,27.77,101.22,80.00,930.00,null,null,null
2023-09-12T06:43:04Z,24.91,65.00,100,0,36.06,101.22,80.00,930.00,null,null,null
2023-09-12T06:44:04Z,24.92,65.02,100,0,24.86,101.22,83.00,945.00,null,null,null
2023-09-12T06:45:04Z,24.91,65.16,100,0,27.64,101.22,84.00,954.00,3,4,4
2023-09-12T06:46:04Z,24.94,65.11,100,0,30.23,101.22,83.00,945.00,null,null,null
2023-09-12T06:47:04Z,24.92,65.03,100,0,32.09,101.22,84.00,954.00,null,null,null
2023-09-12T06:48:04Z,24.89,65.05,100,0,41.45,101.23,84.00,954.00,null,null,null
2023-09-12T06:49:04Z,24.94,65.03,100,0,25.76,101.22,83.00,945.00,null,null,null
2023-09-12T06:50:04Z,24.89,65.02,100,0,28.70,101.22,83.00,945.00,0,0,0
2023-09-12T06:51:04Z,24.89,64.92,100,0,41.10,101.23,79.00,923.00,null,null,null
2023-09-12T06:52:04Z,24.92,64.88,100,0,33.18,101.22,80.00,930.00,null,null,null
2023-09-12T06:53:04Z,24.88,64.94,100,0,27.96,101.22,79.00,923.00,null,null,null
2023-09-12T06:54:04Z,24.91,64.97,100,0,32.43,101.23,79.00,923.00,null,null,null
2023-09-12T06:55:04Z,24.89,65.07,100,0,37.80,101.23,79.00,923.00,6,7,7
2023-09-12T06:56:04Z,24.89,65.07,100,0,29.68,101.23,79.00,923.00,null,null,null
2023-09-12T06:57:04Z,24.91,65.09,100,0,29.83,101.23,80.00,930.00,null,null,null
2023-09-12T06:58:04Z,24.91,65.06,100,0,35.88,101.23,80.00,930.00,null,null,null
2023-09-12T06:59:04Z,24.88,65.05,100,0,38.54,101.23,86.00,970.00,null,null,null
2023-09-12T07:00:04Z,24.89,64.98,100,0,30.57,101.23,93.00,1012.00,2,2,2
2023-09-12T07:01:04Z,24.88,64.99,100,0,27.80,101.23,95.00,1029.00,null,null,null
2023-09-12T07:02:04Z,24.88,64.99,100,0,39.52,101.23,97.00,1041.00,null,null,null
2023-09-12T07:03:04Z,24.88,64.99,100,0,44.51,101.23,99.00,1053.00,null,null,null
2023-09-12T07:04:04Z,24.86,65.05,100,0,28.98,101.24,101.00,1065.00,null,null,null
2023-09-12T07:05:04Z,24.84,65.01,99,0,39.99,101.23,102.00,1074.00,0,2,2
2023-09-12T07:06:04Z,24.86,65.06,100,0,32.06,101.24,105.00,1090.00,null,null,null
2023-09-12T07:07:04Z,24.85,65.04,100,0,33.08,101.24,114.00,1150.00,null,null,null
2023-09-12T07:08:04Z,24.86,64.98,100,0,30.22,101.24,117.00,1171.00,null,null,null
2023-09-12T07:09:04Z,24.84,64.99,100,0,36.57,101.24,121.00,1198.00,null,null,null
2023-09-12T07:10:04Z,24.84,65.04,100,0,32.01,101.24,118.00,1181.00,2,2,2
2023-09-12T07:11:04Z,24.84,65.04,100,0,32.83,101.24,117.00,1171.00,null,null,null
2023-09-12T07:12:04Z,24.84,65.08,100,0,33.59,101.24,117.00,1171.00,null,null,null
2023-09-12T07:13:04Z,24.84,65.02,100,0,30.46,101.24,115.00,1156.00,null,null,null
2023-09-12T07:14:04Z,24.84,65.10,100,0,29.95,101.24,118.00,1181.00,null,null,null
2023-09-12T07:15:04Z,24.82,65.08,100,0,39.38,101.24,117.00,1171.00,6,6,6
2023-09-12T07:16:04Z,24.82,65.11,100,0,31.91,101.24,111.00,1131.00,null,null,null
2023-09-12T07:17:04Z,24.82,65.01,100,0,32.50,101.24,111.00,1131.00,null,null,null
2023-09-12T07:18:04Z,24.85,65.05,100,0,27.45,101.25,109.00,1118.00,null,null,null
2023-09-12T07:19:04Z,24.81,65.06,100,0,32.32,101.25,108.00,1110.00,null,null,null
2023-09-12T07:20:04Z,24.79,65.08,100,0,25.32,101.25,108.00,1110.00,2,4,4
2023-09-12T07:21:04Z,24.81,65.05,100,0,41.17,101.25,106.00,1099.00,null,null,null
2023-09-12T07:22:04Z,24.78,65.01,100,0,31.92,101.25,108.00,1110.00,null,null,null
2023-09-12T07:23:04Z,24.78,65.03,100,0,25.70,101.25,106.00,1099.00,null,null,null
2023-09-12T07:24:04Z,24.79,65.02,100,0,26.03,101.25,125.00,1224.00,null,null,null
2023-09-12T07:25:04Z,24.78,65.05,100,0,34.28,101.25,170.00,1498.00,7,9,9
2023-09-12T07:26:04Z,24.79,65.10,100,0,31.48,101.25,212.00,1557.00,null,null,null
2023-09-12T07:27:04Z,24.75,65.05,100,0,24.72,101.24,206.00,1548.00,null,null,null
2023-09-12T07:28:04Z,24.77,64.97,100,0,28.15,101.25,209.00,1553.00,null,null,null
2023-09-12T07:29:04Z,24.75,65.08,100,0,38.43,101.25,203.00,1544.00,null,null,null
2023-09-12T07:30:04Z,24.75,65.00,100,0,31.86,101.25,193.00,1532.00,6,8,8
2023-09-12T07:31:04Z,24.72,65.05,100,0,37.87,101.25,187.00,1523.00,null,null,null
2023-09-12T07:32:04Z,24.74,65.12,100,0,29.98,101.25,179.00,1512.00,null,null,null
2023-09-12T07:33:04Z,24.72,65.14,100,0,33.79,101.25,168.00,1495.00,null,null,null
2023-09-12T07:34:04Z,24.74,65.14,100,0,40.79,101.25,164.00,1478.00,null,null,null
2023-09-12T07:35:04Z,24.71,65.17,100,0,32.68,101.25,164.00,1478.00,3,3,3
2023-09-12T07:36:04Z,24.71,65.26,100,0,27.38,101.25,157.00,1436.00,null,null,null
2023-09-12T07:37:04Z,24.71,65.27,100,0,31.93,101.25,151.00,1397.00,null,null,null
2023-09-12T07:38:04Z,24.71,65.26,100,0,44.02,101.25,146.00,1364.00,null,null,null
2023-09-12T07:39:04Z,24.71,65.21,100,0,31.51,101.25,144.00,1349.00,null,null,null
2023-09-12T07:40:04Z,24.70,65.31,100,0,37.97,101.25,143.00,1345.00,5,6,6
2023-09-12T07:41:04Z,24.68,65.27,100,0,29.79,101.25,143.00,1345.00,null,null,null
2023-09-12T07:42:04Z,24.70,65.20,100,0,33.69,101.25,137.00,1302.00,null,null,null
2023-09-12T07:43:04Z,24.70,65.24,100,0,27.57,101.25,132.00,1270.00,null,null,null
2023-09-12T07:44:04Z,24.70,65.26,100,0,32.44,101.25,127.00,1238.00,null,null,null
2023-09-12T07:45:04Z,24.70,65.31,100,0,40.70,101.25,122.00,1204.00,5,5,5
2023-09-12T07:46:04Z,24.67,65.28,100,0,38.67,101.25,119.00,1184.00,null,null,null
2023-09-12T07:47:04Z,24.67,65.29,100,0,34.49,101.25,119.00,1184.00,null,null,null
2023-09-12T07:48:04Z,24.70,65.25,100,0,32.92,101.26,115.00,1159.00,null,null,null
2023-09-12T07:49:04Z,24.65,65.30,100,0,34.71,101.25,111.00,1134.00,null,null,null
2023-09-12T07:50:04Z,24.64,65.33,100,0,35.85,101.25,107.00,1107.00,5,5,5
2023-09-12T07:51:04Z,24.67,65.33,100,0,34.64,101.26,106.00,1102.00,null,null,null
2023-09-12T07:52:04Z,24.64,65.23,100,0,32.45,101.26,105.00,1095.00,null,null,null
2023-09-12T07:53:04Z,24.63,65.24,100,0,27.10,101.25,104.00,1083.00,null,null,null
2023-09-12T07:54:04Z,24.64,65.24,100,0,27.30,101.26,100.00,1060.00,null,null,null
2023-09-12T07:55:04Z,24.63,65.30,100,0,29.31,101.25,97.00,1041.00,5,5,5
2023-09-12T07:56:04Z,24.64,65.35,100,0,28.20,101.26,96.00,1032.00,null,null,null
2023-09-12T07:57:04Z,24.63,65.36,100,0,36.24,101.26,96.00,1032.00,null,null,null
2023-09-12T07:58:04Z,24.61,65.42,100,0,32.26,101.25,93.00,1014.00,null,null,null
2023-09-12T07:59:04Z,24.63,65.37,100,0,27.26,101.26,92.00,1007.00,null,null,null
2023-09-12T08:00:04Z,24.60,65.36,100,0,37.09,101.26,90.00,992.00,4,5,5
2023-09-12T08:01:04Z,24.63,65.27,100,0,25.82,101.26,87.00,972.00,null,null,null
2023-09-12T08:02:04Z,24.63,65.31,100,0,27.12,101.26,85.00,964.00,null,null,null
2023-09-12T08:03:04Z,24.61,65.27,100,0,34.88,101.26,83.00,951.00,null,null,null
2023-09-12T08:04:04Z,24.58,65.29,100,0,30.01,101.26,82.00,942.00,null,null,null
2023-09-12T08:05:04Z,24.58,65.32,100,0,34.52,101.26,80.00,930.00,3,3,3
2023-09-12T08:06:04Z,24.60,65.38,100,0,33.88,101.26,79.00,925.00,null,null,null
2023-09-12T08:07:04Z,24.58,65.39,100,0,32.51,101.25,79.00,925.00,null,null,null
2023-09-12T08:08:04Z,24.58,65.43,100,0,38.79,101.25,78.00,918.00,null,null,null
2023-09-12T08:09:04Z,24.57,65.46,100,0,33.55,101.26,78.00,918.00,null,null,null
2023-09-12T08:10:04Z,24.56,65.46,100,0,30.69,101.26,78.00,918.00,4,4,4
2023-09-12T08:11:04Z,24.58,65.54,100,0,30.15,101.26,76.00,905.00,null,null,null
2023-09-12T08:12:04Z,24.57,65.55,100,0,26.16,101.26,78.00,918.00,null,null,null
2023-09-12T08:13:04Z,24.57,65.51,100,0,36.11,101.26,78.00,918.00,null,null,null
2023-09-12T08:14:04Z,24.57,65.47,100,0,31.50,101.26,76.00,905.00,null,null,null
2023-09-12T08:15:04Z,24.56,65.56,100,0,26.80,101.26,76.00,905.00,4,4,4
2023-09-12T08:16:04Z,24.56,65.59,100,0,38.20,101.27,75.00,897.00,null,null,null
2023-09-12T08:17:04Z,24.56,65.61,100,0,30.22,101.26,76.00,905.00,null,null,null
2023-09-12T08:18:04Z,24.56,65.57,100,0,29.01,101.26,75.00,897.00,null,null,null
2023-09-12T08:19:04Z,24.54,65.55,100,0,30.52,101.27,76.00,905.00,null,null,null
2023-09-12T08:20:04Z,24.54,65.64,100,0,37.04,101.27,76.00,905.00,1,1,1
2023-09-12T08:21:04Z,24.54,65.65,100,0,31.11,101.27,76.00,905.00,null,null,null
2023-09-12T08:22:04Z,24.56,65.59,100,0,44.90,101.27,76.00,905.00,null,null,null
2023-09-12T08:23:04Z,24.56,65.55,100,0,22.61,101.27,75.00,897.00,null,null,null
2023-09-12T08:24:04Z,24.54,65.52,100,0,27.18,101.27,75.00,897.00,null,null,null
2023-09-12T08:25:04Z,24.56,65.60,100,0,37.78,101.27,75.00,897.00,3,3,3
2023-09-12T08:26:04Z,24.56,65.61,100,0,26.82,101.27,75.00,897.00,null,null,null
2023-09-12T08:27:04Z,24.56,65.58,100,0,24.89,101.27,74.00,889.00,null,null,null
2023-09-12T08:28:04Z,24.57,65.61,100,0,38.43,101.27,74.00,889.00,null,null,null
2023-09-12T08:29:04Z,24.54,65.50,100,0,39.58,101.27,74.00,889.00,null,null,null
2023-09-12T08:30:04Z,24.53,65.56,100,0,26.26,101.27,71.00,870.00,5,5,5
2023-09-12T08:31:04Z,24.53,65.48,100,0,33.08,101.27,71.00,870.00,null,null,null
2023-09-12T08:32:04Z,24.53,65.44,100,0,27.90,101.27,69.00,857.00,null,null,null
2023-09-12T08:33:04Z,24.53,65.47,100,0,24.31,101.27,69.00,853.00,null,null,null
2023-09-12T08:34:04Z,24.54,65.50,100,0,34.60,101.27,69.00,853.00,null,null,null
2023-09-12T08:35:04Z,24.53,65.51,100,0,28.42,101.27,69.00,853.00,2,2,2
2023-09-12T08:36:04Z,24.81,65.64,99,0,34.22,101.27,67.00,846.00,null,null,null
2023-09-12T08:37:04Z,24.87,65.60,99,0,25.82,101.27,72.00,877.00,null,null,null
2023-09-12T08:38:04Z,24.88,65.55,99,0,25.95,101.27,72.00,877.00,null,null,null
2023-09-12T08:39:04Z,24.87,65.54,99,0,48.37,101.27,null,null,null,null,null
2023-09-12T08:40:04Z,24.90,65.53,99,0,28.60,101.27,72.00,877.00,0,0,0
2023-09-12T08:41:04Z,24.91,65.40,99,0,26.93,101.27,72.00,877.00,null,null,null
2023-09-12T08:42:04Z,24.94,65.34,99,0,31.78,101.27,71.00,868.00,null,null,null
2023-09-12T08:43:04Z,24.95,65.28,99,0,31.59,101.27,70.00,863.00,null,null,null
2023-09-12T08:44:04Z,24.95,65.29,99,0,34.67,101.27,70.00,863.00,null,null,null
2023-09-12T08:45:04Z,24.95,65.26,99,0,33.95,101.27,70.00,863.00,3,5,5
2023-09-12T08:46:04Z,25.00,65.26,99,0,38.60,101.27,70.00,863.00,null,null,null
2023-09-12T08:47:04Z,25.02,65.23,99,0,38.99,101.27,70.00,863.00,null,null,null
2023-09-12T08:48:04Z,25.01,65.22,99,0,24.96,101.27,71.00,870.00,null,null,null
2023-09-12T08:49:04Z,25.01,65.10,99,0,35.15,101.27,71.00,870.00,null,null,null
2023-09-12T08:50:04Z,25.04,64.95,99,0,40.17,101.27,70.00,863.00,4,5,5
2023-09-12T08:51:04Z,25.02,64.93,99,0,35.48,101.27,68.00,848.00,null,null,null
2023-09-12T08:52:04Z,25.07,64.99,99,0,37.62,101.27,68.00,848.00,null,null,null
2023-09-12T08:53:04Z,25.05,64.96,99,0,34.60,101.27,68.00,848.00,null,null,null
2023-09-12T08:54:04Z,25.09,64.92,99,0,50.49,101.27,67.00,840.00,null,null,null
2023-09-12T08:55:04Z,25.08,64.87,99,0,27.38,101.27,67.00,840.00,1,1,1
2023-09-12T08:56:04Z,25.09,64.89,99,0,37.48,101.27,67.00,840.00,null,null,null
2023-09-12T08:57:04Z,25.07,64.92,99,0,41.64,101.27,68.00,848.00,null,null,null
2023-09-12T08:58:04Z,25.12,64.90,99,0,31.08,101.27,70.00,863.00,null,null,null
2023-09-12T08:59:04Z,25.12,64.88,99,0,36.88,101.27,70.00,863.00,null,null,null
2023-09-12T09:00:04Z,25.11,64.89,99,0,27.06,101.26,70.00,863.00,1,1,1
2023-09-12T09:01:04Z,25.14,64.97,99,0,29.77,101.27,71.00,870.00,null,null,null
2023-09-12T09:02:04Z,25.15,64.85,99,0,37.18,101.27,71.00,870.00,null,null,null
2023-09-12T09:03:04Z,25.16,64.72,99,0,40.65,101.27,71.00,870.00,null,null,null
2023-09-12T09:04:04Z,25.14,64.72,99,0,38.43,101.27,73.00,880.00,null,null,null
2023-09-12T09:05:04Z,25.14,64.67,99,0,35.65,101.27,73.00,880.00,4,5,5
2023-09-12T09:06:04Z,25.16,64.71,99,0,28.33,101.27,73.00,880.00,null,null,null
2023-09-12T09:07:04Z,25.14,64.75,99,0,42.42,101.27,73.00,880.00,null,null,null
2023-09-12T09:08:04Z,25.14,64.79,99,0,45.36,101.27,73.00,880.00,null,null,null
2023-09-12T09:09:04Z,25.12,64.70,99,0,37.76,101.27,72.00,874.00,null,null,null
2023-09-12T09:10:04Z,25.11,64.63,99,0,30.78,101.27,73.00,880.00,2,2,2
2023-09-12T09:11:04Z,25.08,64.61,99,0,43.89,101.27,68.00,851.00,null,null,null
2023-09-12T09:12:04Z,25.08,64.60,99,0,29.74,101.27,68.00,851.00,null,null,null
2023-09-12T09:13:04Z,25.05,64.66,99,0,37.54,101.26,68.00,851.00,null,null,null
2023-09-12T09:14:04Z,25.05,64.76,99,0,29.78,101.26,67.00,844.00,null,null,null
2023-09-12T09:15:04Z,25.02,64.80,99,0,40.29,101.27,67.00,840.00,4,6,6
2023-09-12T09:16:04Z,25.04,64.81,99,0,37.04,101.27,66.00,834.00,null,null,null
2023-09-12T09:17:04Z,25.02,64.71,99,0,37.47,101.27,67.00,840.00,null,null,null
2023-09-12T09:18:04Z,25.01,64.70,99,0,31.90,101.26,67.00,844.00,null,null,null
2023-09-12T09:19:04Z,25.01,64.67,99,0,30.13,101.26,66.00,834.00,null,null,null
2023-09-12T09:20:04Z,24.98,64.68,99,0,29.11,101.26,64.00,825.00,0,0,0
2023-09-12T09:21:04Z,24.98,64.83,99,0,36.94,101.27,64.00,825.00,null,null,null
2023-09-12T09:22:04Z,24.98,64.83,99,0,28.48,101.27,64.00,825.00,null,null,null
2023-09-12T09:23:04Z,24.95,64.91,99,0,31.35,101.26,64.00,825.00,null,null,null
2023-09-12T09:24:04Z,24.94,64.89,99,0,40.54,101.27,63.00,815.00,null,null,null
2023-09-12T09:25:04Z,24.91,64.92,99,0,32.23,101.27,64.00,825.00,0,0,0
2023-09-12T09:26:04Z,24.91,65.00,99,0,30.65,101.26,64.00,825.00,null,null,null
