TIME,TEMP,HUM,BATT,LIGHT,NOISE_A,PRESS,CCS811_VOCS,CCS811_ECO2,PM_1,PM_25,PM_10
ISO 8601,C,%,%,Lux,dBA,kPa,ppb,ppm,ug/m3,ug/m3,ug/m3
Time,Temperature,Humidity,Battery,Light,Noise dBA,Barometric pressure,VOC Gas CCS811,eCO2 Gas CCS811,PM 1.0,PM 2.5,PM 10.0
,55,56,10,14,53,58,113,112,89,87,88
2023-08-19T00:00:51Z,23.00,77.67,99,0,25.38,100.94,7.00,451.00,null,null,null
2023-08-19T00:01:51Z,23.00,77.60,99,0,26.64,100.95,8.00,455.00,null,null,null
2023-08-19T00:02:51Z,23.02,77.61,99,0,23.45,100.95,9.00,460.00,26,40,40
2023-08-19T00:03:51Z,23.03,77.89,99,0,24.15,100.95,9.00,460.00,null,null,null
2023-08-19T00:04:51Z,23.02,77.96,99,0,25.26,100.95,8.00,456.00,null,null,null
2023-08-19T00:05:51Z,23.02,77.94,99,0,22.72,100.95,8.00,456.00,null,null,null
2023-08-19T00:06:51Z,23.00,77.88,99,0,23.54,100.95,8.00,456.00,null,null,null
2023-08-19T00:07:51Z,23.02,77.74,99,0,25.06,100.95,8.00,456.00,10,26,26
2023-08-19T00:08:51Z,23.04,77.86,99,0,22.72,100.95,9.00,460.00,null,null,null
2023-08-19T00:09:51Z,23.00,77.87,99,0,24.43,100.96,8.00,456.00,null,null,null
2023-08-19T00:10:51Z,23.02,77.81,99,0,23.49,100.96,8.00,456.00,null,null,null
2023-08-19T00:11:51Z,23.00,77.86,99,0,22.78,100.97,9.00,460.00,null,null,null
2023-08-19T00:12:51Z,23.02,77.85,99,0,23.68,100.98,9.00,460.00,7,14,25
2023-08-19T00:13:51Z,23.03,78.05,99,0,24.19,100.99,8.00,456.00,null,null,null
2023-08-19T00:14:51Z,23.03,77.98,99,0,23.98,100.99,8.00,456.00,null,null,null
2023-08-19T00:15:51Z,23.03,78.05,99,0,28.04,101.00,8.00,456.00,null,null,null
2023-08-19T00:16:51Z,23.02,78.09,99,0,28.87,101.00,8.00,456.00,null,null,null
2023-08-19T00:17:51Z,23.03,78.06,99,0,24.65,101.00,8.00,456.00,14,24,40
2023-08-19T00:18:51Z,23.03,78.18,99,0,24.89,100.99,8.00,456.00,null,null,null
2023-08-19T00:19:51Z,23.02,78.20,99,0,23.10,101.00,7.00,451.00,null,null,null
2023-08-19T00:20:51Z,23.03,78.16,99,0,23.59,101.00,7.00,451.00,null,null,null
2023-08-19T00:21:51Z,23.00,78.26,99,0,27.26,100.99,7.00,451.00,null,null,null
2023-08-19T00:22:51Z,23.03,78.34,99,0,27.32,100.99,9.00,460.00,10,18,34
2023-08-19T00:23:51Z,23.04,78.32,99,0,24.11,101.00,6.00,445.00,null,null,null
2023-08-19T00:24:51Z,23.03,78.29,99,0,24.50,100.99,7.00,452.00,null,null,null
2023-08-19T00:25:51Z,23.06,78.37,99,0,25.16,100.99,7.00,447.00,null,null,null
2023-08-19T00:26:51Z,23.03,78.19,99,0,25.41,100.99,10.00,472.00,null,null,null
2023-08-19T00:27:51Z,23.02,78.16,99,0,26.53,100.98,14.00,493.00,16,28,39
2023-08-19T00:28:51Z,23.03,78.26,99,0,26.11,100.97,14.00,493.00,null,null,null
2023-08-19T00:29:51Z,23.03,78.17,99,0,23.05,100.97,14.00,498.00,null,null,null
2023-08-19T00:30:51Z,23.02,78.04,99,0,23.25,100.98,15.00,502.00,null,null,null
2023-08-19T00:31:51Z,23.03,78.13,99,0,24.86,100.97,14.00,497.00,null,null,null
2023-08-19T00:32:51Z,23.03,78.25,99,0,26.14,100.96,14.00,497.00,13,23,23
2023-08-19T00:33:51Z,23.03,78.33,99,0,23.90,100.96,14.00,493.00,null,null,null
2023-08-19T00:34:51Z,23.03,78.33,99,0,24.86,100.96,13.00,488.00,null,null,null
2023-08-19T00:35:51Z,23.02,78.28,99,0,22.99,100.96,11.00,478.00,null,null,null
2023-08-19T00:36:51Z,23.03,78.17,99,0,23.68,100.96,11.00,475.00,null,null,null
2023-08-19T00:37:51Z,23.04,78.26,99,0,23.05,100.96,11.00,478.00,19,34,34
2023-08-19T00:38:51Z,23.02,78.50,99,0,25.44,100.95,9.00,464.00,null,null,null
2023-08-19T00:39:51Z,23.03,78.48,99,0,24.76,100.95,9.00,461.00,null,null,null
2023-08-19T00:40:51Z,23.02,78.38,99,0,21.64,100.95,9.00,461.00,null,null,null
2023-08-19T00:41:51Z,23.03,78.32,99,0,24.93,100.94,9.00,461.00,null,null,null
2023-08-19T00:42:51Z,23.03,78.39,99,0,24.43,100.94,9.00,461.00,17,34,34
2023-08-19T00:43:51Z,23.02,78.42,99,0,25.35,100.94,8.00,456.00,null,null,null
2023-08-19T00:44:51Z,23.03,78.29,99,0,26.21,100.94,8.00,456.00,null,null,null
2023-08-19T00:45:51Z,23.03,78.38,99,0,24.72,100.93,8.00,456.00,null,null,null
2023-08-19T00:46:51Z,23.03,78.42,99,0,24.79,100.92,7.00,447.00,null,null,null
2023-08-19T00:47:51Z,23.02,78.44,99,0,25.79,100.93,7.00,447.00,10,16,42
2023-08-19T00:48:51Z,23.00,78.60,99,0,36.14,100.93,7.00,447.00,null,null,null
2023-08-19T00:49:51Z,23.00,78.49,99,0,25.06,100.93,6.00,445.00,null,null,null
2023-08-19T00:50:51Z,23.00,78.52,99,0,26.14,100.93,6.00,442.00,null,null,null
2023-08-19T00:51:51Z,23.04,78.66,99,0,25.76,100.92,6.00,442.00,null,null,null
2023-08-19T00:52:51Z,23.03,78.64,99,0,28.52,100.93,5.00,435.00,6,21,36
2023-08-19T00:53:51Z,23.03,78.66,99,0,32.63,100.93,3.00,426.00,null,null,null
2023-08-19T00:54:51Z,23.03,78.48,99,0,23.72,100.93,3.00,426.00,null,null,null
2023-08-19T00:55:51Z,23.04,78.43,99,0,25.84,100.93,3.00,426.00,null,null,null
2023-08-19T00:56:51Z,23.02,78.47,99,0,28.87,100.93,4.00,432.00,null,null,null
2023-08-19T00:57:51Z,23.02,78.54,99,0,31.59,100.94,3.00,426.00,7,13,13
2023-08-19T00:58:51Z,23.02,78.68,99,0,38.76,100.94,10.00,472.00,null,null,null
2023-08-19T00:59:51Z,23.02,78.58,99,0,47.67,100.95,17.00,514.00,null,null,null
2023-08-19T01:00:51Z,23.02,78.49,99,0,54.28,100.95,22.00,549.00,null,null,null
2023-08-19T01:01:51Z,23.03,78.44,99,0,45.46,100.95,28.00,584.00,null,null,null
2023-08-19T01:02:51Z,23.02,78.41,99,0,42.41,100.94,33.00,617.00,12,24,24
2023-08-19T01:03:51Z,23.03,78.65,99,0,24.27,100.95,33.00,620.00,null,null,null
2023-08-19T01:04:51Z,23.02,78.63,99,0,32.03,100.95,33.00,617.00,null,null,null
2023-08-19T01:05:51Z,23.03,78.52,99,0,47.52,100.95,30.00,602.00,null,null,null
2023-08-19T01:06:51Z,23.02,78.44,99,0,52.38,100.96,29.00,596.00,null,null,null
2023-08-19T01:07:51Z,23.02,78.39,99,0,38.71,100.95,29.00,591.00,7,21,21
2023-08-19T01:08:51Z,23.04,78.69,99,0,39.86,100.96,28.00,584.00,null,null,null
2023-08-19T01:09:51Z,23.03,78.52,99,0,35.91,100.95,26.00,577.00,null,null,null
2023-08-19T01:10:51Z,23.03,78.50,99,0,47.05,100.96,29.00,591.00,null,null,null
2023-08-19T01:11:51Z,23.03,78.45,99,0,32.18,100.95,33.00,620.00,null,null,null
2023-08-19T01:12:51Z,23.02,78.52,99,0,43.76,100.94,36.00,641.00,6,10,10
2023-08-19T01:13:51Z,23.04,78.61,99,0,53.20,100.94,36.00,641.00,null,null,null
2023-08-19T01:14:51Z,23.03,78.41,99,0,26.43,100.94,36.00,641.00,null,null,null
2023-08-19T01:15:51Z,23.03,78.53,99,0,30.78,100.94,39.00,659.00,null,null,null
2023-08-19T01:16:51Z,23.04,78.41,99,0,39.25,100.94,37.00,646.00,null,null,null
2023-08-19T01:17:51Z,23.04,78.39,99,0,47.25,100.94,38.00,653.00,4,4,4
2023-08-19T01:18:51Z,23.03,78.58,99,0,50.67,100.94,35.00,633.00,null,null,null
2023-08-19T01:19:51Z,23.03,78.39,99,0,40.47,100.94,35.00,633.00,null,null,null
2023-08-19T01:20:51Z,23.04,78.31,99,0,23.10,100.96,33.00,620.00,null,null,null
2023-08-19T01:21:51Z,23.04,78.41,99,0,21.41,100.95,34.00,627.00,null,null,null
2023-08-19T01:22:51Z,23.03,78.42,99,0,25.38,100.95,33.00,617.00,8,10,10
2023-08-19T01:23:51Z,23.04,78.53,99,0,24.46,100.96,33.00,617.00,null,null,null
2023-08-19T01:24:51Z,23.04,78.49,99,0,24.19,100.95,33.00,617.00,null,null,null
2023-08-19T01:25:51Z,23.04,78.36,99,0,25.50,100.95,29.00,596.00,null,null,null
2023-08-19T01:26:51Z,23.02,78.28,99,0,33.41,100.96,28.00,584.00,null,null,null
2023-08-19T01:27:51Z,23.04,78.32,99,0,25.84,100.96,25.00,566.00,8,10,10
2023-08-19T01:28:51Z,23.04,78.50,99,0,25.41,100.96,23.00,552.00,null,null,null
2023-08-19T01:29:51Z,23.06,78.38,99,0,24.19,100.95,21.00,539.00,null,null,null
2023-08-19T01:30:51Z,23.04,78.24,99,0,26.50,100.96,18.00,523.00,null,null,null
2023-08-19T01:31:51Z,23.03,78.21,99,0,27.82,100.97,18.00,520.00,null,null,null
2023-08-19T01:32:51Z,23.02,78.18,99,0,25.50,100.97,15.00,505.00,7,9,9
2023-08-19T01:33:51Z,23.03,78.26,99,0,28.50,100.96,15.00,502.00,null,null,null
2023-08-19T01:34:51Z,23.03,78.20,99,0,24.23,100.96,14.00,493.00,null,null,null
2023-08-19T01:35:51Z,23.02,78.15,99,0,26.62,100.97,13.00,488.00,null,null,null
2023-08-19T01:36:51Z,23.06,78.13,99,0,24.79,100.97,12.00,482.00,null,null,null
2023-08-19T01:37:51Z,23.04,77.96,99,0,26.84,100.98,11.00,478.00,6,6,6
2023-08-19T01:38:51Z,23.03,78.06,99,0,23.94,100.97,10.00,470.00,null,null,null
2023-08-19T01:39:51Z,23.03,77.92,99,0,24.31,100.96,9.00,464.00,null,null,null
2023-08-19T01:40:51Z,23.02,77.88,99,0,25.90,100.96,9.00,460.00,null,null,null
2023-08-19T01:41:51Z,23.00,77.88,99,0,30.97,100.96,9.00,460.00,null,null,null
2023-08-19T01:42:51Z,23.02,77.84,99,0,24.23,100.96,8.00,456.00,4,6,6
2023-08-19T01:43:51Z,23.02,77.83,99,0,24.19,100.96,6.00,445.00,null,null,null
2023-08-19T01:44:51Z,23.03,77.74,99,0,21.85,100.96,6.00,445.00,null,null,null
2023-08-19T01:45:51Z,23.02,77.71,99,0,23.15,100.97,7.00,448.00,null,null,null
2023-08-19T01:46:51Z,23.02,77.58,99,0,29.11,100.96,5.00,439.00,null,null,null
2023-08-19T01:47:51Z,23.02,77.50,99,0,23.81,100.96,5.00,439.00,6,8,8
2023-08-19T01:48:51Z,23.02,77.49,99,0,23.25,100.96,4.00,428.00,null,null,null
2023-08-19T01:49:51Z,22.99,77.38,99,0,22.78,100.96,4.00,428.00,null,null,null
2023-08-19T01:50:51Z,22.99,77.30,99,0,23.35,100.96,4.00,428.00,null,null,null
2023-08-19T01:51:51Z,23.00,77.24,99,0,23.35,100.96,3.00,422.00,null,null,null
2023-08-19T01:52:51Z,22.99,77.15,99,0,23.25,100.96,3.00,425.00,8,9,9
2023-08-19T01:53:51Z,23.00,77.14,99,0,23.45,100.96,2.00,417.00,null,null,null
2023-08-19T01:54:51Z,22.97,77.02,99,0,22.72,100.95,2.00,417.00,null,null,null
2023-08-19T01:55:51Z,22.99,76.99,99,0,25.06,100.96,2.00,417.00,null,null,null
2023-08-19T01:56:51Z,22.96,76.95,99,0,22.24,100.96,2.00,414.00,null,null,null
2023-08-19T01:57:51Z,22.96,76.91,99,0,24.35,100.95,0.00,405.00,10,11,11
2023-08-19T01:58:51Z,22.96,76.92,99,0,23.59,100.96,0.00,402.00,null,null,null
2023-08-19T01:59:51Z,22.96,76.82,99,0,22.12,100.96,0.00,400.00,null,null,null
2023-08-19T02:00:51Z,22.93,76.79,99,0,21.64,100.96,0.00,400.00,null,null,null
2023-08-19T02:01:51Z,22.94,76.76,99,0,22.94,100.96,0.00,400.00,null,null,null
2023-08-19T02:02:51Z,22.96,76.70,99,0,24.83,100.96,0.00,400.00,8,8,8
2023-08-19T02:03:51Z,22.93,76.74,99,0,24.39,100.95,0.00,400.00,null,null,null
2023-08-19T02:04:51Z,22.93,76.72,99,0,24.61,100.95,0.00,405.00,null,null,null
2023-08-19T02:05:51Z,22.93,76.71,99,0,23.25,100.95,0.00,400.00,null,null,null
2023-08-19T02:06:51Z,22.92,76.70,99,0,21.10,100.95,0.00,400.00,null,null,null
2023-08-19T02:07:51Z,22.90,76.62,99,0,24.68,100.95,0.00,400.00,4,4,4
2023-08-19T02:08:51Z,22.93,76.62,99,0,22.55,100.95,0.00,400.00,null,null,null
2023-08-19T02:09:51Z,22.93,76.56,99,0,22.78,100.96,0.00,400.00,null,null,null
2023-08-19T02:10:51Z,22.90,76.58,99,0,22.43,100.96,0.00,400.00,null,null,null
2023-08-19T02:11:51Z,22.92,76.52,99,0,26.06,100.96,0.00,400.00,null,null,null
2023-08-19T02:12:51Z,22.90,76.49,99,0,25.70,100.96,0.00,400.00,6,9,9
2023-08-19T02:13:51Z,22.90,76.50,99,0,25.95,100.96,0.00,400.00,null,null,null
2023-08-19T02:14:51Z,22.90,76.42,99,0,22.83,100.96,0.00,403.00,null,null,null
2023-08-19T02:15:51Z,22.89,76.44,99,0,23.98,100.96,0.00,406.00,null,null,null
2023-08-19T02:16:51Z,22.87,76.41,99,0,23.54,100.95,0.00,406.00,null,null,null
2023-08-19T02:17:51Z,22.87,76.40,99,0,21.85,100.95,0.00,403.00,4,6,6
2023-08-19T02:18:51Z,22.89,76.34,99,0,22.18,100.96,0.00,400.00,null,null,null
2023-08-19T02:19:51Z,22.89,76.29,99,0,22.89,100.96,0.00,400.00,null,null,null
2023-08-19T02:20:51Z,22.89,76.29,99,0,25.41,100.96,0.00,400.00,null,null,null
2023-08-19T02:21:51Z,22.87,76.25,99,0,24.54,100.95,0.00,400.00,null,null,null
2023-08-19T02:22:51Z,22.86,76.17,99,0,23.94,100.96,0.00,400.00,4,4,4
2023-08-19T02:23:51Z,22.86,76.13,99,0,22.66,100.96,0.00,400.00,null,null,null
2023-08-19T02:24:51Z,22.86,76.07,99,0,21.18,100.96,0.00,406.00,null,null,null
2023-08-19T02:25:51Z,22.87,76.06,99,0,24.03,100.95,0.00,400.00,null,null,null
2023-08-19T02:26:51Z,22.86,75.99,99,0,24.07,100.96,0.00,400.00,null,null,null
2023-08-19T02:27:51Z,22.83,76.01,99,0,24.31,100.95,0.00,400.00,5,5,5
2023-08-19T02:28:51Z,22.84,75.95,99,0,28.85,100.95,0.00,400.00,null,null,null
2023-08-19T02:29:51Z,22.84,75.89,99,0,26.80,100.95,0.00,400.00,null,null,null
2023-08-19T02:30:51Z,22.83,75.83,99,0,24.27,100.95,3.00,422.00,null,null,null
2023-08-19T02:31:51Z,22.82,75.81,99,0,24.35,100.95,3.00,426.00,null,null,null
2023-08-19T02:32:51Z,22.80,75.83,99,0,25.35,100.95,1.00,408.00,4,4,4
2023-08-19T02:33:51Z,22.82,75.84,99,0,24.86,100.95,1.00,408.00,null,null,null
2023-08-19T02:34:51Z,22.80,75.79,99,0,25.35,100.95,2.00,418.00,null,null,null
2023-08-19T02:35:51Z,22.79,75.76,99,0,24.07,100.96,3.00,422.00,null,null,null
2023-08-19T02:36:51Z,22.77,75.76,99,0,30.12,100.96,1.00,413.00,null,null,null
2023-08-19T02:37:51Z,22.77,75.72,99,0,24.43,100.95,1.00,413.00,5,9,9
2023-08-19T02:38:51Z,22.77,75.75,99,0,21.02,100.95,1.00,411.00,null,null,null
2023-08-19T02:39:51Z,22.76,75.74,99,0,23.35,100.96,1.00,408.00,null,null,null
2023-08-19T02:40:51Z,22.77,75.75,99,0,23.77,100.96,2.00,416.00,null,null,null
2023-08-19T02:41:51Z,22.76,75.78,99,0,21.26,100.96,1.00,413.00,null,null,null
2023-08-19T02:42:51Z,22.75,75.76,99,0,24.83,100.96,2.00,418.00,3,4,4
2023-08-19T02:43:51Z,22.75,75.78,99,0,24.15,100.96,2.00,418.00,null,null,null
2023-08-19T02:44:51Z,22.77,75.79,99,0,20.48,100.96,1.00,413.00,null,null,null
2023-08-19T02:45:51Z,22.75,75.84,99,0,22.99,100.96,3.00,422.00,null,null,null
2023-08-19T02:46:51Z,22.75,75.86,99,0,22.61,100.96,3.00,422.00,null,null,null
2023-08-19T02:47:51Z,22.73,75.91,99,0,25.62,100.96,4.00,432.00,3,3,3
2023-08-19T02:48:51Z,22.76,75.94,99,0,24.65,100.96,5.00,436.00,null,null,null
2023-08-19T02:49:51Z,22.76,75.96,99,0,23.86,100.95,5.00,438.00,null,null,null
2023-08-19T02:50:51Z,22.76,75.96,99,0,25.62,100.95,6.00,442.00,null,null,null
2023-08-19T02:51:51Z,22.75,75.96,99,0,28.39,100.96,7.00,446.00,null,null,null
2023-08-19T02:52:51Z,22.73,75.98,99,0,37.92,100.96,7.00,446.00,2,2,2
2023-08-19T02:53:51Z,22.76,76.07,99,0,24.35,100.96,10.00,470.00,null,null,null
2023-08-19T02:54:51Z,22.75,76.03,99,0,34.40,100.96,8.00,454.00,null,null,null
2023-08-19T02:55:51Z,22.75,76.03,99,0,22.37,100.97,9.00,461.00,null,null,null
2023-08-19T02:56:51Z,22.75,76.03,99,0,20.09,100.96,9.00,465.00,null,null,null
2023-08-19T02:57:51Z,22.75,76.03,99,0,45.98,100.96,10.00,470.00,4,11,11
2023-08-19T02:58:51Z,22.75,76.12,99,0,24.19,100.96,10.00,470.00,null,null,null
2023-08-19T02:59:51Z,22.76,76.07,99,0,25.35,100.96,11.00,476.00,null,null,null
2023-08-19T03:00:51Z,22.75,76.07,99,0,24.27,100.96,11.00,476.00,null,null,null
2023-08-19T03:01:51Z,22.79,76.10,99,0,26.16,100.97,13.00,486.00,null,null,null
2023-08-19T03:02:51Z,22.76,76.09,99,0,26.69,100.96,14.00,492.00,6,6,21
2023-08-19T03:03:51Z,22.79,76.12,99,0,22.12,100.97,14.00,497.00,null,null,null
2023-08-19T03:04:51Z,22.77,76.10,99,0,45.15,100.97,16.00,508.00,null,null,null
2023-08-19T03:05:51Z,22.77,76.12,99,0,21.34,100.97,16.00,508.00,null,null,null
2023-08-19T03:06:51Z,22.77,76.09,99,0,43.66,100.97,18.00,524.00,null,null,null
2023-08-19T03:07:51Z,22.79,76.10,99,0,22.43,100.97,18.00,524.00,4,7,7
2023-08-19T03:08:51Z,22.77,76.15,99,0,24.03,100.97,19.00,530.00,null,null,null
2023-08-19T03:09:51Z,22.79,76.13,99,0,23.30,100.98,20.00,536.00,null,null,null
2023-08-19T03:10:51Z,22.80,76.10,99,0,37.75,100.97,21.00,542.00,null,null,null
2023-08-19T03:11:51Z,22.79,76.10,99,0,21.78,100.98,22.00,546.00,null,null,null
2023-08-19T03:12:51Z,22.80,76.07,99,0,40.15,100.97,23.00,553.00,7,8,19
2023-08-19T03:13:51Z,22.80,76.14,99,0,39.66,100.98,23.00,553.00,null,null,null
2023-08-19T03:14:51Z,22.82,76.11,99,0,47.73,100.97,24.00,561.00,null,null,null
2023-08-19T03:15:51Z,22.82,76.08,99,0,23.45,100.97,25.00,567.00,null,null,null
2023-08-19T03:16:51Z,22.80,76.09,99,0,21.56,100.97,25.00,567.00,null,null,null
2023-08-19T03:17:51Z,22.83,76.09,99,0,23.81,100.98,26.00,572.00,3,8,8
2023-08-19T03:18:51Z,22.82,76.14,99,0,23.63,100.97,27.00,580.00,null,null,null
2023-08-19T03:19:51Z,22.82,76.08,99,0,22.31,100.97,28.00,588.00,null,null,null
2023-08-19T03:20:51Z,22.84,76.08,99,0,44.26,100.97,28.00,588.00,null,null,null
2023-08-19T03:21:51Z,22.84,76.02,99,0,22.83,100.97,29.00,594.00,null,null,null
2023-08-19T03:22:51Z,22.83,76.01,99,0,22.24,100.98,29.00,594.00,1,2,2
2023-08-19T03:23:51Z,22.82,76.14,99,0,22.49,100.98,30.00,600.00,null,null,null
2023-08-19T03:24:51Z,22.86,76.05,99,0,22.61,100.98,30.00,600.00,null,null,null
2023-08-19T03:25:51Z,22.82,76.02,99,0,22.49,100.98,30.00,600.00,null,null,null
2023-08-19T03:26:51Z,22.84,76.02,99,0,22.78,100.98,30.00,600.00,null,null,null
2023-08-19T03:27:51Z,22.84,76.03,99,0,22.94,100.98,32.00,615.00,4,4,4
2023-08-19T03:28:51Z,22.83,76.09,99,0,23.49,100.97,32.00,615.00,null,null,null
2023-08-19T03:29:51Z,22.87,76.05,99,0,48.07,100.98,33.00,623.00,null,null,null
2023-08-19T03:30:51Z,22.86,76.01,99,0,42.69,100.97,33.00,623.00,null,null,null
2023-08-19T03:31:51Z,22.87,76.00,99,0,22.61,100.98,34.00,629.00,null,null,null
2023-08-19T03:32:51Z,22.84,76.03,99,0,22.94,100.97,36.00,640.00,4,4,15
2023-08-19T03:33:51Z,22.86,76.11,99,0,41.08,100.97,36.00,640.00,null,null,null
2023-08-19T03:34:51Z,22.86,76.03,99,0,25.22,100.97,37.00,643.00,null,null,null
2023-08-19T03:35:51Z,22.89,76.01,99,0,43.70,100.97,37.00,643.00,null,null,null
2023-08-19T03:36:51Z,22.87,76.00,99,0,24.15,100.98,38.00,650.00,null,null,null
2023-08-19T03:37:51Z,22.86,75.99,99,0,39.25,100.97,38.00,650.00,2,2,2
2023-08-19T03:38:51Z,22.86,76.07,99,0,23.81,100.97,38.00,650.00,null,null,null
2023-08-19T03:39:51Z,22.86,75.99,99,0,22.72,100.98,39.00,657.00,null,null,null
2023-08-19T03:40:51Z,22.87,75.95,99,0,37.44,100.98,41.00,671.00,null,null,null
2023-08-19T03:41:51Z,22.87,75.96,99,0,23.86,100.98,41.00,671.00,null,null,null
2023-08-19T03:42:51Z,22.87,75.96,99,0,37.48,100.98,41.00,671.00,3,3,3
2023-08-19T03:43:51Z,22.86,76.02,99,0,43.27,100.98,42.00,678.00,null,null,null
2023-08-19T03:44:51Z,22.89,75.94,99,0,22.99,100.98,42.00,678.00,null,null,null
2023-08-19T03:45:51Z,22.89,75.93,99,0,23.15,100.98,42.00,678.00,null,null,null
2023-08-19T03:46:51Z,22.90,75.95,99,0,23.30,100.98,43.00,686.00,null,null,null
2023-08-19T03:47:51Z,22.89,75.93,99,0,34.80,100.98,43.00,686.00,4,5,20
2023-08-19T03:48:51Z,22.89,75.99,99,0,42.00,100.98,43.00,686.00,null,null,null
2023-08-19T03:49:51Z,22.90,75.90,99,0,29.58,100.98,45.00,697.00,null,null,null
2023-08-19T03:50:51Z,22.90,75.90,99,0,24.23,100.99,43.00,686.00,null,null,null
2023-08-19T03:51:51Z,22.90,75.88,99,0,22.24,100.99,45.00,697.00,null,null,null
2023-08-19T03:52:51Z,22.90,75.89,99,0,22.66,100.99,45.00,697.00,3,3,3
2023-08-19T03:53:51Z,22.90,75.95,99,0,23.63,100.99,45.00,697.00,null,null,null
2023-08-19T03:54:51Z,22.90,75.87,99,0,22.49,100.99,47.00,712.00,null,null,null
2023-08-19T03:55:51Z,22.92,75.85,99,0,23.90,101.00,47.00,712.00,null,null,null
2023-08-19T03:56:51Z,22.90,75.85,99,0,20.58,101.00,47.00,712.00,null,null,null
2023-08-19T03:57:51Z,22.90,75.88,99,0,22.55,101.00,48.00,719.00,4,4,4
2023-08-19T03:58:51Z,22.90,75.96,99,0,30.73,101.00,47.00,712.00,null,null,null
2023-08-19T03:59:51Z,22.90,75.84,99,0,26.76,101.00,50.00,733.00,null,null,null
2023-08-19T04:00:51Z,22.92,75.86,99,0,25.76,101.00,50.00,733.00,null,null,null
2023-08-19T04:01:51Z,22.89,75.84,99,0,23.25,101.00,50.00,733.00,null,null,null
2023-08-19T04:02:51Z,22.90,75.85,99,0,23.72,101.00,52.00,742.00,3,5,5
2023-08-19T04:03:51Z,22.89,75.92,99,0,21.78,101.01,52.00,742.00,null,null,null
2023-08-19T04:04:51Z,22.93,75.82,99,0,23.59,101.00,52.00,742.00,null,null,null
2023-08-19T04:05:51Z,22.93,75.84,99,0,25.19,101.01,53.00,749.00,null,null,null
2023-08-19T04:06:51Z,22.92,75.85,99,0,46.38,101.01,53.00,749.00,null,null,null
2023-08-19T04:07:51Z,22.93,75.80,99,0,24.11,101.01,53.00,749.00,3,3,3
2023-08-19T04:08:51Z,22.90,75.88,99,0,22.61,101.01,53.00,749.00,null,null,null
2023-08-19T04:09:51Z,22.92,75.82,99,0,25.47,101.01,54.00,759.00,null,null,null
2023-08-19T04:10:51Z,22.93,75.84,99,0,22.12,101.01,55.00,765.00,null,null,null
2023-08-19T04:11:51Z,22.93,75.82,99,0,21.99,101.01,55.00,765.00,null,null,null
2023-08-19T04:12:51Z,22.90,75.82,99,0,23.98,101.01,55.00,765.00,1,2,2
2023-08-19T04:13:51Z,22.90,75.88,99,0,23.40,101.00,55.00,765.00,null,null,null
2023-08-19T04:14:51Z,22.94,75.80,99,0,42.62,101.00,56.00,772.00,null,null,null
2023-08-19T04:15:51Z,22.93,75.80,99,0,22.18,101.01,56.00,772.00,null,null,null
2023-08-19T04:16:51Z,22.94,75.80,99,0,39.19,101.01,56.00,772.00,null,null,null
2023-08-19T04:17:51Z,22.92,75.78,99,0,25.92,101.01,56.00,772.00,2,2,2
2023-08-19T04:18:51Z,22.90,75.87,99,0,25.00,101.01,56.00,772.00,null,null,null
2023-08-19T04:19:51Z,22.93,75.80,99,0,24.54,101.01,54.00,759.00,null,null,null
2023-08-19T04:20:51Z,22.94,75.78,99,0,21.18,101.01,57.00,780.00,null,null,null
2023-08-19T04:21:51Z,22.94,75.76,99,0,23.10,101.01,57.00,780.00,null,null,null
2023-08-19T04:22:51Z,22.90,75.77,99,0,24.23,101.01,57.00,780.00,7,7,7
2023-08-19T04:23:51Z,22.93,75.85,99,0,24.61,101.02,57.00,780.00,null,null,null
2023-08-19T04:24:51Z,22.94,75.78,99,0,24.39,101.02,57.00,780.00,null,null,null
2023-08-19T04:25:51Z,22.93,75.74,99,0,41.23,101.02,57.00,780.00,null,null,null
2023-08-19T04:26:51Z,22.94,75.72,99,0,23.40,101.03,58.00,787.00,null,null,null
2023-08-19T04:27:51Z,22.93,75.75,99,0,22.55,101.02,60.00,798.00,4,4,4
2023-08-19T04:28:51Z,22.92,75.81,99,0,43.01,101.02,59.00,791.00,null,null,null
2023-08-19T04:29:51Z,22.93,75.77,99,0,54.09,101.03,59.00,791.00,null,null,null
2023-08-19T04:30:51Z,22.93,75.73,99,0,52.49,101.03,59.00,791.00,null,null,null
2023-08-19T04:31:51Z,22.96,75.73,99,0,46.76,101.03,62.00,810.00,null,null,null
2023-08-19T04:32:51Z,22.93,75.75,99,0,21.10,101.03,63.00,819.00,2,5,5
2023-08-19T04:33:51Z,22.94,75.79,99,0,40.75,101.02,65.00,832.00,null,null,null
2023-08-19T04:34:51Z,22.96,75.72,99,0,43.38,101.03,69.00,855.00,null,null,null
2023-08-19T04:35:51Z,22.97,75.69,99,0,21.78,101.03,72.00,874.00,null,null,null
2023-08-19T04:36:51Z,22.94,75.70,99,0,22.49,101.03,74.00,887.00,null,null,null
2023-08-19T04:37:51Z,22.94,75.71,99,0,47.03,101.03,77.00,907.00,4,4,4
2023-08-19T04:38:51Z,22.96,75.77,99,0,44.92,101.03,77.00,907.00,null,null,null
2023-08-19T04:39:51Z,22.93,75.67,99,0,22.12,101.03,77.00,909.00,null,null,null
2023-08-19T04:40:51Z,22.93,75.70,99,0,23.59,101.03,80.00,930.00,null,null,null
2023-08-19T04:41:51Z,22.93,75.70,99,0,47.52,101.04,80.00,930.00,null,null,null
2023-08-19T04:42:51Z,22.93,75.66,99,0,22.05,101.04,82.00,942.00,2,2,2
2023-08-19T04:43:51Z,22.94,75.77,99,0,22.61,101.04,80.00,930.00,null,null,null
2023-08-19T04:44:51Z,22.96,75.71,99,0,51.24,101.04,79.00,923.00,null,null,null
2023-08-19T04:45:51Z,22.92,75.64,99,0,22.37,101.04,79.00,923.00,null,null,null
2023-08-19T04:46:51Z,22.94,75.64,99,0,20.48,101.05,82.00,942.00,null,null,null
2023-08-19T04:47:51Z,22.96,75.67,99,0,24.83,101.05,82.00,942.00,1,1,1
2023-08-19T04:48:51Z,22.94,75.71,99,0,24.61,101.05,80.00,930.00,null,null,null
2023-08-19T04:49:51Z,22.94,75.65,99,0,41.85,101.05,84.00,954.00,null,null,null
2023-08-19T04:50:51Z,22.94,75.63,99,0,57.85,101.05,84.00,954.00,null,null,null
2023-08-19T04:51:51Z,22.94,75.69,99,0,43.22,101.05,84.00,954.00,null,null,null
2023-08-19T04:52:51Z,22.93,75.61,99,0,44.73,101.05,84.00,954.00,3,3,3
2023-08-19T04:53:51Z,22.93,75.73,99,0,22.78,101.06,84.00,954.00,null,null,null
2023-08-19T04:54:51Z,22.94,75.64,99,0,24.31,101.05,84.00,954.00,null,null,null
2023-08-19T04:55:51Z,22.96,75.61,99,0,29.04,101.06,84.00,954.00,null,null,null
2023-08-19T04:56:51Z,22.94,75.61,99,0,23.20,101.06,84.00,954.00,null,null,null
2023-08-19T04:57:51Z,22.92,75.60,99,0,22.49,101.07,84.00,954.00,5,5,5
2023-08-19T04:58:51Z,22.93,75.69,99,0,24.96,101.06,84.00,954.00,null,null,null
2023-08-19T04:59:51Z,22.94,75.64,99,0,38.75,101.06,84.00,954.00,null,null,null
2023-08-19T05:00:51Z,22.96,75.63,99,0,25.62,101.06,84.00,954.00,null,null,null
2023-08-19T05:01:51Z,22.96,75.57,99,0,45.42,101.07,84.00,954.00,null,null,null
2023-08-19T05:02:51Z,22.92,75.57,99,0,45.95,101.07,84.00,954.00,0,0,0
2023-08-19T05:03:51Z,22.94,75.67,99,0,37.47,101.07,84.00,954.00,null,null,null
2023-08-19T05:04:51Z,22.97,75.60,99,0,23.49,101.08,84.00,954.00,null,null,null
2023-08-19T05:05:51Z,22.93,75.60,99,0,23.15,101.07,84.00,954.00,null,null,null
2023-08-19T05:06:51Z,22.94,75.56,99,0,22.43,101.07,84.00,954.00,null,null,null
2023-08-19T05:07:51Z,22.92,75.56,99,0,23.68,101.08,84.00,954.00,1,1,1
2023-08-19T05:08:51Z,22.96,75.63,99,0,25.06,101.08,84.00,954.00,null,null,null
2023-08-19T05:09:51Z,22.96,75.56,99,0,45.57,101.08,82.00,942.00,null,null,null
2023-08-19T05:10:51Z,22.96,75.56,99,0,25.70,101.08,82.00,942.00,null,null,null
2023-08-19T05:11:51Z,22.94,75.54,99,0,49.97,101.08,82.00,942.00,null,null,null
2023-08-19T05:12:51Z,22.93,75.49,99,0,25.67,101.09,84.00,954.00,4,4,4
2023-08-19T05:13:51Z,22.94,75.59,99,0,27.94,101.09,82.00,942.00,null,null,null
2023-08-19T05:14:51Z,22.94,75.53,99,0,24.31,101.09,84.00,954.00,null,null,null
2023-08-19T05:15:51Z,22.92,75.52,99,0,25.59,101.09,84.00,954.00,null,null,null
2023-08-19T05:16:51Z,22.92,75.49,99,0,29.01,101.09,84.00,954.00,null,null,null
2023-08-19T05:17:51Z,22.92,75.51,99,0,21.56,101.09,84.00,954.00,0,0,16
2023-08-19T05:18:51Z,22.94,75.62,99,0,36.51,101.10,82.00,942.00,null,null,null
2023-08-19T05:19:51Z,22.93,75.56,99,0,22.78,101.10,84.00,954.00,null,null,null
2023-08-19T05:20:51Z,22.94,75.51,99,0,25.38,101.10,84.00,954.00,null,null,null
2023-08-19T05:21:51Z,22.94,75.54,99,0,23.05,101.10,82.00,942.00,null,null,null
2023-08-19T05:22:51Z,22.93,75.54,99,0,42.72,101.10,82.00,942.00,2,3,3
2023-08-19T05:23:51Z,22.93,75.58,99,0,29.71,101.10,82.00,942.00,null,null,null
2023-08-19T05:24:51Z,22.96,75.51,99,0,22.99,101.10,82.00,942.00,null,null,null
2023-08-19T05:25:51Z,22.93,75.47,99,0,22.55,101.11,82.00,942.00,null,null,null
2023-08-19T05:26:51Z,22.94,75.49,99,0,25.38,101.11,82.00,942.00,null,null,null
2023-08-19T05:27:51Z,22.94,75.48,99,0,23.30,101.11,82.00,942.00,1,1,1
2023-08-19T05:28:51Z,22.94,75.56,99,0,23.98,101.11,82.00,942.00,null,null,null
2023-08-19T05:29:51Z,22.94,75.50,99,0,35.41,101.11,82.00,942.00,null,null,null
2023-08-19T05:30:51Z,22.93,75.51,99,0,26.97,101.11,82.00,942.00,null,null,null
2023-08-19T05:31:51Z,22.93,75.46,99,0,23.54,101.11,82.00,942.00,null,null,null
2023-08-19T05:32:51Z,22.93,75.44,99,0,24.86,101.10,82.00,942.00,4,4,4
2023-08-19T05:33:51Z,22.96,75.53,99,0,24.50,101.11,82.00,942.00,null,null,null
2023-08-19T05:34:51Z,22.93,75.44,99,0,22.49,101.11,82.00,942.00,null,null,null
2023-08-19T05:35:51Z,22.96,75.46,99,0,40.78,101.11,82.00,942.00,null,null,null
2023-08-19T05:36:51Z,22.93,75.40,99,0,23.94,101.12,80.00,930.00,null,null,null
2023-08-19T05:37:51Z,22.90,75.47,99,0,26.14,101.12,80.00,930.00,1,1,1
2023-08-19T05:38:51Z,22.94,75.54,99,0,23.54,101.12,77.00,907.00,null,null,null
2023-08-19T05:39:51Z,22.96,75.46,99,0,23.35,101.12,84.00,954.00,null,null,null
2023-08-19T05:40:51Z,22.94,75.39,99,0,24.76,101.13,90.00,995.00,null,null,null
2023-08-19T05:41:51Z,22.94,75.40,99,0,24.07,101.13,99.00,1056.00,null,null,null
2023-08-19T05:42:51Z,22.96,75.41,99,0,23.05,101.13,108.00,1110.00,6,6,6
2023-08-19T05:43:51Z,22.93,75.46,99,0,25.32,101.13,120.00,1191.00,null,null,null
2023-08-19T05:44:51Z,22.94,75.44,99,0,22.61,101.13,128.00,1245.00,null,null,null
2023-08-19T05:45:51Z,22.93,75.35,99,0,26.41,101.14,133.00,1277.00,null,null,null
2023-08-19T05:46:51Z,22.93,75.40,99,0,46.31,101.13,139.00,1313.00,null,null,null
2023-08-19T05:47:51Z,22.93,75.41,99,0,26.50,101.14,142.00,1334.00,1,1,1
2023-08-19T05:48:51Z,22.94,75.46,99,0,28.50,101.14,145.00,1352.00,null,null,null
2023-08-19T05:49:51Z,22.94,75.38,99,0,29.63,101.14,147.00,1367.00,null,null,null
2023-08-19T05:50:51Z,22.94,75.38,99,0,24.39,101.14,151.00,1393.00,null,null,null
2023-08-19T05:51:51Z,22.94,75.39,99,0,26.31,101.14,151.00,1393.00,null,null,null
2023-08-19T05:52:51Z,22.93,75.35,99,0,43.41,101.14,151.00,1393.00,5,6,6
2023-08-19T05:53:51Z,22.94,75.46,99,0,28.45,101.15,154.00,1413.00,null,null,null
2023-08-19T05:54:51Z,22.93,75.38,99,0,47.75,101.15,154.00,1413.00,null,null,null
2023-08-19T05:55:51Z,22.93,75.35,99,0,28.12,101.15,154.00,1413.00,null,null,null
2023-08-19T05:56:51Z,22.92,75.37,99,0,22.99,101.15,154.00,1413.00,null,null,null
2023-08-19T05:57:51Z,22.93,75.35,99,0,25.41,101.15,154.00,1413.00,4,4,4
2023-08-19T05:58:51Z,22.94,75.42,99,0,49.23,101.15,154.00,1413.00,null,null,null
2023-08-19T05:59:51Z,22.94,75.33,99,0,25.16,101.15,154.00,1413.00,null,null,null
2023-08-19T06:00:51Z,22.93,75.36,99,0,22.89,101.15,154.00,1413.00,null,null,null
2023-08-19T06:01:51Z,22.94,75.33,99,0,29.05,101.16,154.00,1413.00,null,null,null
2023-08-19T06:02:51Z,22.94,75.34,99,0,20.76,101.17,154.00,1413.00,3,3,3
2023-08-19T06:03:51Z,22.94,75.40,99,0,24.65,101.16,154.00,1413.00,null,null,null
2023-08-19T06:04:51Z,22.93,75.35,99,0,23.35,101.16,154.00,1413.00,null,null,null
2023-08-19T06:05:51Z,22.94,75.35,99,0,23.35,101.16,154.00,1413.00,null,null,null
2023-08-19T06:06:51Z,22.94,75.30,99,0,24.50,101.16,154.00,1413.00,null,null,null
2023-08-19T06:07:51Z,22.93,75.30,99,0,23.40,101.16,151.00,1393.00,2,4,4
2023-08-19T06:08:51Z,22.93,75.40,99,0,46.84,101.17,147.00,1367.00,null,null,null
2023-08-19T06:09:51Z,22.92,75.31,99,0,23.20,101.16,151.00,1393.00,null,null,null
2023-08-19T06:10:51Z,22.94,75.30,99,0,25.06,101.17,147.00,1367.00,null,null,null
2023-08-19T06:11:51Z,22.93,75.28,99,0,27.14,101.17,147.00,1367.00,null,null,null
2023-08-19T06:12:51Z,22.94,75.29,99,0,26.97,101.17,145.00,1352.00,3,6,6
2023-08-19T06:13:51Z,22.92,75.34,99,0,21.26,101.18,145.00,1352.00,null,null,null
2023-08-19T06:14:51Z,22.93,75.28,99,0,24.93,101.18,145.00,1352.00,null,null,null
2023-08-19T06:15:51Z,22.94,75.28,99,0,39.84,101.18,145.00,1352.00,null,null,null
2023-08-19T06:16:51Z,22.94,75.28,99,0,27.30,101.18,145.00,1352.00,null,null,null
2023-08-19T06:17:51Z,22.94,75.26,99,0,23.59,101.18,145.00,1352.00,4,5,5
2023-08-19T06:18:51Z,22.93,75.33,99,0,28.14,101.19,145.00,1352.00,null,null,null
2023-08-19T06:19:51Z,22.93,75.25,99,0,21.10,101.19,142.00,1334.00,null,null,null
2023-08-19T06:20:51Z,22.93,75.23,99,0,22.72,101.19,142.00,1334.00,null,null,null
2023-08-19T06:21:51Z,22.93,75.24,99,0,26.08,101.19,143.00,1345.00,null,null,null
2023-08-19T06:22:51Z,22.94,75.24,99,0,22.31,101.20,143.00,1345.00,2,3,3
2023-08-19T06:23:51Z,22.93,75.32,99,0,25.56,101.20,140.00,1324.00,null,null,null
2023-08-19T06:24:51Z,22.93,75.26,99,0,25.26,101.20,139.00,1313.00,null,null,null
2023-08-19T06:25:51Z,22.94,75.19,99,0,42.98,101.20,139.00,1313.00,null,null,null
2023-08-19T06:26:51Z,22.94,75.21,99,0,34.91,101.20,138.00,1310.00,null,null,null
2023-08-19T06:27:51Z,22.92,75.22,99,0,43.23,101.20,138.00,1310.00,1,2,2
2023-08-19T06:28:51Z,22.94,75.29,99,0,25.00,101.20,138.00,1310.00,null,null,null
2023-08-19T06:29:51Z,22.93,75.19,99,0,23.63,101.21,136.00,1299.00,null,null,null
2023-08-19T06:30:51Z,22.92,75.21,99,0,22.18,101.21,136.00,1299.00,null,null,null
2023-08-19T06:31:51Z,22.92,75.15,99,0,24.27,101.21,138.00,1310.00,null,null,null
2023-08-19T06:32:51Z,22.93,75.19,99,0,25.32,101.20,138.00,1310.00,2,2,2
2023-08-19T06:33:51Z,22.94,75.24,99,0,24.11,101.21,132.00,1270.00,null,null,null
2023-08-19T06:34:51Z,22.92,75.16,99,0,22.55,101.20,135.00,1288.00,null,null,null
2023-08-19T06:35:51Z,22.92,75.17,99,0,39.81,101.21,132.00,1270.00,null,null,null
2023-08-19T06:36:51Z,22.92,75.18,99,0,22.43,101.21,132.00,1270.00,null,null,null
2023-08-19T06:37:51Z,22.93,75.12,99,0,22.43,101.21,132.00,1270.00,1,1,1
2023-08-19T06:38:51Z,22.94,75.24,99,0,26.41,101.21,132.00,1270.00,null,null,null
2023-08-19T06:39:51Z,22.90,75.16,99,0,22.18,101.20,130.00,1255.00,null,null,null
2023-08-19T06:40:51Z,22.93,75.11,99,0,22.18,101.20,130.00,1255.00,null,null,null
2023-08-19T06:41:51Z,22.94,75.08,99,0,27.06,101.20,130.00,1255.00,null,null,null
2023-08-19T06:42:51Z,22.90,75.13,99,0,24.68,101.20,126.00,1231.00,2,2,2
2023-08-19T06:43:51Z,22.92,75.18,99,0,23.10,101.20,126.00,1231.00,null,null,null
2023-08-19T06:44:51Z,22.94,75.12,99,0,39.44,101.21,124.00,1215.00,null,null,null
2023-08-19T06:45:51Z,22.90,75.07,99,0,27.02,101.21,124.00,1215.00,null,null,null
2023-08-19T06:46:51Z,22.90,75.06,99,0,24.07,101.20,124.00,1215.00,null,null,null
2023-08-19T06:47:51Z,22.89,75.06,99,0,24.65,101.21,122.00,1201.00,1,1,1
2023-08-19T06:48:51Z,22.92,75.14,99,0,25.38,101.22,122.00,1201.00,null,null,null
2023-08-19T06:49:51Z,22.92,75.05,99,0,29.55,101.22,122.00,1201.00,null,null,null
2023-08-19T06:50:51Z,22.93,75.06,99,0,22.37,101.22,122.00,1201.00,null,null,null
2023-08-19T06:51:51Z,22.89,75.05,99,0,27.94,101.22,119.00,1184.00,null,null,null
2023-08-19T06:52:51Z,22.90,75.01,99,0,23.59,101.22,119.00,1184.00,1,1,1
2023-08-19T06:53:51Z,22.92,75.08,99,0,26.64,101.23,119.00,1184.00,null,null,null
2023-08-19T06:54:51Z,22.92,75.02,99,0,24.54,101.23,117.00,1168.00,null,null,null
2023-08-19T06:55:51Z,22.92,75.01,99,0,24.27,101.23,117.00,1168.00,null,null,null
2023-08-19T06:56:51Z,22.90,74.97,99,0,27.30,101.23,117.00,1168.00,null,null,null
2023-08-19T06:57:51Z,22.92,74.97,99,0,22.99,101.23,112.00,1140.00,2,2,2
2023-08-19T06:58:51Z,22.92,75.04,99,0,23.98,101.24,114.00,1153.00,null,null,null
2023-08-19T06:59:51Z,22.90,74.93,99,0,46.11,101.24,114.00,1153.00,null,null,null
2023-08-19T07:00:51Z,22.92,74.92,99,0,25.19,101.24,114.00,1153.00,null,null,null
2023-08-19T07:01:51Z,22.90,74.92,99,0,42.83,101.25,114.00,1153.00,null,null,null
2023-08-19T07:02:51Z,22.92,74.92,99,0,32.64,101.25,114.00,1153.00,2,2,2
2023-08-19T07:03:51Z,22.92,74.99,99,0,22.72,101.25,112.00,1140.00,null,null,null
2023-08-19T07:04:51Z,22.92,74.91,99,0,21.85,101.25,114.00,1153.00,null,null,null
2023-08-19T07:05:51Z,22.92,74.88,99,0,22.31,101.26,117.00,1168.00,null,null,null
2023-08-19T07:06:51Z,22.92,74.92,99,0,22.24,101.25,117.00,1168.00,null,null,null
2023-08-19T07:07:51Z,22.92,74.91,99,0,25.70,101.26,117.00,1168.00,1,1,1
2023-08-19T07:08:51Z,22.92,74.97,99,0,25.59,101.26,122.00,1201.00,null,null,null
2023-08-19T07:09:51Z,22.93,74.93,99,0,32.65,101.26,122.00,1201.00,null,null,null
2023-08-19T07:10:51Z,22.92,74.93,99,0,32.12,101.25,122.00,1201.00,null,null,null
2023-08-19T07:11:51Z,22.92,74.90,99,0,32.48,101.26,124.00,1215.00,null,null,null
2023-08-19T07:12:51Z,22.90,74.93,99,0,32.10,101.26,124.00,1215.00,1,1,1
2023-08-19T07:13:51Z,22.90,74.99,99,0,23.10,101.26,124.00,1215.00,null,null,null
2023-08-19T07:14:51Z,22.92,74.95,99,0,33.21,101.26,124.00,1215.00,null,null,null
2023-08-19T07:15:51Z,22.92,74.88,99,0,23.25,101.27,124.00,1215.00,null,null,null
2023-08-19T07:16:51Z,22.93,74.91,99,0,27.75,101.27,124.00,1215.00,null,null,null
2023-08-19T07:17:51Z,22.92,74.89,99,0,22.72,101.27,130.00,1255.00,0,0,0
2023-08-19T07:18:51Z,22.92,75.00,99,0,21.92,101.27,146.00,1364.00,null,null,null
2023-08-19T07:19:51Z,22.94,74.95,99,0,25.35,101.27,158.00,1441.00,null,null,null
2023-08-19T07:20:51Z,22.92,74.91,99,0,23.68,101.27,162.00,1465.00,null,null,null
2023-08-19T07:21:51Z,22.93,74.93,99,0,22.89,101.27,162.00,1465.00,null,null,null
2023-08-19T07:22:51Z,22.90,74.97,99,0,24.89,101.27,162.00,1465.00,8,9,9
2023-08-19T07:23:51Z,22.89,74.99,99,0,28.60,101.28,162.00,1465.00,null,null,null
2023-08-19T07:24:51Z,22.89,74.95,99,0,25.56,101.28,169.00,1496.00,null,null,null
2023-08-19T07:25:51Z,22.93,74.97,99,0,27.10,101.29,169.00,1496.00,null,null,null
2023-08-19T07:26:51Z,22.92,74.95,99,0,26.14,101.28,172.00,1500.00,null,null,null
2023-08-19T07:27:51Z,22.90,75.01,99,0,32.59,101.29,172.00,1500.00,0,0,0
2023-08-19T07:28:51Z,22.89,75.03,99,0,24.76,101.29,172.00,1500.00,null,null,null
2023-08-19T07:29:51Z,22.94,75.01,99,0,23.86,101.29,175.00,1505.00,null,null,null
2023-08-19T07:30:51Z,22.93,75.00,99,0,34.43,101.29,172.00,1500.00,null,null,null
2023-08-19T07:31:51Z,22.92,75.00,99,0,41.91,101.29,175.00,1505.00,null,null,null
2023-08-19T07:32:51Z,22.93,74.99,99,0,30.35,101.30,175.00,1505.00,1,1,1
2023-08-19T07:33:51Z,22.90,75.12,99,0,29.28,101.30,175.00,1505.00,null,null,null
2023-08-19T07:34:51Z,22.92,75.07,99,0,26.36,101.30,175.00,1505.00,null,null,null
2023-08-19T07:35:51Z,22.92,75.01,99,0,24.03,101.29,175.00,1505.00,null,null,null
2023-08-19T07:36:51Z,22.94,75.01,99,0,26.95,101.30,172.00,1500.00,null,null,null
2023-08-19T07:37:51Z,22.90,75.05,99,0,27.49,101.30,175.00,1505.00,3,3,3
2023-08-19T07:38:51Z,22.92,75.11,99,0,23.10,101.30,172.00,1500.00,null,null,null
2023-08-19T07:39:51Z,22.90,75.06,99,0,25.47,101.30,172.00,1500.00,null,null,null
2023-08-19T07:40:51Z,22.90,75.06,99,0,23.94,101.30,172.00,1500.00,null,null,null
2023-08-19T07:41:51Z,22.93,75.05,99,0,22.66,101.30,169.00,1496.00,null,null,null
2023-08-19T07:42:51Z,22.89,75.04,99,0,42.85,101.30,169.00,1496.00,1,2,13
2023-08-19T07:43:51Z,22.90,75.14,99,0,23.20,101.31,169.00,1496.00,null,null,null
2023-08-19T07:44:51Z,22.92,75.07,99,0,29.09,101.31,169.00,1496.00,null,null,null
2023-08-19T07:45:51Z,22.93,75.06,99,0,20.76,101.31,169.00,1496.00,null,null,null
2023-08-19T07:46:51Z,22.90,75.06,99,0,26.19,101.31,164.00,1482.00,null,null,null
2023-08-19T07:47:51Z,22.90,75.08,99,0,28.36,101.32,162.00,1465.00,2,2,2
2023-08-19T07:48:51Z,22.92,75.20,99,0,24.46,101.31,162.00,1465.00,null,null,null
2023-08-19T07:49:51Z,22.90,75.12,99,0,27.18,101.31,162.00,1465.00,null,null,null
2023-08-19T07:50:51Z,22.90,75.06,99,0,24.31,101.31,158.00,1441.00,null,null,null
2023-08-19T07:51:51Z,22.92,75.08,99,0,23.72,101.31,164.00,1482.00,null,null,null
2023-08-19T07:52:51Z,22.90,75.09,99,0,25.35,101.32,162.00,1465.00,1,1,1
2023-08-19T07:53:51Z,22.92,75.18,99,0,27.12,101.32,158.00,1441.00,null,null,null
2023-08-19T07:54:51Z,22.92,75.14,99,0,24.54,101.32,162.00,1465.00,null,null,null
2023-08-19T07:55:51Z,22.92,75.13,99,0,27.38,101.32,158.00,1441.00,null,null,null
2023-08-19T07:56:51Z,22.92,75.12,99,0,33.95,101.31,158.00,1441.00,null,null,null
2023-08-19T07:57:51Z,22.92,75.15,99,0,27.47,101.32,158.00,1441.00,1,1,1
2023-08-19T07:58:51Z,22.93,75.21,99,0,24.65,101.32,158.00,1441.00,null,null,null
2023-08-19T07:59:51Z,22.92,75.17,99,0,23.63,101.32,156.00,1425.00,null,null,null
2023-08-19T08:00:51Z,22.92,75.13,99,0,31.49,101.32,156.00,1425.00,null,null,null
2023-08-19T08:01:51Z,22.90,75.14,99,0,25.73,101.32,156.00,1425.00,null,null,null
2023-08-19T08:02:51Z,22.90,75.13,99,0,25.90,101.33,156.00,1425.00,0,0,0
2023-08-19T08:03:51Z,22.89,75.27,99,0,23.40,101.33,156.00,1425.00,null,null,null
2023-08-19T08:04:51Z,22.93,75.18,99,0,24.68,101.33,154.00,1413.00,null,null,null
2023-08-19T08:05:51Z,22.92,75.15,99,0,24.23,101.33,156.00,1425.00,null,null,null
2023-08-19T08:06:51Z,22.92,75.18,99,0,24.46,101.33,156.00,1425.00,null,null,null
2023-08-19T08:07:51Z,22.92,75.13,99,0,37.86,101.33,156.00,1425.00,0,0,0
2023-08-19T08:08:51Z,22.90,75.28,99,0,24.50,101.33,152.00,1404.00,null,null,null
2023-08-19T08:09:51Z,22.90,75.18,99,0,23.86,101.33,151.00,1393.00,null,null,null
2023-08-19T08:10:51Z,22.92,75.17,99,0,38.76,101.33,149.00,1380.00,null,null,null
2023-08-19T08:11:51Z,22.90,75.15,99,0,38.28,101.33,149.00,1380.00,null,null,null
2023-08-19T08:12:51Z,22.92,75.16,99,0,26.78,101.33,149.00,1380.00,1,2,2
2023-08-19T08:13:51Z,22.92,75.28,99,0,25.16,101.34,149.00,1380.00,null,null,null
2023-08-19T08:14:51Z,22.92,75.16,99,0,23.15,101.34,145.00,1352.00,null,null,null
2023-08-19T08:15:51Z,22.90,75.16,99,0,24.54,101.34,146.00,1364.00,null,null,null
2023-08-19T08:16:51Z,22.92,75.18,99,0,23.68,101.34,146.00,1364.00,null,null,null
2023-08-19T08:17:51Z,22.89,75.18,99,0,23.30,101.34,146.00,1364.00,2,2,2
2023-08-19T08:18:51Z,22.92,75.30,99,0,25.79,101.34,143.00,1345.00,null,null,null
2023-08-19T08:19:51Z,22.92,75.18,99,0,26.38,101.35,145.00,1352.00,null,null,null
2023-08-19T08:20:51Z,22.90,75.16,99,0,23.68,101.35,143.00,1345.00,null,null,null
2023-08-19T08:21:51Z,22.90,75.22,99,0,26.26,101.34,143.00,1345.00,null,null,null
2023-08-19T08:22:51Z,22.92,75.19,99,0,26.00,101.35,143.00,1345.00,2,2,2
2023-08-19T08:23:51Z,22.92,75.30,99,0,41.62,101.35,140.00,1324.00,null,null,null
2023-08-19T08:24:51Z,22.93,75.19,99,0,23.68,101.35,142.00,1334.00,null,null,null
2023-08-19T08:25:51Z,22.89,75.19,99,0,24.35,101.35,140.00,1324.00,null,null,null
2023-08-19T08:26:51Z,22.92,75.21,99,0,22.61,101.35,140.00,1324.00,null,null,null
2023-08-19T08:27:51Z,22.90,75.19,99,0,23.94,101.35,140.00,1324.00,0,0,0
2023-08-19T08:28:51Z,22.90,75.30,99,0,34.30,101.36,140.00,1324.00,null,null,null
2023-08-19T08:29:51Z,22.89,75.24,99,0,23.30,101.36,139.00,1313.00,null,null,null
2023-08-19T08:30:51Z,22.90,75.21,99,0,22.78,101.36,138.00,1310.00,null,null,null
2023-08-19T08:31:51Z,22.92,75.24,99,0,30.46,101.36,138.00,1310.00,null,null,null
2023-08-19T08:32:51Z,22.89,75.22,99,0,26.84,101.36,138.00,1310.00,4,4,4
2023-08-19T08:33:51Z,22.89,75.36,99,0,24.54,101.36,135.00,1288.00,null,null,null
2023-08-19T08:34:51Z,22.90,75.24,99,0,23.25,101.36,133.00,1277.00,null,null,null
2023-08-19T08:35:51Z,22.89,75.26,99,0,26.69,101.37,132.00,1270.00,null,null,null
2023-08-19T08:36:51Z,22.90,75.28,99,0,22.18,101.37,130.00,1259.00,null,null,null
2023-08-19T08:37:51Z,22.92,75.17,99,0,23.94,101.36,120.00,1191.00,0,0,0
2023-08-19T08:38:51Z,22.89,75.05,99,0,25.26,101.38,117.00,1168.00,null,null,null
2023-08-19T08:39:51Z,22.90,74.89,99,0,23.15,101.38,135.00,1288.00,null,null,null
2023-08-19T08:40:51Z,22.92,74.80,99,0,22.72,101.38,135.00,1288.00,null,null,null
2023-08-19T08:41:51Z,22.87,74.72,99,0,27.49,101.38,132.00,1270.00,null,null,null
2023-08-19T08:42:51Z,22.89,74.69,99,0,28.12,101.38,132.00,1270.00,1,1,17
2023-08-19T08:43:51Z,22.89,74.76,99,0,23.72,101.38,134.00,1281.00,null,null,null
2023-08-19T08:44:51Z,22.86,74.79,99,0,21.92,101.38,132.00,1270.00,null,null,null
2023-08-19T08:45:51Z,22.87,74.82,99,0,25.32,101.38,132.00,1270.00,null,null,null
2023-08-19T08:46:51Z,22.87,74.87,99,0,23.72,101.38,132.00,1270.00,null,null,null
2023-08-19T08:47:51Z,22.87,74.89,99,0,26.03,101.39,132.00,1270.00,2,2,2
2023-08-19T08:48:51Z,22.89,74.94,99,0,25.62,101.39,132.00,1270.00,null,null,null
2023-08-19T08:49:51Z,22.90,74.89,99,0,26.41,101.39,135.00,1288.00,null,null,null
2023-08-19T08:50:51Z,22.86,74.94,99,0,26.16,101.39,138.00,1310.00,null,null,null
2023-08-19T08:51:51Z,22.87,74.87,99,0,24.43,101.39,138.00,1310.00,null,null,null
2023-08-19T08:52:51Z,22.87,74.89,99,0,22.49,101.39,138.00,1310.00,2,2,2
2023-08-19T08:53:51Z,22.87,74.95,99,0,25.53,101.39,138.00,1310.00,null,null,null
2023-08-19T08:54:51Z,22.89,74.91,99,0,22.72,101.39,138.00,1310.00,null,null,null
2023-08-19T08:55:51Z,22.87,74.92,99,0,22.83,101.39,140.00,1324.00,null,null,null
2023-08-19T08:56:51Z,22.87,74.94,99,0,26.57,101.39,140.00,1324.00,null,null,null
2023-08-19T08:57:51Z,22.84,74.90,99,0,22.89,101.39,138.00,1310.00,0,0,0
2023-08-19T08:58:51Z,22.86,75.00,99,0,26.19,101.40,138.00,1310.00,null,null,null
2023-08-19T08:59:51Z,22.89,74.91,99,0,24.58,101.39,140.00,1324.00,null,null,null
2023-08-19T09:00:51Z,22.86,74.92,99,0,25.47,101.39,140.00,1324.00,null,null,null
2023-08-19T09:01:51Z,22.87,74.95,99,0,23.15,101.39,140.00,1324.00,null,null,null
2023-08-19T09:02:51Z,22.86,74.96,99,0,22.66,101.40,140.00,1324.00,3,3,3
2023-08-19T09:03:51Z,22.87,75.02,99,0,27.92,101.39,143.00,1345.00,null,null,null
2023-08-19T09:04:51Z,22.84,74.99,99,0,22.49,101.40,143.00,1345.00,null,null,null
2023-08-19T09:05:51Z,22.86,74.96,99,0,26.78,101.40,143.00,1345.00,null,null,null
2023-08-19T09:06:51Z,22.84,74.96,99,0,24.50,101.39,140.00,1324.00,null,null,null
2023-08-19T09:07:51Z,22.86,74.99,99,0,24.86,101.39,143.00,1345.00,5,10,10
2023-08-19T09:08:51Z,22.86,75.08,99,0,26.57,101.40,143.00,1345.00,null,null,null
2023-08-19T09:09:51Z,22.87,74.96,99,0,27.22,101.40,138.00,1310.00,null,null,null
2023-08-19T09:10:51Z,22.87,75.00,99,0,25.00,101.40,143.00,1345.00,null,null,null
2023-08-19T09:11:51Z,22.86,74.97,99,0,26.24,101.40,146.00,1364.00,null,null,null
2023-08-19T09:12:51Z,22.84,75.01,99,0,47.10,101.40,143.00,1345.00,4,4,4
2023-08-19T09:13:51Z,22.86,75.11,99,0,22.78,101.41,143.00,1345.00,null,null,null
2023-08-19T09:14:51Z,22.83,75.04,99,0,24.86,101.40,146.00,1364.00,null,null,null
2023-08-19T09:15:51Z,22.87,74.99,99,0,29.57,101.41,143.00,1345.00,null,null,null
2023-08-19T09:16:51Z,22.86,75.00,99,0,25.41,101.42,143.00,1345.00,null,null,null
2023-08-19T09:17:51Z,22.83,74.98,99,0,26.29,101.42,143.00,1345.00,7,9,9
2023-08-19T09:18:51Z,22.84,75.10,99,0,23.63,101.41,143.00,1345.00,null,null,null
2023-08-19T09:19:51Z,22.84,75.03,99,0,40.66,101.41,143.00,1345.00,null,null,null
2023-08-19T09:20:51Z,22.83,75.01,99,0,25.73,101.41,143.00,1345.00,null,null,null
2023-08-19T09:21:51Z,22.84,75.00,99,0,28.70,101.41,140.00,1324.00,null,null,null
2023-08-19T09:22:51Z,22.83,75.00,99,0,27.87,101.41,140.00,1324.00,8,8,8
2023-08-19T09:23:51Z,22.86,75.15,99,0,23.54,101.42,140.00,1324.00,null,null,null
2023-08-19T09:24:51Z,22.83,75.07,99,0,24.50,101.41,140.00,1324.00,null,null,null
2023-08-19T09:25:51Z,22.84,75.05,99,0,23.45,101.41,140.00,1324.00,null,null,null
2023-08-19T09:26:51Z,22.84,75.04,99,0,23.77,101.41,140.00,1324.00,null,null,null
2023-08-19T09:27:51Z,22.83,75.05,99,0,24.65,101.41,138.00,1310.00,10,12,12
2023-08-19T09:28:51Z,22.84,75.17,99,0,24.50,101.41,138.00,1310.00,null,null,null
2023-08-19T09:29:51Z,22.83,75.14,99,0,23.20,101.41,138.00,1310.00,null,null,null
2023-08-19T09:30:51Z,22.83,75.03,99,0,24.86,101.40,138.00,1310.00,null,null,null
2023-08-19T09:31:51Z,22.82,75.04,99,0,29.36,101.40,138.00,1310.00,null,null,null
2023-08-19T09:32:51Z,22.84,75.07,99,0,24.35,101.41,135.00,1288.00,3,5,5
2023-08-19T09:33:51Z,22.83,75.19,99,0,25.41,101.42,135.00,1288.00,null,null,null
2023-08-19T09:34:51Z,22.80,75.10,99,0,24.15,101.42,135.00,1288.00,null,null,null
2023-08-19T09:35:51Z,22.83,75.07,99,0,22.61,101.42,130.00,1255.00,null,null,null
2023-08-19T09:36:51Z,22.83,75.05,99,0,24.07,101.42,135.00,1288.00,null,null,null
2023-08-19T09:37:51Z,22.84,75.11,99,0,22.55,101.42,135.00,1288.00,2,4,4
2023-08-19T09:38:51Z,22.82,75.23,99,0,28.81,101.43,132.00,1270.00,null,null,null
2023-08-19T09:39:51Z,22.83,75.16,99,0,21.99,101.42,132.00,1270.00,null,null,null
2023-08-19T09:40:51Z,22.83,75.10,99,0,24.23,101.42,132.00,1270.00,null,null,null
2023-08-19T09:41:51Z,22.84,75.11,99,0,23.30,101.42,132.00,1270.00,null,null,null
2023-08-19T09:42:51Z,22.80,75.08,99,0,27.12,101.42,132.00,1270.00,7,22,22
2023-08-19T09:43:51Z,22.82,75.21,99,0,29.44,101.42,130.00,1255.00,null,null,null
2023-08-19T09:44:51Z,22.82,75.15,99,0,23.68,101.42,130.00,1255.00,null,null,null
2023-08-19T09:45:51Z,22.83,75.12,99,0,27.40,101.43,130.00,1255.00,null,null,null
2023-08-19T09:46:51Z,22.83,75.11,99,0,21.56,101.43,130.00,1255.00,null,null,null
2023-08-19T09:47:51Z,22.82,75.11,99,0,22.37,101.43,130.00,1255.00,4,8,8
2023-08-19T09:48:51Z,22.82,75.23,99,0,21.85,101.42,126.00,1231.00,null,null,null
2023-08-19T09:49:51Z,22.82,75.18,99,0,25.59,101.42,126.00,1231.00,null,null,null
2023-08-19T09:50:51Z,22.83,75.11,99,0,23.35,101.42,124.00,1215.00,null,null,null
2023-08-19T09:51:51Z,22.80,75.10,99,0,24.83,101.42,124.00,1215.00,null,null,null
2023-08-19T09:52:51Z,22.80,75.14,99,0,22.49,101.41,124.00,1215.00,9,14,14
2023-08-19T09:53:51Z,22.80,75.24,99,0,24.65,101.43,124.00,1215.00,null,null,null
2023-08-19T09:54:51Z,22.82,75.16,99,0,48.75,101.42,124.00,1215.00,null,null,null
2023-08-19T09:55:51Z,22.83,75.11,99,0,25.70,101.42,124.00,1215.00,null,null,null
2023-08-19T09:56:51Z,22.80,75.13,99,0,23.81,101.42,122.00,1201.00,null,null,null
2023-08-19T09:57:51Z,22.82,75.12,99,0,25.56,101.42,122.00,1201.00,4,6,22
2023-08-19T09:58:51Z,22.80,75.28,99,0,24.19,101.42,122.00,1201.00,null,null,null
2023-08-19T09:59:51Z,22.82,75.19,99,0,52.82,101.42,117.00,1174.00,null,null,null
2023-08-19T10:00:51Z,22.80,75.14,99,0,40.36,101.42,117.00,1174.00,null,null,null
2023-08-19T10:01:51Z,22.80,75.15,99,0,25.67,101.41,117.00,1168.00,null,null,null
2023-08-19T10:02:51Z,22.83,75.20,99,0,21.10,101.41,119.00,1184.00,6,8,8
2023-08-19T10:03:51Z,22.80,75.28,99,0,23.10,101.43,117.00,1168.00,null,null,null
2023-08-19T10:04:51Z,22.80,75.22,99,0,41.45,101.42,115.00,1156.00,null,null,null
2023-08-19T10:05:51Z,22.83,75.19,99,0,28.01,101.42,117.00,1168.00,null,null,null
2023-08-19T10:06:51Z,22.82,75.16,99,0,33.92,101.42,117.00,1168.00,null,null,null
2023-08-19T10:07:51Z,22.82,75.20,99,0,22.94,101.43,114.00,1153.00,7,9,9
2023-08-19T10:08:51Z,22.82,75.32,99,0,24.86,101.43,112.00,1140.00,null,null,null
2023-08-19T10:09:51Z,22.80,75.24,99,0,24.11,101.43,111.00,1131.00,null,null,null
2023-08-19T10:10:51Z,22.83,75.20,99,0,28.45,101.43,112.00,1140.00,null,null,null
2023-08-19T10:11:51Z,22.80,75.20,99,0,25.26,101.44,112.00,1140.00,null,null,null
2023-08-19T10:12:51Z,22.82,75.19,99,0,22.31,101.43,112.00,1140.00,1,1,1
2023-08-19T10:13:51Z,22.80,75.31,99,0,24.19,101.43,109.00,1122.00,null,null,null
2023-08-19T10:14:51Z,22.80,75.22,99,0,23.10,101.43,108.00,1110.00,null,null,null
2023-08-19T10:15:51Z,22.80,75.21,99,0,22.37,101.43,107.00,1105.00,null,null,null
2023-08-19T10:16:51Z,22.82,75.21,99,0,26.78,101.43,107.00,1105.00,null,null,null
2023-08-19T10:17:51Z,22.80,75.22,99,0,26.93,101.42,107.00,1105.00,4,4,4
2023-08-19T10:18:51Z,22.82,75.31,99,0,40.07,101.43,105.00,1093.00,null,null,null
2023-08-19T10:19:51Z,22.80,75.22,99,0,40.98,101.44,104.00,1083.00,null,null,null
2023-08-19T10:20:51Z,22.83,75.19,99,0,23.20,101.44,105.00,1093.00,null,null,null
2023-08-19T10:21:51Z,22.82,75.22,99,0,22.72,101.45,103.00,1081.00,null,null,null
2023-08-19T10:22:51Z,22.82,75.18,99,0,24.39,101.44,103.00,1081.00,6,15,15
2023-08-19T10:23:51Z,22.80,75.29,99,0,24.11,101.43,103.00,1081.00,null,null,null
2023-08-19T10:24:51Z,22.82,75.22,99,0,43.36,101.44,99.00,1056.00,null,null,null
2023-08-19T10:25:51Z,22.80,75.18,99,0,24.76,101.44,99.00,1053.00,null,null,null
2023-08-19T10:26:51Z,22.80,75.17,99,0,27.49,101.44,99.00,1053.00,null,null,null
2023-08-19T10:27:51Z,22.76,75.18,99,0,37.86,101.45,99.00,1053.00,4,8,8
2023-08-19T10:28:51Z,22.79,75.31,99,0,26.38,101.45,99.00,1053.00,null,null,null
2023-08-19T10:29:51Z,22.82,75.20,99,0,25.35,101.44,98.00,1044.00,null,null,null
2023-08-19T10:30:51Z,22.79,75.19,99,0,24.27,101.44,99.00,1053.00,null,null,null
2023-08-19T10:31:51Z,22.79,75.17,99,0,26.93,101.44,96.00,1035.00,null,null,null
2023-08-19T10:32:51Z,22.79,75.15,99,0,28.25,101.45,96.00,1035.00,3,5,5
2023-08-19T10:33:51Z,22.77,75.28,99,0,42.61,101.45,93.00,1014.00,null,null,null
2023-08-19T10:34:51Z,22.82,75.21,99,0,38.98,101.44,92.00,1007.00,null,null,null
2023-08-19T10:35:51Z,22.79,75.17,99,0,41.53,101.45,93.00,1014.00,null,null,null
2023-08-19T10:36:51Z,22.79,75.16,99,0,25.53,101.46,93.00,1014.00,null,null,null
2023-08-19T10:37:51Z,22.82,75.18,99,0,25.16,101.45,93.00,1014.00,3,3,3
2023-08-19T10:38:51Z,22.79,75.22,99,0,27.30,101.46,93.00,1014.00,null,null,null
2023-08-19T10:39:51Z,22.82,75.20,99,0,25.03,101.46,92.00,1004.00,null,null,null
2023-08-19T10:40:51Z,22.82,75.17,99,0,24.35,101.46,92.00,1004.00,null,null,null
2023-08-19T10:41:51Z,22.80,75.16,99,0,23.35,101.46,92.00,1004.00,null,null,null
2023-08-19T10:42:51Z,22.82,75.14,99,0,33.92,101.45,92.00,1004.00,5,5,5
2023-08-19T10:43:51Z,22.80,75.24,99,0,21.26,101.46,92.00,1004.00,null,null,null
2023-08-19T10:44:51Z,22.80,75.13,99,0,27.89,101.46,92.00,1004.00,null,null,null
2023-08-19T10:45:51Z,22.80,75.16,99,0,23.49,101.46,92.00,1004.00,null,null,null
2023-08-19T10:46:51Z,22.82,75.15,99,0,25.50,101.46,92.00,1004.00,null,null,null
2023-08-19T10:47:51Z,22.79,75.16,99,0,22.89,101.46,92.00,1004.00,4,6,6
2023-08-19T10:48:51Z,22.79,75.26,99,0,30.64,101.46,90.00,992.00,null,null,null
2023-08-19T10:49:51Z,22.80,75.18,99,0,27.94,101.46,90.00,995.00,null,null,null
2023-08-19T10:50:51Z,22.79,75.18,99,0,28.14,101.46,92.00,1004.00,null,null,null
2023-08-19T10:51:51Z,22.82,75.14,99,0,25.50,101.46,90.00,992.00,null,null,null
2023-08-19T10:52:51Z,22.77,75.13,99,0,24.50,101.46,90.00,992.00,3,3,3
2023-08-19T10:53:51Z,22.79,75.23,99,0,33.12,101.46,90.00,992.00,null,null,null
2023-08-19T10:54:51Z,22.80,75.17,99,0,32.96,101.46,92.00,1004.00,null,null,null
2023-08-19T10:55:51Z,22.79,75.16,99,0,22.72,101.47,92.00,1004.00,null,null,null
2023-08-19T10:56:51Z,22.80,75.14,99,0,23.63,101.46,90.00,992.00,null,null,null
2023-08-19T10:57:51Z,22.79,75.12,99,0,24.46,101.47,90.00,992.00,0,0,16
2023-08-19T10:58:51Z,22.82,75.19,99,0,31.83,101.47,90.00,992.00,null,null,null
2023-08-19T10:59:51Z,22.79,75.11,99,0,24.35,101.48,90.00,992.00,null,null,null
2023-08-19T11:00:51Z,22.80,75.12,99,0,21.64,101.48,90.00,992.00,null,null,null
2023-08-19T11:01:51Z,22.79,75.14,99,0,24.35,101.47,90.00,992.00,null,null,null
2023-08-19T11:02:51Z,22.80,75.12,99,0,26.19,101.47,90.00,992.00,3,3,3
2023-08-19T11:03:51Z,22.79,75.26,99,0,24.96,101.48,90.00,992.00,null,null,null
2023-08-19T11:04:51Z,22.79,75.18,99,0,23.30,101.49,88.00,983.00,null,null,null
2023-08-19T11:05:51Z,22.79,75.12,99,0,23.25,101.47,90.00,992.00,null,null,null
2023-08-19T11:06:51Z,22.79,75.14,99,0,22.83,101.49,88.00,981.00,null,null,null
2023-08-19T11:07:51Z,22.80,75.18,99,0,28.70,101.48,90.00,992.00,2,4,4
2023-08-19T11:08:51Z,22.79,75.29,99,0,22.83,101.48,88.00,981.00,null,null,null
2023-08-19T11:09:51Z,22.79,75.19,99,0,25.22,101.49,88.00,983.00,null,null,null
2023-08-19T11:10:51Z,22.80,75.19,99,0,28.80,101.48,90.00,992.00,null,null,null
2023-08-19T11:11:51Z,22.77,75.17,99,0,22.78,101.49,90.00,992.00,null,null,null
2023-08-19T11:12:51Z,22.77,75.19,99,0,25.65,101.49,90.00,992.00,4,6,6
2023-08-19T11:13:51Z,22.80,75.28,99,0,26.21,101.48,90.00,992.00,null,null,null
2023-08-19T11:14:51Z,22.80,75.21,99,0,24.96,101.49,88.00,983.00,null,null,null
2023-08-19T11:15:51Z,22.80,75.21,99,0,30.54,101.49,90.00,992.00,null,null,null
2023-08-19T11:16:51Z,22.77,75.21,99,0,37.34,101.49,88.00,981.00,null,null,null
2023-08-19T11:17:51Z,22.77,75.19,99,0,33.86,101.49,88.00,981.00,4,9,9
2023-08-19T11:18:51Z,22.79,75.34,99,0,31.64,101.49,85.00,961.00,null,null,null
2023-08-19T11:19:51Z,22.77,75.23,99,0,22.37,101.49,85.00,961.00,null,null,null
2023-08-19T11:20:51Z,22.79,75.20,99,0,24.03,101.50,87.00,972.00,null,null,null
2023-08-19T11:21:51Z,22.79,75.17,99,0,20.93,101.49,85.00,961.00,null,null,null
2023-08-19T11:22:51Z,22.79,75.17,99,0,32.17,101.50,88.00,981.00,1,2,2
2023-08-19T11:23:51Z,22.77,75.28,99,0,28.63,101.50,85.00,961.00,null,null,null
2023-08-19T11:24:51Z,22.80,75.19,99,0,27.45,101.49,84.00,954.00,null,null,null
2023-08-19T11:25:51Z,22.79,75.23,99,0,23.68,101.50,85.00,961.00,null,null,null
2023-08-19T11:26:51Z,22.80,75.19,99,0,23.10,101.50,83.00,951.00,null,null,null
2023-08-19T11:27:51Z,22.79,75.20,99,0,39.40,101.49,83.00,951.00,4,4,4
2023-08-19T11:28:51Z,22.80,75.36,99,0,23.94,101.50,85.00,961.00,null,null,null
2023-08-19T11:29:51Z,22.79,75.28,99,0,25.19,101.50,82.00,942.00,null,null,null
2023-08-19T11:30:51Z,22.77,75.16,99,0,23.90,101.50,80.00,930.00,null,null,null
2023-08-19T11:31:51Z,22.79,75.05,99,0,26.00,101.51,79.00,925.00,null,null,null
2023-08-19T11:32:51Z,22.77,74.97,99,0,28.02,101.50,76.00,905.00,1,1,1
2023-08-19T11:33:51Z,22.77,74.85,99,0,29.49,101.50,75.00,895.00,null,null,null
2023-08-19T11:34:51Z,22.79,74.82,99,0,23.86,101.51,73.00,882.00,null,null,null
2023-08-19T11:35:51Z,22.79,74.81,99,0,24.68,101.50,73.00,882.00,null,null,null
2023-08-19T11:36:51Z,22.80,74.78,99,0,27.64,101.51,73.00,882.00,null,null,null
2023-08-19T11:37:51Z,22.79,74.75,99,0,22.94,101.52,71.00,872.00,2,2,2
2023-08-19T11:38:51Z,22.76,74.44,99,0,25.47,101.51,70.00,863.00,null,null,null
2023-08-19T11:39:51Z,22.79,74.54,99,0,26.53,101.52,69.00,853.00,null,null,null
2023-08-19T11:40:51Z,22.76,74.41,99,0,23.15,101.51,67.00,844.00,null,null,null
2023-08-19T11:41:51Z,22.79,74.41,99,0,25.95,101.51,66.00,834.00,null,null,null
2023-08-19T11:42:51Z,22.75,74.31,99,0,26.19,101.51,64.00,825.00,4,5,5
2023-08-19T11:43:51Z,22.79,74.13,99,0,24.96,101.51,64.00,825.00,null,null,null
2023-08-19T11:44:51Z,22.77,74.15,99,0,28.02,101.51,63.00,817.00,null,null,null
2023-08-19T11:45:51Z,22.76,74.17,99,0,36.76,101.51,63.00,817.00,null,null,null
2023-08-19T11:46:51Z,22.75,74.10,99,0,23.77,101.51,60.00,800.00,null,null,null
2023-08-19T11:47:51Z,22.76,74.13,99,0,24.61,101.51,63.00,817.00,3,3,3
2023-08-19T11:48:51Z,22.76,73.95,99,0,25.35,101.51,62.00,808.00,null,null,null
2023-08-19T11:49:51Z,22.77,74.00,99,0,27.36,101.51,62.00,808.00,null,null,null
2023-08-19T11:50:51Z,22.76,74.05,99,0,38.73,101.51,62.00,808.00,null,null,null
2023-08-19T11:51:51Z,22.76,74.02,99,0,23.54,101.52,62.00,808.00,null,null,null
2023-08-19T11:52:51Z,22.76,74.02,99,0,32.35,101.52,59.00,793.00,1,1,1
2023-08-19T11:53:51Z,22.76,73.71,99,0,26.41,101.52,57.00,776.00,null,null,null
2023-08-19T11:54:51Z,22.76,73.75,99,0,24.07,101.52,58.00,783.00,null,null,null
2023-08-19T11:55:51Z,22.76,73.78,99,0,27.84,101.52,57.00,776.00,null,null,null
2023-08-19T11:56:51Z,22.75,73.74,99,0,26.08,101.51,56.00,768.00,null,null,null
2023-08-19T11:57:51Z,22.76,73.75,99,0,43.60,101.52,55.00,765.00,1,1,1
2023-08-19T11:58:51Z,22.73,73.54,99,0,23.86,101.52,54.00,759.00,null,null,null
2023-08-19T11:59:51Z,22.76,73.60,99,0,44.85,101.52,58.00,783.00,null,null,null
2023-08-19T12:00:51Z,22.73,73.58,99,0,36.66,101.51,55.00,765.00,null,null,null
2023-08-19T12:01:51Z,22.75,73.61,99,0,41.86,101.52,58.00,783.00,null,null,null
2023-08-19T12:02:51Z,22.76,73.60,99,0,22.49,101.53,53.00,754.00,4,4,16
2023-08-19T12:03:51Z,22.73,73.44,99,0,27.49,101.51,52.00,746.00,null,null,null
2023-08-19T12:04:51Z,22.75,73.49,99,0,32.63,101.52,56.00,774.00,null,null,null
2023-08-19T12:05:51Z,22.75,73.50,99,0,35.93,101.52,52.00,746.00,null,null,null
2023-08-19T12:06:51Z,22.73,73.48,99,0,29.21,101.52,52.00,746.00,null,null,null
2023-08-19T12:07:51Z,22.76,73.49,99,0,44.22,101.52,55.00,765.00,1,3,3
2023-08-19T12:08:51Z,22.73,73.34,99,0,26.11,101.53,51.00,737.00,null,null,null
2023-08-19T12:09:51Z,22.77,73.41,99,0,40.12,101.53,53.00,752.00,null,null,null
2023-08-19T12:10:51Z,22.76,73.47,99,0,22.89,101.53,50.00,730.00,null,null,null
2023-08-19T12:11:51Z,22.75,73.46,99,0,23.25,101.53,50.00,730.00,null,null,null
2023-08-19T12:12:51Z,22.75,73.42,99,0,26.34,101.54,47.00,715.00,1,1,1
2023-08-19T12:13:51Z,22.75,73.33,99,0,36.45,101.53,47.00,715.00,null,null,null
2023-08-19T12:14:51Z,22.75,73.35,99,0,22.43,101.54,47.00,715.00,null,null,null
2023-08-19T12:15:51Z,22.73,73.29,99,0,25.26,101.53,47.00,715.00,null,null,null
2023-08-19T12:16:51Z,22.73,73.28,99,0,27.20,101.53,50.00,732.00,null,null,null
2023-08-19T12:17:51Z,22.75,73.28,99,0,40.42,101.53,50.00,732.00,1,1,1
2023-08-19T12:18:51Z,22.73,73.11,99,0,27.02,101.52,42.00,679.00,null,null,null
2023-08-19T12:19:51Z,22.75,73.16,99,0,29.60,101.53,49.00,726.00,null,null,null
2023-08-19T12:20:51Z,22.75,73.20,99,0,23.90,101.54,44.00,694.00,null,null,null
2023-08-19T12:21:51Z,22.76,73.17,99,0,30.56,101.54,44.00,694.00,null,null,null
2023-08-19T12:22:51Z,22.72,73.19,99,0,42.30,101.53,43.00,686.00,1,1,1
2023-08-19T12:23:51Z,22.75,73.01,99,0,26.53,101.54,46.00,706.00,null,null,null
2023-08-19T12:24:51Z,22.75,73.08,99,0,29.67,101.55,42.00,678.00,null,null,null
2023-08-19T12:25:51Z,22.76,73.04,99,0,35.78,101.54,41.00,674.00,null,null,null
2023-08-19T12:26:51Z,22.75,73.02,99,0,30.47,101.54,41.00,674.00,null,null,null
2023-08-19T12:27:51Z,22.73,73.04,99,0,33.02,101.54,39.00,660.00,2,2,17
2023-08-19T12:28:51Z,22.75,72.90,99,0,30.12,101.54,44.00,690.00,null,null,null
2023-08-19T12:29:51Z,22.75,73.02,99,0,36.05,101.54,38.00,653.00,null,null,null
2023-08-19T12:30:51Z,22.76,72.96,99,0,39.01,101.54,38.00,653.00,null,null,null
2023-08-19T12:31:51Z,22.75,72.99,99,0,31.96,101.55,37.00,646.00,null,null,null
2023-08-19T12:32:51Z,22.73,73.00,99,0,28.67,101.54,37.00,646.00,3,3,3
2023-08-19T12:33:51Z,22.76,72.79,99,0,30.82,101.55,40.00,666.00,null,null,null
2023-08-19T12:34:51Z,22.77,72.85,99,0,22.37,101.55,37.00,646.00,null,null,null
2023-08-19T12:35:51Z,22.75,72.86,99,0,35.89,101.55,37.00,643.00,null,null,null
2023-08-19T12:36:51Z,22.76,72.86,99,0,36.87,101.56,35.00,633.00,null,null,null
2023-08-19T12:37:51Z,22.76,72.88,99,0,35.88,101.55,35.00,633.00,3,3,3
2023-08-19T12:38:51Z,22.75,72.73,99,0,26.24,101.55,34.00,626.00,null,null,null
2023-08-19T12:39:51Z,22.73,72.83,99,0,27.32,101.55,36.00,638.00,null,null,null
2023-08-19T12:40:51Z,22.77,72.82,99,0,26.82,101.55,39.00,656.00,null,null,null
2023-08-19T12:41:51Z,22.76,72.84,99,0,34.09,101.55,35.00,633.00,null,null,null
2023-08-19T12:42:51Z,22.76,72.83,99,0,25.50,101.55,35.00,633.00,1,1,1
2023-08-19T12:43:51Z,22.77,72.71,99,0,28.78,101.55,34.00,626.00,null,null,null
2023-08-19T12:44:51Z,22.75,72.77,99,0,25.16,101.55,36.00,638.00,null,null,null
2023-08-19T12:45:51Z,22.77,72.76,99,0,29.32,101.55,35.00,633.00,null,null,null
2023-08-19T12:46:51Z,22.77,72.76,99,0,24.89,101.55,34.00,626.00,null,null,null
2023-08-19T12:47:51Z,22.76,72.78,99,0,34.55,101.56,34.00,626.00,1,1,1
2023-08-19T12:48:51Z,22.79,72.62,99,0,34.17,101.57,34.00,626.00,null,null,null
2023-08-19T12:49:51Z,22.77,72.71,99,0,35.00,101.56,35.00,631.00,null,null,null
2023-08-19T12:50:51Z,22.76,72.71,99,0,24.50,101.56,35.00,631.00,null,null,null
2023-08-19T12:51:51Z,22.76,72.71,99,0,25.67,101.56,34.00,624.00,null,null,null
2023-08-19T12:52:51Z,22.76,72.67,99,0,24.23,101.56,34.00,624.00,2,2,2
2023-08-19T12:53:51Z,22.77,72.57,99,0,31.72,101.56,34.00,624.00,null,null,null
2023-08-19T12:54:51Z,22.77,72.63,99,0,29.83,101.56,34.00,624.00,null,null,null
2023-08-19T12:55:51Z,22.79,72.63,99,0,32.26,101.56,34.00,624.00,null,null,null
2023-08-19T12:56:51Z,22.79,72.62,99,0,26.26,101.56,33.00,617.00,null,null,null
2023-08-19T12:57:51Z,22.79,72.60,99,0,36.20,101.57,33.00,617.00,3,4,4
2023-08-19T12:58:51Z,22.79,72.51,99,0,27.84,101.57,33.00,617.00,null,null,null
2023-08-19T12:59:51Z,22.79,72.57,99,0,34.71,101.56,33.00,617.00,null,null,null
2023-08-19T13:00:51Z,22.79,72.56,99,0,32.13,101.56,33.00,617.00,null,null,null
2023-08-19T13:01:51Z,22.80,72.57,99,0,30.09,101.56,33.00,617.00,null,null,null
2023-08-19T13:02:51Z,22.76,72.53,99,0,32.30,101.56,31.00,607.00,2,2,2
2023-08-19T13:03:51Z,22.79,72.42,99,0,27.90,101.57,31.00,607.00,null,null,null
2023-08-19T13:04:51Z,22.76,72.51,99,0,29.09,101.56,31.00,607.00,null,null,null
2023-08-19T13:05:51Z,22.79,72.46,99,0,36.72,101.56,33.00,617.00,null,null,null
2023-08-19T13:06:51Z,22.79,72.45,99,0,33.35,101.57,33.00,617.00,null,null,null
2023-08-19T13:07:51Z,22.79,72.47,99,0,22.24,101.57,34.00,624.00,1,1,1
2023-08-19T13:08:51Z,22.79,72.38,99,0,29.12,101.57,33.00,617.00,null,null,null
2023-08-19T13:09:51Z,22.79,72.43,99,0,35.82,101.57,34.00,624.00,null,null,null
2023-08-19T13:10:51Z,22.79,72.40,99,0,31.72,101.56,34.00,624.00,null,null,null
2023-08-19T13:11:51Z,22.83,72.44,99,0,34.92,101.57,34.00,624.00,null,null,null
2023-08-19T13:12:51Z,22.80,72.42,99,0,26.82,101.57,33.00,617.00,3,3,3
2023-08-19T13:13:51Z,22.80,72.27,99,0,25.16,101.58,33.00,617.00,null,null,null
2023-08-19T13:14:51Z,22.83,72.36,99,0,23.86,101.57,33.00,617.00,null,null,null
2023-08-19T13:15:51Z,22.80,72.38,99,0,56.42,101.57,33.00,617.00,null,null,null
2023-08-19T13:16:51Z,22.80,72.35,99,0,26.67,101.58,33.00,617.00,null,null,null
2023-08-19T13:17:51Z,22.82,72.37,99,0,36.69,101.57,33.00,617.00,1,1,1
2023-08-19T13:18:51Z,22.79,72.28,99,0,35.28,101.57,33.00,617.00,null,null,null
2023-08-19T13:19:51Z,22.82,72.34,99,0,39.77,101.57,33.00,617.00,null,null,null
2023-08-19T13:20:51Z,22.83,72.36,99,0,28.39,101.57,33.00,617.00,null,null,null
2023-08-19T13:21:51Z,22.83,72.34,99,0,27.04,101.58,33.00,617.00,null,null,null
2023-08-19T13:22:51Z,22.82,72.36,99,0,26.06,101.57,33.00,617.00,2,2,2
2023-08-19T13:23:51Z,22.79,72.20,99,0,23.77,101.58,33.00,617.00,null,null,null
2023-08-19T13:24:51Z,22.84,72.29,99,0,27.60,101.58,33.00,623.00,null,null,null
2023-08-19T13:25:51Z,22.83,72.28,99,0,31.68,101.58,33.00,617.00,null,null,null
2023-08-19T13:26:51Z,22.84,72.28,99,0,41.07,101.58,31.00,607.00,null,null,null
2023-08-19T13:27:51Z,22.82,72.24,99,0,22.61,101.58,31.00,607.00,2,2,2
2023-08-19T13:28:51Z,22.86,72.11,99,0,34.49,101.59,32.00,614.00,null,null,null
2023-08-19T13:29:51Z,22.86,72.17,99,0,26.87,101.59,31.00,607.00,null,null,null
2023-08-19T13:30:51Z,22.82,72.17,99,0,24.79,101.59,31.00,607.00,null,null,null
2023-08-19T13:31:51Z,22.84,72.20,99,0,26.34,101.59,32.00,614.00,null,null,null
2023-08-19T13:32:51Z,22.86,72.19,99,0,33.16,101.58,31.00,607.00,1,1,1
2023-08-19T13:33:51Z,22.83,72.10,99,0,25.82,101.59,30.00,600.00,null,null,null
2023-08-19T13:34:51Z,22.87,72.21,99,0,23.45,101.59,32.00,614.00,null,null,null
2023-08-19T13:35:51Z,22.89,72.24,99,0,23.59,101.59,33.00,623.00,null,null,null
2023-08-19T13:36:51Z,22.87,72.21,99,0,22.83,101.58,34.00,629.00,null,null,null
2023-08-19T13:37:51Z,22.86,72.25,99,0,26.60,101.59,36.00,637.00,1,1,1
2023-08-19T13:38:51Z,22.89,72.20,99,0,29.21,101.60,35.00,631.00,null,null,null
2023-08-19T13:39:51Z,22.87,72.20,99,0,32.47,101.60,37.00,643.00,null,null,null
2023-08-19T13:40:51Z,22.89,72.27,99,0,28.27,101.59,37.00,643.00,null,null,null
2023-08-19T13:41:51Z,22.87,72.27,99,0,25.84,101.60,36.00,638.00,null,null,null
2023-08-19T13:42:51Z,22.86,72.25,99,0,29.67,101.59,36.00,638.00,1,1,1
2023-08-19T13:43:51Z,22.89,72.09,99,0,26.43,101.60,36.00,638.00,null,null,null
2023-08-19T13:44:51Z,22.90,72.17,99,0,23.90,101.60,37.00,643.00,null,null,null
2023-08-19T13:45:51Z,22.89,72.22,99,0,24.93,101.60,37.00,643.00,null,null,null
2023-08-19T13:46:51Z,22.90,72.17,99,0,27.99,101.61,37.00,643.00,null,null,null
2023-08-19T13:47:51Z,22.90,72.22,99,0,43.64,101.60,38.00,653.00,2,2,2
2023-08-19T13:48:51Z,22.90,72.11,99,0,28.67,101.60,38.00,653.00,null,null,null
2023-08-19T13:49:51Z,22.92,72.11,99,0,25.56,101.60,37.00,643.00,null,null,null
2023-08-19T13:50:51Z,22.89,72.09,99,0,40.87,101.61,38.00,653.00,null,null,null
2023-08-19T13:51:51Z,22.92,72.09,99,0,24.89,101.60,37.00,643.00,null,null,null
2023-08-19T13:52:51Z,22.90,72.04,99,0,26.06,101.60,37.00,643.00,1,1,1
2023-08-19T13:53:51Z,22.90,71.98,99,0,26.03,101.60,37.00,643.00,null,null,null
2023-08-19T13:54:51Z,22.92,72.03,99,0,24.19,101.60,36.00,637.00,null,null,null
2023-08-19T13:55:51Z,22.93,72.00,99,0,25.50,101.60,36.00,637.00,null,null,null
2023-08-19T13:56:51Z,22.90,72.07,99,0,34.10,101.61,36.00,637.00,null,null,null
2023-08-19T13:57:51Z,22.93,72.00,99,0,28.48,101.61,33.00,623.00,3,3,3
2023-08-19T13:58:51Z,22.93,71.81,99,0,25.26,101.61,36.00,637.00,null,null,null
2023-08-19T13:59:51Z,22.92,71.92,99,0,22.94,101.61,36.00,637.00,null,null,null
2023-08-19T14:00:51Z,22.96,71.96,99,0,39.24,101.61,36.00,637.00,null,null,null
2023-08-19T14:01:51Z,22.94,71.59,99,0,36.05,101.61,36.00,637.00,null,null,null
2023-08-19T14:02:51Z,22.93,71.28,99,0,39.08,101.61,34.00,626.00,3,3,3
2023-08-19T14:03:51Z,22.96,70.81,99,0,34.25,101.60,28.00,584.00,null,null,null
2023-08-19T14:04:51Z,22.94,70.70,99,0,34.84,101.62,28.00,584.00,null,null,null
2023-08-19T14:05:51Z,22.97,70.61,99,0,47.43,101.63,26.00,575.00,null,null,null
2023-08-19T14:06:51Z,22.96,70.54,99,0,37.97,101.63,24.00,564.00,null,null,null
2023-08-19T14:07:51Z,22.97,70.48,99,0,33.66,101.62,24.00,560.00,1,1,1
2023-08-19T14:08:51Z,22.99,69.72,99,0,32.46,101.63,20.00,537.00,null,null,null
2023-08-19T14:09:51Z,23.00,70.00,99,0,40.86,101.62,21.00,543.00,null,null,null
2023-08-19T14:10:51Z,22.99,69.91,99,0,38.49,101.62,19.00,530.00,null,null,null
2023-08-19T14:11:51Z,23.02,69.67,99,0,50.19,101.62,18.00,524.00,null,null,null
2023-08-19T14:12:51Z,23.02,69.60,99,0,35.80,101.62,19.00,526.00,2,2,2
2023-08-19T14:13:51Z,23.03,69.56,99,0,45.17,101.62,16.00,506.00,null,null,null
2023-08-19T14:14:51Z,23.04,69.65,99,0,37.36,101.62,16.00,506.00,null,null,null
2023-08-19T14:15:51Z,23.03,69.59,99,0,37.74,101.62,16.00,506.00,null,null,null
2023-08-19T14:16:51Z,23.06,69.56,99,0,37.25,101.61,16.00,506.00,null,null,null
2023-08-19T14:17:51Z,23.06,69.67,99,0,37.61,101.62,16.00,506.00,2,2,2
2023-08-19T14:18:51Z,23.08,69.31,99,0,38.40,101.61,15.00,503.00,null,null,null
2023-08-19T14:19:51Z,23.11,69.30,99,0,63.56,101.61,14.00,498.00,null,null,null
2023-08-19T14:20:51Z,23.10,69.20,99,0,56.47,101.62,14.00,493.00,null,null,null
2023-08-19T14:21:51Z,23.10,69.17,99,0,36.76,101.61,14.00,493.00,null,null,null
2023-08-19T14:22:51Z,23.11,69.01,99,0,38.15,101.62,14.00,497.00,0,0,15
2023-08-19T14:23:51Z,23.11,68.79,99,0,62.91,101.62,14.00,497.00,null,null,null
2023-08-19T14:24:51Z,23.14,68.88,99,0,37.31,101.62,14.00,497.00,null,null,null
2023-08-19T14:25:51Z,23.13,69.10,99,0,36.65,101.63,14.00,493.00,null,null,null
2023-08-19T14:26:51Z,23.17,69.08,99,0,51.92,101.62,14.00,497.00,null,null,null
2023-08-19T14:27:51Z,23.15,68.92,99,0,35.47,101.63,14.00,497.00,0,0,0
2023-08-19T14:28:51Z,23.15,68.40,99,0,45.78,101.63,12.00,482.00,null,null,null
2023-08-19T14:29:51Z,23.17,68.43,99,0,38.74,101.63,11.00,477.00,null,null,null
2023-08-19T14:30:51Z,23.20,68.52,99,0,36.39,101.64,11.00,477.00,null,null,null
2023-08-19T14:31:51Z,23.20,68.28,99,0,52.54,101.63,12.00,481.00,null,null,null
2023-08-19T14:32:51Z,23.20,68.16,99,0,48.29,101.64,9.00,463.00,0,0,0
2023-08-19T14:33:51Z,23.21,67.82,99,0,40.75,101.63,9.00,463.00,null,null,null
2023-08-19T14:34:51Z,23.24,68.04,99,0,34.34,101.63,9.00,463.00,null,null,null
2023-08-19T14:35:51Z,23.21,67.73,99,0,35.50,101.63,9.00,463.00,null,null,null
2023-08-19T14:36:51Z,23.23,67.69,99,0,35.14,101.63,11.00,475.00,null,null,null
2023-08-19T14:37:51Z,23.24,67.79,99,0,39.57,101.64,11.00,475.00,1,1,1
2023-08-19T14:38:51Z,23.25,67.60,99,0,31.20,101.64,9.00,463.00,null,null,null
2023-08-19T14:39:51Z,23.25,67.73,99,0,39.23,101.64,3.00,426.00,null,null,null
2023-08-19T14:40:51Z,23.27,67.67,99,0,42.31,101.64,5.00,436.00,null,null,null
2023-08-19T14:41:51Z,23.25,67.47,99,0,35.15,101.64,3.00,426.00,null,null,null
2023-08-19T14:42:51Z,23.27,67.16,99,0,31.70,101.64,5.00,433.00,2,2,2
2023-08-19T14:43:51Z,23.28,66.91,99,0,70.20,101.64,3.00,425.00,null,null,null
2023-08-19T14:44:51Z,23.25,66.77,99,0,37.78,101.64,3.00,425.00,null,null,null
2023-08-19T14:45:51Z,23.30,67.00,99,0,37.61,101.64,3.00,421.00,null,null,null
2023-08-19T14:46:51Z,23.28,67.06,99,0,36.24,101.64,3.00,425.00,null,null,null
2023-08-19T14:47:51Z,23.28,66.90,99,0,50.50,101.65,4.00,432.00,2,3,3
2023-08-19T14:48:51Z,23.30,66.62,99,0,55.79,101.64,3.00,421.00,null,null,null
2023-08-19T14:49:51Z,23.30,66.88,99,0,33.29,101.65,3.00,421.00,null,null,null
2023-08-19T14:50:51Z,23.31,66.91,99,0,43.91,101.65,3.00,424.00,null,null,null
2023-08-19T14:51:51Z,23.34,66.77,99,0,60.88,101.65,3.00,421.00,null,null,null
2023-08-19T14:52:51Z,23.32,66.97,99,0,57.14,101.65,3.00,425.00,2,2,2
2023-08-19T14:53:51Z,23.35,66.65,99,0,32.44,101.65,2.00,414.00,null,null,null
2023-08-19T14:54:51Z,23.34,66.80,99,0,35.68,101.65,2.00,417.00,null,null,null
2023-08-19T14:55:51Z,23.35,66.79,99,0,36.59,101.65,2.00,416.00,null,null,null
2023-08-19T14:56:51Z,23.38,66.84,99,0,66.15,101.65,3.00,421.00,null,null,null
2023-08-19T14:57:51Z,23.39,66.98,99,0,53.55,101.65,3.00,421.00,0,0,0
2023-08-19T14:58:51Z,23.38,66.77,99,0,36.95,101.65,2.00,416.00,null,null,null
2023-08-19T14:59:51Z,23.39,66.81,99,0,40.80,101.64,2.00,416.00,null,null,null
2023-08-19T15:00:51Z,23.41,66.82,99,0,72.97,101.65,2.00,416.00,null,null,null
2023-08-19T15:01:51Z,23.41,66.84,99,0,32.96,101.64,3.00,421.00,null,null,null
2023-08-19T15:02:51Z,23.41,66.77,99,0,36.30,101.65,2.00,416.00,2,2,2
2023-08-19T15:03:51Z,23.44,66.52,99,0,40.85,101.65,3.00,421.00,null,null,null
2023-08-19T15:04:51Z,23.44,66.69,99,0,36.72,101.64,3.00,424.00,null,null,null
2023-08-19T15:05:51Z,23.48,66.69,99,0,39.74,101.65,3.00,424.00,null,null,null
2023-08-19T15:06:51Z,23.47,66.68,99,0,46.83,101.64,4.00,428.00,null,null,null
2023-08-19T15:07:51Z,23.48,66.63,99,0,48.90,101.65,4.00,428.00,2,2,2
2023-08-19T15:08:51Z,23.51,66.51,99,0,55.11,101.65,3.00,420.00,null,null,null
2023-08-19T15:09:51Z,23.51,66.60,99,0,47.12,101.64,3.00,420.00,null,null,null
2023-08-19T15:10:51Z,23.52,66.61,99,0,48.86,101.64,3.00,424.00,null,null,null
2023-08-19T15:11:51Z,23.50,66.57,99,0,38.83,101.64,3.00,424.00,null,null,null
2023-08-19T15:12:51Z,23.54,66.69,99,0,33.36,101.64,3.00,424.00,1,1,1
2023-08-19T15:13:51Z,23.55,66.15,99,0,41.79,101.64,3.00,420.00,null,null,null
2023-08-19T15:14:51Z,23.54,66.48,99,0,39.34,101.65,5.00,435.00,null,null,null
2023-08-19T15:15:51Z,23.55,66.62,99,0,44.95,101.65,4.00,428.00,null,null,null
2023-08-19T15:16:51Z,23.54,66.70,99,0,35.78,101.64,4.00,428.00,null,null,null
2023-08-19T15:17:51Z,23.57,66.66,99,0,41.24,101.64,5.00,435.00,1,2,2
2023-08-19T15:18:51Z,23.57,66.35,99,0,37.57,101.64,5.00,435.00,null,null,null
2023-08-19T15:19:51Z,23.58,66.53,99,0,37.52,101.64,5.00,435.00,null,null,null
2023-08-19T15:20:51Z,23.58,66.37,99,0,35.12,101.65,5.00,435.00,null,null,null
2023-08-19T15:21:51Z,23.58,66.50,99,0,34.85,101.65,6.00,441.00,null,null,null
2023-08-19T15:22:51Z,23.61,66.38,99,0,40.70,101.66,6.00,441.00,0,0,15
2023-08-19T15:23:51Z,23.61,66.22,99,0,39.43,101.65,4.00,428.00,null,null,null
2023-08-19T15:24:51Z,23.63,66.39,99,0,44.95,101.65,6.00,441.00,null,null,null
2023-08-19T15:25:51Z,23.63,66.09,99,0,38.89,101.65,6.00,441.00,null,null,null
2023-08-19T15:26:51Z,23.63,66.44,99,0,30.27,101.65,6.00,445.00,null,null,null
2023-08-19T15:27:51Z,23.63,66.60,99,0,30.91,101.65,6.00,444.00,0,0,0
2023-08-19T15:28:51Z,23.65,66.31,99,0,32.25,101.65,6.00,441.00,null,null,null
2023-08-19T15:29:51Z,23.68,66.52,99,0,27.44,101.65,6.00,444.00,null,null,null
2023-08-19T15:30:51Z,23.69,66.57,99,0,25.13,101.65,7.00,448.00,null,null,null
2023-08-19T15:31:51Z,23.69,66.59,99,0,31.36,101.65,8.00,455.00,null,null,null
2023-08-19T15:32:51Z,23.68,66.60,99,0,35.22,101.65,7.00,448.00,1,1,1
2023-08-19T15:33:51Z,23.68,66.39,99,0,32.41,101.65,7.00,448.00,null,null,null
2023-08-19T15:34:51Z,23.72,66.56,99,0,33.72,101.65,7.00,448.00,null,null,null
2023-08-19T15:35:51Z,23.99,66.63,99,0,46.82,101.65,6.00,444.00,null,null,null
2023-08-19T15:36:51Z,23.99,66.55,99,0,39.90,101.66,0.00,405.00,null,null,null
