TIME,TEMP,HUM,BATT,LIGHT,NOISE_A,PRESS,CCS811_VOCS,CCS811_ECO2,PM_1,PM_25,PM_10
ISO 8601,C,%,%,Lux,dBA,kPa,ppb,ppm,ug/m3,ug/m3,ug/m3
Time,Temperature,Humidity,Battery,Light,Noise dBA,Barometric pressure,VOC Gas CCS811,eCO2 Gas CCS811,PM 1.0,PM 2.5,PM 10.0
,55,56,10,14,53,58,113,112,89,87,88
2023-09-19T00:00:05Z,23.37,56.65,30,0,27.49,100.49,3.00,420.00,null,null,null
2023-09-19T00:01:05Z,23.37,56.67,30,0,26.29,100.48,2.00,416.00,null,null,null
2023-09-19T00:02:05Z,23.34,56.67,30,0,29.07,100.48,3.00,420.00,0,0,0
2023-09-19T00:03:05Z,23.36,56.68,30,0,29.27,100.48,3.00,420.00,null,null,null
2023-09-19T00:04:05Z,23.34,56.67,30,0,29.95,100.48,3.00,420.00,null,null,null
2023-09-19T00:05:05Z,23.36,56.65,30,0,28.84,100.48,2.00,416.00,null,null,null
2023-09-19T00:06:05Z,23.34,56.65,30,0,30.06,100.48,2.00,416.00,null,null,null
2023-09-19T00:07:05Z,23.36,56.65,30,0,26.64,100.47,3.00,420.00,0,0,0
2023-09-19T00:08:05Z,23.36,56.67,30,0,24.23,100.48,2.00,416.00,null,null,null
2023-09-19T00:09:05Z,23.34,56.65,30,0,27.36,100.48,2.00,416.00,null,null,null
2023-09-19T00:10:05Z,23.36,56.65,30,0,28.27,100.48,1.00,411.00,null,null,null
2023-09-19T00:11:05Z,23.36,56.65,30,0,31.82,100.48,2.00,416.00,null,null,null
2023-09-19T00:12:05Z,23.34,56.67,30,0,28.33,100.48,2.00,416.00,0,0,0
2023-09-19T00:13:05Z,23.34,56.65,30,0,28.76,100.47,1.00,411.00,null,null,null
2023-09-19T00:14:05Z,23.36,56.64,30,0,30.40,100.48,2.00,416.00,null,null,null
2023-09-19T00:15:05Z,23.34,56.67,30,0,31.14,100.47,2.00,416.00,null,null,null
2023-09-19T00:16:05Z,23.36,56.63,30,0,26.80,100.47,2.00,416.00,null,null,null
2023-09-19T00:17:05Z,23.33,56.65,30,0,30.98,100.47,2.00,416.00,0,0,0
2023-09-19T00:18:05Z,23.33,56.68,30,0,24.03,100.47,1.00,411.00,null,null,null
2023-09-19T00:19:05Z,23.34,56.64,30,0,30.94,100.47,2.00,416.00,null,null,null
2023-09-19T00:20:05Z,23.33,56.68,30,0,29.44,100.47,2.00,416.00,null,null,null
2023-09-19T00:21:05Z,23.36,56.63,30,0,28.76,100.47,2.00,416.00,null,null,null
2023-09-19T00:22:05Z,23.30,56.64,30,0,29.47,100.47,2.00,416.00,0,0,0
2023-09-19T00:23:05Z,23.33,56.64,30,0,24.27,100.46,2.00,416.00,null,null,null
2023-09-19T00:24:05Z,23.33,56.64,30,0,24.68,100.47,1.00,411.00,null,null,null
2023-09-19T00:25:05Z,23.32,56.61,30,0,26.82,100.46,2.00,416.00,null,null,null
2023-09-19T00:26:05Z,23.30,56.64,30,0,27.85,100.46,2.00,416.00,null,null,null
2023-09-19T00:27:05Z,23.32,56.64,30,0,30.82,100.46,1.00,411.00,0,0,0
2023-09-19T00:28:05Z,23.32,56.65,30,0,29.82,100.46,2.00,416.00,null,null,null
2023-09-19T00:29:05Z,23.32,56.63,30,0,28.99,100.46,2.00,416.00,null,null,null
2023-09-19T00:30:05Z,23.33,56.65,30,0,27.42,100.46,1.00,411.00,null,null,null
2023-09-19T00:31:05Z,23.29,56.66,30,0,29.86,100.45,2.00,416.00,null,null,null
2023-09-19T00:32:05Z,23.29,56.65,30,0,32.09,100.45,1.00,411.00,0,0,0
2023-09-19T00:33:05Z,23.29,56.65,30,0,30.28,100.45,2.00,416.00,null,null,null
2023-09-19T00:34:05Z,23.29,56.62,30,0,30.40,100.45,2.00,416.00,null,null,null
2023-09-19T00:35:05Z,23.30,56.61,30,0,28.63,100.45,1.00,411.00,null,null,null
2023-09-19T00:36:05Z,23.29,56.64,30,0,30.29,100.46,1.00,407.00,null,null,null
2023-09-19T00:37:05Z,23.29,56.63,30,0,30.70,100.45,1.00,407.00,0,0,0
2023-09-19T00:38:05Z,23.26,56.62,30,0,24.93,100.45,1.00,407.00,null,null,null
2023-09-19T00:39:05Z,23.26,56.59,30,0,29.49,100.45,2.00,416.00,null,null,null
2023-09-19T00:40:05Z,23.30,56.64,30,0,30.72,100.45,1.00,411.00,null,null,null
2023-09-19T00:41:05Z,23.29,56.61,30,0,30.97,100.46,1.00,411.00,null,null,null
2023-09-19T00:42:05Z,23.30,56.66,30,0,27.87,100.46,1.00,411.00,0,0,0
2023-09-19T00:43:05Z,23.29,56.61,30,0,26.80,100.46,1.00,407.00,null,null,null
2023-09-19T00:44:05Z,23.29,56.60,30,0,26.57,100.46,1.00,407.00,null,null,null
2023-09-19T00:45:05Z,23.27,56.61,30,0,28.74,100.46,1.00,411.00,null,null,null
2023-09-19T00:46:05Z,23.27,56.57,30,0,28.14,100.46,1.00,411.00,null,null,null
2023-09-19T00:47:05Z,23.26,56.63,30,0,32.39,100.47,1.00,411.00,0,0,0
2023-09-19T00:48:05Z,23.27,56.64,30,0,26.19,100.47,1.00,411.00,null,null,null
2023-09-19T00:49:05Z,23.27,56.58,30,0,30.78,100.48,1.00,411.00,null,null,null
2023-09-19T00:50:05Z,23.30,56.61,30,0,33.81,100.48,1.00,407.00,null,null,null
2023-09-19T00:51:05Z,23.24,56.60,30,0,28.84,100.48,1.00,407.00,null,null,null
2023-09-19T00:52:05Z,23.24,56.61,30,0,28.71,100.47,6.00,443.00,0,0,0
2023-09-19T00:53:05Z,23.26,56.62,30,0,30.63,100.48,7.00,447.00,null,null,null
2023-09-19T00:54:05Z,23.27,56.63,30,0,31.00,100.48,1.00,407.00,null,null,null
2023-09-19T00:55:05Z,23.27,56.59,30,0,26.82,100.47,1.00,407.00,null,null,null
2023-09-19T00:56:05Z,23.24,56.58,30,0,27.08,100.48,1.00,407.00,null,null,null
2023-09-19T00:57:05Z,23.24,56.61,30,0,23.68,100.48,6.00,443.00,0,0,0
2023-09-19T00:58:05Z,23.26,56.62,30,0,28.91,100.48,6.00,443.00,null,null,null
2023-09-19T00:59:05Z,23.27,56.61,29,0,28.31,100.47,1.00,407.00,null,null,null
2023-09-19T01:00:05Z,23.24,56.57,30,0,30.66,100.48,1.00,407.00,null,null,null
2023-09-19T01:01:05Z,23.23,56.63,30,0,29.51,100.48,6.00,443.00,null,null,null
2023-09-19T01:02:05Z,23.24,56.60,30,0,29.54,100.48,6.00,443.00,0,0,0
2023-09-19T01:03:05Z,23.24,56.59,30,0,29.64,100.48,5.00,435.00,null,null,null
2023-09-19T01:04:05Z,23.24,56.60,30,0,33.77,100.48,5.00,435.00,null,null,null
2023-09-19T01:05:05Z,23.23,56.58,30,0,25.59,100.49,6.00,443.00,null,null,null
2023-09-19T01:06:05Z,23.26,56.60,30,0,28.84,100.48,6.00,443.00,null,null,null
2023-09-19T01:07:05Z,23.23,56.59,29,0,31.56,100.48,1.00,407.00,0,0,0
2023-09-19T01:08:05Z,23.24,56.58,29,0,27.92,100.49,5.00,438.00,null,null,null
2023-09-19T01:09:05Z,23.23,56.60,30,0,24.65,100.48,6.00,443.00,null,null,null
2023-09-19T01:10:05Z,23.23,56.60,30,0,30.46,100.48,6.00,443.00,null,null,null
2023-09-19T01:11:05Z,23.23,56.59,30,0,28.54,100.48,6.00,443.00,null,null,null
2023-09-19T01:12:05Z,23.22,56.60,30,0,29.36,100.48,6.00,443.00,0,0,0
2023-09-19T01:13:05Z,23.22,56.59,30,0,24.19,100.48,6.00,443.00,null,null,null
2023-09-19T01:14:05Z,23.23,56.59,30,0,29.25,100.48,5.00,438.00,null,null,null
2023-09-19T01:15:05Z,23.20,56.60,30,0,27.38,100.49,6.00,443.00,null,null,null
2023-09-19T01:16:05Z,23.20,56.55,29,0,29.50,100.48,6.00,443.00,null,null,null
2023-09-19T01:17:05Z,23.22,56.58,30,0,31.61,100.48,5.00,438.00,0,0,0
2023-09-19T01:18:05Z,23.22,56.61,30,0,31.98,100.49,5.00,438.00,null,null,null
2023-09-19T01:19:05Z,23.22,56.59,30,0,31.09,100.48,5.00,438.00,null,null,null
2023-09-19T01:20:05Z,23.20,56.56,30,0,31.64,100.48,5.00,438.00,null,null,null
2023-09-19T01:21:05Z,23.20,56.59,30,0,30.71,100.49,5.00,438.00,null,null,null
2023-09-19T01:22:05Z,23.17,56.59,29,0,30.89,100.49,5.00,438.00,0,0,0
2023-09-19T01:23:05Z,23.20,56.61,29,0,32.88,100.49,5.00,435.00,null,null,null
2023-09-19T01:24:05Z,23.22,56.60,30,0,30.29,100.49,5.00,438.00,null,null,null
2023-09-19T01:25:05Z,23.19,56.61,29,0,28.54,100.49,5.00,438.00,null,null,null
2023-09-19T01:26:05Z,23.20,56.58,29,0,27.20,100.50,5.00,438.00,null,null,null
2023-09-19T01:27:05Z,23.20,56.58,30,0,26.21,100.49,5.00,438.00,0,0,0
2023-09-19T01:28:05Z,23.20,56.56,29,0,27.55,100.49,5.00,438.00,null,null,null
2023-09-19T01:29:05Z,23.19,56.61,29,0,24.39,100.49,5.00,435.00,null,null,null
2023-09-19T01:30:05Z,23.20,56.58,29,0,30.05,100.50,4.00,432.00,null,null,null
2023-09-19T01:31:05Z,23.19,56.56,29,0,29.51,100.49,4.00,432.00,null,null,null
2023-09-19T01:32:05Z,23.19,56.59,29,0,28.64,100.49,5.00,438.00,0,0,0
2023-09-19T01:33:05Z,23.16,56.55,29,0,31.95,100.49,4.00,432.00,null,null,null
2023-09-19T01:34:05Z,23.14,56.60,29,0,26.24,100.49,5.00,438.00,null,null,null
2023-09-19T01:35:05Z,23.19,56.57,29,0,27.36,100.49,5.00,435.00,null,null,null
2023-09-19T01:36:05Z,23.17,56.59,29,0,28.70,100.49,5.00,438.00,null,null,null
2023-09-19T01:37:05Z,23.17,56.57,29,0,27.26,100.50,5.00,438.00,0,0,0
2023-09-19T01:38:05Z,23.16,56.58,29,0,26.03,100.50,4.00,432.00,null,null,null
2023-09-19T01:39:05Z,23.17,56.58,29,0,26.08,100.49,5.00,438.00,null,null,null
2023-09-19T01:40:05Z,23.16,56.57,29,0,33.47,100.50,5.00,435.00,null,null,null
2023-09-19T01:41:05Z,23.16,56.58,30,0,27.55,100.49,5.00,438.00,null,null,null
2023-09-19T01:42:05Z,23.14,56.53,29,0,26.48,100.49,5.00,435.00,0,0,0
2023-09-19T01:43:05Z,23.19,56.61,29,0,30.06,100.49,5.00,435.00,null,null,null
2023-09-19T01:44:05Z,23.14,56.57,29,0,31.54,100.48,5.00,435.00,null,null,null
2023-09-19T01:45:05Z,23.17,56.58,29,0,28.84,100.49,5.00,435.00,null,null,null
2023-09-19T01:46:05Z,23.14,56.59,29,0,28.84,100.49,5.00,435.00,null,null,null
2023-09-19T01:47:05Z,23.14,56.55,29,0,29.96,100.49,5.00,435.00,0,0,0
2023-09-19T01:48:05Z,23.16,56.53,29,0,22.31,100.49,5.00,435.00,null,null,null
2023-09-19T01:49:05Z,23.14,56.61,29,0,25.59,100.49,5.00,435.00,null,null,null
2023-09-19T01:50:05Z,23.13,56.58,29,0,27.90,100.49,5.00,435.00,null,null,null
2023-09-19T01:51:05Z,23.16,56.54,29,0,29.55,100.48,5.00,435.00,null,null,null
2023-09-19T01:52:05Z,23.14,56.57,29,0,30.84,100.48,5.00,435.00,0,0,0
2023-09-19T01:53:05Z,23.13,56.62,29,0,24.86,100.48,5.00,435.00,null,null,null
2023-09-19T01:54:05Z,23.14,56.53,29,0,32.29,100.49,4.00,432.00,null,null,null
2023-09-19T01:55:05Z,23.14,56.56,29,0,33.70,100.48,4.00,432.00,null,null,null
2023-09-19T01:56:05Z,23.13,56.57,29,0,28.40,100.48,3.00,425.00,null,null,null
2023-09-19T01:57:05Z,23.12,56.59,29,0,26.14,100.48,3.00,425.00,0,0,0
2023-09-19T01:58:05Z,23.12,56.50,29,0,30.75,100.48,4.00,432.00,null,null,null
2023-09-19T01:59:05Z,23.14,56.55,29,0,24.15,100.48,4.00,432.00,null,null,null
2023-09-19T02:00:05Z,23.13,56.61,29,0,28.52,100.48,5.00,435.00,null,null,null
2023-09-19T02:01:05Z,23.12,56.59,29,0,26.26,100.48,4.00,432.00,null,null,null
2023-09-19T02:02:05Z,23.12,56.59,29,0,28.48,100.48,5.00,435.00,0,0,0
2023-09-19T02:03:05Z,23.12,56.55,29,0,25.16,100.48,3.00,425.00,null,null,null
2023-09-19T02:04:05Z,23.12,56.55,29,0,27.69,100.48,4.00,432.00,null,null,null
2023-09-19T02:05:05Z,23.12,56.59,29,0,32.30,100.48,5.00,435.00,null,null,null
2023-09-19T02:06:05Z,23.12,56.53,29,0,24.39,100.48,4.00,432.00,null,null,null
2023-09-19T02:07:05Z,23.12,56.56,29,0,25.38,100.48,4.00,432.00,0,0,0
2023-09-19T02:08:05Z,23.10,56.62,28,0,29.17,100.48,4.00,432.00,null,null,null
2023-09-19T02:09:05Z,23.13,56.54,29,0,27.08,100.49,4.00,432.00,null,null,null
2023-09-19T02:10:05Z,23.12,56.55,29,0,33.72,100.49,4.00,432.00,null,null,null
2023-09-19T02:11:05Z,23.10,56.55,29,0,25.73,100.49,3.00,425.00,null,null,null
2023-09-19T02:12:05Z,23.10,56.55,29,0,29.00,100.48,4.00,432.00,0,0,0
2023-09-19T02:13:05Z,23.10,56.55,28,0,30.36,100.48,4.00,432.00,null,null,null
2023-09-19T02:14:05Z,23.09,56.53,29,0,30.55,100.49,4.00,432.00,null,null,null
2023-09-19T02:15:05Z,23.09,56.54,29,0,33.24,100.49,4.00,432.00,null,null,null
2023-09-19T02:16:05Z,23.10,56.56,29,0,26.11,100.49,4.00,432.00,null,null,null
2023-09-19T02:17:05Z,23.09,56.55,29,0,28.02,100.49,4.00,432.00,0,0,0
2023-09-19T02:18:05Z,23.07,56.57,28,0,29.28,100.49,4.00,432.00,null,null,null
2023-09-19T02:19:05Z,23.09,56.59,28,0,28.81,100.50,4.00,432.00,null,null,null
2023-09-19T02:20:05Z,23.07,56.56,29,0,30.69,100.49,4.00,432.00,null,null,null
2023-09-19T02:21:05Z,23.07,56.55,29,0,25.38,100.49,3.00,425.00,null,null,null
2023-09-19T02:22:05Z,23.09,56.58,29,0,30.08,100.50,3.00,425.00,0,0,0
2023-09-19T02:23:05Z,23.09,56.57,29,0,33.11,100.50,3.00,425.00,null,null,null
2023-09-19T02:24:05Z,23.07,56.53,28,0,29.64,100.50,4.00,432.00,null,null,null
2023-09-19T02:25:05Z,23.09,56.56,29,0,29.49,100.51,3.00,425.00,null,null,null
2023-09-19T02:26:05Z,23.07,56.54,29,0,26.84,100.51,3.00,425.00,null,null,null
2023-09-19T02:27:05Z,23.07,56.55,28,0,25.82,100.51,3.00,425.00,0,0,0
2023-09-19T02:28:05Z,23.05,56.58,29,0,25.76,100.51,3.00,421.00,null,null,null
2023-09-19T02:29:05Z,23.06,56.56,28,0,28.70,100.50,3.00,425.00,null,null,null
2023-09-19T02:30:05Z,23.06,56.56,29,0,29.27,100.50,4.00,432.00,null,null,null
2023-09-19T02:31:05Z,23.06,56.58,29,0,26.31,100.50,3.00,425.00,null,null,null
2023-09-19T02:32:05Z,23.06,56.52,28,0,27.18,100.50,3.00,425.00,0,0,0
2023-09-19T02:33:05Z,23.06,56.55,28,0,31.65,100.50,3.00,425.00,null,null,null
2023-09-19T02:34:05Z,23.05,56.53,28,0,28.36,100.50,3.00,425.00,null,null,null
2023-09-19T02:35:05Z,23.06,56.54,28,0,31.40,100.50,3.00,425.00,null,null,null
2023-09-19T02:36:05Z,23.05,56.53,28,0,26.06,100.50,3.00,425.00,null,null,null
2023-09-19T02:37:05Z,23.07,56.58,29,0,28.66,100.50,3.00,425.00,0,0,0
2023-09-19T02:38:05Z,23.06,56.52,28,0,29.79,100.50,3.00,425.00,null,null,null
2023-09-19T02:39:05Z,23.03,56.57,28,0,26.24,100.50,3.00,425.00,null,null,null
2023-09-19T02:40:05Z,23.07,56.53,28,0,30.66,100.50,3.00,425.00,null,null,null
2023-09-19T02:41:05Z,23.05,56.56,28,0,29.72,100.49,3.00,425.00,null,null,null
2023-09-19T02:42:05Z,23.05,56.57,28,0,25.09,100.49,3.00,425.00,0,0,0
2023-09-19T02:43:05Z,23.05,56.52,28,0,30.79,100.48,3.00,425.00,null,null,null
2023-09-19T02:44:05Z,23.06,56.53,28,0,39.06,100.49,3.00,425.00,null,null,null
2023-09-19T02:45:05Z,23.03,56.52,28,0,29.74,100.48,3.00,425.00,null,null,null
2023-09-19T02:46:05Z,23.05,56.55,28,0,23.15,100.48,3.00,421.00,null,null,null
2023-09-19T02:47:05Z,23.03,56.55,28,0,24.43,100.48,3.00,425.00,0,0,0
2023-09-19T02:48:05Z,23.03,56.53,28,0,29.82,100.48,2.00,416.00,null,null,null
2023-09-19T02:49:05Z,23.00,56.54,28,0,33.25,100.48,2.00,416.00,null,null,null
2023-09-19T02:50:05Z,23.03,56.53,28,0,29.22,100.48,3.00,425.00,null,null,null
2023-09-19T02:51:05Z,23.03,56.55,28,0,32.80,100.48,3.00,425.00,null,null,null
2023-09-19T02:52:05Z,23.02,56.55,28,0,30.76,100.48,3.00,425.00,0,0,0
2023-09-19T02:53:05Z,23.05,56.54,28,0,31.63,100.48,2.00,416.00,null,null,null
2023-09-19T02:54:05Z,22.99,56.55,28,0,31.02,100.48,3.00,421.00,null,null,null
2023-09-19T02:55:05Z,23.03,56.55,28,0,32.59,100.47,3.00,421.00,null,null,null
2023-09-19T02:56:05Z,23.02,56.55,28,0,24.43,100.47,3.00,421.00,null,null,null
2023-09-19T02:57:05Z,23.02,56.55,28,0,27.73,100.47,3.00,421.00,0,0,0
2023-09-19T02:58:05Z,23.02,56.55,28,0,27.77,100.48,2.00,416.00,null,null,null
2023-09-19T02:59:05Z,23.02,56.52,28,0,30.36,100.48,3.00,421.00,null,null,null
