TIME,TEMP,HUM,BATT,LIGHT,NOISE_A,PRESS,CCS811_VOCS,CCS811_ECO2,PM_1,PM_25,PM_10
ISO 8601,C,%,%,Lux,dBA,kPa,ppb,ppm,ug/m3,ug/m3,ug/m3
Time,Temperature,Humidity,Battery,Light,Noise dBA,Barometric pressure,VOC Gas CCS811,eCO2 Gas CCS811,PM 1.0,PM 2.5,PM 10.0
,55,56,10,14,53,58,113,112,89,87,88
2023-09-08T00:00:52Z,27.93,62.20,99,0,47.11,101.54,148.00,1376.00,null,null,null
2023-09-08T00:01:52Z,27.93,62.17,99,0,34.13,101.54,148.00,1376.00,16,24,24
2023-09-08T00:02:52Z,27.94,62.18,99,0,52.71,101.54,151.00,1397.00,null,null,null
2023-09-08T00:03:52Z,27.94,62.14,100,0,40.45,101.54,148.00,1376.00,null,null,null
2023-09-08T00:04:52Z,27.93,62.18,100,0,40.89,101.54,151.00,1397.00,null,null,null
2023-09-08T00:05:52Z,27.93,62.19,100,0,44.17,101.54,148.00,1376.00,null,null,null
2023-09-08T00:06:52Z,27.94,62.17,100,0,50.71,101.54,151.00,1397.00,20,28,28
2023-09-08T00:07:52Z,27.96,62.16,99,0,48.39,101.54,151.00,1397.00,null,null,null
2023-09-08T00:08:52Z,27.94,62.19,100,0,40.16,101.55,151.00,1397.00,null,null,null
2023-09-08T00:09:52Z,27.94,62.14,100,0,37.47,101.54,148.00,1376.00,null,null,null
2023-09-08T00:10:52Z,27.93,62.15,99,0,35.21,101.54,151.00,1397.00,null,null,null
2023-09-08T00:11:52Z,27.96,62.12,100,0,40.86,101.55,153.00,1408.00,24,32,32
2023-09-08T00:12:52Z,27.94,62.17,100,0,37.63,101.55,153.00,1408.00,null,null,null
2023-09-08T00:13:52Z,27.97,62.21,100,0,35.54,101.55,148.00,1376.00,null,null,null
2023-09-08T00:14:52Z,27.96,62.17,99,0,55.08,101.55,153.00,1408.00,null,null,null
2023-09-08T00:15:52Z,27.97,62.17,100,0,34.32,101.55,153.00,1408.00,null,null,null
2023-09-08T00:16:52Z,27.93,62.18,100,0,48.12,101.56,153.00,1408.00,20,20,20
2023-09-08T00:17:52Z,27.97,62.18,100,0,55.75,101.55,153.00,1408.00,null,null,null
2023-09-08T00:18:52Z,27.97,62.14,100,0,36.74,101.56,153.00,1408.00,null,null,null
2023-09-08T00:19:52Z,27.97,62.14,100,0,33.28,101.55,153.00,1408.00,null,null,null
2023-09-08T00:20:52Z,27.96,62.09,100,0,43.35,101.56,153.00,1408.00,null,null,null
2023-09-08T00:21:52Z,27.96,62.10,99,0,56.23,101.55,156.00,1425.00,21,31,31
2023-09-08T00:22:52Z,27.99,62.07,100,0,54.33,101.55,153.00,1408.00,null,null,null
2023-09-08T00:23:52Z,27.97,62.02,100,0,43.91,101.55,156.00,1425.00,null,null,null
2023-09-08T00:24:52Z,27.96,62.05,100,0,44.77,101.55,156.00,1425.00,null,null,null
2023-09-08T00:25:52Z,27.94,62.04,100,0,48.40,101.55,156.00,1425.00,null,null,null
2023-09-08T00:26:52Z,27.94,62.08,100,0,53.45,101.54,156.00,1425.00,17,17,17
2023-09-08T00:27:52Z,27.94,62.05,100,0,47.93,101.55,151.00,1397.00,null,null,null
2023-09-08T00:28:52Z,27.97,62.05,99,0,48.52,101.54,153.00,1408.00,null,null,null
2023-09-08T00:29:52Z,27.94,62.07,100,0,46.85,101.54,153.00,1408.00,null,null,null
2023-09-08T00:30:52Z,27.93,62.07,99,0,42.22,101.54,153.00,1408.00,null,null,null
2023-09-08T00:31:52Z,27.93,62.06,99,0,44.27,101.54,153.00,1408.00,23,31,31
2023-09-08T00:32:52Z,27.96,62.08,100,0,49.71,101.54,153.00,1408.00,null,null,null
2023-09-08T00:33:52Z,27.96,62.07,100,0,36.91,101.54,153.00,1408.00,null,null,null
2023-09-08T00:34:52Z,27.93,62.06,100,0,57.02,101.53,153.00,1408.00,null,null,null
2023-09-08T00:35:52Z,27.93,62.10,99,0,52.91,101.54,153.00,1408.00,null,null,null
2023-09-08T00:36:52Z,27.93,62.17,100,0,50.31,101.54,153.00,1408.00,25,37,37
2023-09-08T00:37:52Z,27.92,62.18,99,0,39.46,101.54,153.00,1408.00,null,null,null
2023-09-08T00:38:52Z,27.93,62.19,100,0,44.98,101.54,153.00,1408.00,null,null,null
2023-09-08T00:39:52Z,27.92,62.16,99,0,45.45,101.54,153.00,1408.00,null,null,null
2023-09-08T00:40:52Z,27.90,62.19,99,0,39.82,101.54,153.00,1408.00,null,null,null
2023-09-08T00:41:52Z,27.93,62.13,99,0,45.91,101.54,156.00,1425.00,18,23,23
2023-09-08T00:42:52Z,27.92,62.22,100,0,37.20,101.54,156.00,1425.00,null,null,null
2023-09-08T00:43:52Z,27.93,62.20,100,0,52.02,101.54,156.00,1425.00,null,null,null
2023-09-08T00:44:52Z,27.92,62.11,100,0,35.54,101.54,156.00,1425.00,null,null,null
2023-09-08T00:45:52Z,27.92,62.20,100,0,47.75,101.53,156.00,1425.00,null,null,null
2023-09-08T00:46:52Z,27.90,62.27,100,0,60.94,101.53,156.00,1425.00,19,28,28
2023-09-08T00:47:52Z,27.92,62.23,100,0,36.49,101.53,161.00,1462.00,null,null,null
2023-09-08T00:48:52Z,27.93,62.20,100,0,36.84,101.53,170.00,1497.00,null,null,null
2023-09-08T00:49:52Z,27.90,62.17,100,0,32.91,101.53,178.00,1509.00,null,null,null
2023-09-08T00:50:52Z,27.90,62.18,99,0,36.30,101.53,181.00,1514.00,null,null,null
2023-09-08T00:51:52Z,27.92,62.19,99,0,38.51,101.54,181.00,1514.00,25,30,30
2023-09-08T00:52:52Z,27.93,62.16,100,0,58.43,101.54,181.00,1514.00,null,null,null
2023-09-08T00:53:52Z,27.92,62.16,100,0,35.47,101.54,178.00,1509.00,null,null,null
2023-09-08T00:54:52Z,27.93,62.17,100,0,36.47,101.54,178.00,1509.00,null,null,null
2023-09-08T00:55:52Z,27.90,62.20,99,0,45.28,101.54,178.00,1509.00,null,null,null
2023-09-08T00:56:52Z,27.90,62.18,100,0,52.39,101.54,186.00,1522.00,21,35,35
2023-09-08T00:57:52Z,27.89,62.13,99,0,44.22,101.53,181.00,1514.00,null,null,null
2023-09-08T00:58:52Z,27.89,62.13,100,0,33.35,101.54,181.00,1514.00,null,null,null
2023-09-08T00:59:52Z,27.92,62.17,100,0,32.71,101.54,181.00,1514.00,null,null,null
2023-09-08T01:00:52Z,27.92,62.18,100,0,49.06,101.54,181.00,1514.00,null,null,null
2023-09-08T01:01:52Z,27.92,62.12,100,0,45.47,101.54,178.00,1509.00,19,26,26
2023-09-08T01:02:52Z,27.88,62.10,100,0,35.48,101.54,177.00,1507.00,null,null,null
2023-09-08T01:03:52Z,27.90,62.07,100,0,38.64,101.54,177.00,1507.00,null,null,null
2023-09-08T01:04:52Z,27.88,62.08,100,0,55.38,101.54,177.00,1507.00,null,null,null
2023-09-08T01:05:52Z,27.88,62.06,100,0,43.22,101.54,174.00,1503.00,null,null,null
2023-09-08T01:06:52Z,27.88,62.09,100,0,55.04,101.54,174.00,1503.00,27,34,34
2023-09-08T01:07:52Z,27.88,62.05,99,0,36.62,101.55,170.00,1497.00,null,null,null
2023-09-08T01:08:52Z,27.89,62.00,100,0,33.42,101.54,174.00,1503.00,null,null,null
2023-09-08T01:09:52Z,27.90,62.04,100,0,48.15,101.54,170.00,1497.00,null,null,null
2023-09-08T01:10:52Z,27.89,62.04,100,0,38.14,101.54,170.00,1497.00,null,null,null
2023-09-08T01:11:52Z,27.89,61.98,100,0,46.12,101.54,166.00,1491.00,25,33,33
2023-09-08T01:12:52Z,27.90,61.94,100,0,35.38,101.53,166.00,1491.00,null,null,null
2023-09-08T01:13:52Z,27.90,61.91,100,0,52.00,101.54,163.00,1474.00,null,null,null
2023-09-08T01:14:52Z,27.88,61.86,100,0,41.05,101.54,163.00,1474.00,null,null,null
2023-09-08T01:15:52Z,27.90,61.83,99,0,51.91,101.54,157.00,1436.00,null,null,null
2023-09-08T01:16:52Z,27.86,61.89,99,0,39.00,101.54,157.00,1436.00,17,24,35
2023-09-08T01:17:52Z,27.89,61.86,100,0,33.27,101.53,153.00,1408.00,null,null,null
2023-09-08T01:18:52Z,27.89,61.84,100,0,52.14,101.53,153.00,1408.00,null,null,null
2023-09-08T01:19:52Z,27.88,61.85,100,0,44.25,101.53,153.00,1408.00,null,null,null
2023-09-08T01:20:52Z,27.89,61.86,100,0,38.26,101.53,151.00,1397.00,null,null,null
2023-09-08T01:21:52Z,27.89,61.86,99,0,46.69,101.53,153.00,1408.00,15,18,18
2023-09-08T01:22:52Z,27.86,61.86,100,0,35.08,101.53,153.00,1408.00,null,null,null
2023-09-08T01:23:52Z,27.89,61.88,100,0,41.63,101.53,148.00,1376.00,null,null,null
2023-09-08T01:24:52Z,27.86,61.82,99,0,36.62,101.53,148.00,1376.00,null,null,null
2023-09-08T01:25:52Z,27.86,61.85,100,0,33.85,101.53,148.00,1376.00,null,null,null
2023-09-08T01:26:52Z,27.88,61.82,99,0,30.28,101.53,151.00,1397.00,20,24,24
2023-09-08T01:27:52Z,27.86,61.86,99,0,35.60,101.53,151.00,1397.00,null,null,null
2023-09-08T01:28:52Z,27.86,61.90,99,0,34.28,101.53,148.00,1376.00,null,null,null
2023-09-08T01:29:52Z,27.86,61.87,99,0,33.16,101.53,148.00,1376.00,null,null,null
2023-09-08T01:30:52Z,27.86,61.89,100,0,42.09,101.52,148.00,1376.00,null,null,null
2023-09-08T01:31:52Z,27.86,61.89,99,0,43.55,101.52,148.00,1376.00,15,27,27
2023-09-08T01:32:52Z,27.88,61.84,100,0,33.29,101.53,146.00,1360.00,null,null,null
2023-09-08T01:33:52Z,27.85,61.84,100,0,35.13,101.52,148.00,1376.00,null,null,null
2023-09-08T01:34:52Z,27.88,61.78,100,0,34.91,101.52,148.00,1376.00,null,null,null
2023-09-08T01:35:52Z,27.85,61.79,100,0,33.90,101.52,148.00,1376.00,null,null,null
2023-09-08T01:36:52Z,27.85,61.82,100,0,32.64,101.52,144.00,1349.00,19,30,46
2023-09-08T01:37:52Z,27.88,61.76,100,0,37.17,101.52,144.00,1349.00,null,null,null
2023-09-08T01:38:52Z,27.85,61.83,100,0,35.81,101.52,144.00,1349.00,null,null,null
2023-09-08T01:39:52Z,27.86,61.80,100,0,45.12,101.51,144.00,1349.00,null,null,null
2023-09-08T01:40:52Z,27.88,61.76,100,0,48.34,101.51,144.00,1349.00,null,null,null
2023-09-08T01:41:52Z,27.80,61.77,100,0,32.60,101.51,144.00,1349.00,10,15,15
2023-09-08T01:42:52Z,27.85,61.75,99,0,35.72,101.51,144.00,1349.00,null,null,null
2023-09-08T01:43:52Z,27.85,61.71,100,0,34.50,101.52,144.00,1349.00,null,null,null
2023-09-08T01:44:52Z,27.83,61.74,100,0,32.02,101.52,146.00,1360.00,null,null,null
2023-09-08T01:45:52Z,27.83,61.77,100,0,32.51,101.52,146.00,1360.00,null,null,null
2023-09-08T01:46:52Z,27.85,61.72,100,0,31.19,101.52,142.00,1334.00,19,22,22
2023-09-08T01:47:52Z,27.83,61.78,100,0,34.03,101.52,146.00,1360.00,null,null,null
2023-09-08T01:48:52Z,27.82,61.73,100,0,32.99,101.52,142.00,1334.00,null,null,null
2023-09-08T01:49:52Z,27.82,61.79,100,0,47.93,101.53,143.00,1345.00,null,null,null
2023-09-08T01:50:52Z,27.82,61.76,99,0,32.21,101.53,139.00,1316.00,null,null,null
2023-09-08T01:51:52Z,27.82,61.77,99,0,34.27,101.52,139.00,1316.00,13,17,17
2023-09-08T01:52:52Z,27.82,61.73,100,0,35.48,101.53,139.00,1316.00,null,null,null
2023-09-08T01:53:52Z,27.79,61.74,100,0,54.01,101.53,141.00,1330.00,null,null,null
2023-09-08T01:54:52Z,27.80,61.76,100,0,48.94,101.53,141.00,1330.00,null,null,null
2023-09-08T01:55:52Z,27.82,61.78,100,0,32.96,101.53,139.00,1316.00,null,null,null
2023-09-08T01:56:52Z,27.80,61.79,100,0,55.59,101.52,139.00,1316.00,19,22,22
2023-09-08T01:57:52Z,27.79,61.76,100,0,43.55,101.52,139.00,1316.00,null,null,null
2023-09-08T01:58:52Z,27.82,61.74,100,0,52.99,101.52,139.00,1316.00,null,null,null
2023-09-08T01:59:52Z,27.77,61.82,100,0,33.06,101.52,141.00,1330.00,null,null,null
2023-09-08T02:00:52Z,27.80,61.79,99,0,32.93,101.53,137.00,1302.00,null,null,null
2023-09-08T02:01:52Z,27.80,61.79,100,0,35.46,101.52,137.00,1302.00,13,22,22
2023-09-08T02:02:52Z,27.80,61.85,100,0,34.98,101.53,137.00,1302.00,null,null,null
2023-09-08T02:03:52Z,27.80,61.79,100,0,32.08,101.53,137.00,1302.00,null,null,null
2023-09-08T02:04:52Z,27.80,61.79,99,0,32.95,101.53,135.00,1288.00,null,null,null
2023-09-08T02:05:52Z,27.79,61.87,100,0,35.34,101.52,135.00,1288.00,null,null,null
2023-09-08T02:06:52Z,27.79,61.83,99,0,33.71,101.53,135.00,1288.00,26,31,31
2023-09-08T02:07:52Z,27.79,61.83,100,0,34.02,101.52,135.00,1288.00,null,null,null
2023-09-08T02:08:52Z,27.80,61.81,100,0,33.86,101.53,137.00,1302.00,null,null,null
2023-09-08T02:09:52Z,27.79,61.88,100,0,35.22,101.53,137.00,1302.00,null,null,null
2023-09-08T02:10:52Z,27.79,61.88,99,0,33.98,101.52,137.00,1302.00,null,null,null
2023-09-08T02:11:52Z,27.79,61.83,100,0,33.36,101.52,137.00,1302.00,22,28,28
2023-09-08T02:12:52Z,27.79,61.89,99,0,33.76,101.52,135.00,1288.00,null,null,null
2023-09-08T02:13:52Z,27.77,61.91,99,0,34.42,101.52,137.00,1302.00,null,null,null
2023-09-08T02:14:52Z,27.79,61.89,100,0,34.78,101.52,137.00,1302.00,null,null,null
2023-09-08T02:15:52Z,27.77,61.89,99,0,35.38,101.52,137.00,1302.00,null,null,null
2023-09-08T02:16:52Z,27.77,61.89,100,0,43.57,101.52,137.00,1302.00,23,29,29
2023-09-08T02:17:52Z,27.76,61.93,100,0,42.47,101.52,137.00,1302.00,null,null,null
2023-09-08T02:18:52Z,27.76,61.88,100,0,35.32,101.52,137.00,1302.00,null,null,null
2023-09-08T02:19:52Z,27.75,61.84,100,0,34.58,101.51,135.00,1288.00,null,null,null
2023-09-08T02:20:52Z,27.76,61.80,100,0,31.28,101.51,135.00,1288.00,null,null,null
2023-09-08T02:21:52Z,27.75,61.94,100,0,33.83,101.52,135.00,1288.00,23,31,31
2023-09-08T02:22:52Z,27.75,61.86,100,0,38.35,101.52,135.00,1288.00,null,null,null
2023-09-08T02:23:52Z,27.73,61.90,100,0,34.71,101.52,135.00,1288.00,null,null,null
2023-09-08T02:24:52Z,27.73,61.84,99,0,39.18,101.52,150.00,1389.00,null,null,null
2023-09-08T02:25:52Z,27.73,61.80,99,0,34.41,101.52,152.00,1404.00,null,null,null
2023-09-08T02:26:52Z,27.72,61.81,100,0,35.71,101.52,150.00,1389.00,18,23,35
2023-09-08T02:27:52Z,27.73,61.80,99,0,62.90,101.52,150.00,1389.00,null,null,null
2023-09-08T02:28:52Z,27.73,61.82,100,0,39.13,101.51,150.00,1389.00,null,null,null
2023-09-08T02:29:52Z,27.73,61.74,100,0,38.49,101.51,150.00,1389.00,null,null,null
2023-09-08T02:30:52Z,27.73,61.75,100,0,55.74,101.51,151.00,1393.00,null,null,null
2023-09-08T02:31:52Z,27.73,61.68,100,0,39.19,101.51,149.00,1380.00,20,33,33
2023-09-08T02:32:52Z,27.69,61.77,100,0,49.94,101.51,151.00,1393.00,null,null,null
2023-09-08T02:33:52Z,27.70,61.73,100,0,34.00,101.51,145.00,1356.00,null,null,null
2023-09-08T02:34:52Z,27.70,61.72,100,0,32.95,101.51,151.00,1393.00,null,null,null
2023-09-08T02:35:52Z,27.70,61.67,100,0,35.59,101.51,147.00,1367.00,null,null,null
2023-09-08T02:36:52Z,27.69,61.69,100,0,53.06,101.51,147.00,1367.00,22,28,28
2023-09-08T02:37:52Z,27.69,61.62,99,0,34.40,101.51,147.00,1367.00,null,null,null
2023-09-08T02:38:52Z,27.66,61.69,99,0,52.00,101.50,146.00,1360.00,null,null,null
2023-09-08T02:39:52Z,27.69,61.61,100,0,33.28,101.51,143.00,1345.00,null,null,null
2023-09-08T02:40:52Z,27.65,61.67,100,0,49.27,101.51,143.00,1345.00,null,null,null
2023-09-08T02:41:52Z,27.66,61.70,100,0,34.21,101.51,143.00,1345.00,19,22,22
2023-09-08T02:42:52Z,27.66,61.72,100,0,34.10,101.51,143.00,1345.00,null,null,null
2023-09-08T02:43:52Z,27.66,61.68,99,0,55.43,101.51,146.00,1360.00,null,null,null
2023-09-08T02:44:52Z,27.66,61.69,99,0,31.39,101.51,146.00,1360.00,null,null,null
2023-09-08T02:45:52Z,27.65,61.74,100,0,33.85,101.51,146.00,1360.00,null,null,null
2023-09-08T02:46:52Z,27.63,61.77,100,0,32.14,101.51,143.00,1345.00,21,25,25
2023-09-08T02:47:52Z,27.63,61.78,100,0,34.32,101.51,142.00,1334.00,null,null,null
2023-09-08T02:48:52Z,27.63,61.74,99,0,34.44,101.51,144.00,1349.00,null,null,null
2023-09-08T02:49:52Z,27.61,61.82,100,0,36.46,101.51,146.00,1360.00,null,null,null
2023-09-08T02:50:52Z,27.61,61.79,100,0,35.82,101.51,144.00,1349.00,null,null,null
2023-09-08T02:51:52Z,27.62,61.79,100,0,34.31,101.51,155.00,1420.00,21,27,27
2023-09-08T02:52:52Z,27.61,61.85,100,0,34.59,101.51,163.00,1470.00,null,null,null
2023-09-08T02:53:52Z,27.59,61.81,100,0,55.57,101.51,163.00,1470.00,null,null,null
2023-09-08T02:54:52Z,27.59,61.80,99,0,53.44,101.50,163.00,1470.00,null,null,null
2023-09-08T02:55:52Z,27.58,61.81,100,0,45.11,101.51,168.00,1495.00,null,null,null
2023-09-08T02:56:52Z,27.58,61.76,100,0,48.54,101.50,165.00,1487.00,15,17,17
2023-09-08T02:57:52Z,27.58,61.76,100,0,33.88,101.50,163.00,1470.00,null,null,null
2023-09-08T02:58:52Z,27.58,61.73,100,0,34.64,101.50,165.00,1487.00,null,null,null
2023-09-08T02:59:52Z,27.61,61.73,100,0,36.04,101.50,164.00,1482.00,null,null,null
