TIME,TEMP,HUM,BATT,LIGHT,NOISE_A,PRESS,CCS811_VOCS,CCS811_ECO2,PM_1,PM_25,PM_10
ISO 8601,C,%,%,Lux,dBA,kPa,ppb,ppm,ug/m3,ug/m3,ug/m3
Time,Temperature,Humidity,Battery,Light,Noise dBA,Barometric pressure,VOC Gas CCS811,eCO2 Gas CCS811,PM 1.0,PM 2.5,PM 10.0
,55,56,10,14,53,58,113,112,89,87,88
2023-08-27T00:00:44Z,22.31,62.25,99,0,23.40,100.83,126.00,1231.00,null,null,null
2023-08-27T00:01:44Z,22.34,62.27,99,0,44.03,100.83,124.00,1220.00,null,null,null
2023-08-27T00:02:44Z,22.31,62.28,99,0,23.90,100.83,126.00,1228.00,2,2,2
2023-08-27T00:03:44Z,22.29,62.30,99,0,33.24,100.83,126.00,1228.00,null,null,null
2023-08-27T00:04:44Z,22.31,62.30,99,0,24.93,100.82,126.00,1228.00,null,null,null
2023-08-27T00:05:44Z,22.31,62.29,100,0,23.68,100.83,124.00,1220.00,null,null,null
2023-08-27T00:06:44Z,22.31,62.23,100,0,21.99,100.83,124.00,1220.00,null,null,null
2023-08-27T00:07:44Z,22.32,62.26,100,0,23.25,100.83,126.00,1231.00,1,1,17
2023-08-27T00:08:44Z,22.31,62.34,99,0,25.47,100.82,124.00,1220.00,null,null,null
2023-08-27T00:09:44Z,22.29,62.29,99,0,23.81,100.82,126.00,1228.00,null,null,null
2023-08-27T00:10:44Z,22.31,62.30,99,0,25.38,100.82,124.00,1220.00,null,null,null
2023-08-27T00:11:44Z,22.31,62.31,99,0,23.98,100.82,126.00,1228.00,null,null,null
2023-08-27T00:12:44Z,22.29,62.33,99,0,24.50,100.83,124.00,1220.00,3,3,3
2023-08-27T00:13:44Z,22.29,62.37,99,0,23.90,100.82,126.00,1228.00,null,null,null
2023-08-27T00:14:44Z,22.29,62.31,99,0,24.03,100.83,126.00,1228.00,null,null,null
2023-08-27T00:15:44Z,22.29,62.25,99,0,24.11,100.82,126.00,1228.00,null,null,null
2023-08-27T00:16:44Z,22.29,62.27,99,0,22.66,100.82,126.00,1228.00,null,null,null
2023-08-27T00:17:44Z,22.28,62.34,99,0,26.36,100.82,124.00,1220.00,3,3,3
2023-08-27T00:18:44Z,22.28,62.35,99,0,23.25,100.82,124.00,1220.00,null,null,null
2023-08-27T00:19:44Z,22.27,62.29,99,0,22.94,100.82,124.00,1220.00,null,null,null
2023-08-27T00:20:44Z,22.31,62.30,99,0,22.66,100.82,126.00,1228.00,null,null,null
2023-08-27T00:21:44Z,22.29,62.29,99,0,23.59,100.82,126.00,1228.00,null,null,null
2023-08-27T00:22:44Z,22.29,62.30,99,0,22.83,100.82,126.00,1228.00,3,3,3
2023-08-27T00:23:44Z,22.29,62.36,99,0,25.09,100.81,124.00,1220.00,null,null,null
2023-08-27T00:24:44Z,22.29,62.36,99,0,22.12,100.81,126.00,1228.00,null,null,null
2023-08-27T00:25:44Z,22.29,62.37,99,0,23.94,100.81,126.00,1228.00,null,null,null
2023-08-27T00:26:44Z,22.29,62.36,99,0,26.55,100.81,126.00,1228.00,null,null,null
2023-08-27T00:27:44Z,22.27,62.31,99,0,24.83,100.81,126.00,1228.00,3,3,3
2023-08-27T00:28:44Z,22.28,62.41,100,0,25.16,100.81,126.00,1228.00,null,null,null
2023-08-27T00:29:44Z,22.27,62.32,99,0,23.10,100.81,126.00,1228.00,null,null,null
2023-08-27T00:30:44Z,22.29,62.32,99,0,22.61,100.81,126.00,1228.00,null,null,null
2023-08-27T00:31:44Z,22.27,62.34,99,0,25.44,100.81,126.00,1228.00,null,null,null
2023-08-27T00:32:44Z,22.27,62.32,99,0,24.76,100.81,126.00,1228.00,2,3,3
2023-08-27T00:33:44Z,22.27,62.40,99,0,24.19,100.81,126.00,1228.00,null,null,null
2023-08-27T00:34:44Z,22.31,62.31,99,0,25.13,100.81,126.00,1228.00,null,null,null
2023-08-27T00:35:44Z,22.28,62.35,99,0,23.49,100.81,126.00,1228.00,null,null,null
2023-08-27T00:36:44Z,22.29,62.32,99,0,24.43,100.81,126.00,1228.00,null,null,null
2023-08-27T00:37:44Z,22.28,62.33,99,0,23.59,100.81,126.00,1228.00,2,2,2
2023-08-27T00:38:44Z,22.29,62.35,99,0,22.99,100.81,126.00,1228.00,null,null,null
2023-08-27T00:39:44Z,22.27,62.34,99,0,26.91,100.81,128.00,1242.00,null,null,null
2023-08-27T00:40:44Z,22.29,62.37,99,0,23.59,100.81,126.00,1228.00,null,null,null
2023-08-27T00:41:44Z,22.27,62.38,99,0,22.05,100.80,126.00,1228.00,null,null,null
2023-08-27T00:42:44Z,22.25,62.34,99,0,23.59,100.80,126.00,1228.00,1,1,1
2023-08-27T00:43:44Z,22.27,62.36,99,0,23.94,100.80,126.00,1228.00,null,null,null
2023-08-27T00:44:44Z,22.24,62.37,99,0,26.36,100.81,126.00,1228.00,null,null,null
2023-08-27T00:45:44Z,22.27,62.35,99,0,24.15,100.80,126.00,1228.00,null,null,null
2023-08-27T00:46:44Z,22.25,62.35,99,0,23.63,100.81,126.00,1228.00,null,null,null
2023-08-27T00:47:44Z,22.25,62.29,99,0,23.59,100.81,126.00,1228.00,3,3,3
2023-08-27T00:48:44Z,22.28,62.40,100,0,24.43,100.81,126.00,1228.00,null,null,null
2023-08-27T00:49:44Z,22.25,62.33,99,0,25.59,100.81,128.00,1242.00,null,null,null
2023-08-27T00:50:44Z,22.25,62.32,99,0,25.84,100.81,128.00,1242.00,null,null,null
2023-08-27T00:51:44Z,22.25,62.33,99,0,25.95,100.81,128.00,1242.00,null,null,null
2023-08-27T00:52:44Z,22.24,62.34,99,0,37.97,100.81,128.00,1242.00,5,6,6
2023-08-27T00:53:44Z,22.22,62.41,99,0,22.83,100.81,145.00,1352.00,null,null,null
2023-08-27T00:54:44Z,22.25,62.39,99,0,22.12,100.82,145.00,1352.00,null,null,null
2023-08-27T00:55:44Z,22.25,62.32,99,0,22.72,100.81,128.00,1242.00,null,null,null
2023-08-27T00:56:44Z,22.25,62.30,99,0,26.60,100.82,128.00,1242.00,null,null,null
2023-08-27T00:57:44Z,22.25,62.34,99,0,25.70,100.81,128.00,1242.00,0,0,0
2023-08-27T00:58:44Z,22.22,62.48,99,0,22.43,100.82,128.00,1242.00,null,null,null
2023-08-27T00:59:44Z,22.24,62.41,99,0,36.97,100.81,147.00,1367.00,null,null,null
2023-08-27T01:00:44Z,22.24,62.33,99,0,46.14,100.82,147.00,1367.00,null,null,null
2023-08-27T01:01:44Z,22.24,62.37,99,0,49.77,100.82,147.00,1367.00,null,null,null
2023-08-27T01:02:44Z,22.27,62.36,99,0,48.69,100.82,147.00,1367.00,3,3,3
2023-08-27T01:03:44Z,22.22,62.48,99,0,41.04,100.81,130.00,1255.00,null,null,null
2023-08-27T01:04:44Z,22.25,62.39,99,0,50.27,100.81,147.00,1367.00,null,null,null
2023-08-27T01:05:44Z,22.24,62.39,99,0,46.11,100.81,130.00,1255.00,null,null,null
2023-08-27T01:06:44Z,22.24,62.40,99,0,49.43,100.81,147.00,1367.00,null,null,null
2023-08-27T01:07:44Z,22.22,62.36,99,0,45.28,100.81,147.00,1367.00,0,0,0
2023-08-27T01:08:44Z,22.25,62.45,100,0,53.73,100.81,149.00,1380.00,null,null,null
2023-08-27T01:09:44Z,22.24,62.41,99,0,42.93,100.81,130.00,1255.00,null,null,null
2023-08-27T01:10:44Z,22.19,62.42,99,0,38.98,100.81,130.00,1255.00,null,null,null
2023-08-27T01:11:44Z,22.22,62.38,99,0,55.07,100.81,147.00,1367.00,null,null,null
2023-08-27T01:12:44Z,22.21,62.36,99,0,48.10,100.82,147.00,1367.00,1,1,1
2023-08-27T01:13:44Z,22.22,62.45,99,0,47.50,100.81,147.00,1367.00,null,null,null
2023-08-27T01:14:44Z,22.24,62.42,99,0,45.68,100.81,149.00,1380.00,null,null,null
2023-08-27T01:15:44Z,22.22,62.39,99,0,41.52,100.81,149.00,1380.00,null,null,null
2023-08-27T01:16:44Z,22.21,62.45,99,0,29.35,100.81,149.00,1380.00,null,null,null
2023-08-27T01:17:44Z,22.24,62.44,99,0,42.79,100.81,149.00,1380.00,3,3,3
2023-08-27T01:18:44Z,22.24,62.50,99,0,55.16,100.81,149.00,1380.00,null,null,null
2023-08-27T01:19:44Z,22.24,62.45,99,0,30.91,100.81,149.00,1380.00,null,null,null
2023-08-27T01:20:44Z,22.21,62.50,99,0,53.97,100.81,151.00,1397.00,null,null,null
2023-08-27T01:21:44Z,22.22,62.45,99,0,40.95,100.81,151.00,1397.00,null,null,null
2023-08-27T01:22:44Z,22.21,62.47,99,0,41.05,100.81,151.00,1397.00,1,1,1
2023-08-27T01:23:44Z,22.22,62.58,99,0,23.30,100.81,149.00,1380.00,null,null,null
2023-08-27T01:24:44Z,22.19,62.50,99,0,28.40,100.82,151.00,1397.00,null,null,null
2023-08-27T01:25:44Z,22.21,62.48,99,0,57.03,100.82,149.00,1380.00,null,null,null
2023-08-27T01:26:44Z,22.21,62.47,99,0,42.59,100.82,151.00,1397.00,null,null,null
2023-08-27T01:27:44Z,22.21,62.49,99,0,34.34,100.82,153.00,1408.00,4,4,4
2023-08-27T01:28:44Z,22.19,62.62,99,0,54.47,100.82,151.00,1397.00,null,null,null
2023-08-27T01:29:44Z,22.22,62.56,99,0,46.96,100.82,153.00,1408.00,null,null,null
2023-08-27T01:30:44Z,22.21,62.53,99,0,22.05,100.82,153.00,1408.00,null,null,null
2023-08-27T01:31:44Z,22.19,62.52,99,0,21.64,100.82,153.00,1408.00,null,null,null
2023-08-27T01:32:44Z,22.21,62.56,99,0,45.48,100.81,153.00,1408.00,6,6,6
2023-08-27T01:33:44Z,22.21,62.62,99,0,44.16,100.81,153.00,1408.00,null,null,null
2023-08-27T01:34:44Z,22.21,62.62,99,0,49.39,100.81,153.00,1408.00,null,null,null
2023-08-27T01:35:44Z,22.21,62.54,99,0,53.18,100.81,153.00,1408.00,null,null,null
2023-08-27T01:36:44Z,22.19,62.55,99,0,24.23,100.81,158.00,1441.00,null,null,null
2023-08-27T01:37:44Z,22.18,62.61,99,0,50.59,100.81,154.00,1416.00,5,5,5
2023-08-27T01:38:44Z,22.18,62.63,99,0,58.23,100.81,153.00,1408.00,null,null,null
2023-08-27T01:39:44Z,22.21,62.61,99,0,23.59,100.81,154.00,1416.00,null,null,null
2023-08-27T01:40:44Z,22.19,62.56,99,0,29.37,100.81,154.00,1416.00,null,null,null
2023-08-27T01:41:44Z,22.15,62.57,99,0,55.56,100.81,158.00,1441.00,null,null,null
2023-08-27T01:42:44Z,22.18,62.58,100,0,30.60,100.80,158.00,1441.00,1,1,1
2023-08-27T01:43:44Z,22.18,62.67,99,0,44.75,100.81,158.00,1441.00,null,null,null
2023-08-27T01:44:44Z,22.18,62.60,99,0,63.83,100.81,158.00,1441.00,null,null,null
2023-08-27T01:45:44Z,22.17,62.75,99,0,27.30,100.81,158.00,1441.00,null,null,null
2023-08-27T01:46:44Z,22.17,62.61,99,0,23.59,100.80,156.00,1425.00,null,null,null
2023-08-27T01:47:44Z,22.17,62.59,99,0,22.24,100.80,160.00,1453.00,1,1,1
2023-08-27T01:48:44Z,22.15,62.70,99,0,57.87,100.81,160.00,1453.00,null,null,null
2023-08-27T01:49:44Z,22.17,62.65,99,0,43.96,100.81,160.00,1453.00,null,null,null
2023-08-27T01:50:44Z,22.15,62.65,99,0,33.70,100.81,160.00,1453.00,null,null,null
2023-08-27T01:51:44Z,22.14,62.64,99,0,41.40,100.80,163.00,1470.00,null,null,null
2023-08-27T01:52:44Z,22.17,62.63,99,0,24.72,100.81,163.00,1470.00,0,0,12
2023-08-27T01:53:44Z,22.15,62.72,100,0,48.37,100.81,163.00,1470.00,null,null,null
2023-08-27T01:54:44Z,22.17,62.66,99,0,23.90,100.80,164.00,1482.00,null,null,null
2023-08-27T01:55:44Z,22.17,62.64,99,0,36.86,100.80,163.00,1470.00,null,null,null
2023-08-27T01:56:44Z,22.15,62.61,99,0,27.40,100.80,163.00,1470.00,null,null,null
2023-08-27T01:57:44Z,22.12,62.63,99,0,22.12,100.80,163.00,1470.00,1,1,1
2023-08-27T01:58:44Z,22.15,62.73,99,0,25.35,100.80,164.00,1482.00,null,null,null
2023-08-27T01:59:44Z,22.17,62.61,99,0,64.59,100.81,163.00,1470.00,null,null,null
2023-08-27T02:00:44Z,22.12,62.65,100,0,38.93,100.80,163.00,1470.00,null,null,null
2023-08-27T02:01:44Z,22.14,62.63,100,0,23.54,100.80,163.00,1470.00,null,null,null
2023-08-27T02:02:44Z,22.12,62.63,99,0,69.65,100.80,164.00,1482.00,2,3,3
2023-08-27T02:03:44Z,22.17,62.76,99,0,38.52,100.81,164.00,1482.00,null,null,null
2023-08-27T02:04:44Z,22.14,62.73,99,0,50.36,100.80,165.00,1487.00,null,null,null
2023-08-27T02:05:44Z,22.14,62.69,99,0,35.66,100.81,164.00,1482.00,null,null,null
2023-08-27T02:06:44Z,22.15,62.67,99,0,43.73,100.81,168.00,1494.00,null,null,null
2023-08-27T02:07:44Z,22.12,62.68,99,0,23.90,100.80,168.00,1494.00,1,1,1
2023-08-27T02:08:44Z,22.14,62.79,99,0,25.00,100.80,168.00,1494.00,null,null,null
2023-08-27T02:09:44Z,22.12,62.71,99,0,53.07,100.81,167.00,1499.00,null,null,null
2023-08-27T02:10:44Z,22.12,62.70,99,0,33.92,100.80,170.00,1497.00,null,null,null
2023-08-27T02:11:44Z,22.14,62.73,99,0,31.80,100.80,170.00,1497.00,null,null,null
2023-08-27T02:12:44Z,22.12,62.72,99,0,46.31,100.80,170.00,1497.00,2,2,2
2023-08-27T02:13:44Z,22.12,62.81,99,0,24.07,100.81,170.00,1497.00,null,null,null
2023-08-27T02:14:44Z,22.12,62.72,99,0,26.97,100.81,167.00,1499.00,null,null,null
2023-08-27T02:15:44Z,22.12,62.70,99,0,48.87,100.81,170.00,1497.00,null,null,null
2023-08-27T02:16:44Z,22.14,62.73,99,0,44.56,100.81,170.00,1497.00,null,null,null
2023-08-27T02:17:44Z,22.11,62.75,99,0,31.34,100.81,170.00,1497.00,0,0,11
2023-08-27T02:18:44Z,22.09,62.78,99,0,52.94,100.81,170.00,1497.00,null,null,null
2023-08-27T02:19:44Z,22.12,62.76,99,0,30.02,100.81,167.00,1499.00,null,null,null
2023-08-27T02:20:44Z,22.11,62.74,99,0,33.22,100.81,170.00,1497.00,null,null,null
2023-08-27T02:21:44Z,22.11,62.77,99,0,23.81,100.81,172.00,1501.00,null,null,null
2023-08-27T02:22:44Z,22.08,62.73,99,0,26.53,100.81,167.00,1499.00,1,1,1
2023-08-27T02:23:44Z,22.08,62.82,99,0,24.39,100.81,172.00,1501.00,null,null,null
2023-08-27T02:24:44Z,22.09,62.70,99,0,36.72,100.81,167.00,1499.00,null,null,null
2023-08-27T02:25:44Z,22.09,62.69,99,0,47.77,100.81,172.00,1501.00,null,null,null
2023-08-27T02:26:44Z,22.05,62.75,99,0,23.15,100.81,172.00,1501.00,null,null,null
2023-08-27T02:27:44Z,22.09,62.71,99,0,75.07,100.81,174.00,1504.00,3,3,3
2023-08-27T02:28:44Z,22.09,62.85,99,0,40.66,100.81,172.00,1501.00,null,null,null
2023-08-27T02:29:44Z,22.08,62.76,99,0,24.50,100.81,172.00,1500.00,null,null,null
2023-08-27T02:30:44Z,22.08,62.78,99,0,21.49,100.81,172.00,1500.00,null,null,null
2023-08-27T02:31:44Z,22.11,62.77,99,0,22.24,100.81,172.00,1500.00,null,null,null
2023-08-27T02:32:44Z,22.08,62.75,99,0,22.61,100.81,172.00,1500.00,3,3,3
2023-08-27T02:33:44Z,22.08,62.81,99,0,20.85,100.81,172.00,1500.00,null,null,null
2023-08-27T02:34:44Z,22.07,62.79,99,0,22.31,100.81,172.00,1500.00,null,null,null
2023-08-27T02:35:44Z,22.08,62.79,99,0,21.34,100.81,175.00,1505.00,null,null,null
2023-08-27T02:36:44Z,22.05,62.76,99,0,22.49,100.81,172.00,1500.00,null,null,null
2023-08-27T02:37:44Z,22.05,62.57,99,0,22.24,100.81,170.00,1497.00,2,3,3
2023-08-27T02:38:44Z,22.07,62.54,99,0,22.55,100.81,164.00,1482.00,null,null,null
2023-08-27T02:39:44Z,22.05,62.35,99,0,22.31,100.81,158.00,1441.00,null,null,null
2023-08-27T02:40:44Z,22.05,62.30,99,0,24.31,100.81,153.00,1408.00,null,null,null
2023-08-27T02:41:44Z,22.04,62.21,99,0,23.94,100.81,149.00,1380.00,null,null,null
2023-08-27T02:42:44Z,22.04,62.15,99,0,24.79,100.81,146.00,1364.00,0,1,1
2023-08-27T02:43:44Z,22.05,62.12,99,0,46.92,100.81,143.00,1341.00,null,null,null
2023-08-27T02:44:44Z,22.04,62.10,99,0,25.35,100.81,141.00,1330.00,null,null,null
2023-08-27T02:45:44Z,22.02,62.12,99,0,21.71,100.81,139.00,1313.00,null,null,null
2023-08-27T02:46:44Z,22.01,62.07,99,0,22.83,100.81,136.00,1299.00,null,null,null
2023-08-27T02:47:44Z,22.02,62.03,99,0,25.00,100.82,134.00,1285.00,1,1,17
2023-08-27T02:48:44Z,22.01,62.07,99,0,23.49,100.81,133.00,1274.00,null,null,null
2023-08-27T02:49:44Z,22.01,62.04,99,0,22.37,100.81,131.00,1266.00,null,null,null
2023-08-27T02:50:44Z,22.00,62.04,99,0,23.20,100.82,128.00,1245.00,null,null,null
2023-08-27T02:51:44Z,21.98,62.00,99,0,23.90,100.82,128.00,1245.00,null,null,null
2023-08-27T02:52:44Z,21.98,61.95,99,0,23.35,100.82,128.00,1245.00,3,3,3
2023-08-27T02:53:44Z,21.98,61.94,100,0,23.10,100.81,126.00,1228.00,null,null,null
2023-08-27T02:54:44Z,22.00,61.84,99,0,22.31,100.82,126.00,1228.00,null,null,null
2023-08-27T02:55:44Z,22.00,61.88,99,0,23.81,100.82,123.00,1212.00,null,null,null
2023-08-27T02:56:44Z,21.97,61.82,99,0,24.11,100.81,123.00,1212.00,null,null,null
2023-08-27T02:57:44Z,21.98,61.83,99,0,21.71,100.81,122.00,1201.00,1,4,4
2023-08-27T02:58:44Z,21.96,61.81,99,0,19.88,100.81,117.00,1168.00,null,null,null
2023-08-27T02:59:44Z,21.96,61.75,99,0,23.35,100.81,117.00,1174.00,null,null,null
