TIME,TEMP,HUM,BATT,LIGHT,NOISE_A,PRESS,CCS811_VOCS,CCS811_ECO2,PM_1,PM_25,PM_10
ISO 8601,C,%,%,Lux,dBA,kPa,ppb,ppm,ug/m3,ug/m3,ug/m3
Time,Temperature,Humidity,Battery,Light,Noise dBA,Barometric pressure,VOC Gas CCS811,eCO2 Gas CCS811,PM 1.0,PM 2.5,PM 10.0
,55,56,10,14,53,58,113,112,89,87,88
2023-08-30T00:00:03Z,23.42,57.45,99,0,26.67,100.93,2.00,418.00,0,0,0
2023-08-30T00:01:03Z,23.40,57.55,99,0,24.61,100.94,2.00,418.00,null,null,null
2023-08-30T00:02:03Z,23.42,57.48,99,0,25.19,100.93,2.00,414.00,null,null,null
2023-08-30T00:03:03Z,23.43,57.48,99,0,23.49,100.92,2.00,414.00,null,null,null
2023-08-30T00:04:03Z,23.40,57.44,99,0,26.29,100.93,2.00,414.00,null,null,null
2023-08-30T00:05:03Z,23.40,57.46,99,0,25.50,100.92,2.00,418.00,0,0,0
2023-08-30T00:06:03Z,23.43,57.57,99,0,24.46,100.93,2.00,414.00,null,null,null
2023-08-30T00:07:03Z,23.42,57.51,99,0,28.74,100.93,2.00,418.00,null,null,null
2023-08-30T00:08:03Z,23.42,57.45,99,0,24.31,100.93,2.00,418.00,null,null,null
2023-08-30T00:09:03Z,23.40,57.48,99,0,24.83,100.93,2.00,418.00,null,null,null
2023-08-30T00:10:03Z,23.40,57.50,99,0,26.16,100.93,2.00,418.00,0,0,0
2023-08-30T00:11:03Z,23.42,57.52,99,0,27.57,100.93,2.00,414.00,null,null,null
2023-08-30T00:12:03Z,23.39,57.47,99,0,29.50,100.93,3.00,423.00,null,null,null
2023-08-30T00:13:03Z,23.39,57.45,99,0,24.58,100.93,2.00,418.00,null,null,null
2023-08-30T00:14:03Z,23.43,57.46,99,0,24.11,100.93,2.00,418.00,null,null,null
2023-08-30T00:15:03Z,23.40,57.45,99,0,27.87,100.93,2.00,414.00,0,0,0
2023-08-30T00:16:03Z,23.42,57.53,99,0,27.24,100.93,2.00,418.00,null,null,null
2023-08-30T00:17:03Z,23.43,57.48,99,0,24.35,100.93,2.00,418.00,null,null,null
2023-08-30T00:18:03Z,23.42,57.47,99,0,25.44,100.92,2.00,418.00,null,null,null
2023-08-30T00:19:03Z,23.40,57.45,99,0,24.50,100.93,2.00,418.00,null,null,null
2023-08-30T00:20:03Z,23.42,57.44,99,0,26.99,100.93,2.00,418.00,0,0,0
2023-08-30T00:21:03Z,23.40,57.55,99,0,28.42,100.93,2.00,418.00,null,null,null
2023-08-30T00:22:03Z,23.40,57.49,99,0,24.46,100.92,2.00,418.00,null,null,null
2023-08-30T00:23:03Z,23.42,57.44,99,0,27.57,100.93,2.00,418.00,null,null,null
2023-08-30T00:24:03Z,23.39,57.45,99,0,25.13,100.93,2.00,418.00,null,null,null
2023-08-30T00:25:03Z,23.40,57.49,99,0,27.26,100.93,2.00,418.00,0,0,0
2023-08-30T00:26:03Z,23.39,57.50,99,0,23.68,100.93,2.00,418.00,null,null,null
2023-08-30T00:27:03Z,23.42,57.46,99,0,25.19,100.93,2.00,418.00,null,null,null
2023-08-30T00:28:03Z,23.39,57.49,99,0,24.79,100.93,2.00,414.00,null,null,null
2023-08-30T00:29:03Z,23.42,57.43,99,0,25.53,100.93,2.00,418.00,null,null,null
2023-08-30T00:30:03Z,23.39,57.46,99,0,28.48,100.93,2.00,418.00,1,1,1
2023-08-30T00:31:03Z,23.40,57.46,99,0,25.79,100.93,1.00,409.00,null,null,null
2023-08-30T00:32:03Z,23.40,57.43,99,0,31.63,100.92,1.00,409.00,null,null,null
2023-08-30T00:33:03Z,23.39,57.44,99,0,24.79,100.92,2.00,414.00,null,null,null
2023-08-30T00:34:03Z,23.39,57.42,99,0,27.22,100.92,2.00,418.00,null,null,null
2023-08-30T00:35:03Z,23.39,57.45,99,0,24.86,100.92,2.00,418.00,0,0,0
2023-08-30T00:36:03Z,23.39,57.45,99,0,26.48,100.92,1.00,409.00,null,null,null
2023-08-30T00:37:03Z,23.40,57.40,99,0,28.58,100.92,2.00,418.00,null,null,null
2023-08-30T00:38:03Z,23.40,57.40,99,0,28.55,100.92,2.00,418.00,null,null,null
2023-08-30T00:39:03Z,23.40,57.39,99,0,31.66,100.92,2.00,418.00,null,null,null
2023-08-30T00:40:03Z,23.37,57.38,99,0,24.65,100.92,2.00,418.00,0,0,0
2023-08-30T00:41:03Z,23.39,57.44,99,0,27.90,100.91,2.00,414.00,null,null,null
2023-08-30T00:42:03Z,23.42,57.42,99,0,24.89,100.91,2.00,418.00,null,null,null
2023-08-30T00:43:03Z,23.37,57.35,99,0,29.91,100.91,2.00,418.00,null,null,null
2023-08-30T00:44:03Z,23.39,57.35,99,0,24.07,100.91,2.00,418.00,null,null,null
2023-08-30T00:45:03Z,23.39,57.40,99,0,24.68,100.91,2.00,414.00,2,2,5
2023-08-30T00:46:03Z,23.40,57.40,99,0,24.11,100.90,2.00,418.00,null,null,null
2023-08-30T00:47:03Z,23.40,57.42,99,0,24.65,100.90,2.00,414.00,null,null,null
2023-08-30T00:48:03Z,23.40,57.32,99,0,24.50,100.90,2.00,418.00,null,null,null
2023-08-30T00:49:03Z,23.37,57.34,99,0,24.39,100.90,2.00,414.00,null,null,null
2023-08-30T00:50:03Z,23.37,57.30,99,0,23.30,100.90,2.00,418.00,2,2,2
2023-08-30T00:51:03Z,23.39,57.35,99,0,28.07,100.90,2.00,414.00,null,null,null
2023-08-30T00:52:03Z,23.40,57.32,99,0,28.77,100.90,2.00,414.00,null,null,null
2023-08-30T00:53:03Z,23.40,57.36,99,0,28.47,100.90,2.00,414.00,null,null,null
2023-08-30T00:54:03Z,23.39,57.29,99,0,29.57,100.90,2.00,418.00,null,null,null
2023-08-30T00:55:03Z,23.40,57.30,99,0,26.00,100.89,2.00,418.00,1,1,1
2023-08-30T00:56:03Z,23.40,57.34,99,0,27.66,100.89,2.00,414.00,null,null,null
2023-08-30T00:57:03Z,23.39,57.28,99,0,24.68,100.89,2.00,414.00,null,null,null
2023-08-30T00:58:03Z,23.39,57.26,99,0,26.41,100.89,2.00,414.00,null,null,null
2023-08-30T00:59:03Z,23.37,57.26,99,0,26.29,100.89,1.00,409.00,null,null,null
2023-08-30T01:00:03Z,23.39,57.24,99,0,25.67,100.89,1.00,409.00,0,0,0
2023-08-30T01:01:03Z,23.37,57.27,99,0,31.84,100.89,1.00,409.00,null,null,null
2023-08-30T01:02:03Z,23.39,57.22,99,0,26.57,100.89,3.00,423.00,null,null,null
2023-08-30T01:03:03Z,23.37,57.23,99,0,26.55,100.89,2.00,418.00,null,null,null
2023-08-30T01:04:03Z,23.39,57.20,99,0,27.87,100.89,3.00,423.00,null,null,null
2023-08-30T01:05:03Z,23.35,57.22,99,0,26.11,100.89,2.00,418.00,0,1,1
2023-08-30T01:06:03Z,23.39,57.24,99,0,23.86,100.89,2.00,414.00,null,null,null
2023-08-30T01:07:03Z,23.39,57.21,99,0,25.41,100.89,2.00,418.00,null,null,null
2023-08-30T01:08:03Z,23.39,57.14,99,0,25.50,100.89,2.00,418.00,null,null,null
2023-08-30T01:09:03Z,23.37,57.15,99,0,28.92,100.89,2.00,414.00,null,null,null
2023-08-30T01:10:03Z,23.37,57.17,99,0,24.76,100.89,2.00,418.00,0,0,0
2023-08-30T01:11:03Z,23.39,57.21,99,0,28.96,100.89,2.00,418.00,null,null,null
2023-08-30T01:12:03Z,23.40,57.13,99,0,25.98,100.89,2.00,418.00,null,null,null
2023-08-30T01:13:03Z,23.37,57.12,99,0,28.22,100.89,2.00,418.00,null,null,null
2023-08-30T01:14:03Z,23.37,57.15,99,0,26.38,100.89,2.00,418.00,null,null,null
2023-08-30T01:15:03Z,23.39,57.11,99,0,26.97,100.89,2.00,418.00,0,0,0
2023-08-30T01:16:03Z,23.39,57.13,99,0,28.15,100.89,2.00,418.00,null,null,null
2023-08-30T01:17:03Z,23.39,57.05,99,0,26.82,100.89,2.00,414.00,null,null,null
2023-08-30T01:18:03Z,23.39,57.06,99,0,26.89,100.89,2.00,418.00,null,null,null
2023-08-30T01:19:03Z,23.39,57.06,99,0,27.87,100.89,2.00,418.00,null,null,null
2023-08-30T01:20:03Z,23.35,57.05,99,0,27.51,100.89,1.00,410.00,0,0,0
2023-08-30T01:21:03Z,23.39,57.13,99,0,26.08,100.89,2.00,414.00,null,null,null
2023-08-30T01:22:03Z,23.39,57.05,99,0,26.43,100.89,2.00,418.00,null,null,null
2023-08-30T01:23:03Z,23.37,57.08,99,0,25.29,100.89,2.00,414.00,null,null,null
2023-08-30T01:24:03Z,23.39,57.02,99,0,25.84,100.89,2.00,418.00,null,null,null
2023-08-30T01:25:03Z,23.37,57.01,99,0,26.64,100.89,2.00,414.00,0,0,0
2023-08-30T01:26:03Z,23.37,57.03,99,0,23.77,100.89,2.00,418.00,null,null,null
2023-08-30T01:27:03Z,23.39,57.01,99,0,23.35,100.89,2.00,414.00,null,null,null
2023-08-30T01:28:03Z,23.36,57.01,99,0,22.99,100.90,1.00,410.00,null,null,null
2023-08-30T01:29:03Z,23.36,56.98,99,0,31.74,100.89,1.00,410.00,null,null,null
2023-08-30T01:30:03Z,23.37,57.01,99,0,24.46,100.89,1.00,410.00,0,0,0
2023-08-30T01:31:03Z,23.36,57.00,99,0,25.59,100.90,2.00,414.00,null,null,null
2023-08-30T01:32:03Z,23.39,56.95,99,0,25.56,100.90,2.00,414.00,null,null,null
2023-08-30T01:33:03Z,23.40,56.94,99,0,24.07,100.89,2.00,418.00,null,null,null
2023-08-30T01:34:03Z,23.37,56.95,99,0,30.61,100.89,2.00,418.00,null,null,null
2023-08-30T01:35:03Z,23.36,56.95,99,0,27.69,100.89,2.00,414.00,0,0,0
2023-08-30T01:36:03Z,23.36,56.92,99,0,25.13,100.89,1.00,410.00,null,null,null
2023-08-30T01:37:03Z,23.39,56.87,99,0,28.51,100.89,2.00,418.00,null,null,null
2023-08-30T01:38:03Z,23.36,56.87,99,0,26.48,100.89,2.00,414.00,null,null,null
2023-08-30T01:39:03Z,23.36,56.87,99,0,25.09,100.89,2.00,414.00,null,null,null
2023-08-30T01:40:03Z,23.35,56.88,99,0,22.83,100.89,2.00,414.00,1,1,1
2023-08-30T01:41:03Z,23.39,56.87,99,0,27.84,100.89,2.00,414.00,null,null,null
2023-08-30T01:42:03Z,23.36,56.87,99,0,28.04,100.89,2.00,414.00,null,null,null
2023-08-30T01:43:03Z,23.36,56.87,99,0,26.64,100.89,1.00,410.00,null,null,null
2023-08-30T01:44:03Z,23.37,56.82,99,0,25.90,100.89,2.00,414.00,null,null,null
2023-08-30T01:45:03Z,23.35,56.83,99,0,26.67,100.89,2.00,414.00,0,0,0
2023-08-30T01:46:03Z,23.36,56.82,99,0,26.03,100.89,2.00,414.00,null,null,null
2023-08-30T01:47:03Z,23.35,56.82,99,0,28.88,100.88,2.00,414.00,null,null,null
2023-08-30T01:48:03Z,23.36,56.80,99,0,28.58,100.88,2.00,414.00,null,null,null
2023-08-30T01:49:03Z,23.36,56.77,99,0,24.11,100.88,2.00,414.00,null,null,null
2023-08-30T01:50:03Z,23.36,56.81,99,0,24.58,100.88,1.00,410.00,1,1,1
2023-08-30T01:51:03Z,23.37,56.77,99,0,23.40,100.89,2.00,414.00,null,null,null
2023-08-30T01:52:03Z,23.36,56.76,99,0,26.11,100.89,2.00,414.00,null,null,null
2023-08-30T01:53:03Z,23.33,56.72,99,0,24.72,100.88,2.00,414.00,null,null,null
2023-08-30T01:54:03Z,23.35,56.74,99,0,23.94,100.89,2.00,414.00,null,null,null
2023-08-30T01:55:03Z,23.33,56.78,99,0,25.98,100.89,2.00,417.00,0,0,0
2023-08-30T01:56:03Z,23.35,56.77,99,0,31.67,100.89,2.00,414.00,null,null,null
2023-08-30T01:57:03Z,23.37,56.77,99,0,24.58,100.89,1.00,408.00,null,null,null
2023-08-30T01:58:03Z,23.33,56.73,99,0,32.01,100.89,1.00,408.00,null,null,null
2023-08-30T01:59:03Z,23.36,56.69,99,0,25.59,100.89,2.00,414.00,null,null,null
2023-08-30T02:00:03Z,23.35,56.70,99,0,26.57,100.89,2.00,414.00,2,2,2
2023-08-30T02:01:03Z,23.36,56.73,99,0,27.80,100.89,1.00,411.00,null,null,null
2023-08-30T02:02:03Z,23.36,56.70,99,0,26.00,100.89,2.00,417.00,null,null,null
2023-08-30T02:03:03Z,23.36,56.73,99,0,25.32,100.89,2.00,417.00,null,null,null
2023-08-30T02:04:03Z,23.35,56.72,99,0,23.72,100.89,2.00,417.00,null,null,null
2023-08-30T02:05:03Z,23.35,56.72,99,0,25.38,100.89,2.00,417.00,0,0,0
2023-08-30T02:06:03Z,23.35,56.70,99,0,26.60,100.89,1.00,411.00,null,null,null
2023-08-30T02:07:03Z,23.37,56.66,99,0,23.54,100.89,2.00,417.00,null,null,null
2023-08-30T02:08:03Z,23.35,56.64,99,0,25.38,100.89,2.00,417.00,null,null,null
2023-08-30T02:09:03Z,23.32,56.69,99,0,25.56,100.89,2.00,417.00,null,null,null
2023-08-30T02:10:03Z,23.35,56.65,99,0,27.64,100.89,2.00,414.00,0,0,0
2023-08-30T02:11:03Z,23.35,56.67,99,0,25.38,100.89,2.00,414.00,null,null,null
2023-08-30T02:12:03Z,23.35,56.62,99,0,24.11,100.89,2.00,414.00,null,null,null
2023-08-30T02:13:03Z,23.32,56.60,99,0,25.65,100.89,2.00,414.00,null,null,null
2023-08-30T02:14:03Z,23.33,56.64,99,0,24.27,100.89,2.00,414.00,null,null,null
2023-08-30T02:15:03Z,23.32,56.61,99,0,24.93,100.89,2.00,414.00,0,0,0
2023-08-30T02:16:03Z,23.33,56.64,99,0,26.21,100.89,2.00,414.00,null,null,null
2023-08-30T02:17:03Z,23.37,56.59,99,0,26.91,100.89,2.00,414.00,null,null,null
2023-08-30T02:18:03Z,23.35,56.57,99,0,27.59,100.89,2.00,414.00,null,null,null
2023-08-30T02:19:03Z,23.32,56.60,99,0,25.56,100.89,2.00,414.00,null,null,null
2023-08-30T02:20:03Z,23.33,56.58,99,0,26.69,100.89,2.00,414.00,0,0,0
2023-08-30T02:21:03Z,23.35,56.58,99,0,25.50,100.88,2.00,414.00,null,null,null
2023-08-30T02:22:03Z,23.35,56.55,99,0,27.92,100.89,2.00,414.00,null,null,null
2023-08-30T02:23:03Z,23.37,56.55,99,0,27.16,100.89,2.00,414.00,null,null,null
2023-08-30T02:24:03Z,23.33,56.54,99,0,23.59,100.89,2.00,414.00,null,null,null
2023-08-30T02:25:03Z,23.32,56.59,99,0,26.19,100.89,0.00,405.00,0,0,0
2023-08-30T02:26:03Z,23.33,56.55,99,0,32.28,100.89,1.00,411.00,null,null,null
2023-08-30T02:27:03Z,23.32,56.53,99,0,26.34,100.90,1.00,411.00,null,null,null
2023-08-30T02:28:03Z,23.33,56.48,99,0,25.13,100.90,2.00,414.00,null,null,null
2023-08-30T02:29:03Z,23.35,56.51,99,0,24.23,100.90,2.00,414.00,null,null,null
2023-08-30T02:30:03Z,23.36,56.54,99,0,24.76,100.89,2.00,414.00,0,0,0
2023-08-30T02:31:03Z,23.32,56.54,99,0,26.11,100.90,0.00,405.00,null,null,null
2023-08-30T02:32:03Z,23.35,56.51,99,0,26.24,100.89,2.00,414.00,null,null,null
2023-08-30T02:33:03Z,23.35,56.51,99,0,25.92,100.89,2.00,414.00,null,null,null
2023-08-30T02:34:03Z,23.33,56.54,99,0,26.34,100.90,1.00,411.00,null,null,null
2023-08-30T02:35:03Z,23.33,56.50,99,0,27.78,100.89,2.00,414.00,0,0,0
2023-08-30T02:36:03Z,23.35,56.51,99,0,23.05,100.90,1.00,411.00,null,null,null
2023-08-30T02:37:03Z,23.33,56.53,99,0,26.41,100.90,1.00,411.00,null,null,null
2023-08-30T02:38:03Z,23.33,56.50,99,0,26.95,100.90,2.00,414.00,null,null,null
2023-08-30T02:39:03Z,23.32,56.48,99,0,25.22,100.90,2.00,414.00,null,null,null
2023-08-30T02:40:03Z,23.33,56.52,99,0,23.81,100.90,1.00,411.00,1,1,1
2023-08-30T02:41:03Z,23.35,56.50,99,0,25.98,100.90,1.00,411.00,null,null,null
2023-08-30T02:42:03Z,23.33,56.45,99,0,27.71,100.90,2.00,414.00,null,null,null
2023-08-30T02:43:03Z,23.33,56.46,99,0,27.16,100.90,1.00,411.00,null,null,null
2023-08-30T02:44:03Z,23.33,56.42,99,0,26.64,100.89,1.00,411.00,null,null,null
2023-08-30T02:45:03Z,23.33,56.45,99,0,27.30,100.90,2.00,414.00,1,1,1
2023-08-30T02:46:03Z,23.32,56.46,99,0,25.29,100.89,1.00,411.00,null,null,null
2023-08-30T02:47:03Z,23.32,56.45,99,0,27.89,100.89,1.00,411.00,null,null,null
2023-08-30T02:48:03Z,23.33,56.44,99,0,24.89,100.89,1.00,411.00,null,null,null
2023-08-30T02:49:03Z,23.33,56.45,99,0,29.31,100.89,1.00,411.00,null,null,null
2023-08-30T02:50:03Z,23.30,56.45,99,0,26.11,100.89,1.00,411.00,0,0,0
2023-08-30T02:51:03Z,23.33,56.45,99,0,27.85,100.89,1.00,411.00,null,null,null
2023-08-30T02:52:03Z,23.35,56.43,99,0,24.39,100.89,1.00,411.00,null,null,null
2023-08-30T02:53:03Z,23.32,56.42,99,0,25.95,100.88,0.00,405.00,null,null,null
2023-08-30T02:54:03Z,23.32,56.48,99,0,28.17,100.89,0.00,405.00,null,null,null
2023-08-30T02:55:03Z,23.32,56.40,99,0,31.77,100.89,0.00,405.00,0,0,0
2023-08-30T02:56:03Z,23.32,56.44,99,0,28.06,100.89,1.00,411.00,null,null,null
2023-08-30T02:57:03Z,23.35,56.39,99,0,25.26,100.89,0.00,405.00,null,null,null
2023-08-30T02:58:03Z,23.32,56.41,99,0,25.95,100.88,1.00,411.00,null,null,null
2023-08-30T02:59:03Z,23.33,56.39,99,0,24.76,100.89,1.00,411.00,null,null,null
