TIME,TEMP,HUM,BATT,LIGHT,NOISE_A,PRESS,CCS811_VOCS,CCS811_ECO2,PM_1,PM_25,PM_10
ISO 8601,C,%,%,Lux,dBA,kPa,ppb,ppm,ug/m3,ug/m3,ug/m3
Time,Temperature,Humidity,Battery,Light,Noise dBA,Barometric pressure,VOC Gas CCS811,eCO2 Gas CCS811,PM 1.0,PM 2.5,PM 10.0
,55,56,10,14,53,58,113,112,89,87,88
2023-09-06T00:00:03Z,25.07,67.80,99,0,25.19,101.87,665.00,1951.00,5,5,5
2023-09-06T00:01:03Z,25.09,68.01,99,0,28.78,101.87,631.00,1930.00,null,null,null
2023-09-06T00:02:03Z,25.10,67.88,99,0,24.19,101.88,631.00,1930.00,null,null,null
2023-09-06T00:03:03Z,25.07,67.82,99,0,26.71,101.88,621.00,1923.00,null,null,null
2023-09-06T00:04:03Z,25.09,67.75,99,0,25.00,101.87,605.00,1914.00,null,null,null
2023-09-06T00:05:03Z,25.06,67.77,99,0,25.26,101.88,594.00,1906.00,7,9,9
2023-09-06T00:06:03Z,25.10,67.89,99,0,26.21,101.88,559.00,1883.00,null,null,null
2023-09-06T00:07:03Z,25.12,67.78,99,0,26.67,101.88,559.00,1883.00,null,null,null
2023-09-06T00:08:03Z,25.09,67.78,99,0,32.29,101.87,547.00,1874.00,null,null,null
2023-09-06T00:09:03Z,25.10,67.81,99,0,35.07,101.88,582.00,1898.00,null,null,null
2023-09-06T00:10:03Z,25.09,67.80,99,0,25.73,101.87,657.00,1946.00,3,3,3
2023-09-06T00:11:03Z,25.09,68.03,99,0,24.54,101.87,716.00,1982.00,null,null,null
2023-09-06T00:12:03Z,25.10,67.76,99,0,24.03,101.88,746.00,1999.00,null,null,null
2023-09-06T00:13:03Z,25.12,67.79,99,0,29.83,101.87,746.00,1999.00,null,null,null
2023-09-06T00:14:03Z,25.10,67.72,99,0,27.34,101.87,746.00,1999.00,null,null,null
2023-09-06T00:15:03Z,25.09,67.56,99,0,26.57,101.87,740.00,1997.00,6,7,7
2023-09-06T00:16:03Z,25.07,67.73,99,0,26.21,101.87,709.00,1978.00,null,null,null
2023-09-06T00:17:03Z,25.09,67.67,99,0,24.72,101.87,698.00,1972.00,null,null,null
2023-09-06T00:18:03Z,25.10,67.56,99,0,23.63,101.87,680.00,1961.00,null,null,null
2023-09-06T00:19:03Z,25.10,67.55,99,0,27.04,101.87,655.00,1945.00,null,null,null
2023-09-06T00:20:03Z,25.09,67.50,99,0,26.03,101.87,639.00,1934.00,3,3,3
2023-09-06T00:21:03Z,25.10,67.61,99,0,27.57,101.87,629.00,1929.00,null,null,null
2023-09-06T00:22:03Z,25.12,67.53,99,0,29.04,101.87,612.00,1918.00,null,null,null
2023-09-06T00:23:03Z,25.10,67.47,99,0,24.19,101.87,601.00,1911.00,null,null,null
2023-09-06T00:24:03Z,25.10,67.49,99,0,25.70,101.88,576.00,1894.00,null,null,null
2023-09-06T00:25:03Z,25.10,67.47,99,0,27.04,101.88,576.00,1894.00,3,3,3
2023-09-06T00:26:03Z,25.09,67.63,99,0,25.59,101.88,554.00,1879.00,null,null,null
2023-09-06T00:27:03Z,25.13,67.52,99,0,23.35,101.88,542.00,1868.00,null,null,null
2023-09-06T00:28:03Z,25.10,67.58,99,0,26.14,101.88,532.00,1862.00,null,null,null
2023-09-06T00:29:03Z,25.10,67.58,99,0,32.33,101.88,554.00,1879.00,null,null,null
2023-09-06T00:30:03Z,25.09,67.71,99,0,26.76,101.88,554.00,1879.00,1,1,1
2023-09-06T00:31:03Z,25.10,67.81,99,0,29.33,101.88,568.00,1888.00,null,null,null
2023-09-06T00:32:03Z,25.09,67.74,99,0,28.42,101.88,582.00,1898.00,null,null,null
2023-09-06T00:33:03Z,25.12,67.72,99,0,25.79,101.88,590.00,1903.00,null,null,null
2023-09-06T00:34:03Z,25.10,67.85,99,0,24.39,101.88,576.00,1894.00,null,null,null
2023-09-06T00:35:03Z,25.09,67.87,99,0,30.78,101.88,570.00,1889.00,4,4,4
2023-09-06T00:36:03Z,25.10,67.88,99,0,24.39,101.88,559.00,1883.00,null,null,null
2023-09-06T00:37:03Z,25.10,68.03,99,0,28.73,101.87,570.00,1889.00,null,null,null
2023-09-06T00:38:03Z,25.10,68.06,99,0,27.49,101.87,559.00,1883.00,null,null,null
2023-09-06T00:39:03Z,25.12,67.96,99,0,42.86,101.87,559.00,1883.00,null,null,null
2023-09-06T00:40:03Z,25.10,67.88,99,0,33.47,101.87,535.00,1863.00,7,10,10
2023-09-06T00:41:03Z,25.10,68.09,99,0,37.83,101.87,526.00,1857.00,null,null,null
2023-09-06T00:42:03Z,25.10,68.08,99,0,32.12,101.87,514.00,1849.00,null,null,null
2023-09-06T00:43:03Z,25.10,68.34,99,0,47.57,101.87,514.00,1849.00,null,null,null
2023-09-06T00:44:03Z,25.10,68.24,99,0,47.99,101.87,509.00,1846.00,null,null,null
2023-09-06T00:45:03Z,25.10,68.35,99,0,47.16,101.87,493.00,1833.00,4,9,9
2023-09-06T00:46:03Z,25.12,68.72,99,0,40.89,101.87,488.00,1830.00,null,null,null
2023-09-06T00:47:03Z,25.13,68.54,99,0,41.39,101.87,488.00,1830.00,null,null,null
2023-09-06T00:48:03Z,25.13,68.61,99,0,39.95,101.87,480.00,1824.00,null,null,null
2023-09-06T00:49:03Z,25.13,68.62,99,0,40.06,101.87,480.00,1824.00,null,null,null
2023-09-06T00:50:03Z,25.12,68.59,99,0,42.99,101.88,469.00,1815.00,6,6,6
2023-09-06T00:51:03Z,25.14,68.82,99,0,40.50,101.87,469.00,1815.00,null,null,null
2023-09-06T00:52:03Z,25.16,68.63,99,0,38.74,101.87,460.00,1809.00,null,null,null
2023-09-06T00:53:03Z,25.13,68.65,99,0,44.22,101.88,456.00,1805.00,null,null,null
2023-09-06T00:54:03Z,25.14,68.61,99,0,43.41,101.87,446.00,1798.00,null,null,null
2023-09-06T00:55:03Z,25.14,68.68,99,0,43.37,101.87,438.00,1789.00,3,4,4
2023-09-06T00:56:03Z,25.16,68.83,99,0,42.47,101.87,429.00,1782.00,null,null,null
2023-09-06T00:57:03Z,25.17,68.80,99,0,46.06,101.87,425.00,1778.00,null,null,null
2023-09-06T00:58:03Z,25.16,68.66,99,0,45.08,101.87,418.00,1774.00,null,null,null
2023-09-06T00:59:03Z,25.16,68.65,99,0,43.26,101.88,411.00,1767.00,null,null,null
2023-09-06T01:00:03Z,25.14,68.60,99,0,40.98,101.87,404.00,1761.00,6,6,6
2023-09-06T01:01:03Z,25.16,68.84,99,0,43.73,101.88,404.00,1761.00,null,null,null
2023-09-06T01:02:03Z,25.16,68.66,99,0,44.22,101.87,404.00,1761.00,null,null,null
2023-09-06T01:03:03Z,25.17,68.65,99,0,40.47,101.87,395.00,1754.00,null,null,null
2023-09-06T01:04:03Z,25.19,68.57,99,0,44.69,101.87,389.00,1748.00,null,null,null
2023-09-06T01:05:03Z,25.16,68.58,99,0,45.29,101.88,389.00,1748.00,5,5,5
2023-09-06T01:06:03Z,25.19,68.74,99,0,41.13,101.88,381.00,1741.00,null,null,null
2023-09-06T01:07:03Z,25.19,68.60,99,0,44.45,101.88,381.00,1741.00,null,null,null
2023-09-06T01:08:03Z,25.17,68.56,99,0,42.75,101.88,381.00,1741.00,null,null,null
2023-09-06T01:09:03Z,25.17,68.57,99,0,43.87,101.88,372.00,1735.00,null,null,null
2023-09-06T01:10:03Z,25.17,68.61,99,0,44.96,101.88,365.00,1728.00,0,0,0
2023-09-06T01:11:03Z,25.19,68.68,99,0,40.28,101.88,365.00,1728.00,null,null,null
2023-09-06T01:12:03Z,25.19,68.63,99,0,43.15,101.88,359.00,1721.00,null,null,null
2023-09-06T01:13:03Z,25.17,68.55,99,0,42.40,101.87,351.00,1712.00,null,null,null
2023-09-06T01:14:03Z,25.17,68.59,99,0,42.55,101.87,345.00,1705.00,null,null,null
2023-09-06T01:15:03Z,25.16,68.54,99,0,42.36,101.88,345.00,1705.00,9,10,10
2023-09-06T01:16:03Z,25.19,68.75,99,0,42.91,101.87,345.00,1705.00,null,null,null
2023-09-06T01:17:03Z,25.20,68.64,99,0,41.06,101.88,333.00,1695.00,null,null,null
2023-09-06T01:18:03Z,25.20,68.65,99,0,42.64,101.87,331.00,1692.00,null,null,null
2023-09-06T01:19:03Z,25.19,68.61,99,0,41.60,101.87,325.00,1686.00,null,null,null
2023-09-06T01:20:03Z,25.19,68.61,99,0,44.14,101.88,319.00,1680.00,5,6,6
2023-09-06T01:21:03Z,25.20,68.77,99,0,47.10,101.87,319.00,1680.00,null,null,null
2023-09-06T01:22:03Z,25.20,68.68,99,0,44.62,101.87,310.00,1671.00,null,null,null
2023-09-06T01:23:03Z,25.22,68.65,99,0,46.23,101.87,313.00,1674.00,null,null,null
2023-09-06T01:24:03Z,25.20,68.61,99,0,41.86,101.87,307.00,1668.00,null,null,null
2023-09-06T01:25:03Z,25.19,68.67,99,0,45.51,101.87,307.00,1668.00,2,2,2
2023-09-06T01:26:03Z,25.20,68.76,99,0,39.12,101.87,300.00,1661.00,null,null,null
2023-09-06T01:27:03Z,25.23,68.69,99,0,44.78,101.87,297.00,1659.00,null,null,null
2023-09-06T01:28:03Z,25.22,68.64,99,0,42.70,101.87,295.00,1656.00,null,null,null
2023-09-06T01:29:03Z,25.20,68.66,99,0,45.33,101.87,295.00,1656.00,null,null,null
2023-09-06T01:30:03Z,25.20,68.60,99,0,40.89,101.87,291.00,1651.00,4,4,4
2023-09-06T01:31:03Z,25.23,68.81,99,0,44.78,101.88,284.00,1642.00,null,null,null
2023-09-06T01:32:03Z,25.20,68.69,99,0,43.84,101.88,276.00,1633.00,null,null,null
2023-09-06T01:33:03Z,25.19,68.65,99,0,45.40,101.88,276.00,1633.00,null,null,null
2023-09-06T01:34:03Z,25.24,68.64,99,0,41.68,101.88,284.00,1642.00,null,null,null
2023-09-06T01:35:03Z,25.20,68.67,99,0,44.21,101.87,279.00,1637.00,10,11,11
2023-09-06T01:36:03Z,25.23,68.74,99,0,44.41,101.88,273.00,1631.00,null,null,null
2023-09-06T01:37:03Z,25.23,68.64,99,0,40.51,101.87,273.00,1631.00,null,null,null
2023-09-06T01:38:03Z,25.23,68.65,99,0,43.46,101.88,267.00,1624.00,null,null,null
2023-09-06T01:39:03Z,25.23,68.65,99,0,41.06,101.88,267.00,1624.00,null,null,null
2023-09-06T01:40:03Z,25.19,68.60,99,0,44.06,101.88,262.00,1618.00,1,1,1
2023-09-06T01:41:03Z,25.22,68.81,99,0,44.39,101.88,258.00,1614.00,null,null,null
2023-09-06T01:42:03Z,25.22,68.64,99,0,45.77,101.88,255.00,1611.00,null,null,null
2023-09-06T01:43:03Z,25.23,68.64,99,0,45.20,101.87,258.00,1614.00,null,null,null
2023-09-06T01:44:03Z,25.20,68.62,99,0,44.49,101.87,258.00,1614.00,null,null,null
2023-09-06T01:45:03Z,25.22,68.61,99,0,45.87,101.87,253.00,1607.00,4,6,6
2023-09-06T01:46:03Z,25.23,68.80,99,0,45.34,101.88,307.00,1668.00,null,null,null
2023-09-06T01:47:03Z,25.22,68.70,99,0,42.99,101.87,341.00,1703.00,null,null,null
2023-09-06T01:48:03Z,25.24,68.65,99,0,48.83,101.87,381.00,1741.00,null,null,null
2023-09-06T01:49:03Z,25.20,68.66,99,0,41.49,101.87,404.00,1761.00,null,null,null
2023-09-06T01:50:03Z,25.23,68.66,99,0,46.42,101.87,429.00,1782.00,5,5,5
2023-09-06T01:51:03Z,25.24,68.81,99,0,39.00,101.87,446.00,1798.00,null,null,null
2023-09-06T01:52:03Z,25.24,68.68,99,0,48.38,101.87,451.00,1801.00,null,null,null
2023-09-06T01:53:03Z,25.24,68.70,99,0,43.01,101.87,465.00,1813.00,null,null,null
2023-09-06T01:54:03Z,25.24,68.68,99,0,42.51,101.87,465.00,1813.00,null,null,null
2023-09-06T01:55:03Z,25.24,68.70,99,0,43.75,101.87,469.00,1815.00,4,4,4
2023-09-06T01:56:03Z,25.24,68.84,99,0,46.28,101.87,465.00,1813.00,null,null,null
2023-09-06T01:57:03Z,25.26,68.73,99,0,45.20,101.87,460.00,1809.00,null,null,null
2023-09-06T01:58:03Z,25.24,68.72,99,0,44.04,101.88,424.00,1777.00,null,null,null
2023-09-06T01:59:03Z,25.23,68.71,99,0,46.24,101.88,456.00,1805.00,null,null,null
2023-09-06T02:00:03Z,25.23,68.67,99,0,45.04,101.88,456.00,1805.00,7,8,12
2023-09-06T02:01:03Z,25.26,68.83,99,0,47.53,101.88,446.00,1798.00,null,null,null
2023-09-06T02:02:03Z,25.27,68.69,99,0,38.45,101.88,395.00,1754.00,null,null,null
2023-09-06T02:03:03Z,25.23,68.74,99,0,44.18,101.89,399.00,1756.00,null,null,null
2023-09-06T02:04:03Z,25.24,68.72,99,0,42.28,101.89,399.00,1756.00,null,null,null
2023-09-06T02:05:03Z,25.24,68.73,99,0,45.77,101.88,429.00,1782.00,2,2,2
2023-09-06T02:06:03Z,25.26,68.81,99,0,41.54,101.89,422.00,1775.00,null,null,null
2023-09-06T02:07:03Z,25.26,68.77,99,0,50.26,101.89,370.00,1733.00,null,null,null
2023-09-06T02:08:03Z,25.27,68.76,99,0,43.00,101.88,370.00,1733.00,null,null,null
2023-09-06T02:09:03Z,25.29,68.74,99,0,42.60,101.89,364.00,1726.00,null,null,null
2023-09-06T02:10:03Z,25.26,68.71,99,0,45.89,101.88,367.00,1730.00,4,4,4
2023-09-06T02:11:03Z,25.27,68.86,99,0,47.01,101.88,352.00,1714.00,null,null,null
2023-09-06T02:12:03Z,25.27,68.77,99,0,43.14,101.88,349.00,1710.00,null,null,null
2023-09-06T02:13:03Z,25.27,68.75,99,0,46.35,101.88,370.00,1733.00,null,null,null
2023-09-06T02:14:03Z,25.26,68.77,99,0,46.31,101.89,381.00,1741.00,null,null,null
2023-09-06T02:15:03Z,25.26,68.72,99,0,42.90,101.89,395.00,1754.00,3,3,3
2023-09-06T02:16:03Z,25.27,68.86,99,0,44.53,101.89,399.00,1756.00,null,null,null
2023-09-06T02:17:03Z,25.27,68.78,99,0,43.15,101.89,403.00,1760.00,null,null,null
2023-09-06T02:18:03Z,25.29,68.71,99,0,48.33,101.89,403.00,1760.00,null,null,null
2023-09-06T02:19:03Z,25.29,68.72,99,0,41.59,101.89,399.00,1756.00,null,null,null
2023-09-06T02:20:03Z,25.27,68.77,99,0,45.69,101.89,399.00,1756.00,4,4,4
2023-09-06T02:21:03Z,25.27,68.91,99,0,37.29,101.89,395.00,1754.00,null,null,null
2023-09-06T02:22:03Z,25.24,68.85,99,0,47.19,101.89,395.00,1754.00,null,null,null
2023-09-06T02:23:03Z,25.27,68.82,99,0,42.30,101.90,425.00,1778.00,null,null,null
2023-09-06T02:24:03Z,25.26,68.80,99,0,43.30,101.90,387.00,1747.00,null,null,null
2023-09-06T02:25:03Z,25.26,68.80,99,0,46.17,101.90,387.00,1747.00,6,7,7
2023-09-06T02:26:03Z,25.29,68.98,99,0,42.82,101.90,381.00,1741.00,null,null,null
2023-09-06T02:27:03Z,25.30,68.83,99,0,38.37,101.90,370.00,1733.00,null,null,null
2023-09-06T02:28:03Z,25.29,68.81,99,0,42.12,101.90,370.00,1733.00,null,null,null
2023-09-06T02:29:03Z,25.29,68.74,99,0,41.80,101.90,364.00,1726.00,null,null,null
2023-09-06T02:30:03Z,25.29,68.76,99,0,40.88,101.90,367.00,1730.00,2,2,2
2023-09-06T02:31:03Z,25.29,68.85,99,0,43.61,101.90,355.00,1717.00,null,null,null
2023-09-06T02:32:03Z,25.30,68.85,99,0,41.42,101.91,349.00,1710.00,null,null,null
2023-09-06T02:33:03Z,25.30,68.76,99,0,46.64,101.90,342.00,1704.00,null,null,null
2023-09-06T02:34:03Z,25.29,68.74,99,0,38.95,101.91,335.00,1696.00,null,null,null
2023-09-06T02:35:03Z,25.30,68.79,99,0,43.89,101.90,338.00,1700.00,5,5,5
2023-09-06T02:36:03Z,25.30,68.86,99,0,42.06,101.91,338.00,1700.00,null,null,null
2023-09-06T02:37:03Z,25.31,68.77,99,0,44.59,101.90,329.00,1690.00,null,null,null
2023-09-06T02:38:03Z,25.30,68.73,99,0,42.09,101.90,329.00,1690.00,null,null,null
2023-09-06T02:39:03Z,25.31,68.76,99,0,45.88,101.90,326.00,1687.00,null,null,null
2023-09-06T02:40:03Z,25.30,68.74,99,0,43.25,101.90,315.00,1677.00,4,4,4
2023-09-06T02:41:03Z,25.30,68.89,99,0,45.38,101.90,313.00,1674.00,null,null,null
2023-09-06T02:42:03Z,25.35,68.76,99,0,44.63,101.90,310.00,1671.00,null,null,null
2023-09-06T02:43:03Z,25.33,68.85,99,0,44.13,101.90,315.00,1677.00,null,null,null
2023-09-06T02:44:03Z,25.31,68.76,99,0,43.24,101.90,315.00,1677.00,null,null,null
2023-09-06T02:45:03Z,25.31,68.75,99,0,42.17,101.90,315.00,1677.00,5,6,6
2023-09-06T02:46:03Z,25.34,68.88,99,0,44.92,101.91,315.00,1677.00,null,null,null
2023-09-06T02:47:03Z,25.31,68.82,99,0,45.62,101.90,323.00,1685.00,null,null,null
2023-09-06T02:48:03Z,25.31,68.78,99,0,45.65,101.91,323.00,1685.00,null,null,null
2023-09-06T02:49:03Z,25.34,68.72,99,0,41.81,101.90,315.00,1677.00,null,null,null
2023-09-06T02:50:03Z,25.30,68.77,99,0,41.86,101.90,319.00,1680.00,3,3,3
2023-09-06T02:51:03Z,25.33,68.87,99,0,42.60,101.91,310.00,1671.00,null,null,null
2023-09-06T02:52:03Z,25.33,68.79,99,0,44.30,101.90,310.00,1671.00,null,null,null
2023-09-06T02:53:03Z,25.34,68.73,99,0,42.40,101.90,302.00,1664.00,null,null,null
2023-09-06T02:54:03Z,25.33,68.69,99,0,44.44,101.91,300.00,1661.00,null,null,null
2023-09-06T02:55:03Z,25.33,68.70,99,0,42.37,101.90,300.00,1661.00,8,8,8
2023-09-06T02:56:03Z,25.34,68.82,99,0,40.80,101.90,295.00,1656.00,null,null,null
2023-09-06T02:57:03Z,25.35,68.77,99,0,41.22,101.91,292.00,1652.00,null,null,null
2023-09-06T02:58:03Z,25.34,68.71,99,0,41.70,101.90,286.00,1645.00,null,null,null
2023-09-06T02:59:03Z,25.34,68.71,99,0,44.13,101.91,289.00,1650.00,null,null,null
