TIME,TEMP,HUM,BATT,LIGHT,NOISE_A,PRESS,CCS811_VOCS,CCS811_ECO2,PM_1,PM_25,PM_10
ISO 8601,C,%,%,Lux,dBA,kPa,ppb,ppm,ug/m3,ug/m3,ug/m3
Time,Temperature,Humidity,Battery,Light,Noise dBA,Barometric pressure,VOC Gas CCS811,eCO2 Gas CCS811,PM 1.0,PM 2.5,PM 10.0
,55,56,10,14,53,58,113,112,89,87,88
2023-08-23T00:00:03Z,25.80,59.35,99,0,33.58,102.17,8.00,454.00,0,0,0
2023-08-23T00:01:03Z,25.81,59.38,99,0,32.37,102.17,8.00,459.00,null,null,null
2023-08-23T00:02:03Z,25.80,59.39,99,0,33.78,102.17,8.00,459.00,null,null,null
2023-08-23T00:03:03Z,25.81,59.39,99,0,33.67,102.17,8.00,459.00,null,null,null
2023-08-23T00:04:03Z,25.80,59.39,99,0,35.14,102.17,9.00,462.00,null,null,null
2023-08-23T00:05:03Z,25.80,59.39,99,0,36.53,102.17,8.00,459.00,0,1,1
2023-08-23T00:06:03Z,25.80,59.42,99,0,32.28,102.18,8.00,459.00,null,null,null
2023-08-23T00:07:03Z,25.81,59.41,99,0,31.83,102.18,8.00,459.00,null,null,null
2023-08-23T00:08:03Z,25.80,59.42,99,0,36.25,102.18,9.00,462.00,null,null,null
2023-08-23T00:09:03Z,25.84,59.46,99,0,33.51,102.19,9.00,462.00,null,null,null
2023-08-23T00:10:03Z,25.81,59.43,99,0,32.85,102.18,8.00,459.00,0,0,0
2023-08-23T00:11:03Z,25.81,59.40,99,0,31.67,102.18,8.00,459.00,null,null,null
2023-08-23T00:12:03Z,25.81,59.41,99,0,35.09,102.19,8.00,459.00,null,null,null
2023-08-23T00:13:03Z,25.80,59.42,99,0,33.54,102.20,9.00,462.00,null,null,null
2023-08-23T00:14:03Z,25.82,59.40,99,0,32.13,102.20,9.00,462.00,null,null,null
2023-08-23T00:15:03Z,25.80,59.41,99,0,30.99,102.20,8.00,459.00,0,0,0
2023-08-23T00:16:03Z,25.84,59.52,99,0,35.20,102.20,9.00,462.00,null,null,null
2023-08-23T00:17:03Z,25.82,59.46,99,0,30.04,102.20,8.00,459.00,null,null,null
2023-08-23T00:18:03Z,25.82,59.46,99,0,31.31,102.20,8.00,459.00,null,null,null
2023-08-23T00:19:03Z,25.80,59.46,99,0,34.69,102.20,8.00,459.00,null,null,null
2023-08-23T00:20:03Z,25.81,59.51,99,0,31.34,102.20,9.00,462.00,0,1,1
2023-08-23T00:21:03Z,25.82,59.48,99,0,33.16,102.19,9.00,462.00,null,null,null
2023-08-23T00:22:03Z,25.85,59.47,99,0,30.35,102.19,9.00,462.00,null,null,null
2023-08-23T00:23:03Z,25.84,59.45,99,0,31.31,102.19,8.00,459.00,null,null,null
2023-08-23T00:24:03Z,25.84,59.48,99,0,33.30,102.19,9.00,462.00,null,null,null
2023-08-23T00:25:03Z,25.84,59.42,99,0,35.24,102.19,9.00,462.00,0,0,0
2023-08-23T00:26:03Z,25.84,59.42,99,0,31.90,102.19,8.00,459.00,null,null,null
2023-08-23T00:27:03Z,25.82,59.44,99,0,31.69,102.19,9.00,462.00,null,null,null
2023-08-23T00:28:03Z,25.82,59.47,99,0,31.38,102.19,8.00,459.00,null,null,null
2023-08-23T00:29:03Z,25.84,59.45,99,0,35.02,102.19,9.00,462.00,null,null,null
2023-08-23T00:30:03Z,25.82,59.42,99,0,33.02,102.19,8.00,459.00,0,0,0
2023-08-23T00:31:03Z,25.85,59.50,99,0,34.95,102.19,8.00,459.00,null,null,null
2023-08-23T00:32:03Z,25.84,59.43,99,0,32.73,102.19,9.00,462.00,null,null,null
2023-08-23T00:33:03Z,25.84,59.47,99,0,26.55,102.19,8.00,454.00,null,null,null
2023-08-23T00:34:03Z,25.85,59.45,99,0,36.67,102.19,8.00,459.00,null,null,null
2023-08-23T00:35:03Z,25.81,59.47,99,0,33.51,102.19,8.00,459.00,0,0,0
2023-08-23T00:36:03Z,25.85,59.45,99,0,30.68,102.19,8.00,454.00,null,null,null
2023-08-23T00:37:03Z,25.84,59.40,99,0,31.99,102.19,9.00,462.00,null,null,null
2023-08-23T00:38:03Z,25.84,59.44,99,0,32.66,102.19,9.00,462.00,null,null,null
2023-08-23T00:39:03Z,25.84,59.43,99,0,33.91,102.20,9.00,462.00,null,null,null
2023-08-23T00:40:03Z,25.84,59.41,99,0,35.97,102.20,8.00,459.00,0,0,0
2023-08-23T00:41:03Z,25.85,59.42,99,0,34.54,102.20,8.00,454.00,null,null,null
2023-08-23T00:42:03Z,25.86,59.43,99,0,31.78,102.20,8.00,459.00,null,null,null
2023-08-23T00:43:03Z,25.85,59.43,99,0,35.12,102.20,9.00,462.00,null,null,null
2023-08-23T00:44:03Z,25.85,59.36,99,0,33.41,102.20,8.00,459.00,null,null,null
2023-08-23T00:45:03Z,25.84,59.43,99,0,33.74,102.21,8.00,459.00,0,0,0
2023-08-23T00:46:03Z,25.84,59.43,99,0,27.10,102.21,8.00,459.00,null,null,null
2023-08-23T00:47:03Z,25.85,59.43,99,0,31.31,102.21,8.00,459.00,null,null,null
2023-08-23T00:48:03Z,25.85,59.41,99,0,36.23,102.21,8.00,459.00,null,null,null
2023-08-23T00:49:03Z,25.82,59.45,99,0,30.41,102.21,9.00,462.00,null,null,null
2023-08-23T00:50:03Z,25.86,59.46,99,0,33.66,102.22,9.00,462.00,0,0,0
2023-08-23T00:51:03Z,25.86,59.43,99,0,35.25,102.22,8.00,459.00,null,null,null
2023-08-23T00:52:03Z,25.88,59.37,99,0,33.81,102.22,9.00,462.00,null,null,null
2023-08-23T00:53:03Z,25.85,59.39,99,0,31.77,102.22,8.00,459.00,null,null,null
2023-08-23T00:54:03Z,25.85,59.42,99,0,30.28,102.21,8.00,459.00,null,null,null
2023-08-23T00:55:03Z,25.85,59.40,99,0,28.98,102.21,9.00,462.00,0,0,0
2023-08-23T00:56:03Z,25.85,59.40,99,0,35.36,102.21,9.00,462.00,null,null,null
2023-08-23T00:57:03Z,25.88,59.41,99,0,30.98,102.21,8.00,459.00,null,null,null
2023-08-23T00:58:03Z,25.86,59.41,99,0,34.97,102.20,9.00,462.00,null,null,null
2023-08-23T00:59:03Z,25.86,59.40,99,0,33.83,102.20,8.00,459.00,null,null,null
2023-08-23T01:00:03Z,25.84,59.46,99,0,33.41,102.20,8.00,459.00,0,0,0
2023-08-23T01:01:03Z,25.88,59.36,99,0,35.73,102.20,9.00,462.00,null,null,null
2023-08-23T01:02:03Z,25.86,59.36,99,0,35.20,102.20,9.00,462.00,null,null,null
2023-08-23T01:03:03Z,25.86,59.39,99,0,35.53,102.20,9.00,462.00,null,null,null
2023-08-23T01:04:03Z,25.85,59.38,99,0,32.77,102.20,8.00,459.00,null,null,null
2023-08-23T01:05:03Z,25.86,59.40,99,0,32.85,102.20,8.00,454.00,0,0,0
2023-08-23T01:06:03Z,25.85,59.37,99,0,34.92,102.20,8.00,454.00,null,null,null
2023-08-23T01:07:03Z,25.85,59.36,99,0,33.88,102.20,8.00,454.00,null,null,null
2023-08-23T01:08:03Z,25.85,59.40,99,0,31.38,102.20,6.00,444.00,null,null,null
2023-08-23T01:09:03Z,25.84,59.40,99,0,38.36,102.19,8.00,459.00,null,null,null
2023-08-23T01:10:03Z,25.86,59.44,99,0,35.65,102.19,9.00,462.00,0,0,0
2023-08-23T01:11:03Z,25.86,59.44,99,0,31.95,102.19,8.00,459.00,null,null,null
2023-08-23T01:12:03Z,25.89,59.42,99,0,33.25,102.19,9.00,462.00,null,null,null
2023-08-23T01:13:03Z,25.89,59.50,99,0,47.09,102.19,9.00,462.00,null,null,null
2023-08-23T01:14:03Z,25.88,59.47,99,0,28.87,102.19,9.00,462.00,null,null,null
2023-08-23T01:15:03Z,25.85,59.47,99,0,33.21,102.19,9.00,462.00,0,0,0
2023-08-23T01:16:03Z,25.88,59.47,99,0,35.29,102.19,8.00,459.00,null,null,null
2023-08-23T01:17:03Z,25.89,59.42,99,0,33.67,102.19,9.00,462.00,null,null,null
2023-08-23T01:18:03Z,25.89,59.42,99,0,33.45,102.19,9.00,462.00,null,null,null
2023-08-23T01:19:03Z,25.86,59.50,99,0,33.02,102.19,10.00,470.00,null,null,null
2023-08-23T01:20:03Z,25.88,59.48,99,0,35.47,102.19,9.00,462.00,0,0,0
2023-08-23T01:21:03Z,25.88,59.48,99,0,31.74,102.19,10.00,470.00,null,null,null
2023-08-23T01:22:03Z,25.88,59.43,99,0,30.65,102.19,10.00,470.00,null,null,null
2023-08-23T01:23:03Z,25.89,59.44,99,0,31.87,102.18,10.00,470.00,null,null,null
2023-08-23T01:24:03Z,25.88,59.44,99,0,32.57,102.19,10.00,470.00,null,null,null
2023-08-23T01:25:03Z,25.86,59.38,99,0,32.96,102.18,10.00,470.00,0,0,0
2023-08-23T01:26:03Z,25.88,59.44,99,0,34.01,102.18,10.00,470.00,null,null,null
2023-08-23T01:27:03Z,25.89,59.44,99,0,38.39,102.17,10.00,470.00,null,null,null
2023-08-23T01:28:03Z,25.89,59.45,99,0,37.04,102.17,10.00,470.00,null,null,null
2023-08-23T01:29:03Z,25.89,59.45,99,0,34.65,102.16,10.00,470.00,null,null,null
2023-08-23T01:30:03Z,25.88,59.41,99,0,34.32,102.17,11.00,475.00,0,0,0
2023-08-23T01:31:03Z,25.89,59.44,99,0,33.80,102.17,10.00,470.00,null,null,null
2023-08-23T01:32:03Z,25.91,59.44,99,0,32.58,102.17,11.00,475.00,null,null,null
2023-08-23T01:33:03Z,25.89,59.41,99,0,36.55,102.17,11.00,475.00,null,null,null
2023-08-23T01:34:03Z,25.89,59.39,99,0,31.18,102.17,10.00,470.00,null,null,null
2023-08-23T01:35:03Z,25.88,59.38,99,0,33.14,102.16,11.00,475.00,0,0,0
2023-08-23T01:36:03Z,25.91,59.41,99,0,35.23,102.16,11.00,475.00,null,null,null
2023-08-23T01:37:03Z,25.91,59.39,99,0,32.52,102.15,11.00,475.00,null,null,null
2023-08-23T01:38:03Z,25.91,59.39,99,0,35.27,102.16,9.00,462.00,null,null,null
2023-08-23T01:39:03Z,25.89,59.41,99,0,35.71,102.15,10.00,470.00,null,null,null
2023-08-23T01:40:03Z,25.89,59.42,99,0,33.54,102.16,10.00,470.00,0,0,0
2023-08-23T01:41:03Z,25.91,59.41,99,0,35.12,102.15,10.00,470.00,null,null,null
2023-08-23T01:42:03Z,25.89,59.39,99,0,31.50,102.15,11.00,475.00,null,null,null
2023-08-23T01:43:03Z,25.89,59.37,99,0,31.64,102.15,11.00,475.00,null,null,null
2023-08-23T01:44:03Z,25.91,59.39,99,0,30.67,102.15,11.00,475.00,null,null,null
2023-08-23T01:45:03Z,25.91,59.44,99,0,32.17,102.15,11.00,475.00,0,0,0
2023-08-23T01:46:03Z,25.91,59.45,99,0,34.27,102.15,10.00,470.00,null,null,null
2023-08-23T01:47:03Z,25.92,59.46,99,0,36.32,102.15,12.00,480.00,null,null,null
2023-08-23T01:48:03Z,25.92,59.49,99,0,31.88,102.15,11.00,475.00,null,null,null
2023-08-23T01:49:03Z,25.92,59.43,99,0,35.26,102.15,11.00,475.00,null,null,null
2023-08-23T01:50:03Z,25.91,59.42,99,0,30.84,102.16,11.00,475.00,0,0,0
2023-08-23T01:51:03Z,25.89,59.46,99,0,33.39,102.16,11.00,475.00,null,null,null
2023-08-23T01:52:03Z,25.92,59.46,99,0,33.44,102.16,11.00,475.00,null,null,null
2023-08-23T01:53:03Z,25.92,59.42,99,0,32.33,102.17,11.00,475.00,null,null,null
2023-08-23T01:54:03Z,25.91,59.47,99,0,28.44,102.16,11.00,475.00,null,null,null
2023-08-23T01:55:03Z,25.92,59.49,99,0,32.37,102.17,11.00,475.00,2,2,2
2023-08-23T01:56:03Z,25.91,59.50,99,0,32.15,102.17,11.00,475.00,null,null,null
2023-08-23T01:57:03Z,25.92,59.47,99,0,31.64,102.16,12.00,480.00,null,null,null
2023-08-23T01:58:03Z,25.92,59.51,99,0,28.89,102.15,12.00,480.00,null,null,null
2023-08-23T01:59:03Z,25.92,59.50,99,0,29.71,102.15,12.00,480.00,null,null,null
2023-08-23T02:00:03Z,25.91,59.48,99,0,33.08,102.15,12.00,480.00,0,0,0
2023-08-23T02:01:03Z,25.89,59.55,99,0,33.12,102.15,12.00,480.00,null,null,null
2023-08-23T02:02:03Z,25.92,59.48,99,0,35.68,102.14,12.00,480.00,null,null,null
2023-08-23T02:03:03Z,25.91,59.52,99,0,29.58,102.14,12.00,480.00,null,null,null
2023-08-23T02:04:03Z,25.92,59.52,99,0,32.50,102.15,12.00,480.00,null,null,null
2023-08-23T02:05:03Z,25.92,59.48,99,0,29.88,102.15,12.00,480.00,0,0,0
2023-08-23T02:06:03Z,25.92,59.50,99,0,32.66,102.15,12.00,480.00,null,null,null
2023-08-23T02:07:03Z,25.92,59.48,99,0,35.44,102.15,12.00,480.00,null,null,null
2023-08-23T02:08:03Z,25.92,59.46,99,0,31.90,102.15,12.00,480.00,null,null,null
2023-08-23T02:09:03Z,25.92,59.47,99,0,33.70,102.15,12.00,480.00,null,null,null
2023-08-23T02:10:03Z,25.91,59.51,99,0,29.31,102.15,12.00,480.00,1,1,1
2023-08-23T02:11:03Z,25.92,59.53,99,0,36.27,102.14,12.00,480.00,null,null,null
2023-08-23T02:12:03Z,25.94,59.50,99,0,32.53,102.15,12.00,480.00,null,null,null
2023-08-23T02:13:03Z,25.92,59.49,99,0,34.32,102.14,12.00,480.00,null,null,null
2023-08-23T02:14:03Z,25.91,59.53,99,0,30.81,102.14,12.00,480.00,null,null,null
2023-08-23T02:15:03Z,25.91,59.48,99,0,34.17,102.15,12.00,480.00,0,0,0
2023-08-23T02:16:03Z,25.94,59.51,99,0,33.35,102.14,12.00,480.00,null,null,null
2023-08-23T02:17:03Z,25.91,59.55,99,0,38.95,102.14,12.00,483.00,null,null,null
2023-08-23T02:18:03Z,25.92,59.59,99,0,32.28,102.14,12.00,483.00,null,null,null
2023-08-23T02:19:03Z,25.89,59.55,99,0,32.80,102.14,12.00,483.00,null,null,null
2023-08-23T02:20:03Z,25.89,59.55,99,0,32.47,102.14,12.00,483.00,0,0,0
2023-08-23T02:21:03Z,25.92,59.55,99,0,30.37,102.14,12.00,480.00,null,null,null
2023-08-23T02:22:03Z,25.95,59.52,99,0,32.83,102.14,12.00,483.00,null,null,null
2023-08-23T02:23:03Z,25.92,59.50,99,0,31.67,102.14,13.00,487.00,null,null,null
2023-08-23T02:24:03Z,25.89,59.52,99,0,32.20,102.14,13.00,487.00,null,null,null
2023-08-23T02:25:03Z,25.91,59.52,99,0,34.76,102.14,13.00,487.00,0,0,0
2023-08-23T02:26:03Z,25.91,59.60,99,0,30.97,102.14,13.00,487.00,null,null,null
2023-08-23T02:27:03Z,25.91,59.50,99,0,31.82,102.14,13.00,487.00,null,null,null
2023-08-23T02:28:03Z,25.91,59.55,99,0,32.79,102.14,13.00,491.00,null,null,null
2023-08-23T02:29:03Z,25.94,59.52,99,0,34.10,102.15,13.00,487.00,null,null,null
2023-08-23T02:30:03Z,25.92,59.52,99,0,36.55,102.15,13.00,491.00,1,1,1
2023-08-23T02:31:03Z,25.92,59.58,99,0,34.93,102.15,13.00,491.00,null,null,null
2023-08-23T02:32:03Z,25.94,59.56,99,0,35.35,102.15,13.00,491.00,null,null,null
2023-08-23T02:33:03Z,25.92,59.55,99,0,33.31,102.15,13.00,491.00,null,null,null
2023-08-23T02:34:03Z,25.92,59.62,99,0,29.53,102.15,13.00,491.00,null,null,null
2023-08-23T02:35:03Z,25.91,59.48,99,0,34.27,102.15,13.00,491.00,0,0,0
2023-08-23T02:36:03Z,25.94,59.55,99,0,32.07,102.15,13.00,491.00,null,null,null
2023-08-23T02:37:03Z,25.92,59.53,99,0,35.87,102.15,13.00,491.00,null,null,null
2023-08-23T02:38:03Z,25.94,59.56,99,0,37.81,102.15,13.00,491.00,null,null,null
2023-08-23T02:39:03Z,25.92,59.55,99,0,29.58,102.15,13.00,491.00,null,null,null
2023-08-23T02:40:03Z,25.89,59.53,99,0,32.04,102.15,13.00,491.00,0,0,0
2023-08-23T02:41:03Z,25.95,59.55,99,0,34.91,102.14,13.00,491.00,null,null,null
2023-08-23T02:42:03Z,25.94,59.50,99,0,33.08,102.14,13.00,491.00,null,null,null
2023-08-23T02:43:03Z,25.92,59.53,99,0,35.00,102.14,13.00,491.00,null,null,null
2023-08-23T02:44:03Z,25.91,59.51,99,0,32.12,102.14,12.00,483.00,null,null,null
2023-08-23T02:45:03Z,25.91,59.50,99,0,32.08,102.15,13.00,487.00,0,0,0
2023-08-23T02:46:03Z,25.91,59.52,99,0,35.25,102.14,13.00,487.00,null,null,null
2023-08-23T02:47:03Z,25.94,59.50,99,0,32.71,102.14,13.00,487.00,null,null,null
2023-08-23T02:48:03Z,25.92,59.54,99,0,34.72,102.15,13.00,487.00,null,null,null
2023-08-23T02:49:03Z,25.92,59.53,99,0,30.90,102.15,13.00,487.00,null,null,null
2023-08-23T02:50:03Z,25.91,59.51,99,0,35.02,102.15,13.00,487.00,0,0,0
2023-08-23T02:51:03Z,25.91,59.55,99,0,34.11,102.15,12.00,483.00,null,null,null
2023-08-23T02:52:03Z,25.94,59.54,99,0,36.68,102.15,12.00,483.00,null,null,null
2023-08-23T02:53:03Z,25.95,59.56,99,0,31.79,102.15,13.00,487.00,null,null,null
2023-08-23T02:54:03Z,25.94,59.55,99,0,28.66,102.15,13.00,487.00,null,null,null
2023-08-23T02:55:03Z,25.92,59.56,99,0,29.50,102.15,12.00,483.00,0,0,0
2023-08-23T02:56:03Z,25.92,59.63,99,0,31.34,102.15,13.00,487.00,null,null,null
2023-08-23T02:57:03Z,25.94,59.63,99,0,35.83,102.16,12.00,483.00,null,null,null
2023-08-23T02:58:03Z,25.91,59.65,99,0,44.02,102.16,13.00,487.00,null,null,null
2023-08-23T02:59:03Z,25.95,59.60,99,0,32.35,102.17,12.00,483.00,null,null,null
