TIME,TEMP,HUM,BATT,LIGHT,NOISE_A,PRESS,CCS811_VOCS,CCS811_ECO2,PM_1,PM_25,PM_10
ISO 8601,C,%,%,Lux,dBA,kPa,ppb,ppm,ug/m3,ug/m3,ug/m3
Time,Temperature,Humidity,Battery,Light,Noise dBA,Barometric pressure,VOC Gas CCS811,eCO2 Gas CCS811,PM 1.0,PM 2.5,PM 10.0
,55,56,10,14,53,58,113,112,89,87,88
2023-09-20T00:00:04Z,22.09,62.68,25,0,27.28,100.22,5.00,436.00,0,0,0
2023-09-20T00:01:04Z,22.08,62.75,25,0,27.82,100.23,4.00,432.00,null,null,null
2023-09-20T00:02:04Z,22.09,62.69,25,0,24.43,100.23,4.00,432.00,null,null,null
2023-09-20T00:03:04Z,22.08,62.70,25,0,32.27,100.23,4.00,432.00,null,null,null
2023-09-20T00:04:04Z,22.09,62.73,25,0,25.82,100.23,4.00,432.00,null,null,null
2023-09-20T00:05:04Z,22.08,62.73,25,0,26.57,100.23,5.00,436.00,0,0,0
2023-09-20T00:06:04Z,22.06,62.77,25,0,24.46,100.23,5.00,436.00,null,null,null
2023-09-20T00:07:04Z,22.08,62.71,25,0,23.35,100.23,4.00,432.00,null,null,null
2023-09-20T00:08:04Z,22.09,62.66,25,0,24.72,100.22,4.00,432.00,null,null,null
2023-09-20T00:09:04Z,22.09,62.68,25,0,27.34,100.22,4.00,432.00,null,null,null
2023-09-20T00:10:04Z,22.06,62.74,25,0,29.21,100.23,5.00,436.00,0,0,0
2023-09-20T00:11:04Z,22.08,62.79,25,0,24.46,100.22,4.00,432.00,null,null,null
2023-09-20T00:12:04Z,22.08,62.75,25,0,26.36,100.22,3.00,425.00,null,null,null
2023-09-20T00:13:04Z,22.08,62.75,25,0,26.43,100.22,3.00,425.00,null,null,null
2023-09-20T00:14:04Z,22.08,62.71,25,0,25.00,100.22,3.00,425.00,null,null,null
2023-09-20T00:15:04Z,22.03,62.77,25,0,25.62,100.22,4.00,432.00,0,0,0
2023-09-20T00:16:04Z,22.06,62.75,25,0,28.52,100.22,3.00,425.00,null,null,null
2023-09-20T00:17:04Z,22.05,62.78,25,0,27.64,100.22,3.00,425.00,null,null,null
2023-09-20T00:18:04Z,22.08,62.72,25,0,30.18,100.22,3.00,425.00,null,null,null
2023-09-20T00:19:04Z,22.08,62.74,25,0,25.00,100.22,4.00,432.00,null,null,null
2023-09-20T00:20:04Z,22.06,62.75,25,0,28.54,100.21,4.00,432.00,0,0,0
2023-09-20T00:21:04Z,22.06,62.81,25,0,29.92,100.21,3.00,425.00,null,null,null
2023-09-20T00:22:04Z,22.05,62.72,25,0,27.40,100.21,3.00,423.00,null,null,null
2023-09-20T00:23:04Z,22.06,62.77,25,0,27.57,100.21,3.00,423.00,null,null,null
2023-09-20T00:24:04Z,22.06,62.74,25,0,26.19,100.21,4.00,432.00,null,null,null
2023-09-20T00:25:04Z,22.06,62.76,25,0,31.02,100.21,4.00,432.00,0,0,0
2023-09-20T00:26:04Z,22.06,62.76,25,0,29.50,100.22,3.00,423.00,null,null,null
2023-09-20T00:27:04Z,22.06,62.78,25,0,24.31,100.22,3.00,425.00,null,null,null
2023-09-20T00:28:04Z,22.06,62.73,25,0,23.77,100.22,3.00,425.00,null,null,null
2023-09-20T00:29:04Z,22.05,62.74,25,0,28.34,100.20,4.00,432.00,null,null,null
2023-09-20T00:30:04Z,22.02,62.77,25,0,22.83,100.21,4.00,432.00,0,0,0
2023-09-20T00:31:04Z,22.06,62.79,25,0,25.90,100.22,3.00,423.00,null,null,null
2023-09-20T00:32:04Z,22.06,62.76,25,0,29.20,100.21,3.00,423.00,null,null,null
2023-09-20T00:33:04Z,22.06,62.75,25,0,29.46,100.21,3.00,425.00,null,null,null
2023-09-20T00:34:04Z,22.05,62.73,25,0,29.80,100.22,3.00,425.00,null,null,null
2023-09-20T00:35:04Z,22.05,62.76,25,0,29.51,100.21,4.00,432.00,0,0,0
2023-09-20T00:36:04Z,22.03,62.80,25,0,26.00,100.21,3.00,425.00,null,null,null
2023-09-20T00:37:04Z,22.06,62.77,25,0,29.83,100.20,3.00,423.00,null,null,null
2023-09-20T00:38:04Z,22.06,62.81,25,0,25.19,100.21,3.00,425.00,null,null,null
2023-09-20T00:39:04Z,22.05,62.76,25,0,25.19,100.20,3.00,425.00,null,null,null
2023-09-20T00:40:04Z,22.02,62.74,25,0,28.51,100.20,3.00,425.00,0,0,0
2023-09-20T00:41:04Z,22.05,62.80,25,0,29.13,100.21,4.00,432.00,null,null,null
2023-09-20T00:42:04Z,22.05,62.79,25,0,27.12,100.20,3.00,423.00,null,null,null
2023-09-20T00:43:04Z,22.06,62.79,25,0,25.76,100.20,3.00,423.00,null,null,null
2023-09-20T00:44:04Z,22.03,62.77,25,0,26.50,100.21,3.00,423.00,null,null,null
2023-09-20T00:45:04Z,22.03,62.78,25,0,25.03,100.20,3.00,423.00,0,0,0
2023-09-20T00:46:04Z,22.03,62.86,25,0,27.84,100.19,3.00,425.00,null,null,null
2023-09-20T00:47:04Z,22.03,62.79,25,0,28.14,100.20,3.00,423.00,null,null,null
2023-09-20T00:48:04Z,22.03,62.76,25,0,31.87,100.20,2.00,418.00,null,null,null
2023-09-20T00:49:04Z,22.03,62.79,25,0,28.44,100.19,2.00,418.00,null,null,null
2023-09-20T00:50:04Z,22.05,62.80,25,0,25.62,100.20,2.00,418.00,0,0,0
2023-09-20T00:51:04Z,22.02,62.85,25,0,30.35,100.20,2.00,418.00,null,null,null
2023-09-20T00:52:04Z,22.03,62.80,25,0,27.89,100.20,3.00,423.00,null,null,null
2023-09-20T00:53:04Z,22.03,62.84,25,0,30.28,100.20,3.00,423.00,null,null,null
2023-09-20T00:54:04Z,22.05,62.81,25,0,25.32,100.19,3.00,423.00,null,null,null
2023-09-20T00:55:04Z,22.05,62.81,25,0,28.81,100.19,3.00,423.00,1,1,1
2023-09-20T00:56:04Z,22.00,62.86,25,0,25.59,100.20,2.00,418.00,null,null,null
2023-09-20T00:57:04Z,22.03,62.76,25,0,25.29,100.19,3.00,423.00,null,null,null
2023-09-20T00:58:04Z,22.03,62.81,25,0,28.77,100.19,3.00,423.00,null,null,null
2023-09-20T00:59:04Z,22.00,62.82,25,0,29.25,100.19,3.00,423.00,null,null,null
2023-09-20T01:00:04Z,22.02,62.81,25,0,25.13,100.20,3.00,423.00,0,0,0
2023-09-20T01:01:04Z,21.99,62.84,24,0,30.23,100.19,3.00,423.00,null,null,null
2023-09-20T01:02:04Z,22.03,62.83,25,0,30.69,100.19,3.00,423.00,null,null,null
2023-09-20T01:03:04Z,22.03,62.76,25,0,29.67,100.18,3.00,423.00,null,null,null
2023-09-20T01:04:04Z,22.02,62.84,25,0,30.07,100.18,3.00,423.00,null,null,null
2023-09-20T01:05:04Z,21.99,62.83,25,0,28.64,100.19,3.00,423.00,0,0,0
2023-09-20T01:06:04Z,22.00,62.87,25,0,25.65,100.18,3.00,423.00,null,null,null
2023-09-20T01:07:04Z,22.02,62.83,25,0,31.28,100.18,3.00,423.00,null,null,null
2023-09-20T01:08:04Z,22.02,62.82,25,0,34.38,100.18,3.00,423.00,null,null,null
2023-09-20T01:09:04Z,21.99,62.84,24,0,26.60,100.18,2.00,418.00,null,null,null
2023-09-20T01:10:04Z,22.00,62.83,25,0,27.24,100.18,3.00,423.00,1,1,1
2023-09-20T01:11:04Z,22.00,62.84,25,0,31.77,100.18,3.00,423.00,null,null,null
2023-09-20T01:12:04Z,22.00,62.83,24,0,30.20,100.18,3.00,423.00,null,null,null
2023-09-20T01:13:04Z,22.02,62.84,25,0,25.44,100.18,3.00,423.00,null,null,null
2023-09-20T01:14:04Z,22.00,62.81,25,0,27.69,100.18,3.00,423.00,null,null,null
2023-09-20T01:15:04Z,21.98,62.86,25,0,26.80,100.18,2.00,415.00,0,0,0
2023-09-20T01:16:04Z,22.00,62.89,24,0,29.64,100.17,2.00,415.00,null,null,null
2023-09-20T01:17:04Z,22.02,62.87,24,0,33.18,100.18,3.00,423.00,null,null,null
2023-09-20T01:18:04Z,21.99,62.83,25,0,27.36,100.17,3.00,423.00,null,null,null
2023-09-20T01:19:04Z,21.98,62.81,24,0,24.89,100.17,3.00,423.00,null,null,null
2023-09-20T01:20:04Z,21.99,62.85,24,0,30.23,100.17,3.00,423.00,0,0,0
2023-09-20T01:21:04Z,22.00,62.90,24,0,29.32,100.18,2.00,418.00,null,null,null
2023-09-20T01:22:04Z,22.02,62.86,24,0,26.29,100.17,3.00,423.00,null,null,null
2023-09-20T01:23:04Z,21.99,62.88,24,0,32.28,100.17,2.00,418.00,null,null,null
2023-09-20T01:24:04Z,21.99,62.87,25,0,43.89,100.18,2.00,418.00,null,null,null
2023-09-20T01:25:04Z,21.98,62.90,25,0,31.57,100.17,2.00,418.00,0,0,0
2023-09-20T01:26:04Z,22.00,62.90,24,0,25.41,100.17,2.00,418.00,null,null,null
2023-09-20T01:27:04Z,21.99,62.83,24,0,25.35,100.17,3.00,423.00,null,null,null
2023-09-20T01:28:04Z,21.99,62.87,24,0,29.94,100.16,2.00,418.00,null,null,null
2023-09-20T01:29:04Z,21.98,62.84,24,0,27.32,100.17,3.00,423.00,null,null,null
2023-09-20T01:30:04Z,21.96,62.85,24,0,28.76,100.17,2.00,418.00,0,0,0
2023-09-20T01:31:04Z,21.99,62.89,24,0,25.62,100.16,3.00,423.00,null,null,null
2023-09-20T01:32:04Z,21.99,62.87,24,0,26.16,100.17,2.00,418.00,null,null,null
2023-09-20T01:33:04Z,21.99,62.86,24,0,30.36,100.16,2.00,418.00,null,null,null
2023-09-20T01:34:04Z,21.99,62.85,25,0,24.31,100.16,2.00,418.00,null,null,null
2023-09-20T01:35:04Z,21.96,62.86,24,0,27.06,100.16,2.00,418.00,0,0,0
2023-09-20T01:36:04Z,21.96,62.91,24,0,29.01,100.16,2.00,418.00,null,null,null
2023-09-20T01:37:04Z,21.98,62.84,24,0,23.77,100.16,2.00,418.00,null,null,null
2023-09-20T01:38:04Z,21.96,62.89,24,0,26.67,100.15,2.00,418.00,null,null,null
2023-09-20T01:39:04Z,21.98,62.90,24,0,28.12,100.16,2.00,418.00,null,null,null
2023-09-20T01:40:04Z,21.98,62.89,24,0,27.42,100.15,2.00,418.00,0,0,0
2023-09-20T01:41:04Z,21.98,62.92,24,0,27.92,100.15,2.00,415.00,null,null,null
2023-09-20T01:42:04Z,21.98,62.90,24,0,28.25,100.15,2.00,415.00,null,null,null
2023-09-20T01:43:04Z,21.98,62.90,24,0,29.05,100.15,2.00,415.00,null,null,null
2023-09-20T01:44:04Z,21.98,62.88,24,0,27.30,100.14,2.00,418.00,null,null,null
2023-09-20T01:45:04Z,21.96,62.94,24,0,26.11,100.15,2.00,418.00,0,0,0
2023-09-20T01:46:04Z,21.95,62.94,24,0,29.07,100.13,2.00,415.00,null,null,null
2023-09-20T01:47:04Z,21.96,62.89,24,0,27.75,100.13,2.00,418.00,null,null,null
2023-09-20T01:48:04Z,21.98,62.85,24,0,26.36,100.13,2.00,418.00,null,null,null
2023-09-20T01:49:04Z,21.96,62.91,24,0,30.84,100.14,2.00,418.00,null,null,null
2023-09-20T01:50:04Z,21.95,62.91,24,0,29.44,100.12,2.00,418.00,0,0,0
2023-09-20T01:51:04Z,21.96,62.91,24,0,28.31,100.12,2.00,418.00,null,null,null
2023-09-20T01:52:04Z,21.98,62.89,24,0,29.93,100.13,2.00,415.00,null,null,null
2023-09-20T01:53:04Z,21.98,62.91,24,0,30.54,100.12,2.00,415.00,null,null,null
2023-09-20T01:54:04Z,21.96,62.90,24,0,27.55,100.12,2.00,418.00,null,null,null
2023-09-20T01:55:04Z,21.96,62.92,23,0,26.80,100.12,2.00,418.00,0,0,0
2023-09-20T01:56:04Z,21.95,62.95,24,0,29.86,100.12,2.00,418.00,null,null,null
2023-09-20T01:57:04Z,21.93,62.90,24,0,31.13,100.11,2.00,418.00,null,null,null
2023-09-20T01:58:04Z,21.96,62.92,24,0,27.38,100.12,2.00,418.00,null,null,null
2023-09-20T01:59:04Z,21.95,62.93,24,0,25.62,100.11,2.00,418.00,null,null,null
2023-09-20T02:00:04Z,21.95,62.93,24,0,25.41,100.12,2.00,415.00,0,0,0
2023-09-20T02:01:04Z,21.96,62.92,23,0,31.97,100.12,2.00,415.00,null,null,null
2023-09-20T02:02:04Z,21.96,62.91,24,0,25.26,100.11,2.00,418.00,null,null,null
2023-09-20T02:03:04Z,21.95,62.94,23,0,29.69,100.12,2.00,418.00,null,null,null
2023-09-20T02:04:04Z,21.93,62.96,24,0,36.79,100.12,2.00,415.00,null,null,null
2023-09-20T02:05:04Z,21.95,62.94,24,0,26.24,100.13,1.00,409.00,0,0,0
2023-09-20T02:06:04Z,21.95,62.93,23,0,31.90,100.12,2.00,418.00,null,null,null
2023-09-20T02:07:04Z,21.93,62.95,23,0,25.53,100.12,1.00,409.00,null,null,null
2023-09-20T02:08:04Z,21.95,62.88,24,0,27.59,100.12,1.00,409.00,null,null,null
2023-09-20T02:09:04Z,21.93,62.92,24,0,26.80,100.11,1.00,409.00,null,null,null
2023-09-20T02:10:04Z,21.92,62.92,23,0,38.05,100.11,2.00,415.00,0,0,0
2023-09-20T02:11:04Z,21.95,62.96,23,0,27.28,100.10,1.00,409.00,null,null,null
2023-09-20T02:12:04Z,21.93,62.93,24,0,29.47,100.10,2.00,415.00,null,null,null
2023-09-20T02:13:04Z,21.92,62.91,24,0,26.69,100.10,2.00,415.00,null,null,null
2023-09-20T02:14:04Z,21.93,62.93,24,0,29.88,100.09,2.00,415.00,null,null,null
2023-09-20T02:15:04Z,21.92,62.91,24,0,29.50,100.10,2.00,415.00,0,0,0
2023-09-20T02:16:04Z,21.93,62.95,23,0,23.63,100.10,1.00,409.00,null,null,null
2023-09-20T02:17:04Z,21.93,62.96,23,0,26.55,100.09,2.00,415.00,null,null,null
2023-09-20T02:18:04Z,21.95,62.96,24,0,26.43,100.09,2.00,415.00,null,null,null
2023-09-20T02:19:04Z,21.91,62.94,24,0,26.03,100.09,2.00,415.00,null,null,null
2023-09-20T02:20:04Z,21.95,62.94,24,0,29.60,100.09,2.00,415.00,0,0,0
2023-09-20T02:21:04Z,21.91,62.94,23,0,26.76,100.08,2.00,415.00,null,null,null
2023-09-20T02:22:04Z,21.93,62.95,23,0,28.89,100.09,2.00,415.00,null,null,null
2023-09-20T02:23:04Z,21.93,62.96,23,0,29.08,100.08,2.00,415.00,null,null,null
2023-09-20T02:24:04Z,21.93,62.94,23,0,35.61,100.08,2.00,415.00,null,null,null
2023-09-20T02:25:04Z,21.92,62.97,23,0,33.80,100.08,2.00,415.00,0,0,0
2023-09-20T02:26:04Z,21.91,62.97,23,0,29.38,100.08,2.00,415.00,null,null,null
2023-09-20T02:27:04Z,21.91,62.93,24,0,27.66,100.07,2.00,415.00,null,null,null
2023-09-20T02:28:04Z,21.92,62.91,23,0,29.92,100.07,2.00,415.00,null,null,null
2023-09-20T02:29:04Z,21.92,62.95,23,0,30.13,100.07,2.00,415.00,null,null,null
2023-09-20T02:30:04Z,21.91,62.98,23,0,33.33,100.07,2.00,415.00,0,0,0
2023-09-20T02:31:04Z,21.92,63.00,23,0,26.71,100.07,2.00,415.00,null,null,null
2023-09-20T02:32:04Z,21.91,62.98,23,0,31.21,100.07,2.00,415.00,null,null,null
2023-09-20T02:33:04Z,21.92,62.98,23,0,28.68,100.07,1.00,409.00,null,null,null
2023-09-20T02:34:04Z,21.92,62.95,23,0,24.27,100.07,0.00,406.00,null,null,null
2023-09-20T02:35:04Z,21.89,63.03,23,0,26.16,100.07,0.00,406.00,0,0,0
2023-09-20T02:36:04Z,21.88,63.01,23,0,30.99,100.08,0.00,406.00,null,null,null
2023-09-20T02:37:04Z,21.92,62.96,23,0,23.40,100.07,2.00,415.00,null,null,null
2023-09-20T02:38:04Z,21.89,62.93,23,0,34.96,100.06,2.00,415.00,null,null,null
2023-09-20T02:39:04Z,21.89,62.98,23,0,28.12,100.07,2.00,415.00,null,null,null
2023-09-20T02:40:04Z,21.89,62.98,23,0,24.07,100.06,2.00,415.00,0,0,0
2023-09-20T02:41:04Z,21.91,63.04,23,0,25.13,100.06,1.00,409.00,null,null,null
2023-09-20T02:42:04Z,21.89,62.97,23,0,25.03,100.07,2.00,415.00,null,null,null
2023-09-20T02:43:04Z,21.89,62.99,23,0,27.45,100.06,2.00,415.00,null,null,null
2023-09-20T02:44:04Z,21.92,63.00,23,0,25.03,100.06,0.00,406.00,null,null,null
2023-09-20T02:45:04Z,21.88,63.02,23,0,29.55,100.07,2.00,415.00,0,0,0
2023-09-20T02:46:04Z,21.92,63.03,23,0,34.20,100.07,1.00,409.00,null,null,null
2023-09-20T02:47:04Z,21.91,62.99,23,0,23.15,100.06,2.00,415.00,null,null,null
2023-09-20T02:48:04Z,21.89,62.98,23,0,28.01,100.06,1.00,409.00,null,null,null
2023-09-20T02:49:04Z,21.88,63.00,23,0,26.76,100.07,2.00,415.00,null,null,null
2023-09-20T02:50:04Z,21.88,63.03,23,0,26.91,100.07,1.00,409.00,0,0,0
2023-09-20T02:51:04Z,21.91,63.05,23,0,25.41,100.06,1.00,409.00,null,null,null
2023-09-20T02:52:04Z,21.89,62.99,23,0,37.81,100.07,2.00,415.00,null,null,null
2023-09-20T02:53:04Z,21.88,63.04,23,0,29.65,100.07,1.00,409.00,null,null,null
2023-09-20T02:54:04Z,21.89,62.98,23,0,31.55,100.07,1.00,409.00,null,null,null
2023-09-20T02:55:04Z,21.87,63.02,23,0,28.67,100.08,1.00,409.00,0,0,0
2023-09-20T02:56:04Z,21.89,63.09,23,0,29.26,100.07,1.00,409.00,null,null,null
2023-09-20T02:57:04Z,21.89,63.03,23,0,30.07,100.08,1.00,409.00,null,null,null
2023-09-20T02:58:04Z,21.89,63.00,23,0,28.36,100.06,1.00,409.00,null,null,null
2023-09-20T02:59:04Z,21.89,63.03,23,0,28.66,100.07,1.00,409.00,null,null,null
