TIME,TEMP,HUM,BATT,LIGHT,NOISE_A,PRESS,CCS811_VOCS,CCS811_ECO2,PM_1,PM_25,PM_10
ISO 8601,C,%,%,Lux,dBA,kPa,ppb,ppm,ug/m3,ug/m3,ug/m3
Time,Temperature,Humidity,Battery,Light,Noise dBA,Barometric pressure,VOC Gas CCS811,eCO2 Gas CCS811,PM 1.0,PM 2.5,PM 10.0
,55,56,10,14,53,58,113,112,89,87,88
2023-08-16T00:00:03Z,25.57,65.32,99,0,24.27,102.01,124.00,1220.00,2,2,2
2023-08-16T00:01:03Z,25.57,65.30,99,0,24.23,102.01,121.00,1195.00,null,null,null
2023-08-16T00:02:03Z,25.58,65.31,99,0,24.58,102.01,121.00,1195.00,null,null,null
2023-08-16T00:03:03Z,25.57,65.24,99,0,23.54,102.01,118.00,1181.00,null,null,null
2023-08-16T00:04:03Z,25.55,65.28,99,0,32.03,102.02,120.00,1191.00,null,null,null
2023-08-16T00:05:03Z,25.55,65.25,99,0,25.67,102.01,121.00,1195.00,0,0,0
2023-08-16T00:06:03Z,25.57,65.40,99,0,25.22,102.01,121.00,1195.00,null,null,null
2023-08-16T00:07:03Z,25.58,65.32,99,0,24.23,102.01,117.00,1168.00,null,null,null
2023-08-16T00:08:03Z,25.54,65.30,99,0,28.36,102.02,118.00,1181.00,null,null,null
2023-08-16T00:09:03Z,25.60,65.22,99,0,31.95,102.01,117.00,1168.00,null,null,null
2023-08-16T00:10:03Z,25.58,65.20,99,0,42.07,102.01,118.00,1178.00,0,0,0
2023-08-16T00:11:03Z,25.58,65.30,99,0,28.54,102.01,118.00,1178.00,null,null,null
2023-08-16T00:12:03Z,25.58,65.27,99,0,25.70,102.01,117.00,1168.00,null,null,null
2023-08-16T00:13:03Z,25.57,65.31,99,0,32.39,102.01,118.00,1181.00,null,null,null
2023-08-16T00:14:03Z,25.55,65.34,99,0,37.59,102.01,121.00,1195.00,null,null,null
2023-08-16T00:15:03Z,25.57,65.39,99,0,29.63,102.01,121.00,1195.00,1,1,1
2023-08-16T00:16:03Z,25.60,65.61,99,0,30.70,102.01,121.00,1195.00,null,null,null
2023-08-16T00:17:03Z,25.60,65.51,99,0,28.44,102.01,121.00,1195.00,null,null,null
2023-08-16T00:18:03Z,25.60,65.57,99,0,29.78,102.00,121.00,1195.00,null,null,null
2023-08-16T00:19:03Z,25.58,65.50,99,0,31.59,102.00,121.00,1195.00,null,null,null
2023-08-16T00:20:03Z,25.55,65.55,99,0,28.73,102.00,121.00,1195.00,1,1,1
2023-08-16T00:21:03Z,25.61,65.71,99,0,30.38,102.00,118.00,1181.00,null,null,null
2023-08-16T00:22:03Z,25.61,65.63,99,0,26.99,102.00,127.00,1235.00,null,null,null
2023-08-16T00:23:03Z,25.60,65.57,99,0,27.16,102.00,131.00,1266.00,null,null,null
2023-08-16T00:24:03Z,25.61,65.60,99,0,30.45,102.00,135.00,1291.00,null,null,null
2023-08-16T00:25:03Z,25.58,65.58,99,0,29.23,102.00,140.00,1321.00,1,1,1
2023-08-16T00:26:03Z,25.60,65.79,99,0,29.32,102.00,155.00,1420.00,null,null,null
2023-08-16T00:27:03Z,25.63,65.70,99,0,28.12,102.00,161.00,1462.00,null,null,null
2023-08-16T00:28:03Z,25.61,65.63,99,0,31.43,102.00,161.00,1462.00,null,null,null
2023-08-16T00:29:03Z,25.61,65.61,99,0,28.96,102.00,173.00,1502.00,null,null,null
2023-08-16T00:30:03Z,25.60,65.57,99,0,29.13,102.00,179.00,1512.00,0,0,0
2023-08-16T00:31:03Z,25.61,65.74,99,0,30.91,102.00,179.00,1512.00,null,null,null
2023-08-16T00:32:03Z,25.61,65.61,99,0,31.97,102.00,184.00,1519.00,null,null,null
2023-08-16T00:33:03Z,25.61,65.55,99,0,28.70,102.00,184.00,1519.00,null,null,null
2023-08-16T00:34:03Z,25.61,65.54,99,0,29.03,102.00,191.00,1528.00,null,null,null
2023-08-16T00:35:03Z,25.61,65.54,99,0,27.89,102.00,191.00,1528.00,0,0,0
2023-08-16T00:36:03Z,25.63,65.75,99,0,31.43,101.99,198.00,1539.00,null,null,null
2023-08-16T00:37:03Z,25.63,65.61,99,0,29.96,101.99,196.00,1536.00,null,null,null
2023-08-16T00:38:03Z,25.63,65.57,99,0,33.76,102.00,203.00,1544.00,null,null,null
2023-08-16T00:39:03Z,25.61,65.54,99,0,34.11,102.00,206.00,1548.00,null,null,null
2023-08-16T00:40:03Z,25.60,65.57,99,0,29.00,102.00,211.00,1556.00,1,1,1
2023-08-16T00:41:03Z,25.63,65.69,99,0,31.20,101.99,215.00,1560.00,null,null,null
2023-08-16T00:42:03Z,25.63,65.64,99,0,27.73,101.99,220.00,1568.00,null,null,null
2023-08-16T00:43:03Z,25.63,65.58,99,0,29.64,101.99,225.00,1573.00,null,null,null
2023-08-16T00:44:03Z,25.61,65.61,99,0,32.51,101.99,228.00,1579.00,null,null,null
2023-08-16T00:45:03Z,25.61,65.62,99,0,33.79,101.99,233.00,1586.00,0,0,0
2023-08-16T00:46:03Z,25.64,65.85,99,0,28.28,101.99,237.00,1591.00,null,null,null
2023-08-16T00:47:03Z,25.64,65.71,99,0,29.07,101.99,235.00,1588.00,null,null,null
2023-08-16T00:48:03Z,25.65,65.72,99,0,30.19,101.99,242.00,1595.00,null,null,null
2023-08-16T00:49:03Z,25.63,65.69,99,0,36.75,101.99,237.00,1591.00,null,null,null
2023-08-16T00:50:03Z,25.64,65.70,99,0,31.29,101.99,242.00,1595.00,1,1,1
2023-08-16T00:51:03Z,25.64,65.81,99,0,32.73,101.99,228.00,1579.00,null,null,null
2023-08-16T00:52:03Z,25.63,65.65,99,0,28.66,101.99,218.00,1564.00,null,null,null
2023-08-16T00:53:03Z,25.64,65.60,99,0,28.71,101.99,215.00,1560.00,null,null,null
2023-08-16T00:54:03Z,25.61,65.62,99,0,31.52,101.99,211.00,1556.00,null,null,null
2023-08-16T00:55:03Z,25.63,65.57,99,0,30.18,101.99,211.00,1556.00,0,0,0
2023-08-16T00:56:03Z,25.64,65.81,99,0,30.60,101.99,215.00,1560.00,null,null,null
2023-08-16T00:57:03Z,25.64,65.70,99,0,37.86,101.99,212.00,1559.00,null,null,null
2023-08-16T00:58:03Z,25.63,65.67,99,0,42.18,101.99,211.00,1556.00,null,null,null
2023-08-16T00:59:03Z,25.63,65.74,99,0,29.51,101.99,211.00,1556.00,null,null,null
2023-08-16T01:00:03Z,25.63,65.74,99,0,32.34,101.99,211.00,1556.00,1,1,1
2023-08-16T01:01:03Z,25.64,65.95,99,0,29.41,101.99,211.00,1556.00,null,null,null
2023-08-16T01:02:03Z,25.67,65.81,99,0,31.02,101.99,211.00,1556.00,null,null,null
2023-08-16T01:03:03Z,25.64,65.84,99,0,42.16,101.99,209.00,1553.00,null,null,null
2023-08-16T01:04:03Z,25.63,65.82,99,0,28.34,101.99,204.00,1546.00,null,null,null
2023-08-16T01:05:03Z,25.64,65.80,99,0,31.21,101.99,204.00,1546.00,0,0,0
2023-08-16T01:06:03Z,25.67,66.05,99,0,37.21,101.99,196.00,1536.00,null,null,null
2023-08-16T01:07:03Z,25.67,65.92,99,0,31.59,101.99,200.00,1542.00,null,null,null
2023-08-16T01:08:03Z,25.65,65.96,99,0,32.17,101.99,196.00,1536.00,null,null,null
2023-08-16T01:09:03Z,25.64,65.91,99,0,31.02,101.99,188.00,1525.00,null,null,null
2023-08-16T01:10:03Z,25.64,65.84,99,0,29.57,101.99,185.00,1520.00,2,2,2
2023-08-16T01:11:03Z,25.67,65.96,99,0,31.18,101.99,182.00,1516.00,null,null,null
2023-08-16T01:12:03Z,25.64,65.91,99,0,31.55,101.99,174.00,1504.00,null,null,null
2023-08-16T01:13:03Z,25.65,65.79,99,0,31.36,101.99,164.00,1478.00,null,null,null
2023-08-16T01:14:03Z,25.68,65.73,99,0,32.23,101.99,161.00,1462.00,null,null,null
2023-08-16T01:15:03Z,25.65,65.77,99,0,30.23,101.99,159.00,1445.00,2,2,2
2023-08-16T01:16:03Z,25.68,65.85,99,0,33.31,101.99,153.00,1408.00,null,null,null
2023-08-16T01:17:03Z,25.67,65.76,99,0,30.06,101.99,147.00,1367.00,null,null,null
2023-08-16T01:18:03Z,25.68,65.75,99,0,29.33,102.00,145.00,1352.00,null,null,null
2023-08-16T01:19:03Z,25.67,65.71,99,0,28.80,102.00,141.00,1330.00,null,null,null
2023-08-16T01:20:03Z,25.65,65.70,99,0,32.12,102.00,140.00,1321.00,1,1,1
2023-08-16T01:21:03Z,25.65,65.77,99,0,30.66,102.00,140.00,1321.00,null,null,null
2023-08-16T01:22:03Z,25.68,65.72,99,0,34.21,102.00,136.00,1295.00,null,null,null
2023-08-16T01:23:03Z,25.67,65.75,99,0,35.21,102.00,138.00,1307.00,null,null,null
2023-08-16T01:24:03Z,25.67,65.72,99,0,41.24,102.00,136.00,1295.00,null,null,null
2023-08-16T01:25:03Z,25.67,65.78,99,0,31.79,102.00,138.00,1307.00,1,1,1
2023-08-16T01:26:03Z,25.67,66.00,99,0,30.94,102.00,136.00,1295.00,null,null,null
2023-08-16T01:27:03Z,25.68,65.87,99,0,32.72,102.00,136.00,1295.00,null,null,null
2023-08-16T01:28:03Z,25.67,65.82,99,0,35.10,102.01,130.00,1255.00,null,null,null
2023-08-16T01:29:03Z,25.67,65.75,99,0,27.12,102.01,125.00,1224.00,null,null,null
2023-08-16T01:30:03Z,25.65,65.73,99,0,30.30,102.01,125.00,1224.00,2,2,2
2023-08-16T01:31:03Z,25.67,65.79,99,0,31.24,102.01,121.00,1195.00,null,null,null
2023-08-16T01:32:03Z,25.68,65.73,99,0,31.87,102.01,117.00,1171.00,null,null,null
2023-08-16T01:33:03Z,25.65,65.72,99,0,27.51,102.00,117.00,1171.00,null,null,null
2023-08-16T01:34:03Z,25.68,65.67,99,0,29.57,102.01,121.00,1195.00,null,null,null
2023-08-16T01:35:03Z,25.68,65.72,99,0,44.51,102.01,121.00,1195.00,1,1,1
2023-08-16T01:36:03Z,25.68,65.76,99,0,27.04,102.01,118.00,1181.00,null,null,null
2023-08-16T01:37:03Z,25.68,65.71,99,0,29.44,102.00,119.00,1184.00,null,null,null
2023-08-16T01:38:03Z,25.68,65.76,99,0,42.12,102.01,121.00,1195.00,null,null,null
2023-08-16T01:39:03Z,25.70,65.80,99,0,27.42,102.01,119.00,1184.00,null,null,null
2023-08-16T01:40:03Z,25.68,65.79,99,0,28.07,102.00,119.00,1184.00,1,1,1
2023-08-16T01:41:03Z,25.70,65.99,99,0,29.15,102.01,119.00,1184.00,null,null,null
2023-08-16T01:42:03Z,25.70,65.89,99,0,27.64,102.01,122.00,1207.00,null,null,null
2023-08-16T01:43:03Z,25.71,65.92,99,0,31.97,102.01,122.00,1207.00,null,null,null
2023-08-16T01:44:03Z,25.70,65.86,99,0,29.80,102.01,122.00,1207.00,null,null,null
2023-08-16T01:45:03Z,25.68,65.85,99,0,29.40,102.01,128.00,1242.00,1,1,1
2023-08-16T01:46:03Z,25.73,66.06,99,0,30.94,102.01,134.00,1281.00,null,null,null
2023-08-16T01:47:03Z,25.71,65.98,99,0,28.87,102.01,138.00,1310.00,null,null,null
2023-08-16T01:48:03Z,25.68,65.91,99,0,35.19,102.01,136.00,1295.00,null,null,null
2023-08-16T01:49:03Z,25.71,65.81,99,0,32.30,102.01,136.00,1295.00,null,null,null
2023-08-16T01:50:03Z,25.71,65.78,99,0,29.17,102.01,136.00,1295.00,1,1,1
2023-08-16T01:51:03Z,25.71,65.92,99,0,31.07,102.01,138.00,1310.00,null,null,null
2023-08-16T01:52:03Z,25.70,65.85,99,0,32.67,102.01,138.00,1310.00,null,null,null
2023-08-16T01:53:03Z,25.70,65.80,99,0,31.15,102.01,141.00,1330.00,null,null,null
2023-08-16T01:54:03Z,25.70,65.77,99,0,26.93,102.01,147.00,1367.00,null,null,null
2023-08-16T01:55:03Z,25.68,65.74,99,0,29.00,102.01,168.00,1494.00,1,2,2
2023-08-16T01:56:03Z,25.70,65.92,99,0,30.46,102.01,191.00,1528.00,null,null,null
2023-08-16T01:57:03Z,25.70,65.78,99,0,28.84,102.01,200.00,1542.00,null,null,null
2023-08-16T01:58:03Z,25.71,65.70,99,0,30.46,102.01,209.00,1553.00,null,null,null
2023-08-16T01:59:03Z,25.71,65.69,99,0,29.65,102.02,215.00,1560.00,null,null,null
2023-08-16T02:00:03Z,25.73,65.68,99,0,30.62,102.02,220.00,1568.00,2,2,2
2023-08-16T02:01:03Z,25.71,65.65,99,0,29.15,102.02,220.00,1568.00,null,null,null
2023-08-16T02:02:03Z,25.70,65.68,99,0,36.16,102.02,228.00,1579.00,null,null,null
2023-08-16T02:03:03Z,25.71,65.69,99,0,31.61,102.02,233.00,1586.00,null,null,null
2023-08-16T02:04:03Z,25.71,65.69,99,0,29.69,102.02,237.00,1591.00,null,null,null
2023-08-16T02:05:03Z,25.68,65.64,99,0,32.25,102.02,237.00,1591.00,0,0,0
2023-08-16T02:06:03Z,25.71,65.84,99,0,32.84,102.01,242.00,1595.00,null,null,null
2023-08-16T02:07:03Z,25.71,65.72,99,0,28.70,102.01,235.00,1588.00,null,null,null
2023-08-16T02:08:03Z,25.70,65.69,99,0,33.34,102.02,237.00,1591.00,null,null,null
2023-08-16T02:09:03Z,25.70,65.65,99,0,28.64,102.02,233.00,1586.00,null,null,null
2023-08-16T02:10:03Z,25.71,65.69,99,0,30.94,102.01,233.00,1586.00,0,0,0
2023-08-16T02:11:03Z,25.70,65.76,99,0,27.59,102.02,225.00,1573.00,null,null,null
2023-08-16T02:12:03Z,25.73,65.68,99,0,28.74,102.02,218.00,1564.00,null,null,null
2023-08-16T02:13:03Z,25.73,65.70,99,0,28.30,102.02,220.00,1568.00,null,null,null
2023-08-16T02:14:03Z,25.70,65.69,99,0,29.27,102.02,215.00,1560.00,null,null,null
2023-08-16T02:15:03Z,25.71,65.67,99,0,26.73,102.02,211.00,1556.00,0,0,0
2023-08-16T02:16:03Z,25.71,65.76,99,0,32.84,102.02,203.00,1544.00,null,null,null
2023-08-16T02:17:03Z,25.73,65.67,99,0,31.38,102.02,196.00,1536.00,null,null,null
2023-08-16T02:18:03Z,25.71,65.65,99,0,31.29,102.01,191.00,1528.00,null,null,null
2023-08-16T02:19:03Z,25.71,65.61,99,0,28.47,102.01,184.00,1519.00,null,null,null
2023-08-16T02:20:03Z,25.68,65.58,99,0,29.62,102.01,179.00,1512.00,0,0,0
2023-08-16T02:21:03Z,25.71,65.69,99,0,30.39,102.01,177.00,1507.00,null,null,null
2023-08-16T02:22:03Z,25.71,65.59,99,0,28.40,102.02,173.00,1502.00,null,null,null
2023-08-16T02:23:03Z,25.71,65.59,99,0,28.48,102.02,166.00,1491.00,null,null,null
2023-08-16T02:24:03Z,25.70,65.56,99,0,30.51,102.01,159.00,1445.00,null,null,null
2023-08-16T02:25:03Z,25.73,65.54,99,0,27.84,102.01,159.00,1445.00,0,0,0
2023-08-16T02:26:03Z,25.71,65.60,99,0,29.47,102.02,155.00,1420.00,null,null,null
2023-08-16T02:27:03Z,25.73,65.50,99,0,31.67,102.01,152.00,1404.00,null,null,null
2023-08-16T02:28:03Z,25.68,65.50,99,0,31.48,102.02,163.00,1474.00,null,null,null
2023-08-16T02:29:03Z,25.70,65.55,99,0,29.57,102.02,170.00,1497.00,null,null,null
2023-08-16T02:30:03Z,25.70,65.53,99,0,31.07,102.01,177.00,1507.00,1,1,1
2023-08-16T02:31:03Z,25.73,65.74,99,0,33.65,102.02,179.00,1512.00,null,null,null
2023-08-16T02:32:03Z,25.70,65.71,99,0,30.68,102.01,187.00,1523.00,null,null,null
2023-08-16T02:33:03Z,25.71,65.67,99,0,29.04,102.02,187.00,1523.00,null,null,null
2023-08-16T02:34:03Z,25.70,65.69,99,0,30.68,102.02,187.00,1523.00,null,null,null
2023-08-16T02:35:03Z,25.68,65.64,99,0,29.70,102.02,187.00,1523.00,0,0,0
2023-08-16T02:36:03Z,25.71,65.85,99,0,28.31,102.02,187.00,1523.00,null,null,null
2023-08-16T02:37:03Z,25.71,65.79,99,0,34.64,102.02,182.00,1516.00,null,null,null
2023-08-16T02:38:03Z,25.71,65.76,99,0,32.77,102.02,182.00,1516.00,null,null,null
2023-08-16T02:39:03Z,25.71,65.77,99,0,29.43,102.02,185.00,1520.00,null,null,null
2023-08-16T02:40:03Z,25.71,65.76,99,0,28.22,102.02,182.00,1516.00,0,0,0
2023-08-16T02:41:03Z,25.70,65.92,99,0,28.15,102.03,177.00,1508.00,null,null,null
2023-08-16T02:42:03Z,25.70,65.81,99,0,26.76,102.02,174.00,1504.00,null,null,null
2023-08-16T02:43:03Z,25.73,65.76,99,0,29.30,102.02,168.00,1494.00,null,null,null
2023-08-16T02:44:03Z,25.68,65.74,99,0,32.05,102.03,171.00,1499.00,null,null,null
2023-08-16T02:45:03Z,25.71,65.81,99,0,32.43,102.02,184.00,1519.00,3,3,3
2023-08-16T02:46:03Z,25.70,65.94,99,0,28.54,102.02,182.00,1516.00,null,null,null
2023-08-16T02:47:03Z,25.73,65.86,99,0,29.30,102.02,185.00,1520.00,null,null,null
2023-08-16T02:48:03Z,25.73,65.84,99,0,30.30,102.03,185.00,1520.00,null,null,null
2023-08-16T02:49:03Z,25.71,65.83,99,0,41.08,102.03,188.00,1525.00,null,null,null
2023-08-16T02:50:03Z,25.70,65.83,99,0,32.06,102.02,188.00,1525.00,1,1,1
2023-08-16T02:51:03Z,25.73,66.01,99,0,31.12,102.03,185.00,1520.00,null,null,null
2023-08-16T02:52:03Z,25.73,65.86,99,0,28.33,102.02,182.00,1516.00,null,null,null
2023-08-16T02:53:03Z,25.71,65.91,99,0,29.16,102.03,182.00,1516.00,null,null,null
2023-08-16T02:54:03Z,25.71,65.85,99,0,30.11,102.03,177.00,1508.00,null,null,null
2023-08-16T02:55:03Z,25.70,65.76,99,0,32.39,102.03,171.00,1499.00,0,0,0
2023-08-16T02:56:03Z,25.73,65.94,99,0,27.89,102.03,168.00,1494.00,null,null,null
2023-08-16T02:57:03Z,25.71,65.80,99,0,33.46,102.04,161.00,1462.00,null,null,null
2023-08-16T02:58:03Z,25.73,65.81,99,0,27.34,102.03,157.00,1432.00,null,null,null
2023-08-16T02:59:03Z,25.73,65.81,99,0,32.54,102.04,153.00,1408.00,null,null,null
