TIME,TEMP,HUM,BATT,LIGHT,NOISE_A,PRESS,CCS811_VOCS,CCS811_ECO2,PM_1,PM_25,PM_10
ISO 8601,C,%,%,Lux,dBA,kPa,ppb,ppm,ug/m3,ug/m3,ug/m3
Time,Temperature,Humidity,Battery,Light,Noise dBA,Barometric pressure,VOC Gas CCS811,eCO2 Gas CCS811,PM 1.0,PM 2.5,PM 10.0
,55,56,10,14,53,58,113,112,89,87,88
2023-09-13T00:00:03Z,26.43,61.09,99,0,44.20,101.83,36.00,640.00,0,0,0
2023-09-13T00:01:03Z,26.40,61.01,99,0,48.71,101.84,36.00,640.00,null,null,null
2023-09-13T00:02:03Z,26.43,61.07,99,0,44.46,101.84,35.00,633.00,null,null,null
2023-09-13T00:03:03Z,26.42,61.03,99,0,46.87,101.84,36.00,640.00,null,null,null
2023-09-13T00:04:03Z,26.40,61.04,99,0,40.14,101.84,36.00,640.00,null,null,null
2023-09-13T00:05:03Z,26.40,61.06,99,0,44.73,101.85,35.00,633.00,0,0,0
2023-09-13T00:06:03Z,26.43,60.98,99,0,43.31,101.85,36.00,640.00,null,null,null
2023-09-13T00:07:03Z,26.42,60.99,99,0,42.71,101.85,35.00,633.00,null,null,null
2023-09-13T00:08:03Z,26.42,61.03,99,0,40.40,101.84,35.00,633.00,null,null,null
2023-09-13T00:09:03Z,26.44,60.99,99,0,43.69,101.85,36.00,640.00,null,null,null
2023-09-13T00:10:03Z,26.42,61.03,99,0,43.67,101.85,36.00,640.00,0,0,0
2023-09-13T00:11:03Z,26.43,60.92,99,0,43.41,101.84,34.00,627.00,null,null,null
2023-09-13T00:12:03Z,26.46,60.96,99,0,43.18,101.84,34.00,627.00,null,null,null
2023-09-13T00:13:03Z,26.44,61.06,99,0,44.88,101.85,35.00,633.00,null,null,null
2023-09-13T00:14:03Z,26.42,60.96,99,0,47.02,101.84,35.00,633.00,null,null,null
2023-09-13T00:15:03Z,26.44,60.94,99,0,41.72,101.84,34.00,627.00,0,0,0
2023-09-13T00:16:03Z,26.44,60.86,99,0,46.01,101.84,33.00,620.00,null,null,null
2023-09-13T00:17:03Z,26.46,60.89,99,0,43.81,101.85,33.00,620.00,null,null,null
2023-09-13T00:18:03Z,26.46,60.97,99,0,45.48,101.84,34.00,627.00,null,null,null
2023-09-13T00:19:03Z,26.43,60.89,99,0,43.23,101.85,34.00,627.00,null,null,null
2023-09-13T00:20:03Z,26.44,60.91,99,0,44.54,101.84,34.00,627.00,0,0,0
2023-09-13T00:21:03Z,26.44,60.79,99,0,42.09,101.84,33.00,620.00,null,null,null
2023-09-13T00:22:03Z,26.43,60.82,99,0,44.63,101.85,32.00,614.00,null,null,null
2023-09-13T00:23:03Z,26.44,60.83,99,0,43.53,101.85,33.00,620.00,null,null,null
2023-09-13T00:24:03Z,26.43,60.75,99,0,44.19,101.84,33.00,620.00,null,null,null
2023-09-13T00:25:03Z,26.43,60.76,99,0,42.75,101.85,32.00,614.00,0,0,0
2023-09-13T00:26:03Z,26.44,60.68,99,0,42.72,101.85,32.00,614.00,null,null,null
2023-09-13T00:27:03Z,26.46,60.74,99,0,44.85,101.85,33.00,620.00,null,null,null
2023-09-13T00:28:03Z,26.43,60.80,99,0,42.90,101.85,33.00,620.00,null,null,null
2023-09-13T00:29:03Z,26.44,60.84,99,0,41.89,101.85,32.00,614.00,null,null,null
2023-09-13T00:30:03Z,26.44,60.84,99,0,43.82,101.85,33.00,620.00,0,0,0
2023-09-13T00:31:03Z,26.46,60.90,99,0,47.32,101.86,34.00,627.00,null,null,null
2023-09-13T00:32:03Z,26.44,60.86,99,0,43.58,101.87,34.00,627.00,null,null,null
2023-09-13T00:33:03Z,26.47,60.90,99,0,42.09,101.87,35.00,633.00,null,null,null
2023-09-13T00:34:03Z,26.44,60.92,99,0,43.98,101.87,35.00,633.00,null,null,null
2023-09-13T00:35:03Z,26.44,60.94,99,0,43.03,101.87,36.00,640.00,0,0,0
2023-09-13T00:36:03Z,26.47,60.88,99,0,42.18,101.87,36.00,640.00,null,null,null
2023-09-13T00:37:03Z,26.46,60.90,99,0,45.93,101.87,37.00,649.00,null,null,null
2023-09-13T00:38:03Z,26.47,60.88,99,0,42.30,101.87,37.00,649.00,null,null,null
2023-09-13T00:39:03Z,26.46,60.92,99,0,45.73,101.87,38.00,653.00,null,null,null
2023-09-13T00:40:03Z,26.46,60.92,99,0,42.91,101.88,39.00,660.00,0,0,0
2023-09-13T00:41:03Z,26.47,60.86,99,0,48.09,101.88,39.00,660.00,null,null,null
2023-09-13T00:42:03Z,26.47,60.91,99,0,42.38,101.88,42.00,678.00,null,null,null
2023-09-13T00:43:03Z,26.47,60.91,99,0,41.36,101.89,42.00,678.00,null,null,null
2023-09-13T00:44:03Z,26.46,60.91,99,0,43.07,101.88,43.00,683.00,null,null,null
2023-09-13T00:45:03Z,26.44,60.93,99,0,43.12,101.88,43.00,683.00,0,0,0
2023-09-13T00:46:03Z,26.46,60.87,99,0,39.20,101.89,43.00,683.00,null,null,null
2023-09-13T00:47:03Z,26.46,60.87,99,0,45.57,101.88,45.00,700.00,null,null,null
2023-09-13T00:48:03Z,26.46,60.90,99,0,41.66,101.89,45.00,700.00,null,null,null
2023-09-13T00:49:03Z,26.46,60.89,99,0,42.72,101.89,46.00,704.00,null,null,null
2023-09-13T00:50:03Z,26.47,60.95,99,0,45.25,101.89,47.00,715.00,0,0,0
2023-09-13T00:51:03Z,26.47,60.89,99,0,42.31,101.89,49.00,728.00,null,null,null
2023-09-13T00:52:03Z,26.47,60.92,99,0,44.00,101.89,50.00,732.00,null,null,null
2023-09-13T00:53:03Z,26.47,60.87,99,0,44.61,101.89,50.00,732.00,null,null,null
2023-09-13T00:54:03Z,26.46,60.89,99,0,43.62,101.90,50.00,732.00,null,null,null
2023-09-13T00:55:03Z,26.44,60.89,99,0,40.97,101.89,50.00,732.00,0,0,0
2023-09-13T00:56:03Z,26.47,60.87,99,0,45.41,101.90,51.00,740.00,null,null,null
2023-09-13T00:57:03Z,26.44,60.84,99,0,44.43,101.89,53.00,752.00,null,null,null
2023-09-13T00:58:03Z,26.47,60.87,99,0,41.96,101.89,53.00,752.00,null,null,null
2023-09-13T00:59:03Z,26.46,60.82,99,0,42.11,101.89,53.00,752.00,null,null,null
2023-09-13T01:00:03Z,26.46,60.87,99,0,45.82,101.90,54.00,757.00,0,0,0
2023-09-13T01:01:03Z,26.46,60.81,99,0,39.62,101.90,55.00,765.00,null,null,null
2023-09-13T01:02:03Z,26.46,60.77,99,0,44.59,101.89,54.00,757.00,null,null,null
2023-09-13T01:03:03Z,26.43,60.77,99,0,45.25,101.89,55.00,765.00,null,null,null
2023-09-13T01:04:03Z,26.46,60.82,99,0,44.41,101.89,55.00,765.00,null,null,null
2023-09-13T01:05:03Z,26.46,60.79,99,0,41.89,101.89,56.00,774.00,0,0,0
2023-09-13T01:06:03Z,26.46,60.73,99,0,45.17,101.89,58.00,787.00,null,null,null
2023-09-13T01:07:03Z,26.44,60.77,99,0,46.59,101.90,61.00,802.00,null,null,null
2023-09-13T01:08:03Z,26.47,60.78,99,0,46.27,101.89,63.00,819.00,null,null,null
2023-09-13T01:09:03Z,26.44,60.78,99,0,42.85,101.90,67.00,846.00,null,null,null
2023-09-13T01:10:03Z,26.46,60.86,99,0,43.88,101.90,71.00,870.00,0,0,0
2023-09-13T01:11:03Z,26.44,60.79,99,0,45.46,101.90,71.00,870.00,null,null,null
2023-09-13T01:12:03Z,26.46,60.79,99,0,44.35,101.90,79.00,920.00,null,null,null
2023-09-13T01:13:03Z,26.46,60.85,99,0,42.26,101.90,84.00,954.00,null,null,null
2023-09-13T01:14:03Z,26.47,60.80,99,0,46.13,101.90,90.00,992.00,null,null,null
2023-09-13T01:15:03Z,26.44,60.79,99,0,45.42,101.90,90.00,997.00,0,0,0
2023-09-13T01:16:03Z,26.46,60.79,99,0,42.35,101.90,92.00,1009.00,null,null,null
2023-09-13T01:17:03Z,26.47,60.82,99,0,42.92,101.90,99.00,1056.00,null,null,null
2023-09-13T01:18:03Z,26.46,60.86,99,0,41.21,101.90,104.00,1083.00,null,null,null
2023-09-13T01:19:03Z,26.47,60.84,99,0,45.29,101.90,105.00,1095.00,null,null,null
2023-09-13T01:20:03Z,26.46,60.86,99,0,42.35,101.90,107.00,1107.00,0,0,0
2023-09-13T01:21:03Z,26.47,60.83,99,0,45.53,101.90,105.00,1095.00,null,null,null
2023-09-13T01:22:03Z,26.46,60.84,99,0,42.21,101.91,109.00,1122.00,null,null,null
2023-09-13T01:23:03Z,26.44,60.83,99,0,47.85,101.90,112.00,1137.00,null,null,null
2023-09-13T01:24:03Z,26.46,60.82,99,0,41.77,101.91,109.00,1122.00,null,null,null
2023-09-13T01:25:03Z,26.46,60.89,99,0,39.01,101.91,112.00,1137.00,0,0,3
2023-09-13T01:26:03Z,26.46,60.93,99,0,45.28,101.91,109.00,1122.00,null,null,null
2023-09-13T01:27:03Z,26.49,60.91,99,0,45.37,101.91,109.00,1122.00,null,null,null
2023-09-13T01:28:03Z,26.47,60.95,99,0,39.16,101.91,112.00,1137.00,null,null,null
2023-09-13T01:29:03Z,26.47,60.88,99,0,45.69,101.91,109.00,1122.00,null,null,null
2023-09-13T01:30:03Z,26.46,60.90,99,0,45.85,101.91,109.00,1122.00,0,0,0
2023-09-13T01:31:03Z,26.46,60.91,99,0,40.22,101.91,109.00,1122.00,null,null,null
2023-09-13T01:32:03Z,26.49,60.96,99,0,50.96,101.91,109.00,1122.00,null,null,null
2023-09-13T01:33:03Z,26.46,60.97,99,0,42.95,101.92,109.00,1122.00,null,null,null
2023-09-13T01:34:03Z,26.44,60.92,99,0,46.61,101.91,107.00,1107.00,null,null,null
2023-09-13T01:35:03Z,26.49,60.95,99,0,41.76,101.92,107.00,1107.00,0,0,0
2023-09-13T01:36:03Z,26.47,60.96,99,0,45.52,101.92,107.00,1107.00,null,null,null
2023-09-13T01:37:03Z,26.50,60.93,99,0,41.14,101.92,105.00,1095.00,null,null,null
2023-09-13T01:38:03Z,26.50,60.90,99,0,43.80,101.92,105.00,1095.00,null,null,null
2023-09-13T01:39:03Z,26.49,60.91,99,0,38.21,101.92,105.00,1095.00,null,null,null
2023-09-13T01:40:03Z,26.47,60.96,99,0,46.97,101.92,104.00,1083.00,0,0,0
2023-09-13T01:41:03Z,26.50,60.89,99,0,42.46,101.93,104.00,1083.00,null,null,null
2023-09-13T01:42:03Z,26.49,60.90,99,0,43.51,101.93,104.00,1083.00,null,null,null
2023-09-13T01:43:03Z,26.47,60.90,99,0,42.65,101.93,101.00,1068.00,null,null,null
2023-09-13T01:44:03Z,26.49,60.92,99,0,45.49,101.94,99.00,1056.00,null,null,null
2023-09-13T01:45:03Z,26.47,60.89,99,0,42.24,101.93,99.00,1056.00,0,0,0
2023-09-13T01:46:03Z,26.47,60.86,99,0,43.00,101.94,99.00,1056.00,null,null,null
2023-09-13T01:47:03Z,26.47,60.83,99,0,46.00,101.94,99.00,1056.00,null,null,null
2023-09-13T01:48:03Z,26.49,60.82,99,0,42.40,101.93,99.00,1056.00,null,null,null
2023-09-13T01:49:03Z,26.47,60.84,99,0,43.57,101.93,98.00,1044.00,null,null,null
2023-09-13T01:50:03Z,26.47,60.82,99,0,46.36,101.94,98.00,1044.00,0,0,0
2023-09-13T01:51:03Z,26.49,60.82,99,0,44.26,101.94,92.00,1009.00,null,null,null
2023-09-13T01:52:03Z,26.49,60.80,99,0,42.03,101.93,94.00,1019.00,null,null,null
2023-09-13T01:53:03Z,26.50,60.84,99,0,42.59,101.93,94.00,1019.00,null,null,null
2023-09-13T01:54:03Z,26.49,60.82,99,0,43.01,101.94,92.00,1009.00,null,null,null
2023-09-13T01:55:03Z,26.47,60.78,99,0,44.19,101.93,92.00,1009.00,0,0,0
2023-09-13T01:56:03Z,26.50,60.73,99,0,43.35,101.93,90.00,997.00,null,null,null
2023-09-13T01:57:03Z,26.50,60.80,99,0,45.56,101.93,92.00,1009.00,null,null,null
2023-09-13T01:58:03Z,26.50,60.78,99,0,44.62,101.93,90.00,997.00,null,null,null
2023-09-13T01:59:03Z,26.49,60.84,99,0,48.42,101.93,90.00,992.00,null,null,null
2023-09-13T02:00:03Z,26.49,60.85,99,0,38.57,101.93,90.00,992.00,0,0,0
2023-09-13T02:01:03Z,26.50,60.76,99,0,44.19,101.93,87.00,975.00,null,null,null
2023-09-13T02:02:03Z,26.46,60.76,99,0,42.02,101.94,90.00,992.00,null,null,null
2023-09-13T02:03:03Z,26.50,60.80,99,0,41.61,101.93,87.00,975.00,null,null,null
2023-09-13T02:04:03Z,26.50,60.78,99,0,41.34,101.94,87.00,975.00,null,null,null
2023-09-13T02:05:03Z,26.50,60.83,99,0,42.26,101.94,87.00,975.00,0,0,0
2023-09-13T02:06:03Z,26.49,60.83,99,0,45.15,101.94,87.00,975.00,null,null,null
2023-09-13T02:07:03Z,26.50,60.85,99,0,42.59,101.94,84.00,954.00,null,null,null
2023-09-13T02:08:03Z,26.50,60.86,99,0,40.35,101.94,85.00,964.00,null,null,null
2023-09-13T02:09:03Z,26.49,60.85,99,0,42.49,101.94,85.00,964.00,null,null,null
2023-09-13T02:10:03Z,26.49,60.87,99,0,46.43,101.94,85.00,964.00,0,0,0
2023-09-13T02:11:03Z,26.49,60.77,99,0,40.97,101.94,85.00,964.00,null,null,null
2023-09-13T02:12:03Z,26.50,60.81,99,0,44.11,101.94,84.00,954.00,null,null,null
2023-09-13T02:13:03Z,26.50,60.77,99,0,41.57,101.94,84.00,954.00,null,null,null
2023-09-13T02:14:03Z,26.50,60.80,99,0,49.28,101.95,83.00,949.00,null,null,null
2023-09-13T02:15:03Z,26.47,60.81,99,0,41.11,101.94,83.00,949.00,0,0,0
2023-09-13T02:16:03Z,26.50,60.76,99,0,49.24,101.95,84.00,954.00,null,null,null
2023-09-13T02:17:03Z,26.50,60.78,99,0,47.77,101.95,79.00,920.00,null,null,null
2023-09-13T02:18:03Z,26.49,60.80,99,0,46.30,101.94,79.00,920.00,null,null,null
2023-09-13T02:19:03Z,26.52,60.74,99,0,39.59,101.95,80.00,930.00,null,null,null
2023-09-13T02:20:03Z,26.50,60.82,99,0,49.78,101.95,80.00,930.00,0,0,0
2023-09-13T02:21:03Z,26.50,60.69,99,0,44.90,101.95,76.00,900.00,null,null,null
2023-09-13T02:22:03Z,26.50,60.73,99,0,45.25,101.95,79.00,920.00,null,null,null
2023-09-13T02:23:03Z,26.50,60.69,99,0,40.96,101.95,77.00,909.00,null,null,null
2023-09-13T02:24:03Z,26.50,60.67,99,0,48.83,101.95,75.00,897.00,null,null,null
2023-09-13T02:25:03Z,26.50,60.70,99,0,44.59,101.96,74.00,889.00,0,0,0
2023-09-13T02:26:03Z,26.49,60.52,99,0,43.69,101.95,73.00,880.00,null,null,null
2023-09-13T02:27:03Z,26.50,60.53,99,0,41.50,101.95,73.00,880.00,null,null,null
2023-09-13T02:28:03Z,26.50,60.53,99,0,43.46,101.96,73.00,880.00,null,null,null
2023-09-13T02:29:03Z,26.52,60.52,99,0,41.94,101.96,71.00,870.00,null,null,null
2023-09-13T02:30:03Z,26.50,60.52,99,0,44.31,101.96,69.00,855.00,0,0,0
2023-09-13T02:31:03Z,26.53,60.38,99,0,42.43,101.95,68.00,848.00,null,null,null
2023-09-13T02:32:03Z,26.52,60.41,99,0,45.29,101.96,66.00,838.00,null,null,null
2023-09-13T02:33:03Z,26.52,60.42,99,0,41.86,101.96,66.00,838.00,null,null,null
2023-09-13T02:34:03Z,26.52,60.37,99,0,38.34,101.96,65.00,830.00,null,null,null
2023-09-13T02:35:03Z,26.53,60.38,99,0,43.35,101.97,65.00,830.00,1,1,1
2023-09-13T02:36:03Z,26.53,60.21,99,0,39.40,101.96,62.00,810.00,null,null,null
2023-09-13T02:37:03Z,26.53,60.27,99,0,41.56,101.97,63.00,817.00,null,null,null
2023-09-13T02:38:03Z,26.50,60.26,99,0,42.85,101.97,62.00,810.00,null,null,null
2023-09-13T02:39:03Z,26.52,60.26,99,0,48.27,101.98,61.00,802.00,null,null,null
2023-09-13T02:40:03Z,26.54,60.24,99,0,42.67,101.97,60.00,798.00,0,0,0
2023-09-13T02:41:03Z,26.53,60.04,99,0,46.27,101.98,61.00,804.00,null,null,null
2023-09-13T02:42:03Z,26.54,60.10,99,0,41.76,101.97,59.00,791.00,null,null,null
2023-09-13T02:43:03Z,26.54,60.10,99,0,50.54,101.97,57.00,780.00,null,null,null
2023-09-13T02:44:03Z,26.54,60.13,99,0,42.99,101.97,59.00,791.00,null,null,null
2023-09-13T02:45:03Z,26.52,60.06,99,0,48.55,101.97,57.00,780.00,0,1,1
2023-09-13T02:46:03Z,26.54,59.89,99,0,43.07,101.97,56.00,772.00,null,null,null
2023-09-13T02:47:03Z,26.54,60.01,99,0,44.49,101.98,56.00,772.00,null,null,null
2023-09-13T02:48:03Z,26.56,60.03,99,0,42.50,101.98,56.00,772.00,null,null,null
2023-09-13T02:49:03Z,26.53,59.99,99,0,46.15,101.97,56.00,768.00,null,null,null
2023-09-13T02:50:03Z,26.53,60.01,99,0,45.25,101.97,53.00,754.00,0,0,0
2023-09-13T02:51:03Z,26.54,59.89,99,0,45.46,101.97,56.00,768.00,null,null,null
2023-09-13T02:52:03Z,26.54,59.98,99,0,47.33,101.98,56.00,768.00,null,null,null
2023-09-13T02:53:03Z,26.56,59.97,99,0,45.94,101.98,56.00,772.00,null,null,null
2023-09-13T02:54:03Z,26.54,60.03,99,0,44.52,101.98,56.00,772.00,null,null,null
2023-09-13T02:55:03Z,26.54,60.03,99,0,45.25,101.97,57.00,780.00,1,1,1
2023-09-13T02:56:03Z,26.53,59.92,99,0,45.62,101.97,56.00,768.00,null,null,null
2023-09-13T02:57:03Z,26.53,59.91,99,0,43.51,101.97,57.00,780.00,null,null,null
2023-09-13T02:58:03Z,26.53,59.95,99,0,46.01,101.97,59.00,791.00,null,null,null
2023-09-13T02:59:03Z,26.53,60.06,99,0,44.05,101.97,59.00,791.00,null,null,null
