TIME,TEMP,HUM,BATT,LIGHT,NOISE_A,PRESS,CCS811_VOCS,CCS811_ECO2,PM_1,PM_25,PM_10
ISO 8601,C,%,%,Lux,dBA,kPa,ppb,ppm,ug/m3,ug/m3,ug/m3
Time,Temperature,Humidity,Battery,Light,Noise dBA,Barometric pressure,VOC Gas CCS811,eCO2 Gas CCS811,PM 1.0,PM 2.5,PM 10.0
,55,56,10,14,53,58,113,112,89,87,88
2023-08-09T00:00:14Z,24.29,67.26,99,0,30.62,101.55,6.00,443.00,null,null,null
2023-08-09T00:01:14Z,24.32,67.21,99,0,26.31,101.55,5.00,439.00,null,null,null
2023-08-09T00:02:14Z,24.32,67.20,99,0,34.53,101.54,6.00,443.00,null,null,null
2023-08-09T00:03:14Z,24.32,67.11,98,0,27.53,101.55,6.00,443.00,null,null,null
2023-08-09T00:04:14Z,24.32,67.12,99,0,25.35,101.55,6.00,443.00,0,0,0
2023-08-09T00:05:14Z,24.31,67.33,99,0,24.65,101.55,5.00,438.00,null,null,null
2023-08-09T00:06:14Z,24.32,67.24,98,0,25.70,101.55,5.00,439.00,null,null,null
2023-08-09T00:07:14Z,24.32,67.20,99,0,25.65,101.55,6.00,443.00,null,null,null
2023-08-09T00:08:14Z,24.34,67.27,99,0,25.82,101.55,5.00,438.00,null,null,null
2023-08-09T00:09:14Z,24.31,67.24,98,0,44.92,101.55,5.00,434.00,0,0,0
2023-08-09T00:10:14Z,24.31,67.45,99,0,25.29,101.55,5.00,434.00,null,null,null
2023-08-09T00:11:14Z,24.34,67.35,99,0,23.40,101.55,5.00,438.00,null,null,null
2023-08-09T00:12:14Z,24.34,67.27,99,0,26.91,101.55,5.00,434.00,null,null,null
2023-08-09T00:13:14Z,24.34,67.28,99,0,27.64,101.55,4.00,427.00,null,null,null
2023-08-09T00:14:14Z,24.32,67.31,99,0,25.06,101.55,4.00,427.00,0,0,0
2023-08-09T00:15:14Z,24.35,67.46,99,0,26.00,101.55,4.00,427.00,null,null,null
2023-08-09T00:16:14Z,24.34,67.37,99,0,24.83,101.55,4.00,427.00,null,null,null
2023-08-09T00:17:14Z,24.29,67.32,99,0,26.08,101.55,4.00,427.00,null,null,null
2023-08-09T00:18:14Z,24.34,67.33,99,0,26.06,101.56,3.00,423.00,null,null,null
2023-08-09T00:19:14Z,24.32,67.24,98,0,24.68,101.55,3.00,423.00,0,0,0
2023-08-09T00:20:14Z,24.34,67.46,98,0,24.72,101.56,5.00,433.00,null,null,null
2023-08-09T00:21:14Z,24.35,67.39,99,0,35.68,101.56,3.00,423.00,null,null,null
2023-08-09T00:22:14Z,24.31,67.33,99,0,24.07,101.55,3.00,423.00,null,null,null
2023-08-09T00:23:14Z,24.34,67.30,99,0,30.37,101.55,3.00,423.00,null,null,null
2023-08-09T00:24:14Z,24.32,67.30,99,0,27.51,101.55,3.00,423.00,0,0,0
2023-08-09T00:25:14Z,24.35,67.38,99,0,23.10,101.55,2.00,418.00,null,null,null
2023-08-09T00:26:14Z,24.34,67.26,99,0,25.35,101.55,2.00,418.00,null,null,null
2023-08-09T00:27:14Z,24.32,67.26,98,0,49.99,101.55,2.00,418.00,null,null,null
2023-08-09T00:28:14Z,24.34,67.32,98,0,24.58,101.55,2.00,418.00,null,null,null
2023-08-09T00:29:14Z,24.31,67.30,99,0,27.77,101.55,2.00,418.00,0,0,0
2023-08-09T00:30:14Z,24.36,67.47,99,0,27.44,101.55,2.00,418.00,null,null,null
2023-08-09T00:31:14Z,24.36,67.40,99,0,27.44,101.55,2.00,418.00,null,null,null
2023-08-09T00:32:14Z,24.34,67.41,99,0,25.59,101.56,2.00,418.00,null,null,null
2023-08-09T00:33:14Z,24.34,67.48,98,0,25.59,101.56,2.00,418.00,null,null,null
2023-08-09T00:34:14Z,24.34,67.41,99,0,35.62,101.56,2.00,418.00,0,0,0
2023-08-09T00:35:14Z,24.32,67.63,98,0,25.84,101.56,2.00,418.00,null,null,null
2023-08-09T00:36:14Z,24.34,67.53,99,0,28.50,101.56,2.00,418.00,null,null,null
2023-08-09T00:37:14Z,24.35,67.52,98,0,23.59,101.56,2.00,418.00,null,null,null
2023-08-09T00:38:14Z,24.31,67.52,99,0,23.59,101.56,2.00,418.00,null,null,null
2023-08-09T00:39:14Z,24.31,67.54,99,0,30.51,101.56,2.00,414.00,0,0,0
2023-08-09T00:40:14Z,24.34,67.74,99,0,23.94,101.56,2.00,414.00,null,null,null
2023-08-09T00:41:14Z,24.35,67.58,98,0,26.08,101.56,2.00,414.00,null,null,null
2023-08-09T00:42:14Z,24.35,67.60,99,0,27.60,101.56,2.00,414.00,null,null,null
2023-08-09T00:43:14Z,24.34,67.58,99,0,25.35,101.56,2.00,414.00,null,null,null
2023-08-09T00:44:14Z,24.35,67.60,99,0,26.29,101.56,2.00,414.00,0,0,0
2023-08-09T00:45:14Z,24.35,67.85,99,0,28.47,101.56,2.00,414.00,null,null,null
2023-08-09T00:46:14Z,24.35,67.66,98,0,26.19,101.56,1.00,409.00,null,null,null
2023-08-09T00:47:14Z,24.35,67.64,98,0,25.67,101.56,1.00,410.00,null,null,null
2023-08-09T00:48:14Z,24.35,67.61,99,0,25.87,101.56,2.00,414.00,null,null,null
2023-08-09T00:49:14Z,24.31,67.62,99,0,49.14,101.56,1.00,410.00,0,0,0
2023-08-09T00:50:14Z,24.34,67.83,99,0,34.13,101.56,2.00,414.00,null,null,null
2023-08-09T00:51:14Z,24.35,67.69,99,0,27.18,101.56,0.00,406.00,null,null,null
2023-08-09T00:52:14Z,24.36,67.65,98,0,29.22,101.56,0.00,405.00,null,null,null
2023-08-09T00:53:14Z,24.34,67.69,99,0,23.40,101.57,1.00,410.00,null,null,null
2023-08-09T00:54:14Z,24.34,67.67,99,0,26.80,101.56,1.00,410.00,0,0,0
2023-08-09T00:55:14Z,24.35,67.88,99,0,25.00,101.57,1.00,410.00,null,null,null
2023-08-09T00:56:14Z,24.34,67.76,98,0,26.78,101.56,0.00,406.00,null,null,null
2023-08-09T00:57:14Z,24.35,67.69,99,0,28.19,101.57,0.00,400.00,null,null,null
2023-08-09T00:58:14Z,24.35,67.69,99,0,26.97,101.57,0.00,405.00,null,null,null
2023-08-09T00:59:14Z,24.35,67.70,99,0,25.38,101.57,0.00,405.00,0,0,0
2023-08-09T01:00:14Z,24.35,67.91,99,0,26.19,101.57,0.00,405.00,null,null,null
2023-08-09T01:01:14Z,24.35,67.81,98,0,25.84,101.57,0.00,400.00,null,null,null
2023-08-09T01:02:14Z,24.36,67.74,99,0,26.57,101.58,0.00,400.00,null,null,null
2023-08-09T01:03:14Z,24.35,67.78,98,0,28.58,101.58,1.00,410.00,null,null,null
2023-08-09T01:04:14Z,24.34,67.76,99,0,23.68,101.58,0.00,406.00,0,0,0
2023-08-09T01:05:14Z,24.35,67.95,99,0,28.71,101.58,0.00,406.00,null,null,null
2023-08-09T01:06:14Z,24.38,67.86,99,0,25.38,101.58,0.00,406.00,null,null,null
2023-08-09T01:07:14Z,24.35,67.83,99,0,29.91,101.58,1.00,409.00,null,null,null
2023-08-09T01:08:14Z,24.36,67.84,99,0,27.28,101.58,0.00,406.00,null,null,null
2023-08-09T01:09:14Z,24.35,67.75,99,0,24.35,101.58,0.00,406.00,0,0,0
2023-08-09T01:10:14Z,24.35,68.01,99,0,26.87,101.58,0.00,406.00,null,null,null
2023-08-09T01:11:14Z,24.36,67.85,98,0,26.06,101.58,1.00,409.00,null,null,null
2023-08-09T01:12:14Z,24.35,67.78,99,0,30.37,101.58,1.00,409.00,null,null,null
2023-08-09T01:13:14Z,24.36,67.83,98,0,27.24,101.58,1.00,409.00,null,null,null
2023-08-09T01:14:14Z,24.34,67.82,99,0,26.38,101.58,1.00,409.00,0,0,0
2023-08-09T01:15:14Z,24.38,67.98,99,0,27.47,101.58,1.00,409.00,null,null,null
2023-08-09T01:16:14Z,24.38,67.83,98,0,27.45,101.58,1.00,409.00,null,null,null
2023-08-09T01:17:14Z,24.36,67.85,98,0,25.62,101.58,1.00,409.00,null,null,null
2023-08-09T01:18:14Z,24.38,67.83,99,0,27.69,101.58,1.00,409.00,null,null,null
2023-08-09T01:19:14Z,24.36,67.81,98,0,27.02,101.58,1.00,409.00,0,0,0
2023-08-09T01:20:14Z,24.36,67.98,99,0,24.07,101.58,2.00,414.00,null,null,null
2023-08-09T01:21:14Z,24.36,67.88,99,0,25.65,101.58,1.00,409.00,null,null,null
2023-08-09T01:22:14Z,24.36,67.83,99,0,26.21,101.58,1.00,409.00,null,null,null
2023-08-09T01:23:14Z,24.36,67.83,99,0,31.07,101.59,1.00,409.00,null,null,null
2023-08-09T01:24:14Z,24.36,67.84,99,0,26.08,101.59,2.00,414.00,1,1,1
2023-08-09T01:25:14Z,24.38,67.96,99,0,29.96,101.59,2.00,414.00,null,null,null
2023-08-09T01:26:14Z,24.35,67.85,99,0,23.94,101.60,2.00,414.00,null,null,null
2023-08-09T01:27:14Z,24.38,67.83,99,0,29.17,101.60,2.00,414.00,null,null,null
2023-08-09T01:28:14Z,24.38,67.79,99,0,28.27,101.60,2.00,414.00,null,null,null
2023-08-09T01:29:14Z,24.35,67.76,99,0,28.07,101.60,1.00,409.00,0,0,0
2023-08-09T01:30:14Z,24.36,67.96,98,0,26.26,101.60,1.00,409.00,null,null,null
2023-08-09T01:31:14Z,24.36,67.84,99,0,25.32,101.60,1.00,409.00,null,null,null
2023-08-09T01:32:14Z,24.38,67.81,99,0,26.50,101.60,2.00,414.00,null,null,null
2023-08-09T01:33:14Z,24.36,67.77,98,0,26.91,101.60,2.00,414.00,null,null,null
2023-08-09T01:34:14Z,24.36,67.87,99,0,31.24,101.59,2.00,414.00,0,0,0
2023-08-09T01:35:14Z,24.38,68.04,99,0,38.46,101.60,2.00,414.00,null,null,null
2023-08-09T01:36:14Z,24.39,67.97,99,0,40.43,101.60,2.00,414.00,null,null,null
2023-08-09T01:37:14Z,24.38,67.88,98,0,27.08,101.60,1.00,409.00,null,null,null
2023-08-09T01:38:14Z,24.36,67.83,99,0,25.67,101.60,0.00,406.00,null,null,null
2023-08-09T01:39:14Z,24.36,67.87,99,0,28.19,101.60,0.00,406.00,0,0,0
2023-08-09T01:40:14Z,24.35,67.99,98,0,24.39,101.60,0.00,406.00,null,null,null
2023-08-09T01:41:14Z,24.39,67.91,98,0,24.07,101.60,1.00,409.00,null,null,null
2023-08-09T01:42:14Z,24.38,67.87,99,0,29.64,101.60,1.00,409.00,null,null,null
2023-08-09T01:43:14Z,24.35,67.89,99,0,26.80,101.60,1.00,409.00,null,null,null
2023-08-09T01:44:14Z,24.38,67.87,99,0,24.58,101.60,1.00,409.00,0,0,0
2023-08-09T01:45:14Z,24.39,68.03,98,0,25.38,101.61,0.00,406.00,null,null,null
2023-08-09T01:46:14Z,24.41,67.96,98,0,26.89,101.61,1.00,409.00,null,null,null
2023-08-09T01:47:14Z,24.36,67.93,98,0,26.16,101.60,1.00,409.00,null,null,null
2023-08-09T01:48:14Z,24.36,67.90,99,0,23.98,101.61,1.00,409.00,null,null,null
2023-08-09T01:49:14Z,24.35,67.90,98,0,26.26,101.61,1.00,409.00,0,0,0
2023-08-09T01:50:14Z,24.36,68.00,99,0,26.03,101.61,1.00,409.00,null,null,null
2023-08-09T01:51:14Z,24.38,67.88,99,0,24.23,101.61,0.00,406.00,null,null,null
2023-08-09T01:52:14Z,24.39,67.93,99,0,25.41,101.62,0.00,406.00,null,null,null
2023-08-09T01:53:14Z,24.36,67.88,99,0,24.27,101.62,0.00,406.00,null,null,null
2023-08-09T01:54:14Z,24.36,67.91,99,0,27.20,101.61,1.00,409.00,0,0,0
2023-08-09T01:55:14Z,24.38,68.00,99,0,26.93,101.62,0.00,406.00,null,null,null
2023-08-09T01:56:14Z,24.38,67.86,98,0,25.00,101.61,0.00,400.00,null,null,null
2023-08-09T01:57:14Z,24.41,67.89,99,0,24.54,101.62,0.00,400.00,null,null,null
2023-08-09T01:58:14Z,24.39,67.85,99,0,25.59,101.61,0.00,400.00,null,null,null
2023-08-09T01:59:14Z,24.36,67.85,99,0,23.98,101.62,0.00,400.00,0,0,0
2023-08-09T02:00:14Z,24.38,67.96,98,0,25.53,101.61,0.00,400.00,null,null,null
2023-08-09T02:01:14Z,24.39,67.87,99,0,26.53,101.62,0.00,400.00,null,null,null
2023-08-09T02:02:14Z,24.38,67.86,99,0,26.95,101.62,0.00,400.00,null,null,null
2023-08-09T02:03:14Z,24.39,67.87,99,0,26.84,101.62,0.00,400.00,null,null,null
2023-08-09T02:04:14Z,24.38,67.84,98,0,24.93,101.62,0.00,400.00,0,0,0
2023-08-09T02:05:14Z,24.39,67.94,99,0,26.93,101.62,0.00,400.00,null,null,null
2023-08-09T02:06:14Z,24.42,67.80,98,0,24.58,101.63,0.00,400.00,null,null,null
2023-08-09T02:07:14Z,24.39,67.76,98,0,27.75,101.63,0.00,400.00,null,null,null
2023-08-09T02:08:14Z,24.39,67.76,99,0,26.78,101.63,0.00,400.00,null,null,null
2023-08-09T02:09:14Z,24.38,67.78,99,0,26.14,101.63,0.00,400.00,0,0,0
2023-08-09T02:10:14Z,24.38,67.90,99,0,41.52,101.63,0.00,400.00,null,null,null
2023-08-09T02:11:14Z,24.36,67.77,98,0,25.92,101.63,0.00,400.00,null,null,null
2023-08-09T02:12:14Z,24.41,67.74,99,0,28.84,101.64,0.00,400.00,null,null,null
2023-08-09T02:13:14Z,24.41,67.75,98,0,26.29,101.64,0.00,405.00,null,null,null
2023-08-09T02:14:14Z,24.39,67.73,99,0,27.90,101.64,0.00,400.00,0,0,0
2023-08-09T02:15:14Z,24.39,67.89,99,0,26.50,101.64,0.00,405.00,null,null,null
2023-08-09T02:16:14Z,24.42,67.78,98,0,29.42,101.64,0.00,400.00,null,null,null
2023-08-09T02:17:14Z,24.39,67.74,99,0,26.24,101.64,0.00,400.00,null,null,null
2023-08-09T02:18:14Z,24.39,67.71,98,0,27.14,101.65,0.00,405.00,null,null,null
2023-08-09T02:19:14Z,24.39,67.72,99,0,26.43,101.64,0.00,400.00,0,0,0
2023-08-09T02:20:14Z,24.41,67.77,99,0,22.24,101.64,0.00,400.00,null,null,null
2023-08-09T02:21:14Z,24.39,67.70,98,0,26.73,101.64,0.00,400.00,null,null,null
2023-08-09T02:22:14Z,24.39,67.74,99,0,25.00,101.64,0.00,405.00,null,null,null
2023-08-09T02:23:14Z,24.36,67.70,99,0,26.14,101.64,0.00,405.00,null,null,null
2023-08-09T02:24:14Z,24.39,67.70,99,0,25.84,101.64,0.00,405.00,1,1,1
2023-08-09T02:25:14Z,24.41,67.77,99,0,24.65,101.64,0.00,400.00,null,null,null
2023-08-09T02:26:14Z,24.41,67.71,98,0,24.50,101.64,0.00,400.00,null,null,null
2023-08-09T02:27:14Z,24.41,67.68,98,0,23.15,101.65,0.00,405.00,null,null,null
2023-08-09T02:28:14Z,24.41,67.67,99,0,23.72,101.65,0.00,400.00,null,null,null
2023-08-09T02:29:14Z,24.36,67.63,99,0,26.69,101.65,0.00,405.00,0,0,0
2023-08-09T02:30:14Z,24.39,67.73,99,0,23.15,101.65,0.00,405.00,null,null,null
2023-08-09T02:31:14Z,24.39,67.62,99,0,25.50,101.65,0.00,400.00,null,null,null
2023-08-09T02:32:14Z,24.39,67.65,99,0,26.24,101.65,0.00,400.00,null,null,null
2023-08-09T02:33:14Z,24.39,67.60,99,0,26.71,101.65,0.00,402.00,null,null,null
2023-08-09T02:34:14Z,24.39,67.67,98,0,25.26,101.65,0.00,402.00,1,1,1
2023-08-09T02:35:14Z,24.41,67.88,99,0,26.08,101.66,0.00,402.00,null,null,null
2023-08-09T02:36:14Z,24.41,67.74,98,0,26.50,101.66,0.00,400.00,null,null,null
2023-08-09T02:37:14Z,24.41,67.70,99,0,24.65,101.66,0.00,405.00,null,null,null
2023-08-09T02:38:14Z,24.41,67.71,99,0,23.86,101.67,0.00,402.00,null,null,null
2023-08-09T02:39:14Z,24.39,67.69,98,0,28.31,101.66,0.00,402.00,0,0,0
2023-08-09T02:40:14Z,24.38,67.80,99,0,31.47,101.67,0.00,402.00,null,null,null
2023-08-09T02:41:14Z,24.38,67.77,98,0,25.16,101.66,0.00,400.00,null,null,null
2023-08-09T02:42:14Z,24.39,67.69,98,0,26.14,101.66,0.00,405.00,null,null,null
2023-08-09T02:43:14Z,24.42,67.66,99,0,24.76,101.66,1.00,409.00,null,null,null
2023-08-09T02:44:14Z,24.41,67.73,99,0,26.36,101.66,1.00,409.00,0,0,0
2023-08-09T02:45:14Z,24.39,67.93,98,0,26.80,101.66,1.00,407.00,null,null,null
2023-08-09T02:46:14Z,24.41,67.79,98,0,25.38,101.66,0.00,405.00,null,null,null
2023-08-09T02:47:14Z,24.41,67.75,99,0,25.00,101.66,0.00,405.00,null,null,null
2023-08-09T02:48:14Z,24.41,67.70,99,0,25.50,101.66,0.00,405.00,null,null,null
2023-08-09T02:49:14Z,24.41,67.72,99,0,26.41,101.66,1.00,409.00,0,0,0
2023-08-09T02:50:14Z,24.41,67.96,99,0,25.00,101.66,1.00,409.00,null,null,null
2023-08-09T02:51:14Z,24.42,67.86,99,0,25.84,101.65,0.00,405.00,null,null,null
2023-08-09T02:52:14Z,24.42,67.79,99,0,26.06,101.65,0.00,405.00,null,null,null
2023-08-09T02:53:14Z,24.42,67.78,99,0,24.86,101.65,0.00,405.00,null,null,null
2023-08-09T02:54:14Z,24.38,67.83,98,0,25.76,101.65,0.00,405.00,0,0,0
2023-08-09T02:55:14Z,24.42,67.92,99,0,24.27,101.65,0.00,405.00,null,null,null
2023-08-09T02:56:14Z,24.39,67.83,99,0,25.56,101.65,0.00,405.00,null,null,null
2023-08-09T02:57:14Z,24.41,67.79,99,0,27.06,101.65,0.00,402.00,null,null,null
2023-08-09T02:58:14Z,24.42,67.85,99,0,23.35,101.65,0.00,405.00,null,null,null
2023-08-09T02:59:14Z,24.39,67.84,98,0,26.71,101.65,1.00,409.00,0,0,0
