TIME,TEMP,HUM,BATT,LIGHT,NOISE_A,PRESS,CCS811_VOCS,CCS811_ECO2,PM_1,PM_25,PM_10
ISO 8601,C,%,%,Lux,dBA,kPa,ppb,ppm,ug/m3,ug/m3,ug/m3
Time,Temperature,Humidity,Battery,Light,Noise dBA,Barometric pressure,VOC Gas CCS811,eCO2 Gas CCS811,PM 1.0,PM 2.5,PM 10.0
,55,56,10,14,53,58,113,112,89,87,88
2023-08-26T00:00:03Z,22.84,57.62,100,0,30.55,101.01,14.00,493.00,1,1,1
2023-08-26T00:01:03Z,22.88,57.65,100,0,34.34,101.00,14.00,493.00,null,null,null
2023-08-26T00:02:03Z,22.88,57.74,100,0,32.07,101.01,14.00,493.00,null,null,null
2023-08-26T00:03:03Z,22.86,57.58,100,0,31.27,101.00,14.00,493.00,null,null,null
2023-08-26T00:04:03Z,22.87,57.65,100,0,31.86,101.00,14.00,493.00,null,null,null
2023-08-26T00:05:03Z,22.86,57.61,100,0,36.51,101.00,14.00,493.00,0,0,0
2023-08-26T00:06:03Z,22.86,57.63,100,0,30.82,101.00,13.00,486.00,null,null,null
2023-08-26T00:07:03Z,22.87,57.61,100,0,30.94,101.00,12.00,481.00,null,null,null
2023-08-26T00:08:03Z,22.84,57.55,100,0,31.99,101.00,11.00,477.00,null,null,null
2023-08-26T00:09:03Z,22.86,57.57,100,0,32.70,101.00,10.00,472.00,null,null,null
2023-08-26T00:10:03Z,22.81,57.58,100,0,33.44,101.00,10.00,472.00,0,0,0
2023-08-26T00:11:03Z,22.82,57.59,100,0,30.78,101.00,9.00,460.00,null,null,null
2023-08-26T00:12:03Z,22.82,57.57,100,0,31.42,101.00,9.00,460.00,null,null,null
2023-08-26T00:13:03Z,22.84,57.66,100,0,31.11,101.00,9.00,460.00,null,null,null
2023-08-26T00:14:03Z,22.81,57.62,100,0,30.72,101.00,9.00,460.00,null,null,null
2023-08-26T00:15:03Z,22.82,57.65,100,0,30.60,101.00,8.00,455.00,1,1,1
2023-08-26T00:16:03Z,22.81,57.64,100,0,31.35,101.00,7.00,450.00,null,null,null
2023-08-26T00:17:03Z,22.86,57.52,100,0,31.15,101.00,7.00,450.00,null,null,null
2023-08-26T00:18:03Z,22.82,57.79,100,0,31.24,100.99,7.00,450.00,null,null,null
2023-08-26T00:19:03Z,22.84,57.86,100,0,32.70,100.99,7.00,450.00,null,null,null
2023-08-26T00:20:03Z,22.79,57.74,100,0,30.76,100.99,8.00,455.00,2,2,2
2023-08-26T00:21:03Z,22.82,57.80,100,0,31.70,100.99,9.00,463.00,null,null,null
2023-08-26T00:22:03Z,22.82,57.76,100,0,31.27,100.99,9.00,464.00,null,null,null
2023-08-26T00:23:03Z,22.84,57.75,100,0,31.64,100.99,9.00,464.00,null,null,null
2023-08-26T00:24:03Z,22.82,57.82,100,0,31.77,100.99,10.00,472.00,null,null,null
2023-08-26T00:25:03Z,22.84,57.76,100,0,30.85,100.99,11.00,476.00,1,1,1
2023-08-26T00:26:03Z,22.86,57.74,100,0,31.01,100.99,11.00,476.00,null,null,null
2023-08-26T00:27:03Z,22.84,57.66,100,0,31.24,100.99,11.00,477.00,null,null,null
2023-08-26T00:28:03Z,22.82,57.70,100,0,30.98,100.99,11.00,477.00,null,null,null
2023-08-26T00:29:03Z,22.78,57.64,100,0,31.14,100.99,11.00,477.00,null,null,null
2023-08-26T00:30:03Z,22.79,57.82,100,0,32.68,100.98,9.00,463.00,0,0,0
2023-08-26T00:31:03Z,22.82,57.75,100,0,31.05,100.99,9.00,463.00,null,null,null
2023-08-26T00:32:03Z,22.82,57.76,100,0,30.71,100.98,10.00,472.00,null,null,null
2023-08-26T00:33:03Z,22.84,57.77,100,0,30.60,100.98,10.00,472.00,null,null,null
2023-08-26T00:34:03Z,22.81,57.82,100,0,30.74,100.98,10.00,472.00,null,null,null
2023-08-26T00:35:03Z,22.82,57.86,100,0,31.54,100.98,11.00,476.00,0,0,0
2023-08-26T00:36:03Z,22.84,57.74,100,0,30.55,100.98,10.00,472.00,null,null,null
2023-08-26T00:37:03Z,22.82,57.77,100,0,31.22,100.98,12.00,481.00,null,null,null
2023-08-26T00:38:03Z,22.81,57.82,100,0,30.40,100.98,11.00,476.00,null,null,null
2023-08-26T00:39:03Z,22.81,57.76,100,0,30.69,100.97,10.00,472.00,null,null,null
2023-08-26T00:40:03Z,22.81,57.87,100,0,30.50,100.98,10.00,472.00,2,2,2
2023-08-26T00:41:03Z,22.82,57.81,100,0,33.34,100.97,11.00,476.00,null,null,null
2023-08-26T00:42:03Z,22.82,57.82,100,0,30.65,100.97,10.00,472.00,null,null,null
2023-08-26T00:43:03Z,22.81,57.72,100,0,32.06,100.97,10.00,472.00,null,null,null
2023-08-26T00:44:03Z,22.82,57.86,100,0,30.87,100.97,10.00,472.00,null,null,null
2023-08-26T00:45:03Z,22.81,58.01,100,0,32.98,100.97,8.00,459.00,3,3,3
2023-08-26T00:46:03Z,22.81,58.00,100,0,36.00,100.98,9.00,464.00,null,null,null
2023-08-26T00:47:03Z,22.82,57.99,100,0,31.67,100.97,10.00,472.00,null,null,null
2023-08-26T00:48:03Z,22.84,58.03,100,0,30.85,100.97,10.00,472.00,null,null,null
2023-08-26T00:49:03Z,22.82,57.96,100,0,30.29,100.97,11.00,476.00,null,null,null
2023-08-26T00:50:03Z,22.82,57.99,100,0,34.13,100.97,11.00,476.00,1,1,1
2023-08-26T00:51:03Z,22.82,58.01,100,0,32.44,100.97,10.00,472.00,null,null,null
2023-08-26T00:52:03Z,22.82,57.94,100,0,35.31,100.97,10.00,472.00,null,null,null
2023-08-26T00:53:03Z,22.79,57.88,100,0,31.24,100.97,11.00,476.00,null,null,null
2023-08-26T00:54:03Z,22.84,57.88,100,0,31.54,100.97,11.00,476.00,null,null,null
2023-08-26T00:55:03Z,22.79,57.91,100,0,30.94,100.97,12.00,481.00,3,3,3
2023-08-26T00:56:03Z,22.82,58.08,100,0,30.31,100.97,10.00,472.00,null,null,null
2023-08-26T00:57:03Z,22.86,57.91,100,0,31.12,100.97,11.00,476.00,null,null,null
2023-08-26T00:58:03Z,22.84,57.93,100,0,31.45,100.97,12.00,481.00,null,null,null
2023-08-26T00:59:03Z,22.81,58.04,100,0,33.43,100.98,13.00,487.00,null,null,null
2023-08-26T01:00:03Z,22.81,57.99,100,0,30.59,100.97,12.00,481.00,2,2,2
2023-08-26T01:01:03Z,22.86,58.03,100,0,31.92,100.97,13.00,487.00,null,null,null
2023-08-26T01:02:03Z,22.87,57.94,100,0,30.68,100.97,13.00,487.00,null,null,null
2023-08-26T01:03:03Z,22.86,58.03,100,0,31.36,100.97,14.00,493.00,null,null,null
2023-08-26T01:04:03Z,22.84,58.00,100,0,31.49,100.97,14.00,493.00,null,null,null
2023-08-26T01:05:03Z,22.82,57.90,100,0,30.75,100.97,14.00,493.00,1,2,2
2023-08-26T01:06:03Z,22.86,57.85,100,0,31.26,100.97,13.00,487.00,null,null,null
2023-08-26T01:07:03Z,22.86,57.81,100,0,31.04,100.97,12.00,481.00,null,null,null
2023-08-26T01:08:03Z,22.86,57.94,100,0,33.57,100.98,12.00,481.00,null,null,null
2023-08-26T01:09:03Z,22.82,58.02,100,0,30.85,100.97,13.00,487.00,null,null,null
2023-08-26T01:10:03Z,22.82,58.03,100,0,30.77,100.97,12.00,481.00,0,2,2
2023-08-26T01:11:03Z,22.82,58.03,100,0,31.26,100.97,12.00,481.00,null,null,null
2023-08-26T01:12:03Z,22.86,57.93,100,0,30.85,100.97,12.00,481.00,null,null,null
2023-08-26T01:13:03Z,22.86,58.02,100,0,35.42,100.97,12.00,481.00,null,null,null
2023-08-26T01:14:03Z,22.87,58.00,100,0,30.91,100.97,12.00,481.00,null,null,null
2023-08-26T01:15:03Z,22.82,58.04,100,0,31.35,100.97,13.00,487.00,1,1,1
2023-08-26T01:16:03Z,22.82,57.98,100,0,33.07,100.97,12.00,481.00,null,null,null
2023-08-26T01:17:03Z,22.87,57.87,100,0,32.70,100.97,13.00,487.00,null,null,null
2023-08-26T01:18:03Z,22.84,57.94,100,0,31.31,100.97,12.00,481.00,null,null,null
2023-08-26T01:19:03Z,22.86,57.85,100,0,31.53,100.97,12.00,481.00,null,null,null
2023-08-26T01:20:03Z,22.82,58.01,100,0,34.03,100.97,12.00,481.00,0,0,0
2023-08-26T01:21:03Z,22.84,57.91,100,0,34.71,100.97,11.00,476.00,null,null,null
2023-08-26T01:22:03Z,22.87,57.97,100,0,30.89,100.97,11.00,476.00,null,null,null
2023-08-26T01:23:03Z,22.86,57.96,100,0,32.10,100.97,10.00,472.00,null,null,null
2023-08-26T01:24:03Z,22.86,58.16,100,0,30.95,100.97,10.00,472.00,null,null,null
2023-08-26T01:25:03Z,22.82,58.16,100,0,31.27,100.97,11.00,476.00,3,4,4
2023-08-26T01:26:03Z,22.84,58.09,100,0,31.50,100.97,11.00,476.00,null,null,null
2023-08-26T01:27:03Z,22.82,58.00,100,0,32.09,100.97,11.00,476.00,null,null,null
2023-08-26T01:28:03Z,22.86,57.97,100,0,31.35,100.97,12.00,481.00,null,null,null
2023-08-26T01:29:03Z,22.84,57.99,100,0,30.82,100.97,12.00,481.00,null,null,null
2023-08-26T01:30:03Z,22.79,57.91,100,0,31.11,100.97,11.00,476.00,0,0,0
2023-08-26T01:31:03Z,22.84,57.93,100,0,30.82,100.97,11.00,476.00,null,null,null
2023-08-26T01:32:03Z,22.84,57.84,100,0,33.09,100.97,10.00,472.00,null,null,null
2023-08-26T01:33:03Z,22.86,57.79,100,0,33.22,100.97,8.00,459.00,null,null,null
2023-08-26T01:34:03Z,22.82,57.80,100,0,32.24,100.97,8.00,459.00,null,null,null
2023-08-26T01:35:03Z,22.81,57.85,100,0,31.82,100.96,8.00,459.00,2,2,2
2023-08-26T01:36:03Z,22.87,57.88,100,0,31.07,100.97,7.00,450.00,null,null,null
2023-08-26T01:37:03Z,22.84,58.03,100,0,33.65,100.97,8.00,459.00,null,null,null
2023-08-26T01:38:03Z,22.82,57.95,100,0,30.83,100.97,8.00,459.00,null,null,null
2023-08-26T01:39:03Z,22.82,57.86,100,0,30.43,100.96,8.00,459.00,null,null,null
2023-08-26T01:40:03Z,22.79,58.09,100,0,36.52,100.96,8.00,459.00,0,0,15
2023-08-26T01:41:03Z,22.82,57.98,100,0,31.38,100.96,7.00,450.00,null,null,null
2023-08-26T01:42:03Z,22.81,58.20,100,0,30.47,100.96,8.00,459.00,null,null,null
2023-08-26T01:43:03Z,22.84,58.21,100,0,30.73,100.96,8.00,459.00,null,null,null
2023-08-26T01:44:03Z,22.84,58.05,100,0,30.60,100.96,9.00,464.00,null,null,null
2023-08-26T01:45:03Z,22.81,58.05,100,0,31.79,100.96,9.00,464.00,0,0,0
2023-08-26T01:46:03Z,22.84,58.07,100,0,31.39,100.96,9.00,464.00,null,null,null
2023-08-26T01:47:03Z,22.82,58.15,100,0,31.62,100.96,10.00,472.00,null,null,null
2023-08-26T01:48:03Z,22.82,58.08,100,0,29.95,100.96,10.00,472.00,null,null,null
2023-08-26T01:49:03Z,22.82,58.05,100,0,32.05,100.96,10.00,472.00,null,null,null
2023-08-26T01:50:03Z,22.82,58.11,100,0,31.62,100.96,10.00,472.00,0,0,0
2023-08-26T01:51:03Z,22.86,58.05,100,0,30.66,100.96,10.00,472.00,null,null,null
2023-08-26T01:52:03Z,22.82,58.11,100,0,30.27,100.96,10.00,472.00,null,null,null
2023-08-26T01:53:03Z,22.84,58.04,100,0,37.39,100.96,11.00,476.00,null,null,null
2023-08-26T01:54:03Z,22.84,57.99,100,0,30.91,100.96,11.00,476.00,null,null,null
2023-08-26T01:55:03Z,22.81,58.05,100,0,32.38,100.95,9.00,464.00,0,0,0
2023-08-26T01:56:03Z,22.84,58.13,100,0,31.07,100.95,9.00,464.00,null,null,null
2023-08-26T01:57:03Z,22.84,57.92,100,0,31.13,100.95,11.00,476.00,null,null,null
2023-08-26T01:58:03Z,22.86,58.06,100,0,31.23,100.95,11.00,476.00,null,null,null
2023-08-26T01:59:03Z,22.79,57.99,100,0,30.75,100.95,11.00,476.00,null,null,null
2023-08-26T02:00:03Z,22.79,58.02,100,0,30.62,100.94,11.00,476.00,2,2,2
2023-08-26T02:01:03Z,22.81,57.98,100,0,37.34,100.95,9.00,464.00,null,null,null
2023-08-26T02:02:03Z,22.84,58.00,100,0,31.28,100.94,10.00,472.00,null,null,null
2023-08-26T02:03:03Z,22.86,58.09,100,0,30.53,100.94,10.00,472.00,null,null,null
2023-08-26T02:04:03Z,22.81,58.01,100,0,34.81,100.94,11.00,476.00,null,null,null
2023-08-26T02:05:03Z,22.81,58.04,100,0,31.57,100.93,11.00,476.00,1,1,12
2023-08-26T02:06:03Z,22.84,58.12,100,0,31.24,100.94,11.00,476.00,null,null,null
2023-08-26T02:07:03Z,22.84,58.10,100,0,30.93,100.94,12.00,481.00,null,null,null
2023-08-26T02:08:03Z,22.86,58.03,100,0,31.44,100.94,12.00,481.00,null,null,null
2023-08-26T02:09:03Z,22.82,58.05,100,0,32.24,100.93,12.00,481.00,null,null,null
2023-08-26T02:10:03Z,22.82,58.10,100,0,30.82,100.93,12.00,481.00,0,0,15
2023-08-26T02:11:03Z,22.82,58.01,100,0,30.55,100.93,13.00,487.00,null,null,null
2023-08-26T02:12:03Z,22.82,57.90,100,0,30.90,100.93,11.00,476.00,null,null,null
2023-08-26T02:13:03Z,22.82,57.94,100,0,30.91,100.93,11.00,476.00,null,null,null
2023-08-26T02:14:03Z,22.79,57.87,100,0,30.79,100.93,9.00,464.00,null,null,null
2023-08-26T02:15:03Z,22.79,57.84,100,0,31.47,100.94,8.00,459.00,0,0,0
2023-08-26T02:16:03Z,22.79,58.10,100,0,32.62,100.94,8.00,455.00,null,null,null
2023-08-26T02:17:03Z,22.79,58.12,100,0,30.57,100.94,8.00,455.00,null,null,null
2023-08-26T02:18:03Z,22.82,58.10,100,0,33.12,100.94,8.00,459.00,null,null,null
2023-08-26T02:19:03Z,22.77,58.05,100,0,31.67,100.93,8.00,459.00,null,null,null
2023-08-26T02:20:03Z,22.79,58.06,100,0,30.57,100.94,9.00,464.00,1,1,1
2023-08-26T02:21:03Z,22.81,58.07,100,0,33.07,100.94,8.00,459.00,null,null,null
2023-08-26T02:22:03Z,22.82,58.05,100,0,32.05,100.94,9.00,464.00,null,null,null
2023-08-26T02:23:03Z,22.81,57.95,100,0,31.54,100.94,9.00,464.00,null,null,null
2023-08-26T02:24:03Z,22.79,57.96,100,0,34.58,100.94,10.00,472.00,null,null,null
2023-08-26T02:25:03Z,22.77,58.00,100,0,31.26,100.94,9.00,464.00,2,2,2
2023-08-26T02:26:03Z,22.81,57.99,100,0,30.54,100.93,8.00,459.00,null,null,null
2023-08-26T02:27:03Z,22.79,57.91,100,0,30.83,100.93,8.00,455.00,null,null,null
2023-08-26T02:28:03Z,22.81,57.87,100,0,31.57,100.93,7.00,450.00,null,null,null
2023-08-26T02:29:03Z,22.78,57.87,100,0,32.70,100.94,6.00,445.00,null,null,null
2023-08-26T02:30:03Z,22.75,57.91,100,0,30.65,100.93,6.00,441.00,0,0,0
2023-08-26T02:31:03Z,22.78,57.83,100,0,30.62,100.94,5.00,435.00,null,null,null
2023-08-26T02:32:03Z,22.78,57.85,100,0,30.88,100.94,5.00,435.00,null,null,null
2023-08-26T02:33:03Z,22.77,58.03,100,0,31.58,100.94,4.00,432.00,null,null,null
2023-08-26T02:34:03Z,22.74,58.09,100,0,33.42,100.94,5.00,435.00,null,null,null
2023-08-26T02:35:03Z,22.77,58.03,100,0,30.68,100.93,12.00,480.00,0,0,0
2023-08-26T02:36:03Z,22.78,57.97,100,0,30.97,100.93,5.00,435.00,null,null,null
2023-08-26T02:37:03Z,22.78,57.93,100,0,32.60,100.93,4.00,432.00,null,null,null
2023-08-26T02:38:03Z,22.77,58.04,100,0,30.78,100.93,4.00,432.00,null,null,null
2023-08-26T02:39:03Z,22.75,58.03,100,0,31.33,100.93,5.00,435.00,null,null,null
2023-08-26T02:40:03Z,22.74,58.08,100,0,31.84,100.93,5.00,435.00,1,1,1
2023-08-26T02:41:03Z,22.75,58.00,100,0,30.20,100.93,10.00,470.00,null,null,null
2023-08-26T02:42:03Z,22.75,57.98,100,0,32.89,100.93,8.00,455.00,null,null,null
2023-08-26T02:43:03Z,22.77,58.14,100,0,31.74,100.93,8.00,459.00,null,null,null
2023-08-26T02:44:03Z,22.77,58.15,100,0,31.38,100.92,10.00,472.00,null,null,null
2023-08-26T02:45:03Z,22.75,58.11,100,0,31.37,100.92,11.00,476.00,2,2,2
2023-08-26T02:46:03Z,22.75,58.21,100,0,31.56,100.92,11.00,476.00,null,null,null
2023-08-26T02:47:03Z,22.75,58.16,100,0,30.77,100.93,13.00,487.00,null,null,null
2023-08-26T02:48:03Z,22.77,58.02,100,0,31.21,100.93,13.00,487.00,null,null,null
2023-08-26T02:49:03Z,22.75,58.04,100,0,31.24,100.93,13.00,487.00,null,null,null
2023-08-26T02:50:03Z,22.75,58.15,100,0,30.69,100.93,13.00,487.00,0,0,0
2023-08-26T02:51:03Z,22.75,58.20,100,0,30.17,100.94,14.00,493.00,null,null,null
2023-08-26T02:52:03Z,22.77,58.07,100,0,31.46,100.94,14.00,493.00,null,null,null
2023-08-26T02:53:03Z,22.77,58.04,100,0,31.36,100.94,14.00,493.00,null,null,null
2023-08-26T02:54:03Z,22.78,58.15,100,0,31.14,100.94,14.00,493.00,null,null,null
2023-08-26T02:55:03Z,22.74,58.11,100,0,31.38,100.94,14.00,493.00,1,1,1
2023-08-26T02:56:03Z,22.77,58.13,100,0,31.16,100.94,22.00,545.00,null,null,null
2023-08-26T02:57:03Z,22.78,58.06,100,0,32.15,100.94,14.00,493.00,null,null,null
2023-08-26T02:58:03Z,22.75,58.23,100,0,32.11,100.94,13.00,487.00,null,null,null
2023-08-26T02:59:03Z,22.77,58.22,100,0,35.11,100.94,13.00,487.00,null,null,null
