TIME,TEMP,HUM,BATT,LIGHT,NOISE_A,PRESS,CCS811_VOCS,CCS811_ECO2,PM_1,PM_25,PM_10
ISO 8601,C,%,%,Lux,dBA,kPa,ppb,ppm,ug/m3,ug/m3,ug/m3
Time,Temperature,Humidity,Battery,Light,Noise dBA,Barometric pressure,VOC Gas CCS811,eCO2 Gas CCS811,PM 1.0,PM 2.5,PM 10.0
,55,56,10,14,53,58,113,112,89,87,88
2023-07-28T00:00:43Z,21.17,74.87,99,0,29.99,100.62,2.00,418.00,2,2,2
2023-07-28T00:01:43Z,21.17,74.86,99,0,30.43,100.62,1.00,409.00,null,null,null
2023-07-28T00:02:53Z,21.18,74.81,99,0,31.11,100.61,2.00,414.00,null,null,null
2023-07-28T00:03:53Z,21.17,74.90,99,0,30.23,100.62,2.00,414.00,null,null,null
2023-07-28T00:04:53Z,21.18,74.76,99,0,31.79,100.62,2.00,418.00,null,null,null
2023-07-28T00:05:53Z,21.14,74.81,99,0,30.91,100.62,2.00,418.00,6,6,6
2023-07-28T00:06:53Z,21.20,74.86,99,0,31.01,100.61,2.00,418.00,null,null,null
2023-07-28T00:07:53Z,21.18,74.83,99,0,30.93,100.62,2.00,418.00,null,null,null
2023-07-28T00:08:53Z,21.14,74.85,99,0,31.03,100.62,2.00,418.00,null,null,null
2023-07-28T00:09:53Z,21.16,74.88,99,0,29.70,100.62,2.00,418.00,null,null,null
2023-07-28T00:10:53Z,21.13,74.84,99,0,31.75,100.62,3.00,422.00,10,13,13
2023-07-28T00:11:53Z,21.16,74.84,99,0,30.80,100.62,2.00,417.00,null,null,null
2023-07-28T00:12:53Z,21.16,74.71,99,0,30.13,100.62,1.00,413.00,null,null,null
2023-07-28T00:13:53Z,21.16,74.73,99,0,32.42,100.63,2.00,416.00,null,null,null
2023-07-28T00:14:53Z,21.13,74.76,99,0,30.83,100.63,2.00,416.00,null,null,null
2023-07-28T00:15:53Z,21.13,74.88,99,0,30.86,100.63,3.00,425.00,12,12,12
2023-07-28T00:16:53Z,21.13,74.98,99,0,31.35,100.63,2.00,417.00,null,null,null
2023-07-28T00:18:03Z,21.13,74.78,99,0,29.60,100.63,3.00,424.00,null,null,null
2023-07-28T00:19:03Z,21.16,74.80,99,0,31.85,100.62,3.00,424.00,null,null,null
2023-07-28T00:20:03Z,21.14,74.80,99,0,31.92,100.62,3.00,424.00,null,null,null
2023-07-28T00:21:03Z,21.14,74.74,99,0,30.35,100.63,3.00,424.00,7,8,8
2023-07-28T00:22:03Z,21.16,74.77,99,0,31.17,100.62,3.00,423.00,null,null,null
2023-07-28T00:23:03Z,21.16,74.78,99,0,30.63,100.62,3.00,424.00,null,null,null
2023-07-28T00:24:03Z,21.16,74.78,99,0,30.46,100.63,4.00,428.00,null,null,null
2023-07-28T00:25:03Z,21.13,74.91,99,0,31.46,100.62,5.00,434.00,null,null,null
2023-07-28T00:26:03Z,21.13,74.95,99,0,30.41,100.62,5.00,434.00,5,7,7
2023-07-28T00:27:03Z,21.12,74.88,99,0,31.08,100.62,5.00,434.00,null,null,null
2023-07-28T00:28:03Z,21.14,74.77,99,0,30.65,100.62,4.00,427.00,null,null,null
2023-07-28T00:29:03Z,21.13,74.96,99,0,30.54,100.62,4.00,427.00,null,null,null
2023-07-28T00:30:03Z,21.12,74.96,99,0,30.19,100.62,3.00,423.00,null,null,null
2023-07-28T00:31:03Z,21.07,75.03,99,0,30.43,100.63,2.00,418.00,6,11,11
2023-07-28T00:32:03Z,21.12,75.18,99,0,30.27,100.62,2.00,418.00,null,null,null
2023-07-28T00:33:13Z,21.12,75.09,99,0,30.76,100.62,3.00,423.00,null,null,null
2023-07-28T00:34:13Z,21.10,75.15,99,0,30.62,100.62,3.00,423.00,null,null,null
2023-07-28T00:35:13Z,21.10,74.99,99,0,30.73,100.62,2.00,414.00,null,null,null
2023-07-28T00:36:13Z,21.12,75.07,99,0,30.63,100.62,2.00,414.00,6,7,7
2023-07-28T00:37:13Z,21.10,75.09,99,0,30.80,100.62,2.00,416.00,null,null,null
2023-07-28T00:38:13Z,21.12,74.99,99,0,31.07,100.62,1.00,411.00,null,null,null
2023-07-28T00:39:13Z,21.12,74.93,99,0,30.54,100.62,1.00,411.00,null,null,null
2023-07-28T00:40:13Z,21.07,75.08,99,0,29.84,100.62,1.00,407.00,null,null,null
2023-07-28T00:41:13Z,21.09,74.98,99,0,30.95,100.62,1.00,407.00,2,2,17
2023-07-28T00:42:13Z,21.07,75.03,99,0,30.63,100.62,1.00,407.00,null,null,null
2023-07-28T00:43:13Z,21.06,75.08,99,0,30.37,100.62,1.00,411.00,null,null,null
2023-07-28T00:44:13Z,21.07,75.03,99,0,31.04,100.62,1.00,411.00,null,null,null
2023-07-28T00:45:13Z,21.05,75.09,99,0,30.57,100.62,1.00,410.00,null,null,null
2023-07-28T00:46:13Z,21.06,75.11,99,0,30.45,100.62,1.00,410.00,10,13,13
2023-07-28T00:47:13Z,21.09,75.18,99,0,30.43,100.62,0.00,406.00,null,null,null
2023-07-28T00:48:23Z,21.06,75.02,99,0,32.58,100.61,0.00,406.00,null,null,null
2023-07-28T00:49:23Z,21.07,74.95,99,0,30.26,100.62,2.00,415.00,null,null,null
2023-07-28T00:50:23Z,21.09,75.06,99,0,29.92,100.62,3.00,420.00,null,null,null
2023-07-28T00:51:23Z,21.09,75.06,99,0,30.64,100.62,3.00,422.00,4,4,4
2023-07-28T00:52:23Z,21.12,75.12,99,0,31.27,100.62,1.00,413.00,null,null,null
2023-07-28T00:53:23Z,21.07,75.02,99,0,30.64,100.63,1.00,413.00,null,null,null
2023-07-28T00:54:23Z,21.09,75.02,99,0,30.02,100.62,1.00,413.00,null,null,null
2023-07-28T00:55:23Z,21.09,75.11,99,0,30.55,100.63,1.00,413.00,null,null,null
2023-07-28T00:56:23Z,21.05,75.01,99,0,31.51,100.63,2.00,417.00,7,7,7
2023-07-28T00:57:23Z,21.07,75.08,99,0,30.96,100.63,1.00,408.00,null,null,null
2023-07-28T00:58:23Z,21.06,75.04,99,0,30.14,100.63,1.00,407.00,null,null,null
2023-07-28T00:59:23Z,21.06,75.02,99,0,30.80,100.63,1.00,407.00,null,null,null
2023-07-28T01:00:23Z,21.05,75.00,99,0,30.02,100.63,1.00,407.00,null,null,null
2023-07-28T01:01:23Z,21.06,74.96,99,0,30.50,100.63,1.00,407.00,5,5,5
2023-07-28T01:02:23Z,21.05,74.93,99,0,30.32,100.64,0.00,402.00,null,null,null
2023-07-28T01:03:33Z,21.06,74.89,99,0,30.96,100.63,1.00,407.00,null,null,null
2023-07-28T01:04:33Z,21.06,74.95,99,0,30.69,100.63,1.00,410.00,null,null,null
2023-07-28T01:05:33Z,21.07,74.93,99,0,30.22,100.63,2.00,415.00,null,null,null
2023-07-28T01:06:33Z,21.06,74.96,99,0,30.65,100.63,2.00,415.00,8,10,10
2023-07-28T01:07:33Z,21.07,75.04,99,0,30.90,100.63,2.00,415.00,null,null,null
2023-07-28T01:08:33Z,21.06,74.94,99,0,31.01,100.63,2.00,415.00,null,null,null
2023-07-28T01:09:33Z,21.05,74.92,99,0,30.35,100.63,2.00,415.00,null,null,null
2023-07-28T01:10:33Z,21.02,74.90,99,0,30.68,100.63,3.00,420.00,null,null,null
2023-07-28T01:11:33Z,21.06,74.97,99,0,30.81,100.62,2.00,415.00,10,12,12
2023-07-28T01:12:33Z,21.03,74.97,99,0,31.55,100.63,2.00,414.00,null,null,null
2023-07-28T01:13:33Z,21.02,74.99,99,0,30.58,100.63,2.00,414.00,null,null,null
2023-07-28T01:14:33Z,21.00,74.97,99,0,31.38,100.63,2.00,414.00,null,null,null
2023-07-28T01:15:33Z,21.03,74.82,99,0,31.93,100.63,2.00,418.00,null,null,null
2023-07-28T01:16:33Z,20.99,74.93,99,0,30.84,100.63,2.00,418.00,3,8,8
2023-07-28T01:17:33Z,21.02,74.90,99,0,31.99,100.62,2.00,414.00,null,null,null
2023-07-28T01:18:43Z,21.05,74.55,99,0,31.08,100.63,0.00,400.00,null,null,null
2023-07-28T01:19:43Z,21.03,74.43,99,0,31.04,100.63,0.00,403.00,null,null,null
2023-07-28T01:20:43Z,21.02,74.37,99,0,30.72,100.63,1.00,408.00,null,null,null
2023-07-28T01:21:43Z,21.03,74.38,99,0,30.96,100.63,2.00,417.00,1,1,1
2023-07-28T01:22:43Z,21.05,74.26,99,0,31.26,100.63,2.00,417.00,null,null,null
2023-07-28T01:23:43Z,21.06,74.38,99,0,30.07,100.64,3.00,422.00,null,null,null
2023-07-28T01:24:43Z,21.06,74.57,99,0,30.87,100.63,3.00,422.00,null,null,null
2023-07-28T01:25:43Z,21.03,74.49,99,0,30.36,100.63,2.00,417.00,null,null,null
2023-07-28T01:26:43Z,21.03,74.61,99,0,29.88,100.64,3.00,422.00,5,5,5
2023-07-28T01:27:43Z,21.02,74.69,99,0,30.77,100.63,2.00,417.00,null,null,null
2023-07-28T01:28:43Z,21.03,74.46,99,0,30.09,100.63,3.00,422.00,null,null,null
2023-07-28T01:29:43Z,21.02,74.48,99,0,30.97,100.63,3.00,422.00,null,null,null
2023-07-28T01:30:43Z,21.00,74.52,99,0,30.66,100.64,3.00,422.00,null,null,null
2023-07-28T01:31:43Z,20.99,74.46,99,0,30.72,100.63,3.00,422.00,4,4,4
2023-07-28T01:32:43Z,20.97,74.42,99,0,30.93,100.64,2.00,416.00,null,null,null
2023-07-28T01:33:53Z,21.00,74.35,99,0,30.63,100.64,1.00,411.00,null,null,null
2023-07-28T01:34:53Z,20.99,74.37,99,0,31.18,100.64,3.00,425.00,null,null,null
2023-07-28T01:35:53Z,21.02,74.24,99,0,31.04,100.64,2.00,416.00,null,null,null
2023-07-28T01:36:53Z,20.99,74.19,99,0,32.54,100.64,2.00,416.00,3,3,3
2023-07-28T01:37:53Z,21.00,74.16,99,0,30.09,100.64,3.00,420.00,null,null,null
2023-07-28T01:38:53Z,20.99,74.22,99,0,29.69,100.64,3.00,420.00,null,null,null
2023-07-28T01:39:53Z,20.97,74.08,99,0,30.07,100.64,1.00,413.00,null,null,null
2023-07-28T01:40:53Z,20.99,74.07,99,0,30.13,100.64,1.00,413.00,null,null,null
2023-07-28T01:41:53Z,20.96,74.07,99,0,31.27,100.64,1.00,413.00,4,4,4
2023-07-28T01:42:53Z,20.97,73.97,99,0,30.33,100.64,0.00,403.00,null,null,null
2023-07-28T01:43:53Z,20.96,73.81,99,0,30.39,100.64,0.00,400.00,null,null,null
2023-07-28T01:44:53Z,20.97,73.68,99,0,30.76,100.64,0.00,400.00,null,null,null
2023-07-28T01:45:53Z,20.95,73.76,99,0,30.36,100.64,1.00,408.00,null,null,null
2023-07-28T01:46:53Z,20.92,73.71,99,0,30.58,100.64,1.00,409.00,2,2,2
2023-07-28T01:47:53Z,20.95,73.73,99,0,30.38,100.64,1.00,413.00,null,null,null
2023-07-28T01:49:03Z,20.96,73.82,99,0,30.45,100.64,2.00,417.00,null,null,null
2023-07-28T01:50:03Z,20.95,73.79,100,0,30.85,100.64,2.00,414.00,null,null,null
2023-07-28T01:51:03Z,20.95,73.74,99,0,30.88,100.64,3.00,423.00,null,null,null
2023-07-28T01:52:03Z,20.95,73.76,99,0,30.08,100.64,3.00,426.00,0,0,0
2023-07-28T01:53:03Z,20.96,73.68,99,0,30.40,100.64,2.00,418.00,null,null,null
2023-07-28T01:54:03Z,20.96,73.64,99,0,30.38,100.64,3.00,426.00,null,null,null
2023-07-28T01:55:03Z,20.93,73.65,99,0,30.16,100.64,3.00,422.00,null,null,null
2023-07-28T01:56:03Z,20.95,73.74,99,0,30.03,100.64,3.00,426.00,null,null,null
2023-07-28T01:57:03Z,20.89,73.69,99,0,30.22,100.64,3.00,426.00,5,5,5
2023-07-28T01:58:03Z,20.93,73.70,99,0,31.59,100.64,2.00,417.00,null,null,null
2023-07-28T01:59:03Z,20.93,73.64,99,0,30.76,100.64,3.00,421.00,null,null,null
2023-07-28T02:00:03Z,20.90,73.51,99,0,31.35,100.64,3.00,421.00,null,null,null
2023-07-28T02:01:03Z,20.92,73.60,99,0,30.58,100.64,3.00,421.00,null,null,null
2023-07-28T02:02:03Z,20.89,73.68,99,0,31.13,100.64,3.00,425.00,0,0,0
2023-07-28T02:03:03Z,20.89,73.70,99,0,29.78,100.64,3.00,421.00,null,null,null
2023-07-28T02:04:13Z,20.90,73.63,99,0,32.63,100.64,3.00,421.00,null,null,null
2023-07-28T02:05:13Z,20.89,73.51,99,0,30.97,100.64,3.00,421.00,null,null,null
2023-07-28T02:06:13Z,20.92,73.43,99,0,30.61,100.63,1.00,409.00,null,null,null
2023-07-28T02:07:13Z,20.88,73.33,99,0,31.99,100.63,0.00,405.00,0,0,0
2023-07-28T02:08:13Z,20.90,73.35,99,0,31.20,100.63,0.00,400.00,null,null,null
2023-07-28T02:09:13Z,20.88,73.25,99,0,31.22,100.63,1.00,409.00,null,null,null
2023-07-28T02:10:13Z,20.88,73.21,99,0,29.99,100.63,1.00,409.00,null,null,null
2023-07-28T02:11:13Z,20.89,73.27,99,0,30.20,100.63,1.00,409.00,null,null,null
2023-07-28T02:12:13Z,20.86,73.31,99,0,30.65,100.63,2.00,418.00,2,2,2
2023-07-28T02:13:13Z,20.85,73.40,100,0,31.49,100.63,2.00,414.00,null,null,null
2023-07-28T02:14:13Z,20.86,73.33,99,0,30.46,100.63,2.00,418.00,null,null,null
2023-07-28T02:15:13Z,20.86,73.37,99,0,30.68,100.63,2.00,414.00,null,null,null
2023-07-28T02:16:13Z,20.86,73.39,99,0,31.31,100.63,2.00,414.00,null,null,null
2023-07-28T02:17:13Z,20.84,73.42,99,0,30.65,100.63,2.00,418.00,1,1,1
2023-07-28T02:18:13Z,20.88,73.42,99,0,30.54,100.63,2.00,418.00,null,null,null
2023-07-28T02:19:23Z,20.82,73.42,99,0,30.40,100.63,2.00,418.00,null,null,null
2023-07-28T02:20:23Z,20.85,73.40,99,0,31.82,100.63,3.00,423.00,null,null,null
2023-07-28T02:21:23Z,20.88,73.38,99,0,29.90,100.63,3.00,423.00,null,null,null
2023-07-28T02:22:23Z,20.86,73.33,99,0,30.37,100.62,3.00,426.00,0,0,0
2023-07-28T02:23:23Z,20.86,73.37,99,0,30.70,100.63,3.00,422.00,null,null,null
2023-07-28T02:24:23Z,20.84,73.29,99,0,31.62,100.62,2.00,417.00,null,null,null
2023-07-28T02:25:23Z,20.86,73.29,99,0,30.49,100.62,3.00,422.00,null,null,null
2023-07-28T02:26:23Z,20.82,73.35,99,0,30.13,100.62,2.00,417.00,null,null,null
2023-07-28T02:27:23Z,20.81,73.29,99,0,30.62,100.62,2.00,417.00,0,0,0
2023-07-28T02:28:23Z,20.81,73.28,99,0,30.28,100.62,2.00,417.00,null,null,null
2023-07-28T02:29:23Z,20.82,73.18,99,0,30.65,100.63,2.00,415.00,null,null,null
2023-07-28T02:30:23Z,20.82,73.17,99,0,30.83,100.62,3.00,423.00,null,null,null
2023-07-28T02:31:23Z,20.78,73.23,99,0,30.54,100.62,2.00,418.00,null,null,null
2023-07-28T02:32:23Z,20.81,73.15,99,0,30.91,100.62,2.00,418.00,0,0,0
2023-07-28T02:33:23Z,20.82,73.22,99,0,31.19,100.62,1.00,409.00,null,null,null
2023-07-28T02:34:33Z,20.81,73.05,99,0,30.79,100.62,0.00,406.00,null,null,null
2023-07-28T02:35:33Z,20.78,73.07,99,0,30.60,100.62,0.00,406.00,null,null,null
2023-07-28T02:36:33Z,20.81,72.93,99,0,31.41,100.62,1.00,409.00,null,null,null
2023-07-28T02:37:33Z,20.79,72.94,99,0,30.88,100.63,2.00,414.00,2,3,3
2023-07-28T02:38:33Z,20.81,73.07,99,0,30.06,100.63,2.00,418.00,null,null,null
2023-07-28T02:39:33Z,20.79,72.95,99,0,30.06,100.62,3.00,423.00,null,null,null
2023-07-28T02:40:33Z,20.78,73.01,99,0,31.29,100.63,2.00,418.00,null,null,null
2023-07-28T02:41:33Z,20.82,72.96,99,0,30.81,100.63,2.00,414.00,null,null,null
2023-07-28T02:42:33Z,20.76,73.04,99,0,30.65,100.63,1.00,413.00,1,1,1
2023-07-28T02:43:33Z,20.79,73.05,99,0,31.00,100.63,1.00,413.00,null,null,null
2023-07-28T02:44:33Z,20.78,72.97,99,0,30.19,100.63,1.00,413.00,null,null,null
2023-07-28T02:45:33Z,20.76,72.92,99,0,29.90,100.63,1.00,413.00,null,null,null
2023-07-28T02:46:33Z,20.76,72.85,99,0,31.18,100.63,1.00,413.00,null,null,null
2023-07-28T02:47:33Z,20.73,72.90,99,0,31.39,100.63,1.00,413.00,0,0,0
2023-07-28T02:48:33Z,20.76,73.04,99,0,33.52,100.63,6.00,443.00,null,null,null
2023-07-28T02:49:43Z,20.76,72.97,99,0,30.74,100.63,2.00,415.00,null,null,null
2023-07-28T02:50:43Z,20.78,73.05,99,0,30.60,100.63,2.00,415.00,null,null,null
2023-07-28T02:51:43Z,20.79,73.00,99,0,30.66,100.63,3.00,420.00,null,null,null
2023-07-28T02:52:43Z,20.79,73.01,99,0,29.88,100.63,2.00,415.00,0,0,0
2023-07-28T02:53:43Z,20.81,73.02,99,0,30.36,100.63,1.00,410.00,null,null,null
2023-07-28T02:54:43Z,20.78,72.93,99,0,31.28,100.63,1.00,410.00,null,null,null
2023-07-28T02:55:43Z,20.76,72.92,99,0,30.65,100.63,1.00,410.00,null,null,null
2023-07-28T02:56:43Z,20.75,72.98,99,0,30.62,100.64,2.00,415.00,null,null,null
2023-07-28T02:57:43Z,20.73,72.88,99,0,30.05,100.63,1.00,409.00,1,1,1
2023-07-28T02:58:43Z,20.72,72.86,100,0,30.23,100.63,5.00,439.00,null,null,null
2023-07-28T02:59:43Z,20.75,72.76,99,0,29.95,100.62,6.00,443.00,null,null,null
2023-07-28T03:00:43Z,20.72,72.70,99,0,31.02,100.62,2.00,414.00,null,null,null
2023-07-28T03:01:43Z,20.72,72.69,99,0,30.49,100.62,6.00,443.00,null,null,null
2023-07-28T03:02:43Z,20.69,72.70,99,0,31.04,100.62,6.00,443.00,1,1,1
2023-07-28T03:03:43Z,20.69,72.69,99,0,30.77,100.62,5.00,436.00,null,null,null
2023-07-28T03:04:53Z,20.70,72.64,99,0,30.11,100.62,3.00,425.00,null,null,null
2023-07-28T03:05:53Z,20.73,72.60,99,0,31.13,100.62,4.00,432.00,null,null,null
2023-07-28T03:06:53Z,20.67,72.51,99,0,30.88,100.62,4.00,432.00,null,null,null
2023-07-28T03:07:53Z,20.70,72.53,99,0,30.69,100.62,5.00,436.00,0,0,0
2023-07-28T03:08:53Z,20.70,72.48,99,0,30.76,100.62,5.00,436.00,null,null,null
2023-07-28T03:09:53Z,20.72,72.42,99,0,30.42,100.62,5.00,436.00,null,null,null
2023-07-28T03:10:53Z,20.69,72.38,100,0,30.33,100.62,6.00,441.00,null,null,null
2023-07-28T03:11:53Z,20.69,72.35,99,0,30.87,100.62,5.00,434.00,null,null,null
2023-07-28T03:12:53Z,20.65,72.38,99,0,30.99,100.62,4.00,427.00,1,1,1
2023-07-28T03:13:53Z,20.66,72.37,99,0,30.95,100.62,3.00,423.00,null,null,null
2023-07-28T03:14:53Z,20.66,72.33,99,0,30.48,100.62,2.00,418.00,null,null,null
2023-07-28T03:15:53Z,20.67,72.23,99,0,31.51,100.62,4.00,427.00,null,null,null
2023-07-28T03:16:53Z,20.63,72.19,99,0,30.96,100.62,3.00,425.00,null,null,null
2023-07-28T03:17:53Z,20.63,72.23,99,0,31.54,100.62,1.00,411.00,0,0,0
2023-07-28T03:18:53Z,20.65,72.23,99,0,32.84,100.62,2.00,416.00,null,null,null
2023-07-28T03:20:03Z,20.66,72.19,99,0,31.74,100.63,1.00,411.00,null,null,null
2023-07-28T03:21:03Z,20.65,72.21,99,0,31.21,100.63,5.00,436.00,null,null,null
2023-07-28T03:22:03Z,20.61,72.13,99,0,30.83,100.63,4.00,432.00,null,null,null
2023-07-28T03:23:03Z,20.62,72.12,99,0,30.35,100.63,4.00,432.00,0,0,0
2023-07-28T03:24:03Z,20.66,72.09,99,0,30.94,100.63,3.00,425.00,null,null,null
2023-07-28T03:25:03Z,20.66,72.01,99,0,30.82,100.63,3.00,423.00,null,null,null
2023-07-28T03:26:03Z,20.63,71.97,99,0,30.97,100.63,5.00,434.00,null,null,null
2023-07-28T03:27:03Z,20.62,71.97,99,0,31.14,100.64,5.00,434.00,null,null,null
2023-07-28T03:28:03Z,20.61,71.97,99,0,29.89,100.64,4.00,427.00,0,0,0
2023-07-28T03:29:03Z,20.59,71.98,99,0,31.27,100.64,4.00,427.00,null,null,null
2023-07-28T03:30:03Z,20.63,71.92,99,0,30.58,100.64,4.00,427.00,null,null,null
2023-07-28T03:31:03Z,20.59,71.89,99,0,31.46,100.63,3.00,426.00,null,null,null
2023-07-28T03:32:03Z,20.59,71.90,99,0,30.19,100.64,3.00,422.00,null,null,null
2023-07-28T03:33:03Z,20.56,71.93,99,0,33.92,100.64,1.00,413.00,0,0,0
2023-07-28T03:34:03Z,20.58,71.87,99,0,31.17,100.64,1.00,408.00,null,null,null
2023-07-28T03:35:13Z,20.56,71.81,99,0,30.72,100.64,1.00,408.00,null,null,null
2023-07-28T03:36:13Z,20.56,71.81,99,0,30.49,100.64,1.00,413.00,null,null,null
2023-07-28T03:37:13Z,20.56,71.83,99,0,31.79,100.64,1.00,413.00,null,null,null
2023-07-28T03:38:13Z,20.55,71.78,99,0,30.54,100.64,1.00,407.00,0,0,0
2023-07-28T03:39:13Z,20.58,71.78,99,0,31.28,100.64,1.00,407.00,null,null,null
2023-07-28T03:40:13Z,20.59,71.74,99,0,30.29,100.64,1.00,411.00,null,null,null
2023-07-28T03:41:13Z,20.59,71.73,99,0,30.11,100.64,2.00,414.00,null,null,null
2023-07-28T03:42:13Z,20.59,71.78,99,0,31.26,100.64,2.00,414.00,null,null,null
2023-07-28T03:43:13Z,20.55,71.77,99,0,30.70,100.63,1.00,407.00,0,0,0
2023-07-28T03:44:13Z,20.56,71.80,99,0,31.02,100.64,1.00,407.00,null,null,null
2023-07-28T03:45:13Z,20.56,71.73,99,0,31.59,100.64,0.00,406.00,null,null,null
2023-07-28T03:46:13Z,20.52,71.72,99,0,32.68,100.64,0.00,406.00,null,null,null
2023-07-28T03:47:13Z,20.55,71.74,99,0,30.09,100.64,1.00,408.00,null,null,null
2023-07-28T03:48:13Z,20.52,71.75,99,0,30.78,100.63,1.00,413.00,0,0,0
2023-07-28T03:49:13Z,20.54,71.75,99,0,35.62,100.63,1.00,410.00,null,null,null
2023-07-28T03:50:23Z,20.51,71.74,99,0,32.53,100.64,1.00,410.00,null,null,null
2023-07-28T03:51:23Z,20.54,71.69,99,0,31.02,100.64,1.00,413.00,null,null,null
2023-07-28T03:52:23Z,20.54,71.67,99,0,30.77,100.63,1.00,411.00,null,null,null
2023-07-28T03:53:23Z,20.54,71.66,99,0,31.36,100.64,1.00,411.00,0,0,0
2023-07-28T03:54:23Z,20.54,71.69,99,0,30.90,100.64,0.00,402.00,null,null,null
2023-07-28T03:55:23Z,20.52,71.61,99,0,31.35,100.64,0.00,400.00,null,null,null
2023-07-28T03:56:23Z,20.52,71.68,99,0,30.80,100.64,0.00,405.00,null,null,null
2023-07-28T03:57:23Z,20.52,71.69,99,0,30.46,100.64,1.00,409.00,null,null,null
2023-07-28T03:58:23Z,20.48,71.73,99,0,31.04,100.63,2.00,414.00,2,2,2
2023-07-28T03:59:23Z,20.52,71.75,99,0,30.14,100.63,1.00,409.00,null,null,null
2023-07-28T04:00:23Z,20.52,71.69,99,0,31.51,100.64,0.00,402.00,null,null,null
2023-07-28T04:01:23Z,20.51,71.70,99,0,30.89,100.64,1.00,409.00,null,null,null
2023-07-28T04:02:23Z,20.49,71.72,99,0,30.59,100.63,0.00,405.00,null,null,null
2023-07-28T04:03:23Z,20.48,71.72,99,0,31.91,100.63,0.00,405.00,1,1,1
2023-07-28T04:04:23Z,20.49,71.73,99,0,31.03,100.63,0.00,400.00,null,null,null
2023-07-28T04:05:33Z,20.49,71.72,99,0,31.35,100.63,1.00,409.00,null,null,null
2023-07-28T04:06:33Z,20.49,71.67,99,0,31.18,100.64,1.00,409.00,null,null,null
2023-07-28T04:07:33Z,20.49,71.70,99,0,30.33,100.64,1.00,409.00,null,null,null
2023-07-28T04:08:33Z,20.51,71.64,99,0,31.35,100.64,1.00,409.00,1,1,1
2023-07-28T04:09:33Z,20.48,71.69,99,0,31.80,100.63,0.00,400.00,null,null,null
2023-07-28T04:10:33Z,20.51,71.67,99,0,31.01,100.64,0.00,405.00,null,null,null
2023-07-28T04:11:33Z,20.48,71.63,99,0,31.23,100.64,1.00,409.00,null,null,null
2023-07-28T04:12:33Z,20.49,71.61,99,0,31.61,100.63,0.00,405.00,null,null,null
2023-07-28T04:13:33Z,20.46,71.60,99,0,38.38,100.63,0.00,405.00,0,0,0
2023-07-28T04:14:33Z,20.48,71.59,99,0,30.81,100.63,0.00,405.00,null,null,null
2023-07-28T04:15:33Z,20.48,71.54,99,0,31.99,100.64,0.00,400.00,null,null,null
2023-07-28T04:16:33Z,20.46,71.53,99,0,31.12,100.63,0.00,400.00,null,null,null
2023-07-28T04:17:33Z,20.44,71.51,99,0,31.31,100.63,0.00,400.00,null,null,null
2023-07-28T04:18:33Z,20.46,71.52,99,0,31.45,100.63,0.00,400.00,1,1,1
2023-07-28T04:19:33Z,20.42,71.45,99,0,40.41,100.63,0.00,400.00,null,null,null
2023-07-28T04:20:43Z,20.45,71.40,99,0,31.70,100.63,0.00,400.00,null,null,null
2023-07-28T04:21:43Z,20.42,71.42,99,0,30.60,100.63,0.00,400.00,null,null,null
2023-07-28T04:22:43Z,20.44,71.34,99,0,30.91,100.63,0.00,403.00,null,null,null
2023-07-28T04:23:43Z,20.44,71.33,99,0,30.80,100.64,1.00,409.00,0,0,0
2023-07-28T04:24:43Z,20.45,71.34,99,0,32.99,100.64,1.00,409.00,null,null,null
2023-07-28T04:25:43Z,20.44,71.31,99,0,31.20,100.64,1.00,413.00,null,null,null
2023-07-28T04:26:43Z,20.41,71.32,99,0,34.78,100.63,2.00,417.00,null,null,null
2023-07-28T04:27:43Z,20.42,71.31,99,0,30.51,100.64,1.00,413.00,null,null,null
2023-07-28T04:28:43Z,20.41,71.34,99,0,31.06,100.64,1.00,413.00,0,0,0
2023-07-28T04:29:43Z,20.42,71.38,99,0,33.87,100.64,2.00,417.00,null,null,null
2023-07-28T04:30:43Z,20.42,71.27,99,0,32.06,100.64,2.00,417.00,null,null,null
2023-07-28T04:31:43Z,20.44,71.27,99,0,30.80,100.65,1.00,413.00,null,null,null
2023-07-28T04:32:43Z,20.37,71.28,99,0,40.90,100.64,1.00,413.00,null,null,null
2023-07-28T04:33:43Z,20.41,71.28,99,0,30.55,100.64,1.00,409.00,0,0,0
2023-07-28T04:34:43Z,20.39,71.31,99,0,31.86,100.65,1.00,413.00,null,null,null
2023-07-28T04:35:53Z,20.44,71.29,99,0,31.02,100.65,0.00,400.00,null,null,null
2023-07-28T04:36:53Z,20.41,71.23,99,0,31.08,100.65,3.00,422.00,null,null,null
2023-07-28T04:37:53Z,20.39,71.23,99,0,41.88,100.65,3.00,426.00,null,null,null
2023-07-28T04:38:53Z,20.42,71.19,99,0,32.74,100.65,3.00,422.00,0,0,0
2023-07-28T04:39:53Z,20.42,71.24,99,0,32.60,100.66,3.00,426.00,null,null,null
2023-07-28T04:40:53Z,20.41,71.13,99,0,30.91,100.66,3.00,426.00,null,null,null
2023-07-28T04:41:53Z,20.39,71.15,99,0,30.97,100.66,5.00,433.00,null,null,null
2023-07-28T04:42:53Z,20.41,71.20,99,0,32.39,100.65,5.00,433.00,null,null,null
2023-07-28T04:43:53Z,20.37,71.17,99,0,31.35,100.65,5.00,433.00,0,0,0
2023-07-28T04:44:53Z,20.39,71.20,99,0,36.52,100.66,5.00,433.00,null,null,null
2023-07-28T04:45:53Z,20.38,71.17,99,0,30.45,100.65,3.00,422.00,null,null,null
2023-07-28T04:46:53Z,20.38,71.16,99,0,31.02,100.65,1.00,413.00,null,null,null
2023-07-28T04:47:53Z,20.37,71.14,99,0,31.07,100.65,1.00,413.00,null,null,null
2023-07-28T04:48:53Z,20.34,71.16,99,0,31.22,100.66,2.00,418.00,0,0,0
2023-07-28T04:49:53Z,20.38,71.09,99,0,30.78,100.65,3.00,422.00,null,null,null
2023-07-28T04:51:03Z,20.37,71.06,99,0,30.87,100.65,3.00,421.00,null,null,null
2023-07-28T04:52:03Z,20.37,71.01,99,0,30.68,100.65,3.00,421.00,null,null,null
2023-07-28T04:53:03Z,20.38,71.02,99,0,30.65,100.65,3.00,425.00,null,null,null
2023-07-28T04:54:03Z,20.38,70.97,99,0,30.58,100.65,3.00,425.00,0,0,0
2023-07-28T04:55:03Z,20.37,70.95,99,0,33.71,100.66,4.00,432.00,null,null,null
2023-07-28T04:56:03Z,20.37,70.96,99,0,32.08,100.65,3.00,425.00,null,null,null
2023-07-28T04:57:03Z,20.34,70.99,99,0,32.27,100.65,3.00,425.00,null,null,null
2023-07-28T04:58:03Z,20.34,70.95,99,0,35.20,100.65,2.00,415.00,null,null,null
2023-07-28T04:59:03Z,20.32,70.95,99,0,34.00,100.65,2.00,415.00,0,0,0
2023-07-28T05:00:03Z,20.35,70.96,99,0,31.66,100.65,1.00,409.00,null,null,null
2023-07-28T05:01:03Z,20.31,70.95,99,0,32.88,100.65,0.00,401.00,null,null,null
2023-07-28T05:02:03Z,20.32,70.94,99,0,34.94,100.65,0.00,406.00,null,null,null
2023-07-28T05:03:03Z,20.31,70.94,99,0,33.42,100.65,1.00,409.00,null,null,null
2023-07-28T05:04:03Z,20.28,71.03,99,0,35.09,100.65,1.00,409.00,2,2,2
2023-07-28T05:05:03Z,20.31,71.02,99,0,33.22,100.66,2.00,415.00,null,null,null
2023-07-28T05:06:13Z,20.30,70.98,99,0,37.60,100.66,1.00,409.00,null,null,null
2023-07-28T05:07:13Z,20.31,70.99,99,0,32.58,100.66,1.00,409.00,null,null,null
2023-07-28T05:08:13Z,20.34,70.92,99,0,32.90,100.65,2.00,415.00,null,null,null
2023-07-28T05:09:13Z,20.32,70.94,99,0,39.98,100.65,2.00,418.00,0,0,0
2023-07-28T05:10:13Z,20.34,70.93,99,0,34.05,100.66,2.00,415.00,null,null,null
2023-07-28T05:11:13Z,20.35,70.91,99,0,31.77,100.65,2.00,418.00,null,null,null
2023-07-28T05:12:13Z,20.32,70.88,99,0,34.39,100.65,3.00,422.00,null,null,null
2023-07-28T05:13:13Z,20.31,70.90,99,0,35.46,100.65,3.00,422.00,null,null,null
2023-07-28T05:14:13Z,20.31,70.91,99,0,36.95,100.65,2.00,417.00,0,0,0
2023-07-28T05:15:13Z,20.31,70.89,99,0,37.28,100.65,2.00,414.00,null,null,null
2023-07-28T05:16:13Z,20.32,70.88,99,0,31.68,100.65,0.00,405.00,null,null,null
2023-07-28T05:17:13Z,20.28,70.89,99,0,33.44,100.64,0.00,405.00,null,null,null
2023-07-28T05:18:13Z,20.25,70.89,99,0,39.42,100.64,0.00,400.00,null,null,null
2023-07-28T05:19:13Z,20.24,70.92,99,0,33.48,100.64,0.00,400.00,0,0,0
2023-07-28T05:20:13Z,20.30,70.89,99,0,36.86,100.65,3.00,425.00,null,null,null
2023-07-28T05:21:23Z,20.28,70.85,99,0,40.47,100.65,0.00,400.00,null,null,null
2023-07-28T05:22:23Z,20.30,70.86,99,0,34.26,100.64,1.00,409.00,null,null,null
2023-07-28T05:23:23Z,20.30,70.84,99,0,32.33,100.65,1.00,409.00,null,null,null
2023-07-28T05:24:23Z,20.30,70.83,99,0,31.89,100.65,2.00,414.00,0,0,0
2023-07-28T05:25:23Z,20.30,70.85,99,0,32.70,100.65,2.00,414.00,null,null,null
2023-07-28T05:26:23Z,20.27,70.79,99,0,37.12,100.65,2.00,414.00,null,null,null
2023-07-28T05:27:23Z,20.28,70.78,99,0,32.66,100.65,2.00,414.00,null,null,null
2023-07-28T05:28:23Z,20.27,70.83,99,0,31.20,100.65,2.00,414.00,null,null,null
2023-07-28T05:29:23Z,20.24,70.85,99,0,31.18,100.65,1.00,409.00,0,0,0
2023-07-28T05:30:23Z,20.25,70.89,99,0,33.42,100.66,1.00,409.00,null,null,null
2023-07-28T05:31:23Z,20.27,70.86,99,0,31.21,100.66,8.00,455.00,null,null,null
2023-07-28T05:32:23Z,20.27,70.89,99,0,32.01,100.67,2.00,417.00,null,null,null
2023-07-28T05:33:23Z,20.27,70.93,99,0,36.15,100.66,2.00,414.00,null,null,null
2023-07-28T05:34:23Z,20.24,70.90,99,0,33.75,100.66,1.00,409.00,0,0,0
2023-07-28T05:35:23Z,20.25,70.96,99,0,31.34,100.66,6.00,442.00,null,null,null
2023-07-28T05:36:33Z,20.27,70.97,99,0,33.85,100.67,1.00,408.00,null,null,null
2023-07-28T05:37:33Z,20.24,71.00,99,0,34.33,100.67,1.00,413.00,null,null,null
2023-07-28T05:38:33Z,20.25,70.99,99,0,32.21,100.67,7.00,450.00,null,null,null
2023-07-28T05:39:33Z,20.23,70.98,99,0,32.25,100.67,1.00,408.00,0,0,0
2023-07-28T05:40:33Z,20.24,71.00,99,0,34.17,100.67,6.00,445.00,null,null,null
2023-07-28T05:41:33Z,20.24,71.02,99,0,40.26,100.67,6.00,441.00,null,null,null
2023-07-28T05:42:33Z,20.24,71.03,99,0,39.71,100.68,5.00,435.00,null,null,null
2023-07-28T05:43:33Z,20.25,71.10,99,0,31.96,100.68,5.00,433.00,null,null,null
2023-07-28T05:44:33Z,20.21,71.15,99,0,31.73,100.69,0.00,400.00,0,0,0
2023-07-28T05:45:33Z,20.24,71.17,99,0,40.75,100.69,5.00,436.00,null,null,null
2023-07-28T05:46:33Z,20.21,71.16,99,0,34.13,100.69,3.00,425.00,null,null,null
2023-07-28T05:47:33Z,20.23,71.19,99,0,31.86,100.68,4.00,432.00,null,null,null
2023-07-28T05:48:33Z,20.19,71.21,99,0,33.54,100.69,3.00,425.00,null,null,null
2023-07-28T05:49:33Z,20.19,71.27,99,0,42.99,100.69,4.00,432.00,0,0,0
2023-07-28T05:50:33Z,20.18,71.28,99,0,34.33,100.69,1.00,411.00,null,null,null
2023-07-28T05:51:43Z,20.18,71.29,99,0,35.49,100.70,3.00,421.00,null,null,null
2023-07-28T05:52:43Z,20.16,71.31,99,0,36.69,100.70,3.00,425.00,null,null,null
2023-07-28T05:53:43Z,20.19,71.31,99,0,37.14,100.70,3.00,425.00,null,null,null
2023-07-28T05:54:43Z,20.18,71.28,99,0,34.08,100.70,4.00,432.00,0,0,0
2023-07-28T05:55:43Z,20.23,71.30,99,0,39.62,100.69,5.00,436.00,null,null,null
2023-07-28T05:56:43Z,20.21,71.30,99,0,35.95,100.69,5.00,436.00,null,null,null
2023-07-28T05:57:43Z,20.19,71.35,99,0,34.34,100.69,6.00,442.00,null,null,null
2023-07-28T05:58:43Z,20.19,71.38,99,0,42.12,100.70,6.00,442.00,null,null,null
2023-07-28T05:59:43Z,20.15,71.48,99,0,36.06,100.70,5.00,435.00,0,0,0
2023-07-28T06:00:43Z,20.19,71.46,99,0,33.55,100.70,4.00,428.00,null,null,null
2023-07-28T06:01:43Z,20.19,71.51,99,0,37.38,100.70,4.00,428.00,null,null,null
2023-07-28T06:02:43Z,20.19,71.50,99,0,35.91,100.70,5.00,435.00,null,null,null
2023-07-28T06:03:43Z,20.15,71.49,99,0,35.17,100.70,5.00,435.00,null,null,null
2023-07-28T06:04:43Z,20.15,71.58,99,0,33.44,100.70,4.00,428.00,0,0,0
2023-07-28T06:05:43Z,20.15,71.55,99,0,35.42,100.70,4.00,428.00,null,null,null
2023-07-28T06:06:53Z,20.18,71.58,99,0,33.06,100.70,3.00,426.00,null,null,null
2023-07-28T06:07:53Z,20.19,71.55,99,0,36.98,100.70,5.00,433.00,null,null,null
2023-07-28T06:08:53Z,20.16,71.54,99,0,33.49,100.70,5.00,438.00,null,null,null
2023-07-28T06:09:53Z,20.16,71.52,99,0,35.12,100.70,6.00,443.00,0,0,0
2023-07-28T06:10:53Z,20.21,71.52,99,0,37.94,100.70,5.00,433.00,null,null,null
2023-07-28T06:11:53Z,20.15,71.56,99,0,33.69,100.70,5.00,433.00,null,null,null
2023-07-28T06:12:53Z,20.16,71.60,99,0,39.70,100.71,5.00,438.00,null,null,null
2023-07-28T06:13:53Z,20.16,71.64,99,0,37.15,100.71,5.00,438.00,null,null,null
2023-07-28T06:14:53Z,20.15,71.73,99,0,35.69,100.71,6.00,443.00,0,0,0
2023-07-28T06:15:53Z,20.16,71.71,99,0,37.17,100.71,6.00,443.00,null,null,null
2023-07-28T06:16:53Z,20.19,71.71,99,0,32.66,100.71,5.00,438.00,null,null,null
2023-07-28T06:17:53Z,20.16,71.71,99,0,40.05,100.71,3.00,426.00,null,null,null
2023-07-28T06:18:53Z,20.12,71.71,99,0,34.40,100.71,3.00,426.00,null,null,null
2023-07-28T06:19:53Z,20.12,71.77,99,0,35.88,100.72,3.00,426.00,0,0,0
2023-07-28T06:20:53Z,20.18,71.73,99,0,33.64,100.71,3.00,425.00,null,null,null
2023-07-28T06:22:03Z,20.15,71.73,99,0,31.70,100.72,4.00,432.00,null,null,null
2023-07-28T06:23:03Z,20.16,71.79,99,0,37.14,100.72,4.00,432.00,null,null,null
2023-07-28T06:24:03Z,20.15,71.79,99,0,32.13,100.72,4.00,432.00,null,null,null
2023-07-28T06:25:03Z,20.16,71.74,99,0,36.99,100.73,5.00,439.00,0,0,0
2023-07-28T06:26:03Z,20.16,71.73,99,0,39.49,100.72,4.00,432.00,null,null,null
2023-07-28T06:27:03Z,20.14,71.73,99,0,34.19,100.72,5.00,436.00,null,null,null
2023-07-28T06:28:03Z,20.16,71.73,99,0,45.30,100.72,5.00,434.00,null,null,null
2023-07-28T06:29:03Z,20.14,71.67,99,0,35.63,100.72,3.00,423.00,null,null,null
2023-07-28T06:30:03Z,20.11,71.69,99,0,36.92,100.72,5.00,434.00,0,0,0
2023-07-28T06:31:03Z,20.12,71.71,99,0,33.14,100.72,3.00,423.00,null,null,null
2023-07-28T06:32:03Z,20.14,71.71,99,0,35.13,100.72,4.00,427.00,null,null,null
2023-07-28T06:33:03Z,20.14,71.68,99,0,36.17,100.71,4.00,427.00,null,null,null
2023-07-28T06:34:03Z,20.12,71.73,99,0,37.77,100.72,4.00,427.00,null,null,null
2023-07-28T06:35:03Z,20.10,71.80,99,0,34.90,100.72,3.00,426.00,0,2,2
2023-07-28T06:36:03Z,20.14,71.71,99,0,34.82,100.72,2.00,415.00,null,null,null
2023-07-28T06:37:13Z,20.14,71.73,99,0,33.82,100.72,3.00,422.00,null,null,null
2023-07-28T06:38:13Z,20.12,71.75,99,0,33.78,100.72,3.00,426.00,null,null,null
2023-07-28T06:39:13Z,20.14,71.69,99,0,33.25,100.71,3.00,424.00,null,null,null
2023-07-28T06:40:13Z,20.12,71.74,99,0,39.47,100.72,3.00,426.00,0,0,0
2023-07-28T06:41:13Z,20.14,71.69,99,0,33.42,100.71,3.00,422.00,null,null,null
2023-07-28T06:42:13Z,20.12,71.67,99,0,36.58,100.71,3.00,426.00,null,null,null
2023-07-28T06:43:13Z,20.14,71.61,99,0,38.12,100.71,5.00,433.00,null,null,null
2023-07-28T06:44:13Z,20.12,71.62,99,0,34.48,100.72,3.00,422.00,null,null,null
2023-07-28T06:45:13Z,20.11,71.60,99,0,37.96,100.72,1.00,413.00,0,0,0
2023-07-28T06:46:13Z,20.10,71.57,99,0,41.94,100.72,1.00,413.00,null,null,null
2023-07-28T06:47:13Z,20.10,71.49,99,0,34.69,100.72,0.00,403.00,null,null,null
2023-07-28T06:48:13Z,20.11,71.61,99,0,34.43,100.73,1.00,413.00,null,null,null
2023-07-28T06:49:13Z,20.10,71.60,99,0,37.75,100.73,1.00,413.00,null,null,null
2023-07-28T06:50:13Z,20.12,71.62,99,0,34.55,100.73,1.00,410.00,1,1,1
2023-07-28T06:51:13Z,20.11,71.58,99,0,36.76,100.73,0.00,401.00,null,null,null
2023-07-28T06:52:23Z,20.10,71.55,99,0,32.20,100.73,0.00,400.00,null,null,null
2023-07-28T06:53:23Z,20.14,71.50,99,0,32.51,100.73,0.00,400.00,null,null,null
2023-07-28T06:54:23Z,20.10,71.48,99,0,31.97,100.73,0.00,400.00,null,null,null
2023-07-28T06:55:23Z,20.11,71.52,99,0,36.68,100.73,2.00,414.00,0,0,0
2023-07-28T06:56:23Z,20.12,71.57,99,0,35.46,100.73,2.00,416.00,null,null,null
2023-07-28T06:57:23Z,20.14,71.51,99,0,34.76,100.73,2.00,414.00,null,null,null
2023-07-28T06:58:23Z,20.12,71.53,99,0,33.64,100.74,3.00,425.00,null,null,null
2023-07-28T06:59:23Z,20.11,71.47,99,0,34.44,100.74,4.00,432.00,null,null,null
2023-07-28T07:00:23Z,20.10,71.51,99,0,34.32,100.74,4.00,432.00,0,0,0
2023-07-28T07:01:23Z,20.12,71.43,99,0,41.01,100.74,6.00,442.00,null,null,null
2023-07-28T07:02:23Z,20.11,71.39,99,0,37.60,100.74,6.00,445.00,null,null,null
2023-07-28T07:03:23Z,20.11,71.36,99,0,42.48,100.74,6.00,445.00,null,null,null
2023-07-28T07:04:23Z,20.12,71.53,99,31,34.98,100.74,5.00,436.00,null,null,null
2023-07-28T07:05:23Z,20.11,71.55,99,29,33.17,100.74,6.00,442.00,0,0,0
2023-07-28T07:06:23Z,20.14,71.48,99,28,48.68,100.73,7.00,451.00,null,null,null
2023-07-28T07:07:33Z,20.12,71.43,99,25,35.94,100.74,9.00,460.00,null,null,null
2023-07-28T07:08:33Z,20.12,71.52,99,27,33.19,100.74,9.00,463.00,null,null,null
2023-07-28T07:09:33Z,20.14,71.57,99,26,33.08,100.75,10.00,470.00,null,null,null
2023-07-28T07:10:33Z,20.15,71.59,99,25,36.16,100.75,11.00,476.00,0,0,0
2023-07-28T07:11:33Z,20.16,71.55,99,22,32.37,100.75,11.00,476.00,null,null,null
2023-07-28T07:12:33Z,20.16,71.52,99,21,37.98,100.75,11.00,476.00,null,null,null
2023-07-28T07:13:33Z,20.15,71.59,99,21,40.77,100.75,11.00,476.00,null,null,null
2023-07-28T07:14:33Z,20.16,71.51,99,21,35.00,100.75,12.00,481.00,null,null,null
2023-07-28T07:15:33Z,20.15,71.49,99,24,37.41,100.75,12.00,481.00,0,0,0
2023-07-28T07:16:33Z,20.15,71.52,99,23,47.11,100.75,12.00,483.00,null,null,null
2023-07-28T07:17:33Z,20.19,71.50,99,25,33.91,100.75,13.00,488.00,null,null,null
2023-07-28T07:18:33Z,20.18,71.48,99,26,34.37,100.75,13.00,488.00,null,null,null
2023-07-28T07:19:33Z,20.15,71.44,99,25,41.90,100.76,13.00,488.00,null,null,null
2023-07-28T07:20:33Z,20.14,71.46,99,25,35.50,100.75,12.00,483.00,0,0,0
2023-07-28T07:21:33Z,20.16,71.46,99,25,34.68,100.75,12.00,483.00,null,null,null
2023-07-28T07:22:43Z,20.21,71.52,99,24,37.46,100.76,12.00,483.00,null,null,null
2023-07-28T07:23:43Z,20.15,71.45,99,23,36.33,100.76,14.00,495.00,null,null,null
2023-07-28T07:24:43Z,20.19,71.47,99,23,39.91,100.76,15.00,500.00,null,null,null
2023-07-28T07:25:43Z,20.19,71.54,99,25,34.54,100.76,15.00,500.00,0,0,0
2023-07-28T07:26:43Z,20.18,71.57,99,25,36.12,100.76,15.00,500.00,null,null,null
2023-07-28T07:27:43Z,20.24,71.43,99,25,38.52,100.76,15.00,500.00,null,null,null
2023-07-28T07:28:43Z,20.18,71.45,99,25,32.80,100.76,15.00,500.00,null,null,null
2023-07-28T07:29:43Z,20.23,71.39,99,27,41.48,100.76,15.00,505.00,null,null,null
2023-07-28T07:30:43Z,20.19,71.41,99,27,34.25,100.76,15.00,503.00,0,0,0
2023-07-28T07:31:43Z,20.19,71.41,99,28,35.56,100.75,14.00,498.00,null,null,null
2023-07-28T07:32:43Z,20.21,71.30,99,29,36.67,100.75,15.00,503.00,null,null,null
2023-07-28T07:33:43Z,20.19,71.32,99,31,47.47,100.76,15.00,503.00,null,null,null
2023-07-28T07:34:43Z,20.18,71.37,99,33,41.32,100.76,14.00,498.00,null,null,null
2023-07-28T07:35:43Z,20.16,71.45,99,34,34.14,100.76,14.00,493.00,0,0,0
2023-07-28T07:36:43Z,20.19,71.42,99,34,36.04,100.76,14.00,493.00,null,null,null
2023-07-28T07:37:53Z,20.19,71.37,99,34,34.44,100.77,16.00,508.00,null,null,null
2023-07-28T07:38:53Z,20.19,71.37,99,35,34.56,100.76,15.00,501.00,null,null,null
2023-07-28T07:39:53Z,20.21,71.29,99,34,32.72,100.77,15.00,501.00,null,null,null
2023-07-28T07:40:53Z,20.19,71.22,99,34,33.37,100.77,15.00,501.00,0,0,0
2023-07-28T07:41:53Z,20.23,71.23,99,33,34.91,100.77,16.00,506.00,null,null,null
2023-07-28T07:42:53Z,20.23,71.19,99,34,38.49,100.77,16.00,506.00,null,null,null
2023-07-28T07:43:53Z,20.19,71.21,99,35,33.72,100.77,15.00,501.00,null,null,null
2023-07-28T07:44:53Z,20.23,71.18,99,38,34.54,100.76,15.00,500.00,null,null,null
2023-07-28T07:45:53Z,20.21,71.18,99,39,37.83,100.77,15.00,500.00,1,1,1
2023-07-28T07:46:53Z,20.24,71.23,99,38,34.34,100.77,15.00,500.00,null,null,null
2023-07-28T07:47:53Z,20.24,71.18,99,34,35.26,100.77,15.00,500.00,null,null,null
2023-07-28T07:48:53Z,20.19,71.17,99,34,33.38,100.77,15.00,500.00,null,null,null
2023-07-28T07:49:53Z,20.21,71.17,99,34,32.73,100.77,15.00,500.00,null,null,null
2023-07-28T07:50:53Z,20.19,71.20,99,36,36.68,100.77,14.00,495.00,0,0,0
2023-07-28T07:51:53Z,20.21,71.20,99,40,34.17,100.77,14.00,495.00,null,null,null
2023-07-28T07:53:03Z,20.24,71.32,99,40,33.07,100.77,15.00,505.00,null,null,null
2023-07-28T07:54:03Z,20.24,71.26,99,40,35.92,100.77,17.00,515.00,null,null,null
2023-07-28T07:55:03Z,20.25,71.28,99,35,37.17,100.77,18.00,520.00,null,null,null
2023-07-28T07:56:03Z,20.25,71.35,99,36,35.58,100.77,11.00,476.00,0,0,0
2023-07-28T07:57:03Z,20.24,71.31,99,34,33.23,100.78,12.00,481.00,null,null,null
2023-07-28T07:58:03Z,20.27,71.26,99,36,32.17,100.78,19.00,527.00,null,null,null
2023-07-28T07:59:03Z,20.27,71.21,99,34,35.35,100.77,11.00,478.00,null,null,null
2023-07-28T08:00:03Z,20.25,71.24,99,33,34.97,100.77,12.00,483.00,null,null,null
2023-07-28T08:01:03Z,20.25,71.23,99,31,42.40,100.77,12.00,483.00,0,0,0
2023-07-28T08:02:03Z,20.27,71.23,99,31,35.32,100.77,11.00,478.00,null,null,null
2023-07-28T08:03:03Z,20.27,71.17,99,30,33.83,100.77,11.00,478.00,null,null,null
2023-07-28T08:04:03Z,20.24,71.14,99,29,38.07,100.77,12.00,483.00,null,null,null
2023-07-28T08:05:03Z,20.23,71.14,99,31,39.04,100.78,17.00,518.00,null,null,null
2023-07-28T08:06:03Z,20.24,71.17,99,34,32.39,100.77,17.00,518.00,0,0,0
2023-07-28T08:07:03Z,20.24,71.20,99,36,34.28,100.78,15.00,501.00,null,null,null
2023-07-28T08:08:13Z,20.24,71.17,100,36,33.73,100.79,15.00,501.00,null,null,null
2023-07-28T08:09:13Z,20.28,71.17,99,37,35.88,100.78,15.00,501.00,null,null,null
2023-07-28T08:10:13Z,20.27,71.12,99,37,36.26,100.78,9.00,460.00,null,null,null
2023-07-28T08:11:13Z,20.27,71.12,99,37,32.21,100.78,9.00,460.00,0,0,0
2023-07-28T08:12:13Z,20.30,71.14,99,38,40.40,100.78,8.00,455.00,null,null,null
2023-07-28T08:13:13Z,20.30,71.05,99,38,35.19,100.78,8.00,455.00,null,null,null
2023-07-28T08:14:13Z,20.28,71.05,99,40,35.45,100.78,7.00,452.00,null,null,null
2023-07-28T08:15:13Z,20.27,71.04,99,40,34.49,100.78,8.00,457.00,null,null,null
2023-07-28T08:16:13Z,20.25,71.08,99,40,37.64,100.78,8.00,457.00,0,0,0
2023-07-28T08:17:13Z,20.28,71.13,99,40,35.80,100.79,8.00,457.00,null,null,null
2023-07-28T08:18:13Z,20.30,71.05,99,41,33.28,100.78,8.00,457.00,null,null,null
2023-07-28T08:19:13Z,20.28,71.03,99,41,36.15,100.79,8.00,457.00,null,null,null
2023-07-28T08:20:13Z,20.28,71.09,99,43,35.26,100.78,8.00,457.00,null,null,null
2023-07-28T08:21:13Z,20.30,71.13,99,48,34.19,100.79,8.00,456.00,0,0,0
2023-07-28T08:22:13Z,20.28,71.15,99,51,32.99,100.79,7.00,451.00,null,null,null
2023-07-28T08:23:23Z,20.31,71.16,99,53,36.73,100.79,8.00,456.00,null,null,null
2023-07-28T08:24:23Z,20.32,71.18,99,50,49.25,100.79,8.00,456.00,null,null,null
2023-07-28T08:25:23Z,20.30,71.20,99,44,35.38,100.79,9.00,462.00,null,null,null
2023-07-28T08:26:23Z,20.34,71.18,99,44,32.03,100.79,9.00,462.00,0,0,0
2023-07-28T08:27:23Z,20.34,71.23,99,43,37.09,100.80,8.00,455.00,null,null,null
2023-07-28T08:28:23Z,20.34,71.18,99,38,34.23,100.79,9.00,461.00,null,null,null
2023-07-28T08:29:23Z,20.31,71.38,99,36,37.45,100.79,9.00,461.00,null,null,null
2023-07-28T08:30:23Z,20.32,71.75,99,34,34.72,100.79,9.00,461.00,null,null,null
2023-07-28T08:31:23Z,20.31,71.70,99,31,36.26,100.79,6.00,443.00,0,0,0
2023-07-28T08:32:23Z,20.34,71.68,99,29,33.36,100.79,8.00,456.00,null,null,null
2023-07-28T08:33:23Z,20.37,71.70,99,29,37.65,100.80,9.00,464.00,null,null,null
2023-07-28T08:34:23Z,20.34,71.70,99,33,33.77,100.79,10.00,472.00,null,null,null
2023-07-28T08:35:23Z,20.35,71.74,99,35,70.15,100.80,11.00,476.00,null,null,null
2023-07-28T08:36:23Z,20.37,71.90,99,38,40.68,100.79,12.00,481.00,1,1,1
2023-07-28T08:37:23Z,20.35,71.81,99,38,50.77,100.79,11.00,478.00,null,null,null
2023-07-28T08:38:33Z,20.37,71.97,99,39,61.69,100.79,12.00,483.00,null,null,null
2023-07-28T08:39:33Z,20.39,71.83,99,42,32.24,100.79,13.00,488.00,null,null,null
2023-07-28T08:40:33Z,20.39,71.88,99,46,41.17,100.79,14.00,495.00,null,null,null
2023-07-28T08:41:33Z,20.38,71.91,99,47,38.45,100.79,14.00,495.00,0,0,0
2023-07-28T08:42:33Z,20.44,71.90,99,50,34.84,100.79,14.00,493.00,null,null,null
2023-07-28T08:43:33Z,20.45,71.98,99,50,34.72,100.79,14.00,498.00,null,null,null
2023-07-28T08:44:33Z,20.42,72.01,99,49,70.25,100.79,14.00,498.00,null,null,null
2023-07-28T08:45:33Z,20.41,72.13,99,50,35.54,100.79,15.00,503.00,null,null,null
2023-07-28T08:46:33Z,20.45,72.22,99,53,35.37,100.79,15.00,503.00,0,1,1
2023-07-28T08:47:33Z,20.44,72.17,99,56,42.26,100.78,15.00,503.00,null,null,null
2023-07-28T08:48:33Z,20.48,72.15,99,60,35.39,100.78,17.00,514.00,null,null,null
2023-07-28T08:49:33Z,20.46,72.21,99,61,44.74,100.78,18.00,519.00,null,null,null
2023-07-28T08:50:33Z,20.44,72.24,99,62,37.42,100.78,19.00,526.00,null,null,null
2023-07-28T08:51:33Z,20.46,72.19,99,62,39.20,100.78,19.00,526.00,1,1,1
2023-07-28T08:52:33Z,20.48,72.26,99,61,46.60,100.78,19.00,526.00,null,null,null
2023-07-28T08:53:43Z,20.51,72.18,99,60,40.00,100.78,16.00,508.00,null,null,null
2023-07-28T08:54:43Z,20.51,72.21,99,59,37.73,100.78,21.00,543.00,null,null,null
2023-07-28T08:55:43Z,20.51,72.27,99,61,49.76,100.78,22.00,549.00,null,null,null
2023-07-28T08:56:43Z,20.52,72.23,99,64,45.84,100.78,22.00,549.00,0,0,0
2023-07-28T08:57:43Z,20.55,72.22,99,67,36.22,100.78,21.00,542.00,null,null,null
2023-07-28T08:58:43Z,20.55,72.12,99,65,38.55,100.77,22.00,546.00,null,null,null
2023-07-28T08:59:43Z,20.56,72.24,99,60,41.00,100.77,23.00,552.00,null,null,null
2023-07-28T09:00:43Z,20.58,72.28,99,56,35.01,100.77,23.00,552.00,null,null,null
2023-07-28T09:01:43Z,20.56,72.20,99,53,56.23,100.78,22.00,548.00,1,1,1
2023-07-28T09:02:43Z,20.56,72.24,99,51,60.26,100.77,23.00,552.00,null,null,null
2023-07-28T09:03:43Z,20.56,72.28,99,53,34.50,100.77,23.00,552.00,null,null,null
2023-07-28T09:04:43Z,20.58,72.35,99,56,34.58,100.77,22.00,548.00,null,null,null
2023-07-28T09:05:43Z,20.55,72.40,99,59,36.37,100.78,22.00,548.00,null,null,null
2023-07-28T09:06:43Z,20.56,72.32,99,63,33.02,100.78,22.00,548.00,0,0,0
2023-07-28T09:07:43Z,20.59,72.51,99,69,50.82,100.77,22.00,548.00,null,null,null
2023-07-28T09:08:53Z,20.59,72.58,99,75,33.92,100.77,23.00,553.00,null,null,null
2023-07-28T09:09:53Z,20.61,72.51,99,80,34.14,100.77,25.00,565.00,null,null,null
2023-07-28T09:10:53Z,20.65,72.48,99,79,35.89,100.76,25.00,570.00,null,null,null
2023-07-28T09:11:53Z,20.62,72.48,99,76,43.65,100.77,24.00,564.00,0,0,0
2023-07-28T09:12:53Z,20.66,72.57,99,75,48.85,100.76,24.00,564.00,null,null,null
2023-07-28T09:13:53Z,20.69,72.51,99,72,54.40,100.76,25.00,569.00,null,null,null
2023-07-28T09:14:53Z,20.66,72.62,99,68,34.05,100.76,25.00,569.00,null,null,null
2023-07-28T09:15:53Z,20.66,72.67,99,63,35.88,100.76,25.00,569.00,null,null,null
2023-07-28T09:16:53Z,20.65,72.63,99,57,49.88,100.76,25.00,569.00,0,0,0
2023-07-28T09:17:53Z,20.69,72.70,99,55,50.30,100.76,25.00,569.00,null,null,null
2023-07-28T09:18:53Z,20.66,72.70,100,53,33.69,100.75,25.00,566.00,null,null,null
2023-07-28T09:19:53Z,20.69,72.77,99,52,59.35,100.75,25.00,566.00,null,null,null
2023-07-28T09:20:53Z,20.69,72.73,99,52,54.29,100.75,26.00,572.00,null,null,null
2023-07-28T09:21:53Z,20.67,72.72,99,54,58.96,100.76,26.00,572.00,0,0,0
2023-07-28T09:22:53Z,20.73,72.86,99,58,53.89,100.76,26.00,572.00,null,null,null
2023-07-28T09:24:03Z,20.72,72.79,99,65,53.87,100.75,25.00,567.00,null,null,null
2023-07-28T09:25:03Z,20.73,72.78,99,68,33.98,100.76,25.00,567.00,null,null,null
2023-07-28T09:26:03Z,20.76,72.80,99,68,45.52,100.76,25.00,570.00,null,null,null
2023-07-28T09:27:03Z,20.76,72.76,99,68,40.74,100.76,20.00,536.00,0,0,0
2023-07-28T09:28:03Z,20.79,72.79,99,68,34.37,100.76,19.00,530.00,null,null,null
2023-07-28T09:29:03Z,20.79,72.79,99,67,43.33,100.76,19.00,530.00,null,null,null
2023-07-28T09:30:03Z,20.78,72.76,99,64,32.62,100.76,20.00,536.00,null,null,null
2023-07-28T09:31:03Z,20.79,72.86,99,61,39.83,100.76,19.00,530.00,null,null,null
2023-07-28T09:32:03Z,20.78,72.91,99,56,33.04,100.76,19.00,530.00,0,0,0
2023-07-28T09:33:03Z,20.81,73.07,99,53,44.65,100.76,19.00,527.00,null,null,null
2023-07-28T09:34:03Z,20.82,73.04,99,54,61.90,100.76,19.00,527.00,null,null,null
2023-07-28T09:35:03Z,20.82,73.00,99,56,35.12,100.76,19.00,527.00,null,null,null
2023-07-28T09:36:03Z,20.79,73.00,99,57,34.98,100.75,19.00,527.00,null,null,null
2023-07-28T09:37:03Z,20.82,73.12,99,59,65.13,100.75,19.00,527.00,0,0,0
2023-07-28T09:38:03Z,20.85,73.25,99,53,40.28,100.76,19.00,527.00,null,null,null
2023-07-28T09:39:13Z,20.85,73.26,99,60,52.95,100.76,18.00,523.00,null,null,null
2023-07-28T09:40:13Z,20.88,73.38,99,62,33.94,100.76,19.00,527.00,null,null,null
2023-07-28T09:41:13Z,20.89,73.23,99,62,32.92,100.76,19.00,527.00,null,null,null
2023-07-28T09:42:13Z,20.89,73.49,99,59,37.80,100.76,20.00,537.00,0,0,0
2023-07-28T09:43:13Z,20.90,73.49,99,53,34.22,100.77,21.00,542.00,null,null,null
2023-07-28T09:44:13Z,20.92,73.32,99,49,50.51,100.77,20.00,533.00,null,null,null
2023-07-28T09:45:13Z,20.88,73.40,99,44,34.26,100.77,20.00,533.00,null,null,null
2023-07-28T09:46:13Z,20.88,73.44,99,40,62.28,100.76,20.00,533.00,null,null,null
2023-07-28T09:47:13Z,20.88,73.43,99,38,64.62,100.76,20.00,533.00,0,0,0
2023-07-28T09:48:13Z,20.93,73.55,99,37,39.53,100.76,19.00,531.00,null,null,null
2023-07-28T09:49:13Z,20.93,73.42,99,37,64.02,100.76,19.00,531.00,null,null,null
2023-07-28T09:50:13Z,20.95,73.53,99,37,52.55,100.77,21.00,540.00,null,null,null
2023-07-28T09:51:13Z,20.92,73.52,99,38,55.37,100.77,21.00,540.00,null,null,null
2023-07-28T09:52:13Z,20.92,73.57,99,37,37.39,100.77,19.00,531.00,1,1,1
2023-07-28T09:53:13Z,20.96,73.62,99,38,67.49,100.77,19.00,531.00,null,null,null
2023-07-28T09:54:23Z,20.96,73.64,99,44,47.16,100.77,19.00,531.00,null,null,null
2023-07-28T09:55:23Z,20.97,73.46,99,51,40.38,100.77,21.00,539.00,null,null,null
2023-07-28T09:56:23Z,21.00,73.59,99,59,36.73,100.77,21.00,539.00,null,null,null
2023-07-28T09:57:23Z,20.99,73.62,99,65,33.36,100.76,21.00,543.00,0,0,0
2023-07-28T09:58:23Z,21.02,73.53,99,69,38.80,100.77,21.00,543.00,null,null,null
2023-07-28T09:59:23Z,21.02,73.58,99,69,33.73,100.77,21.00,539.00,null,null,null
2023-07-28T10:00:23Z,21.02,73.47,99,69,33.19,100.77,21.00,543.00,null,null,null
2023-07-28T10:01:23Z,21.02,73.59,99,67,34.44,100.77,21.00,539.00,null,null,null
2023-07-28T10:02:23Z,21.03,73.46,99,62,57.54,100.77,21.00,542.00,1,1,1
2023-07-28T10:03:23Z,21.00,72.71,99,60,51.62,100.77,20.00,537.00,null,null,null
2023-07-28T10:04:23Z,21.05,72.10,99,60,57.60,100.77,20.00,537.00,null,null,null
2023-07-28T10:05:23Z,21.02,72.54,99,60,37.71,100.78,20.00,536.00,null,null,null
2023-07-28T10:06:23Z,21.03,72.03,99,63,39.15,100.77,19.00,531.00,null,null,null
2023-07-28T10:07:23Z,21.02,71.84,99,65,33.67,100.77,18.00,520.00,0,0,0
2023-07-28T10:08:23Z,21.02,71.65,99,69,32.84,100.77,17.00,518.00,null,null,null
2023-07-28T10:09:33Z,21.02,71.52,99,69,35.58,100.77,13.00,491.00,null,null,null
2023-07-28T10:10:33Z,21.05,71.49,99,69,35.48,100.77,18.00,519.00,null,null,null
2023-07-28T10:11:33Z,21.05,71.34,99,64,37.31,100.78,17.00,514.00,null,null,null
2023-07-28T10:12:33Z,21.05,71.27,99,62,37.34,100.78,15.00,503.00,1,1,1
2023-07-28T10:13:33Z,21.06,71.29,99,62,34.19,100.78,14.00,496.00,null,null,null
2023-07-28T10:14:33Z,21.03,71.20,99,61,32.37,100.78,14.00,496.00,null,null,null
2023-07-28T10:15:33Z,21.06,71.16,99,63,33.37,100.78,14.00,496.00,null,null,null
2023-07-28T10:16:33Z,21.00,71.20,99,64,36.08,100.78,15.00,501.00,null,null,null
2023-07-28T10:17:33Z,21.02,71.20,99,65,38.34,100.78,14.00,495.00,0,0,0
2023-07-28T10:18:33Z,21.06,71.12,99,69,32.55,100.78,13.00,488.00,null,null,null
2023-07-28T10:19:33Z,21.05,71.10,99,72,31.16,100.78,13.00,488.00,null,null,null
2023-07-28T10:20:33Z,21.02,71.13,99,66,35.19,100.77,13.00,488.00,null,null,null
2023-07-28T10:21:33Z,21.02,71.07,99,63,33.85,100.77,13.00,488.00,null,null,null
2023-07-28T10:22:33Z,21.00,71.12,99,62,37.23,100.78,13.00,488.00,1,1,1
2023-07-28T10:23:33Z,21.03,71.10,99,60,35.26,100.78,13.00,488.00,null,null,null
2023-07-28T10:24:43Z,21.00,71.05,99,57,36.95,100.78,13.00,487.00,null,null,null
2023-07-28T10:25:43Z,21.00,71.01,99,55,34.61,100.78,12.00,482.00,null,null,null
2023-07-28T10:26:43Z,21.03,71.01,99,56,34.95,100.78,13.00,487.00,null,null,null
2023-07-28T10:27:43Z,21.02,70.98,99,54,32.03,100.78,12.00,482.00,0,0,0
2023-07-28T10:28:43Z,21.06,70.99,99,53,36.68,100.78,11.00,477.00,null,null,null
2023-07-28T10:29:43Z,21.06,70.88,99,51,59.28,100.79,12.00,482.00,null,null,null
2023-07-28T10:30:43Z,21.06,70.99,99,51,39.13,100.78,12.00,482.00,null,null,null
2023-07-28T10:31:43Z,21.03,71.50,99,50,35.27,100.78,8.00,459.00,null,null,null
2023-07-28T10:32:43Z,21.03,71.44,99,49,49.39,100.78,8.00,454.00,0,0,0
2023-07-28T10:33:43Z,21.05,71.47,99,49,36.43,100.78,8.00,459.00,null,null,null
2023-07-28T10:34:43Z,21.02,71.44,99,47,37.56,100.78,9.00,463.00,null,null,null
2023-07-28T10:35:43Z,21.05,71.64,99,44,60.26,100.78,10.00,470.00,null,null,null
2023-07-28T10:36:43Z,21.03,71.76,99,42,56.99,100.78,11.00,476.00,null,null,null
2023-07-28T10:37:43Z,21.03,71.86,99,40,35.48,100.78,11.00,473.00,1,1,1
2023-07-28T10:38:43Z,21.03,71.98,99,40,56.07,100.78,11.00,473.00,null,null,null
2023-07-28T10:39:53Z,21.07,72.02,99,40,49.36,100.78,14.00,495.00,null,null,null
2023-07-28T10:40:53Z,21.09,72.09,99,40,35.52,100.78,13.00,486.00,null,null,null
2023-07-28T10:41:53Z,21.07,72.02,99,37,47.51,100.78,13.00,486.00,null,null,null
2023-07-28T10:42:53Z,21.09,72.18,99,33,33.82,100.78,13.00,486.00,2,2,2
2023-07-28T10:43:53Z,21.12,72.34,99,31,35.21,100.78,13.00,486.00,null,null,null
2023-07-28T10:44:53Z,21.12,72.28,99,31,37.68,100.78,12.00,482.00,null,null,null
2023-07-28T10:45:53Z,21.10,72.41,99,31,42.82,100.79,13.00,491.00,null,null,null
2023-07-28T10:46:53Z,21.10,72.46,99,32,47.84,100.79,14.00,496.00,null,null,null
2023-07-28T10:47:53Z,21.07,72.51,99,34,33.42,100.78,14.00,496.00,0,0,0
2023-07-28T10:48:53Z,21.12,72.52,99,34,42.75,100.78,14.00,496.00,null,null,null
2023-07-28T10:49:53Z,21.07,72.60,99,36,41.51,100.78,14.00,496.00,null,null,null
2023-07-28T10:50:53Z,21.13,72.51,99,39,38.37,100.79,14.00,496.00,null,null,null
2023-07-28T10:51:53Z,21.10,72.56,99,41,44.79,100.79,15.00,501.00,null,null,null
2023-07-28T10:52:53Z,21.10,72.72,99,47,48.90,100.79,14.00,492.00,0,0,0
2023-07-28T10:53:53Z,21.13,72.72,99,52,49.37,100.79,14.00,497.00,null,null,null
2023-07-28T10:55:03Z,21.13,72.70,99,55,32.57,100.79,14.00,497.00,null,null,null
2023-07-28T10:56:03Z,21.14,72.68,99,54,34.82,100.79,15.00,500.00,null,null,null
2023-07-28T10:57:03Z,21.16,72.69,99,51,47.29,100.79,15.00,500.00,null,null,null
2023-07-28T10:58:03Z,21.13,72.78,99,46,33.67,100.79,15.00,500.00,0,0,0
2023-07-28T10:59:03Z,21.17,72.76,99,40,43.80,100.79,14.00,496.00,null,null,null
2023-07-28T11:00:03Z,21.17,72.80,99,35,34.47,100.79,15.00,503.00,null,null,null
2023-07-28T11:01:03Z,21.20,72.81,99,31,34.88,100.79,15.00,502.00,null,null,null
2023-07-28T11:02:03Z,21.16,72.82,99,29,36.77,100.78,15.00,502.00,null,null,null
2023-07-28T11:03:03Z,21.20,72.87,99,28,64.10,100.79,15.00,502.00,0,0,0
2023-07-28T11:04:03Z,21.17,72.95,99,27,65.13,100.79,15.00,502.00,null,null,null
2023-07-28T11:05:03Z,21.18,72.85,99,26,43.63,100.79,15.00,502.00,null,null,null
2023-07-28T11:06:03Z,21.18,72.86,99,24,59.80,100.80,15.00,502.00,null,null,null
2023-07-28T11:07:03Z,21.20,72.80,99,22,45.68,100.80,16.00,508.00,null,null,null
2023-07-28T11:08:03Z,21.18,72.92,99,21,33.83,100.80,16.00,508.00,1,1,1
2023-07-28T11:09:03Z,21.20,72.97,99,22,50.74,100.79,15.00,502.00,null,null,null
2023-07-28T11:10:13Z,21.21,72.86,99,22,59.85,100.80,16.00,508.00,null,null,null
2023-07-28T11:11:13Z,21.24,72.92,99,23,33.83,100.80,15.00,502.00,null,null,null
2023-07-28T11:12:13Z,21.24,72.85,99,25,36.35,100.80,17.00,518.00,null,null,null
2023-07-28T11:13:13Z,21.24,72.77,99,24,50.64,100.79,17.00,518.00,0,0,0
2023-07-28T11:14:13Z,21.24,72.79,99,23,61.28,100.80,17.00,518.00,null,null,null
2023-07-28T11:15:13Z,21.27,72.76,99,23,55.50,100.80,17.00,518.00,null,null,null
2023-07-28T11:16:13Z,21.26,72.74,99,22,59.67,100.80,10.00,470.00,null,null,null
2023-07-28T11:17:13Z,21.28,72.80,99,23,44.53,100.80,11.00,475.00,null,null,null
2023-07-28T11:18:13Z,21.24,72.77,99,24,34.34,100.80,11.00,478.00,1,1,1
2023-07-28T11:19:13Z,21.24,72.78,99,23,58.42,100.81,18.00,524.00,null,null,null
2023-07-28T11:20:13Z,21.30,72.74,99,24,35.54,100.81,18.00,524.00,null,null,null
2023-07-28T11:21:13Z,21.26,72.76,99,23,34.89,100.80,12.00,482.00,null,null,null
2023-07-28T11:22:13Z,21.24,72.75,99,24,49.02,100.80,11.00,478.00,null,null,null
2023-07-28T11:23:13Z,21.27,72.76,99,22,60.76,100.81,18.00,523.00,1,1,1
2023-07-28T11:24:13Z,21.30,72.80,99,22,34.94,100.81,10.00,466.00,null,null,null
2023-07-28T11:25:23Z,21.28,72.80,99,22,40.08,100.81,10.00,466.00,null,null,null
2023-07-28T11:26:23Z,21.28,72.69,99,21,32.60,100.81,11.00,477.00,null,null,null
2023-07-28T11:27:23Z,21.30,72.71,99,20,33.12,100.81,12.00,481.00,null,null,null
2023-07-28T11:28:23Z,21.30,72.67,99,20,47.05,100.82,12.00,485.00,0,0,0
2023-07-28T11:29:23Z,21.33,72.64,99,21,32.99,100.81,12.00,481.00,null,null,null
2023-07-28T11:30:23Z,21.31,72.59,99,22,43.84,100.81,12.00,483.00,null,null,null
2023-07-28T11:31:23Z,21.35,72.62,99,23,45.22,100.82,12.00,480.00,null,null,null
2023-07-28T11:32:23Z,21.30,72.55,99,25,34.56,100.82,12.00,483.00,null,null,null
2023-07-28T11:33:23Z,21.27,72.55,99,28,36.78,100.81,12.00,483.00,0,0,0
2023-07-28T11:34:23Z,21.31,72.62,99,29,33.93,100.81,12.00,483.00,null,null,null
2023-07-28T11:35:23Z,21.35,72.52,99,31,33.87,100.81,12.00,480.00,null,null,null
2023-07-28T11:36:23Z,21.35,72.50,99,34,35.31,100.82,12.00,483.00,null,null,null
2023-07-28T11:37:23Z,21.33,72.55,99,35,34.08,100.82,12.00,483.00,null,null,null
2023-07-28T11:38:23Z,21.28,72.63,99,40,33.46,100.82,12.00,482.00,0,0,0
2023-07-28T11:39:23Z,21.33,72.63,99,44,49.63,100.82,11.00,478.00,null,null,null
2023-07-28T11:40:33Z,21.33,72.58,99,51,33.48,100.82,12.00,482.00,null,null,null
2023-07-28T11:41:33Z,21.33,72.53,99,56,43.64,100.82,12.00,482.00,null,null,null
2023-07-28T11:42:33Z,21.36,72.51,99,55,35.25,100.81,12.00,482.00,null,null,null
2023-07-28T11:43:33Z,21.39,72.45,99,51,33.23,100.82,13.00,487.00,0,0,0
2023-07-28T11:44:33Z,21.39,72.53,99,46,32.53,100.82,12.00,482.00,null,null,null
2023-07-28T11:45:33Z,21.40,71.84,99,41,32.24,100.82,12.00,481.00,null,null,null
2023-07-28T11:46:33Z,21.37,72.34,99,40,39.84,100.82,12.00,485.00,null,null,null
2023-07-28T11:47:33Z,21.35,72.36,99,39,31.90,100.82,12.00,481.00,null,null,null
2023-07-28T11:48:33Z,21.36,72.37,99,40,33.83,100.82,12.00,481.00,0,0,0
2023-07-28T11:49:33Z,21.39,72.35,99,41,35.40,100.82,12.00,481.00,null,null,null
2023-07-28T11:50:33Z,21.39,72.30,99,42,38.54,100.82,12.00,481.00,null,null,null
2023-07-28T11:51:33Z,21.36,72.33,99,44,33.73,100.82,12.00,481.00,null,null,null
2023-07-28T11:52:33Z,21.37,72.32,99,47,48.21,100.82,12.00,480.00,null,null,null
2023-07-28T11:53:33Z,21.36,72.34,99,51,43.35,100.82,12.00,480.00,1,1,1
2023-07-28T11:54:33Z,21.37,72.31,99,55,38.09,100.81,12.00,480.00,null,null,null
2023-07-28T11:55:43Z,21.40,72.31,99,61,46.17,100.81,12.00,480.00,null,null,null
2023-07-28T11:56:43Z,21.40,72.31,99,63,35.45,100.81,12.00,480.00,null,null,null
2023-07-28T11:57:43Z,21.40,72.24,99,65,42.89,100.81,12.00,485.00,null,null,null
2023-07-28T11:58:43Z,21.43,72.29,99,66,32.50,100.80,12.00,483.00,1,1,1
2023-07-28T11:59:43Z,21.43,72.33,99,63,34.47,100.80,11.00,478.00,null,null,null
2023-07-28T12:00:43Z,21.43,72.26,99,63,34.23,100.80,11.00,478.00,null,null,null
2023-07-28T12:01:43Z,21.43,72.20,99,71,33.25,100.80,11.00,478.00,null,null,null
2023-07-28T12:02:43Z,21.43,72.23,99,72,33.49,100.80,12.00,483.00,null,null,null
2023-07-28T12:03:43Z,21.41,72.31,99,71,38.37,100.81,12.00,482.00,1,1,1
2023-07-28T12:04:43Z,21.44,72.24,99,74,57.93,100.81,11.00,478.00,null,null,null
2023-07-28T12:05:43Z,21.43,72.30,99,73,33.34,100.81,12.00,482.00,null,null,null
2023-07-28T12:06:43Z,21.43,72.24,99,74,35.85,100.81,11.00,478.00,null,null,null
2023-07-28T12:07:43Z,21.43,72.31,99,79,39.59,100.80,13.00,486.00,null,null,null
2023-07-28T12:08:43Z,21.44,72.36,99,80,38.94,100.80,11.00,477.00,2,2,2
2023-07-28T12:09:43Z,21.44,72.42,99,85,33.11,100.80,11.00,477.00,null,null,null
2023-07-28T12:10:53Z,21.46,71.97,99,77,36.28,100.79,12.00,482.00,null,null,null
2023-07-28T12:11:53Z,21.47,71.42,99,71,32.45,100.79,12.00,481.00,null,null,null
2023-07-28T12:12:53Z,21.46,71.06,99,67,32.36,100.79,13.00,488.00,null,null,null
2023-07-28T12:13:53Z,21.46,71.05,99,66,33.80,100.79,14.00,495.00,1,1,1
2023-07-28T12:14:53Z,21.46,70.87,99,71,37.16,100.80,14.00,498.00,null,null,null
2023-07-28T12:15:53Z,21.46,70.79,99,72,44.44,100.79,14.00,493.00,null,null,null
2023-07-28T12:16:53Z,21.44,70.72,99,74,33.63,100.80,14.00,493.00,null,null,null
2023-07-28T12:17:53Z,21.46,70.68,99,74,34.99,100.80,13.00,488.00,null,null,null
2023-07-28T12:18:53Z,21.43,70.76,99,76,35.77,100.80,12.00,485.00,2,2,2
2023-07-28T12:19:53Z,21.44,70.69,99,74,34.44,100.80,11.00,473.00,null,null,null
2023-07-28T12:20:53Z,21.44,70.83,99,77,33.93,100.80,11.00,477.00,null,null,null
2023-07-28T12:21:53Z,21.44,70.75,99,78,34.57,100.80,11.00,473.00,null,null,null
2023-07-28T12:22:53Z,21.44,70.77,99,80,35.22,100.80,12.00,481.00,null,null,null
2023-07-28T12:23:53Z,21.41,70.82,99,80,34.60,100.80,12.00,481.00,1,1,1
2023-07-28T12:24:53Z,21.40,70.86,99,78,39.93,100.79,12.00,481.00,null,null,null
2023-07-28T12:26:03Z,21.41,70.74,99,78,41.15,100.80,11.00,473.00,null,null,null
2023-07-28T12:27:03Z,21.43,70.76,99,75,34.47,100.79,14.00,495.00,null,null,null
2023-07-28T12:28:03Z,21.46,70.58,99,72,32.58,100.80,12.00,485.00,null,null,null
2023-07-28T12:29:03Z,21.40,70.53,99,66,32.94,100.80,12.00,485.00,0,0,0
2023-07-28T12:30:03Z,21.46,70.58,99,63,34.00,100.80,12.00,485.00,null,null,null
2023-07-28T12:31:03Z,21.44,70.52,99,56,38.95,100.80,12.00,485.00,null,null,null
2023-07-28T12:32:03Z,21.43,70.55,99,52,32.04,100.79,11.00,477.00,null,null,null
2023-07-28T12:33:03Z,21.43,70.49,99,50,33.42,100.80,12.00,483.00,null,null,null
2023-07-28T12:34:03Z,21.41,70.50,99,50,33.80,100.79,12.00,483.00,0,0,0
2023-07-28T12:35:03Z,21.46,70.50,99,43,32.63,100.80,11.00,476.00,null,null,null
2023-07-28T12:36:03Z,21.41,70.46,99,38,33.32,100.80,11.00,476.00,null,null,null
2023-07-28T12:37:03Z,21.40,70.45,99,36,37.32,100.80,11.00,476.00,null,null,null
2023-07-28T12:38:03Z,21.37,70.46,99,38,33.46,100.80,11.00,476.00,null,null,null
2023-07-28T12:39:03Z,21.37,70.56,99,41,34.71,100.80,11.00,476.00,1,1,1
2023-07-28T12:40:03Z,21.40,70.70,99,42,34.09,100.80,11.00,473.00,null,null,null
2023-07-28T12:41:13Z,21.39,70.52,99,44,33.83,100.80,11.00,473.00,null,null,null
2023-07-28T12:42:13Z,21.41,70.57,99,44,33.56,100.80,11.00,473.00,null,null,null
2023-07-28T12:43:13Z,21.43,70.50,99,44,35.75,100.80,11.00,473.00,null,null,null
2023-07-28T12:44:13Z,21.40,70.46,99,45,35.65,100.80,11.00,473.00,0,0,0
2023-07-28T12:45:13Z,21.41,70.40,99,47,33.82,100.80,11.00,473.00,null,null,null
2023-07-28T12:46:13Z,21.39,70.38,99,47,38.75,100.80,9.00,465.00,null,null,null
2023-07-28T12:47:13Z,21.40,70.56,99,45,40.90,100.80,9.00,460.00,null,null,null
2023-07-28T12:48:13Z,21.40,70.58,99,44,32.47,100.80,9.00,460.00,null,null,null
2023-07-28T12:49:13Z,21.37,70.58,99,44,33.27,100.80,9.00,460.00,0,0,0
2023-07-28T12:50:13Z,21.40,70.59,99,45,33.83,100.80,9.00,460.00,null,null,null
2023-07-28T12:51:13Z,21.39,70.56,99,50,38.64,100.80,7.00,452.00,null,null,null
2023-07-28T12:52:13Z,21.40,70.58,99,52,33.49,100.80,9.00,460.00,null,null,null
2023-07-28T12:53:13Z,21.41,70.91,99,54,43.05,100.80,9.00,460.00,null,null,null
2023-07-28T12:54:13Z,21.39,70.74,99,53,49.92,100.80,9.00,464.00,1,1,1
2023-07-28T12:55:13Z,21.43,70.54,99,57,39.97,100.80,9.00,464.00,null,null,null
2023-07-28T12:56:23Z,21.41,70.60,99,62,65.62,100.80,9.00,460.00,null,null,null
2023-07-28T12:57:23Z,21.41,70.66,99,66,35.88,100.81,9.00,460.00,null,null,null
2023-07-28T12:58:23Z,21.46,70.43,99,73,51.84,100.80,7.00,452.00,null,null,null
2023-07-28T12:59:23Z,21.43,70.37,99,82,41.31,100.80,7.00,452.00,0,0,0
2023-07-28T13:00:23Z,21.44,70.35,99,84,54.26,100.80,7.00,450.00,null,null,null
2023-07-28T13:01:23Z,21.43,70.39,99,87,36.65,100.80,7.00,450.00,null,null,null
2023-07-28T13:02:23Z,21.46,70.42,99,90,52.70,100.80,7.00,452.00,null,null,null
2023-07-28T13:03:23Z,21.44,70.34,99,85,33.52,100.80,8.00,457.00,null,null,null
2023-07-28T13:04:23Z,21.40,70.43,99,85,34.33,100.80,8.00,457.00,2,3,3
2023-07-28T13:05:23Z,21.43,70.44,99,81,38.72,100.80,8.00,457.00,null,null,null
2023-07-28T13:06:23Z,21.43,70.44,99,80,33.53,100.80,8.00,457.00,null,null,null
2023-07-28T13:07:23Z,21.41,70.48,99,77,32.57,100.80,9.00,462.00,null,null,null
2023-07-28T13:08:23Z,21.40,70.44,99,81,37.09,100.80,9.00,462.00,null,null,null
2023-07-28T13:09:23Z,21.40,70.51,99,78,34.21,100.80,9.00,462.00,0,0,0
2023-07-28T13:10:23Z,21.44,70.54,99,78,63.49,100.80,9.00,461.00,null,null,null
2023-07-28T13:11:33Z,21.43,70.51,99,74,32.55,100.80,9.00,465.00,null,null,null
2023-07-28T13:12:33Z,21.43,70.64,99,75,35.18,100.80,13.00,491.00,null,null,null
2023-07-28T13:13:33Z,21.47,70.52,99,66,33.07,100.80,19.00,527.00,null,null,null
2023-07-28T13:14:33Z,21.46,70.44,99,63,34.55,100.80,17.00,515.00,1,1,1
2023-07-28T13:15:33Z,21.46,70.47,99,67,34.69,100.80,14.00,497.00,null,null,null
2023-07-28T13:16:33Z,21.46,70.38,99,68,33.12,100.80,12.00,485.00,null,null,null
2023-07-28T13:17:33Z,21.47,70.39,99,80,33.08,100.80,11.00,478.00,null,null,null
2023-07-28T13:18:33Z,21.47,70.36,99,72,34.98,100.79,12.00,483.00,null,null,null
2023-07-28T13:19:33Z,21.43,70.39,99,80,33.42,100.79,11.00,478.00,1,1,1
2023-07-28T13:20:33Z,21.44,70.46,99,80,37.89,100.79,11.00,478.00,null,null,null
2023-07-28T13:21:33Z,21.46,70.44,99,80,33.44,100.79,11.00,478.00,null,null,null
2023-07-28T13:22:33Z,21.44,70.48,99,84,33.79,100.79,11.00,475.00,null,null,null
2023-07-28T13:23:33Z,21.46,70.50,99,80,34.58,100.79,11.00,475.00,null,null,null
2023-07-28T13:24:33Z,21.43,70.53,99,82,38.25,100.79,9.00,464.00,0,0,0
2023-07-28T13:25:33Z,21.44,70.52,99,82,37.05,100.79,8.00,454.00,null,null,null
2023-07-28T13:26:43Z,21.44,70.56,99,82,37.04,100.79,8.00,454.00,null,null,null
2023-07-28T13:27:43Z,21.46,70.57,99,87,33.54,100.79,8.00,454.00,null,null,null
2023-07-28T13:28:43Z,21.46,70.57,99,84,35.69,100.79,8.00,459.00,null,null,null
2023-07-28T13:29:43Z,21.47,70.61,99,94,34.01,100.78,8.00,459.00,1,1,1
2023-07-28T13:30:43Z,21.46,70.53,99,90,46.27,100.79,8.00,459.00,null,null,null
2023-07-28T13:31:43Z,21.50,70.39,99,84,32.89,100.78,8.00,459.00,null,null,null
2023-07-28T13:32:43Z,21.48,70.37,99,84,35.94,100.78,7.00,452.00,null,null,null
2023-07-28T13:33:43Z,21.47,70.29,99,90,35.92,100.78,6.00,445.00,null,null,null
2023-07-28T13:34:43Z,21.44,70.52,99,81,35.46,100.78,7.00,452.00,1,1,1
2023-07-28T13:35:43Z,21.44,70.47,99,79,33.90,100.78,7.00,452.00,null,null,null
2023-07-28T13:36:43Z,21.47,70.40,99,78,34.11,100.78,6.00,445.00,null,null,null
2023-07-28T13:37:43Z,21.46,70.38,99,84,34.01,100.78,6.00,443.00,null,null,null
2023-07-28T13:38:43Z,21.44,70.38,99,66,35.84,100.78,6.00,443.00,null,null,null
2023-07-28T13:39:43Z,21.46,70.45,99,67,32.18,100.78,5.00,435.00,1,1,1
2023-07-28T13:40:43Z,21.44,70.41,99,66,32.73,100.78,5.00,435.00,null,null,null
2023-07-28T13:41:53Z,21.44,70.49,99,64,31.75,100.78,5.00,435.00,null,null,null
2023-07-28T13:42:53Z,21.47,70.46,99,57,38.25,100.78,6.00,443.00,null,null,null
2023-07-28T13:43:53Z,21.47,70.37,99,63,36.72,100.78,6.00,443.00,null,null,null
2023-07-28T13:44:53Z,21.46,70.40,99,66,39.22,100.79,6.00,441.00,2,2,2
2023-07-28T13:45:53Z,21.48,70.43,99,66,37.03,100.78,6.00,443.00,null,null,null
2023-07-28T13:46:53Z,21.47,70.33,99,66,44.08,100.78,5.00,434.00,null,null,null
2023-07-28T13:47:53Z,21.48,70.36,99,66,34.50,100.79,5.00,434.00,null,null,null
2023-07-28T13:48:53Z,21.48,70.34,99,69,37.94,100.78,5.00,434.00,null,null,null
2023-07-28T13:49:53Z,21.44,70.37,99,77,33.03,100.78,5.00,434.00,0,0,0
2023-07-28T13:50:53Z,21.47,70.37,99,75,31.64,100.78,5.00,434.00,null,null,null
2023-07-28T13:51:53Z,21.47,70.31,99,75,34.88,100.78,4.00,427.00,null,null,null
2023-07-28T13:52:53Z,21.46,70.40,99,72,34.03,100.78,4.00,427.00,null,null,null
2023-07-28T13:53:53Z,21.46,70.39,99,86,33.65,100.77,3.00,421.00,null,null,null
2023-07-28T13:54:53Z,21.44,70.51,99,74,33.50,100.77,4.00,427.00,0,0,0
2023-07-28T13:55:53Z,21.47,70.55,99,80,35.43,100.77,3.00,426.00,null,null,null
2023-07-28T13:57:03Z,21.50,70.50,99,66,34.17,100.78,5.00,433.00,null,null,null
2023-07-28T13:58:03Z,21.50,70.54,99,71,34.84,100.78,6.00,441.00,null,null,null
2023-07-28T13:59:03Z,21.46,70.50,99,69,37.48,100.77,6.00,441.00,null,null,null
2023-07-28T14:00:03Z,21.48,70.48,99,66,44.71,100.77,7.00,447.00,0,0,0
2023-07-28T14:01:03Z,21.50,70.47,99,52,35.38,100.77,7.00,447.00,null,null,null
2023-07-28T14:02:03Z,21.50,70.48,99,61,33.39,100.77,6.00,441.00,null,null,null
2023-07-28T14:03:03Z,21.50,70.47,99,54,37.90,100.77,6.00,445.00,null,null,null
2023-07-28T14:04:03Z,21.48,70.47,99,46,32.90,100.77,6.00,445.00,null,null,null
2023-07-28T14:05:03Z,21.48,70.47,99,40,36.31,100.77,6.00,445.00,0,0,0
2023-07-28T14:06:03Z,21.51,70.43,99,45,33.94,100.77,5.00,438.00,null,null,null
2023-07-28T14:07:03Z,21.50,70.41,99,56,33.44,100.77,5.00,438.00,null,null,null
2023-07-28T14:08:03Z,21.47,70.42,99,50,32.47,100.77,5.00,438.00,null,null,null
2023-07-28T14:09:03Z,21.48,70.46,99,62,33.19,100.77,5.00,435.00,null,null,null
2023-07-28T14:10:03Z,21.46,70.41,99,51,32.75,100.77,5.00,438.00,0,0,0
2023-07-28T14:11:03Z,21.48,70.41,99,50,39.12,100.77,5.00,435.00,null,null,null
2023-07-28T14:12:13Z,21.51,70.34,99,56,33.50,100.77,1.00,413.00,null,null,null
2023-07-28T14:13:13Z,21.51,70.35,99,59,44.74,100.77,5.00,438.00,null,null,null
2023-07-28T14:14:13Z,21.51,70.39,99,42,37.39,100.76,5.00,438.00,null,null,null
2023-07-28T14:15:13Z,21.51,70.35,99,62,32.75,100.77,6.00,445.00,1,1,1
2023-07-28T14:16:13Z,21.54,70.43,99,60,34.96,100.76,6.00,445.00,null,null,null
2023-07-28T14:17:13Z,21.53,70.38,99,57,43.81,100.76,6.00,445.00,null,null,null
2023-07-28T14:18:13Z,21.53,70.34,99,57,33.93,100.76,7.00,448.00,null,null,null
2023-07-28T14:19:13Z,21.53,70.39,99,58,35.34,100.76,7.00,448.00,null,null,null
2023-07-28T14:20:13Z,21.48,70.47,99,56,41.15,100.76,8.00,454.00,0,0,0
2023-07-28T14:21:13Z,21.53,70.53,99,59,34.31,100.76,8.00,454.00,null,null,null
2023-07-28T14:22:13Z,21.53,70.48,99,50,37.21,100.76,9.00,464.00,null,null,null
2023-07-28T14:23:13Z,21.53,70.52,99,44,32.80,100.76,9.00,461.00,null,null,null
2023-07-28T14:24:13Z,21.53,70.56,99,48,34.44,100.76,9.00,461.00,null,null,null
2023-07-28T14:25:13Z,21.48,70.61,99,48,41.68,100.76,7.00,451.00,1,1,1
2023-07-28T14:26:13Z,21.53,70.56,99,55,39.14,100.76,7.00,451.00,null,null,null
2023-07-28T14:27:23Z,21.53,70.48,99,54,32.75,100.76,7.00,451.00,null,null,null
2023-07-28T14:28:23Z,21.56,70.59,99,53,38.06,100.76,7.00,451.00,null,null,null
2023-07-28T14:29:23Z,21.57,70.45,99,49,34.63,100.76,7.00,446.00,null,null,null
2023-07-28T14:30:23Z,21.54,70.47,99,46,33.49,100.76,7.00,446.00,1,1,1
2023-07-28T14:31:23Z,21.57,70.46,99,43,33.69,100.76,7.00,446.00,null,null,null
2023-07-28T14:32:23Z,21.56,70.47,99,48,40.65,100.76,7.00,446.00,null,null,null
2023-07-28T14:33:23Z,21.56,70.41,99,50,35.08,100.77,7.00,450.00,null,null,null
2023-07-28T14:34:23Z,21.53,70.46,99,48,45.65,100.77,7.00,450.00,null,null,null
2023-07-28T14:35:23Z,21.57,70.44,99,48,48.76,100.77,8.00,457.00,0,0,0
2023-07-28T14:36:23Z,21.56,70.45,99,47,33.15,100.76,8.00,457.00,null,null,null
2023-07-28T14:37:23Z,21.57,70.37,99,49,35.78,100.77,8.00,457.00,null,null,null
2023-07-28T14:38:23Z,21.54,70.37,99,50,33.42,100.77,8.00,457.00,null,null,null
2023-07-28T14:39:23Z,21.54,70.39,99,50,39.55,100.76,9.00,461.00,null,null,null
2023-07-28T14:40:23Z,21.53,70.39,99,50,41.31,100.77,8.00,457.00,1,1,1
2023-07-28T14:41:23Z,21.51,70.41,99,48,34.43,100.77,8.00,457.00,null,null,null
2023-07-28T14:42:33Z,21.56,70.38,99,45,34.61,100.77,7.00,450.00,null,null,null
2023-07-28T14:43:33Z,21.57,70.56,99,42,35.10,100.76,8.00,457.00,null,null,null
2023-07-28T14:44:33Z,21.60,70.46,99,40,35.29,100.77,7.00,450.00,null,null,null
2023-07-28T14:45:33Z,21.56,70.54,99,40,42.16,100.76,7.00,450.00,0,0,0
2023-07-28T14:46:33Z,21.60,70.71,99,40,43.63,100.77,6.00,445.00,null,null,null
2023-07-28T14:47:33Z,21.60,70.74,99,42,39.25,100.77,7.00,450.00,null,null,null
2023-07-28T14:48:33Z,21.60,70.78,99,47,40.24,100.77,5.00,438.00,null,null,null
2023-07-28T14:49:33Z,21.60,70.83,99,50,44.29,100.76,5.00,434.00,null,null,null
2023-07-28T14:50:33Z,21.60,70.84,99,51,39.67,100.77,2.00,418.00,1,1,1
2023-07-28T14:51:33Z,21.63,71.04,99,52,47.25,100.77,2.00,414.00,null,null,null
2023-07-28T14:52:33Z,21.63,70.74,99,56,35.83,100.77,2.00,418.00,null,null,null
2023-07-28T14:53:33Z,21.64,70.69,99,62,35.02,100.77,3.00,426.00,null,null,null
2023-07-28T14:54:33Z,21.63,70.69,99,76,35.41,100.76,4.00,428.00,null,null,null
2023-07-28T14:55:33Z,21.61,70.93,99,91,36.09,100.76,5.00,436.00,1,1,12
2023-07-28T14:56:33Z,21.63,70.82,99,86,46.03,100.76,3.00,424.00,null,null,null
2023-07-28T14:57:43Z,21.64,71.55,99,64,56.37,100.75,5.00,433.00,null,null,null
2023-07-28T14:58:43Z,21.68,71.19,99,56,46.94,100.75,5.00,433.00,null,null,null
2023-07-28T14:59:43Z,21.71,71.66,99,47,39.18,100.75,5.00,433.00,null,null,null
2023-07-28T15:00:43Z,21.65,71.61,99,42,47.72,100.75,3.00,420.00,0,0,0
2023-07-28T15:01:43Z,21.72,71.21,99,39,33.32,100.75,3.00,420.00,null,null,null
2023-07-28T15:02:43Z,21.74,70.74,99,39,36.96,100.74,5.00,435.00,null,null,null
2023-07-28T15:03:43Z,21.74,70.67,99,38,41.11,100.75,5.00,439.00,null,null,null
2023-07-28T15:04:43Z,21.72,70.51,99,39,39.91,100.75,6.00,444.00,null,null,null
2023-07-28T15:05:43Z,21.71,70.55,99,38,35.06,100.75,6.00,444.00,1,1,1
2023-07-28T15:06:43Z,21.70,70.57,99,37,34.38,100.75,8.00,455.00,null,null,null
2023-07-28T15:07:43Z,21.75,70.42,99,37,36.48,100.74,9.00,460.00,null,null,null
2023-07-28T15:08:43Z,21.72,70.39,99,39,36.86,100.74,4.00,427.00,null,null,null
2023-07-28T15:09:43Z,21.71,70.42,99,42,32.06,100.74,4.00,427.00,null,null,null
2023-07-28T15:10:43Z,21.70,70.48,99,44,39.03,100.73,7.00,450.00,1,1,1
2023-07-28T15:11:43Z,21.71,70.41,100,45,39.14,100.73,7.00,450.00,null,null,null
2023-07-28T15:12:53Z,21.72,70.37,99,45,35.64,100.73,8.00,454.00,null,null,null
2023-07-28T15:13:53Z,21.72,70.34,99,42,33.67,100.73,8.00,454.00,null,null,null
2023-07-28T15:14:53Z,21.68,70.33,99,36,37.65,100.73,8.00,454.00,null,null,null
2023-07-28T15:15:53Z,21.70,70.35,99,34,34.95,100.73,8.00,459.00,1,1,1
2023-07-28T15:16:53Z,21.72,70.32,99,31,34.02,100.73,8.00,454.00,null,null,null
2023-07-28T15:17:53Z,21.72,70.31,99,31,37.48,100.73,8.00,457.00,null,null,null
2023-07-28T15:18:53Z,21.74,70.27,99,29,36.92,100.73,8.00,457.00,null,null,null
2023-07-28T15:19:53Z,21.70,70.31,99,29,36.85,100.73,8.00,457.00,null,null,null
2023-07-28T15:20:53Z,21.71,70.32,99,27,33.91,100.72,8.00,457.00,2,2,2
2023-07-28T15:21:53Z,21.71,70.36,99,25,34.99,100.73,9.00,462.00,null,null,null
2023-07-28T15:22:53Z,21.72,70.32,99,22,35.97,100.72,9.00,462.00,null,null,null
2023-07-28T15:23:53Z,21.71,70.41,99,24,35.83,100.73,9.00,462.00,null,null,null
2023-07-28T15:24:53Z,21.70,70.42,99,25,39.74,100.73,9.00,461.00,null,null,null
2023-07-28T15:25:53Z,21.67,70.69,99,29,34.03,100.72,9.00,461.00,2,2,2
2023-07-28T15:26:53Z,21.72,70.53,99,31,34.24,100.73,8.00,456.00,null,null,null
2023-07-28T15:28:03Z,21.70,70.53,99,29,34.97,100.73,7.00,451.00,null,null,null
2023-07-28T15:29:03Z,21.71,70.43,99,26,35.13,100.73,8.00,456.00,null,null,null
2023-07-28T15:30:03Z,21.74,70.32,99,23,34.77,100.72,8.00,456.00,null,null,null
2023-07-28T15:31:03Z,21.74,70.35,99,21,36.29,100.73,9.00,461.00,0,0,0
2023-07-28T15:32:03Z,21.74,70.27,99,22,40.09,100.73,8.00,456.00,null,null,null
2023-07-28T15:33:03Z,21.74,70.26,99,20,39.07,100.73,8.00,455.00,null,null,null
2023-07-28T15:34:03Z,21.75,70.18,99,22,38.92,100.72,8.00,455.00,null,null,null
2023-07-28T15:35:03Z,21.71,70.16,99,20,36.88,100.72,6.00,442.00,null,null,null
2023-07-28T15:36:03Z,21.72,70.14,99,22,36.92,100.73,6.00,443.00,1,1,1
2023-07-28T15:37:03Z,21.71,70.07,99,23,35.12,100.72,7.00,450.00,null,null,null
2023-07-28T15:38:03Z,21.71,69.99,99,26,33.98,100.72,7.00,450.00,null,null,null
2023-07-28T15:39:03Z,21.71,69.98,99,28,36.00,100.72,6.00,443.00,null,null,null
2023-07-28T15:40:03Z,21.68,70.01,99,31,34.35,100.72,7.00,450.00,null,null,null
2023-07-28T15:41:03Z,21.70,69.98,99,34,33.29,100.72,6.00,442.00,1,1,1
2023-07-28T15:42:03Z,21.71,70.03,99,34,41.79,100.72,6.00,442.00,null,null,null
2023-07-28T15:43:13Z,21.70,70.01,99,33,33.81,100.72,5.00,436.00,null,null,null
2023-07-28T15:44:13Z,21.71,70.06,99,31,35.74,100.71,7.00,448.00,null,null,null
2023-07-28T15:45:13Z,21.70,70.02,99,30,33.78,100.71,7.00,452.00,null,null,null
2023-07-28T15:46:13Z,21.75,69.98,99,31,32.82,100.71,7.00,452.00,1,1,1
2023-07-28T15:47:13Z,21.72,70.03,99,28,38.33,100.71,5.00,433.00,null,null,null
2023-07-28T15:48:13Z,21.74,69.95,99,28,38.42,100.72,7.00,450.00,null,null,null
2023-07-28T15:49:13Z,21.72,69.95,99,28,34.25,100.71,7.00,450.00,null,null,null
2023-07-28T15:50:13Z,21.74,70.00,99,26,35.00,100.71,7.00,450.00,null,null,null
2023-07-28T15:51:13Z,21.70,70.05,99,25,36.81,100.71,7.00,450.00,2,2,2
2023-07-28T15:52:13Z,21.72,70.07,99,28,34.80,100.71,7.00,450.00,null,null,null
2023-07-28T15:53:13Z,21.74,70.05,99,32,33.84,100.71,8.00,455.00,null,null,null
2023-07-28T15:54:13Z,21.72,70.05,99,43,36.71,100.71,9.00,460.00,null,null,null
2023-07-28T15:55:13Z,21.72,70.06,99,47,34.77,100.71,9.00,460.00,null,null,null
2023-07-28T15:56:13Z,21.70,70.07,99,70,34.77,100.71,9.00,460.00,1,1,1
2023-07-28T15:57:13Z,21.74,70.10,99,72,44.57,100.71,9.00,460.00,null,null,null
2023-07-28T15:58:23Z,21.72,70.06,99,74,39.31,100.70,9.00,460.00,null,null,null
2023-07-28T15:59:23Z,21.75,70.07,99,77,46.95,100.70,9.00,460.00,null,null,null
2023-07-28T16:00:23Z,21.74,70.07,99,61,35.13,100.70,5.00,438.00,null,null,null
2023-07-28T16:01:23Z,21.72,70.05,99,57,34.08,100.71,8.00,455.00,0,0,0
2023-07-28T16:02:23Z,21.75,70.10,99,54,36.58,100.71,9.00,460.00,null,null,null
2023-07-28T16:03:23Z,21.77,70.15,99,66,44.42,100.70,6.00,442.00,null,null,null
2023-07-28T16:04:23Z,21.72,70.26,99,56,34.64,100.70,4.00,427.00,null,null,null
2023-07-28T16:05:23Z,21.75,70.66,99,51,34.19,100.71,6.00,442.00,null,null,null
2023-07-28T16:06:23Z,21.72,70.39,99,46,38.23,100.70,6.00,442.00,0,0,0
2023-07-28T16:07:23Z,21.74,70.25,99,45,35.73,100.70,2.00,414.00,null,null,null
2023-07-28T16:08:23Z,21.79,70.24,99,42,35.25,100.70,6.00,442.00,null,null,null
2023-07-28T16:09:23Z,21.75,70.17,99,41,36.58,100.71,2.00,417.00,null,null,null
2023-07-28T16:10:23Z,21.77,70.18,99,64,36.80,100.70,3.00,422.00,null,null,null
2023-07-28T16:11:23Z,21.74,70.39,99,64,58.73,100.70,3.00,420.00,0,0,0
2023-07-28T16:12:23Z,23.08,71.44,99,76,59.19,100.71,4.00,432.00,null,null,null
2023-07-28T16:13:23Z,23.20,71.49,99,48,59.02,100.71,0.00,400.00,null,null,null
2023-07-28T16:14:23Z,23.32,71.98,99,0,77.18,100.72,0.00,400.00,null,null,null
2023-07-28T16:15:23Z,23.51,73.27,99,7,54.95,100.72,0.00,400.00,null,null,null
2023-07-28T16:16:23Z,23.76,72.46,99,35,43.61,100.72,0.00,400.00,3,3,3
2023-07-28T16:17:23Z,23.89,69.62,99,12,46.35,100.72,0.00,400.00,null,null,null
