TIME,TEMP,HUM,BATT,LIGHT,NOISE_A,PRESS,CCS811_VOCS,CCS811_ECO2,PM_1,PM_25,PM_10
ISO 8601,C,%,%,Lux,dBA,kPa,ppb,ppm,ug/m3,ug/m3,ug/m3
Time,Temperature,Humidity,Battery,Light,Noise dBA,Barometric pressure,VOC Gas CCS811,eCO2 Gas CCS811,PM 1.0,PM 2.5,PM 10.0
,55,56,10,14,53,58,113,112,89,87,88
2023-09-16T00:00:03Z,24.90,54.47,86,0,33.38,101.10,126.00,1228.00,0,0,0
2023-09-16T00:01:03Z,24.91,54.43,86,0,29.72,101.10,126.00,1228.00,null,null,null
2023-09-16T00:02:03Z,24.91,54.38,86,0,32.21,101.10,127.00,1238.00,null,null,null
2023-09-16T00:03:03Z,24.90,54.41,86,0,34.19,101.10,122.00,1207.00,null,null,null
2023-09-16T00:04:03Z,24.87,54.45,86,0,32.87,101.10,122.00,1207.00,null,null,null
2023-09-16T00:05:03Z,24.90,54.45,86,0,35.32,101.10,127.00,1238.00,0,0,0
2023-09-16T00:06:03Z,24.90,54.45,86,0,25.90,101.10,122.00,1207.00,null,null,null
2023-09-16T00:07:03Z,24.90,54.45,86,0,25.56,101.10,126.00,1228.00,null,null,null
2023-09-16T00:08:03Z,24.88,54.43,86,0,32.37,101.10,126.00,1228.00,null,null,null
2023-09-16T00:09:03Z,24.87,54.46,86,0,33.14,101.10,126.00,1228.00,null,null,null
2023-09-16T00:10:03Z,24.87,54.44,86,0,32.45,101.10,126.00,1228.00,0,0,0
2023-09-16T00:11:03Z,24.87,54.46,86,0,30.99,101.10,126.00,1228.00,null,null,null
2023-09-16T00:12:03Z,24.88,54.43,86,0,28.58,101.10,127.00,1238.00,null,null,null
2023-09-16T00:13:03Z,24.87,54.41,86,0,33.30,101.10,126.00,1228.00,null,null,null
2023-09-16T00:14:03Z,24.87,54.44,86,0,32.34,101.10,127.00,1238.00,null,null,null
2023-09-16T00:15:03Z,24.84,54.42,86,0,36.92,101.10,127.00,1238.00,0,0,0
2023-09-16T00:16:03Z,24.84,54.45,86,0,37.58,101.10,127.00,1238.00,null,null,null
2023-09-16T00:17:03Z,24.87,54.41,86,0,25.73,101.10,127.00,1238.00,null,null,null
2023-09-16T00:18:03Z,24.85,54.43,86,0,32.45,101.10,127.00,1238.00,null,null,null
2023-09-16T00:19:03Z,24.84,54.47,86,0,35.42,101.10,127.00,1238.00,null,null,null
2023-09-16T00:20:03Z,24.81,54.44,86,0,31.27,101.10,127.00,1238.00,0,0,0
2023-09-16T00:21:03Z,24.87,54.41,86,0,32.39,101.10,127.00,1238.00,null,null,null
2023-09-16T00:22:03Z,24.85,54.43,86,0,32.84,101.10,127.00,1238.00,null,null,null
2023-09-16T00:23:03Z,24.84,54.38,86,0,29.48,101.10,127.00,1238.00,null,null,null
2023-09-16T00:24:03Z,24.81,54.42,86,0,26.14,101.10,127.00,1238.00,null,null,null
2023-09-16T00:25:03Z,24.82,54.42,86,0,26.46,101.09,127.00,1238.00,0,0,0
2023-09-16T00:26:03Z,24.81,54.46,85,0,28.89,101.09,126.00,1228.00,null,null,null
2023-09-16T00:27:03Z,24.81,54.45,85,0,30.22,101.09,126.00,1228.00,null,null,null
2023-09-16T00:28:03Z,24.82,54.46,86,0,36.56,101.09,127.00,1238.00,null,null,null
2023-09-16T00:29:03Z,24.79,54.45,86,0,29.22,101.09,127.00,1238.00,null,null,null
2023-09-16T00:30:03Z,24.79,54.43,85,0,29.82,101.09,127.00,1238.00,0,0,0
2023-09-16T00:31:03Z,24.81,54.49,85,0,30.46,101.09,126.00,1228.00,null,null,null
2023-09-16T00:32:03Z,24.79,54.46,85,0,34.70,101.09,127.00,1238.00,null,null,null
2023-09-16T00:33:03Z,24.79,54.46,85,0,34.66,101.09,127.00,1238.00,null,null,null
2023-09-16T00:34:03Z,24.79,54.42,85,0,34.45,101.08,127.00,1238.00,null,null,null
2023-09-16T00:35:03Z,24.79,54.42,85,0,36.19,101.09,127.00,1238.00,0,0,0
2023-09-16T00:36:03Z,24.78,54.47,86,0,31.16,101.09,127.00,1238.00,null,null,null
2023-09-16T00:37:03Z,24.81,54.43,85,0,31.66,101.09,127.00,1238.00,null,null,null
2023-09-16T00:38:03Z,24.78,54.46,86,0,34.58,101.09,127.00,1238.00,null,null,null
2023-09-16T00:39:03Z,24.79,54.47,85,0,40.07,101.09,127.00,1238.00,null,null,null
2023-09-16T00:40:03Z,24.77,54.46,85,0,40.99,101.08,127.00,1238.00,0,0,0
2023-09-16T00:41:03Z,24.78,54.46,85,0,32.89,101.08,128.00,1245.00,null,null,null
2023-09-16T00:42:03Z,24.77,54.44,85,0,32.62,101.08,127.00,1238.00,null,null,null
2023-09-16T00:43:03Z,24.79,54.47,85,0,26.95,101.08,128.00,1245.00,null,null,null
2023-09-16T00:44:03Z,24.78,54.48,85,0,37.62,101.08,128.00,1245.00,null,null,null
2023-09-16T00:45:03Z,24.77,54.49,85,0,31.62,101.08,127.00,1238.00,0,0,0
2023-09-16T00:46:03Z,24.79,54.47,85,0,28.12,101.08,128.00,1245.00,null,null,null
2023-09-16T00:47:03Z,24.75,54.40,85,0,31.51,101.08,127.00,1238.00,null,null,null
2023-09-16T00:48:03Z,24.77,54.46,85,0,34.58,101.08,127.00,1238.00,null,null,null
2023-09-16T00:49:03Z,24.77,54.48,85,0,33.77,101.08,127.00,1238.00,null,null,null
2023-09-16T00:50:03Z,24.74,54.48,85,0,28.28,101.08,127.00,1238.00,0,0,0
2023-09-16T00:51:03Z,24.77,54.45,85,0,27.26,101.08,127.00,1238.00,null,null,null
2023-09-16T00:52:03Z,24.75,54.48,85,0,32.13,101.08,128.00,1245.00,null,null,null
2023-09-16T00:53:03Z,24.77,54.46,85,0,31.42,101.07,128.00,1245.00,null,null,null
2023-09-16T00:54:03Z,24.74,54.48,85,0,30.93,101.07,128.00,1245.00,null,null,null
2023-09-16T00:55:03Z,24.72,54.48,85,0,24.11,101.07,129.00,1248.00,0,0,0
2023-09-16T00:56:03Z,24.75,54.49,85,0,26.29,101.07,129.00,1248.00,null,null,null
2023-09-16T00:57:03Z,24.75,54.47,85,0,32.51,101.07,130.00,1259.00,null,null,null
2023-09-16T00:58:03Z,24.74,54.48,85,0,34.00,101.07,128.00,1245.00,null,null,null
2023-09-16T00:59:03Z,24.71,54.50,85,0,31.11,101.08,132.00,1270.00,null,null,null
2023-09-16T01:00:03Z,24.71,54.50,85,0,29.89,101.08,132.00,1270.00,0,0,0
2023-09-16T01:01:03Z,24.71,54.48,85,0,26.84,101.08,133.00,1277.00,null,null,null
2023-09-16T01:02:03Z,24.74,54.49,85,0,32.54,101.07,132.00,1270.00,null,null,null
2023-09-16T01:03:03Z,24.72,54.50,85,0,31.31,101.07,132.00,1270.00,null,null,null
2023-09-16T01:04:03Z,24.70,54.46,85,0,33.87,101.07,133.00,1277.00,null,null,null
2023-09-16T01:05:03Z,24.71,54.47,85,0,30.56,101.07,133.00,1277.00,0,0,0
2023-09-16T01:06:03Z,24.72,54.52,85,0,40.26,101.07,133.00,1277.00,null,null,null
2023-09-16T01:07:03Z,24.71,54.47,85,0,40.84,101.07,133.00,1277.00,null,null,null
2023-09-16T01:08:03Z,24.71,54.48,85,0,39.41,101.07,133.00,1277.00,null,null,null
2023-09-16T01:09:03Z,24.70,54.47,85,0,30.18,101.07,132.00,1270.00,null,null,null
2023-09-16T01:10:03Z,24.70,54.48,85,0,26.34,101.07,133.00,1277.00,0,0,0
2023-09-16T01:11:03Z,24.71,54.50,85,0,32.14,101.08,132.00,1270.00,null,null,null
2023-09-16T01:12:03Z,24.70,54.48,85,0,35.82,101.08,132.00,1270.00,null,null,null
2023-09-16T01:13:03Z,24.68,54.50,85,0,31.80,101.08,135.00,1288.00,null,null,null
2023-09-16T01:14:03Z,24.68,54.49,85,0,30.37,101.08,135.00,1288.00,null,null,null
2023-09-16T01:15:03Z,24.68,54.52,85,0,25.79,101.07,133.00,1277.00,0,0,0
2023-09-16T01:16:03Z,24.70,54.47,85,0,29.44,101.08,133.00,1277.00,null,null,null
2023-09-16T01:17:03Z,24.70,54.47,85,0,30.81,101.08,135.00,1288.00,null,null,null
2023-09-16T01:18:03Z,24.70,54.52,85,0,30.74,101.08,133.00,1277.00,null,null,null
2023-09-16T01:19:03Z,24.68,54.51,85,0,30.60,101.08,133.00,1277.00,null,null,null
2023-09-16T01:20:03Z,24.67,54.49,85,0,33.48,101.07,135.00,1288.00,0,0,0
2023-09-16T01:21:03Z,24.65,54.51,85,0,33.81,101.07,135.00,1288.00,null,null,null
2023-09-16T01:22:03Z,24.67,54.52,85,0,28.52,101.07,135.00,1288.00,null,null,null
2023-09-16T01:23:03Z,24.68,54.47,85,0,31.39,101.07,135.00,1288.00,null,null,null
2023-09-16T01:24:03Z,24.64,54.51,85,0,29.98,101.07,135.00,1288.00,null,null,null
2023-09-16T01:25:03Z,24.64,54.56,85,0,37.16,101.07,135.00,1288.00,0,0,0
2023-09-16T01:26:03Z,24.67,54.51,85,0,38.33,101.07,135.00,1288.00,null,null,null
2023-09-16T01:27:03Z,24.65,54.52,85,0,37.74,101.07,135.00,1288.00,null,null,null
2023-09-16T01:28:03Z,24.65,54.51,85,0,28.80,101.07,135.00,1288.00,null,null,null
2023-09-16T01:29:03Z,24.65,54.53,85,0,24.39,101.07,135.00,1288.00,null,null,null
2023-09-16T01:30:03Z,24.63,54.54,85,0,31.53,101.07,135.00,1288.00,0,0,0
2023-09-16T01:31:03Z,24.67,54.53,85,0,30.45,101.07,135.00,1288.00,null,null,null
2023-09-16T01:32:03Z,24.65,54.48,85,0,24.61,101.06,135.00,1288.00,null,null,null
2023-09-16T01:33:03Z,24.64,54.52,85,0,28.66,101.06,136.00,1299.00,null,null,null
2023-09-16T01:34:03Z,24.64,54.57,85,0,29.88,101.06,135.00,1288.00,null,null,null
2023-09-16T01:35:03Z,24.63,54.53,85,0,32.23,101.06,135.00,1288.00,0,0,0
2023-09-16T01:36:03Z,24.64,54.53,85,0,23.81,101.06,135.00,1288.00,null,null,null
2023-09-16T01:37:03Z,24.63,54.52,85,0,31.39,101.06,136.00,1299.00,null,null,null
2023-09-16T01:38:03Z,24.64,54.53,85,0,32.27,101.06,136.00,1299.00,null,null,null
2023-09-16T01:39:03Z,24.64,54.52,85,0,33.62,101.05,136.00,1299.00,null,null,null
2023-09-16T01:40:03Z,24.63,54.58,85,0,31.33,101.06,136.00,1299.00,0,0,0
2023-09-16T01:41:03Z,24.64,54.50,85,0,23.63,101.06,135.00,1288.00,null,null,null
2023-09-16T01:42:03Z,24.63,54.51,85,0,29.13,101.06,136.00,1299.00,null,null,null
2023-09-16T01:43:03Z,24.64,54.53,85,0,30.46,101.06,139.00,1316.00,null,null,null
2023-09-16T01:44:03Z,24.63,54.52,85,0,36.00,101.06,136.00,1299.00,null,null,null
2023-09-16T01:45:03Z,24.61,54.54,85,0,26.48,101.06,139.00,1316.00,0,0,0
2023-09-16T01:46:03Z,24.63,54.51,85,0,29.58,101.05,136.00,1299.00,null,null,null
2023-09-16T01:47:03Z,24.61,54.54,85,0,38.88,101.05,139.00,1316.00,null,null,null
2023-09-16T01:48:03Z,24.63,54.53,85,0,33.96,101.06,139.00,1316.00,null,null,null
2023-09-16T01:49:03Z,24.61,54.55,85,0,29.22,101.05,136.00,1299.00,null,null,null
2023-09-16T01:50:03Z,24.60,54.55,85,0,32.88,101.05,139.00,1316.00,0,0,0
2023-09-16T01:51:03Z,24.60,54.56,85,0,31.33,101.05,139.00,1316.00,null,null,null
2023-09-16T01:52:03Z,24.63,54.54,85,0,27.57,101.05,139.00,1316.00,null,null,null
2023-09-16T01:53:03Z,24.60,54.54,85,0,30.33,101.05,139.00,1316.00,null,null,null
2023-09-16T01:54:03Z,24.58,54.56,85,0,30.84,101.05,139.00,1316.00,null,null,null
2023-09-16T01:55:03Z,24.58,54.57,85,0,32.19,101.05,139.00,1316.00,0,0,0
2023-09-16T01:56:03Z,24.58,54.57,85,0,29.47,101.06,136.00,1299.00,null,null,null
2023-09-16T01:57:03Z,24.57,54.54,85,0,31.64,101.06,136.00,1299.00,null,null,null
2023-09-16T01:58:03Z,24.60,54.57,85,0,30.16,101.06,136.00,1299.00,null,null,null
2023-09-16T01:59:03Z,24.57,54.55,85,0,25.73,101.06,139.00,1316.00,null,null,null
2023-09-16T02:00:03Z,24.57,54.60,85,0,27.62,101.05,139.00,1316.00,0,0,0
2023-09-16T02:01:03Z,24.55,54.58,85,0,31.03,101.06,136.00,1299.00,null,null,null
2023-09-16T02:02:03Z,24.58,54.57,85,0,26.87,101.06,141.00,1330.00,null,null,null
2023-09-16T02:03:03Z,24.57,54.60,85,0,25.06,101.06,141.00,1330.00,null,null,null
2023-09-16T02:04:03Z,24.55,54.55,85,0,33.28,101.06,139.00,1316.00,null,null,null
2023-09-16T02:05:03Z,24.58,54.56,85,0,29.17,101.06,141.00,1330.00,0,0,0
2023-09-16T02:06:03Z,24.58,54.53,85,0,37.75,101.06,141.00,1330.00,null,null,null
2023-09-16T02:07:03Z,24.55,54.53,85,0,33.04,101.06,139.00,1316.00,null,null,null
2023-09-16T02:08:03Z,24.58,54.59,85,0,38.08,101.06,139.00,1316.00,null,null,null
2023-09-16T02:09:03Z,24.54,54.61,85,0,32.95,101.06,141.00,1330.00,null,null,null
2023-09-16T02:10:03Z,24.55,54.56,85,0,28.89,101.06,141.00,1330.00,0,0,0
2023-09-16T02:11:03Z,24.55,54.57,85,0,28.34,101.07,141.00,1330.00,null,null,null
2023-09-16T02:12:03Z,24.57,54.58,85,0,28.36,101.06,141.00,1330.00,null,null,null
2023-09-16T02:13:03Z,24.54,54.53,84,0,29.70,101.06,141.00,1330.00,null,null,null
2023-09-16T02:14:03Z,24.55,54.57,85,0,28.70,101.06,141.00,1330.00,null,null,null
2023-09-16T02:15:03Z,24.54,54.61,85,0,31.40,101.06,141.00,1330.00,0,0,0
2023-09-16T02:16:03Z,24.54,54.59,84,0,34.45,101.07,141.00,1330.00,null,null,null
2023-09-16T02:17:03Z,24.55,54.58,85,0,31.02,101.06,141.00,1330.00,null,null,null
2023-09-16T02:18:03Z,24.55,54.54,85,0,30.80,101.06,141.00,1330.00,null,null,null
2023-09-16T02:19:03Z,24.53,54.59,85,0,30.08,101.06,139.00,1316.00,null,null,null
2023-09-16T02:20:03Z,24.51,54.58,85,0,27.51,101.07,139.00,1316.00,0,0,0
2023-09-16T02:21:03Z,24.54,54.59,84,0,35.88,101.06,139.00,1316.00,null,null,null
2023-09-16T02:22:03Z,24.54,54.60,85,0,27.57,101.07,141.00,1330.00,null,null,null
2023-09-16T02:23:03Z,24.54,54.61,85,0,31.72,101.07,142.00,1338.00,null,null,null
2023-09-16T02:24:03Z,24.50,54.62,84,0,30.66,101.06,141.00,1330.00,null,null,null
2023-09-16T02:25:03Z,24.51,54.59,85,0,35.12,101.06,142.00,1338.00,0,0,0
2023-09-16T02:26:03Z,24.51,54.64,84,0,33.27,101.06,139.00,1316.00,null,null,null
2023-09-16T02:27:03Z,24.53,54.53,84,0,35.24,101.06,141.00,1330.00,null,null,null
2023-09-16T02:28:03Z,24.54,54.64,85,0,34.83,101.06,141.00,1330.00,null,null,null
2023-09-16T02:29:03Z,24.51,54.60,84,0,33.82,101.07,142.00,1338.00,null,null,null
2023-09-16T02:30:03Z,24.50,54.62,84,0,33.01,101.06,142.00,1338.00,0,0,0
2023-09-16T02:31:03Z,24.51,54.61,84,0,25.53,101.06,142.00,1338.00,null,null,null
2023-09-16T02:32:03Z,24.51,54.63,84,0,31.96,101.07,142.00,1338.00,null,null,null
2023-09-16T02:33:03Z,24.53,54.58,84,0,35.38,101.06,142.00,1338.00,null,null,null
2023-09-16T02:34:03Z,24.50,54.63,84,0,35.77,101.07,142.00,1338.00,null,null,null
2023-09-16T02:35:03Z,24.51,54.62,84,0,30.41,101.06,142.00,1338.00,0,0,0
2023-09-16T02:36:03Z,24.51,54.64,84,0,34.01,101.07,142.00,1338.00,null,null,null
2023-09-16T02:37:03Z,24.50,54.62,84,0,25.82,101.07,142.00,1338.00,null,null,null
2023-09-16T02:38:03Z,24.51,54.59,84,0,28.89,101.07,142.00,1338.00,null,null,null
2023-09-16T02:39:03Z,24.49,54.60,84,0,34.56,101.07,142.00,1338.00,null,null,null
2023-09-16T02:40:03Z,24.49,54.63,84,0,25.26,101.06,142.00,1338.00,0,0,0
2023-09-16T02:41:03Z,24.51,54.65,84,0,26.76,101.07,141.00,1330.00,null,null,null
2023-09-16T02:42:03Z,24.49,54.62,84,0,33.64,101.06,141.00,1330.00,null,null,null
2023-09-16T02:43:03Z,24.47,54.64,84,0,34.31,101.06,142.00,1338.00,null,null,null
2023-09-16T02:44:03Z,24.47,54.63,84,0,37.18,101.07,142.00,1338.00,null,null,null
2023-09-16T02:45:03Z,24.44,54.63,84,0,29.55,101.06,142.00,1338.00,0,0,0
2023-09-16T02:46:03Z,24.49,54.65,84,0,31.28,101.06,141.00,1330.00,null,null,null
2023-09-16T02:47:03Z,24.50,54.64,84,0,24.65,101.06,145.00,1352.00,null,null,null
2023-09-16T02:48:03Z,24.49,54.64,84,0,44.57,101.06,142.00,1338.00,null,null,null
2023-09-16T02:49:03Z,24.49,54.63,84,0,28.91,101.06,142.00,1338.00,null,null,null
2023-09-16T02:50:03Z,24.47,54.65,84,0,31.47,101.06,142.00,1338.00,0,0,0
2023-09-16T02:51:03Z,24.50,54.64,84,0,32.33,101.06,145.00,1352.00,null,null,null
2023-09-16T02:52:03Z,24.50,54.64,84,0,32.81,101.06,145.00,1352.00,null,null,null
2023-09-16T02:53:03Z,24.49,54.66,84,0,32.28,101.05,142.00,1338.00,null,null,null
2023-09-16T02:54:03Z,24.46,54.65,84,0,28.87,101.06,142.00,1338.00,null,null,null
2023-09-16T02:55:03Z,24.46,54.63,84,0,28.54,101.06,142.00,1338.00,0,0,0
2023-09-16T02:56:03Z,24.49,54.66,84,0,30.73,101.06,145.00,1352.00,null,null,null
2023-09-16T02:57:03Z,24.47,54.65,84,0,35.71,101.05,145.00,1352.00,null,null,null
2023-09-16T02:58:03Z,24.44,54.65,84,0,31.95,101.05,145.00,1352.00,null,null,null
2023-09-16T02:59:03Z,24.47,54.66,84,0,34.16,101.05,145.00,1352.00,null,null,null
