TIME,TEMP,HUM,BATT,LIGHT,NOISE_A,PRESS,CCS811_VOCS,CCS811_ECO2,PM_1,PM_25,PM_10
ISO 8601,C,%,%,Lux,dBA,kPa,ppb,ppm,ug/m3,ug/m3,ug/m3
Time,Temperature,Humidity,Battery,Light,Noise dBA,Barometric pressure,VOC Gas CCS811,eCO2 Gas CCS811,PM 1.0,PM 2.5,PM 10.0
,55,56,10,14,53,58,113,112,89,87,88
2023-08-05T00:00:27Z,21.99,63.24,99,0,30.09,101.79,25.00,570.00,7,10,10
2023-08-05T00:01:27Z,22.00,63.27,100,0,34.14,101.79,25.00,566.00,null,null,null
2023-08-05T00:02:27Z,22.00,63.28,99,0,34.58,101.79,25.00,566.00,null,null,null
2023-08-05T00:03:27Z,21.99,63.15,99,0,30.25,101.79,25.00,565.00,null,null,null
2023-08-05T00:04:27Z,22.00,63.23,99,0,30.11,101.79,25.00,566.00,null,null,null
2023-08-05T00:05:27Z,22.00,63.14,100,0,34.18,101.79,24.00,560.00,5,5,5
2023-08-05T00:06:27Z,22.00,63.08,100,0,30.11,101.79,25.00,566.00,null,null,null
2023-08-05T00:07:27Z,22.02,63.15,99,0,45.82,101.78,25.00,570.00,null,null,null
2023-08-05T00:08:27Z,22.00,63.06,100,0,30.21,101.78,25.00,570.00,null,null,null
2023-08-05T00:09:27Z,22.00,63.15,99,0,29.38,101.78,25.00,566.00,null,null,null
2023-08-05T00:10:27Z,22.02,63.08,99,0,30.64,101.78,27.00,578.00,9,11,11
2023-08-05T00:11:27Z,22.02,63.08,100,0,30.26,101.78,25.00,570.00,null,null,null
2023-08-05T00:12:27Z,22.03,63.08,100,0,31.94,101.79,27.00,578.00,null,null,null
2023-08-05T00:13:27Z,22.03,63.21,100,0,31.72,101.78,27.00,578.00,null,null,null
2023-08-05T00:14:27Z,22.02,63.27,100,0,29.94,101.78,27.00,578.00,null,null,null
2023-08-05T00:15:27Z,22.00,63.10,99,0,39.20,101.78,25.00,565.00,6,10,10
2023-08-05T00:16:27Z,22.02,63.24,100,0,35.13,101.79,25.00,570.00,null,null,null
2023-08-05T00:17:27Z,22.03,63.36,99,0,30.18,101.79,27.00,578.00,null,null,null
2023-08-05T00:18:27Z,22.06,63.16,100,0,29.96,101.79,25.00,565.00,null,null,null
2023-08-05T00:19:27Z,22.03,63.18,99,0,29.68,101.79,25.00,570.00,null,null,null
2023-08-05T00:20:27Z,22.00,63.17,99,0,30.33,101.79,28.00,586.00,6,6,6
2023-08-05T00:21:27Z,22.03,63.12,99,0,30.19,101.79,27.00,578.00,null,null,null
2023-08-05T00:22:27Z,22.05,63.12,100,0,33.52,101.79,27.00,578.00,null,null,null
2023-08-05T00:23:27Z,22.02,63.10,99,0,31.79,101.79,27.00,578.00,null,null,null
2023-08-05T00:24:27Z,22.03,63.03,99,0,31.72,101.78,25.00,570.00,null,null,null
2023-08-05T00:25:27Z,22.03,63.08,99,0,29.70,101.78,25.00,570.00,8,8,8
2023-08-05T00:26:27Z,22.03,63.17,99,0,48.51,101.78,25.00,566.00,null,null,null
2023-08-05T00:27:27Z,22.03,63.04,99,0,29.49,101.78,27.00,578.00,null,null,null
2023-08-05T00:28:27Z,22.02,63.02,100,0,29.99,101.78,27.00,578.00,null,null,null
2023-08-05T00:29:27Z,22.02,63.09,99,0,30.25,101.77,27.00,578.00,null,null,null
2023-08-05T00:30:27Z,22.02,63.04,99,0,30.11,101.77,25.00,570.00,5,8,8
2023-08-05T00:31:27Z,22.05,63.04,100,0,32.73,101.77,25.00,570.00,null,null,null
2023-08-05T00:32:27Z,22.05,63.08,99,0,29.60,101.76,27.00,578.00,null,null,null
2023-08-05T00:33:27Z,22.03,62.98,100,0,60.88,101.75,25.00,566.00,null,null,null
2023-08-05T00:34:27Z,22.02,63.14,99,0,30.24,101.75,25.00,570.00,null,null,null
2023-08-05T00:35:27Z,22.03,63.05,100,0,32.95,101.75,25.00,566.00,5,5,5
2023-08-05T00:36:27Z,22.03,63.13,99,0,30.75,101.75,25.00,566.00,null,null,null
2023-08-05T00:37:27Z,22.03,63.09,99,0,29.83,101.74,25.00,570.00,null,null,null
2023-08-05T00:38:27Z,22.05,63.26,99,0,44.82,101.74,25.00,570.00,null,null,null
2023-08-05T00:39:27Z,22.03,63.04,100,0,37.84,101.73,24.00,560.00,null,null,null
2023-08-05T00:40:27Z,22.00,62.94,99,0,34.20,101.74,25.00,566.00,6,7,7
2023-08-05T00:41:27Z,22.05,62.87,99,0,30.16,101.74,25.00,570.00,null,null,null
2023-08-05T00:42:27Z,22.05,62.85,100,0,33.11,101.74,24.00,560.00,null,null,null
2023-08-05T00:43:27Z,22.06,62.88,99,0,44.49,101.74,24.00,560.00,null,null,null
2023-08-05T00:44:27Z,22.06,62.97,100,0,30.26,101.73,25.00,566.00,null,null,null
2023-08-05T00:45:27Z,22.05,63.17,99,0,31.15,101.73,25.00,566.00,4,4,4
2023-08-05T00:46:27Z,22.07,62.95,99,0,30.75,101.73,25.00,570.00,null,null,null
2023-08-05T00:47:27Z,22.06,62.90,99,0,30.59,101.72,27.00,578.00,null,null,null
2023-08-05T00:48:27Z,22.06,62.76,99,0,31.42,101.72,25.00,570.00,null,null,null
2023-08-05T00:49:27Z,22.06,62.81,100,0,30.91,101.72,25.00,570.00,null,null,null
2023-08-05T00:50:27Z,22.05,62.83,99,0,31.95,101.72,25.00,566.00,9,11,11
2023-08-05T00:51:27Z,22.07,62.84,100,0,29.95,101.72,25.00,570.00,null,null,null
2023-08-05T00:52:27Z,22.06,62.69,100,0,32.02,101.71,25.00,570.00,null,null,null
2023-08-05T00:53:27Z,22.06,62.87,99,0,30.03,101.71,26.00,577.00,null,null,null
2023-08-05T00:54:27Z,22.05,62.95,99,0,31.14,101.71,25.00,566.00,null,null,null
2023-08-05T00:55:27Z,22.05,62.99,100,0,29.95,101.71,25.00,566.00,7,8,8
2023-08-05T00:56:27Z,22.07,62.69,99,0,29.69,101.70,23.00,552.00,null,null,null
2023-08-05T00:57:27Z,22.06,62.91,100,0,29.58,101.69,24.00,560.00,null,null,null
2023-08-05T00:58:27Z,22.06,62.70,99,0,29.89,101.69,21.00,542.00,null,null,null
2023-08-05T00:59:27Z,22.06,62.84,100,0,31.62,101.68,22.00,548.00,null,null,null
2023-08-05T01:00:27Z,22.05,62.84,99,0,31.71,101.68,21.00,542.00,9,13,13
2023-08-05T01:01:27Z,22.07,62.61,99,0,30.27,101.67,20.00,536.00,null,null,null
2023-08-05T01:02:27Z,22.09,62.89,100,0,30.24,101.67,22.00,548.00,null,null,null
2023-08-05T01:03:27Z,22.06,62.76,99,0,33.40,101.67,20.00,536.00,null,null,null
2023-08-05T01:04:27Z,22.06,62.84,100,0,31.10,101.66,20.00,536.00,null,null,null
2023-08-05T01:05:27Z,22.05,62.69,100,0,31.07,101.66,20.00,536.00,8,9,9
2023-08-05T01:06:27Z,22.06,62.73,99,0,31.46,101.66,20.00,536.00,null,null,null
2023-08-05T01:07:27Z,22.06,62.62,99,0,31.38,101.65,22.00,548.00,null,null,null
2023-08-05T01:08:27Z,22.05,62.67,99,0,30.40,101.64,23.00,552.00,null,null,null
2023-08-05T01:09:27Z,22.05,62.62,99,0,30.02,101.64,23.00,552.00,null,null,null
2023-08-05T01:10:27Z,22.05,62.63,99,0,29.81,101.63,23.00,552.00,5,5,5
2023-08-05T01:11:27Z,22.06,62.66,99,0,36.05,101.63,25.00,566.00,null,null,null
2023-08-05T01:12:27Z,22.05,62.56,99,0,30.04,101.63,25.00,566.00,null,null,null
2023-08-05T01:13:27Z,22.06,62.46,99,0,30.99,101.62,24.00,560.00,null,null,null
2023-08-05T01:14:27Z,22.06,62.49,99,0,32.97,101.62,24.00,560.00,null,null,null
2023-08-05T01:15:27Z,22.05,62.57,99,0,29.93,101.61,24.00,560.00,10,11,11
2023-08-05T01:16:27Z,22.05,62.54,100,0,31.40,101.61,24.00,560.00,null,null,null
2023-08-05T01:17:27Z,22.03,62.49,99,0,30.23,101.61,24.00,560.00,null,null,null
2023-08-05T01:18:27Z,22.05,62.42,99,0,30.32,101.60,24.00,560.00,null,null,null
2023-08-05T01:19:27Z,22.06,62.47,100,0,31.44,101.60,23.00,552.00,null,null,null
2023-08-05T01:20:27Z,22.05,62.54,99,0,30.35,101.60,23.00,552.00,7,7,7
2023-08-05T01:21:27Z,22.06,62.56,100,0,30.68,101.61,24.00,560.00,null,null,null
2023-08-05T01:22:27Z,22.06,62.41,100,0,31.17,101.60,25.00,566.00,null,null,null
2023-08-05T01:23:27Z,22.05,62.45,99,0,33.23,101.60,24.00,560.00,null,null,null
2023-08-05T01:24:27Z,22.03,62.45,99,0,34.60,101.60,24.00,560.00,null,null,null
2023-08-05T01:25:27Z,22.00,62.58,99,0,30.14,101.59,24.00,560.00,8,11,11
2023-08-05T01:26:27Z,22.06,62.41,99,0,29.71,101.60,26.00,572.00,null,null,null
2023-08-05T01:27:27Z,22.06,62.34,99,0,30.50,101.59,25.00,566.00,null,null,null
2023-08-05T01:28:27Z,22.03,62.38,100,0,30.60,101.59,25.00,566.00,null,null,null
2023-08-05T01:29:27Z,22.03,62.25,100,0,30.42,101.59,26.00,572.00,null,null,null
2023-08-05T01:30:27Z,22.03,62.40,99,0,30.64,101.59,25.00,566.00,2,3,3
2023-08-05T01:31:27Z,22.02,62.32,99,0,29.68,101.59,25.00,566.00,null,null,null
2023-08-05T01:32:27Z,22.07,62.32,99,0,30.52,101.59,25.00,566.00,null,null,null
2023-08-05T01:33:27Z,22.05,62.30,99,0,30.78,101.59,25.00,566.00,null,null,null
2023-08-05T01:34:27Z,22.03,62.57,99,0,29.68,101.59,24.00,560.00,null,null,null
2023-08-05T01:35:27Z,22.03,62.38,99,0,31.48,101.59,23.00,552.00,4,4,4
2023-08-05T01:36:27Z,22.05,62.46,100,0,29.92,101.59,23.00,552.00,null,null,null
2023-08-05T01:37:27Z,22.05,62.27,99,0,30.73,101.59,24.00,560.00,null,null,null
2023-08-05T01:38:27Z,22.05,62.38,100,0,29.83,101.59,24.00,560.00,null,null,null
2023-08-05T01:39:27Z,22.02,62.28,99,0,30.48,101.59,24.00,560.00,null,null,null
2023-08-05T01:40:27Z,22.03,62.37,99,0,38.42,101.59,23.00,552.00,6,11,11
2023-08-05T01:41:27Z,22.05,62.45,100,0,34.55,101.60,24.00,560.00,null,null,null
2023-08-05T01:42:27Z,22.05,62.31,99,0,31.14,101.60,25.00,566.00,null,null,null
2023-08-05T01:43:27Z,22.03,62.35,100,0,35.83,101.60,25.00,566.00,null,null,null
2023-08-05T01:44:27Z,22.03,62.35,99,0,32.92,101.59,24.00,560.00,null,null,null
2023-08-05T01:45:27Z,22.00,62.41,99,0,31.43,101.59,24.00,560.00,6,6,6
2023-08-05T01:46:27Z,22.03,62.54,99,0,31.45,101.58,24.00,560.00,null,null,null
2023-08-05T01:47:27Z,22.05,62.11,99,0,30.58,101.58,23.00,552.00,null,null,null
2023-08-05T01:48:27Z,22.03,62.20,99,0,30.40,101.58,20.00,533.00,null,null,null
2023-08-05T01:49:27Z,22.02,62.31,99,0,31.58,101.57,18.00,523.00,null,null,null
2023-08-05T01:50:27Z,22.00,62.24,99,0,33.05,101.57,17.00,518.00,6,6,6
2023-08-05T01:51:27Z,22.03,62.29,100,0,30.34,101.56,15.00,501.00,null,null,null
2023-08-05T01:52:27Z,22.03,62.21,99,0,30.29,101.56,15.00,501.00,null,null,null
2023-08-05T01:53:27Z,22.02,62.14,99,0,33.82,101.56,15.00,505.00,null,null,null
2023-08-05T01:54:27Z,22.00,62.32,100,0,31.94,101.55,15.00,505.00,null,null,null
2023-08-05T01:55:27Z,21.99,62.30,100,0,30.60,101.55,15.00,501.00,6,7,7
2023-08-05T01:56:27Z,21.99,62.14,99,0,30.61,101.55,16.00,508.00,null,null,null
2023-08-05T01:57:27Z,22.03,62.17,99,0,31.07,101.54,18.00,523.00,null,null,null
2023-08-05T01:58:27Z,22.02,62.19,99,0,33.71,101.54,18.00,523.00,null,null,null
2023-08-05T01:59:27Z,21.99,62.20,99,0,31.31,101.54,19.00,529.00,null,null,null
2023-08-05T02:00:27Z,22.00,62.21,100,0,35.54,101.54,19.00,529.00,5,8,8
2023-08-05T02:01:27Z,22.00,62.22,99,0,30.74,101.54,19.00,529.00,null,null,null
2023-08-05T02:02:27Z,22.00,62.28,99,0,32.32,101.53,20.00,533.00,null,null,null
2023-08-05T02:03:27Z,22.00,62.21,100,0,31.72,101.52,16.00,508.00,null,null,null
2023-08-05T02:04:27Z,21.99,61.93,100,0,33.37,101.52,14.00,496.00,null,null,null
2023-08-05T02:05:27Z,21.97,62.09,100,0,30.10,101.52,14.00,496.00,4,4,4
2023-08-05T02:06:27Z,21.97,62.36,99,0,38.05,101.51,14.00,496.00,null,null,null
2023-08-05T02:07:27Z,22.00,62.11,99,0,30.73,101.51,17.00,518.00,null,null,null
2023-08-05T02:08:27Z,22.00,62.04,100,0,30.13,101.51,18.00,523.00,null,null,null
2023-08-05T02:09:27Z,21.99,62.22,100,0,31.88,101.51,15.00,501.00,null,null,null
2023-08-05T02:10:27Z,21.99,62.48,99,0,30.24,101.50,15.00,501.00,4,6,17
2023-08-05T02:11:27Z,21.99,62.20,99,0,34.22,101.50,14.00,492.00,null,null,null
2023-08-05T02:12:27Z,22.02,62.27,99,0,31.04,101.50,14.00,496.00,null,null,null
2023-08-05T02:13:27Z,21.99,62.28,100,0,29.71,101.50,15.00,501.00,null,null,null
2023-08-05T02:14:27Z,21.97,62.21,100,0,32.38,101.50,15.00,501.00,null,null,null
2023-08-05T02:15:27Z,21.96,62.17,99,0,31.70,101.51,15.00,501.00,7,7,7
2023-08-05T02:16:27Z,21.99,62.21,100,0,33.14,101.51,15.00,501.00,null,null,null
2023-08-05T02:17:27Z,21.97,62.16,100,0,35.20,101.51,17.00,517.00,null,null,null
2023-08-05T02:18:27Z,21.99,62.18,99,0,30.54,101.51,17.00,517.00,null,null,null
2023-08-05T02:19:27Z,21.97,62.23,99,0,31.56,101.51,19.00,529.00,null,null,null
2023-08-05T02:20:27Z,21.96,62.27,99,0,29.95,101.51,17.00,517.00,4,4,4
2023-08-05T02:21:27Z,21.99,62.21,99,0,39.70,101.51,17.00,518.00,null,null,null
2023-08-05T02:22:27Z,21.96,62.12,99,0,32.97,101.50,17.00,517.00,null,null,null
2023-08-05T02:23:27Z,21.97,62.10,100,0,30.13,101.50,18.00,523.00,null,null,null
2023-08-05T02:24:27Z,21.99,62.25,100,0,32.60,101.50,18.00,523.00,null,null,null
2023-08-05T02:25:27Z,21.97,62.20,99,0,35.08,101.50,18.00,524.00,10,15,15
2023-08-05T02:26:27Z,21.95,62.27,100,0,30.03,101.50,18.00,524.00,null,null,null
2023-08-05T02:27:27Z,22.00,62.17,99,0,29.90,101.49,20.00,533.00,null,null,null
2023-08-05T02:28:27Z,21.99,62.14,100,0,37.32,101.49,19.00,529.00,null,null,null
2023-08-05T02:29:27Z,21.97,62.19,100,0,30.57,101.49,18.00,523.00,null,null,null
2023-08-05T02:30:27Z,21.96,62.27,100,0,29.99,101.49,17.00,517.00,7,7,7
2023-08-05T02:31:27Z,21.99,62.17,99,0,30.97,101.49,16.00,508.00,null,null,null
2023-08-05T02:32:27Z,21.99,62.32,100,0,30.78,101.49,17.00,517.00,null,null,null
2023-08-05T02:33:27Z,21.97,62.38,99,0,30.71,101.49,17.00,518.00,null,null,null
2023-08-05T02:34:27Z,21.95,62.25,100,0,30.44,101.49,16.00,508.00,null,null,null
2023-08-05T02:35:27Z,21.96,62.37,99,0,29.73,101.49,17.00,518.00,8,8,8
2023-08-05T02:36:27Z,21.96,62.24,100,0,30.73,101.48,16.00,508.00,null,null,null
2023-08-05T02:37:27Z,21.99,62.19,99,0,29.23,101.49,17.00,517.00,null,null,null
2023-08-05T02:38:27Z,21.97,62.23,99,0,29.79,101.49,21.00,540.00,null,null,null
2023-08-05T02:39:27Z,21.97,62.15,100,0,29.99,101.49,22.00,546.00,null,null,null
2023-08-05T02:40:27Z,21.95,62.32,99,0,30.43,101.48,21.00,540.00,5,7,7
2023-08-05T02:41:27Z,21.97,62.16,100,0,30.06,101.48,18.00,524.00,null,null,null
2023-08-05T02:42:27Z,21.96,62.10,99,0,30.18,101.48,18.00,523.00,null,null,null
2023-08-05T02:43:27Z,21.97,62.06,99,0,30.57,101.48,17.00,517.00,null,null,null
2023-08-05T02:44:27Z,21.95,62.05,100,0,30.04,101.49,19.00,529.00,null,null,null
2023-08-05T02:45:27Z,21.96,62.19,100,0,34.58,101.49,21.00,540.00,6,7,7
2023-08-05T02:46:27Z,21.95,62.09,100,0,29.28,101.48,21.00,540.00,null,null,null
2023-08-05T02:47:27Z,21.96,62.01,100,0,44.16,101.48,22.00,546.00,null,null,null
2023-08-05T02:48:27Z,21.96,62.06,100,0,29.88,101.48,23.00,552.00,null,null,null
2023-08-05T02:49:27Z,21.96,62.02,99,0,30.85,101.47,22.00,546.00,null,null,null
2023-08-05T02:50:27Z,21.96,61.97,99,0,30.89,101.47,22.00,546.00,5,5,5
2023-08-05T02:51:27Z,21.97,61.92,99,0,31.22,101.47,21.00,540.00,null,null,null
2023-08-05T02:52:27Z,21.95,61.92,100,0,30.56,101.47,20.00,533.00,null,null,null
2023-08-05T02:53:27Z,21.96,61.96,99,0,30.04,101.47,19.00,529.00,null,null,null
2023-08-05T02:54:27Z,21.96,61.96,99,0,31.35,101.46,23.00,552.00,null,null,null
2023-08-05T02:55:27Z,21.93,61.94,99,0,30.14,101.46,23.00,552.00,3,5,5
2023-08-05T02:56:27Z,21.96,61.86,99,0,30.14,101.46,23.00,556.00,null,null,null
2023-08-05T02:57:27Z,21.97,61.79,100,0,29.68,101.46,21.00,540.00,null,null,null
2023-08-05T02:58:27Z,21.97,61.86,99,0,30.04,101.45,20.00,533.00,null,null,null
2023-08-05T02:59:27Z,21.97,61.83,99,0,30.85,101.46,19.00,529.00,null,null,null
