TIME,TEMP,HUM,BATT,LIGHT,NOISE_A,PRESS,CCS811_VOCS,CCS811_ECO2,PM_1,PM_25,PM_10
ISO 8601,C,%,%,Lux,dBA,kPa,ppb,ppm,ug/m3,ug/m3,ug/m3
Time,Temperature,Humidity,Battery,Light,Noise dBA,Barometric pressure,VOC Gas CCS811,eCO2 Gas CCS811,PM 1.0,PM 2.5,PM 10.0
,55,56,10,14,53,58,113,112,89,87,88
2023-08-19T00:00:03Z,23.29,73.71,100,0,31.31,101.00,67.00,846.00,17,21,21
2023-08-19T00:01:03Z,23.32,73.64,100,0,30.81,101.00,67.00,846.00,null,null,null
2023-08-19T00:02:03Z,23.35,73.56,100,0,31.38,101.00,67.00,846.00,null,null,null
2023-08-19T00:03:03Z,23.32,73.60,99,0,30.97,101.00,67.00,846.00,null,null,null
2023-08-19T00:04:03Z,23.32,73.60,100,0,31.06,101.00,67.00,840.00,null,null,null
2023-08-19T00:05:03Z,23.32,73.79,100,0,31.02,101.00,67.00,846.00,8,13,13
2023-08-19T00:06:03Z,23.31,73.79,100,0,31.00,101.00,66.00,838.00,null,null,null
2023-08-19T00:07:03Z,23.35,73.66,100,0,30.87,101.01,66.00,838.00,null,null,null
2023-08-19T00:08:03Z,23.35,73.74,100,0,31.30,101.01,67.00,846.00,null,null,null
2023-08-19T00:09:03Z,23.31,73.77,100,0,31.03,101.02,67.00,846.00,null,null,null
2023-08-19T00:10:03Z,23.33,73.70,100,0,32.45,101.03,66.00,834.00,9,12,12
2023-08-19T00:11:03Z,23.33,73.73,100,0,34.69,101.03,66.00,834.00,null,null,null
2023-08-19T00:12:03Z,23.33,73.71,100,0,30.74,101.03,70.00,863.00,null,null,null
2023-08-19T00:13:03Z,23.33,73.62,100,0,31.14,101.04,67.00,846.00,null,null,null
2023-08-19T00:14:03Z,23.32,73.69,100,0,30.69,101.04,67.00,846.00,null,null,null
2023-08-19T00:15:03Z,23.29,73.72,100,0,30.33,101.03,67.00,846.00,8,19,19
2023-08-19T00:16:03Z,23.32,73.76,100,0,31.02,101.04,67.00,840.00,null,null,null
2023-08-19T00:17:03Z,23.33,73.71,100,0,31.09,101.04,66.00,838.00,null,null,null
2023-08-19T00:18:03Z,23.33,73.73,100,0,30.91,101.04,67.00,846.00,null,null,null
2023-08-19T00:19:03Z,23.32,73.88,100,0,30.33,101.04,67.00,846.00,null,null,null
2023-08-19T00:20:03Z,23.31,73.79,100,0,30.91,101.04,66.00,838.00,8,15,15
2023-08-19T00:21:03Z,23.33,73.81,100,0,30.45,101.04,66.00,838.00,null,null,null
2023-08-19T00:22:03Z,23.35,73.77,100,0,31.39,101.04,66.00,838.00,null,null,null
2023-08-19T00:23:03Z,23.32,73.68,100,0,30.13,101.03,66.00,838.00,null,null,null
2023-08-19T00:24:03Z,23.31,73.77,100,0,30.66,101.03,67.00,846.00,null,null,null
2023-08-19T00:25:03Z,23.32,73.66,100,0,31.38,101.03,66.00,838.00,8,9,9
2023-08-19T00:26:03Z,23.31,73.94,100,0,30.31,101.03,67.00,846.00,null,null,null
2023-08-19T00:27:03Z,23.33,73.72,100,0,31.20,101.02,66.00,838.00,null,null,null
2023-08-19T00:28:03Z,23.32,73.80,100,0,30.75,101.02,67.00,846.00,null,null,null
2023-08-19T00:29:03Z,23.33,73.74,100,0,30.78,101.02,66.00,838.00,null,null,null
2023-08-19T00:30:03Z,23.31,73.78,100,0,30.59,101.01,67.00,846.00,11,23,23
2023-08-19T00:31:03Z,23.32,73.86,100,0,30.78,101.01,66.00,838.00,null,null,null
2023-08-19T00:32:03Z,23.33,73.86,100,0,32.12,101.00,66.00,834.00,null,null,null
2023-08-19T00:33:03Z,23.31,73.69,100,0,30.56,101.00,66.00,834.00,null,null,null
2023-08-19T00:34:03Z,23.31,73.88,100,0,31.20,101.00,66.00,838.00,null,null,null
2023-08-19T00:35:03Z,23.28,73.90,100,0,30.47,101.00,66.00,834.00,15,18,18
2023-08-19T00:36:03Z,23.29,73.96,99,0,30.71,101.01,66.00,834.00,null,null,null
2023-08-19T00:37:03Z,23.32,73.93,100,0,30.64,101.00,66.00,838.00,null,null,null
2023-08-19T00:38:03Z,23.32,73.89,100,0,30.71,101.00,66.00,838.00,null,null,null
2023-08-19T00:39:03Z,23.31,74.05,100,0,31.03,101.00,66.00,838.00,null,null,null
2023-08-19T00:40:03Z,23.31,73.75,100,0,30.60,100.99,66.00,838.00,11,13,13
2023-08-19T00:41:03Z,23.32,74.00,100,0,31.26,100.99,66.00,838.00,null,null,null
2023-08-19T00:42:03Z,23.32,73.83,100,0,31.51,100.99,66.00,838.00,null,null,null
2023-08-19T00:43:03Z,23.31,73.92,100,0,30.81,100.99,66.00,838.00,null,null,null
2023-08-19T00:44:03Z,23.32,73.82,100,0,30.49,100.98,66.00,838.00,null,null,null
2023-08-19T00:45:03Z,23.31,73.86,100,0,30.37,100.98,66.00,834.00,10,12,12
2023-08-19T00:46:03Z,23.31,73.87,100,0,31.25,100.98,66.00,834.00,null,null,null
2023-08-19T00:47:03Z,23.31,73.90,100,0,31.38,100.98,66.00,838.00,null,null,null
2023-08-19T00:48:03Z,23.32,73.86,100,0,30.60,100.98,66.00,838.00,null,null,null
2023-08-19T00:49:03Z,23.31,74.00,100,0,31.12,100.98,66.00,838.00,null,null,null
2023-08-19T00:50:03Z,23.31,73.90,100,0,30.75,100.97,66.00,838.00,7,10,26
2023-08-19T00:51:03Z,23.31,73.98,100,0,30.91,100.97,66.00,834.00,null,null,null
2023-08-19T00:52:03Z,23.31,73.86,99,0,31.20,100.98,66.00,834.00,null,null,null
2023-08-19T00:53:03Z,23.32,73.95,100,0,31.96,100.98,64.00,825.00,null,null,null
2023-08-19T00:54:03Z,23.31,73.79,100,0,32.29,100.98,64.00,825.00,null,null,null
2023-08-19T00:55:03Z,23.26,73.93,100,0,30.87,100.98,64.00,825.00,6,12,19
2023-08-19T00:56:03Z,23.29,73.99,99,0,30.84,100.99,64.00,825.00,null,null,null
2023-08-19T00:57:03Z,23.32,73.92,100,0,30.58,100.99,66.00,834.00,null,null,null
2023-08-19T00:58:03Z,23.32,73.84,100,0,31.35,100.99,66.00,834.00,null,null,null
2023-08-19T00:59:03Z,23.32,73.80,100,0,30.54,100.99,66.00,834.00,null,null,null
2023-08-19T01:00:03Z,23.29,74.02,100,0,30.91,100.99,66.00,834.00,8,10,10
2023-08-19T01:01:03Z,23.31,73.88,100,0,31.29,100.99,64.00,825.00,null,null,null
2023-08-19T01:02:03Z,23.32,73.83,100,0,31.01,100.99,66.00,834.00,null,null,null
2023-08-19T01:03:03Z,23.32,73.83,100,0,31.18,100.99,66.00,834.00,null,null,null
2023-08-19T01:04:03Z,23.31,73.88,99,0,30.74,101.00,64.00,825.00,null,null,null
2023-08-19T01:05:03Z,23.29,73.96,100,0,30.66,101.00,64.00,825.00,12,12,12
2023-08-19T01:06:03Z,23.31,73.88,100,0,30.57,101.00,66.00,834.00,null,null,null
2023-08-19T01:07:03Z,23.32,73.84,100,0,31.64,101.00,66.00,834.00,null,null,null
2023-08-19T01:08:03Z,23.32,73.97,100,0,30.73,101.00,66.00,834.00,null,null,null
2023-08-19T01:09:03Z,23.31,73.87,100,0,31.13,101.00,64.00,825.00,null,null,null
2023-08-19T01:10:03Z,23.31,73.94,100,0,31.09,100.99,64.00,825.00,10,12,12
2023-08-19T01:11:03Z,23.31,73.96,100,0,30.77,100.99,64.00,825.00,null,null,null
2023-08-19T01:12:03Z,23.29,73.90,100,0,30.57,100.99,64.00,825.00,null,null,null
2023-08-19T01:13:03Z,23.31,73.93,100,0,30.94,100.99,66.00,834.00,null,null,null
2023-08-19T01:14:03Z,23.31,74.05,100,0,30.50,100.98,64.00,825.00,null,null,null
2023-08-19T01:15:03Z,23.29,74.00,100,0,32.48,100.99,63.00,815.00,4,8,19
2023-08-19T01:16:03Z,23.32,73.96,100,0,34.56,100.99,63.00,815.00,null,null,null
2023-08-19T01:17:03Z,23.29,73.93,100,0,30.97,100.99,63.00,815.00,null,null,null
2023-08-19T01:18:03Z,23.32,73.94,100,0,30.85,100.99,64.00,825.00,null,null,null
2023-08-19T01:19:03Z,23.28,73.85,100,0,31.48,100.99,64.00,825.00,null,null,null
2023-08-19T01:20:03Z,23.26,73.93,100,0,30.92,101.00,64.00,825.00,11,12,12
2023-08-19T01:21:03Z,23.33,73.96,100,0,30.53,101.00,63.00,815.00,null,null,null
2023-08-19T01:22:03Z,23.31,73.92,100,0,30.20,101.00,64.00,825.00,null,null,null
2023-08-19T01:23:03Z,23.29,73.85,100,0,30.44,101.00,64.00,825.00,null,null,null
2023-08-19T01:24:03Z,23.28,73.89,100,0,31.32,100.99,64.00,825.00,null,null,null
2023-08-19T01:25:03Z,23.29,73.97,100,0,30.92,101.00,64.00,825.00,9,18,18
2023-08-19T01:26:03Z,23.29,74.00,99,0,30.39,101.01,64.00,825.00,null,null,null
2023-08-19T01:27:03Z,23.32,73.95,100,0,30.67,101.00,64.00,825.00,null,null,null
2023-08-19T01:28:03Z,23.29,73.93,100,0,30.95,100.99,64.00,825.00,null,null,null
2023-08-19T01:29:03Z,23.29,73.87,100,0,30.64,101.00,64.00,825.00,null,null,null
2023-08-19T01:30:03Z,23.28,73.88,100,0,31.19,101.00,64.00,825.00,5,15,15
2023-08-19T01:31:03Z,23.29,74.02,100,0,30.33,101.01,63.00,815.00,null,null,null
2023-08-19T01:32:03Z,23.31,73.96,100,0,30.53,101.00,63.00,815.00,null,null,null
2023-08-19T01:33:03Z,23.31,74.06,100,0,30.90,101.00,63.00,815.00,null,null,null
2023-08-19T01:34:03Z,23.26,73.97,100,0,31.06,101.01,63.00,815.00,null,null,null
2023-08-19T01:35:03Z,23.26,73.95,100,0,30.66,101.02,63.00,815.00,13,16,32
2023-08-19T01:36:03Z,23.28,73.87,100,0,31.12,101.02,63.00,815.00,null,null,null
2023-08-19T01:37:03Z,23.31,74.01,100,0,32.29,101.02,63.00,815.00,null,null,null
2023-08-19T01:38:03Z,23.29,73.88,100,0,34.85,101.01,63.00,815.00,null,null,null
2023-08-19T01:39:03Z,23.29,73.93,100,0,30.46,100.99,64.00,825.00,null,null,null
2023-08-19T01:40:03Z,23.29,73.87,100,0,30.85,101.00,63.00,815.00,9,9,9
2023-08-19T01:41:03Z,23.31,73.97,100,0,30.45,101.00,62.00,808.00,null,null,null
2023-08-19T01:42:03Z,23.29,74.05,100,0,30.69,101.00,63.00,815.00,null,null,null
2023-08-19T01:43:03Z,23.29,73.96,100,0,30.77,101.00,63.00,815.00,null,null,null
2023-08-19T01:44:03Z,23.29,73.95,100,0,31.16,101.01,63.00,815.00,null,null,null
2023-08-19T01:45:03Z,23.28,73.92,100,0,31.07,101.00,63.00,815.00,8,10,10
2023-08-19T01:46:03Z,23.29,73.99,100,0,31.05,101.00,63.00,815.00,null,null,null
2023-08-19T01:47:03Z,23.33,73.90,100,0,31.17,101.00,63.00,815.00,null,null,null
2023-08-19T01:48:03Z,23.28,73.89,100,0,30.74,101.00,63.00,815.00,null,null,null
2023-08-19T01:49:03Z,23.29,73.91,100,0,31.41,101.00,63.00,815.00,null,null,null
2023-08-19T01:50:03Z,23.29,73.90,100,0,30.21,101.00,63.00,815.00,4,9,9
2023-08-19T01:51:03Z,23.31,73.94,100,0,30.67,101.00,63.00,815.00,null,null,null
2023-08-19T01:52:03Z,23.29,73.81,100,0,30.59,101.00,63.00,815.00,null,null,null
2023-08-19T01:53:03Z,23.26,73.89,100,0,30.93,101.00,63.00,815.00,null,null,null
2023-08-19T01:54:03Z,23.26,73.87,100,0,31.20,101.01,63.00,815.00,null,null,null
2023-08-19T01:55:03Z,23.29,73.82,99,0,30.88,101.00,63.00,815.00,5,12,12
2023-08-19T01:56:03Z,23.29,73.83,100,0,31.59,101.01,63.00,815.00,null,null,null
2023-08-19T01:57:03Z,23.29,73.86,100,0,31.07,101.00,63.00,815.00,null,null,null
2023-08-19T01:58:03Z,23.28,73.90,100,0,30.70,101.00,62.00,808.00,null,null,null
2023-08-19T01:59:03Z,23.28,73.79,100,0,32.91,101.00,62.00,808.00,null,null,null
2023-08-19T02:00:03Z,23.26,73.80,100,0,31.07,101.00,62.00,808.00,8,15,15
2023-08-19T02:01:03Z,23.29,73.88,100,0,31.06,101.00,62.00,808.00,null,null,null
2023-08-19T02:02:03Z,23.31,73.81,100,0,31.45,101.00,62.00,808.00,null,null,null
2023-08-19T02:03:03Z,23.31,73.83,100,0,30.81,101.00,62.00,808.00,null,null,null
2023-08-19T02:04:03Z,23.28,73.83,100,0,30.26,101.00,62.00,808.00,null,null,null
2023-08-19T02:05:03Z,23.28,73.83,100,0,30.55,101.00,62.00,808.00,5,8,8
2023-08-19T02:06:03Z,23.26,73.78,100,0,30.96,101.00,60.00,800.00,null,null,null
2023-08-19T02:07:03Z,23.31,73.84,100,0,30.92,101.00,62.00,808.00,null,null,null
2023-08-19T02:08:03Z,23.28,73.70,100,0,30.29,101.00,62.00,808.00,null,null,null
2023-08-19T02:09:03Z,23.29,73.83,99,0,30.94,101.00,63.00,815.00,null,null,null
2023-08-19T02:10:03Z,23.23,73.80,100,0,31.74,101.00,60.00,800.00,13,17,17
2023-08-19T02:11:03Z,23.29,73.86,100,0,31.03,101.01,65.00,832.00,null,null,null
2023-08-19T02:12:03Z,23.29,73.74,100,0,31.18,101.01,62.00,808.00,null,null,null
2023-08-19T02:13:03Z,23.28,73.70,100,0,31.09,101.01,63.00,815.00,null,null,null
2023-08-19T02:14:03Z,23.28,73.88,100,0,32.19,101.00,63.00,815.00,null,null,null
2023-08-19T02:15:03Z,23.28,73.83,100,0,32.39,101.00,60.00,800.00,8,12,18
2023-08-19T02:16:03Z,23.28,73.75,100,0,31.35,101.00,62.00,808.00,null,null,null
2023-08-19T02:17:03Z,23.26,73.72,100,0,32.31,101.00,60.00,800.00,null,null,null
2023-08-19T02:18:03Z,23.26,73.72,100,0,30.56,101.00,61.00,806.00,null,null,null
2023-08-19T02:19:03Z,23.26,73.78,100,0,30.39,101.01,61.00,806.00,null,null,null
2023-08-19T02:20:03Z,23.26,73.63,100,0,32.69,101.00,59.00,791.00,10,13,13
2023-08-19T02:21:03Z,23.28,73.70,100,0,34.54,101.00,60.00,798.00,null,null,null
2023-08-19T02:22:03Z,23.29,73.58,100,0,30.47,101.00,60.00,798.00,null,null,null
2023-08-19T02:23:03Z,23.29,73.77,100,0,30.92,101.01,61.00,806.00,null,null,null
2023-08-19T02:24:03Z,23.26,73.72,100,0,31.01,101.00,60.00,800.00,null,null,null
2023-08-19T02:25:03Z,23.28,73.72,100,0,30.83,101.00,60.00,798.00,7,8,8
2023-08-19T02:26:03Z,23.29,73.76,100,0,30.48,101.00,59.00,791.00,null,null,null
2023-08-19T02:27:03Z,23.29,73.78,100,0,31.10,101.00,59.00,791.00,null,null,null
2023-08-19T02:28:03Z,23.29,73.74,100,0,31.25,101.00,59.00,791.00,null,null,null
2023-08-19T02:29:03Z,23.26,73.72,99,0,30.78,100.99,59.00,791.00,null,null,null
2023-08-19T02:30:03Z,23.25,73.66,100,0,30.62,101.00,60.00,798.00,6,10,10
2023-08-19T02:31:03Z,23.29,73.73,100,0,30.95,101.00,60.00,798.00,null,null,null
2023-08-19T02:32:03Z,23.28,73.65,100,0,30.91,101.00,60.00,798.00,null,null,null
2023-08-19T02:33:03Z,23.26,73.69,100,0,30.35,101.00,60.00,798.00,null,null,null
2023-08-19T02:34:03Z,23.26,73.66,100,0,30.43,101.00,59.00,791.00,null,null,null
2023-08-19T02:35:03Z,23.26,73.66,100,0,31.09,101.00,59.00,791.00,10,11,11
2023-08-19T02:36:03Z,23.26,73.70,100,0,30.90,101.00,59.00,791.00,null,null,null
2023-08-19T02:37:03Z,23.28,73.65,100,0,32.37,101.00,59.00,791.00,null,null,null
2023-08-19T02:38:03Z,23.28,73.58,100,0,31.66,101.00,59.00,791.00,null,null,null
2023-08-19T02:39:03Z,23.25,73.66,100,0,30.92,101.00,59.00,791.00,null,null,null
2023-08-19T02:40:03Z,23.25,73.68,100,0,30.48,101.00,57.00,780.00,6,10,10
2023-08-19T02:41:03Z,23.26,73.65,100,0,31.10,101.00,59.00,791.00,null,null,null
2023-08-19T02:42:03Z,23.28,73.53,100,0,33.30,101.01,57.00,780.00,null,null,null
2023-08-19T02:43:03Z,23.25,73.57,100,0,34.51,101.01,57.00,780.00,null,null,null
2023-08-19T02:44:03Z,23.25,73.59,100,0,30.59,101.01,59.00,791.00,null,null,null
2023-08-19T02:45:03Z,23.23,73.62,100,0,31.39,101.01,59.00,791.00,11,12,12
2023-08-19T02:46:03Z,23.26,73.57,100,0,31.48,101.01,61.00,802.00,null,null,null
2023-08-19T02:47:03Z,23.28,73.48,100,0,31.39,101.00,59.00,791.00,null,null,null
2023-08-19T02:48:03Z,23.25,73.51,100,0,31.20,101.00,59.00,791.00,null,null,null
2023-08-19T02:49:03Z,23.26,73.54,100,0,31.35,101.01,59.00,791.00,null,null,null
2023-08-19T02:50:03Z,23.25,73.58,100,0,31.08,101.00,57.00,780.00,9,11,11
2023-08-19T02:51:03Z,23.25,73.59,100,0,31.19,101.00,57.00,780.00,null,null,null
2023-08-19T02:52:03Z,23.25,73.54,100,0,31.28,101.01,57.00,780.00,null,null,null
2023-08-19T02:53:03Z,23.26,73.58,100,0,30.67,101.01,57.00,780.00,null,null,null
2023-08-19T02:54:03Z,23.25,73.59,100,0,30.41,101.01,57.00,780.00,null,null,null
2023-08-19T02:55:03Z,23.22,73.53,100,0,30.99,101.01,57.00,780.00,5,11,11
2023-08-19T02:56:03Z,23.26,73.59,100,0,30.56,101.01,61.00,802.00,null,null,null
2023-08-19T02:57:03Z,23.23,73.55,100,0,30.79,101.01,57.00,780.00,null,null,null
2023-08-19T02:58:03Z,23.23,73.54,100,0,31.18,101.01,61.00,802.00,null,null,null
2023-08-19T02:59:03Z,23.22,73.48,100,0,31.58,101.02,61.00,802.00,null,null,null
