TIME,TEMP,HUM,BATT,LIGHT,NOISE_A,PRESS,CCS811_VOCS,CCS811_ECO2,PM_1,PM_25,PM_10
ISO 8601,C,%,%,Lux,dBA,kPa,ppb,ppm,ug/m3,ug/m3,ug/m3
Time,Temperature,Humidity,Battery,Light,Noise dBA,Barometric pressure,VOC Gas CCS811,eCO2 Gas CCS811,PM 1.0,PM 2.5,PM 10.0
,55,56,10,14,53,58,113,112,89,87,88
2023-09-02T00:00:03Z,22.33,72.99,100,0,45.08,101.73,194.00,1533.00,2,4,4
2023-09-02T00:01:03Z,22.37,73.05,100,0,50.19,101.72,191.00,1529.00,null,null,null
2023-09-02T00:02:03Z,22.36,73.18,100,0,37.61,101.73,191.00,1529.00,null,null,null
2023-09-02T00:03:03Z,22.37,73.21,100,0,43.49,101.73,194.00,1533.00,null,null,null
2023-09-02T00:04:03Z,22.36,72.93,100,0,56.81,101.73,191.00,1529.00,null,null,null
2023-09-02T00:05:03Z,22.35,72.95,100,0,46.13,101.74,194.00,1533.00,2,2,13
2023-09-02T00:06:03Z,22.36,72.89,100,0,35.80,101.73,191.00,1529.00,null,null,null
2023-09-02T00:07:03Z,22.37,72.92,100,0,49.22,101.73,191.00,1529.00,null,null,null
2023-09-02T00:08:03Z,22.36,72.95,100,0,49.67,101.74,191.00,1529.00,null,null,null
2023-09-02T00:09:03Z,22.37,72.88,100,0,38.42,101.74,194.00,1533.00,null,null,null
2023-09-02T00:10:03Z,22.36,72.93,100,0,41.07,101.74,191.00,1529.00,7,7,7
2023-09-02T00:11:03Z,22.39,72.94,100,0,47.28,101.74,188.00,1525.00,null,null,null
2023-09-02T00:12:03Z,22.37,72.88,100,0,49.97,101.74,191.00,1529.00,null,null,null
2023-09-02T00:13:03Z,22.37,72.84,100,0,50.25,101.73,191.00,1529.00,null,null,null
2023-09-02T00:14:03Z,22.40,72.78,100,0,43.52,101.74,188.00,1525.00,null,null,null
2023-09-02T00:15:03Z,22.39,73.00,100,0,47.52,101.74,191.00,1529.00,2,2,2
2023-09-02T00:16:03Z,22.40,72.83,100,0,50.09,101.74,188.00,1525.00,null,null,null
2023-09-02T00:17:03Z,22.40,72.86,100,0,43.63,101.73,188.00,1525.00,null,null,null
2023-09-02T00:18:03Z,22.40,72.92,100,0,47.81,101.73,188.00,1525.00,null,null,null
2023-09-02T00:19:03Z,22.39,72.98,100,0,38.51,101.74,188.00,1525.00,null,null,null
2023-09-02T00:20:03Z,22.40,72.82,100,0,47.58,101.74,186.00,1521.00,5,7,7
2023-09-02T00:21:03Z,22.43,72.88,100,0,46.10,101.74,182.00,1516.00,null,null,null
2023-09-02T00:22:03Z,22.40,72.71,100,0,49.87,101.75,186.00,1521.00,null,null,null
2023-09-02T00:23:03Z,22.41,72.78,100,0,34.72,101.75,184.00,1519.00,null,null,null
2023-09-02T00:24:03Z,22.40,72.78,100,0,47.64,101.75,182.00,1516.00,null,null,null
2023-09-02T00:25:03Z,22.40,72.81,100,0,45.99,101.76,182.00,1516.00,2,3,3
2023-09-02T00:26:03Z,22.43,73.13,100,0,38.83,101.75,182.00,1516.00,null,null,null
2023-09-02T00:27:03Z,22.44,72.80,100,0,40.92,101.76,177.00,1507.00,null,null,null
2023-09-02T00:28:03Z,22.44,72.86,100,0,47.08,101.76,177.00,1507.00,null,null,null
2023-09-02T00:29:03Z,22.43,73.05,100,0,47.05,101.76,177.00,1507.00,null,null,null
2023-09-02T00:30:03Z,22.41,72.73,100,0,50.70,101.76,177.00,1507.00,2,2,2
2023-09-02T00:31:03Z,22.44,72.89,100,0,45.29,101.76,176.00,1506.00,null,null,null
2023-09-02T00:32:03Z,22.44,72.75,100,0,52.96,101.76,174.00,1503.00,null,null,null
2023-09-02T00:33:03Z,22.44,72.83,100,0,50.27,101.76,174.00,1503.00,null,null,null
2023-09-02T00:34:03Z,22.44,72.66,100,0,53.08,101.76,170.00,1498.00,null,null,null
2023-09-02T00:35:03Z,22.44,72.92,100,0,46.69,101.76,172.00,1501.00,8,10,10
2023-09-02T00:36:03Z,22.40,72.98,100,0,45.83,101.75,170.00,1498.00,null,null,null
2023-09-02T00:37:03Z,22.46,72.87,100,0,49.84,101.75,170.00,1498.00,null,null,null
2023-09-02T00:38:03Z,22.44,72.82,100,0,42.50,101.76,168.00,1494.00,null,null,null
2023-09-02T00:39:03Z,22.46,72.78,100,0,31.61,101.76,168.00,1494.00,null,null,null
2023-09-02T00:40:03Z,22.43,72.75,100,0,31.28,101.76,165.00,1487.00,2,2,2
2023-09-02T00:41:03Z,22.47,72.74,100,0,31.20,101.75,165.00,1487.00,null,null,null
2023-09-02T00:42:03Z,22.44,72.78,100,0,30.76,101.76,163.00,1474.00,null,null,null
2023-09-02T00:43:03Z,22.46,72.65,100,0,31.21,101.75,158.00,1441.00,null,null,null
2023-09-02T00:44:03Z,22.44,72.69,100,0,31.40,101.76,161.00,1458.00,null,null,null
2023-09-02T00:45:03Z,22.46,72.68,100,0,31.88,101.75,161.00,1458.00,8,8,8
2023-09-02T00:46:03Z,22.47,72.69,100,0,31.13,101.75,157.00,1436.00,null,null,null
2023-09-02T00:47:03Z,22.47,72.67,100,0,33.40,101.75,156.00,1429.00,null,null,null
2023-09-02T00:48:03Z,22.47,72.71,100,0,33.62,101.75,152.00,1404.00,null,null,null
2023-09-02T00:49:03Z,22.44,72.61,100,0,33.56,101.74,152.00,1404.00,null,null,null
2023-09-02T00:50:03Z,22.43,72.74,100,0,31.61,101.75,152.00,1404.00,4,4,4
2023-09-02T00:51:03Z,22.47,72.69,100,0,30.94,101.74,150.00,1389.00,null,null,null
2023-09-02T00:52:03Z,22.48,72.64,100,0,32.03,101.74,152.00,1404.00,null,null,null
2023-09-02T00:53:03Z,22.46,72.63,100,0,41.19,101.74,152.00,1404.00,null,null,null
2023-09-02T00:54:03Z,22.47,72.73,100,0,31.59,101.74,152.00,1404.00,null,null,null
2023-09-02T00:55:03Z,22.47,72.62,100,0,32.48,101.74,156.00,1429.00,4,4,4
2023-09-02T00:56:03Z,22.48,72.73,100,0,30.72,101.74,152.00,1404.00,null,null,null
2023-09-02T00:57:03Z,22.47,72.60,100,0,31.02,101.73,150.00,1389.00,null,null,null
2023-09-02T00:58:03Z,22.47,72.66,100,0,31.52,101.73,150.00,1389.00,null,null,null
2023-09-02T00:59:03Z,22.44,72.64,100,0,30.89,101.73,150.00,1389.00,null,null,null
2023-09-02T01:00:03Z,22.46,72.66,100,0,31.35,101.73,150.00,1389.00,4,6,6
2023-09-02T01:01:03Z,22.47,72.72,100,0,31.52,101.72,148.00,1372.00,null,null,null
2023-09-02T01:02:03Z,22.48,72.56,100,0,31.37,101.72,148.00,1372.00,null,null,null
2023-09-02T01:03:03Z,22.50,72.70,100,0,31.05,101.72,148.00,1372.00,null,null,null
2023-09-02T01:04:03Z,22.48,72.61,100,0,31.18,101.72,148.00,1372.00,null,null,null
2023-09-02T01:05:03Z,22.44,72.60,100,0,31.04,101.72,146.00,1364.00,3,4,4
2023-09-02T01:06:03Z,22.48,72.67,100,0,36.63,101.72,146.00,1364.00,null,null,null
2023-09-02T01:07:03Z,22.48,72.56,100,0,31.01,101.72,146.00,1364.00,null,null,null
2023-09-02T01:08:03Z,22.47,72.65,100,0,31.28,101.72,143.00,1341.00,null,null,null
2023-09-02T01:09:03Z,22.47,72.56,100,0,32.88,101.72,143.00,1341.00,null,null,null
2023-09-02T01:10:03Z,22.47,72.61,100,0,33.54,101.72,140.00,1324.00,4,7,7
2023-09-02T01:11:03Z,22.47,72.61,100,0,33.78,101.72,140.00,1324.00,null,null,null
2023-09-02T01:12:03Z,22.50,72.56,100,0,31.59,101.72,140.00,1324.00,null,null,null
2023-09-02T01:13:03Z,22.48,72.50,100,0,31.71,101.72,140.00,1324.00,null,null,null
2023-09-02T01:14:03Z,22.47,72.56,100,0,41.04,101.71,140.00,1324.00,null,null,null
2023-09-02T01:15:03Z,22.47,72.50,100,0,31.95,101.72,138.00,1310.00,6,6,6
2023-09-02T01:16:03Z,22.48,72.63,100,0,31.45,101.71,136.00,1295.00,null,null,null
2023-09-02T01:17:03Z,22.51,72.46,100,0,33.66,101.71,138.00,1310.00,null,null,null
2023-09-02T01:18:03Z,22.50,72.46,100,0,31.02,101.72,136.00,1295.00,null,null,null
2023-09-02T01:19:03Z,22.48,72.47,100,0,33.37,101.71,133.00,1277.00,null,null,null
2023-09-02T01:20:03Z,22.47,72.41,100,0,31.41,101.72,133.00,1277.00,3,3,3
2023-09-02T01:21:03Z,22.50,72.41,100,0,33.28,101.72,131.00,1266.00,null,null,null
2023-09-02T01:22:03Z,22.50,72.44,100,0,30.60,101.72,131.00,1266.00,null,null,null
2023-09-02T01:23:03Z,22.48,72.45,100,0,41.47,101.71,129.00,1252.00,null,null,null
2023-09-02T01:24:03Z,22.48,72.41,100,0,31.60,101.72,129.00,1252.00,null,null,null
2023-09-02T01:25:03Z,22.48,72.49,100,0,45.84,101.71,129.00,1252.00,3,4,4
2023-09-02T01:26:03Z,22.51,72.46,100,0,32.64,101.72,129.00,1252.00,null,null,null
2023-09-02T01:27:03Z,22.51,72.40,100,0,33.68,101.72,127.00,1238.00,null,null,null
2023-09-02T01:28:03Z,22.53,72.49,100,0,32.94,101.72,124.00,1220.00,null,null,null
2023-09-02T01:29:03Z,22.48,72.47,100,0,31.46,101.71,124.00,1220.00,null,null,null
2023-09-02T01:30:03Z,22.47,72.47,100,0,32.98,101.72,124.00,1220.00,4,4,11
2023-09-02T01:31:03Z,22.48,72.55,100,0,33.11,101.72,121.00,1195.00,null,null,null
2023-09-02T01:32:03Z,22.50,72.44,100,0,32.75,101.72,121.00,1195.00,null,null,null
2023-09-02T01:33:03Z,22.50,72.44,100,0,31.48,101.72,122.00,1207.00,null,null,null
2023-09-02T01:34:03Z,22.51,72.47,100,0,31.33,101.71,122.00,1207.00,null,null,null
2023-09-02T01:35:03Z,22.48,72.45,100,0,31.28,101.71,122.00,1207.00,3,3,14
2023-09-02T01:36:03Z,22.48,72.56,100,0,31.84,101.72,121.00,1195.00,null,null,null
2023-09-02T01:37:03Z,22.51,72.52,100,0,31.26,101.72,121.00,1195.00,null,null,null
2023-09-02T01:38:03Z,22.51,72.45,100,0,44.87,101.73,121.00,1195.00,null,null,null
2023-09-02T01:39:03Z,22.50,72.46,100,0,31.80,101.72,121.00,1195.00,null,null,null
2023-09-02T01:40:03Z,22.50,72.48,100,0,30.85,101.72,118.00,1181.00,3,3,3
2023-09-02T01:41:03Z,22.51,72.58,100,0,31.44,101.73,118.00,1181.00,null,null,null
2023-09-02T01:42:03Z,22.51,72.49,100,0,31.31,101.73,118.00,1181.00,null,null,null
2023-09-02T01:43:03Z,22.51,72.44,100,0,30.97,101.73,118.00,1181.00,null,null,null
2023-09-02T01:44:03Z,22.50,72.48,100,0,31.72,101.73,118.00,1181.00,null,null,null
2023-09-02T01:45:03Z,22.50,72.52,100,0,31.02,101.73,118.00,1181.00,4,7,7
2023-09-02T01:46:03Z,22.48,72.53,100,0,31.28,101.74,118.00,1181.00,null,null,null
2023-09-02T01:47:03Z,22.50,72.61,100,0,31.15,101.73,117.00,1168.00,null,null,null
2023-09-02T01:48:03Z,22.53,72.49,100,0,43.83,101.74,117.00,1168.00,null,null,null
2023-09-02T01:49:03Z,22.51,72.54,100,0,38.36,101.74,114.00,1153.00,null,null,null
2023-09-02T01:50:03Z,22.50,72.55,100,0,30.90,101.74,117.00,1168.00,2,2,13
2023-09-02T01:51:03Z,22.50,72.50,100,0,31.00,101.74,114.00,1153.00,null,null,null
2023-09-02T01:52:03Z,22.54,72.51,100,0,33.57,101.74,112.00,1140.00,null,null,null
2023-09-02T01:53:03Z,22.51,72.50,100,0,37.57,101.73,112.00,1140.00,null,null,null
2023-09-02T01:54:03Z,22.50,72.56,100,0,31.62,101.73,112.00,1140.00,null,null,null
2023-09-02T01:55:03Z,22.47,72.56,100,0,31.17,101.73,114.00,1153.00,4,6,6
2023-09-02T01:56:03Z,22.50,72.66,100,0,38.64,101.73,112.00,1140.00,null,null,null
2023-09-02T01:57:03Z,22.53,72.52,100,0,30.89,101.73,112.00,1140.00,null,null,null
2023-09-02T01:58:03Z,22.51,72.60,100,0,51.55,101.74,112.00,1140.00,null,null,null
2023-09-02T01:59:03Z,22.53,72.60,100,0,31.58,101.74,112.00,1140.00,null,null,null
2023-09-02T02:00:03Z,22.51,72.57,100,0,31.73,101.74,112.00,1140.00,5,5,5
2023-09-02T02:01:03Z,22.51,72.62,100,0,35.91,101.75,112.00,1140.00,null,null,null
2023-09-02T02:02:03Z,22.54,72.61,100,0,33.59,101.74,112.00,1140.00,null,null,null
2023-09-02T02:03:03Z,22.51,72.55,100,0,31.62,101.74,112.00,1140.00,null,null,null
2023-09-02T02:04:03Z,22.50,72.53,100,0,37.62,101.74,112.00,1140.00,null,null,null
2023-09-02T02:05:03Z,22.50,72.57,100,0,30.97,101.74,112.00,1140.00,5,10,10
2023-09-02T02:06:03Z,22.51,72.58,100,0,32.61,101.74,111.00,1134.00,null,null,null
2023-09-02T02:07:03Z,22.53,72.55,100,0,42.47,101.74,111.00,1134.00,null,null,null
2023-09-02T02:08:03Z,22.51,72.53,100,0,31.52,101.74,111.00,1134.00,null,null,null
2023-09-02T02:09:03Z,22.53,72.55,100,0,35.07,101.74,111.00,1134.00,null,null,null
2023-09-02T02:10:03Z,22.48,72.53,100,0,30.80,101.74,111.00,1134.00,5,5,5
2023-09-02T02:11:03Z,22.50,72.54,100,0,33.97,101.74,111.00,1134.00,null,null,null
2023-09-02T02:12:03Z,22.50,72.52,100,0,31.00,101.75,111.00,1134.00,null,null,null
2023-09-02T02:13:03Z,22.48,72.44,100,0,33.37,101.74,108.00,1113.00,null,null,null
2023-09-02T02:14:03Z,22.51,72.51,100,0,34.79,101.75,108.00,1113.00,null,null,null
2023-09-02T02:15:03Z,22.50,72.53,100,0,30.99,101.75,112.00,1140.00,2,3,3
2023-09-02T02:16:03Z,22.53,72.54,100,0,32.10,101.75,108.00,1113.00,null,null,null
2023-09-02T02:17:03Z,22.51,72.49,100,0,31.86,101.75,111.00,1134.00,null,null,null
2023-09-02T02:18:03Z,22.51,72.53,100,0,31.63,101.75,111.00,1134.00,null,null,null
2023-09-02T02:19:03Z,22.51,72.45,100,0,31.02,101.75,108.00,1113.00,null,null,null
2023-09-02T02:20:03Z,22.51,72.54,100,0,33.38,101.76,111.00,1134.00,7,8,8
2023-09-02T02:21:03Z,22.51,72.53,100,0,31.82,101.76,108.00,1113.00,null,null,null
2023-09-02T02:22:03Z,22.53,72.47,100,0,31.34,101.76,111.00,1134.00,null,null,null
2023-09-02T02:23:03Z,22.51,72.49,100,0,30.78,101.76,108.00,1113.00,null,null,null
2023-09-02T02:24:03Z,22.54,72.51,100,0,31.02,101.76,108.00,1113.00,null,null,null
2023-09-02T02:25:03Z,22.51,72.50,100,0,31.29,101.76,108.00,1113.00,8,9,9
2023-09-02T02:26:03Z,22.51,72.50,100,0,31.24,101.76,108.00,1113.00,null,null,null
2023-09-02T02:27:03Z,22.51,72.50,100,0,31.31,101.76,108.00,1113.00,null,null,null
2023-09-02T02:28:03Z,22.53,72.49,100,0,32.37,101.76,106.00,1102.00,null,null,null
2023-09-02T02:29:03Z,22.51,72.51,100,0,31.74,101.77,106.00,1102.00,null,null,null
2023-09-02T02:30:03Z,22.48,72.52,100,0,32.37,101.77,106.00,1102.00,4,4,4
2023-09-02T02:31:03Z,22.51,72.49,100,0,32.44,101.77,106.00,1102.00,null,null,null
2023-09-02T02:32:03Z,22.53,72.40,100,0,31.50,101.77,106.00,1102.00,null,null,null
2023-09-02T02:33:03Z,22.54,72.43,100,0,31.50,101.77,106.00,1102.00,null,null,null
2023-09-02T02:34:03Z,22.50,72.43,100,0,33.76,101.78,105.00,1090.00,null,null,null
2023-09-02T02:35:03Z,22.51,72.40,100,0,34.93,101.78,105.00,1090.00,4,9,9
2023-09-02T02:36:03Z,22.51,72.42,100,0,31.37,101.77,106.00,1102.00,null,null,null
2023-09-02T02:37:03Z,22.53,72.38,100,0,30.46,101.78,105.00,1090.00,null,null,null
2023-09-02T02:38:03Z,22.54,72.35,100,0,31.59,101.78,105.00,1090.00,null,null,null
2023-09-02T02:39:03Z,22.51,72.35,100,0,31.05,101.78,105.00,1090.00,null,null,null
2023-09-02T02:40:03Z,22.51,72.37,100,0,30.93,101.78,104.00,1083.00,4,5,5
2023-09-02T02:41:03Z,22.54,72.36,100,0,31.72,101.77,104.00,1083.00,null,null,null
2023-09-02T02:42:03Z,22.54,72.36,100,0,31.57,101.77,104.00,1083.00,null,null,null
2023-09-02T02:43:03Z,22.53,72.34,100,0,31.32,101.77,104.00,1083.00,null,null,null
2023-09-02T02:44:03Z,22.54,72.34,100,0,30.51,101.77,104.00,1083.00,null,null,null
2023-09-02T02:45:03Z,22.53,72.37,100,0,31.56,101.77,104.00,1083.00,2,2,2
2023-09-02T02:46:03Z,22.54,72.34,100,0,30.98,101.77,104.00,1083.00,null,null,null
2023-09-02T02:47:03Z,22.53,72.28,100,0,31.19,101.77,105.00,1090.00,null,null,null
2023-09-02T02:48:03Z,22.54,72.28,100,0,31.12,101.77,105.00,1090.00,null,null,null
2023-09-02T02:49:03Z,22.51,72.38,100,0,31.02,101.77,106.00,1102.00,null,null,null
2023-09-02T02:50:03Z,22.53,72.30,100,0,31.12,101.77,106.00,1102.00,2,2,13
2023-09-02T02:51:03Z,22.56,72.29,100,0,31.24,101.76,106.00,1102.00,null,null,null
2023-09-02T02:52:03Z,22.57,72.16,100,0,31.00,101.76,108.00,1113.00,null,null,null
2023-09-02T02:53:03Z,22.56,72.25,100,0,31.66,101.76,110.00,1125.00,null,null,null
2023-09-02T02:54:03Z,22.54,72.29,100,0,31.64,101.76,111.00,1134.00,null,null,null
2023-09-02T02:55:03Z,22.53,72.25,100,0,32.77,101.76,108.00,1113.00,2,2,2
2023-09-02T02:56:03Z,22.54,72.29,100,0,35.45,101.76,108.00,1113.00,null,null,null
2023-09-02T02:57:03Z,22.57,72.29,100,0,30.85,101.76,112.00,1140.00,null,null,null
2023-09-02T02:58:03Z,22.56,72.25,100,0,31.30,101.76,111.00,1134.00,null,null,null
2023-09-02T02:59:03Z,22.54,72.26,100,0,31.71,101.76,111.00,1134.00,null,null,null
